[0,14,[[1,0],[128,0],]]
[1,14,[[2,0],[0,0],[129,0],[128,0],]]
[2,19,[[1,0],[3,0],[130,0],]]
[3,9,[[4,0],[2,0],[131,0],[130,0],]]
[4,10,[[3,0],[5,0],[132,0],]]
[5,18,[[6,0],[4,0],[133,0],[132,0],]]
[6,4,[[5,0],[7,0],[134,0],]]
[7,8,[[8,0],[6,0],[135,0],[134,0],]]
[8,6,[[7,0],[9,0],[136,0],]]
[9,7,[[10,0],[8,0],[137,0],[136,0],]]
[10,19,[[9,0],[11,0],[138,0],]]
[11,11,[[12,0],[10,0],[139,0],[138,0],]]
[12,6,[[11,0],[13,0],[140,0],]]
[13,8,[[14,0],[12,0],[141,0],[140,0],]]
[14,11,[[13,0],[15,0],[142,0],]]
[15,16,[[16,0],[14,0],[143,0],[142,0],]]
[16,17,[[15,0],[17,0],[144,0],]]
[17,16,[[18,0],[16,0],[145,0],[144,0],]]
[18,1,[[17,0],[19,0],[146,0],]]
[19,13,[[20,0],[18,0],[147,0],[146,0],]]
[20,11,[[19,0],[21,0],[148,0],]]
[21,15,[[22,0],[20,0],[149,0],[148,0],]]
[22,4,[[21,0],[23,0],[150,0],]]
[23,14,[[24,0],[22,0],[151,0],[150,0],]]
[24,12,[[23,0],[25,0],[152,0],]]
[25,11,[[26,0],[24,0],[153,0],[152,0],]]
[26,12,[[25,0],[27,0],[154,0],]]
[27,5,[[28,0],[26,0],[155,0],[154,0],]]
[28,10,[[27,0],[29,0],[156,0],]]
[29,3,[[30,0],[28,0],[157,0],[156,0],]]
[30,4,[[29,0],[31,0],[158,0],]]
[31,13,[[32,0],[30,0],[159,0],[158,0],]]
[32,2,[[31,0],[33,0],[160,0],]]
[33,15,[[34,0],[32,0],[161,0],[160,0],]]
[34,18,[[33,0],[35,0],[162,0],]]
[35,12,[[36,0],[34,0],[163,0],[162,0],]]
[36,8,[[35,0],[37,0],[164,0],]]
[37,13,[[38,0],[36,0],[165,0],[164,0],]]
[38,1,[[37,0],[39,0],[166,0],]]
[39,4,[[40,0],[38,0],[167,0],[166,0],]]
[40,12,[[39,0],[41,0],[168,0],]]
[41,16,[[42,0],[40,0],[169,0],[168,0],]]
[42,8,[[41,0],[43,0],[170,0],]]
[43,15,[[44,0],[42,0],[171,0],[170,0],]]
[44,6,[[43,0],[45,0],[172,0],]]
[45,11,[[46,0],[44,0],[173,0],[172,0],]]
[46,11,[[45,0],[47,0],[174,0],]]
[47,9,[[48,0],[46,0],[175,0],[174,0],]]
[48,6,[[47,0],[49,0],[176,0],]]
[49,7,[[50,0],[48,0],[177,0],[176,0],]]
[50,6,[[49,0],[51,0],[178,0],]]
[51,8,[[52,0],[50,0],[179,0],[178,0],]]
[52,8,[[51,0],[53,0],[180,0],]]
[53,5,[[54,0],[52,0],[181,0],[180,0],]]
[54,15,[[53,0],[55,0],[182,0],]]
[55,12,[[56,0],[54,0],[183,0],[182,0],]]
[56,2,[[55,0],[57,0],[184,0],]]
[57,1,[[58,0],[56,0],[185,0],[184,0],]]
[58,5,[[57,0],[59,0],[186,0],]]
[59,3,[[60,0],[58,0],[187,0],[186,0],]]
[60,19,[[59,0],[61,0],[188,0],]]
[61,19,[[62,0],[60,0],[189,0],[188,0],]]
[62,8,[[61,0],[63,0],[190,0],]]
[63,13,[[64,0],[62,0],[191,0],[190,0],]]
[64,8,[[63,0],[65,0],[192,0],]]
[65,5,[[66,0],[64,0],[193,0],[192,0],]]
[66,6,[[65,0],[67,0],[194,0],]]
[67,9,[[68,0],[66,0],[195,0],[194,0],]]
[68,14,[[67,0],[69,0],[196,0],]]
[69,5,[[70,0],[68,0],[197,0],[196,0],]]
[70,18,[[69,0],[71,0],[198,0],]]
[71,14,[[72,0],[70,0],[199,0],[198,0],]]
[72,2,[[71,0],[73,0],[200,0],]]
[73,16,[[74,0],[72,0],[201,0],[200,0],]]
[74,19,[[73,0],[75,0],[202,0],]]
[75,14,[[76,0],[74,0],[203,0],[202,0],]]
[76,17,[[75,0],[77,0],[204,0],]]
[77,8,[[78,0],[76,0],[205,0],[204,0],]]
[78,16,[[77,0],[79,0],[206,0],]]
[79,16,[[80,0],[78,0],[207,0],[206,0],]]
[80,16,[[79,0],[81,0],[208,0],]]
[81,19,[[82,0],[80,0],[209,0],[208,0],]]
[82,5,[[81,0],[83,0],[210,0],]]
[83,13,[[84,0],[82,0],[211,0],[210,0],]]
[84,7,[[83,0],[85,0],[212,0],]]
[85,4,[[86,0],[84,0],[213,0],[212,0],]]
[86,6,[[85,0],[87,0],[214,0],]]
[87,8,[[88,0],[86,0],[215,0],[214,0],]]
[88,14,[[87,0],[89,0],[216,0],]]
[89,8,[[90,0],[88,0],[217,0],[216,0],]]
[90,13,[[89,0],[91,0],[218,0],]]
[91,15,[[92,0],[90,0],[219,0],[218,0],]]
[92,2,[[91,0],[93,0],[220,0],]]
[93,9,[[94,0],[92,0],[221,0],[220,0],]]
[94,18,[[93,0],[95,0],[222,0],]]
[95,8,[[96,0],[94,0],[223,0],[222,0],]]
[96,2,[[95,0],[97,0],[224,0],]]
[97,6,[[98,0],[96,0],[225,0],[224,0],]]
[98,3,[[97,0],[99,0],[226,0],]]
[99,11,[[100,0],[98,0],[227,0],[226,0],]]
[100,18,[[99,0],[101,0],[228,0],]]
[101,16,[[102,0],[100,0],[229,0],[228,0],]]
[102,8,[[101,0],[103,0],[230,0],]]
[103,10,[[104,0],[102,0],[231,0],[230,0],]]
[104,2,[[103,0],[105,0],[232,0],]]
[105,7,[[106,0],[104,0],[233,0],[232,0],]]
[106,13,[[105,0],[107,0],[234,0],]]
[107,4,[[108,0],[106,0],[235,0],[234,0],]]
[108,6,[[107,0],[109,0],[236,0],]]
[109,4,[[110,0],[108,0],[237,0],[236,0],]]
[110,18,[[109,0],[111,0],[238,0],]]
[111,9,[[112,0],[110,0],[239,0],[238,0],]]
[112,11,[[111,0],[113,0],[240,0],]]
[113,13,[[114,0],[112,0],[241,0],[240,0],]]
[114,16,[[113,0],[115,0],[242,0],]]
[115,10,[[116,0],[114,0],[243,0],[242,0],]]
[116,19,[[115,0],[117,0],[244,0],]]
[117,19,[[118,0],[116,0],[245,0],[244,0],]]
[118,14,[[117,0],[119,0],[246,0],]]
[119,10,[[120,0],[118,0],[247,0],[246,0],]]
[120,18,[[119,0],[121,0],[248,0],]]
[121,12,[[122,0],[120,0],[249,0],[248,0],]]
[122,5,[[121,0],[123,0],[250,0],]]
[123,18,[[124,0],[122,0],[251,0],[250,0],]]
[124,17,[[123,0],[125,0],[252,0],]]
[125,4,[[126,0],[124,0],[253,0],[252,0],]]
[126,11,[[125,0],[127,0],[254,0],]]
[127,7,[[126,0],[255,0],[254,0],]]
[128,11,[[129,0],[0,0],[1,0],[256,0],]]
[129,12,[[130,0],[128,0],[1,0],[257,0],]]
[130,4,[[129,0],[131,0],[2,0],[3,0],[258,0],]]
[131,12,[[132,0],[130,0],[3,0],[259,0],]]
[132,4,[[131,0],[133,0],[4,0],[5,0],[260,0],]]
[133,15,[[134,0],[132,0],[5,0],[261,0],]]
[134,1,[[133,0],[135,0],[6,0],[7,0],[262,0],]]
[135,12,[[136,0],[134,0],[7,0],[263,0],]]
[136,15,[[135,0],[137,0],[8,0],[9,0],[264,0],]]
[137,1,[[138,0],[136,0],[9,0],[265,0],]]
[138,3,[[137,0],[139,0],[10,0],[11,0],[266,0],]]
[139,8,[[140,0],[138,0],[11,0],[267,0],]]
[140,14,[[139,0],[141,0],[12,0],[13,0],[268,0],]]
[141,7,[[142,0],[140,0],[13,0],[269,0],]]
[142,11,[[141,0],[143,0],[14,0],[15,0],[270,0],]]
[143,9,[[144,0],[142,0],[15,0],[271,0],]]
[144,16,[[143,0],[145,0],[16,0],[17,0],[272,0],]]
[145,15,[[146,0],[144,0],[17,0],[273,0],]]
[146,1,[[145,0],[147,0],[18,0],[19,0],[274,0],]]
[147,19,[[148,0],[146,0],[19,0],[275,0],]]
[148,3,[[147,0],[149,0],[20,0],[21,0],[276,0],]]
[149,13,[[150,0],[148,0],[21,0],[277,0],]]
[150,5,[[149,0],[151,0],[22,0],[23,0],[278,0],]]
[151,3,[[152,0],[150,0],[23,0],[279,0],]]
[152,9,[[151,0],[153,0],[24,0],[25,0],[280,0],]]
[153,4,[[154,0],[152,0],[25,0],[281,0],]]
[154,8,[[153,0],[155,0],[26,0],[27,0],[282,0],]]
[155,14,[[156,0],[154,0],[27,0],[283,0],]]
[156,14,[[155,0],[157,0],[28,0],[29,0],[284,0],]]
[157,7,[[158,0],[156,0],[29,0],[285,0],]]
[158,9,[[157,0],[159,0],[30,0],[31,0],[286,0],]]
[159,2,[[160,0],[158,0],[31,0],[287,0],]]
[160,6,[[159,0],[161,0],[32,0],[33,0],[288,0],]]
[161,12,[[162,0],[160,0],[33,0],[289,0],]]
[162,9,[[161,0],[163,0],[34,0],[35,0],[290,0],]]
