[1638,6,[[1637,0],[1639,0],[1766,0],[1510,0],]]
[1639,8,[[1640,0],[1638,0],[1767,0],[1766,0],[1511,0],]]
[1640,12,[[1639,0],[1641,0],[1768,0],[1512,0],]]
[1641,15,[[1642,0],[1640,0],[1769,0],[1768,0],[1513,0],]]
[1642,13,[[1641,0],[1643,0],[1770,0],[1514,0],]]
[1643,14,[[1644,0],[1642,0],[1771,0],[1770,0],[1515,0],]]
[1644,2,[[1643,0],[1645,0],[1772,0],[1516,0],]]
[1645,14,[[1646,0],[1644,0],[1773,0],[1772,0],[1517,0],]]
[1646,11,[[1645,0],[1647,0],[1774,0],[1518,0],]]
[1647,7,[[1648,0],[1646,0],[1775,0],[1774,0],[1519,0],]]
[1648,11,[[1647,0],[1649,0],[1776,0],[1520,0],]]
[1649,8,[[1650,0],[1648,0],[1777,0],[1776,0],[1521,0],]]
[1650,16,[[1649,0],[1651,0],[1778,0],[1522,0],]]
[1651,19,[[1652,0],[1650,0],[1779,0],[1778,0],[1523,0],]]
[1652,7,[[1651,0],[1653,0],[1780,0],[1524,0],]]
[1653,6,[[1654,0],[1652,0],[1781,0],[1780,0],[1525,0],]]
[1654,16,[[1653,0],[1655,0],[1782,0],[1526,0],]]
[1655,5,[[1656,0],[1654,0],[1783,0],[1782,0],[1527,0],]]
[1656,10,[[1655,0],[1657,0],[1784,0],[1528,0],]]
[1657,16,[[1658,0],[1656,0],[1785,0],[1784,0],[1529,0],]]
[1658,12,[[1657,0],[1659,0],[1786,0],[1530,0],]]
[1659,6,[[1660,0],[1658,0],[1787,0],[1786,0],[1531,0],]]
[1660,9,[[1659,0],[1661,0],[1788,0],[1532,0],]]
[1661,1,[[1662,0],[1660,0],[1789,0],[1788,0],[1533,0],]]
[1662,10,[[1661,0],[1663,0],[1790,0],[1534,0],]]
[1663,13,[[1662,0],[1791,0],[1790,0],[1535,0],]]
[1664,9,[[1665,0],[1536,0],[1537,0],[1792,0],]]
[1665,7,[[1666,0],[1664,0],[1537,0],[1793,0],]]
[1666,17,[[1665,0],[1667,0],[1538,0],[1539,0],[1794,0],]]
[1667,18,[[1668,0],[1666,0],[1539,0],[1795,0],]]
[1668,18,[[1667,0],[1669,0],[1540,0],[1541,0],[1796,0],]]
[1669,11,[[1670,0],[1668,0],[1541,0],[1797,0],]]
[1670,15,[[1669,0],[1671,0],[1542,0],[1543,0],[1798,0],]]
[1671,4,[[1672,0],[1670,0],[1543,0],[1799,0],]]
[1672,14,[[1671,0],[1673,0],[1544,0],[1545,0],[1800,0],]]
[1673,9,[[1674,0],[1672,0],[1545,0],[1801,0],]]
[1674,13,[[1673,0],[1675,0],[1546,0],[1547,0],[1802,0],]]
[1675,12,[[1676,0],[1674,0],[1547,0],[1803,0],]]
[1676,16,[[1675,0],[1677,0],[1548,0],[1549,0],[1804,0],]]
[1677,19,[[1678,0],[1676,0],[1549,0],[1805,0],]]
[1678,4,[[1677,0],[1679,0],[1550,0],[1551,0],[1806,0],]]
[1679,10,[[1680,0],[1678,0],[1551,0],[1807,0],]]
[1680,19,[[1679,0],[1681,0],[1552,0],[1553,0],[1808,0],]]
[1681,5,[[1682,0],[1680,0],[1553,0],[1809,0],]]
[1682,6,[[1681,0],[1683,0],[1554,0],[1555,0],[1810,0],]]
[1683,14,[[1684,0],[1682,0],[1555,0],[1811,0],]]
[1684,12,[[1683,0],[1685,0],[1556,0],[1557,0],[1812,0],]]
[1685,4,[[1686,0],[1684,0],[1557,0],[1813,0],]]
[1686,19,[[1685,0],[1687,0],[1558,0],[1559,0],[1814,0],]]
[1687,3,[[1688,0],[1686,0],[1559,0],[1815,0],]]
[1688,13,[[1687,0],[1689,0],[1560,0],[1561,0],[1816,0],]]
[1689,16,[[1690,0],[1688,0],[1561,0],[1817,0],]]
[1690,16,[[1689,0],[1691,0],[1562,0],[1563,0],[1818,0],]]
[1691,2,[[1692,0],[1690,0],[1563,0],[1819,0],]]
[1692,2,[[1691,0],[1693,0],[1564,0],[1565,0],[1820,0],]]
[1693,7,[[1694,0],[1692,0],[1565,0],[1821,0],]]
[1694,5,[[1693,0],[1695,0],[1566,0],[1567,0],[1822,0],]]
[1695,13,[[1696,0],[1694,0],[1567,0],[1823,0],]]
[1696,14,[[1695,0],[1697,0],[1568,0],[1569,0],[1824,0],]]
[1697,1,[[1698,0],[1696,0],[1569,0],[1825,0],]]
[1698,14,[[1697,0],[1699,0],[1570,0],[1571,0],[1826,0],]]
[1699,19,[[1700,0],[1698,0],[1571,0],[1827,0],]]
[1700,11,[[1699,0],[1701,0],[1572,0],[1573,0],[1828,0],]]
[1701,19,[[1702,0],[1700,0],[1573,0],[1829,0],]]
[1702,1,[[1701,0],[1703,0],[1574,0],[1575,0],[1830,0],]]
[1703,8,[[1704,0],[1702,0],[1575,0],[1831,0],]]
[1704,9,[[1703,0],[1705,0],[1576,0],[1577,0],[1832,0],]]
[1705,13,[[1706,0],[1704,0],[1577,0],[1833,0],]]
[1706,4,[[1705,0],[1707,0],[1578,0],[1579,0],[1834,0],]]
[1707,11,[[1708,0],[1706,0],[1579,0],[1835,0],]]
[1708,18,[[1707,0],[1709,0],[1580,0],[1581,0],[1836,0],]]
[1709,11,[[1710,0],[1708,0],[1581,0],[1837,0],]]
[1710,14,[[1709,0],[1711,0],[1582,0],[1583,0],[1838,0],]]
[1711,1,[[1712,0],[1710,0],[1583,0],[1839,0],]]
[1712,14,[[1711,0],[1713,0],[1584,0],[1585,0],[1840,0],]]
[1713,7,[[1714,0],[1712,0],[1585,0],[1841,0],]]
[1714,16,[[1713,0],[1715,0],[1586,0],[1587,0],[1842,0],]]
[1715,13,[[1716,0],[1714,0],[1587,0],[1843,0],]]
[1716,15,[[1715,0],[1717,0],[1588,0],[1589,0],[1844,0],]]
[1717,18,[[1718,0],[1716,0],[1589,0],[1845,0],]]
[1718,5,[[1717,0],[1719,0],[1590,0],[1591,0],[1846,0],]]
[1719,5,[[1720,0],[1718,0],[1591,0],[1847,0],]]
[1720,6,[[1719,0],[1721,0],[1592,0],[1593,0],[1848,0],]]
[1721,3,[[1722,0],[1720,0],[1593,0],[1849,0],]]
[1722,9,[[1721,0],[1723,0],[1594,0],[1595,0],[1850,0],]]
[1723,17,[[1724,0],[1722,0],[1595,0],[1851,0],]]
[1724,16,[[1723,0],[1725,0],[1596,0],[1597,0],[1852,0],]]
[1725,19,[[1726,0],[1724,0],[1597,0],[1853,0],]]
[1726,1,[[1725,0],[1727,0],[1598,0],[1599,0],[1854,0],]]
[1727,2,[[1728,0],[1726,0],[1599,0],[1855,0],]]
[1728,1,[[1727,0],[1729,0],[1600,0],[1601,0],[1856,0],]]
[1729,17,[[1730,0],[1728,0],[1601,0],[1857,0],]]
[1730,13,[[1729,0],[1731,0],[1602,0],[1603,0],[1858,0],]]
[1731,11,[[1732,0],[1730,0],[1603,0],[1859,0],]]
[1732,12,[[1731,0],[1733,0],[1604,0],[1605,0],[1860,0],]]
[1733,7,[[1734,0],[1732,0],[1605,0],[1861,0],]]
[1734,11,[[1733,0],[1735,0],[1606,0],[1607,0],[1862,0],]]
[1735,1,[[1736,0],[1734,0],[1607,0],[1863,0],]]
[1736,2,[[1735,0],[1737,0],[1608,0],[1609,0],[1864,0],]]
[1737,16,[[1738,0],[1736,0],[1609,0],[1865,0],]]
[1738,2,[[1737,0],[1739,0],[1610,0],[1611,0],[1866,0],]]
[1739,9,[[1740,0],[1738,0],[1611,0],[1867,0],]]
[1740,10,[[1739,0],[1741,0],[1612,0],[1613,0],[1868,0],]]
[1741,13,[[1742,0],[1740,0],[1613,0],[1869,0],]]
[1742,10,[[1741,0],[1743,0],[1614,0],[1615,0],[1870,0],]]
[1743,19,[[1744,0],[1742,0],[1615,0],[1871,0],]]
[1744,15,[[1743,0],[1745,0],[1616,0],[1617,0],[1872,0],]]
[1745,2,[[1746,0],[1744,0],[1617,0],[1873,0],]]
[1746,12,[[1745,0],[1747,0],[1618,0],[1619,0],[1874,0],]]
[1747,3,[[1748,0],[1746,0],[1619,0],[1875,0],]]
[1748,12,[[1747,0],[1749,0],[1620,0],[1621,0],[1876,0],]]
[1749,1,[[1750,0],[1748,0],[1621,0],[1877,0],]]
[1750,15,[[1749,0],[1751,0],[1622,0],[1623,0],[1878,0],]]
[1751,4,[[1752,0],[1750,0],[1623,0],[1879,0],]]
[1752,8,[[1751,0],[1753,0],[1624,0],[1625,0],[1880,0],]]
[1753,7,[[1754,0],[1752,0],[1625,0],[1881,0],]]
[1754,8,[[1753,0],[1755,0],[1626,0],[1627,0],[1882,0],]]
[1755,4,[[1756,0],[1754,0],[1627,0],[1883,0],]]
[1756,12,[[1755,0],[1757,0],[1628,0],[1629,0],[1884,0],]]
[1757,11,[[1758,0],[1756,0],[1629,0],[1885,0],]]
[1758,5,[[1757,0],[1759,0],[1630,0],[1631,0],[1886,0],]]
[1759,17,[[1760,0],[1758,0],[1631,0],[1887,0],]]
[1760,4,[[1759,0],[1761,0],[1632,0],[1633,0],[1888,0],]]
[1761,8,[[1762,0],[1760,0],[1633,0],[1889,0],]]
[1762,1,[[1761,0],[1763,0],[1634,0],[1635,0],[1890,0],]]
[1763,11,[[1764,0],[1762,0],[1635,0],[1891,0],]]
[1764,9,[[1763,0],[1765,0],[1636,0],[1637,0],[1892,0],]]
[1765,9,[[1766,0],[1764,0],[1637,0],[1893,0],]]
[1766,4,[[1765,0],[1767,0],[1638,0],[1639,0],[1894,0],]]
[1767,7,[[1768,0],[1766,0],[1639,0],[1895,0],]]
[1768,12,[[1767,0],[1769,0],[1640,0],[1641,0],[1896,0],]]
[1769,5,[[1770,0],[1768,0],[1641,0],[1897,0],]]
[1770,19,[[1769,0],[1771,0],[1642,0],[1643,0],[1898,0],]]
[1771,12,[[1772,0],[1770,0],[1643,0],[1899,0],]]
[1772,4,[[1771,0],[1773,0],[1644,0],[1645,0],[1900,0],]]
[1773,5,[[1774,0],[1772,0],[1645,0],[1901,0],]]
[1774,17,[[1773,0],[1775,0],[1646,0],[1647,0],[1902,0],]]
[1775,17,[[1776,0],[1774,0],[1647,0],[1903,0],]]
[1776,8,[[1775,0],[1777,0],[1648,0],[1649,0],[1904,0],]]
[1777,4,[[1778,0],[1776,0],[1649,0],[1905,0],]]
[1778,14,[[1777,0],[1779,0],[1650,0],[1651,0],[1906,0],]]
[1779,13,[[1780,0],[1778,0],[1651,0],[1907,0],]]
[1780,7,[[1779,0],[1781,0],[1652,0],[1653,0],[1908,0],]]
[1781,19,[[1782,0],[1780,0],[1653,0],[1909,0],]]
[1782,10,[[1781,0],[1783,0],[1654,0],[1655,0],[1910,0],]]
[1783,5,[[1784,0],[1782,0],[1655,0],[1911,0],]]
[1784,6,[[1783,0],[1785,0],[1656,0],[1657,0],[1912,0],]]
[1785,14,[[1786,0],[1784,0],[1657,0],[1913,0],]]
[1786,14,[[1785,0],[1787,0],[1658,0],[1659,0],[1914,0],]]
[1787,2,[[1788,0],[1786,0],[1659,0],[1915,0],]]
[1788,11,[[1787,0],[1789,0],[1660,0],[1661,0],[1916,0],]]
[1789,17,[[1790,0],[1788,0],[1661,0],[1917,0],]]
[1790,15,[[1789,0],[1791,0],[1662,0],[1663,0],[1918,0],]]
[1791,4,[[1790,0],[1663,0],[1919,0],]]
[1792,15,[[1793,0],[1920,0],[1664,0],]]
[1793,14,[[1794,0],[1792,0],[1921,0],[1920,0],[1665,0],]]
[1794,17,[[1793,0],[1795,0],[1922,0],[1666,0],]]
[1795,17,[[1796,0],[1794,0],[1923,0],[1922,0],[1667,0],]]
[1796,14,[[1795,0],[1797,0],[1924,0],[1668,0],]]
[1797,4,[[1798,0],[1796,0],[1925,0],[1924,0],[1669,0],]]
[1798,4,[[1797,0],[1799,0],[1926,0],[1670,0],]]
[1799,5,[[1800,0],[1798,0],[1927,0],[1926,0],[1671,0],]]
[1800,10,[[1799,0],[1801,0],[1928,0],[1672,0],]]
[1801,9,[[1802,0],[1800,0],[1929,0],[1928,0],[1673,0],]]
