[1966,11,[[1965,0],[1967,0],[1838,0],[1839,0],[2094,0],]]
[1967,16,[[1968,0],[1966,0],[1839,0],[2095,0],]]
[1968,9,[[1967,0],[1969,0],[1840,0],[1841,0],[2096,0],]]
[1969,13,[[1970,0],[1968,0],[1841,0],[2097,0],]]
[1970,3,[[1969,0],[1971,0],[1842,0],[1843,0],[2098,0],]]
[1971,7,[[1972,0],[1970,0],[1843,0],[2099,0],]]
[1972,8,[[1971,0],[1973,0],[1844,0],[1845,0],[2100,0],]]
[1973,17,[[1974,0],[1972,0],[1845,0],[2101,0],]]
[1974,17,[[1973,0],[1975,0],[1846,0],[1847,0],[2102,0],]]
[1975,8,[[1976,0],[1974,0],[1847,0],[2103,0],]]
[1976,19,[[1975,0],[1977,0],[1848,0],[1849,0],[2104,0],]]
[1977,8,[[1978,0],[1976,0],[1849,0],[2105,0],]]
[1978,15,[[1977,0],[1979,0],[1850,0],[1851,0],[2106,0],]]
[1979,1,[[1980,0],[1978,0],[1851,0],[2107,0],]]
[1980,11,[[1979,0],[1981,0],[1852,0],[1853,0],[2108,0],]]
[1981,13,[[1982,0],[1980,0],[1853,0],[2109,0],]]
[1982,7,[[1981,0],[1983,0],[1854,0],[1855,0],[2110,0],]]
[1983,10,[[1984,0],[1982,0],[1855,0],[2111,0],]]
[1984,11,[[1983,0],[1985,0],[1856,0],[1857,0],[2112,0],]]
[1985,3,[[1986,0],[1984,0],[1857,0],[2113,0],]]
[1986,19,[[1985,0],[1987,0],[1858,0],[1859,0],[2114,0],]]
[1987,3,[[1988,0],[1986,0],[1859,0],[2115,0],]]
[1988,2,[[1987,0],[1989,0],[1860,0],[1861,0],[2116,0],]]
[1989,5,[[1990,0],[1988,0],[1861,0],[2117,0],]]
[1990,17,[[1989,0],[1991,0],[1862,0],[1863,0],[2118,0],]]
[1991,2,[[1992,0],[1990,0],[1863,0],[2119,0],]]
[1992,10,[[1991,0],[1993,0],[1864,0],[1865,0],[2120,0],]]
[1993,18,[[1994,0],[1992,0],[1865,0],[2121,0],]]
[1994,1,[[1993,0],[1995,0],[1866,0],[1867,0],[2122,0],]]
[1995,11,[[1996,0],[1994,0],[1867,0],[2123,0],]]
[1996,13,[[1995,0],[1997,0],[1868,0],[1869,0],[2124,0],]]
[1997,12,[[1998,0],[1996,0],[1869,0],[2125,0],]]
[1998,14,[[1997,0],[1999,0],[1870,0],[1871,0],[2126,0],]]
[1999,17,[[2000,0],[1998,0],[1871,0],[2127,0],]]
[2000,17,[[1999,0],[2001,0],[1872,0],[1873,0],[2128,0],]]
[2001,3,[[2002,0],[2000,0],[1873,0],[2129,0],]]
[2002,15,[[2001,0],[2003,0],[1874,0],[1875,0],[2130,0],]]
[2003,10,[[2004,0],[2002,0],[1875,0],[2131,0],]]
[2004,1,[[2003,0],[2005,0],[1876,0],[1877,0],[2132,0],]]
[2005,7,[[2006,0],[2004,0],[1877,0],[2133,0],]]
[2006,11,[[2005,0],[2007,0],[1878,0],[1879,0],[2134,0],]]
[2007,10,[[2008,0],[2006,0],[1879,0],[2135,0],]]
[2008,5,[[2007,0],[2009,0],[1880,0],[1881,0],[2136,0],]]
[2009,5,[[2010,0],[2008,0],[1881,0],[2137,0],]]
[2010,11,[[2009,0],[2011,0],[1882,0],[1883,0],[2138,0],]]
[2011,15,[[2012,0],[2010,0],[1883,0],[2139,0],]]
[2012,15,[[2011,0],[2013,0],[1884,0],[1885,0],[2140,0],]]
[2013,14,[[2014,0],[2012,0],[1885,0],[2141,0],]]
[2014,14,[[2013,0],[2015,0],[1886,0],[1887,0],[2142,0],]]
[2015,14,[[2016,0],[2014,0],[1887,0],[2143,0],]]
[2016,13,[[2015,0],[2017,0],[1888,0],[1889,0],[2144,0],]]
[2017,11,[[2018,0],[2016,0],[1889,0],[2145,0],]]
[2018,1,[[2017,0],[2019,0],[1890,0],[1891,0],[2146,0],]]
[2019,12,[[2020,0],[2018,0],[1891,0],[2147,0],]]
[2020,14,[[2019,0],[2021,0],[1892,0],[1893,0],[2148,0],]]
[2021,14,[[2022,0],[2020,0],[1893,0],[2149,0],]]
[2022,7,[[2021,0],[2023,0],[1894,0],[1895,0],[2150,0],]]
[2023,16,[[2024,0],[2022,0],[1895,0],[2151,0],]]
[2024,11,[[2023,0],[2025,0],[1896,0],[1897,0],[2152,0],]]
[2025,3,[[2026,0],[2024,0],[1897,0],[2153,0],]]
[2026,15,[[2025,0],[2027,0],[1898,0],[1899,0],[2154,0],]]
[2027,17,[[2028,0],[2026,0],[1899,0],[2155,0],]]
[2028,4,[[2027,0],[2029,0],[1900,0],[1901,0],[2156,0],]]
[2029,16,[[2030,0],[2028,0],[1901,0],[2157,0],]]
[2030,8,[[2029,0],[2031,0],[1902,0],[1903,0],[2158,0],]]
[2031,15,[[2032,0],[2030,0],[1903,0],[2159,0],]]
[2032,14,[[2031,0],[2033,0],[1904,0],[1905,0],[2160,0],]]
[2033,4,[[2034,0],[2032,0],[1905,0],[2161,0],]]
[2034,11,[[2033,0],[2035,0],[1906,0],[1907,0],[2162,0],]]
[2035,10,[[2036,0],[2034,0],[1907,0],[2163,0],]]
[2036,3,[[2035,0],[2037,0],[1908,0],[1909,0],[2164,0],]]
[2037,1,[[2038,0],[2036,0],[1909,0],[2165,0],]]
[2038,18,[[2037,0],[2039,0],[1910,0],[1911,0],[2166,0],]]
[2039,2,[[2040,0],[2038,0],[1911,0],[2167,0],]]
[2040,2,[[2039,0],[2041,0],[1912,0],[1913,0],[2168,0],]]
[2041,1,[[2042,0],[2040,0],[1913,0],[2169,0],]]
[2042,17,[[2041,0],[2043,0],[1914,0],[1915,0],[2170,0],]]
[2043,13,[[2044,0],[2042,0],[1915,0],[2171,0],]]
[2044,18,[[2043,0],[2045,0],[1916,0],[1917,0],[2172,0],]]
[2045,5,[[2046,0],[2044,0],[1917,0],[2173,0],]]
[2046,4,[[2045,0],[2047,0],[1918,0],[1919,0],[2174,0],]]
[2047,11,[[2046,0],[1919,0],[2175,0],]]
[2048,2,[[2049,0],[2176,0],[1920,0],]]
[2049,10,[[2050,0],[2048,0],[2177,0],[2176,0],[1921,0],]]
[2050,6,[[2049,0],[2051,0],[2178,0],[1922,0],]]
[2051,7,[[2052,0],[2050,0],[2179,0],[2178,0],[1923,0],]]
[2052,7,[[2051,0],[2053,0],[2180,0],[1924,0],]]
[2053,5,[[2054,0],[2052,0],[2181,0],[2180,0],[1925,0],]]
[2054,18,[[2053,0],[2055,0],[2182,0],[1926,0],]]
[2055,12,[[2056,0],[2054,0],[2183,0],[2182,0],[1927,0],]]
[2056,16,[[2055,0],[2057,0],[2184,0],[1928,0],]]
[2057,10,[[2058,0],[2056,0],[2185,0],[2184,0],[1929,0],]]
[2058,8,[[2057,0],[2059,0],[2186,0],[1930,0],]]
[2059,1,[[2060,0],[2058,0],[2187,0],[2186,0],[1931,0],]]
[2060,3,[[2059,0],[2061,0],[2188,0],[1932,0],]]
[2061,6,[[2062,0],[2060,0],[2189,0],[2188,0],[1933,0],]]
[2062,15,[[2061,0],[2063,0],[2190,0],[1934,0],]]
[2063,12,[[2064,0],[2062,0],[2191,0],[2190,0],[1935,0],]]
[2064,19,[[2063,0],[2065,0],[2192,0],[1936,0],]]
[2065,2,[[2066,0],[2064,0],[2193,0],[2192,0],[1937,0],]]
[2066,7,[[2065,0],[2067,0],[2194,0],[1938,0],]]
[2067,18,[[2068,0],[2066,0],[2195,0],[2194,0],[1939,0],]]
[2068,4,[[2067,0],[2069,0],[2196,0],[1940,0],]]
[2069,1,[[2070,0],[2068,0],[2197,0],[2196,0],[1941,0],]]
[2070,2,[[2069,0],[2071,0],[2198,0],[1942,0],]]
[2071,10,[[2072,0],[2070,0],[2199,0],[2198,0],[1943,0],]]
[2072,11,[[2071,0],[2073,0],[2200,0],[1944,0],]]
[2073,3,[[2074,0],[2072,0],[2201,0],[2200,0],[1945,0],]]
[2074,6,[[2073,0],[2075,0],[2202,0],[1946,0],]]
[2075,15,[[2076,0],[2074,0],[2203,0],[2202,0],[1947,0],]]
[2076,11,[[2075,0],[2077,0],[2204,0],[1948,0],]]
[2077,11,[[2078,0],[2076,0],[2205,0],[2204,0],[1949,0],]]
[2078,7,[[2077,0],[2079,0],[2206,0],[1950,0],]]
[2079,13,[[2080,0],[2078,0],[2207,0],[2206,0],[1951,0],]]
[2080,19,[[2079,0],[2081,0],[2208,0],[1952,0],]]
[2081,5,[[2082,0],[2080,0],[2209,0],[2208,0],[1953,0],]]
[2082,5,[[2081,0],[2083,0],[2210,0],[1954,0],]]
[2083,17,[[2084,0],[2082,0],[2211,0],[2210,0],[1955,0],]]
[2084,14,[[2083,0],[2085,0],[2212,0],[1956,0],]]
[2085,9,[[2086,0],[2084,0],[2213,0],[2212,0],[1957,0],]]
[2086,18,[[2085,0],[2087,0],[2214,0],[1958,0],]]
[2087,10,[[2088,0],[2086,0],[2215,0],[2214,0],[1959,0],]]
[2088,3,[[2087,0],[2089,0],[2216,0],[1960,0],]]
[2089,13,[[2090,0],[2088,0],[2217,0],[2216,0],[1961,0],]]
[2090,15,[[2089,0],[2091,0],[2218,0],[1962,0],]]
[2091,3,[[2092,0],[2090,0],[2219,0],[2218,0],[1963,0],]]
[2092,13,[[2091,0],[2093,0],[2220,0],[1964,0],]]
[2093,8,[[2094,0],[2092,0],[2221,0],[2220,0],[1965,0],]]
[2094,11,[[2093,0],[2095,0],[2222,0],[1966,0],]]
[2095,15,[[2096,0],[2094,0],[2223,0],[2222,0],[1967,0],]]
[2096,14,[[2095,0],[2097,0],[2224,0],[1968,0],]]
[2097,8,[[2098,0],[2096,0],[2225,0],[2224,0],[1969,0],]]
[2098,10,[[2097,0],[2099,0],[2226,0],[1970,0],]]
[2099,19,[[2100,0],[2098,0],[2227,0],[2226,0],[1971,0],]]
[2100,8,[[2099,0],[2101,0],[2228,0],[1972,0],]]
[2101,1,[[2102,0],[2100,0],[2229,0],[2228,0],[1973,0],]]
[2102,11,[[2101,0],[2103,0],[2230,0],[1974,0],]]
[2103,16,[[2104,0],[2102,0],[2231,0],[2230,0],[1975,0],]]
[2104,16,[[2103,0],[2105,0],[2232,0],[1976,0],]]
[2105,10,[[2106,0],[2104,0],[2233,0],[2232,0],[1977,0],]]
[2106,17,[[2105,0],[2107,0],[2234,0],[1978,0],]]
[2107,6,[[2108,0],[2106,0],[2235,0],[2234,0],[1979,0],]]
[2108,11,[[2107,0],[2109,0],[2236,0],[1980,0],]]
[2109,9,[[2110,0],[2108,0],[2237,0],[2236,0],[1981,0],]]
[2110,17,[[2109,0],[2111,0],[2238,0],[1982,0],]]
[2111,16,[[2112,0],[2110,0],[2239,0],[2238,0],[1983,0],]]
[2112,9,[[2111,0],[2113,0],[2240,0],[1984,0],]]
[2113,19,[[2114,0],[2112,0],[2241,0],[2240,0],[1985,0],]]
[2114,18,[[2113,0],[2115,0],[2242,0],[1986,0],]]
[2115,13,[[2116,0],[2114,0],[2243,0],[2242,0],[1987,0],]]
[2116,6,[[2115,0],[2117,0],[2244,0],[1988,0],]]
[2117,18,[[2118,0],[2116,0],[2245,0],[2244,0],[1989,0],]]
[2118,8,[[2117,0],[2119,0],[2246,0],[1990,0],]]
[2119,12,[[2120,0],[2118,0],[2247,0],[2246,0],[1991,0],]]
[2120,9,[[2119,0],[2121,0],[2248,0],[1992,0],]]
[2121,14,[[2122,0],[2120,0],[2249,0],[2248,0],[1993,0],]]
[2122,15,[[2121,0],[2123,0],[2250,0],[1994,0],]]
[2123,10,[[2124,0],[2122,0],[2251,0],[2250,0],[1995,0],]]
[2124,15,[[2123,0],[2125,0],[2252,0],[1996,0],]]
[2125,12,[[2126,0],[2124,0],[2253,0],[2252,0],[1997,0],]]
[2126,13,[[2125,0],[2127,0],[2254,0],[1998,0],]]
[2127,4,[[2128,0],[2126,0],[2255,0],[2254,0],[1999,0],]]
[2128,10,[[2127,0],[2129,0],[2256,0],[2000,0],]]
