[2457,18,[[2458,0],[2456,0],[2329,0],[2585,0],]]
[2458,8,[[2457,0],[2459,0],[2330,0],[2331,0],[2586,0],]]
[2459,7,[[2460,0],[2458,0],[2331,0],[2587,0],]]
[2460,17,[[2459,0],[2461,0],[2332,0],[2333,0],[2588,0],]]
[2461,1,[[2462,0],[2460,0],[2333,0],[2589,0],]]
[2462,13,[[2461,0],[2463,0],[2334,0],[2335,0],[2590,0],]]
[2463,8,[[2464,0],[2462,0],[2335,0],[2591,0],]]
[2464,15,[[2463,0],[2465,0],[2336,0],[2337,0],[2592,0],]]
[2465,15,[[2466,0],[2464,0],[2337,0],[2593,0],]]
[2466,5,[[2465,0],[2467,0],[2338,0],[2339,0],[2594,0],]]
[2467,14,[[2468,0],[2466,0],[2339,0],[2595,0],]]
[2468,6,[[2467,0],[2469,0],[2340,0],[2341,0],[2596,0],]]
[2469,18,[[2470,0],[2468,0],[2341,0],[2597,0],]]
[2470,18,[[2469,0],[2471,0],[2342,0],[2343,0],[2598,0],]]
[2471,16,[[2472,0],[2470,0],[2343,0],[2599,0],]]
[2472,6,[[2471,0],[2473,0],[2344,0],[2345,0],[2600,0],]]
[2473,11,[[2474,0],[2472,0],[2345,0],[2601,0],]]
[2474,16,[[2473,0],[2475,0],[2346,0],[2347,0],[2602,0],]]
[2475,12,[[2476,0],[2474,0],[2347,0],[2603,0],]]
[2476,2,[[2475,0],[2477,0],[2348,0],[2349,0],[2604,0],]]
[2477,2,[[2478,0],[2476,0],[2349,0],[2605,0],]]
[2478,18,[[2477,0],[2479,0],[2350,0],[2351,0],[2606,0],]]
[2479,4,[[2480,0],[2478,0],[2351,0],[2607,0],]]
[2480,12,[[2479,0],[2481,0],[2352,0],[2353,0],[2608,0],]]
[2481,2,[[2482,0],[2480,0],[2353,0],[2609,0],]]
[2482,15,[[2481,0],[2483,0],[2354,0],[2355,0],[2610,0],]]
[2483,5,[[2484,0],[2482,0],[2355,0],[2611,0],]]
[2484,13,[[2483,0],[2485,0],[2356,0],[2357,0],[2612,0],]]
[2485,1,[[2486,0],[2484,0],[2357,0],[2613,0],]]
[2486,15,[[2485,0],[2487,0],[2358,0],[2359,0],[2614,0],]]
[2487,2,[[2488,0],[2486,0],[2359,0],[2615,0],]]
[2488,18,[[2487,0],[2489,0],[2360,0],[2361,0],[2616,0],]]
[2489,15,[[2490,0],[2488,0],[2361,0],[2617,0],]]
[2490,9,[[2489,0],[2491,0],[2362,0],[2363,0],[2618,0],]]
[2491,14,[[2492,0],[2490,0],[2363,0],[2619,0],]]
[2492,1,[[2491,0],[2493,0],[2364,0],[2365,0],[2620,0],]]
[2493,9,[[2494,0],[2492,0],[2365,0],[2621,0],]]
[2494,9,[[2493,0],[2495,0],[2366,0],[2367,0],[2622,0],]]
[2495,8,[[2496,0],[2494,0],[2367,0],[2623,0],]]
[2496,1,[[2495,0],[2497,0],[2368,0],[2369,0],[2624,0],]]
[2497,5,[[2498,0],[2496,0],[2369,0],[2625,0],]]
[2498,15,[[2497,0],[2499,0],[2370,0],[2371,0],[2626,0],]]
[2499,19,[[2500,0],[2498,0],[2371,0],[2627,0],]]
[2500,5,[[2499,0],[2501,0],[2372,0],[2373,0],[2628,0],]]
[2501,19,[[2502,0],[2500,0],[2373,0],[2629,0],]]
[2502,4,[[2501,0],[2503,0],[2374,0],[2375,0],[2630,0],]]
[2503,17,[[2504,0],[2502,0],[2375,0],[2631,0],]]
[2504,16,[[2503,0],[2505,0],[2376,0],[2377,0],[2632,0],]]
[2505,10,[[2506,0],[2504,0],[2377,0],[2633,0],]]
[2506,17,[[2505,0],[2507,0],[2378,0],[2379,0],[2634,0],]]
[2507,19,[[2508,0],[2506,0],[2379,0],[2635,0],]]
[2508,7,[[2507,0],[2509,0],[2380,0],[2381,0],[2636,0],]]
[2509,11,[[2510,0],[2508,0],[2381,0],[2637,0],]]
[2510,2,[[2509,0],[2511,0],[2382,0],[2383,0],[2638,0],]]
[2511,4,[[2512,0],[2510,0],[2383,0],[2639,0],]]
[2512,18,[[2511,0],[2513,0],[2384,0],[2385,0],[2640,0],]]
[2513,7,[[2514,0],[2512,0],[2385,0],[2641,0],]]
[2514,17,[[2513,0],[2515,0],[2386,0],[2387,0],[2642,0],]]
[2515,5,[[2516,0],[2514,0],[2387,0],[2643,0],]]
[2516,16,[[2515,0],[2517,0],[2388,0],[2389,0],[2644,0],]]
[2517,4,[[2518,0],[2516,0],[2389,0],[2645,0],]]
[2518,19,[[2517,0],[2519,0],[2390,0],[2391,0],[2646,0],]]
[2519,9,[[2520,0],[2518,0],[2391,0],[2647,0],]]
[2520,18,[[2519,0],[2521,0],[2392,0],[2393,0],[2648,0],]]
[2521,5,[[2522,0],[2520,0],[2393,0],[2649,0],]]
[2522,6,[[2521,0],[2523,0],[2394,0],[2395,0],[2650,0],]]
[2523,7,[[2524,0],[2522,0],[2395,0],[2651,0],]]
[2524,14,[[2523,0],[2525,0],[2396,0],[2397,0],[2652,0],]]
[2525,9,[[2526,0],[2524,0],[2397,0],[2653,0],]]
[2526,3,[[2525,0],[2527,0],[2398,0],[2399,0],[2654,0],]]
[2527,14,[[2528,0],[2526,0],[2399,0],[2655,0],]]
[2528,15,[[2527,0],[2529,0],[2400,0],[2401,0],[2656,0],]]
[2529,7,[[2530,0],[2528,0],[2401,0],[2657,0],]]
[2530,5,[[2529,0],[2531,0],[2402,0],[2403,0],[2658,0],]]
[2531,1,[[2532,0],[2530,0],[2403,0],[2659,0],]]
[2532,15,[[2531,0],[2533,0],[2404,0],[2405,0],[2660,0],]]
[2533,11,[[2534,0],[2532,0],[2405,0],[2661,0],]]
[2534,3,[[2533,0],[2535,0],[2406,0],[2407,0],[2662,0],]]
[2535,6,[[2536,0],[2534,0],[2407,0],[2663,0],]]
[2536,19,[[2535,0],[2537,0],[2408,0],[2409,0],[2664,0],]]
[2537,8,[[2538,0],[2536,0],[2409,0],[2665,0],]]
[2538,17,[[2537,0],[2539,0],[2410,0],[2411,0],[2666,0],]]
[2539,2,[[2540,0],[2538,0],[2411,0],[2667,0],]]
[2540,5,[[2539,0],[2541,0],[2412,0],[2413,0],[2668,0],]]
[2541,1,[[2542,0],[2540,0],[2413,0],[2669,0],]]
[2542,9,[[2541,0],[2543,0],[2414,0],[2415,0],[2670,0],]]
[2543,18,[[2544,0],[2542,0],[2415,0],[2671,0],]]
[2544,10,[[2543,0],[2545,0],[2416,0],[2417,0],[2672,0],]]
[2545,4,[[2546,0],[2544,0],[2417,0],[2673,0],]]
[2546,4,[[2545,0],[2547,0],[2418,0],[2419,0],[2674,0],]]
[2547,5,[[2548,0],[2546,0],[2419,0],[2675,0],]]
[2548,18,[[2547,0],[2549,0],[2420,0],[2421,0],[2676,0],]]
[2549,17,[[2550,0],[2548,0],[2421,0],[2677,0],]]
[2550,17,[[2549,0],[2551,0],[2422,0],[2423,0],[2678,0],]]
[2551,16,[[2552,0],[2550,0],[2423,0],[2679,0],]]
[2552,16,[[2551,0],[2553,0],[2424,0],[2425,0],[2680,0],]]
[2553,10,[[2554,0],[2552,0],[2425,0],[2681,0],]]
[2554,16,[[2553,0],[2555,0],[2426,0],[2427,0],[2682,0],]]
[2555,19,[[2556,0],[2554,0],[2427,0],[2683,0],]]
[2556,11,[[2555,0],[2557,0],[2428,0],[2429,0],[2684,0],]]
[2557,19,[[2558,0],[2556,0],[2429,0],[2685,0],]]
[2558,19,[[2557,0],[2559,0],[2430,0],[2431,0],[2686,0],]]
[2559,17,[[2558,0],[2431,0],[2687,0],]]
[2560,19,[[2561,0],[2688,0],[2432,0],]]
[2561,1,[[2562,0],[2560,0],[2689,0],[2688,0],[2433,0],]]
[2562,3,[[2561,0],[2563,0],[2690,0],[2434,0],]]
[2563,4,[[2564,0],[2562,0],[2691,0],[2690,0],[2435,0],]]
[2564,14,[[2563,0],[2565,0],[2692,0],[2436,0],]]
[2565,2,[[2566,0],[2564,0],[2693,0],[2692,0],[2437,0],]]
[2566,7,[[2565,0],[2567,0],[2694,0],[2438,0],]]
[2567,6,[[2568,0],[2566,0],[2695,0],[2694,0],[2439,0],]]
[2568,16,[[2567,0],[2569,0],[2696,0],[2440,0],]]
[2569,6,[[2570,0],[2568,0],[2697,0],[2696,0],[2441,0],]]
[2570,14,[[2569,0],[2571,0],[2698,0],[2442,0],]]
[2571,7,[[2572,0],[2570,0],[2699,0],[2698,0],[2443,0],]]
[2572,9,[[2571,0],[2573,0],[2700,0],[2444,0],]]
[2573,3,[[2574,0],[2572,0],[2701,0],[2700,0],[2445,0],]]
[2574,17,[[2573,0],[2575,0],[2702,0],[2446,0],]]
[2575,9,[[2576,0],[2574,0],[2703,0],[2702,0],[2447,0],]]
[2576,7,[[2575,0],[2577,0],[2704,0],[2448,0],]]
[2577,7,[[2578,0],[2576,0],[2705,0],[2704,0],[2449,0],]]
[2578,5,[[2577,0],[2579,0],[2706,0],[2450,0],]]
[2579,12,[[2580,0],[2578,0],[2707,0],[2706,0],[2451,0],]]
[2580,18,[[2579,0],[2581,0],[2708,0],[2452,0],]]
[2581,3,[[2582,0],[2580,0],[2709,0],[2708,0],[2453,0],]]
[2582,7,[[2581,0],[2583,0],[2710,0],[2454,0],]]
[2583,7,[[2584,0],[2582,0],[2711,0],[2710,0],[2455,0],]]
[2584,13,[[2583,0],[2585,0],[2712,0],[2456,0],]]
[2585,19,[[2586,0],[2584,0],[2713,0],[2712,0],[2457,0],]]
[2586,7,[[2585,0],[2587,0],[2714,0],[2458,0],]]
[2587,14,[[2588,0],[2586,0],[2715,0],[2714,0],[2459,0],]]
[2588,6,[[2587,0],[2589,0],[2716,0],[2460,0],]]
[2589,1,[[2590,0],[2588,0],[2717,0],[2716,0],[2461,0],]]
[2590,16,[[2589,0],[2591,0],[2718,0],[2462,0],]]
[2591,5,[[2592,0],[2590,0],[2719,0],[2718,0],[2463,0],]]
[2592,11,[[2591,0],[2593,0],[2720,0],[2464,0],]]
[2593,4,[[2594,0],[2592,0],[2721,0],[2720,0],[2465,0],]]
[2594,15,[[2593,0],[2595,0],[2722,0],[2466,0],]]
[2595,12,[[2596,0],[2594,0],[2723,0],[2722,0],[2467,0],]]
[2596,3,[[2595,0],[2597,0],[2724,0],[2468,0],]]
[2597,2,[[2598,0],[2596,0],[2725,0],[2724,0],[2469,0],]]
[2598,1,[[2597,0],[2599,0],[2726,0],[2470,0],]]
[2599,4,[[2600,0],[2598,0],[2727,0],[2726,0],[2471,0],]]
[2600,1,[[2599,0],[2601,0],[2728,0],[2472,0],]]
[2601,1,[[2602,0],[2600,0],[2729,0],[2728,0],[2473,0],]]
[2602,13,[[2601,0],[2603,0],[2730,0],[2474,0],]]
[2603,5,[[2604,0],[2602,0],[2731,0],[2730,0],[2475,0],]]
[2604,11,[[2603,0],[2605,0],[2732,0],[2476,0],]]
[2605,9,[[2606,0],[2604,0],[2733,0],[2732,0],[2477,0],]]
[2606,2,[[2605,0],[2607,0],[2734,0],[2478,0],]]
[2607,2,[[2608,0],[2606,0],[2735,0],[2734,0],[2479,0],]]
[2608,14,[[2607,0],[2609,0],[2736,0],[2480,0],]]
[2609,4,[[2610,0],[2608,0],[2737,0],[2736,0],[2481,0],]]
[2610,18,[[2609,0],[2611,0],[2738,0],[2482,0],]]
[2611,19,[[2612,0],[2610,0],[2739,0],[2738,0],[2483,0],]]
[2612,9,[[2611,0],[2613,0],[2740,0],[2484,0],]]
[2613,9,[[2614,0],[2612,0],[2741,0],[2740,0],[2485,0],]]
[2614,9,[[2613,0],[2615,0],[2742,0],[2486,0],]]
[2615,1,[[2616,0],[2614,0],[2743,0],[2742,0],[2487,0],]]
[2616,3,[[2615,0],[2617,0],[2744,0],[2488,0],]]
[2617,18,[[2618,0],[2616,0],[2745,0],[2744,0],[2489,0],]]
[2618,4,[[2617,0],[2619,0],[2746,0],[2490,0],]]
[2619,19,[[2620,0],[2618,0],[2747,0],[2746,0],[2491,0],]]
[2620,10,[[2619,0],[2621,0],[2748,0],[2492,0],]]
