[327,12,[[328,0],[326,0],[455,0],[454,0],[199,0],]]
[328,8,[[327,0],[329,0],[456,0],[200,0],]]
[329,14,[[330,0],[328,0],[457,0],[456,0],[201,0],]]
[330,7,[[329,0],[331,0],[458,0],[202,0],]]
[331,5,[[332,0],[330,0],[459,0],[458,0],[203,0],]]
[332,18,[[331,0],[333,0],[460,0],[204,0],]]
[333,6,[[334,0],[332,0],[461,0],[460,0],[205,0],]]
[334,3,[[333,0],[335,0],[462,0],[206,0],]]
[335,17,[[336,0],[334,0],[463,0],[462,0],[207,0],]]
[336,11,[[335,0],[337,0],[464,0],[208,0],]]
[337,1,[[338,0],[336,0],[465,0],[464,0],[209,0],]]
[338,13,[[337,0],[339,0],[466,0],[210,0],]]
[339,2,[[340,0],[338,0],[467,0],[466,0],[211,0],]]
[340,13,[[339,0],[341,0],[468,0],[212,0],]]
[341,15,[[342,0],[340,0],[469,0],[468,0],[213,0],]]
[342,19,[[341,0],[343,0],[470,0],[214,0],]]
[343,4,[[344,0],[342,0],[471,0],[470,0],[215,0],]]
[344,17,[[343,0],[345,0],[472,0],[216,0],]]
[345,16,[[346,0],[344,0],[473,0],[472,0],[217,0],]]
[346,19,[[345,0],[347,0],[474,0],[218,0],]]
[347,4,[[348,0],[346,0],[475,0],[474,0],[219,0],]]
[348,6,[[347,0],[349,0],[476,0],[220,0],]]
[349,10,[[350,0],[348,0],[477,0],[476,0],[221,0],]]
[350,3,[[349,0],[351,0],[478,0],[222,0],]]
[351,1,[[352,0],[350,0],[479,0],[478,0],[223,0],]]
[352,11,[[351,0],[353,0],[480,0],[224,0],]]
[353,12,[[354,0],[352,0],[481,0],[480,0],[225,0],]]
[354,12,[[353,0],[355,0],[482,0],[226,0],]]
[355,14,[[356,0],[354,0],[483,0],[482,0],[227,0],]]
[356,4,[[355,0],[357,0],[484,0],[228,0],]]
[357,18,[[358,0],[356,0],[485,0],[484,0],[229,0],]]
[358,19,[[357,0],[359,0],[486,0],[230,0],]]
[359,9,[[360,0],[358,0],[487,0],[486,0],[231,0],]]
[360,7,[[359,0],[361,0],[488,0],[232,0],]]
[361,1,[[362,0],[360,0],[489,0],[488,0],[233,0],]]
[362,10,[[361,0],[363,0],[490,0],[234,0],]]
[363,8,[[364,0],[362,0],[491,0],[490,0],[235,0],]]
[364,5,[[363,0],[365,0],[492,0],[236,0],]]
[365,7,[[366,0],[364,0],[493,0],[492,0],[237,0],]]
[366,5,[[365,0],[367,0],[494,0],[238,0],]]
[367,2,[[368,0],[366,0],[495,0],[494,0],[239,0],]]
[368,4,[[367,0],[369,0],[496,0],[240,0],]]
[369,17,[[370,0],[368,0],[497,0],[496,0],[241,0],]]
[370,9,[[369,0],[371,0],[498,0],[242,0],]]
[371,8,[[372,0],[370,0],[499,0],[498,0],[243,0],]]
[372,10,[[371,0],[373,0],[500,0],[244,0],]]
[373,9,[[374,0],[372,0],[501,0],[500,0],[245,0],]]
[374,10,[[373,0],[375,0],[502,0],[246,0],]]
[375,18,[[376,0],[374,0],[503,0],[502,0],[247,0],]]
[376,4,[[375,0],[377,0],[504,0],[248,0],]]
[377,5,[[378,0],[376,0],[505,0],[504,0],[249,0],]]
[378,10,[[377,0],[379,0],[506,0],[250,0],]]
[379,6,[[380,0],[378,0],[507,0],[506,0],[251,0],]]
[380,18,[[379,0],[381,0],[508,0],[252,0],]]
[381,15,[[382,0],[380,0],[509,0],[508,0],[253,0],]]
[382,4,[[381,0],[383,0],[510,0],[254,0],]]
[383,3,[[382,0],[511,0],[510,0],[255,0],]]
[384,5,[[385,0],[256,0],[257,0],[512,0],]]
[385,4,[[386,0],[384,0],[257,0],[513,0],]]
[386,8,[[385,0],[387,0],[258,0],[259,0],[514,0],]]
[387,8,[[388,0],[386,0],[259,0],[515,0],]]
[388,5,[[387,0],[389,0],[260,0],[261,0],[516,0],]]
[389,18,[[390,0],[388,0],[261,0],[517,0],]]
[390,7,[[389,0],[391,0],[262,0],[263,0],[518,0],]]
[391,4,[[392,0],[390,0],[263,0],[519,0],]]
[392,7,[[391,0],[393,0],[264,0],[265,0],[520,0],]]
[393,9,[[394,0],[392,0],[265,0],[521,0],]]
[394,16,[[393,0],[395,0],[266,0],[267,0],[522,0],]]
[395,19,[[396,0],[394,0],[267,0],[523,0],]]
[396,19,[[395,0],[397,0],[268,0],[269,0],[524,0],]]
[397,6,[[398,0],[396,0],[269,0],[525,0],]]
[398,13,[[397,0],[399,0],[270,0],[271,0],[526,0],]]
[399,16,[[400,0],[398,0],[271,0],[527,0],]]
[400,6,[[399,0],[401,0],[272,0],[273,0],[528,0],]]
[401,1,[[402,0],[400,0],[273,0],[529,0],]]
[402,8,[[401,0],[403,0],[274,0],[275,0],[530,0],]]
[403,1,[[404,0],[402,0],[275,0],[531,0],]]
[404,6,[[403,0],[405,0],[276,0],[277,0],[532,0],]]
[405,7,[[406,0],[404,0],[277,0],[533,0],]]
[406,11,[[405,0],[407,0],[278,0],[279,0],[534,0],]]
[407,9,[[408,0],[406,0],[279,0],[535,0],]]
[408,19,[[407,0],[409,0],[280,0],[281,0],[536,0],]]
[409,15,[[410,0],[408,0],[281,0],[537,0],]]
[410,18,[[409,0],[411,0],[282,0],[283,0],[538,0],]]
[411,4,[[412,0],[410,0],[283,0],[539,0],]]
[412,12,[[411,0],[413,0],[284,0],[285,0],[540,0],]]
[413,12,[[414,0],[412,0],[285,0],[541,0],]]
[414,14,[[413,0],[415,0],[286,0],[287,0],[542,0],]]
[415,17,[[416,0],[414,0],[287,0],[543,0],]]
[416,14,[[415,0],[417,0],[288,0],[289,0],[544,0],]]
[417,18,[[418,0],[416,0],[289,0],[545,0],]]
[418,15,[[417,0],[419,0],[290,0],[291,0],[546,0],]]
[419,2,[[420,0],[418,0],[291,0],[547,0],]]
[420,1,[[419,0],[421,0],[292,0],[293,0],[548,0],]]
[421,10,[[422,0],[420,0],[293,0],[549,0],]]
[422,15,[[421,0],[423,0],[294,0],[295,0],[550,0],]]
[423,11,[[424,0],[422,0],[295,0],[551,0],]]
[424,9,[[423,0],[425,0],[296,0],[297,0],[552,0],]]
[425,2,[[426,0],[424,0],[297,0],[553,0],]]
[426,17,[[425,0],[427,0],[298,0],[299,0],[554,0],]]
[427,4,[[428,0],[426,0],[299,0],[555,0],]]
[428,5,[[427,0],[429,0],[300,0],[301,0],[556,0],]]
[429,8,[[430,0],[428,0],[301,0],[557,0],]]
[430,7,[[429,0],[431,0],[302,0],[303,0],[558,0],]]
[431,4,[[432,0],[430,0],[303,0],[559,0],]]
[432,13,[[431,0],[433,0],[304,0],[305,0],[560,0],]]
[433,5,[[434,0],[432,0],[305,0],[561,0],]]
[434,9,[[433,0],[435,0],[306,0],[307,0],[562,0],]]
[435,8,[[436,0],[434,0],[307,0],[563,0],]]
[436,16,[[435,0],[437,0],[308,0],[309,0],[564,0],]]
[437,10,[[438,0],[436,0],[309,0],[565,0],]]
[438,4,[[437,0],[439,0],[310,0],[311,0],[566,0],]]
[439,9,[[440,0],[438,0],[311,0],[567,0],]]
[440,6,[[439,0],[441,0],[312,0],[313,0],[568,0],]]
[441,2,[[442,0],[440,0],[313,0],[569,0],]]
[442,7,[[441,0],[443,0],[314,0],[315,0],[570,0],]]
[443,4,[[444,0],[442,0],[315,0],[571,0],]]
[444,5,[[443,0],[445,0],[316,0],[317,0],[572,0],]]
[445,12,[[446,0],[444,0],[317,0],[573,0],]]
[446,18,[[445,0],[447,0],[318,0],[319,0],[574,0],]]
[447,12,[[448,0],[446,0],[319,0],[575,0],]]
[448,16,[[447,0],[449,0],[320,0],[321,0],[576,0],]]
[449,2,[[450,0],[448,0],[321,0],[577,0],]]
[450,13,[[449,0],[451,0],[322,0],[323,0],[578,0],]]
[451,16,[[452,0],[450,0],[323,0],[579,0],]]
[452,18,[[451,0],[453,0],[324,0],[325,0],[580,0],]]
[453,12,[[454,0],[452,0],[325,0],[581,0],]]
[454,14,[[453,0],[455,0],[326,0],[327,0],[582,0],]]
[455,18,[[456,0],[454,0],[327,0],[583,0],]]
[456,19,[[455,0],[457,0],[328,0],[329,0],[584,0],]]
[457,15,[[458,0],[456,0],[329,0],[585,0],]]
[458,3,[[457,0],[459,0],[330,0],[331,0],[586,0],]]
[459,14,[[460,0],[458,0],[331,0],[587,0],]]
[460,2,[[459,0],[461,0],[332,0],[333,0],[588,0],]]
[461,12,[[462,0],[460,0],[333,0],[589,0],]]
[462,14,[[461,0],[463,0],[334,0],[335,0],[590,0],]]
[463,11,[[464,0],[462,0],[335,0],[591,0],]]
[464,17,[[463,0],[465,0],[336,0],[337,0],[592,0],]]
[465,9,[[466,0],[464,0],[337,0],[593,0],]]
[466,13,[[465,0],[467,0],[338,0],[339,0],[594,0],]]
[467,15,[[468,0],[466,0],[339,0],[595,0],]]
[468,10,[[467,0],[469,0],[340,0],[341,0],[596,0],]]
[469,7,[[470,0],[468,0],[341,0],[597,0],]]
[470,12,[[469,0],[471,0],[342,0],[343,0],[598,0],]]
[471,19,[[472,0],[470,0],[343,0],[599,0],]]
[472,8,[[471,0],[473,0],[344,0],[345,0],[600,0],]]
[473,8,[[474,0],[472,0],[345,0],[601,0],]]
[474,8,[[473,0],[475,0],[346,0],[347,0],[602,0],]]
[475,9,[[476,0],[474,0],[347,0],[603,0],]]
[476,4,[[475,0],[477,0],[348,0],[349,0],[604,0],]]
[477,11,[[478,0],[476,0],[349,0],[605,0],]]
[478,14,[[477,0],[479,0],[350,0],[351,0],[606,0],]]
[479,7,[[480,0],[478,0],[351,0],[607,0],]]
[480,17,[[479,0],[481,0],[352,0],[353,0],[608,0],]]
[481,13,[[482,0],[480,0],[353,0],[609,0],]]
[482,8,[[481,0],[483,0],[354,0],[355,0],[610,0],]]
[483,9,[[484,0],[482,0],[355,0],[611,0],]]
[484,8,[[483,0],[485,0],[356,0],[357,0],[612,0],]]
[485,1,[[486,0],[484,0],[357,0],[613,0],]]
[486,18,[[485,0],[487,0],[358,0],[359,0],[614,0],]]
[487,4,[[488,0],[486,0],[359,0],[615,0],]]
[488,5,[[487,0],[489,0],[360,0],[361,0],[616,0],]]
[489,19,[[490,0],[488,0],[361,0],[617,0],]]
[490,18,[[489,0],[491,0],[362,0],[363,0],[618,0],]]
