[4423,13,[[4424,0],[4422,0],[4551,0],[4550,0],[4295,0],]]
[4424,18,[[4423,0],[4425,0],[4552,0],[4296,0],]]
[4425,4,[[4426,0],[4424,0],[4553,0],[4552,0],[4297,0],]]
[4426,17,[[4425,0],[4427,0],[4554,0],[4298,0],]]
[4427,18,[[4428,0],[4426,0],[4555,0],[4554,0],[4299,0],]]
[4428,5,[[4427,0],[4429,0],[4556,0],[4300,0],]]
[4429,16,[[4430,0],[4428,0],[4557,0],[4556,0],[4301,0],]]
[4430,10,[[4429,0],[4431,0],[4558,0],[4302,0],]]
[4431,6,[[4432,0],[4430,0],[4559,0],[4558,0],[4303,0],]]
[4432,14,[[4431,0],[4433,0],[4560,0],[4304,0],]]
[4433,19,[[4434,0],[4432,0],[4561,0],[4560,0],[4305,0],]]
[4434,8,[[4433,0],[4435,0],[4562,0],[4306,0],]]
[4435,10,[[4436,0],[4434,0],[4563,0],[4562,0],[4307,0],]]
[4436,10,[[4435,0],[4437,0],[4564,0],[4308,0],]]
[4437,18,[[4438,0],[4436,0],[4565,0],[4564,0],[4309,0],]]
[4438,2,[[4437,0],[4439,0],[4566,0],[4310,0],]]
[4439,15,[[4440,0],[4438,0],[4567,0],[4566,0],[4311,0],]]
[4440,18,[[4439,0],[4441,0],[4568,0],[4312,0],]]
[4441,5,[[4442,0],[4440,0],[4569,0],[4568,0],[4313,0],]]
[4442,12,[[4441,0],[4443,0],[4570,0],[4314,0],]]
[4443,3,[[4444,0],[4442,0],[4571,0],[4570,0],[4315,0],]]
[4444,9,[[4443,0],[4445,0],[4572,0],[4316,0],]]
[4445,9,[[4446,0],[4444,0],[4573,0],[4572,0],[4317,0],]]
[4446,7,[[4445,0],[4447,0],[4574,0],[4318,0],]]
[4447,15,[[4448,0],[4446,0],[4575,0],[4574,0],[4319,0],]]
[4448,9,[[4447,0],[4449,0],[4576,0],[4320,0],]]
[4449,2,[[4450,0],[4448,0],[4577,0],[4576,0],[4321,0],]]
[4450,4,[[4449,0],[4451,0],[4578,0],[4322,0],]]
[4451,1,[[4452,0],[4450,0],[4579,0],[4578,0],[4323,0],]]
[4452,4,[[4451,0],[4453,0],[4580,0],[4324,0],]]
[4453,13,[[4454,0],[4452,0],[4581,0],[4580,0],[4325,0],]]
[4454,12,[[4453,0],[4455,0],[4582,0],[4326,0],]]
[4455,17,[[4456,0],[4454,0],[4583,0],[4582,0],[4327,0],]]
[4456,7,[[4455,0],[4457,0],[4584,0],[4328,0],]]
[4457,17,[[4458,0],[4456,0],[4585,0],[4584,0],[4329,0],]]
[4458,2,[[4457,0],[4459,0],[4586,0],[4330,0],]]
[4459,2,[[4460,0],[4458,0],[4587,0],[4586,0],[4331,0],]]
[4460,15,[[4459,0],[4461,0],[4588,0],[4332,0],]]
[4461,2,[[4462,0],[4460,0],[4589,0],[4588,0],[4333,0],]]
[4462,14,[[4461,0],[4463,0],[4590,0],[4334,0],]]
[4463,13,[[4464,0],[4462,0],[4591,0],[4590,0],[4335,0],]]
[4464,15,[[4463,0],[4465,0],[4592,0],[4336,0],]]
[4465,5,[[4466,0],[4464,0],[4593,0],[4592,0],[4337,0],]]
[4466,2,[[4465,0],[4467,0],[4594,0],[4338,0],]]
[4467,9,[[4468,0],[4466,0],[4595,0],[4594,0],[4339,0],]]
[4468,19,[[4467,0],[4469,0],[4596,0],[4340,0],]]
[4469,12,[[4470,0],[4468,0],[4597,0],[4596,0],[4341,0],]]
[4470,19,[[4469,0],[4471,0],[4598,0],[4342,0],]]
[4471,1,[[4472,0],[4470,0],[4599,0],[4598,0],[4343,0],]]
[4472,9,[[4471,0],[4473,0],[4600,0],[4344,0],]]
[4473,18,[[4474,0],[4472,0],[4601,0],[4600,0],[4345,0],]]
[4474,10,[[4473,0],[4475,0],[4602,0],[4346,0],]]
[4475,13,[[4476,0],[4474,0],[4603,0],[4602,0],[4347,0],]]
[4476,5,[[4475,0],[4477,0],[4604,0],[4348,0],]]
[4477,3,[[4478,0],[4476,0],[4605,0],[4604,0],[4349,0],]]
[4478,10,[[4477,0],[4479,0],[4606,0],[4350,0],]]
[4479,12,[[4478,0],[4607,0],[4606,0],[4351,0],]]
[4480,5,[[4481,0],[4352,0],[4353,0],[4608,0],]]
[4481,3,[[4482,0],[4480,0],[4353,0],[4609,0],]]
[4482,12,[[4481,0],[4483,0],[4354,0],[4355,0],[4610,0],]]
[4483,14,[[4484,0],[4482,0],[4355,0],[4611,0],]]
[4484,14,[[4483,0],[4485,0],[4356,0],[4357,0],[4612,0],]]
[4485,19,[[4486,0],[4484,0],[4357,0],[4613,0],]]
[4486,11,[[4485,0],[4487,0],[4358,0],[4359,0],[4614,0],]]
[4487,15,[[4488,0],[4486,0],[4359,0],[4615,0],]]
[4488,19,[[4487,0],[4489,0],[4360,0],[4361,0],[4616,0],]]
[4489,15,[[4490,0],[4488,0],[4361,0],[4617,0],]]
[4490,8,[[4489,0],[4491,0],[4362,0],[4363,0],[4618,0],]]
[4491,19,[[4492,0],[4490,0],[4363,0],[4619,0],]]
[4492,8,[[4491,0],[4493,0],[4364,0],[4365,0],[4620,0],]]
[4493,2,[[4494,0],[4492,0],[4365,0],[4621,0],]]
[4494,12,[[4493,0],[4495,0],[4366,0],[4367,0],[4622,0],]]
[4495,14,[[4496,0],[4494,0],[4367,0],[4623,0],]]
[4496,14,[[4495,0],[4497,0],[4368,0],[4369,0],[4624,0],]]
[4497,16,[[4498,0],[4496,0],[4369,0],[4625,0],]]
[4498,19,[[4497,0],[4499,0],[4370,0],[4371,0],[4626,0],]]
[4499,5,[[4500,0],[4498,0],[4371,0],[4627,0],]]
[4500,7,[[4499,0],[4501,0],[4372,0],[4373,0],[4628,0],]]
[4501,5,[[4502,0],[4500,0],[4373,0],[4629,0],]]
[4502,11,[[4501,0],[4503,0],[4374,0],[4375,0],[4630,0],]]
[4503,1,[[4504,0],[4502,0],[4375,0],[4631,0],]]
[4504,5,[[4503,0],[4505,0],[4376,0],[4377,0],[4632,0],]]
[4505,3,[[4506,0],[4504,0],[4377,0],[4633,0],]]
[4506,13,[[4505,0],[4507,0],[4378,0],[4379,0],[4634,0],]]
[4507,6,[[4508,0],[4506,0],[4379,0],[4635,0],]]
[4508,8,[[4507,0],[4509,0],[4380,0],[4381,0],[4636,0],]]
[4509,3,[[4510,0],[4508,0],[4381,0],[4637,0],]]
[4510,10,[[4509,0],[4511,0],[4382,0],[4383,0],[4638,0],]]
[4511,4,[[4512,0],[4510,0],[4383,0],[4639,0],]]
[4512,16,[[4511,0],[4513,0],[4384,0],[4385,0],[4640,0],]]
[4513,12,[[4514,0],[4512,0],[4385,0],[4641,0],]]
[4514,10,[[4513,0],[4515,0],[4386,0],[4387,0],[4642,0],]]
[4515,3,[[4516,0],[4514,0],[4387,0],[4643,0],]]
[4516,13,[[4515,0],[4517,0],[4388,0],[4389,0],[4644,0],]]
[4517,14,[[4518,0],[4516,0],[4389,0],[4645,0],]]
[4518,10,[[4517,0],[4519,0],[4390,0],[4391,0],[4646,0],]]
[4519,14,[[4520,0],[4518,0],[4391,0],[4647,0],]]
[4520,16,[[4519,0],[4521,0],[4392,0],[4393,0],[4648,0],]]
[4521,16,[[4522,0],[4520,0],[4393,0],[4649,0],]]
[4522,18,[[4521,0],[4523,0],[4394,0],[4395,0],[4650,0],]]
[4523,17,[[4524,0],[4522,0],[4395,0],[4651,0],]]
[4524,1,[[4523,0],[4525,0],[4396,0],[4397,0],[4652,0],]]
[4525,1,[[4526,0],[4524,0],[4397,0],[4653,0],]]
[4526,14,[[4525,0],[4527,0],[4398,0],[4399,0],[4654,0],]]
[4527,4,[[4528,0],[4526,0],[4399,0],[4655,0],]]
[4528,15,[[4527,0],[4529,0],[4400,0],[4401,0],[4656,0],]]
[4529,3,[[4530,0],[4528,0],[4401,0],[4657,0],]]
[4530,7,[[4529,0],[4531,0],[4402,0],[4403,0],[4658,0],]]
[4531,16,[[4532,0],[4530,0],[4403,0],[4659,0],]]
[4532,8,[[4531,0],[4533,0],[4404,0],[4405,0],[4660,0],]]
[4533,18,[[4534,0],[4532,0],[4405,0],[4661,0],]]
[4534,9,[[4533,0],[4535,0],[4406,0],[4407,0],[4662,0],]]
[4535,18,[[4536,0],[4534,0],[4407,0],[4663,0],]]
[4536,17,[[4535,0],[4537,0],[4408,0],[4409,0],[4664,0],]]
[4537,15,[[4538,0],[4536,0],[4409,0],[4665,0],]]
[4538,13,[[4537,0],[4539,0],[4410,0],[4411,0],[4666,0],]]
[4539,19,[[4540,0],[4538,0],[4411,0],[4667,0],]]
[4540,4,[[4539,0],[4541,0],[4412,0],[4413,0],[4668,0],]]
[4541,6,[[4542,0],[4540,0],[4413,0],[4669,0],]]
[4542,8,[[4541,0],[4543,0],[4414,0],[4415,0],[4670,0],]]
[4543,12,[[4544,0],[4542,0],[4415,0],[4671,0],]]
[4544,17,[[4543,0],[4545,0],[4416,0],[4417,0],[4672,0],]]
[4545,18,[[4546,0],[4544,0],[4417,0],[4673,0],]]
[4546,16,[[4545,0],[4547,0],[4418,0],[4419,0],[4674,0],]]
[4547,12,[[4548,0],[4546,0],[4419,0],[4675,0],]]
[4548,1,[[4547,0],[4549,0],[4420,0],[4421,0],[4676,0],]]
[4549,14,[[4550,0],[4548,0],[4421,0],[4677,0],]]
[4550,12,[[4549,0],[4551,0],[4422,0],[4423,0],[4678,0],]]
[4551,12,[[4552,0],[4550,0],[4423,0],[4679,0],]]
[4552,3,[[4551,0],[4553,0],[4424,0],[4425,0],[4680,0],]]
[4553,15,[[4554,0],[4552,0],[4425,0],[4681,0],]]
[4554,14,[[4553,0],[4555,0],[4426,0],[4427,0],[4682,0],]]
[4555,11,[[4556,0],[4554,0],[4427,0],[4683,0],]]
[4556,19,[[4555,0],[4557,0],[4428,0],[4429,0],[4684,0],]]
[4557,14,[[4558,0],[4556,0],[4429,0],[4685,0],]]
[4558,9,[[4557,0],[4559,0],[4430,0],[4431,0],[4686,0],]]
[4559,5,[[4560,0],[4558,0],[4431,0],[4687,0],]]
[4560,13,[[4559,0],[4561,0],[4432,0],[4433,0],[4688,0],]]
[4561,13,[[4562,0],[4560,0],[4433,0],[4689,0],]]
[4562,11,[[4561,0],[4563,0],[4434,0],[4435,0],[4690,0],]]
[4563,5,[[4564,0],[4562,0],[4435,0],[4691,0],]]
[4564,19,[[4563,0],[4565,0],[4436,0],[4437,0],[4692,0],]]
[4565,2,[[4566,0],[4564,0],[4437,0],[4693,0],]]
[4566,1,[[4565,0],[4567,0],[4438,0],[4439,0],[4694,0],]]
[4567,19,[[4568,0],[4566,0],[4439,0],[4695,0],]]
[4568,19,[[4567,0],[4569,0],[4440,0],[4441,0],[4696,0],]]
[4569,11,[[4570,0],[4568,0],[4441,0],[4697,0],]]
[4570,18,[[4569,0],[4571,0],[4442,0],[4443,0],[4698,0],]]
[4571,15,[[4572,0],[4570,0],[4443,0],[4699,0],]]
[4572,11,[[4571,0],[4573,0],[4444,0],[4445,0],[4700,0],]]
[4573,2,[[4574,0],[4572,0],[4445,0],[4701,0],]]
[4574,3,[[4573,0],[4575,0],[4446,0],[4447,0],[4702,0],]]
[4575,18,[[4576,0],[4574,0],[4447,0],[4703,0],]]
[4576,1,[[4575,0],[4577,0],[4448,0],[4449,0],[4704,0],]]
[4577,14,[[4578,0],[4576,0],[4449,0],[4705,0],]]
[4578,1,[[4577,0],[4579,0],[4450,0],[4451,0],[4706,0],]]
[4579,15,[[4580,0],[4578,0],[4451,0],[4707,0],]]
[4580,3,[[4579,0],[4581,0],[4452,0],[4453,0],[4708,0],]]
[4581,14,[[4582,0],[4580,0],[4453,0],[4709,0],]]
[4582,5,[[4581,0],[4583,0],[4454,0],[4455,0],[4710,0],]]
[4583,10,[[4584,0],[4582,0],[4455,0],[4711,0],]]
[4584,2,[[4583,0],[4585,0],[4456,0],[4457,0],[4712,0],]]
[4585,17,[[4586,0],[4584,0],[4457,0],[4713,0],]]
[4586,12,[[4585,0],[4587,0],[4458,0],[4459,0],[4714,0],]]
