[3768,12,[[3767,0],[3769,0],[3640,0],[3641,0],[3896,0],]]
[3769,6,[[3770,0],[3768,0],[3641,0],[3897,0],]]
[3770,14,[[3769,0],[3771,0],[3642,0],[3643,0],[3898,0],]]
[3771,5,[[3772,0],[3770,0],[3643,0],[3899,0],]]
[3772,1,[[3771,0],[3773,0],[3644,0],[3645,0],[3900,0],]]
[3773,15,[[3774,0],[3772,0],[3645,0],[3901,0],]]
[3774,8,[[3773,0],[3775,0],[3646,0],[3647,0],[3902,0],]]
[3775,16,[[3776,0],[3774,0],[3647,0],[3903,0],]]
[3776,18,[[3775,0],[3777,0],[3648,0],[3649,0],[3904,0],]]
[3777,13,[[3778,0],[3776,0],[3649,0],[3905,0],]]
[3778,11,[[3777,0],[3779,0],[3650,0],[3651,0],[3906,0],]]
[3779,3,[[3780,0],[3778,0],[3651,0],[3907,0],]]
[3780,8,[[3779,0],[3781,0],[3652,0],[3653,0],[3908,0],]]
[3781,4,[[3782,0],[3780,0],[3653,0],[3909,0],]]
[3782,8,[[3781,0],[3783,0],[3654,0],[3655,0],[3910,0],]]
[3783,11,[[3784,0],[3782,0],[3655,0],[3911,0],]]
[3784,2,[[3783,0],[3785,0],[3656,0],[3657,0],[3912,0],]]
[3785,1,[[3786,0],[3784,0],[3657,0],[3913,0],]]
[3786,12,[[3785,0],[3787,0],[3658,0],[3659,0],[3914,0],]]
[3787,14,[[3788,0],[3786,0],[3659,0],[3915,0],]]
[3788,17,[[3787,0],[3789,0],[3660,0],[3661,0],[3916,0],]]
[3789,18,[[3790,0],[3788,0],[3661,0],[3917,0],]]
[3790,13,[[3789,0],[3791,0],[3662,0],[3663,0],[3918,0],]]
[3791,15,[[3792,0],[3790,0],[3663,0],[3919,0],]]
[3792,5,[[3791,0],[3793,0],[3664,0],[3665,0],[3920,0],]]
[3793,14,[[3794,0],[3792,0],[3665,0],[3921,0],]]
[3794,13,[[3793,0],[3795,0],[3666,0],[3667,0],[3922,0],]]
[3795,14,[[3796,0],[3794,0],[3667,0],[3923,0],]]
[3796,17,[[3795,0],[3797,0],[3668,0],[3669,0],[3924,0],]]
[3797,3,[[3798,0],[3796,0],[3669,0],[3925,0],]]
[3798,14,[[3797,0],[3799,0],[3670,0],[3671,0],[3926,0],]]
[3799,19,[[3800,0],[3798,0],[3671,0],[3927,0],]]
[3800,18,[[3799,0],[3801,0],[3672,0],[3673,0],[3928,0],]]
[3801,6,[[3802,0],[3800,0],[3673,0],[3929,0],]]
[3802,10,[[3801,0],[3803,0],[3674,0],[3675,0],[3930,0],]]
[3803,19,[[3804,0],[3802,0],[3675,0],[3931,0],]]
[3804,17,[[3803,0],[3805,0],[3676,0],[3677,0],[3932,0],]]
[3805,2,[[3806,0],[3804,0],[3677,0],[3933,0],]]
[3806,6,[[3805,0],[3807,0],[3678,0],[3679,0],[3934,0],]]
[3807,11,[[3808,0],[3806,0],[3679,0],[3935,0],]]
[3808,9,[[3807,0],[3809,0],[3680,0],[3681,0],[3936,0],]]
[3809,1,[[3810,0],[3808,0],[3681,0],[3937,0],]]
[3810,9,[[3809,0],[3811,0],[3682,0],[3683,0],[3938,0],]]
[3811,18,[[3812,0],[3810,0],[3683,0],[3939,0],]]
[3812,5,[[3811,0],[3813,0],[3684,0],[3685,0],[3940,0],]]
[3813,8,[[3814,0],[3812,0],[3685,0],[3941,0],]]
[3814,4,[[3813,0],[3815,0],[3686,0],[3687,0],[3942,0],]]
[3815,19,[[3816,0],[3814,0],[3687,0],[3943,0],]]
[3816,1,[[3815,0],[3817,0],[3688,0],[3689,0],[3944,0],]]
[3817,13,[[3818,0],[3816,0],[3689,0],[3945,0],]]
[3818,16,[[3817,0],[3819,0],[3690,0],[3691,0],[3946,0],]]
[3819,16,[[3820,0],[3818,0],[3691,0],[3947,0],]]
[3820,13,[[3819,0],[3821,0],[3692,0],[3693,0],[3948,0],]]
[3821,1,[[3822,0],[3820,0],[3693,0],[3949,0],]]
[3822,2,[[3821,0],[3823,0],[3694,0],[3695,0],[3950,0],]]
[3823,3,[[3824,0],[3822,0],[3695,0],[3951,0],]]
[3824,9,[[3823,0],[3825,0],[3696,0],[3697,0],[3952,0],]]
[3825,8,[[3826,0],[3824,0],[3697,0],[3953,0],]]
[3826,13,[[3825,0],[3827,0],[3698,0],[3699,0],[3954,0],]]
[3827,18,[[3828,0],[3826,0],[3699,0],[3955,0],]]
[3828,15,[[3827,0],[3829,0],[3700,0],[3701,0],[3956,0],]]
[3829,11,[[3830,0],[3828,0],[3701,0],[3957,0],]]
[3830,18,[[3829,0],[3831,0],[3702,0],[3703,0],[3958,0],]]
[3831,6,[[3832,0],[3830,0],[3703,0],[3959,0],]]
[3832,12,[[3831,0],[3833,0],[3704,0],[3705,0],[3960,0],]]
[3833,3,[[3834,0],[3832,0],[3705,0],[3961,0],]]
[3834,16,[[3833,0],[3835,0],[3706,0],[3707,0],[3962,0],]]
[3835,2,[[3836,0],[3834,0],[3707,0],[3963,0],]]
[3836,7,[[3835,0],[3837,0],[3708,0],[3709,0],[3964,0],]]
[3837,17,[[3838,0],[3836,0],[3709,0],[3965,0],]]
[3838,19,[[3837,0],[3839,0],[3710,0],[3711,0],[3966,0],]]
[3839,18,[[3838,0],[3711,0],[3967,0],]]
[3840,18,[[3841,0],[3968,0],[3712,0],]]
[3841,4,[[3842,0],[3840,0],[3969,0],[3968,0],[3713,0],]]
[3842,4,[[3841,0],[3843,0],[3970,0],[3714,0],]]
[3843,17,[[3844,0],[3842,0],[3971,0],[3970,0],[3715,0],]]
[3844,11,[[3843,0],[3845,0],[3972,0],[3716,0],]]
[3845,16,[[3846,0],[3844,0],[3973,0],[3972,0],[3717,0],]]
[3846,2,[[3845,0],[3847,0],[3974,0],[3718,0],]]
[3847,19,[[3848,0],[3846,0],[3975,0],[3974,0],[3719,0],]]
[3848,19,[[3847,0],[3849,0],[3976,0],[3720,0],]]
[3849,12,[[3850,0],[3848,0],[3977,0],[3976,0],[3721,0],]]
[3850,17,[[3849,0],[3851,0],[3978,0],[3722,0],]]
[3851,6,[[3852,0],[3850,0],[3979,0],[3978,0],[3723,0],]]
[3852,13,[[3851,0],[3853,0],[3980,0],[3724,0],]]
[3853,5,[[3854,0],[3852,0],[3981,0],[3980,0],[3725,0],]]
[3854,19,[[3853,0],[3855,0],[3982,0],[3726,0],]]
[3855,3,[[3856,0],[3854,0],[3983,0],[3982,0],[3727,0],]]
[3856,6,[[3855,0],[3857,0],[3984,0],[3728,0],]]
[3857,16,[[3858,0],[3856,0],[3985,0],[3984,0],[3729,0],]]
[3858,11,[[3857,0],[3859,0],[3986,0],[3730,0],]]
[3859,8,[[3860,0],[3858,0],[3987,0],[3986,0],[3731,0],]]
[3860,8,[[3859,0],[3861,0],[3988,0],[3732,0],]]
[3861,9,[[3862,0],[3860,0],[3989,0],[3988,0],[3733,0],]]
[3862,2,[[3861,0],[3863,0],[3990,0],[3734,0],]]
[3863,5,[[3864,0],[3862,0],[3991,0],[3990,0],[3735,0],]]
[3864,2,[[3863,0],[3865,0],[3992,0],[3736,0],]]
[3865,17,[[3866,0],[3864,0],[3993,0],[3992,0],[3737,0],]]
[3866,16,[[3865,0],[3867,0],[3994,0],[3738,0],]]
[3867,18,[[3868,0],[3866,0],[3995,0],[3994,0],[3739,0],]]
[3868,9,[[3867,0],[3869,0],[3996,0],[3740,0],]]
[3869,13,[[3870,0],[3868,0],[3997,0],[3996,0],[3741,0],]]
[3870,5,[[3869,0],[3871,0],[3998,0],[3742,0],]]
[3871,10,[[3872,0],[3870,0],[3999,0],[3998,0],[3743,0],]]
[3872,2,[[3871,0],[3873,0],[4000,0],[3744,0],]]
[3873,2,[[3874,0],[3872,0],[4001,0],[4000,0],[3745,0],]]
[3874,18,[[3873,0],[3875,0],[4002,0],[3746,0],]]
[3875,4,[[3876,0],[3874,0],[4003,0],[4002,0],[3747,0],]]
[3876,12,[[3875,0],[3877,0],[4004,0],[3748,0],]]
[3877,12,[[3878,0],[3876,0],[4005,0],[4004,0],[3749,0],]]
[3878,6,[[3877,0],[3879,0],[4006,0],[3750,0],]]
[3879,9,[[3880,0],[3878,0],[4007,0],[4006,0],[3751,0],]]
[3880,15,[[3879,0],[3881,0],[4008,0],[3752,0],]]
[3881,11,[[3882,0],[3880,0],[4009,0],[4008,0],[3753,0],]]
[3882,5,[[3881,0],[3883,0],[4010,0],[3754,0],]]
[3883,12,[[3884,0],[3882,0],[4011,0],[4010,0],[3755,0],]]
[3884,18,[[3883,0],[3885,0],[4012,0],[3756,0],]]
[3885,17,[[3886,0],[3884,0],[4013,0],[4012,0],[3757,0],]]
[3886,3,[[3885,0],[3887,0],[4014,0],[3758,0],]]
[3887,18,[[3888,0],[3886,0],[4015,0],[4014,0],[3759,0],]]
[3888,18,[[3887,0],[3889,0],[4016,0],[3760,0],]]
[3889,7,[[3890,0],[3888,0],[4017,0],[4016,0],[3761,0],]]
[3890,10,[[3889,0],[3891,0],[4018,0],[3762,0],]]
[3891,16,[[3892,0],[3890,0],[4019,0],[4018,0],[3763,0],]]
[3892,18,[[3891,0],[3893,0],[4020,0],[3764,0],]]
[3893,12,[[3894,0],[3892,0],[4021,0],[4020,0],[3765,0],]]
[3894,8,[[3893,0],[3895,0],[4022,0],[3766,0],]]
[3895,10,[[3896,0],[3894,0],[4023,0],[4022,0],[3767,0],]]
[3896,2,[[3895,0],[3897,0],[4024,0],[3768,0],]]
[3897,11,[[3898,0],[3896,0],[4025,0],[4024,0],[3769,0],]]
[3898,12,[[3897,0],[3899,0],[4026,0],[3770,0],]]
[3899,12,[[3900,0],[3898,0],[4027,0],[4026,0],[3771,0],]]
[3900,14,[[3899,0],[3901,0],[4028,0],[3772,0],]]
[3901,2,[[3902,0],[3900,0],[4029,0],[4028,0],[3773,0],]]
[3902,17,[[3901,0],[3903,0],[4030,0],[3774,0],]]
[3903,9,[[3904,0],[3902,0],[4031,0],[4030,0],[3775,0],]]
[3904,2,[[3903,0],[3905,0],[4032,0],[3776,0],]]
[3905,10,[[3906,0],[3904,0],[4033,0],[4032,0],[3777,0],]]
[3906,1,[[3905,0],[3907,0],[4034,0],[3778,0],]]
[3907,19,[[3908,0],[3906,0],[4035,0],[4034,0],[3779,0],]]
[3908,11,[[3907,0],[3909,0],[4036,0],[3780,0],]]
[3909,5,[[3910,0],[3908,0],[4037,0],[4036,0],[3781,0],]]
[3910,14,[[3909,0],[3911,0],[4038,0],[3782,0],]]
[3911,2,[[3912,0],[3910,0],[4039,0],[4038,0],[3783,0],]]
[3912,18,[[3911,0],[3913,0],[4040,0],[3784,0],]]
[3913,5,[[3914,0],[3912,0],[4041,0],[4040,0],[3785,0],]]
[3914,8,[[3913,0],[3915,0],[4042,0],[3786,0],]]
[3915,6,[[3916,0],[3914,0],[4043,0],[4042,0],[3787,0],]]
[3916,15,[[3915,0],[3917,0],[4044,0],[3788,0],]]
[3917,10,[[3918,0],[3916,0],[4045,0],[4044,0],[3789,0],]]
[3918,2,[[3917,0],[3919,0],[4046,0],[3790,0],]]
[3919,13,[[3920,0],[3918,0],[4047,0],[4046,0],[3791,0],]]
[3920,15,[[3919,0],[3921,0],[4048,0],[3792,0],]]
[3921,14,[[3922,0],[3920,0],[4049,0],[4048,0],[3793,0],]]
[3922,11,[[3921,0],[3923,0],[4050,0],[3794,0],]]
[3923,2,[[3924,0],[3922,0],[4051,0],[4050,0],[3795,0],]]
[3924,6,[[3923,0],[3925,0],[4052,0],[3796,0],]]
[3925,8,[[3926,0],[3924,0],[4053,0],[4052,0],[3797,0],]]
[3926,19,[[3925,0],[3927,0],[4054,0],[3798,0],]]
[3927,8,[[3928,0],[3926,0],[4055,0],[4054,0],[3799,0],]]
[3928,18,[[3927,0],[3929,0],[4056,0],[3800,0],]]
[3929,15,[[3930,0],[3928,0],[4057,0],[4056,0],[3801,0],]]
[3930,13,[[3929,0],[3931,0],[4058,0],[3802,0],]]
[3931,18,[[3932,0],[3930,0],[4059,0],[4058,0],[3803,0],]]
