[4096,11,[[4097,0],[4224,0],[3968,0],]]
[4097,16,[[4098,0],[4096,0],[4225,0],[4224,0],[3969,0],]]
[4098,17,[[4097,0],[4099,0],[4226,0],[3970,0],]]
[4099,9,[[4100,0],[4098,0],[4227,0],[4226,0],[3971,0],]]
[4100,12,[[4099,0],[4101,0],[4228,0],[3972,0],]]
[4101,5,[[4102,0],[4100,0],[4229,0],[4228,0],[3973,0],]]
[4102,15,[[4101,0],[4103,0],[4230,0],[3974,0],]]
[4103,7,[[4104,0],[4102,0],[4231,0],[4230,0],[3975,0],]]
[4104,17,[[4103,0],[4105,0],[4232,0],[3976,0],]]
[4105,17,[[4106,0],[4104,0],[4233,0],[4232,0],[3977,0],]]
[4106,18,[[4105,0],[4107,0],[4234,0],[3978,0],]]
[4107,2,[[4108,0],[4106,0],[4235,0],[4234,0],[3979,0],]]
[4108,14,[[4107,0],[4109,0],[4236,0],[3980,0],]]
[4109,19,[[4110,0],[4108,0],[4237,0],[4236,0],[3981,0],]]
[4110,16,[[4109,0],[4111,0],[4238,0],[3982,0],]]
[4111,5,[[4112,0],[4110,0],[4239,0],[4238,0],[3983,0],]]
[4112,14,[[4111,0],[4113,0],[4240,0],[3984,0],]]
[4113,4,[[4114,0],[4112,0],[4241,0],[4240,0],[3985,0],]]
[4114,5,[[4113,0],[4115,0],[4242,0],[3986,0],]]
[4115,13,[[4116,0],[4114,0],[4243,0],[4242,0],[3987,0],]]
[4116,2,[[4115,0],[4117,0],[4244,0],[3988,0],]]
[4117,5,[[4118,0],[4116,0],[4245,0],[4244,0],[3989,0],]]
[4118,17,[[4117,0],[4119,0],[4246,0],[3990,0],]]
[4119,4,[[4120,0],[4118,0],[4247,0],[4246,0],[3991,0],]]
[4120,19,[[4119,0],[4121,0],[4248,0],[3992,0],]]
[4121,17,[[4122,0],[4120,0],[4249,0],[4248,0],[3993,0],]]
[4122,2,[[4121,0],[4123,0],[4250,0],[3994,0],]]
[4123,11,[[4124,0],[4122,0],[4251,0],[4250,0],[3995,0],]]
[4124,9,[[4123,0],[4125,0],[4252,0],[3996,0],]]
[4125,18,[[4126,0],[4124,0],[4253,0],[4252,0],[3997,0],]]
[4126,7,[[4125,0],[4127,0],[4254,0],[3998,0],]]
[4127,6,[[4128,0],[4126,0],[4255,0],[4254,0],[3999,0],]]
[4128,5,[[4127,0],[4129,0],[4256,0],[4000,0],]]
[4129,1,[[4130,0],[4128,0],[4257,0],[4256,0],[4001,0],]]
[4130,6,[[4129,0],[4131,0],[4258,0],[4002,0],]]
[4131,19,[[4132,0],[4130,0],[4259,0],[4258,0],[4003,0],]]
[4132,8,[[4131,0],[4133,0],[4260,0],[4004,0],]]
[4133,7,[[4134,0],[4132,0],[4261,0],[4260,0],[4005,0],]]
[4134,11,[[4133,0],[4135,0],[4262,0],[4006,0],]]
[4135,1,[[4136,0],[4134,0],[4263,0],[4262,0],[4007,0],]]
[4136,18,[[4135,0],[4137,0],[4264,0],[4008,0],]]
[4137,3,[[4138,0],[4136,0],[4265,0],[4264,0],[4009,0],]]
[4138,17,[[4137,0],[4139,0],[4266,0],[4010,0],]]
[4139,10,[[4140,0],[4138,0],[4267,0],[4266,0],[4011,0],]]
[4140,1,[[4139,0],[4141,0],[4268,0],[4012,0],]]
[4141,15,[[4142,0],[4140,0],[4269,0],[4268,0],[4013,0],]]
[4142,17,[[4141,0],[4143,0],[4270,0],[4014,0],]]
[4143,17,[[4144,0],[4142,0],[4271,0],[4270,0],[4015,0],]]
[4144,4,[[4143,0],[4145,0],[4272,0],[4016,0],]]
[4145,1,[[4146,0],[4144,0],[4273,0],[4272,0],[4017,0],]]
[4146,15,[[4145,0],[4147,0],[4274,0],[4018,0],]]
[4147,12,[[4148,0],[4146,0],[4275,0],[4274,0],[4019,0],]]
[4148,19,[[4147,0],[4149,0],[4276,0],[4020,0],]]
[4149,11,[[4150,0],[4148,0],[4277,0],[4276,0],[4021,0],]]
[4150,15,[[4149,0],[4151,0],[4278,0],[4022,0],]]
[4151,19,[[4152,0],[4150,0],[4279,0],[4278,0],[4023,0],]]
[4152,17,[[4151,0],[4153,0],[4280,0],[4024,0],]]
[4153,2,[[4154,0],[4152,0],[4281,0],[4280,0],[4025,0],]]
[4154,18,[[4153,0],[4155,0],[4282,0],[4026,0],]]
[4155,2,[[4156,0],[4154,0],[4283,0],[4282,0],[4027,0],]]
[4156,15,[[4155,0],[4157,0],[4284,0],[4028,0],]]
[4157,8,[[4158,0],[4156,0],[4285,0],[4284,0],[4029,0],]]
[4158,2,[[4157,0],[4159,0],[4286,0],[4030,0],]]
[4159,7,[[4160,0],[4158,0],[4287,0],[4286,0],[4031,0],]]
[4160,1,[[4159,0],[4161,0],[4288,0],[4032,0],]]
[4161,12,[[4162,0],[4160,0],[4289,0],[4288,0],[4033,0],]]
[4162,14,[[4161,0],[4163,0],[4290,0],[4034,0],]]
[4163,13,[[4164,0],[4162,0],[4291,0],[4290,0],[4035,0],]]
[4164,16,[[4163,0],[4165,0],[4292,0],[4036,0],]]
[4165,12,[[4166,0],[4164,0],[4293,0],[4292,0],[4037,0],]]
[4166,15,[[4165,0],[4167,0],[4294,0],[4038,0],]]
[4167,13,[[4168,0],[4166,0],[4295,0],[4294,0],[4039,0],]]
[4168,10,[[4167,0],[4169,0],[4296,0],[4040,0],]]
[4169,4,[[4170,0],[4168,0],[4297,0],[4296,0],[4041,0],]]
[4170,6,[[4169,0],[4171,0],[4298,0],[4042,0],]]
[4171,9,[[4172,0],[4170,0],[4299,0],[4298,0],[4043,0],]]
[4172,9,[[4171,0],[4173,0],[4300,0],[4044,0],]]
[4173,4,[[4174,0],[4172,0],[4301,0],[4300,0],[4045,0],]]
[4174,9,[[4173,0],[4175,0],[4302,0],[4046,0],]]
[4175,19,[[4176,0],[4174,0],[4303,0],[4302,0],[4047,0],]]
[4176,6,[[4175,0],[4177,0],[4304,0],[4048,0],]]
[4177,16,[[4178,0],[4176,0],[4305,0],[4304,0],[4049,0],]]
[4178,16,[[4177,0],[4179,0],[4306,0],[4050,0],]]
[4179,5,[[4180,0],[4178,0],[4307,0],[4306,0],[4051,0],]]
[4180,9,[[4179,0],[4181,0],[4308,0],[4052,0],]]
[4181,19,[[4182,0],[4180,0],[4309,0],[4308,0],[4053,0],]]
[4182,2,[[4181,0],[4183,0],[4310,0],[4054,0],]]
[4183,11,[[4184,0],[4182,0],[4311,0],[4310,0],[4055,0],]]
[4184,9,[[4183,0],[4185,0],[4312,0],[4056,0],]]
[4185,17,[[4186,0],[4184,0],[4313,0],[4312,0],[4057,0],]]
[4186,14,[[4185,0],[4187,0],[4314,0],[4058,0],]]
[4187,5,[[4188,0],[4186,0],[4315,0],[4314,0],[4059,0],]]
[4188,12,[[4187,0],[4189,0],[4316,0],[4060,0],]]
[4189,19,[[4190,0],[4188,0],[4317,0],[4316,0],[4061,0],]]
[4190,13,[[4189,0],[4191,0],[4318,0],[4062,0],]]
[4191,19,[[4192,0],[4190,0],[4319,0],[4318,0],[4063,0],]]
[4192,3,[[4191,0],[4193,0],[4320,0],[4064,0],]]
[4193,6,[[4194,0],[4192,0],[4321,0],[4320,0],[4065,0],]]
[4194,16,[[4193,0],[4195,0],[4322,0],[4066,0],]]
[4195,6,[[4196,0],[4194,0],[4323,0],[4322,0],[4067,0],]]
[4196,1,[[4195,0],[4197,0],[4324,0],[4068,0],]]
[4197,15,[[4198,0],[4196,0],[4325,0],[4324,0],[4069,0],]]
[4198,4,[[4197,0],[4199,0],[4326,0],[4070,0],]]
[4199,18,[[4200,0],[4198,0],[4327,0],[4326,0],[4071,0],]]
[4200,1,[[4199,0],[4201,0],[4328,0],[4072,0],]]
[4201,11,[[4202,0],[4200,0],[4329,0],[4328,0],[4073,0],]]
[4202,1,[[4201,0],[4203,0],[4330,0],[4074,0],]]
[4203,12,[[4204,0],[4202,0],[4331,0],[4330,0],[4075,0],]]
[4204,5,[[4203,0],[4205,0],[4332,0],[4076,0],]]
[4205,1,[[4206,0],[4204,0],[4333,0],[4332,0],[4077,0],]]
[4206,3,[[4205,0],[4207,0],[4334,0],[4078,0],]]
[4207,19,[[4208,0],[4206,0],[4335,0],[4334,0],[4079,0],]]
[4208,3,[[4207,0],[4209,0],[4336,0],[4080,0],]]
[4209,12,[[4210,0],[4208,0],[4337,0],[4336,0],[4081,0],]]
[4210,2,[[4209,0],[4211,0],[4338,0],[4082,0],]]
[4211,2,[[4212,0],[4210,0],[4339,0],[4338,0],[4083,0],]]
[4212,12,[[4211,0],[4213,0],[4340,0],[4084,0],]]
[4213,16,[[4214,0],[4212,0],[4341,0],[4340,0],[4085,0],]]
[4214,5,[[4213,0],[4215,0],[4342,0],[4086,0],]]
[4215,6,[[4216,0],[4214,0],[4343,0],[4342,0],[4087,0],]]
[4216,1,[[4215,0],[4217,0],[4344,0],[4088,0],]]
[4217,10,[[4218,0],[4216,0],[4345,0],[4344,0],[4089,0],]]
[4218,1,[[4217,0],[4219,0],[4346,0],[4090,0],]]
[4219,4,[[4220,0],[4218,0],[4347,0],[4346,0],[4091,0],]]
[4220,3,[[4219,0],[4221,0],[4348,0],[4092,0],]]
[4221,6,[[4222,0],[4220,0],[4349,0],[4348,0],[4093,0],]]
[4222,6,[[4221,0],[4223,0],[4350,0],[4094,0],]]
[4223,9,[[4222,0],[4351,0],[4350,0],[4095,0],]]
[4224,15,[[4225,0],[4096,0],[4097,0],[4352,0],]]
[4225,11,[[4226,0],[4224,0],[4097,0],[4353,0],]]
[4226,15,[[4225,0],[4227,0],[4098,0],[4099,0],[4354,0],]]
[4227,11,[[4228,0],[4226,0],[4099,0],[4355,0],]]
[4228,12,[[4227,0],[4229,0],[4100,0],[4101,0],[4356,0],]]
[4229,6,[[4230,0],[4228,0],[4101,0],[4357,0],]]
[4230,1,[[4229,0],[4231,0],[4102,0],[4103,0],[4358,0],]]
[4231,2,[[4232,0],[4230,0],[4103,0],[4359,0],]]
[4232,14,[[4231,0],[4233,0],[4104,0],[4105,0],[4360,0],]]
[4233,15,[[4234,0],[4232,0],[4105,0],[4361,0],]]
[4234,10,[[4233,0],[4235,0],[4106,0],[4107,0],[4362,0],]]
[4235,12,[[4236,0],[4234,0],[4107,0],[4363,0],]]
[4236,14,[[4235,0],[4237,0],[4108,0],[4109,0],[4364,0],]]
[4237,10,[[4238,0],[4236,0],[4109,0],[4365,0],]]
[4238,10,[[4237,0],[4239,0],[4110,0],[4111,0],[4366,0],]]
[4239,15,[[4240,0],[4238,0],[4111,0],[4367,0],]]
[4240,6,[[4239,0],[4241,0],[4112,0],[4113,0],[4368,0],]]
[4241,8,[[4242,0],[4240,0],[4113,0],[4369,0],]]
[4242,7,[[4241,0],[4243,0],[4114,0],[4115,0],[4370,0],]]
[4243,14,[[4244,0],[4242,0],[4115,0],[4371,0],]]
[4244,7,[[4243,0],[4245,0],[4116,0],[4117,0],[4372,0],]]
[4245,9,[[4246,0],[4244,0],[4117,0],[4373,0],]]
[4246,18,[[4245,0],[4247,0],[4118,0],[4119,0],[4374,0],]]
[4247,8,[[4248,0],[4246,0],[4119,0],[4375,0],]]
[4248,7,[[4247,0],[4249,0],[4120,0],[4121,0],[4376,0],]]
[4249,14,[[4250,0],[4248,0],[4121,0],[4377,0],]]
[4250,13,[[4249,0],[4251,0],[4122,0],[4123,0],[4378,0],]]
[4251,18,[[4252,0],[4250,0],[4123,0],[4379,0],]]
[4252,14,[[4251,0],[4253,0],[4124,0],[4125,0],[4380,0],]]
[4253,3,[[4254,0],[4252,0],[4125,0],[4381,0],]]
[4254,19,[[4253,0],[4255,0],[4126,0],[4127,0],[4382,0],]]
[4255,3,[[4256,0],[4254,0],[4127,0],[4383,0],]]
[4256,7,[[4255,0],[4257,0],[4128,0],[4129,0],[4384,0],]]
[4257,16,[[4258,0],[4256,0],[4129,0],[4385,0],]]
[4258,16,[[4257,0],[4259,0],[4130,0],[4131,0],[4386,0],]]
