[3276,8,[[3275,0],[3277,0],[3148,0],[3149,0],[3404,0],]]
[3277,4,[[3278,0],[3276,0],[3149,0],[3405,0],]]
[3278,15,[[3277,0],[3279,0],[3150,0],[3151,0],[3406,0],]]
[3279,16,[[3280,0],[3278,0],[3151,0],[3407,0],]]
[3280,16,[[3279,0],[3281,0],[3152,0],[3153,0],[3408,0],]]
[3281,1,[[3282,0],[3280,0],[3153,0],[3409,0],]]
[3282,5,[[3281,0],[3283,0],[3154,0],[3155,0],[3410,0],]]
[3283,6,[[3284,0],[3282,0],[3155,0],[3411,0],]]
[3284,8,[[3283,0],[3285,0],[3156,0],[3157,0],[3412,0],]]
[3285,19,[[3286,0],[3284,0],[3157,0],[3413,0],]]
[3286,9,[[3285,0],[3287,0],[3158,0],[3159,0],[3414,0],]]
[3287,10,[[3288,0],[3286,0],[3159,0],[3415,0],]]
[3288,7,[[3287,0],[3289,0],[3160,0],[3161,0],[3416,0],]]
[3289,16,[[3290,0],[3288,0],[3161,0],[3417,0],]]
[3290,19,[[3289,0],[3291,0],[3162,0],[3163,0],[3418,0],]]
[3291,5,[[3292,0],[3290,0],[3163,0],[3419,0],]]
[3292,3,[[3291,0],[3293,0],[3164,0],[3165,0],[3420,0],]]
[3293,10,[[3294,0],[3292,0],[3165,0],[3421,0],]]
[3294,14,[[3293,0],[3295,0],[3166,0],[3167,0],[3422,0],]]
[3295,2,[[3296,0],[3294,0],[3167,0],[3423,0],]]
[3296,12,[[3295,0],[3297,0],[3168,0],[3169,0],[3424,0],]]
[3297,1,[[3298,0],[3296,0],[3169,0],[3425,0],]]
[3298,14,[[3297,0],[3299,0],[3170,0],[3171,0],[3426,0],]]
[3299,7,[[3300,0],[3298,0],[3171,0],[3427,0],]]
[3300,5,[[3299,0],[3301,0],[3172,0],[3173,0],[3428,0],]]
[3301,15,[[3302,0],[3300,0],[3173,0],[3429,0],]]
[3302,13,[[3301,0],[3303,0],[3174,0],[3175,0],[3430,0],]]
[3303,19,[[3304,0],[3302,0],[3175,0],[3431,0],]]
[3304,9,[[3303,0],[3305,0],[3176,0],[3177,0],[3432,0],]]
[3305,10,[[3306,0],[3304,0],[3177,0],[3433,0],]]
[3306,13,[[3305,0],[3307,0],[3178,0],[3179,0],[3434,0],]]
[3307,19,[[3308,0],[3306,0],[3179,0],[3435,0],]]
[3308,12,[[3307,0],[3309,0],[3180,0],[3181,0],[3436,0],]]
[3309,9,[[3310,0],[3308,0],[3181,0],[3437,0],]]
[3310,2,[[3309,0],[3311,0],[3182,0],[3183,0],[3438,0],]]
[3311,8,[[3312,0],[3310,0],[3183,0],[3439,0],]]
[3312,19,[[3311,0],[3313,0],[3184,0],[3185,0],[3440,0],]]
[3313,12,[[3314,0],[3312,0],[3185,0],[3441,0],]]
[3314,7,[[3313,0],[3315,0],[3186,0],[3187,0],[3442,0],]]
[3315,3,[[3316,0],[3314,0],[3187,0],[3443,0],]]
[3316,7,[[3315,0],[3317,0],[3188,0],[3189,0],[3444,0],]]
[3317,10,[[3318,0],[3316,0],[3189,0],[3445,0],]]
[3318,8,[[3317,0],[3319,0],[3190,0],[3191,0],[3446,0],]]
[3319,11,[[3320,0],[3318,0],[3191,0],[3447,0],]]
[3320,10,[[3319,0],[3321,0],[3192,0],[3193,0],[3448,0],]]
[3321,10,[[3322,0],[3320,0],[3193,0],[3449,0],]]
[3322,6,[[3321,0],[3323,0],[3194,0],[3195,0],[3450,0],]]
[3323,19,[[3324,0],[3322,0],[3195,0],[3451,0],]]
[3324,8,[[3323,0],[3325,0],[3196,0],[3197,0],[3452,0],]]
[3325,17,[[3326,0],[3324,0],[3197,0],[3453,0],]]
[3326,14,[[3325,0],[3327,0],[3198,0],[3199,0],[3454,0],]]
[3327,13,[[3326,0],[3199,0],[3455,0],]]
[3328,9,[[3329,0],[3456,0],[3200,0],]]
[3329,15,[[3330,0],[3328,0],[3457,0],[3456,0],[3201,0],]]
[3330,13,[[3329,0],[3331,0],[3458,0],[3202,0],]]
[3331,19,[[3332,0],[3330,0],[3459,0],[3458,0],[3203,0],]]
[3332,5,[[3331,0],[3333,0],[3460,0],[3204,0],]]
[3333,1,[[3334,0],[3332,0],[3461,0],[3460,0],[3205,0],]]
[3334,16,[[3333,0],[3335,0],[3462,0],[3206,0],]]
[3335,7,[[3336,0],[3334,0],[3463,0],[3462,0],[3207,0],]]
[3336,7,[[3335,0],[3337,0],[3464,0],[3208,0],]]
[3337,19,[[3338,0],[3336,0],[3465,0],[3464,0],[3209,0],]]
[3338,8,[[3337,0],[3339,0],[3466,0],[3210,0],]]
[3339,10,[[3340,0],[3338,0],[3467,0],[3466,0],[3211,0],]]
[3340,18,[[3339,0],[3341,0],[3468,0],[3212,0],]]
[3341,13,[[3342,0],[3340,0],[3469,0],[3468,0],[3213,0],]]
[3342,10,[[3341,0],[3343,0],[3470,0],[3214,0],]]
[3343,11,[[3344,0],[3342,0],[3471,0],[3470,0],[3215,0],]]
[3344,8,[[3343,0],[3345,0],[3472,0],[3216,0],]]
[3345,19,[[3346,0],[3344,0],[3473,0],[3472,0],[3217,0],]]
[3346,14,[[3345,0],[3347,0],[3474,0],[3218,0],]]
[3347,4,[[3348,0],[3346,0],[3475,0],[3474,0],[3219,0],]]
[3348,4,[[3347,0],[3349,0],[3476,0],[3220,0],]]
[3349,16,[[3350,0],[3348,0],[3477,0],[3476,0],[3221,0],]]
[3350,1,[[3349,0],[3351,0],[3478,0],[3222,0],]]
[3351,9,[[3352,0],[3350,0],[3479,0],[3478,0],[3223,0],]]
[3352,7,[[3351,0],[3353,0],[3480,0],[3224,0],]]
[3353,3,[[3354,0],[3352,0],[3481,0],[3480,0],[3225,0],]]
[3354,3,[[3353,0],[3355,0],[3482,0],[3226,0],]]
[3355,3,[[3356,0],[3354,0],[3483,0],[3482,0],[3227,0],]]
[3356,19,[[3355,0],[3357,0],[3484,0],[3228,0],]]
[3357,12,[[3358,0],[3356,0],[3485,0],[3484,0],[3229,0],]]
[3358,1,[[3357,0],[3359,0],[3486,0],[3230,0],]]
[3359,2,[[3360,0],[3358,0],[3487,0],[3486,0],[3231,0],]]
[3360,9,[[3359,0],[3361,0],[3488,0],[3232,0],]]
[3361,11,[[3362,0],[3360,0],[3489,0],[3488,0],[3233,0],]]
[3362,7,[[3361,0],[3363,0],[3490,0],[3234,0],]]
[3363,18,[[3364,0],[3362,0],[3491,0],[3490,0],[3235,0],]]
[3364,4,[[3363,0],[3365,0],[3492,0],[3236,0],]]
[3365,17,[[3366,0],[3364,0],[3493,0],[3492,0],[3237,0],]]
[3366,11,[[3365,0],[3367,0],[3494,0],[3238,0],]]
[3367,13,[[3368,0],[3366,0],[3495,0],[3494,0],[3239,0],]]
[3368,11,[[3367,0],[3369,0],[3496,0],[3240,0],]]
[3369,6,[[3370,0],[3368,0],[3497,0],[3496,0],[3241,0],]]
[3370,19,[[3369,0],[3371,0],[3498,0],[3242,0],]]
[3371,18,[[3372,0],[3370,0],[3499,0],[3498,0],[3243,0],]]
[3372,11,[[3371,0],[3373,0],[3500,0],[3244,0],]]
[3373,17,[[3374,0],[3372,0],[3501,0],[3500,0],[3245,0],]]
[3374,8,[[3373,0],[3375,0],[3502,0],[3246,0],]]
[3375,9,[[3376,0],[3374,0],[3503,0],[3502,0],[3247,0],]]
[3376,10,[[3375,0],[3377,0],[3504,0],[3248,0],]]
[3377,19,[[3378,0],[3376,0],[3505,0],[3504,0],[3249,0],]]
[3378,15,[[3377,0],[3379,0],[3506,0],[3250,0],]]
[3379,3,[[3380,0],[3378,0],[3507,0],[3506,0],[3251,0],]]
[3380,8,[[3379,0],[3381,0],[3508,0],[3252,0],]]
[3381,9,[[3382,0],[3380,0],[3509,0],[3508,0],[3253,0],]]
[3382,8,[[3381,0],[3383,0],[3510,0],[3254,0],]]
[3383,6,[[3384,0],[3382,0],[3511,0],[3510,0],[3255,0],]]
[3384,14,[[3383,0],[3385,0],[3512,0],[3256,0],]]
[3385,11,[[3386,0],[3384,0],[3513,0],[3512,0],[3257,0],]]
[3386,19,[[3385,0],[3387,0],[3514,0],[3258,0],]]
[3387,4,[[3388,0],[3386,0],[3515,0],[3514,0],[3259,0],]]
[3388,10,[[3387,0],[3389,0],[3516,0],[3260,0],]]
[3389,17,[[3390,0],[3388,0],[3517,0],[3516,0],[3261,0],]]
[3390,6,[[3389,0],[3391,0],[3518,0],[3262,0],]]
[3391,8,[[3392,0],[3390,0],[3519,0],[3518,0],[3263,0],]]
[3392,19,[[3391,0],[3393,0],[3520,0],[3264,0],]]
[3393,16,[[3394,0],[3392,0],[3521,0],[3520,0],[3265,0],]]
[3394,16,[[3393,0],[3395,0],[3522,0],[3266,0],]]
[3395,12,[[3396,0],[3394,0],[3523,0],[3522,0],[3267,0],]]
[3396,2,[[3395,0],[3397,0],[3524,0],[3268,0],]]
[3397,6,[[3398,0],[3396,0],[3525,0],[3524,0],[3269,0],]]
[3398,2,[[3397,0],[3399,0],[3526,0],[3270,0],]]
[3399,16,[[3400,0],[3398,0],[3527,0],[3526,0],[3271,0],]]
[3400,18,[[3399,0],[3401,0],[3528,0],[3272,0],]]
[3401,1,[[3402,0],[3400,0],[3529,0],[3528,0],[3273,0],]]
[3402,10,[[3401,0],[3403,0],[3530,0],[3274,0],]]
[3403,18,[[3404,0],[3402,0],[3531,0],[3530,0],[3275,0],]]
[3404,11,[[3403,0],[3405,0],[3532,0],[3276,0],]]
[3405,9,[[3406,0],[3404,0],[3533,0],[3532,0],[3277,0],]]
[3406,7,[[3405,0],[3407,0],[3534,0],[3278,0],]]
[3407,18,[[3408,0],[3406,0],[3535,0],[3534,0],[3279,0],]]
[3408,7,[[3407,0],[3409,0],[3536,0],[3280,0],]]
[3409,5,[[3410,0],[3408,0],[3537,0],[3536,0],[3281,0],]]
[3410,2,[[3409,0],[3411,0],[3538,0],[3282,0],]]
[3411,15,[[3412,0],[3410,0],[3539,0],[3538,0],[3283,0],]]
[3412,16,[[3411,0],[3413,0],[3540,0],[3284,0],]]
[3413,8,[[3414,0],[3412,0],[3541,0],[3540,0],[3285,0],]]
[3414,9,[[3413,0],[3415,0],[3542,0],[3286,0],]]
[3415,5,[[3416,0],[3414,0],[3543,0],[3542,0],[3287,0],]]
[3416,12,[[3415,0],[3417,0],[3544,0],[3288,0],]]
[3417,7,[[3418,0],[3416,0],[3545,0],[3544,0],[3289,0],]]
[3418,14,[[3417,0],[3419,0],[3546,0],[3290,0],]]
[3419,6,[[3420,0],[3418,0],[3547,0],[3546,0],[3291,0],]]
[3420,15,[[3419,0],[3421,0],[3548,0],[3292,0],]]
[3421,8,[[3422,0],[3420,0],[3549,0],[3548,0],[3293,0],]]
[3422,5,[[3421,0],[3423,0],[3550,0],[3294,0],]]
[3423,10,[[3424,0],[3422,0],[3551,0],[3550,0],[3295,0],]]
[3424,4,[[3423,0],[3425,0],[3552,0],[3296,0],]]
[3425,11,[[3426,0],[3424,0],[3553,0],[3552,0],[3297,0],]]
[3426,1,[[3425,0],[3427,0],[3554,0],[3298,0],]]
[3427,18,[[3428,0],[3426,0],[3555,0],[3554,0],[3299,0],]]
[3428,9,[[3427,0],[3429,0],[3556,0],[3300,0],]]
[3429,6,[[3430,0],[3428,0],[3557,0],[3556,0],[3301,0],]]
[3430,3,[[3429,0],[3431,0],[3558,0],[3302,0],]]
[3431,18,[[3432,0],[3430,0],[3559,0],[3558,0],[3303,0],]]
[3432,18,[[3431,0],[3433,0],[3560,0],[3304,0],]]
[3433,18,[[3434,0],[3432,0],[3561,0],[3560,0],[3305,0],]]
[3434,8,[[3433,0],[3435,0],[3562,0],[3306,0],]]
[3435,10,[[3436,0],[3434,0],[3563,0],[3562,0],[3307,0],]]
[3436,17,[[3435,0],[3437,0],[3564,0],[3308,0],]]
[3437,18,[[3438,0],[3436,0],[3565,0],[3564,0],[3309,0],]]
[3438,18,[[3437,0],[3439,0],[3566,0],[3310,0],]]
[3439,16,[[3440,0],[3438,0],[3567,0],[3566,0],[3311,0],]]
