[4587,3,[[4588,0],[4586,0],[4459,0],[4715,0],]]
[4588,15,[[4587,0],[4589,0],[4460,0],[4461,0],[4716,0],]]
[4589,13,[[4590,0],[4588,0],[4461,0],[4717,0],]]
[4590,18,[[4589,0],[4591,0],[4462,0],[4463,0],[4718,0],]]
[4591,14,[[4592,0],[4590,0],[4463,0],[4719,0],]]
[4592,14,[[4591,0],[4593,0],[4464,0],[4465,0],[4720,0],]]
[4593,5,[[4594,0],[4592,0],[4465,0],[4721,0],]]
[4594,4,[[4593,0],[4595,0],[4466,0],[4467,0],[4722,0],]]
[4595,10,[[4596,0],[4594,0],[4467,0],[4723,0],]]
[4596,2,[[4595,0],[4597,0],[4468,0],[4469,0],[4724,0],]]
[4597,1,[[4598,0],[4596,0],[4469,0],[4725,0],]]
[4598,10,[[4597,0],[4599,0],[4470,0],[4471,0],[4726,0],]]
[4599,1,[[4600,0],[4598,0],[4471,0],[4727,0],]]
[4600,19,[[4599,0],[4601,0],[4472,0],[4473,0],[4728,0],]]
[4601,2,[[4602,0],[4600,0],[4473,0],[4729,0],]]
[4602,10,[[4601,0],[4603,0],[4474,0],[4475,0],[4730,0],]]
[4603,12,[[4604,0],[4602,0],[4475,0],[4731,0],]]
[4604,7,[[4603,0],[4605,0],[4476,0],[4477,0],[4732,0],]]
[4605,16,[[4606,0],[4604,0],[4477,0],[4733,0],]]
[4606,6,[[4605,0],[4607,0],[4478,0],[4479,0],[4734,0],]]
[4607,17,[[4606,0],[4479,0],[4735,0],]]
[4608,6,[[4609,0],[4736,0],[4480,0],]]
[4609,8,[[4610,0],[4608,0],[4737,0],[4736,0],[4481,0],]]
[4610,18,[[4609,0],[4611,0],[4738,0],[4482,0],]]
[4611,6,[[4612,0],[4610,0],[4739,0],[4738,0],[4483,0],]]
[4612,3,[[4611,0],[4613,0],[4740,0],[4484,0],]]
[4613,9,[[4614,0],[4612,0],[4741,0],[4740,0],[4485,0],]]
[4614,7,[[4613,0],[4615,0],[4742,0],[4486,0],]]
[4615,18,[[4616,0],[4614,0],[4743,0],[4742,0],[4487,0],]]
[4616,6,[[4615,0],[4617,0],[4744,0],[4488,0],]]
[4617,11,[[4618,0],[4616,0],[4745,0],[4744,0],[4489,0],]]
[4618,7,[[4617,0],[4619,0],[4746,0],[4490,0],]]
[4619,6,[[4620,0],[4618,0],[4747,0],[4746,0],[4491,0],]]
[4620,18,[[4619,0],[4621,0],[4748,0],[4492,0],]]
[4621,8,[[4622,0],[4620,0],[4749,0],[4748,0],[4493,0],]]
[4622,7,[[4621,0],[4623,0],[4750,0],[4494,0],]]
[4623,13,[[4624,0],[4622,0],[4751,0],[4750,0],[4495,0],]]
[4624,8,[[4623,0],[4625,0],[4752,0],[4496,0],]]
[4625,12,[[4626,0],[4624,0],[4753,0],[4752,0],[4497,0],]]
[4626,6,[[4625,0],[4627,0],[4754,0],[4498,0],]]
[4627,13,[[4628,0],[4626,0],[4755,0],[4754,0],[4499,0],]]
[4628,11,[[4627,0],[4629,0],[4756,0],[4500,0],]]
[4629,5,[[4630,0],[4628,0],[4757,0],[4756,0],[4501,0],]]
[4630,1,[[4629,0],[4631,0],[4758,0],[4502,0],]]
[4631,12,[[4632,0],[4630,0],[4759,0],[4758,0],[4503,0],]]
[4632,3,[[4631,0],[4633,0],[4760,0],[4504,0],]]
[4633,7,[[4634,0],[4632,0],[4761,0],[4760,0],[4505,0],]]
[4634,6,[[4633,0],[4635,0],[4762,0],[4506,0],]]
[4635,4,[[4636,0],[4634,0],[4763,0],[4762,0],[4507,0],]]
[4636,11,[[4635,0],[4637,0],[4764,0],[4508,0],]]
[4637,8,[[4638,0],[4636,0],[4765,0],[4764,0],[4509,0],]]
[4638,17,[[4637,0],[4639,0],[4766,0],[4510,0],]]
[4639,10,[[4640,0],[4638,0],[4767,0],[4766,0],[4511,0],]]
[4640,6,[[4639,0],[4641,0],[4768,0],[4512,0],]]
[4641,4,[[4642,0],[4640,0],[4769,0],[4768,0],[4513,0],]]
[4642,13,[[4641,0],[4643,0],[4770,0],[4514,0],]]
[4643,8,[[4644,0],[4642,0],[4771,0],[4770,0],[4515,0],]]
[4644,18,[[4643,0],[4645,0],[4772,0],[4516,0],]]
[4645,2,[[4646,0],[4644,0],[4773,0],[4772,0],[4517,0],]]
[4646,17,[[4645,0],[4647,0],[4774,0],[4518,0],]]
[4647,10,[[4648,0],[4646,0],[4775,0],[4774,0],[4519,0],]]
[4648,3,[[4647,0],[4649,0],[4776,0],[4520,0],]]
[4649,9,[[4650,0],[4648,0],[4777,0],[4776,0],[4521,0],]]
[4650,3,[[4649,0],[4651,0],[4778,0],[4522,0],]]
[4651,17,[[4652,0],[4650,0],[4779,0],[4778,0],[4523,0],]]
[4652,11,[[4651,0],[4653,0],[4780,0],[4524,0],]]
[4653,6,[[4654,0],[4652,0],[4781,0],[4780,0],[4525,0],]]
[4654,16,[[4653,0],[4655,0],[4782,0],[4526,0],]]
[4655,5,[[4656,0],[4654,0],[4783,0],[4782,0],[4527,0],]]
[4656,16,[[4655,0],[4657,0],[4784,0],[4528,0],]]
[4657,5,[[4658,0],[4656,0],[4785,0],[4784,0],[4529,0],]]
[4658,4,[[4657,0],[4659,0],[4786,0],[4530,0],]]
[4659,8,[[4660,0],[4658,0],[4787,0],[4786,0],[4531,0],]]
[4660,2,[[4659,0],[4661,0],[4788,0],[4532,0],]]
[4661,13,[[4662,0],[4660,0],[4789,0],[4788,0],[4533,0],]]
[4662,18,[[4661,0],[4663,0],[4790,0],[4534,0],]]
[4663,18,[[4664,0],[4662,0],[4791,0],[4790,0],[4535,0],]]
[4664,14,[[4663,0],[4665,0],[4792,0],[4536,0],]]
[4665,12,[[4666,0],[4664,0],[4793,0],[4792,0],[4537,0],]]
[4666,6,[[4665,0],[4667,0],[4794,0],[4538,0],]]
[4667,3,[[4668,0],[4666,0],[4795,0],[4794,0],[4539,0],]]
[4668,5,[[4667,0],[4669,0],[4796,0],[4540,0],]]
[4669,9,[[4670,0],[4668,0],[4797,0],[4796,0],[4541,0],]]
[4670,7,[[4669,0],[4671,0],[4798,0],[4542,0],]]
[4671,11,[[4672,0],[4670,0],[4799,0],[4798,0],[4543,0],]]
[4672,15,[[4671,0],[4673,0],[4800,0],[4544,0],]]
[4673,10,[[4674,0],[4672,0],[4801,0],[4800,0],[4545,0],]]
[4674,15,[[4673,0],[4675,0],[4802,0],[4546,0],]]
[4675,19,[[4676,0],[4674,0],[4803,0],[4802,0],[4547,0],]]
[4676,18,[[4675,0],[4677,0],[4804,0],[4548,0],]]
[4677,3,[[4678,0],[4676,0],[4805,0],[4804,0],[4549,0],]]
[4678,10,[[4677,0],[4679,0],[4806,0],[4550,0],]]
[4679,5,[[4680,0],[4678,0],[4807,0],[4806,0],[4551,0],]]
[4680,17,[[4679,0],[4681,0],[4808,0],[4552,0],]]
[4681,11,[[4682,0],[4680,0],[4809,0],[4808,0],[4553,0],]]
[4682,4,[[4681,0],[4683,0],[4810,0],[4554,0],]]
[4683,9,[[4684,0],[4682,0],[4811,0],[4810,0],[4555,0],]]
[4684,9,[[4683,0],[4685,0],[4812,0],[4556,0],]]
[4685,11,[[4686,0],[4684,0],[4813,0],[4812,0],[4557,0],]]
[4686,3,[[4685,0],[4687,0],[4814,0],[4558,0],]]
[4687,15,[[4688,0],[4686,0],[4815,0],[4814,0],[4559,0],]]
[4688,17,[[4687,0],[4689,0],[4816,0],[4560,0],]]
[4689,17,[[4690,0],[4688,0],[4817,0],[4816,0],[4561,0],]]
[4690,18,[[4689,0],[4691,0],[4818,0],[4562,0],]]
[4691,3,[[4692,0],[4690,0],[4819,0],[4818,0],[4563,0],]]
[4692,13,[[4691,0],[4693,0],[4820,0],[4564,0],]]
[4693,13,[[4694,0],[4692,0],[4821,0],[4820,0],[4565,0],]]
[4694,8,[[4693,0],[4695,0],[4822,0],[4566,0],]]
[4695,2,[[4696,0],[4694,0],[4823,0],[4822,0],[4567,0],]]
[4696,10,[[4695,0],[4697,0],[4824,0],[4568,0],]]
[4697,15,[[4698,0],[4696,0],[4825,0],[4824,0],[4569,0],]]
[4698,11,[[4697,0],[4699,0],[4826,0],[4570,0],]]
[4699,1,[[4700,0],[4698,0],[4827,0],[4826,0],[4571,0],]]
[4700,12,[[4699,0],[4701,0],[4828,0],[4572,0],]]
[4701,18,[[4702,0],[4700,0],[4829,0],[4828,0],[4573,0],]]
[4702,12,[[4701,0],[4703,0],[4830,0],[4574,0],]]
[4703,17,[[4704,0],[4702,0],[4831,0],[4830,0],[4575,0],]]
[4704,8,[[4703,0],[4705,0],[4832,0],[4576,0],]]
[4705,13,[[4706,0],[4704,0],[4833,0],[4832,0],[4577,0],]]
[4706,3,[[4705,0],[4707,0],[4834,0],[4578,0],]]
[4707,6,[[4708,0],[4706,0],[4835,0],[4834,0],[4579,0],]]
[4708,17,[[4707,0],[4709,0],[4836,0],[4580,0],]]
[4709,15,[[4710,0],[4708,0],[4837,0],[4836,0],[4581,0],]]
[4710,1,[[4709,0],[4711,0],[4838,0],[4582,0],]]
[4711,2,[[4712,0],[4710,0],[4839,0],[4838,0],[4583,0],]]
[4712,5,[[4711,0],[4713,0],[4840,0],[4584,0],]]
[4713,2,[[4714,0],[4712,0],[4841,0],[4840,0],[4585,0],]]
[4714,12,[[4713,0],[4715,0],[4842,0],[4586,0],]]
[4715,12,[[4716,0],[4714,0],[4843,0],[4842,0],[4587,0],]]
[4716,10,[[4715,0],[4717,0],[4844,0],[4588,0],]]
[4717,13,[[4718,0],[4716,0],[4845,0],[4844,0],[4589,0],]]
[4718,16,[[4717,0],[4719,0],[4846,0],[4590,0],]]
[4719,7,[[4720,0],[4718,0],[4847,0],[4846,0],[4591,0],]]
[4720,7,[[4719,0],[4721,0],[4848,0],[4592,0],]]
[4721,7,[[4722,0],[4720,0],[4849,0],[4848,0],[4593,0],]]
[4722,11,[[4721,0],[4723,0],[4850,0],[4594,0],]]
[4723,4,[[4724,0],[4722,0],[4851,0],[4850,0],[4595,0],]]
[4724,6,[[4723,0],[4725,0],[4852,0],[4596,0],]]
[4725,4,[[4726,0],[4724,0],[4853,0],[4852,0],[4597,0],]]
[4726,1,[[4725,0],[4727,0],[4854,0],[4598,0],]]
[4727,17,[[4728,0],[4726,0],[4855,0],[4854,0],[4599,0],]]
[4728,18,[[4727,0],[4729,0],[4856,0],[4600,0],]]
[4729,15,[[4730,0],[4728,0],[4857,0],[4856,0],[4601,0],]]
[4730,8,[[4729,0],[4731,0],[4858,0],[4602,0],]]
[4731,17,[[4732,0],[4730,0],[4859,0],[4858,0],[4603,0],]]
[4732,11,[[4731,0],[4733,0],[4860,0],[4604,0],]]
[4733,11,[[4734,0],[4732,0],[4861,0],[4860,0],[4605,0],]]
[4734,4,[[4733,0],[4735,0],[4862,0],[4606,0],]]
[4735,6,[[4734,0],[4863,0],[4862,0],[4607,0],]]
[4736,15,[[4737,0],[4608,0],[4609,0],[4864,0],]]
[4737,2,[[4738,0],[4736,0],[4609,0],[4865,0],]]
[4738,18,[[4737,0],[4739,0],[4610,0],[4611,0],[4866,0],]]
[4739,19,[[4740,0],[4738,0],[4611,0],[4867,0],]]
[4740,19,[[4739,0],[4741,0],[4612,0],[4613,0],[4868,0],]]
[4741,6,[[4742,0],[4740,0],[4613,0],[4869,0],]]
[4742,5,[[4741,0],[4743,0],[4614,0],[4615,0],[4870,0],]]
[4743,11,[[4744,0],[4742,0],[4615,0],[4871,0],]]
[4744,14,[[4743,0],[4745,0],[4616,0],[4617,0],[4872,0],]]
[4745,17,[[4746,0],[4744,0],[4617,0],[4873,0],]]
[4746,12,[[4745,0],[4747,0],[4618,0],[4619,0],[4874,0],]]
[4747,9,[[4748,0],[4746,0],[4619,0],[4875,0],]]
[4748,7,[[4747,0],[4749,0],[4620,0],[4621,0],[4876,0],]]
[4749,15,[[4750,0],[4748,0],[4621,0],[4877,0],]]
[4750,6,[[4749,0],[4751,0],[4622,0],[4623,0],[4878,0],]]
