[3604,19,[[3603,0],[3605,0],[3732,0],[3476,0],]]
[3605,8,[[3606,0],[3604,0],[3733,0],[3732,0],[3477,0],]]
[3606,10,[[3605,0],[3607,0],[3734,0],[3478,0],]]
[3607,14,[[3608,0],[3606,0],[3735,0],[3734,0],[3479,0],]]
[3608,14,[[3607,0],[3609,0],[3736,0],[3480,0],]]
[3609,3,[[3610,0],[3608,0],[3737,0],[3736,0],[3481,0],]]
[3610,11,[[3609,0],[3611,0],[3738,0],[3482,0],]]
[3611,5,[[3612,0],[3610,0],[3739,0],[3738,0],[3483,0],]]
[3612,6,[[3611,0],[3613,0],[3740,0],[3484,0],]]
[3613,2,[[3614,0],[3612,0],[3741,0],[3740,0],[3485,0],]]
[3614,13,[[3613,0],[3615,0],[3742,0],[3486,0],]]
[3615,5,[[3616,0],[3614,0],[3743,0],[3742,0],[3487,0],]]
[3616,6,[[3615,0],[3617,0],[3744,0],[3488,0],]]
[3617,16,[[3618,0],[3616,0],[3745,0],[3744,0],[3489,0],]]
[3618,14,[[3617,0],[3619,0],[3746,0],[3490,0],]]
[3619,10,[[3620,0],[3618,0],[3747,0],[3746,0],[3491,0],]]
[3620,8,[[3619,0],[3621,0],[3748,0],[3492,0],]]
[3621,12,[[3622,0],[3620,0],[3749,0],[3748,0],[3493,0],]]
[3622,11,[[3621,0],[3623,0],[3750,0],[3494,0],]]
[3623,8,[[3624,0],[3622,0],[3751,0],[3750,0],[3495,0],]]
[3624,13,[[3623,0],[3625,0],[3752,0],[3496,0],]]
[3625,16,[[3626,0],[3624,0],[3753,0],[3752,0],[3497,0],]]
[3626,5,[[3625,0],[3627,0],[3754,0],[3498,0],]]
[3627,4,[[3628,0],[3626,0],[3755,0],[3754,0],[3499,0],]]
[3628,6,[[3627,0],[3629,0],[3756,0],[3500,0],]]
[3629,16,[[3630,0],[3628,0],[3757,0],[3756,0],[3501,0],]]
[3630,8,[[3629,0],[3631,0],[3758,0],[3502,0],]]
[3631,13,[[3632,0],[3630,0],[3759,0],[3758,0],[3503,0],]]
[3632,5,[[3631,0],[3633,0],[3760,0],[3504,0],]]
[3633,15,[[3634,0],[3632,0],[3761,0],[3760,0],[3505,0],]]
[3634,10,[[3633,0],[3635,0],[3762,0],[3506,0],]]
[3635,17,[[3636,0],[3634,0],[3763,0],[3762,0],[3507,0],]]
[3636,11,[[3635,0],[3637,0],[3764,0],[3508,0],]]
[3637,9,[[3638,0],[3636,0],[3765,0],[3764,0],[3509,0],]]
[3638,5,[[3637,0],[3639,0],[3766,0],[3510,0],]]
[3639,1,[[3640,0],[3638,0],[3767,0],[3766,0],[3511,0],]]
[3640,4,[[3639,0],[3641,0],[3768,0],[3512,0],]]
[3641,1,[[3642,0],[3640,0],[3769,0],[3768,0],[3513,0],]]
[3642,5,[[3641,0],[3643,0],[3770,0],[3514,0],]]
[3643,6,[[3644,0],[3642,0],[3771,0],[3770,0],[3515,0],]]
[3644,15,[[3643,0],[3645,0],[3772,0],[3516,0],]]
[3645,3,[[3646,0],[3644,0],[3773,0],[3772,0],[3517,0],]]
[3646,3,[[3645,0],[3647,0],[3774,0],[3518,0],]]
[3647,1,[[3648,0],[3646,0],[3775,0],[3774,0],[3519,0],]]
[3648,18,[[3647,0],[3649,0],[3776,0],[3520,0],]]
[3649,11,[[3650,0],[3648,0],[3777,0],[3776,0],[3521,0],]]
[3650,8,[[3649,0],[3651,0],[3778,0],[3522,0],]]
[3651,13,[[3652,0],[3650,0],[3779,0],[3778,0],[3523,0],]]
[3652,13,[[3651,0],[3653,0],[3780,0],[3524,0],]]
[3653,12,[[3654,0],[3652,0],[3781,0],[3780,0],[3525,0],]]
[3654,5,[[3653,0],[3655,0],[3782,0],[3526,0],]]
[3655,4,[[3656,0],[3654,0],[3783,0],[3782,0],[3527,0],]]
[3656,16,[[3655,0],[3657,0],[3784,0],[3528,0],]]
[3657,6,[[3658,0],[3656,0],[3785,0],[3784,0],[3529,0],]]
[3658,13,[[3657,0],[3659,0],[3786,0],[3530,0],]]
[3659,19,[[3660,0],[3658,0],[3787,0],[3786,0],[3531,0],]]
[3660,14,[[3659,0],[3661,0],[3788,0],[3532,0],]]
[3661,7,[[3662,0],[3660,0],[3789,0],[3788,0],[3533,0],]]
[3662,1,[[3661,0],[3663,0],[3790,0],[3534,0],]]
[3663,6,[[3664,0],[3662,0],[3791,0],[3790,0],[3535,0],]]
[3664,5,[[3663,0],[3665,0],[3792,0],[3536,0],]]
[3665,14,[[3666,0],[3664,0],[3793,0],[3792,0],[3537,0],]]
[3666,18,[[3665,0],[3667,0],[3794,0],[3538,0],]]
[3667,19,[[3668,0],[3666,0],[3795,0],[3794,0],[3539,0],]]
[3668,3,[[3667,0],[3669,0],[3796,0],[3540,0],]]
[3669,10,[[3670,0],[3668,0],[3797,0],[3796,0],[3541,0],]]
[3670,3,[[3669,0],[3671,0],[3798,0],[3542,0],]]
[3671,14,[[3672,0],[3670,0],[3799,0],[3798,0],[3543,0],]]
[3672,1,[[3671,0],[3673,0],[3800,0],[3544,0],]]
[3673,13,[[3674,0],[3672,0],[3801,0],[3800,0],[3545,0],]]
[3674,12,[[3673,0],[3675,0],[3802,0],[3546,0],]]
[3675,18,[[3676,0],[3674,0],[3803,0],[3802,0],[3547,0],]]
[3676,8,[[3675,0],[3677,0],[3804,0],[3548,0],]]
[3677,13,[[3678,0],[3676,0],[3805,0],[3804,0],[3549,0],]]
[3678,5,[[3677,0],[3679,0],[3806,0],[3550,0],]]
[3679,1,[[3680,0],[3678,0],[3807,0],[3806,0],[3551,0],]]
[3680,7,[[3679,0],[3681,0],[3808,0],[3552,0],]]
[3681,1,[[3682,0],[3680,0],[3809,0],[3808,0],[3553,0],]]
[3682,4,[[3681,0],[3683,0],[3810,0],[3554,0],]]
[3683,4,[[3684,0],[3682,0],[3811,0],[3810,0],[3555,0],]]
[3684,14,[[3683,0],[3685,0],[3812,0],[3556,0],]]
[3685,3,[[3686,0],[3684,0],[3813,0],[3812,0],[3557,0],]]
[3686,19,[[3685,0],[3687,0],[3814,0],[3558,0],]]
[3687,4,[[3688,0],[3686,0],[3815,0],[3814,0],[3559,0],]]
[3688,7,[[3687,0],[3689,0],[3816,0],[3560,0],]]
[3689,12,[[3690,0],[3688,0],[3817,0],[3816,0],[3561,0],]]
[3690,17,[[3689,0],[3691,0],[3818,0],[3562,0],]]
[3691,14,[[3692,0],[3690,0],[3819,0],[3818,0],[3563,0],]]
[3692,2,[[3691,0],[3693,0],[3820,0],[3564,0],]]
[3693,2,[[3694,0],[3692,0],[3821,0],[3820,0],[3565,0],]]
[3694,7,[[3693,0],[3695,0],[3822,0],[3566,0],]]
[3695,14,[[3696,0],[3694,0],[3823,0],[3822,0],[3567,0],]]
[3696,10,[[3695,0],[3697,0],[3824,0],[3568,0],]]
[3697,7,[[3698,0],[3696,0],[3825,0],[3824,0],[3569,0],]]
[3698,4,[[3697,0],[3699,0],[3826,0],[3570,0],]]
[3699,2,[[3700,0],[3698,0],[3827,0],[3826,0],[3571,0],]]
[3700,4,[[3699,0],[3701,0],[3828,0],[3572,0],]]
[3701,11,[[3702,0],[3700,0],[3829,0],[3828,0],[3573,0],]]
[3702,19,[[3701,0],[3703,0],[3830,0],[3574,0],]]
[3703,18,[[3704,0],[3702,0],[3831,0],[3830,0],[3575,0],]]
[3704,4,[[3703,0],[3705,0],[3832,0],[3576,0],]]
[3705,9,[[3706,0],[3704,0],[3833,0],[3832,0],[3577,0],]]
[3706,13,[[3705,0],[3707,0],[3834,0],[3578,0],]]
[3707,8,[[3708,0],[3706,0],[3835,0],[3834,0],[3579,0],]]
[3708,19,[[3707,0],[3709,0],[3836,0],[3580,0],]]
[3709,19,[[3710,0],[3708,0],[3837,0],[3836,0],[3581,0],]]
[3710,13,[[3709,0],[3711,0],[3838,0],[3582,0],]]
[3711,11,[[3710,0],[3839,0],[3838,0],[3583,0],]]
[3712,17,[[3713,0],[3584,0],[3585,0],[3840,0],]]
[3713,6,[[3714,0],[3712,0],[3585,0],[3841,0],]]
[3714,11,[[3713,0],[3715,0],[3586,0],[3587,0],[3842,0],]]
[3715,4,[[3716,0],[3714,0],[3587,0],[3843,0],]]
[3716,11,[[3715,0],[3717,0],[3588,0],[3589,0],[3844,0],]]
[3717,19,[[3718,0],[3716,0],[3589,0],[3845,0],]]
[3718,4,[[3717,0],[3719,0],[3590,0],[3591,0],[3846,0],]]
[3719,3,[[3720,0],[3718,0],[3591,0],[3847,0],]]
[3720,12,[[3719,0],[3721,0],[3592,0],[3593,0],[3848,0],]]
[3721,8,[[3722,0],[3720,0],[3593,0],[3849,0],]]
[3722,4,[[3721,0],[3723,0],[3594,0],[3595,0],[3850,0],]]
[3723,4,[[3724,0],[3722,0],[3595,0],[3851,0],]]
[3724,9,[[3723,0],[3725,0],[3596,0],[3597,0],[3852,0],]]
[3725,13,[[3726,0],[3724,0],[3597,0],[3853,0],]]
[3726,1,[[3725,0],[3727,0],[3598,0],[3599,0],[3854,0],]]
[3727,4,[[3728,0],[3726,0],[3599,0],[3855,0],]]
[3728,19,[[3727,0],[3729,0],[3600,0],[3601,0],[3856,0],]]
[3729,18,[[3730,0],[3728,0],[3601,0],[3857,0],]]
[3730,10,[[3729,0],[3731,0],[3602,0],[3603,0],[3858,0],]]
[3731,6,[[3732,0],[3730,0],[3603,0],[3859,0],]]
[3732,9,[[3731,0],[3733,0],[3604,0],[3605,0],[3860,0],]]
[3733,13,[[3734,0],[3732,0],[3605,0],[3861,0],]]
[3734,11,[[3733,0],[3735,0],[3606,0],[3607,0],[3862,0],]]
[3735,17,[[3736,0],[3734,0],[3607,0],[3863,0],]]
[3736,14,[[3735,0],[3737,0],[3608,0],[3609,0],[3864,0],]]
[3737,18,[[3738,0],[3736,0],[3609,0],[3865,0],]]
[3738,19,[[3737,0],[3739,0],[3610,0],[3611,0],[3866,0],]]
[3739,12,[[3740,0],[3738,0],[3611,0],[3867,0],]]
[3740,1,[[3739,0],[3741,0],[3612,0],[3613,0],[3868,0],]]
[3741,7,[[3742,0],[3740,0],[3613,0],[3869,0],]]
[3742,6,[[3741,0],[3743,0],[3614,0],[3615,0],[3870,0],]]
[3743,13,[[3744,0],[3742,0],[3615,0],[3871,0],]]
[3744,9,[[3743,0],[3745,0],[3616,0],[3617,0],[3872,0],]]
[3745,19,[[3746,0],[3744,0],[3617,0],[3873,0],]]
[3746,15,[[3745,0],[3747,0],[3618,0],[3619,0],[3874,0],]]
[3747,6,[[3748,0],[3746,0],[3619,0],[3875,0],]]
[3748,15,[[3747,0],[3749,0],[3620,0],[3621,0],[3876,0],]]
[3749,19,[[3750,0],[3748,0],[3621,0],[3877,0],]]
[3750,1,[[3749,0],[3751,0],[3622,0],[3623,0],[3878,0],]]
[3751,5,[[3752,0],[3750,0],[3623,0],[3879,0],]]
[3752,12,[[3751,0],[3753,0],[3624,0],[3625,0],[3880,0],]]
[3753,17,[[3754,0],[3752,0],[3625,0],[3881,0],]]
[3754,12,[[3753,0],[3755,0],[3626,0],[3627,0],[3882,0],]]
[3755,10,[[3756,0],[3754,0],[3627,0],[3883,0],]]
[3756,17,[[3755,0],[3757,0],[3628,0],[3629,0],[3884,0],]]
[3757,19,[[3758,0],[3756,0],[3629,0],[3885,0],]]
[3758,16,[[3757,0],[3759,0],[3630,0],[3631,0],[3886,0],]]
[3759,3,[[3760,0],[3758,0],[3631,0],[3887,0],]]
[3760,9,[[3759,0],[3761,0],[3632,0],[3633,0],[3888,0],]]
[3761,17,[[3762,0],[3760,0],[3633,0],[3889,0],]]
[3762,14,[[3761,0],[3763,0],[3634,0],[3635,0],[3890,0],]]
[3763,6,[[3764,0],[3762,0],[3635,0],[3891,0],]]
[3764,12,[[3763,0],[3765,0],[3636,0],[3637,0],[3892,0],]]
[3765,15,[[3766,0],[3764,0],[3637,0],[3893,0],]]
[3766,4,[[3765,0],[3767,0],[3638,0],[3639,0],[3894,0],]]
[3767,13,[[3768,0],[3766,0],[3639,0],[3895,0],]]
