[3932,19,[[3931,0],[3933,0],[4060,0],[3804,0],]]
[3933,2,[[3934,0],[3932,0],[4061,0],[4060,0],[3805,0],]]
[3934,5,[[3933,0],[3935,0],[4062,0],[3806,0],]]
[3935,17,[[3936,0],[3934,0],[4063,0],[4062,0],[3807,0],]]
[3936,2,[[3935,0],[3937,0],[4064,0],[3808,0],]]
[3937,19,[[3938,0],[3936,0],[4065,0],[4064,0],[3809,0],]]
[3938,11,[[3937,0],[3939,0],[4066,0],[3810,0],]]
[3939,6,[[3940,0],[3938,0],[4067,0],[4066,0],[3811,0],]]
[3940,4,[[3939,0],[3941,0],[4068,0],[3812,0],]]
[3941,1,[[3942,0],[3940,0],[4069,0],[4068,0],[3813,0],]]
[3942,4,[[3941,0],[3943,0],[4070,0],[3814,0],]]
[3943,12,[[3944,0],[3942,0],[4071,0],[4070,0],[3815,0],]]
[3944,12,[[3943,0],[3945,0],[4072,0],[3816,0],]]
[3945,1,[[3946,0],[3944,0],[4073,0],[4072,0],[3817,0],]]
[3946,10,[[3945,0],[3947,0],[4074,0],[3818,0],]]
[3947,8,[[3948,0],[3946,0],[4075,0],[4074,0],[3819,0],]]
[3948,17,[[3947,0],[3949,0],[4076,0],[3820,0],]]
[3949,7,[[3950,0],[3948,0],[4077,0],[4076,0],[3821,0],]]
[3950,17,[[3949,0],[3951,0],[4078,0],[3822,0],]]
[3951,8,[[3952,0],[3950,0],[4079,0],[4078,0],[3823,0],]]
[3952,7,[[3951,0],[3953,0],[4080,0],[3824,0],]]
[3953,14,[[3954,0],[3952,0],[4081,0],[4080,0],[3825,0],]]
[3954,1,[[3953,0],[3955,0],[4082,0],[3826,0],]]
[3955,8,[[3956,0],[3954,0],[4083,0],[4082,0],[3827,0],]]
[3956,8,[[3955,0],[3957,0],[4084,0],[3828,0],]]
[3957,7,[[3958,0],[3956,0],[4085,0],[4084,0],[3829,0],]]
[3958,1,[[3957,0],[3959,0],[4086,0],[3830,0],]]
[3959,7,[[3960,0],[3958,0],[4087,0],[4086,0],[3831,0],]]
[3960,14,[[3959,0],[3961,0],[4088,0],[3832,0],]]
[3961,4,[[3962,0],[3960,0],[4089,0],[4088,0],[3833,0],]]
[3962,11,[[3961,0],[3963,0],[4090,0],[3834,0],]]
[3963,19,[[3964,0],[3962,0],[4091,0],[4090,0],[3835,0],]]
[3964,9,[[3963,0],[3965,0],[4092,0],[3836,0],]]
[3965,12,[[3966,0],[3964,0],[4093,0],[4092,0],[3837,0],]]
[3966,9,[[3965,0],[3967,0],[4094,0],[3838,0],]]
[3967,4,[[3966,0],[4095,0],[4094,0],[3839,0],]]
[3968,10,[[3969,0],[3840,0],[3841,0],[4096,0],]]
[3969,8,[[3970,0],[3968,0],[3841,0],[4097,0],]]
[3970,11,[[3969,0],[3971,0],[3842,0],[3843,0],[4098,0],]]
[3971,1,[[3972,0],[3970,0],[3843,0],[4099,0],]]
[3972,17,[[3971,0],[3973,0],[3844,0],[3845,0],[4100,0],]]
[3973,10,[[3974,0],[3972,0],[3845,0],[4101,0],]]
[3974,14,[[3973,0],[3975,0],[3846,0],[3847,0],[4102,0],]]
[3975,12,[[3976,0],[3974,0],[3847,0],[4103,0],]]
[3976,13,[[3975,0],[3977,0],[3848,0],[3849,0],[4104,0],]]
[3977,3,[[3978,0],[3976,0],[3849,0],[4105,0],]]
[3978,7,[[3977,0],[3979,0],[3850,0],[3851,0],[4106,0],]]
[3979,4,[[3980,0],[3978,0],[3851,0],[4107,0],]]
[3980,8,[[3979,0],[3981,0],[3852,0],[3853,0],[4108,0],]]
[3981,9,[[3982,0],[3980,0],[3853,0],[4109,0],]]
[3982,12,[[3981,0],[3983,0],[3854,0],[3855,0],[4110,0],]]
[3983,12,[[3984,0],[3982,0],[3855,0],[4111,0],]]
[3984,15,[[3983,0],[3985,0],[3856,0],[3857,0],[4112,0],]]
[3985,16,[[3986,0],[3984,0],[3857,0],[4113,0],]]
[3986,17,[[3985,0],[3987,0],[3858,0],[3859,0],[4114,0],]]
[3987,16,[[3988,0],[3986,0],[3859,0],[4115,0],]]
[3988,17,[[3987,0],[3989,0],[3860,0],[3861,0],[4116,0],]]
[3989,16,[[3990,0],[3988,0],[3861,0],[4117,0],]]
[3990,17,[[3989,0],[3991,0],[3862,0],[3863,0],[4118,0],]]
[3991,10,[[3992,0],[3990,0],[3863,0],[4119,0],]]
[3992,18,[[3991,0],[3993,0],[3864,0],[3865,0],[4120,0],]]
[3993,18,[[3994,0],[3992,0],[3865,0],[4121,0],]]
[3994,3,[[3993,0],[3995,0],[3866,0],[3867,0],[4122,0],]]
[3995,19,[[3996,0],[3994,0],[3867,0],[4123,0],]]
[3996,10,[[3995,0],[3997,0],[3868,0],[3869,0],[4124,0],]]
[3997,14,[[3998,0],[3996,0],[3869,0],[4125,0],]]
[3998,6,[[3997,0],[3999,0],[3870,0],[3871,0],[4126,0],]]
[3999,2,[[4000,0],[3998,0],[3871,0],[4127,0],]]
[4000,7,[[3999,0],[4001,0],[3872,0],[3873,0],[4128,0],]]
[4001,12,[[4002,0],[4000,0],[3873,0],[4129,0],]]
[4002,1,[[4001,0],[4003,0],[3874,0],[3875,0],[4130,0],]]
[4003,1,[[4004,0],[4002,0],[3875,0],[4131,0],]]
[4004,9,[[4003,0],[4005,0],[3876,0],[3877,0],[4132,0],]]
[4005,2,[[4006,0],[4004,0],[3877,0],[4133,0],]]
[4006,4,[[4005,0],[4007,0],[3878,0],[3879,0],[4134,0],]]
[4007,18,[[4008,0],[4006,0],[3879,0],[4135,0],]]
[4008,1,[[4007,0],[4009,0],[3880,0],[3881,0],[4136,0],]]
[4009,4,[[4010,0],[4008,0],[3881,0],[4137,0],]]
[4010,15,[[4009,0],[4011,0],[3882,0],[3883,0],[4138,0],]]
[4011,5,[[4012,0],[4010,0],[3883,0],[4139,0],]]
[4012,10,[[4011,0],[4013,0],[3884,0],[3885,0],[4140,0],]]
[4013,5,[[4014,0],[4012,0],[3885,0],[4141,0],]]
[4014,3,[[4013,0],[4015,0],[3886,0],[3887,0],[4142,0],]]
[4015,17,[[4016,0],[4014,0],[3887,0],[4143,0],]]
[4016,10,[[4015,0],[4017,0],[3888,0],[3889,0],[4144,0],]]
[4017,14,[[4018,0],[4016,0],[3889,0],[4145,0],]]
[4018,12,[[4017,0],[4019,0],[3890,0],[3891,0],[4146,0],]]
[4019,12,[[4020,0],[4018,0],[3891,0],[4147,0],]]
[4020,6,[[4019,0],[4021,0],[3892,0],[3893,0],[4148,0],]]
[4021,8,[[4022,0],[4020,0],[3893,0],[4149,0],]]
[4022,4,[[4021,0],[4023,0],[3894,0],[3895,0],[4150,0],]]
[4023,4,[[4024,0],[4022,0],[3895,0],[4151,0],]]
[4024,5,[[4023,0],[4025,0],[3896,0],[3897,0],[4152,0],]]
[4025,5,[[4026,0],[4024,0],[3897,0],[4153,0],]]
[4026,18,[[4025,0],[4027,0],[3898,0],[3899,0],[4154,0],]]
[4027,2,[[4028,0],[4026,0],[3899,0],[4155,0],]]
[4028,13,[[4027,0],[4029,0],[3900,0],[3901,0],[4156,0],]]
[4029,14,[[4030,0],[4028,0],[3901,0],[4157,0],]]
[4030,16,[[4029,0],[4031,0],[3902,0],[3903,0],[4158,0],]]
[4031,11,[[4032,0],[4030,0],[3903,0],[4159,0],]]
[4032,19,[[4031,0],[4033,0],[3904,0],[3905,0],[4160,0],]]
[4033,17,[[4034,0],[4032,0],[3905,0],[4161,0],]]
[4034,12,[[4033,0],[4035,0],[3906,0],[3907,0],[4162,0],]]
[4035,9,[[4036,0],[4034,0],[3907,0],[4163,0],]]
[4036,12,[[4035,0],[4037,0],[3908,0],[3909,0],[4164,0],]]
[4037,5,[[4038,0],[4036,0],[3909,0],[4165,0],]]
[4038,16,[[4037,0],[4039,0],[3910,0],[3911,0],[4166,0],]]
[4039,7,[[4040,0],[4038,0],[3911,0],[4167,0],]]
[4040,18,[[4039,0],[4041,0],[3912,0],[3913,0],[4168,0],]]
[4041,18,[[4042,0],[4040,0],[3913,0],[4169,0],]]
[4042,18,[[4041,0],[4043,0],[3914,0],[3915,0],[4170,0],]]
[4043,6,[[4044,0],[4042,0],[3915,0],[4171,0],]]
[4044,15,[[4043,0],[4045,0],[3916,0],[3917,0],[4172,0],]]
[4045,12,[[4046,0],[4044,0],[3917,0],[4173,0],]]
[4046,9,[[4045,0],[4047,0],[3918,0],[3919,0],[4174,0],]]
[4047,13,[[4048,0],[4046,0],[3919,0],[4175,0],]]
[4048,8,[[4047,0],[4049,0],[3920,0],[3921,0],[4176,0],]]
[4049,4,[[4050,0],[4048,0],[3921,0],[4177,0],]]
[4050,18,[[4049,0],[4051,0],[3922,0],[3923,0],[4178,0],]]
[4051,8,[[4052,0],[4050,0],[3923,0],[4179,0],]]
[4052,2,[[4051,0],[4053,0],[3924,0],[3925,0],[4180,0],]]
[4053,15,[[4054,0],[4052,0],[3925,0],[4181,0],]]
[4054,1,[[4053,0],[4055,0],[3926,0],[3927,0],[4182,0],]]
[4055,15,[[4056,0],[4054,0],[3927,0],[4183,0],]]
[4056,9,[[4055,0],[4057,0],[3928,0],[3929,0],[4184,0],]]
[4057,2,[[4058,0],[4056,0],[3929,0],[4185,0],]]
[4058,11,[[4057,0],[4059,0],[3930,0],[3931,0],[4186,0],]]
[4059,3,[[4060,0],[4058,0],[3931,0],[4187,0],]]
[4060,9,[[4059,0],[4061,0],[3932,0],[3933,0],[4188,0],]]
[4061,13,[[4062,0],[4060,0],[3933,0],[4189,0],]]
[4062,13,[[4061,0],[4063,0],[3934,0],[3935,0],[4190,0],]]
[4063,5,[[4064,0],[4062,0],[3935,0],[4191,0],]]
[4064,1,[[4063,0],[4065,0],[3936,0],[3937,0],[4192,0],]]
[4065,1,[[4066,0],[4064,0],[3937,0],[4193,0],]]
[4066,19,[[4065,0],[4067,0],[3938,0],[3939,0],[4194,0],]]
[4067,6,[[4068,0],[4066,0],[3939,0],[4195,0],]]
[4068,6,[[4067,0],[4069,0],[3940,0],[3941,0],[4196,0],]]
[4069,1,[[4070,0],[4068,0],[3941,0],[4197,0],]]
[4070,15,[[4069,0],[4071,0],[3942,0],[3943,0],[4198,0],]]
[4071,4,[[4072,0],[4070,0],[3943,0],[4199,0],]]
[4072,7,[[4071,0],[4073,0],[3944,0],[3945,0],[4200,0],]]
[4073,3,[[4074,0],[4072,0],[3945,0],[4201,0],]]
[4074,13,[[4073,0],[4075,0],[3946,0],[3947,0],[4202,0],]]
[4075,16,[[4076,0],[4074,0],[3947,0],[4203,0],]]
[4076,16,[[4075,0],[4077,0],[3948,0],[3949,0],[4204,0],]]
[4077,17,[[4078,0],[4076,0],[3949,0],[4205,0],]]
[4078,10,[[4077,0],[4079,0],[3950,0],[3951,0],[4206,0],]]
[4079,2,[[4080,0],[4078,0],[3951,0],[4207,0],]]
[4080,11,[[4079,0],[4081,0],[3952,0],[3953,0],[4208,0],]]
[4081,6,[[4082,0],[4080,0],[3953,0],[4209,0],]]
[4082,9,[[4081,0],[4083,0],[3954,0],[3955,0],[4210,0],]]
[4083,7,[[4084,0],[4082,0],[3955,0],[4211,0],]]
[4084,7,[[4083,0],[4085,0],[3956,0],[3957,0],[4212,0],]]
[4085,14,[[4086,0],[4084,0],[3957,0],[4213,0],]]
[4086,3,[[4085,0],[4087,0],[3958,0],[3959,0],[4214,0],]]
[4087,11,[[4088,0],[4086,0],[3959,0],[4215,0],]]
[4088,11,[[4087,0],[4089,0],[3960,0],[3961,0],[4216,0],]]
[4089,10,[[4090,0],[4088,0],[3961,0],[4217,0],]]
[4090,2,[[4089,0],[4091,0],[3962,0],[3963,0],[4218,0],]]
[4091,1,[[4092,0],[4090,0],[3963,0],[4219,0],]]
[4092,8,[[4091,0],[4093,0],[3964,0],[3965,0],[4220,0],]]
[4093,12,[[4094,0],[4092,0],[3965,0],[4221,0],]]
[4094,9,[[4093,0],[4095,0],[3966,0],[3967,0],[4222,0],]]
[4095,14,[[4094,0],[3967,0],[4223,0],]]
