[5242,11,[[5241,0],[5243,0],[5370,0],[5114,0],]]
[5243,8,[[5244,0],[5242,0],[5371,0],[5370,0],[5115,0],]]
[5244,19,[[5243,0],[5245,0],[5372,0],[5116,0],]]
[5245,6,[[5246,0],[5244,0],[5373,0],[5372,0],[5117,0],]]
[5246,16,[[5245,0],[5247,0],[5374,0],[5118,0],]]
[5247,7,[[5246,0],[5375,0],[5374,0],[5119,0],]]
[5248,3,[[5249,0],[5120,0],[5121,0],[5376,0],]]
[5249,19,[[5250,0],[5248,0],[5121,0],[5377,0],]]
[5250,6,[[5249,0],[5251,0],[5122,0],[5123,0],[5378,0],]]
[5251,10,[[5252,0],[5250,0],[5123,0],[5379,0],]]
[5252,6,[[5251,0],[5253,0],[5124,0],[5125,0],[5380,0],]]
[5253,5,[[5254,0],[5252,0],[5125,0],[5381,0],]]
[5254,4,[[5253,0],[5255,0],[5126,0],[5127,0],[5382,0],]]
[5255,7,[[5256,0],[5254,0],[5127,0],[5383,0],]]
[5256,12,[[5255,0],[5257,0],[5128,0],[5129,0],[5384,0],]]
[5257,18,[[5258,0],[5256,0],[5129,0],[5385,0],]]
[5258,12,[[5257,0],[5259,0],[5130,0],[5131,0],[5386,0],]]
[5259,10,[[5260,0],[5258,0],[5131,0],[5387,0],]]
[5260,17,[[5259,0],[5261,0],[5132,0],[5133,0],[5388,0],]]
[5261,18,[[5262,0],[5260,0],[5133,0],[5389,0],]]
[5262,18,[[5261,0],[5263,0],[5134,0],[5135,0],[5390,0],]]
[5263,7,[[5264,0],[5262,0],[5135,0],[5391,0],]]
[5264,11,[[5263,0],[5265,0],[5136,0],[5137,0],[5392,0],]]
[5265,19,[[5266,0],[5264,0],[5137,0],[5393,0],]]
[5266,15,[[5265,0],[5267,0],[5138,0],[5139,0],[5394,0],]]
[5267,16,[[5268,0],[5266,0],[5139,0],[5395,0],]]
[5268,19,[[5267,0],[5269,0],[5140,0],[5141,0],[5396,0],]]
[5269,8,[[5270,0],[5268,0],[5141,0],[5397,0],]]
[5270,17,[[5269,0],[5271,0],[5142,0],[5143,0],[5398,0],]]
[5271,17,[[5272,0],[5270,0],[5143,0],[5399,0],]]
[5272,10,[[5271,0],[5273,0],[5144,0],[5145,0],[5400,0],]]
[5273,2,[[5274,0],[5272,0],[5145,0],[5401,0],]]
[5274,2,[[5273,0],[5275,0],[5146,0],[5147,0],[5402,0],]]
[5275,19,[[5276,0],[5274,0],[5147,0],[5403,0],]]
[5276,9,[[5275,0],[5277,0],[5148,0],[5149,0],[5404,0],]]
[5277,3,[[5278,0],[5276,0],[5149,0],[5405,0],]]
[5278,18,[[5277,0],[5279,0],[5150,0],[5151,0],[5406,0],]]
[5279,9,[[5280,0],[5278,0],[5151,0],[5407,0],]]
[5280,12,[[5279,0],[5281,0],[5152,0],[5153,0],[5408,0],]]
[5281,5,[[5282,0],[5280,0],[5153,0],[5409,0],]]
[5282,8,[[5281,0],[5283,0],[5154,0],[5155,0],[5410,0],]]
[5283,2,[[5284,0],[5282,0],[5155,0],[5411,0],]]
[5284,5,[[5283,0],[5285,0],[5156,0],[5157,0],[5412,0],]]
[5285,15,[[5286,0],[5284,0],[5157,0],[5413,0],]]
[5286,6,[[5285,0],[5287,0],[5158,0],[5159,0],[5414,0],]]
[5287,16,[[5288,0],[5286,0],[5159,0],[5415,0],]]
[5288,15,[[5287,0],[5289,0],[5160,0],[5161,0],[5416,0],]]
[5289,16,[[5290,0],[5288,0],[5161,0],[5417,0],]]
[5290,1,[[5289,0],[5291,0],[5162,0],[5163,0],[5418,0],]]
[5291,9,[[5292,0],[5290,0],[5163,0],[5419,0],]]
[5292,1,[[5291,0],[5293,0],[5164,0],[5165,0],[5420,0],]]
[5293,19,[[5294,0],[5292,0],[5165,0],[5421,0],]]
[5294,8,[[5293,0],[5295,0],[5166,0],[5167,0],[5422,0],]]
[5295,18,[[5296,0],[5294,0],[5167,0],[5423,0],]]
[5296,18,[[5295,0],[5297,0],[5168,0],[5169,0],[5424,0],]]
[5297,17,[[5298,0],[5296,0],[5169,0],[5425,0],]]
[5298,15,[[5297,0],[5299,0],[5170,0],[5171,0],[5426,0],]]
[5299,13,[[5300,0],[5298,0],[5171,0],[5427,0],]]
[5300,4,[[5299,0],[5301,0],[5172,0],[5173,0],[5428,0],]]
[5301,4,[[5302,0],[5300,0],[5173,0],[5429,0],]]
[5302,15,[[5301,0],[5303,0],[5174,0],[5175,0],[5430,0],]]
[5303,15,[[5304,0],[5302,0],[5175,0],[5431,0],]]
[5304,16,[[5303,0],[5305,0],[5176,0],[5177,0],[5432,0],]]
[5305,12,[[5306,0],[5304,0],[5177,0],[5433,0],]]
[5306,10,[[5305,0],[5307,0],[5178,0],[5179,0],[5434,0],]]
[5307,2,[[5308,0],[5306,0],[5179,0],[5435,0],]]
[5308,10,[[5307,0],[5309,0],[5180,0],[5181,0],[5436,0],]]
[5309,3,[[5310,0],[5308,0],[5181,0],[5437,0],]]
[5310,4,[[5309,0],[5311,0],[5182,0],[5183,0],[5438,0],]]
[5311,15,[[5312,0],[5310,0],[5183,0],[5439,0],]]
[5312,2,[[5311,0],[5313,0],[5184,0],[5185,0],[5440,0],]]
[5313,5,[[5314,0],[5312,0],[5185,0],[5441,0],]]
[5314,3,[[5313,0],[5315,0],[5186,0],[5187,0],[5442,0],]]
[5315,16,[[5316,0],[5314,0],[5187,0],[5443,0],]]
[5316,4,[[5315,0],[5317,0],[5188,0],[5189,0],[5444,0],]]
[5317,8,[[5318,0],[5316,0],[5189,0],[5445,0],]]
[5318,18,[[5317,0],[5319,0],[5190,0],[5191,0],[5446,0],]]
[5319,5,[[5320,0],[5318,0],[5191,0],[5447,0],]]
[5320,17,[[5319,0],[5321,0],[5192,0],[5193,0],[5448,0],]]
[5321,4,[[5322,0],[5320,0],[5193,0],[5449,0],]]
[5322,18,[[5321,0],[5323,0],[5194,0],[5195,0],[5450,0],]]
[5323,10,[[5324,0],[5322,0],[5195,0],[5451,0],]]
[5324,11,[[5323,0],[5325,0],[5196,0],[5197,0],[5452,0],]]
[5325,9,[[5326,0],[5324,0],[5197,0],[5453,0],]]
[5326,13,[[5325,0],[5327,0],[5198,0],[5199,0],[5454,0],]]
[5327,3,[[5328,0],[5326,0],[5199,0],[5455,0],]]
[5328,8,[[5327,0],[5329,0],[5200,0],[5201,0],[5456,0],]]
[5329,5,[[5330,0],[5328,0],[5201,0],[5457,0],]]
[5330,16,[[5329,0],[5331,0],[5202,0],[5203,0],[5458,0],]]
[5331,13,[[5332,0],[5330,0],[5203,0],[5459,0],]]
[5332,1,[[5331,0],[5333,0],[5204,0],[5205,0],[5460,0],]]
[5333,11,[[5334,0],[5332,0],[5205,0],[5461,0],]]
[5334,14,[[5333,0],[5335,0],[5206,0],[5207,0],[5462,0],]]
[5335,2,[[5336,0],[5334,0],[5207,0],[5463,0],]]
[5336,18,[[5335,0],[5337,0],[5208,0],[5209,0],[5464,0],]]
[5337,1,[[5338,0],[5336,0],[5209,0],[5465,0],]]
[5338,9,[[5337,0],[5339,0],[5210,0],[5211,0],[5466,0],]]
[5339,5,[[5340,0],[5338,0],[5211,0],[5467,0],]]
[5340,5,[[5339,0],[5341,0],[5212,0],[5213,0],[5468,0],]]
[5341,16,[[5342,0],[5340,0],[5213,0],[5469,0],]]
[5342,5,[[5341,0],[5343,0],[5214,0],[5215,0],[5470,0],]]
[5343,11,[[5344,0],[5342,0],[5215,0],[5471,0],]]
[5344,13,[[5343,0],[5345,0],[5216,0],[5217,0],[5472,0],]]
[5345,5,[[5346,0],[5344,0],[5217,0],[5473,0],]]
[5346,10,[[5345,0],[5347,0],[5218,0],[5219,0],[5474,0],]]
[5347,11,[[5348,0],[5346,0],[5219,0],[5475,0],]]
[5348,1,[[5347,0],[5349,0],[5220,0],[5221,0],[5476,0],]]
[5349,12,[[5350,0],[5348,0],[5221,0],[5477,0],]]
[5350,9,[[5349,0],[5351,0],[5222,0],[5223,0],[5478,0],]]
[5351,15,[[5352,0],[5350,0],[5223,0],[5479,0],]]
[5352,8,[[5351,0],[5353,0],[5224,0],[5225,0],[5480,0],]]
[5353,16,[[5354,0],[5352,0],[5225,0],[5481,0],]]
[5354,16,[[5353,0],[5355,0],[5226,0],[5227,0],[5482,0],]]
[5355,9,[[5356,0],[5354,0],[5227,0],[5483,0],]]
[5356,8,[[5355,0],[5357,0],[5228,0],[5229,0],[5484,0],]]
[5357,15,[[5358,0],[5356,0],[5229,0],[5485,0],]]
[5358,8,[[5357,0],[5359,0],[5230,0],[5231,0],[5486,0],]]
[5359,12,[[5360,0],[5358,0],[5231,0],[5487,0],]]
[5360,6,[[5359,0],[5361,0],[5232,0],[5233,0],[5488,0],]]
[5361,7,[[5362,0],[5360,0],[5233,0],[5489,0],]]
[5362,9,[[5361,0],[5363,0],[5234,0],[5235,0],[5490,0],]]
[5363,12,[[5364,0],[5362,0],[5235,0],[5491,0],]]
[5364,7,[[5363,0],[5365,0],[5236,0],[5237,0],[5492,0],]]
[5365,5,[[5366,0],[5364,0],[5237,0],[5493,0],]]
[5366,13,[[5365,0],[5367,0],[5238,0],[5239,0],[5494,0],]]
[5367,16,[[5368,0],[5366,0],[5239,0],[5495,0],]]
[5368,5,[[5367,0],[5369,0],[5240,0],[5241,0],[5496,0],]]
[5369,6,[[5370,0],[5368,0],[5241,0],[5497,0],]]
[5370,19,[[5369,0],[5371,0],[5242,0],[5243,0],[5498,0],]]
[5371,9,[[5372,0],[5370,0],[5243,0],[5499,0],]]
[5372,11,[[5371,0],[5373,0],[5244,0],[5245,0],[5500,0],]]
[5373,4,[[5374,0],[5372,0],[5245,0],[5501,0],]]
[5374,12,[[5373,0],[5375,0],[5246,0],[5247,0],[5502,0],]]
[5375,14,[[5374,0],[5247,0],[5503,0],]]
[5376,11,[[5377,0],[5504,0],[5248,0],]]
[5377,4,[[5378,0],[5376,0],[5505,0],[5504,0],[5249,0],]]
[5378,16,[[5377,0],[5379,0],[5506,0],[5250,0],]]
[5379,17,[[5380,0],[5378,0],[5507,0],[5506,0],[5251,0],]]
[5380,1,[[5379,0],[5381,0],[5508,0],[5252,0],]]
[5381,2,[[5382,0],[5380,0],[5509,0],[5508,0],[5253,0],]]
[5382,14,[[5381,0],[5383,0],[5510,0],[5254,0],]]
[5383,14,[[5384,0],[5382,0],[5511,0],[5510,0],[5255,0],]]
[5384,2,[[5383,0],[5385,0],[5512,0],[5256,0],]]
[5385,12,[[5386,0],[5384,0],[5513,0],[5512,0],[5257,0],]]
[5386,7,[[5385,0],[5387,0],[5514,0],[5258,0],]]
[5387,18,[[5388,0],[5386,0],[5515,0],[5514,0],[5259,0],]]
[5388,3,[[5387,0],[5389,0],[5516,0],[5260,0],]]
[5389,15,[[5390,0],[5388,0],[5517,0],[5516,0],[5261,0],]]
[5390,1,[[5389,0],[5391,0],[5518,0],[5262,0],]]
[5391,6,[[5392,0],[5390,0],[5519,0],[5518,0],[5263,0],]]
[5392,8,[[5391,0],[5393,0],[5520,0],[5264,0],]]
[5393,7,[[5394,0],[5392,0],[5521,0],[5520,0],[5265,0],]]
[5394,5,[[5393,0],[5395,0],[5522,0],[5266,0],]]
[5395,18,[[5396,0],[5394,0],[5523,0],[5522,0],[5267,0],]]
[5396,3,[[5395,0],[5397,0],[5524,0],[5268,0],]]
[5397,4,[[5398,0],[5396,0],[5525,0],[5524,0],[5269,0],]]
[5398,6,[[5397,0],[5399,0],[5526,0],[5270,0],]]
[5399,4,[[5400,0],[5398,0],[5527,0],[5526,0],[5271,0],]]
[5400,10,[[5399,0],[5401,0],[5528,0],[5272,0],]]
[5401,18,[[5402,0],[5400,0],[5529,0],[5528,0],[5273,0],]]
[5402,15,[[5401,0],[5403,0],[5530,0],[5274,0],]]
[5403,14,[[5404,0],[5402,0],[5531,0],[5530,0],[5275,0],]]
[5404,19,[[5403,0],[5405,0],[5532,0],[5276,0],]]
[5405,2,[[5406,0],[5404,0],[5533,0],[5532,0],[5277,0],]]
