[5570,4,[[5569,0],[5571,0],[5442,0],[5443,0],[5698,0],]]
[5571,15,[[5572,0],[5570,0],[5443,0],[5699,0],]]
[5572,7,[[5571,0],[5573,0],[5444,0],[5445,0],[5700,0],]]
[5573,12,[[5574,0],[5572,0],[5445,0],[5701,0],]]
[5574,1,[[5573,0],[5575,0],[5446,0],[5447,0],[5702,0],]]
[5575,16,[[5576,0],[5574,0],[5447,0],[5703,0],]]
[5576,11,[[5575,0],[5577,0],[5448,0],[5449,0],[5704,0],]]
[5577,6,[[5578,0],[5576,0],[5449,0],[5705,0],]]
[5578,10,[[5577,0],[5579,0],[5450,0],[5451,0],[5706,0],]]
[5579,17,[[5580,0],[5578,0],[5451,0],[5707,0],]]
[5580,14,[[5579,0],[5581,0],[5452,0],[5453,0],[5708,0],]]
[5581,16,[[5582,0],[5580,0],[5453,0],[5709,0],]]
[5582,18,[[5581,0],[5583,0],[5454,0],[5455,0],[5710,0],]]
[5583,9,[[5584,0],[5582,0],[5455,0],[5711,0],]]
[5584,9,[[5583,0],[5585,0],[5456,0],[5457,0],[5712,0],]]
[5585,9,[[5586,0],[5584,0],[5457,0],[5713,0],]]
[5586,16,[[5585,0],[5587,0],[5458,0],[5459,0],[5714,0],]]
[5587,17,[[5588,0],[5586,0],[5459,0],[5715,0],]]
[5588,6,[[5587,0],[5589,0],[5460,0],[5461,0],[5716,0],]]
[5589,17,[[5590,0],[5588,0],[5461,0],[5717,0],]]
[5590,9,[[5589,0],[5591,0],[5462,0],[5463,0],[5718,0],]]
[5591,5,[[5592,0],[5590,0],[5463,0],[5719,0],]]
[5592,1,[[5591,0],[5593,0],[5464,0],[5465,0],[5720,0],]]
[5593,8,[[5594,0],[5592,0],[5465,0],[5721,0],]]
[5594,2,[[5593,0],[5595,0],[5466,0],[5467,0],[5722,0],]]
[5595,16,[[5596,0],[5594,0],[5467,0],[5723,0],]]
[5596,16,[[5595,0],[5597,0],[5468,0],[5469,0],[5724,0],]]
[5597,2,[[5598,0],[5596,0],[5469,0],[5725,0],]]
[5598,19,[[5597,0],[5599,0],[5470,0],[5471,0],[5726,0],]]
[5599,15,[[5600,0],[5598,0],[5471,0],[5727,0],]]
[5600,18,[[5599,0],[5601,0],[5472,0],[5473,0],[5728,0],]]
[5601,11,[[5602,0],[5600,0],[5473,0],[5729,0],]]
[5602,19,[[5601,0],[5603,0],[5474,0],[5475,0],[5730,0],]]
[5603,8,[[5604,0],[5602,0],[5475,0],[5731,0],]]
[5604,4,[[5603,0],[5605,0],[5476,0],[5477,0],[5732,0],]]
[5605,18,[[5606,0],[5604,0],[5477,0],[5733,0],]]
[5606,14,[[5605,0],[5607,0],[5478,0],[5479,0],[5734,0],]]
[5607,12,[[5608,0],[5606,0],[5479,0],[5735,0],]]
[5608,12,[[5607,0],[5609,0],[5480,0],[5481,0],[5736,0],]]
[5609,11,[[5610,0],[5608,0],[5481,0],[5737,0],]]
[5610,1,[[5609,0],[5611,0],[5482,0],[5483,0],[5738,0],]]
[5611,15,[[5612,0],[5610,0],[5483,0],[5739,0],]]
[5612,8,[[5611,0],[5613,0],[5484,0],[5485,0],[5740,0],]]
[5613,17,[[5614,0],[5612,0],[5485,0],[5741,0],]]
[5614,7,[[5613,0],[5615,0],[5486,0],[5487,0],[5742,0],]]
[5615,7,[[5616,0],[5614,0],[5487,0],[5743,0],]]
[5616,9,[[5615,0],[5617,0],[5488,0],[5489,0],[5744,0],]]
[5617,10,[[5618,0],[5616,0],[5489,0],[5745,0],]]
[5618,15,[[5617,0],[5619,0],[5490,0],[5491,0],[5746,0],]]
[5619,17,[[5620,0],[5618,0],[5491,0],[5747,0],]]
[5620,5,[[5619,0],[5621,0],[5492,0],[5493,0],[5748,0],]]
[5621,11,[[5622,0],[5620,0],[5493,0],[5749,0],]]
[5622,9,[[5621,0],[5623,0],[5494,0],[5495,0],[5750,0],]]
[5623,7,[[5624,0],[5622,0],[5495,0],[5751,0],]]
[5624,12,[[5623,0],[5625,0],[5496,0],[5497,0],[5752,0],]]
[5625,6,[[5626,0],[5624,0],[5497,0],[5753,0],]]
[5626,7,[[5625,0],[5627,0],[5498,0],[5499,0],[5754,0],]]
[5627,8,[[5628,0],[5626,0],[5499,0],[5755,0],]]
[5628,19,[[5627,0],[5629,0],[5500,0],[5501,0],[5756,0],]]
[5629,5,[[5630,0],[5628,0],[5501,0],[5757,0],]]
[5630,17,[[5629,0],[5631,0],[5502,0],[5503,0],[5758,0],]]
[5631,2,[[5630,0],[5503,0],[5759,0],]]
[5632,1,[[5633,0],[5760,0],[5504,0],]]
[5633,16,[[5634,0],[5632,0],[5761,0],[5760,0],[5505,0],]]
[5634,7,[[5633,0],[5635,0],[5762,0],[5506,0],]]
[5635,14,[[5636,0],[5634,0],[5763,0],[5762,0],[5507,0],]]
[5636,17,[[5635,0],[5637,0],[5764,0],[5508,0],]]
[5637,14,[[5638,0],[5636,0],[5765,0],[5764,0],[5509,0],]]
[5638,11,[[5637,0],[5639,0],[5766,0],[5510,0],]]
[5639,6,[[5640,0],[5638,0],[5767,0],[5766,0],[5511,0],]]
[5640,15,[[5639,0],[5641,0],[5768,0],[5512,0],]]
[5641,1,[[5642,0],[5640,0],[5769,0],[5768,0],[5513,0],]]
[5642,15,[[5641,0],[5643,0],[5770,0],[5514,0],]]
[5643,6,[[5644,0],[5642,0],[5771,0],[5770,0],[5515,0],]]
[5644,17,[[5643,0],[5645,0],[5772,0],[5516,0],]]
[5645,17,[[5646,0],[5644,0],[5773,0],[5772,0],[5517,0],]]
[5646,6,[[5645,0],[5647,0],[5774,0],[5518,0],]]
[5647,2,[[5648,0],[5646,0],[5775,0],[5774,0],[5519,0],]]
[5648,16,[[5647,0],[5649,0],[5776,0],[5520,0],]]
[5649,7,[[5650,0],[5648,0],[5777,0],[5776,0],[5521,0],]]
[5650,9,[[5649,0],[5651,0],[5778,0],[5522,0],]]
[5651,8,[[5652,0],[5650,0],[5779,0],[5778,0],[5523,0],]]
[5652,16,[[5651,0],[5653,0],[5780,0],[5524,0],]]
[5653,11,[[5654,0],[5652,0],[5781,0],[5780,0],[5525,0],]]
[5654,10,[[5653,0],[5655,0],[5782,0],[5526,0],]]
[5655,5,[[5656,0],[5654,0],[5783,0],[5782,0],[5527,0],]]
[5656,5,[[5655,0],[5657,0],[5784,0],[5528,0],]]
[5657,17,[[5658,0],[5656,0],[5785,0],[5784,0],[5529,0],]]
[5658,18,[[5657,0],[5659,0],[5786,0],[5530,0],]]
[5659,3,[[5660,0],[5658,0],[5787,0],[5786,0],[5531,0],]]
[5660,3,[[5659,0],[5661,0],[5788,0],[5532,0],]]
[5661,13,[[5662,0],[5660,0],[5789,0],[5788,0],[5533,0],]]
[5662,15,[[5661,0],[5663,0],[5790,0],[5534,0],]]
[5663,7,[[5664,0],[5662,0],[5791,0],[5790,0],[5535,0],]]
[5664,7,[[5663,0],[5665,0],[5792,0],[5536,0],]]
[5665,1,[[5666,0],[5664,0],[5793,0],[5792,0],[5537,0],]]
[5666,13,[[5665,0],[5667,0],[5794,0],[5538,0],]]
[5667,8,[[5668,0],[5666,0],[5795,0],[5794,0],[5539,0],]]
[5668,16,[[5667,0],[5669,0],[5796,0],[5540,0],]]
[5669,8,[[5670,0],[5668,0],[5797,0],[5796,0],[5541,0],]]
[5670,13,[[5669,0],[5671,0],[5798,0],[5542,0],]]
[5671,2,[[5672,0],[5670,0],[5799,0],[5798,0],[5543,0],]]
[5672,11,[[5671,0],[5673,0],[5800,0],[5544,0],]]
[5673,10,[[5674,0],[5672,0],[5801,0],[5800,0],[5545,0],]]
[5674,18,[[5673,0],[5675,0],[5802,0],[5546,0],]]
[5675,6,[[5676,0],[5674,0],[5803,0],[5802,0],[5547,0],]]
[5676,17,[[5675,0],[5677,0],[5804,0],[5548,0],]]
[5677,5,[[5678,0],[5676,0],[5805,0],[5804,0],[5549,0],]]
[5678,16,[[5677,0],[5679,0],[5806,0],[5550,0],]]
[5679,12,[[5680,0],[5678,0],[5807,0],[5806,0],[5551,0],]]
[5680,17,[[5679,0],[5681,0],[5808,0],[5552,0],]]
[5681,3,[[5682,0],[5680,0],[5809,0],[5808,0],[5553,0],]]
[5682,1,[[5681,0],[5683,0],[5810,0],[5554,0],]]
[5683,12,[[5684,0],[5682,0],[5811,0],[5810,0],[5555,0],]]
[5684,7,[[5683,0],[5685,0],[5812,0],[5556,0],]]
[5685,8,[[5686,0],[5684,0],[5813,0],[5812,0],[5557,0],]]
[5686,18,[[5685,0],[5687,0],[5814,0],[5558,0],]]
[5687,17,[[5688,0],[5686,0],[5815,0],[5814,0],[5559,0],]]
[5688,4,[[5687,0],[5689,0],[5816,0],[5560,0],]]
[5689,3,[[5690,0],[5688,0],[5817,0],[5816,0],[5561,0],]]
[5690,17,[[5689,0],[5691,0],[5818,0],[5562,0],]]
[5691,1,[[5692,0],[5690,0],[5819,0],[5818,0],[5563,0],]]
[5692,4,[[5691,0],[5693,0],[5820,0],[5564,0],]]
[5693,14,[[5694,0],[5692,0],[5821,0],[5820,0],[5565,0],]]
[5694,4,[[5693,0],[5695,0],[5822,0],[5566,0],]]
[5695,5,[[5696,0],[5694,0],[5823,0],[5822,0],[5567,0],]]
[5696,13,[[5695,0],[5697,0],[5824,0],[5568,0],]]
[5697,3,[[5698,0],[5696,0],[5825,0],[5824,0],[5569,0],]]
[5698,17,[[5697,0],[5699,0],[5826,0],[5570,0],]]
[5699,8,[[5700,0],[5698,0],[5827,0],[5826,0],[5571,0],]]
[5700,14,[[5699,0],[5701,0],[5828,0],[5572,0],]]
[5701,3,[[5702,0],[5700,0],[5829,0],[5828,0],[5573,0],]]
[5702,12,[[5701,0],[5703,0],[5830,0],[5574,0],]]
[5703,16,[[5704,0],[5702,0],[5831,0],[5830,0],[5575,0],]]
[5704,2,[[5703,0],[5705,0],[5832,0],[5576,0],]]
[5705,2,[[5706,0],[5704,0],[5833,0],[5832,0],[5577,0],]]
[5706,15,[[5705,0],[5707,0],[5834,0],[5578,0],]]
[5707,4,[[5708,0],[5706,0],[5835,0],[5834,0],[5579,0],]]
[5708,10,[[5707,0],[5709,0],[5836,0],[5580,0],]]
[5709,17,[[5710,0],[5708,0],[5837,0],[5836,0],[5581,0],]]
[5710,7,[[5709,0],[5711,0],[5838,0],[5582,0],]]
[5711,18,[[5712,0],[5710,0],[5839,0],[5838,0],[5583,0],]]
[5712,9,[[5711,0],[5713,0],[5840,0],[5584,0],]]
[5713,7,[[5714,0],[5712,0],[5841,0],[5840,0],[5585,0],]]
[5714,6,[[5713,0],[5715,0],[5842,0],[5586,0],]]
[5715,11,[[5716,0],[5714,0],[5843,0],[5842,0],[5587,0],]]
[5716,9,[[5715,0],[5717,0],[5844,0],[5588,0],]]
[5717,13,[[5718,0],[5716,0],[5845,0],[5844,0],[5589,0],]]
[5718,7,[[5717,0],[5719,0],[5846,0],[5590,0],]]
[5719,6,[[5720,0],[5718,0],[5847,0],[5846,0],[5591,0],]]
[5720,6,[[5719,0],[5721,0],[5848,0],[5592,0],]]
[5721,4,[[5722,0],[5720,0],[5849,0],[5848,0],[5593,0],]]
[5722,8,[[5721,0],[5723,0],[5850,0],[5594,0],]]
[5723,4,[[5724,0],[5722,0],[5851,0],[5850,0],[5595,0],]]
[5724,15,[[5723,0],[5725,0],[5852,0],[5596,0],]]
[5725,10,[[5726,0],[5724,0],[5853,0],[5852,0],[5597,0],]]
[5726,12,[[5725,0],[5727,0],[5854,0],[5598,0],]]
[5727,19,[[5728,0],[5726,0],[5855,0],[5854,0],[5599,0],]]
[5728,3,[[5727,0],[5729,0],[5856,0],[5600,0],]]
[5729,16,[[5730,0],[5728,0],[5857,0],[5856,0],[5601,0],]]
[5730,3,[[5729,0],[5731,0],[5858,0],[5602,0],]]
[5731,11,[[5732,0],[5730,0],[5859,0],[5858,0],[5603,0],]]
[5732,2,[[5731,0],[5733,0],[5860,0],[5604,0],]]
[5733,1,[[5734,0],[5732,0],[5861,0],[5860,0],[5605,0],]]
