[4915,18,[[4916,0],[4914,0],[5043,0],[5042,0],[4787,0],]]
[4916,4,[[4915,0],[4917,0],[5044,0],[4788,0],]]
[4917,8,[[4918,0],[4916,0],[5045,0],[5044,0],[4789,0],]]
[4918,1,[[4917,0],[4919,0],[5046,0],[4790,0],]]
[4919,1,[[4920,0],[4918,0],[5047,0],[5046,0],[4791,0],]]
[4920,8,[[4919,0],[4921,0],[5048,0],[4792,0],]]
[4921,17,[[4922,0],[4920,0],[5049,0],[5048,0],[4793,0],]]
[4922,11,[[4921,0],[4923,0],[5050,0],[4794,0],]]
[4923,3,[[4924,0],[4922,0],[5051,0],[5050,0],[4795,0],]]
[4924,9,[[4923,0],[4925,0],[5052,0],[4796,0],]]
[4925,15,[[4926,0],[4924,0],[5053,0],[5052,0],[4797,0],]]
[4926,19,[[4925,0],[4927,0],[5054,0],[4798,0],]]
[4927,11,[[4928,0],[4926,0],[5055,0],[5054,0],[4799,0],]]
[4928,6,[[4927,0],[4929,0],[5056,0],[4800,0],]]
[4929,1,[[4930,0],[4928,0],[5057,0],[5056,0],[4801,0],]]
[4930,14,[[4929,0],[4931,0],[5058,0],[4802,0],]]
[4931,6,[[4932,0],[4930,0],[5059,0],[5058,0],[4803,0],]]
[4932,15,[[4931,0],[4933,0],[5060,0],[4804,0],]]
[4933,9,[[4934,0],[4932,0],[5061,0],[5060,0],[4805,0],]]
[4934,10,[[4933,0],[4935,0],[5062,0],[4806,0],]]
[4935,5,[[4936,0],[4934,0],[5063,0],[5062,0],[4807,0],]]
[4936,7,[[4935,0],[4937,0],[5064,0],[4808,0],]]
[4937,12,[[4938,0],[4936,0],[5065,0],[5064,0],[4809,0],]]
[4938,9,[[4937,0],[4939,0],[5066,0],[4810,0],]]
[4939,1,[[4940,0],[4938,0],[5067,0],[5066,0],[4811,0],]]
[4940,11,[[4939,0],[4941,0],[5068,0],[4812,0],]]
[4941,1,[[4942,0],[4940,0],[5069,0],[5068,0],[4813,0],]]
[4942,8,[[4941,0],[4943,0],[5070,0],[4814,0],]]
[4943,3,[[4944,0],[4942,0],[5071,0],[5070,0],[4815,0],]]
[4944,8,[[4943,0],[4945,0],[5072,0],[4816,0],]]
[4945,8,[[4946,0],[4944,0],[5073,0],[5072,0],[4817,0],]]
[4946,6,[[4945,0],[4947,0],[5074,0],[4818,0],]]
[4947,2,[[4948,0],[4946,0],[5075,0],[5074,0],[4819,0],]]
[4948,16,[[4947,0],[4949,0],[5076,0],[4820,0],]]
[4949,5,[[4950,0],[4948,0],[5077,0],[5076,0],[4821,0],]]
[4950,8,[[4949,0],[4951,0],[5078,0],[4822,0],]]
[4951,16,[[4952,0],[4950,0],[5079,0],[5078,0],[4823,0],]]
[4952,14,[[4951,0],[4953,0],[5080,0],[4824,0],]]
[4953,16,[[4954,0],[4952,0],[5081,0],[5080,0],[4825,0],]]
[4954,12,[[4953,0],[4955,0],[5082,0],[4826,0],]]
[4955,13,[[4956,0],[4954,0],[5083,0],[5082,0],[4827,0],]]
[4956,12,[[4955,0],[4957,0],[5084,0],[4828,0],]]
[4957,19,[[4958,0],[4956,0],[5085,0],[5084,0],[4829,0],]]
[4958,8,[[4957,0],[4959,0],[5086,0],[4830,0],]]
[4959,19,[[4960,0],[4958,0],[5087,0],[5086,0],[4831,0],]]
[4960,8,[[4959,0],[4961,0],[5088,0],[4832,0],]]
[4961,6,[[4962,0],[4960,0],[5089,0],[5088,0],[4833,0],]]
[4962,13,[[4961,0],[4963,0],[5090,0],[4834,0],]]
[4963,14,[[4964,0],[4962,0],[5091,0],[5090,0],[4835,0],]]
[4964,11,[[4963,0],[4965,0],[5092,0],[4836,0],]]
[4965,19,[[4966,0],[4964,0],[5093,0],[5092,0],[4837,0],]]
[4966,4,[[4965,0],[4967,0],[5094,0],[4838,0],]]
[4967,5,[[4968,0],[4966,0],[5095,0],[5094,0],[4839,0],]]
[4968,15,[[4967,0],[4969,0],[5096,0],[4840,0],]]
[4969,13,[[4970,0],[4968,0],[5097,0],[5096,0],[4841,0],]]
[4970,2,[[4969,0],[4971,0],[5098,0],[4842,0],]]
[4971,16,[[4972,0],[4970,0],[5099,0],[5098,0],[4843,0],]]
[4972,16,[[4971,0],[4973,0],[5100,0],[4844,0],]]
[4973,17,[[4974,0],[4972,0],[5101,0],[5100,0],[4845,0],]]
[4974,19,[[4973,0],[4975,0],[5102,0],[4846,0],]]
[4975,11,[[4976,0],[4974,0],[5103,0],[5102,0],[4847,0],]]
[4976,15,[[4975,0],[4977,0],[5104,0],[4848,0],]]
[4977,6,[[4978,0],[4976,0],[5105,0],[5104,0],[4849,0],]]
[4978,6,[[4977,0],[4979,0],[5106,0],[4850,0],]]
[4979,6,[[4980,0],[4978,0],[5107,0],[5106,0],[4851,0],]]
[4980,18,[[4979,0],[4981,0],[5108,0],[4852,0],]]
[4981,17,[[4982,0],[4980,0],[5109,0],[5108,0],[4853,0],]]
[4982,6,[[4981,0],[4983,0],[5110,0],[4854,0],]]
[4983,2,[[4984,0],[4982,0],[5111,0],[5110,0],[4855,0],]]
[4984,12,[[4983,0],[4985,0],[5112,0],[4856,0],]]
[4985,1,[[4986,0],[4984,0],[5113,0],[5112,0],[4857,0],]]
[4986,3,[[4985,0],[4987,0],[5114,0],[4858,0],]]
[4987,1,[[4988,0],[4986,0],[5115,0],[5114,0],[4859,0],]]
[4988,3,[[4987,0],[4989,0],[5116,0],[4860,0],]]
[4989,15,[[4990,0],[4988,0],[5117,0],[5116,0],[4861,0],]]
[4990,18,[[4989,0],[4991,0],[5118,0],[4862,0],]]
[4991,12,[[4990,0],[5119,0],[5118,0],[4863,0],]]
[4992,5,[[4993,0],[4864,0],[4865,0],[5120,0],]]
[4993,5,[[4994,0],[4992,0],[4865,0],[5121,0],]]
[4994,4,[[4993,0],[4995,0],[4866,0],[4867,0],[5122,0],]]
[4995,10,[[4996,0],[4994,0],[4867,0],[5123,0],]]
[4996,11,[[4995,0],[4997,0],[4868,0],[4869,0],[5124,0],]]
[4997,14,[[4998,0],[4996,0],[4869,0],[5125,0],]]
[4998,6,[[4997,0],[4999,0],[4870,0],[4871,0],[5126,0],]]
[4999,1,[[5000,0],[4998,0],[4871,0],[5127,0],]]
[5000,3,[[4999,0],[5001,0],[4872,0],[4873,0],[5128,0],]]
[5001,12,[[5002,0],[5000,0],[4873,0],[5129,0],]]
[5002,4,[[5001,0],[5003,0],[4874,0],[4875,0],[5130,0],]]
[5003,17,[[5004,0],[5002,0],[4875,0],[5131,0],]]
[5004,3,[[5003,0],[5005,0],[4876,0],[4877,0],[5132,0],]]
[5005,17,[[5006,0],[5004,0],[4877,0],[5133,0],]]
[5006,19,[[5005,0],[5007,0],[4878,0],[4879,0],[5134,0],]]
[5007,3,[[5008,0],[5006,0],[4879,0],[5135,0],]]
[5008,3,[[5007,0],[5009,0],[4880,0],[4881,0],[5136,0],]]
[5009,4,[[5010,0],[5008,0],[4881,0],[5137,0],]]
[5010,5,[[5009,0],[5011,0],[4882,0],[4883,0],[5138,0],]]
[5011,5,[[5012,0],[5010,0],[4883,0],[5139,0],]]
[5012,19,[[5011,0],[5013,0],[4884,0],[4885,0],[5140,0],]]
[5013,13,[[5014,0],[5012,0],[4885,0],[5141,0],]]
[5014,5,[[5013,0],[5015,0],[4886,0],[4887,0],[5142,0],]]
[5015,15,[[5016,0],[5014,0],[4887,0],[5143,0],]]
[5016,3,[[5015,0],[5017,0],[4888,0],[4889,0],[5144,0],]]
[5017,6,[[5018,0],[5016,0],[4889,0],[5145,0],]]
[5018,17,[[5017,0],[5019,0],[4890,0],[4891,0],[5146,0],]]
[5019,16,[[5020,0],[5018,0],[4891,0],[5147,0],]]
[5020,5,[[5019,0],[5021,0],[4892,0],[4893,0],[5148,0],]]
[5021,10,[[5022,0],[5020,0],[4893,0],[5149,0],]]
[5022,15,[[5021,0],[5023,0],[4894,0],[4895,0],[5150,0],]]
[5023,7,[[5024,0],[5022,0],[4895,0],[5151,0],]]
[5024,14,[[5023,0],[5025,0],[4896,0],[4897,0],[5152,0],]]
[5025,3,[[5026,0],[5024,0],[4897,0],[5153,0],]]
[5026,6,[[5025,0],[5027,0],[4898,0],[4899,0],[5154,0],]]
[5027,7,[[5028,0],[5026,0],[4899,0],[5155,0],]]
[5028,12,[[5027,0],[5029,0],[4900,0],[4901,0],[5156,0],]]
[5029,12,[[5030,0],[5028,0],[4901,0],[5157,0],]]
[5030,13,[[5029,0],[5031,0],[4902,0],[4903,0],[5158,0],]]
[5031,2,[[5032,0],[5030,0],[4903,0],[5159,0],]]
[5032,2,[[5031,0],[5033,0],[4904,0],[4905,0],[5160,0],]]
[5033,4,[[5034,0],[5032,0],[4905,0],[5161,0],]]
[5034,15,[[5033,0],[5035,0],[4906,0],[4907,0],[5162,0],]]
[5035,14,[[5036,0],[5034,0],[4907,0],[5163,0],]]
[5036,18,[[5035,0],[5037,0],[4908,0],[4909,0],[5164,0],]]
[5037,4,[[5038,0],[5036,0],[4909,0],[5165,0],]]
[5038,1,[[5037,0],[5039,0],[4910,0],[4911,0],[5166,0],]]
[5039,16,[[5040,0],[5038,0],[4911,0],[5167,0],]]
[5040,17,[[5039,0],[5041,0],[4912,0],[4913,0],[5168,0],]]
[5041,6,[[5042,0],[5040,0],[4913,0],[5169,0],]]
[5042,18,[[5041,0],[5043,0],[4914,0],[4915,0],[5170,0],]]
[5043,8,[[5044,0],[5042,0],[4915,0],[5171,0],]]
[5044,9,[[5043,0],[5045,0],[4916,0],[4917,0],[5172,0],]]
[5045,12,[[5046,0],[5044,0],[4917,0],[5173,0],]]
[5046,6,[[5045,0],[5047,0],[4918,0],[4919,0],[5174,0],]]
[5047,17,[[5048,0],[5046,0],[4919,0],[5175,0],]]
[5048,9,[[5047,0],[5049,0],[4920,0],[4921,0],[5176,0],]]
[5049,1,[[5050,0],[5048,0],[4921,0],[5177,0],]]
[5050,19,[[5049,0],[5051,0],[4922,0],[4923,0],[5178,0],]]
[5051,2,[[5052,0],[5050,0],[4923,0],[5179,0],]]
[5052,11,[[5051,0],[5053,0],[4924,0],[4925,0],[5180,0],]]
[5053,17,[[5054,0],[5052,0],[4925,0],[5181,0],]]
[5054,14,[[5053,0],[5055,0],[4926,0],[4927,0],[5182,0],]]
[5055,9,[[5056,0],[5054,0],[4927,0],[5183,0],]]
[5056,17,[[5055,0],[5057,0],[4928,0],[4929,0],[5184,0],]]
[5057,5,[[5058,0],[5056,0],[4929,0],[5185,0],]]
[5058,15,[[5057,0],[5059,0],[4930,0],[4931,0],[5186,0],]]
[5059,4,[[5060,0],[5058,0],[4931,0],[5187,0],]]
[5060,16,[[5059,0],[5061,0],[4932,0],[4933,0],[5188,0],]]
[5061,8,[[5062,0],[5060,0],[4933,0],[5189,0],]]
[5062,7,[[5061,0],[5063,0],[4934,0],[4935,0],[5190,0],]]
[5063,12,[[5064,0],[5062,0],[4935,0],[5191,0],]]
[5064,10,[[5063,0],[5065,0],[4936,0],[4937,0],[5192,0],]]
[5065,10,[[5066,0],[5064,0],[4937,0],[5193,0],]]
[5066,15,[[5065,0],[5067,0],[4938,0],[4939,0],[5194,0],]]
[5067,4,[[5068,0],[5066,0],[4939,0],[5195,0],]]
[5068,11,[[5067,0],[5069,0],[4940,0],[4941,0],[5196,0],]]
[5069,5,[[5070,0],[5068,0],[4941,0],[5197,0],]]
[5070,12,[[5069,0],[5071,0],[4942,0],[4943,0],[5198,0],]]
[5071,2,[[5072,0],[5070,0],[4943,0],[5199,0],]]
[5072,8,[[5071,0],[5073,0],[4944,0],[4945,0],[5200,0],]]
[5073,3,[[5074,0],[5072,0],[4945,0],[5201,0],]]
[5074,19,[[5073,0],[5075,0],[4946,0],[4947,0],[5202,0],]]
[5075,18,[[5076,0],[5074,0],[4947,0],[5203,0],]]
[5076,19,[[5075,0],[5077,0],[4948,0],[4949,0],[5204,0],]]
[5077,18,[[5078,0],[5076,0],[4949,0],[5205,0],]]
[5078,4,[[5077,0],[5079,0],[4950,0],[4951,0],[5206,0],]]
