[5734,12,[[5733,0],[5735,0],[5862,0],[5606,0],]]
[5735,8,[[5736,0],[5734,0],[5863,0],[5862,0],[5607,0],]]
[5736,19,[[5735,0],[5737,0],[5864,0],[5608,0],]]
[5737,6,[[5738,0],[5736,0],[5865,0],[5864,0],[5609,0],]]
[5738,3,[[5737,0],[5739,0],[5866,0],[5610,0],]]
[5739,4,[[5740,0],[5738,0],[5867,0],[5866,0],[5611,0],]]
[5740,11,[[5739,0],[5741,0],[5868,0],[5612,0],]]
[5741,1,[[5742,0],[5740,0],[5869,0],[5868,0],[5613,0],]]
[5742,4,[[5741,0],[5743,0],[5870,0],[5614,0],]]
[5743,2,[[5744,0],[5742,0],[5871,0],[5870,0],[5615,0],]]
[5744,7,[[5743,0],[5745,0],[5872,0],[5616,0],]]
[5745,4,[[5746,0],[5744,0],[5873,0],[5872,0],[5617,0],]]
[5746,16,[[5745,0],[5747,0],[5874,0],[5618,0],]]
[5747,8,[[5748,0],[5746,0],[5875,0],[5874,0],[5619,0],]]
[5748,18,[[5747,0],[5749,0],[5876,0],[5620,0],]]
[5749,12,[[5750,0],[5748,0],[5877,0],[5876,0],[5621,0],]]
[5750,11,[[5749,0],[5751,0],[5878,0],[5622,0],]]
[5751,1,[[5752,0],[5750,0],[5879,0],[5878,0],[5623,0],]]
[5752,13,[[5751,0],[5753,0],[5880,0],[5624,0],]]
[5753,1,[[5754,0],[5752,0],[5881,0],[5880,0],[5625,0],]]
[5754,2,[[5753,0],[5755,0],[5882,0],[5626,0],]]
[5755,6,[[5756,0],[5754,0],[5883,0],[5882,0],[5627,0],]]
[5756,4,[[5755,0],[5757,0],[5884,0],[5628,0],]]
[5757,10,[[5758,0],[5756,0],[5885,0],[5884,0],[5629,0],]]
[5758,10,[[5757,0],[5759,0],[5886,0],[5630,0],]]
[5759,16,[[5758,0],[5887,0],[5886,0],[5631,0],]]
[5760,6,[[5761,0],[5632,0],[5633,0],[5888,0],]]
[5761,3,[[5762,0],[5760,0],[5633,0],[5889,0],]]
[5762,4,[[5761,0],[5763,0],[5634,0],[5635,0],[5890,0],]]
[5763,14,[[5764,0],[5762,0],[5635,0],[5891,0],]]
[5764,11,[[5763,0],[5765,0],[5636,0],[5637,0],[5892,0],]]
[5765,6,[[5766,0],[5764,0],[5637,0],[5893,0],]]
[5766,1,[[5765,0],[5767,0],[5638,0],[5639,0],[5894,0],]]
[5767,8,[[5768,0],[5766,0],[5639,0],[5895,0],]]
[5768,4,[[5767,0],[5769,0],[5640,0],[5641,0],[5896,0],]]
[5769,17,[[5770,0],[5768,0],[5641,0],[5897,0],]]
[5770,16,[[5769,0],[5771,0],[5642,0],[5643,0],[5898,0],]]
[5771,5,[[5772,0],[5770,0],[5643,0],[5899,0],]]
[5772,8,[[5771,0],[5773,0],[5644,0],[5645,0],[5900,0],]]
[5773,3,[[5774,0],[5772,0],[5645,0],[5901,0],]]
[5774,13,[[5773,0],[5775,0],[5646,0],[5647,0],[5902,0],]]
[5775,11,[[5776,0],[5774,0],[5647,0],[5903,0],]]
[5776,18,[[5775,0],[5777,0],[5648,0],[5649,0],[5904,0],]]
[5777,2,[[5778,0],[5776,0],[5649,0],[5905,0],]]
[5778,5,[[5777,0],[5779,0],[5650,0],[5651,0],[5906,0],]]
[5779,18,[[5780,0],[5778,0],[5651,0],[5907,0],]]
[5780,15,[[5779,0],[5781,0],[5652,0],[5653,0],[5908,0],]]
[5781,7,[[5782,0],[5780,0],[5653,0],[5909,0],]]
[5782,2,[[5781,0],[5783,0],[5654,0],[5655,0],[5910,0],]]
[5783,7,[[5784,0],[5782,0],[5655,0],[5911,0],]]
[5784,2,[[5783,0],[5785,0],[5656,0],[5657,0],[5912,0],]]
[5785,3,[[5786,0],[5784,0],[5657,0],[5913,0],]]
[5786,9,[[5785,0],[5787,0],[5658,0],[5659,0],[5914,0],]]
[5787,18,[[5788,0],[5786,0],[5659,0],[5915,0],]]
[5788,13,[[5787,0],[5789,0],[5660,0],[5661,0],[5916,0],]]
[5789,7,[[5790,0],[5788,0],[5661,0],[5917,0],]]
[5790,2,[[5789,0],[5791,0],[5662,0],[5663,0],[5918,0],]]
[5791,11,[[5792,0],[5790,0],[5663,0],[5919,0],]]
[5792,16,[[5791,0],[5793,0],[5664,0],[5665,0],[5920,0],]]
[5793,3,[[5794,0],[5792,0],[5665,0],[5921,0],]]
[5794,14,[[5793,0],[5795,0],[5666,0],[5667,0],[5922,0],]]
[5795,7,[[5796,0],[5794,0],[5667,0],[5923,0],]]
[5796,18,[[5795,0],[5797,0],[5668,0],[5669,0],[5924,0],]]
[5797,9,[[5798,0],[5796,0],[5669,0],[5925,0],]]
[5798,2,[[5797,0],[5799,0],[5670,0],[5671,0],[5926,0],]]
[5799,7,[[5800,0],[5798,0],[5671,0],[5927,0],]]
[5800,1,[[5799,0],[5801,0],[5672,0],[5673,0],[5928,0],]]
[5801,1,[[5802,0],[5800,0],[5673,0],[5929,0],]]
[5802,13,[[5801,0],[5803,0],[5674,0],[5675,0],[5930,0],]]
[5803,4,[[5804,0],[5802,0],[5675,0],[5931,0],]]
[5804,5,[[5803,0],[5805,0],[5676,0],[5677,0],[5932,0],]]
[5805,6,[[5806,0],[5804,0],[5677,0],[5933,0],]]
[5806,17,[[5805,0],[5807,0],[5678,0],[5679,0],[5934,0],]]
[5807,12,[[5808,0],[5806,0],[5679,0],[5935,0],]]
[5808,8,[[5807,0],[5809,0],[5680,0],[5681,0],[5936,0],]]
[5809,5,[[5810,0],[5808,0],[5681,0],[5937,0],]]
[5810,1,[[5809,0],[5811,0],[5682,0],[5683,0],[5938,0],]]
[5811,8,[[5812,0],[5810,0],[5683,0],[5939,0],]]
[5812,12,[[5811,0],[5813,0],[5684,0],[5685,0],[5940,0],]]
[5813,12,[[5814,0],[5812,0],[5685,0],[5941,0],]]
[5814,17,[[5813,0],[5815,0],[5686,0],[5687,0],[5942,0],]]
[5815,16,[[5816,0],[5814,0],[5687,0],[5943,0],]]
[5816,13,[[5815,0],[5817,0],[5688,0],[5689,0],[5944,0],]]
[5817,17,[[5818,0],[5816,0],[5689,0],[5945,0],]]
[5818,5,[[5817,0],[5819,0],[5690,0],[5691,0],[5946,0],]]
[5819,8,[[5820,0],[5818,0],[5691,0],[5947,0],]]
[5820,9,[[5819,0],[5821,0],[5692,0],[5693,0],[5948,0],]]
[5821,12,[[5822,0],[5820,0],[5693,0],[5949,0],]]
[5822,11,[[5821,0],[5823,0],[5694,0],[5695,0],[5950,0],]]
[5823,16,[[5824,0],[5822,0],[5695,0],[5951,0],]]
[5824,19,[[5823,0],[5825,0],[5696,0],[5697,0],[5952,0],]]
[5825,10,[[5826,0],[5824,0],[5697,0],[5953,0],]]
[5826,9,[[5825,0],[5827,0],[5698,0],[5699,0],[5954,0],]]
[5827,4,[[5828,0],[5826,0],[5699,0],[5955,0],]]
[5828,7,[[5827,0],[5829,0],[5700,0],[5701,0],[5956,0],]]
[5829,2,[[5830,0],[5828,0],[5701,0],[5957,0],]]
[5830,9,[[5829,0],[5831,0],[5702,0],[5703,0],[5958,0],]]
[5831,10,[[5832,0],[5830,0],[5703,0],[5959,0],]]
[5832,14,[[5831,0],[5833,0],[5704,0],[5705,0],[5960,0],]]
[5833,14,[[5834,0],[5832,0],[5705,0],[5961,0],]]
[5834,15,[[5833,0],[5835,0],[5706,0],[5707,0],[5962,0],]]
[5835,18,[[5836,0],[5834,0],[5707,0],[5963,0],]]
[5836,1,[[5835,0],[5837,0],[5708,0],[5709,0],[5964,0],]]
[5837,19,[[5838,0],[5836,0],[5709,0],[5965,0],]]
[5838,19,[[5837,0],[5839,0],[5710,0],[5711,0],[5966,0],]]
[5839,11,[[5840,0],[5838,0],[5711,0],[5967,0],]]
[5840,7,[[5839,0],[5841,0],[5712,0],[5713,0],[5968,0],]]
[5841,6,[[5842,0],[5840,0],[5713,0],[5969,0],]]
[5842,15,[[5841,0],[5843,0],[5714,0],[5715,0],[5970,0],]]
[5843,16,[[5844,0],[5842,0],[5715,0],[5971,0],]]
[5844,5,[[5843,0],[5845,0],[5716,0],[5717,0],[5972,0],]]
[5845,4,[[5846,0],[5844,0],[5717,0],[5973,0],]]
[5846,10,[[5845,0],[5847,0],[5718,0],[5719,0],[5974,0],]]
[5847,6,[[5848,0],[5846,0],[5719,0],[5975,0],]]
[5848,8,[[5847,0],[5849,0],[5720,0],[5721,0],[5976,0],]]
[5849,2,[[5850,0],[5848,0],[5721,0],[5977,0],]]
[5850,19,[[5849,0],[5851,0],[5722,0],[5723,0],[5978,0],]]
[5851,11,[[5852,0],[5850,0],[5723,0],[5979,0],]]
[5852,12,[[5851,0],[5853,0],[5724,0],[5725,0],[5980,0],]]
[5853,14,[[5854,0],[5852,0],[5725,0],[5981,0],]]
[5854,13,[[5853,0],[5855,0],[5726,0],[5727,0],[5982,0],]]
[5855,9,[[5856,0],[5854,0],[5727,0],[5983,0],]]
[5856,2,[[5855,0],[5857,0],[5728,0],[5729,0],[5984,0],]]
[5857,1,[[5858,0],[5856,0],[5729,0],[5985,0],]]
[5858,13,[[5857,0],[5859,0],[5730,0],[5731,0],[5986,0],]]
[5859,1,[[5860,0],[5858,0],[5731,0],[5987,0],]]
[5860,5,[[5859,0],[5861,0],[5732,0],[5733,0],[5988,0],]]
[5861,8,[[5862,0],[5860,0],[5733,0],[5989,0],]]
[5862,9,[[5861,0],[5863,0],[5734,0],[5735,0],[5990,0],]]
[5863,19,[[5864,0],[5862,0],[5735,0],[5991,0],]]
[5864,3,[[5863,0],[5865,0],[5736,0],[5737,0],[5992,0],]]
[5865,11,[[5866,0],[5864,0],[5737,0],[5993,0],]]
[5866,17,[[5865,0],[5867,0],[5738,0],[5739,0],[5994,0],]]
[5867,19,[[5868,0],[5866,0],[5739,0],[5995,0],]]
[5868,5,[[5867,0],[5869,0],[5740,0],[5741,0],[5996,0],]]
[5869,5,[[5870,0],[5868,0],[5741,0],[5997,0],]]
[5870,19,[[5869,0],[5871,0],[5742,0],[5743,0],[5998,0],]]
[5871,8,[[5872,0],[5870,0],[5743,0],[5999,0],]]
[5872,14,[[5871,0],[5873,0],[5744,0],[5745,0],[6000,0],]]
[5873,15,[[5874,0],[5872,0],[5745,0],[6001,0],]]
[5874,17,[[5873,0],[5875,0],[5746,0],[5747,0],[6002,0],]]
[5875,1,[[5876,0],[5874,0],[5747,0],[6003,0],]]
[5876,14,[[5875,0],[5877,0],[5748,0],[5749,0],[6004,0],]]
[5877,3,[[5878,0],[5876,0],[5749,0],[6005,0],]]
[5878,11,[[5877,0],[5879,0],[5750,0],[5751,0],[6006,0],]]
[5879,5,[[5880,0],[5878,0],[5751,0],[6007,0],]]
[5880,10,[[5879,0],[5881,0],[5752,0],[5753,0],[6008,0],]]
[5881,2,[[5882,0],[5880,0],[5753,0],[6009,0],]]
[5882,5,[[5881,0],[5883,0],[5754,0],[5755,0],[6010,0],]]
[5883,18,[[5884,0],[5882,0],[5755,0],[6011,0],]]
[5884,1,[[5883,0],[5885,0],[5756,0],[5757,0],[6012,0],]]
[5885,19,[[5886,0],[5884,0],[5757,0],[6013,0],]]
[5886,5,[[5885,0],[5887,0],[5758,0],[5759,0],[6014,0],]]
[5887,17,[[5886,0],[5759,0],[6015,0],]]
[5888,5,[[5889,0],[6016,0],[5760,0],]]
[5889,16,[[5890,0],[5888,0],[6017,0],[6016,0],[5761,0],]]
[5890,2,[[5889,0],[5891,0],[6018,0],[5762,0],]]
[5891,2,[[5892,0],[5890,0],[6019,0],[6018,0],[5763,0],]]
[5892,15,[[5891,0],[5893,0],[6020,0],[5764,0],]]
[5893,15,[[5894,0],[5892,0],[6021,0],[6020,0],[5765,0],]]
[5894,5,[[5893,0],[5895,0],[6022,0],[5766,0],]]
[5895,1,[[5896,0],[5894,0],[6023,0],[6022,0],[5767,0],]]
[5896,16,[[5895,0],[5897,0],[6024,0],[5768,0],]]
[5897,15,[[5898,0],[5896,0],[6025,0],[6024,0],[5769,0],]]
