[7372,10,[[7371,0],[7373,0],[7244,0],[7245,0],[7500,0],]]
[7373,10,[[7374,0],[7372,0],[7245,0],[7501,0],]]
[7374,4,[[7373,0],[7375,0],[7246,0],[7247,0],[7502,0],]]
[7375,7,[[7376,0],[7374,0],[7247,0],[7503,0],]]
[7376,3,[[7375,0],[7377,0],[7248,0],[7249,0],[7504,0],]]
[7377,8,[[7378,0],[7376,0],[7249,0],[7505,0],]]
[7378,19,[[7377,0],[7379,0],[7250,0],[7251,0],[7506,0],]]
[7379,7,[[7380,0],[7378,0],[7251,0],[7507,0],]]
[7380,11,[[7379,0],[7381,0],[7252,0],[7253,0],[7508,0],]]
[7381,17,[[7382,0],[7380,0],[7253,0],[7509,0],]]
[7382,1,[[7381,0],[7383,0],[7254,0],[7255,0],[7510,0],]]
[7383,10,[[7384,0],[7382,0],[7255,0],[7511,0],]]
[7384,6,[[7383,0],[7385,0],[7256,0],[7257,0],[7512,0],]]
[7385,7,[[7386,0],[7384,0],[7257,0],[7513,0],]]
[7386,1,[[7385,0],[7387,0],[7258,0],[7259,0],[7514,0],]]
[7387,8,[[7388,0],[7386,0],[7259,0],[7515,0],]]
[7388,12,[[7387,0],[7389,0],[7260,0],[7261,0],[7516,0],]]
[7389,4,[[7390,0],[7388,0],[7261,0],[7517,0],]]
[7390,3,[[7389,0],[7391,0],[7262,0],[7263,0],[7518,0],]]
[7391,12,[[7392,0],[7390,0],[7263,0],[7519,0],]]
[7392,11,[[7391,0],[7393,0],[7264,0],[7265,0],[7520,0],]]
[7393,14,[[7394,0],[7392,0],[7265,0],[7521,0],]]
[7394,17,[[7393,0],[7395,0],[7266,0],[7267,0],[7522,0],]]
[7395,9,[[7396,0],[7394,0],[7267,0],[7523,0],]]
[7396,19,[[7395,0],[7397,0],[7268,0],[7269,0],[7524,0],]]
[7397,7,[[7398,0],[7396,0],[7269,0],[7525,0],]]
[7398,9,[[7397,0],[7399,0],[7270,0],[7271,0],[7526,0],]]
[7399,11,[[7400,0],[7398,0],[7271,0],[7527,0],]]
[7400,8,[[7399,0],[7401,0],[7272,0],[7273,0],[7528,0],]]
[7401,6,[[7402,0],[7400,0],[7273,0],[7529,0],]]
[7402,15,[[7401,0],[7403,0],[7274,0],[7275,0],[7530,0],]]
[7403,11,[[7404,0],[7402,0],[7275,0],[7531,0],]]
[7404,4,[[7403,0],[7405,0],[7276,0],[7277,0],[7532,0],]]
[7405,8,[[7406,0],[7404,0],[7277,0],[7533,0],]]
[7406,13,[[7405,0],[7407,0],[7278,0],[7279,0],[7534,0],]]
[7407,17,[[7408,0],[7406,0],[7279,0],[7535,0],]]
[7408,16,[[7407,0],[7409,0],[7280,0],[7281,0],[7536,0],]]
[7409,9,[[7410,0],[7408,0],[7281,0],[7537,0],]]
[7410,11,[[7409,0],[7411,0],[7282,0],[7283,0],[7538,0],]]
[7411,6,[[7412,0],[7410,0],[7283,0],[7539,0],]]
[7412,17,[[7411,0],[7413,0],[7284,0],[7285,0],[7540,0],]]
[7413,17,[[7414,0],[7412,0],[7285,0],[7541,0],]]
[7414,11,[[7413,0],[7415,0],[7286,0],[7287,0],[7542,0],]]
[7415,6,[[7416,0],[7414,0],[7287,0],[7543,0],]]
[7416,12,[[7415,0],[7417,0],[7288,0],[7289,0],[7544,0],]]
[7417,8,[[7418,0],[7416,0],[7289,0],[7545,0],]]
[7418,9,[[7417,0],[7419,0],[7290,0],[7291,0],[7546,0],]]
[7419,3,[[7420,0],[7418,0],[7291,0],[7547,0],]]
[7420,1,[[7419,0],[7421,0],[7292,0],[7293,0],[7548,0],]]
[7421,4,[[7422,0],[7420,0],[7293,0],[7549,0],]]
[7422,7,[[7421,0],[7423,0],[7294,0],[7295,0],[7550,0],]]
[7423,14,[[7422,0],[7295,0],[7551,0],]]
[7424,16,[[7425,0],[7552,0],[7296,0],]]
[7425,7,[[7426,0],[7424,0],[7553,0],[7552,0],[7297,0],]]
[7426,3,[[7425,0],[7427,0],[7554,0],[7298,0],]]
[7427,15,[[7428,0],[7426,0],[7555,0],[7554,0],[7299,0],]]
[7428,1,[[7427,0],[7429,0],[7556,0],[7300,0],]]
[7429,9,[[7430,0],[7428,0],[7557,0],[7556,0],[7301,0],]]
[7430,10,[[7429,0],[7431,0],[7558,0],[7302,0],]]
[7431,17,[[7432,0],[7430,0],[7559,0],[7558,0],[7303,0],]]
[7432,14,[[7431,0],[7433,0],[7560,0],[7304,0],]]
[7433,1,[[7434,0],[7432,0],[7561,0],[7560,0],[7305,0],]]
[7434,17,[[7433,0],[7435,0],[7562,0],[7306,0],]]
[7435,11,[[7436,0],[7434,0],[7563,0],[7562,0],[7307,0],]]
[7436,8,[[7435,0],[7437,0],[7564,0],[7308,0],]]
[7437,12,[[7438,0],[7436,0],[7565,0],[7564,0],[7309,0],]]
[7438,16,[[7437,0],[7439,0],[7566,0],[7310,0],]]
[7439,13,[[7440,0],[7438,0],[7567,0],[7566,0],[7311,0],]]
[7440,6,[[7439,0],[7441,0],[7568,0],[7312,0],]]
[7441,7,[[7442,0],[7440,0],[7569,0],[7568,0],[7313,0],]]
[7442,15,[[7441,0],[7443,0],[7570,0],[7314,0],]]
[7443,11,[[7444,0],[7442,0],[7571,0],[7570,0],[7315,0],]]
[7444,4,[[7443,0],[7445,0],[7572,0],[7316,0],]]
[7445,17,[[7446,0],[7444,0],[7573,0],[7572,0],[7317,0],]]
[7446,13,[[7445,0],[7447,0],[7574,0],[7318,0],]]
[7447,12,[[7448,0],[7446,0],[7575,0],[7574,0],[7319,0],]]
[7448,2,[[7447,0],[7449,0],[7576,0],[7320,0],]]
[7449,6,[[7450,0],[7448,0],[7577,0],[7576,0],[7321,0],]]
[7450,8,[[7449,0],[7451,0],[7578,0],[7322,0],]]
[7451,7,[[7452,0],[7450,0],[7579,0],[7578,0],[7323,0],]]
[7452,10,[[7451,0],[7453,0],[7580,0],[7324,0],]]
[7453,10,[[7454,0],[7452,0],[7581,0],[7580,0],[7325,0],]]
[7454,19,[[7453,0],[7455,0],[7582,0],[7326,0],]]
[7455,6,[[7456,0],[7454,0],[7583,0],[7582,0],[7327,0],]]
[7456,10,[[7455,0],[7457,0],[7584,0],[7328,0],]]
[7457,8,[[7458,0],[7456,0],[7585,0],[7584,0],[7329,0],]]
[7458,1,[[7457,0],[7459,0],[7586,0],[7330,0],]]
[7459,18,[[7460,0],[7458,0],[7587,0],[7586,0],[7331,0],]]
[7460,4,[[7459,0],[7461,0],[7588,0],[7332,0],]]
[7461,15,[[7462,0],[7460,0],[7589,0],[7588,0],[7333,0],]]
[7462,6,[[7461,0],[7463,0],[7590,0],[7334,0],]]
[7463,12,[[7464,0],[7462,0],[7591,0],[7590,0],[7335,0],]]
[7464,16,[[7463,0],[7465,0],[7592,0],[7336,0],]]
[7465,8,[[7466,0],[7464,0],[7593,0],[7592,0],[7337,0],]]
[7466,14,[[7465,0],[7467,0],[7594,0],[7338,0],]]
[7467,10,[[7468,0],[7466,0],[7595,0],[7594,0],[7339,0],]]
[7468,3,[[7467,0],[7469,0],[7596,0],[7340,0],]]
[7469,7,[[7470,0],[7468,0],[7597,0],[7596,0],[7341,0],]]
[7470,4,[[7469,0],[7471,0],[7598,0],[7342,0],]]
[7471,19,[[7472,0],[7470,0],[7599,0],[7598,0],[7343,0],]]
[7472,7,[[7471,0],[7473,0],[7600,0],[7344,0],]]
[7473,11,[[7474,0],[7472,0],[7601,0],[7600,0],[7345,0],]]
[7474,12,[[7473,0],[7475,0],[7602,0],[7346,0],]]
[7475,15,[[7476,0],[7474,0],[7603,0],[7602,0],[7347,0],]]
[7476,13,[[7475,0],[7477,0],[7604,0],[7348,0],]]
[7477,1,[[7478,0],[7476,0],[7605,0],[7604,0],[7349,0],]]
[7478,2,[[7477,0],[7479,0],[7606,0],[7350,0],]]
[7479,5,[[7480,0],[7478,0],[7607,0],[7606,0],[7351,0],]]
[7480,5,[[7479,0],[7481,0],[7608,0],[7352,0],]]
[7481,9,[[7482,0],[7480,0],[7609,0],[7608,0],[7353,0],]]
[7482,9,[[7481,0],[7483,0],[7610,0],[7354,0],]]
[7483,4,[[7484,0],[7482,0],[7611,0],[7610,0],[7355,0],]]
[7484,2,[[7483,0],[7485,0],[7612,0],[7356,0],]]
[7485,3,[[7486,0],[7484,0],[7613,0],[7612,0],[7357,0],]]
[7486,16,[[7485,0],[7487,0],[7614,0],[7358,0],]]
[7487,4,[[7488,0],[7486,0],[7615,0],[7614,0],[7359,0],]]
[7488,18,[[7487,0],[7489,0],[7616,0],[7360,0],]]
[7489,9,[[7490,0],[7488,0],[7617,0],[7616,0],[7361,0],]]
[7490,17,[[7489,0],[7491,0],[7618,0],[7362,0],]]
[7491,17,[[7492,0],[7490,0],[7619,0],[7618,0],[7363,0],]]
[7492,6,[[7491,0],[7493,0],[7620,0],[7364,0],]]
[7493,3,[[7494,0],[7492,0],[7621,0],[7620,0],[7365,0],]]
[7494,19,[[7493,0],[7495,0],[7622,0],[7366,0],]]
[7495,10,[[7496,0],[7494,0],[7623,0],[7622,0],[7367,0],]]
[7496,11,[[7495,0],[7497,0],[7624,0],[7368,0],]]
[7497,10,[[7498,0],[7496,0],[7625,0],[7624,0],[7369,0],]]
[7498,14,[[7497,0],[7499,0],[7626,0],[7370,0],]]
[7499,5,[[7500,0],[7498,0],[7627,0],[7626,0],[7371,0],]]
[7500,3,[[7499,0],[7501,0],[7628,0],[7372,0],]]
[7501,10,[[7502,0],[7500,0],[7629,0],[7628,0],[7373,0],]]
[7502,16,[[7501,0],[7503,0],[7630,0],[7374,0],]]
[7503,1,[[7504,0],[7502,0],[7631,0],[7630,0],[7375,0],]]
[7504,17,[[7503,0],[7505,0],[7632,0],[7376,0],]]
[7505,9,[[7506,0],[7504,0],[7633,0],[7632,0],[7377,0],]]
[7506,1,[[7505,0],[7507,0],[7634,0],[7378,0],]]
[7507,6,[[7508,0],[7506,0],[7635,0],[7634,0],[7379,0],]]
[7508,12,[[7507,0],[7509,0],[7636,0],[7380,0],]]
[7509,17,[[7510,0],[7508,0],[7637,0],[7636,0],[7381,0],]]
[7510,19,[[7509,0],[7511,0],[7638,0],[7382,0],]]
[7511,9,[[7512,0],[7510,0],[7639,0],[7638,0],[7383,0],]]
[7512,4,[[7511,0],[7513,0],[7640,0],[7384,0],]]
[7513,9,[[7514,0],[7512,0],[7641,0],[7640,0],[7385,0],]]
[7514,10,[[7513,0],[7515,0],[7642,0],[7386,0],]]
[7515,16,[[7516,0],[7514,0],[7643,0],[7642,0],[7387,0],]]
[7516,7,[[7515,0],[7517,0],[7644,0],[7388,0],]]
[7517,13,[[7518,0],[7516,0],[7645,0],[7644,0],[7389,0],]]
[7518,15,[[7517,0],[7519,0],[7646,0],[7390,0],]]
[7519,8,[[7520,0],[7518,0],[7647,0],[7646,0],[7391,0],]]
[7520,14,[[7519,0],[7521,0],[7648,0],[7392,0],]]
[7521,16,[[7522,0],[7520,0],[7649,0],[7648,0],[7393,0],]]
[7522,13,[[7521,0],[7523,0],[7650,0],[7394,0],]]
[7523,13,[[7524,0],[7522,0],[7651,0],[7650,0],[7395,0],]]
[7524,17,[[7523,0],[7525,0],[7652,0],[7396,0],]]
[7525,3,[[7526,0],[7524,0],[7653,0],[7652,0],[7397,0],]]
[7526,4,[[7525,0],[7527,0],[7654,0],[7398,0],]]
[7527,5,[[7528,0],[7526,0],[7655,0],[7654,0],[7399,0],]]
[7528,13,[[7527,0],[7529,0],[7656,0],[7400,0],]]
[7529,13,[[7530,0],[7528,0],[7657,0],[7656,0],[7401,0],]]
[7530,3,[[7529,0],[7531,0],[7658,0],[7402,0],]]
[7531,12,[[7532,0],[7530,0],[7659,0],[7658,0],[7403,0],]]
[7532,17,[[7531,0],[7533,0],[7660,0],[7404,0],]]
[7533,8,[[7534,0],[7532,0],[7661,0],[7660,0],[7405,0],]]
[7534,5,[[7533,0],[7535,0],[7662,0],[7406,0],]]
[7535,15,[[7536,0],[7534,0],[7663,0],[7662,0],[7407,0],]]
