[6881,12,[[6882,0],[6880,0],[6753,0],[7009,0],]]
[6882,10,[[6881,0],[6883,0],[6754,0],[6755,0],[7010,0],]]
[6883,12,[[6884,0],[6882,0],[6755,0],[7011,0],]]
[6884,3,[[6883,0],[6885,0],[6756,0],[6757,0],[7012,0],]]
[6885,11,[[6886,0],[6884,0],[6757,0],[7013,0],]]
[6886,13,[[6885,0],[6887,0],[6758,0],[6759,0],[7014,0],]]
[6887,7,[[6888,0],[6886,0],[6759,0],[7015,0],]]
[6888,1,[[6887,0],[6889,0],[6760,0],[6761,0],[7016,0],]]
[6889,17,[[6890,0],[6888,0],[6761,0],[7017,0],]]
[6890,5,[[6889,0],[6891,0],[6762,0],[6763,0],[7018,0],]]
[6891,12,[[6892,0],[6890,0],[6763,0],[7019,0],]]
[6892,4,[[6891,0],[6893,0],[6764,0],[6765,0],[7020,0],]]
[6893,18,[[6894,0],[6892,0],[6765,0],[7021,0],]]
[6894,16,[[6893,0],[6895,0],[6766,0],[6767,0],[7022,0],]]
[6895,3,[[6896,0],[6894,0],[6767,0],[7023,0],]]
[6896,12,[[6895,0],[6897,0],[6768,0],[6769,0],[7024,0],]]
[6897,7,[[6898,0],[6896,0],[6769,0],[7025,0],]]
[6898,3,[[6897,0],[6899,0],[6770,0],[6771,0],[7026,0],]]
[6899,18,[[6900,0],[6898,0],[6771,0],[7027,0],]]
[6900,6,[[6899,0],[6901,0],[6772,0],[6773,0],[7028,0],]]
[6901,9,[[6902,0],[6900,0],[6773,0],[7029,0],]]
[6902,12,[[6901,0],[6903,0],[6774,0],[6775,0],[7030,0],]]
[6903,16,[[6904,0],[6902,0],[6775,0],[7031,0],]]
[6904,15,[[6903,0],[6905,0],[6776,0],[6777,0],[7032,0],]]
[6905,10,[[6906,0],[6904,0],[6777,0],[7033,0],]]
[6906,9,[[6905,0],[6907,0],[6778,0],[6779,0],[7034,0],]]
[6907,7,[[6908,0],[6906,0],[6779,0],[7035,0],]]
[6908,6,[[6907,0],[6909,0],[6780,0],[6781,0],[7036,0],]]
[6909,6,[[6910,0],[6908,0],[6781,0],[7037,0],]]
[6910,14,[[6909,0],[6911,0],[6782,0],[6783,0],[7038,0],]]
[6911,3,[[6910,0],[6783,0],[7039,0],]]
[6912,7,[[6913,0],[7040,0],[6784,0],]]
[6913,1,[[6914,0],[6912,0],[7041,0],[7040,0],[6785,0],]]
[6914,13,[[6913,0],[6915,0],[7042,0],[6786,0],]]
[6915,16,[[6916,0],[6914,0],[7043,0],[7042,0],[6787,0],]]
[6916,8,[[6915,0],[6917,0],[7044,0],[6788,0],]]
[6917,10,[[6918,0],[6916,0],[7045,0],[7044,0],[6789,0],]]
[6918,14,[[6917,0],[6919,0],[7046,0],[6790,0],]]
[6919,3,[[6920,0],[6918,0],[7047,0],[7046,0],[6791,0],]]
[6920,7,[[6919,0],[6921,0],[7048,0],[6792,0],]]
[6921,18,[[6922,0],[6920,0],[7049,0],[7048,0],[6793,0],]]
[6922,6,[[6921,0],[6923,0],[7050,0],[6794,0],]]
[6923,17,[[6924,0],[6922,0],[7051,0],[7050,0],[6795,0],]]
[6924,10,[[6923,0],[6925,0],[7052,0],[6796,0],]]
[6925,6,[[6926,0],[6924,0],[7053,0],[7052,0],[6797,0],]]
[6926,6,[[6925,0],[6927,0],[7054,0],[6798,0],]]
[6927,1,[[6928,0],[6926,0],[7055,0],[7054,0],[6799,0],]]
[6928,12,[[6927,0],[6929,0],[7056,0],[6800,0],]]
[6929,19,[[6930,0],[6928,0],[7057,0],[7056,0],[6801,0],]]
[6930,2,[[6929,0],[6931,0],[7058,0],[6802,0],]]
[6931,12,[[6932,0],[6930,0],[7059,0],[7058,0],[6803,0],]]
[6932,9,[[6931,0],[6933,0],[7060,0],[6804,0],]]
[6933,19,[[6934,0],[6932,0],[7061,0],[7060,0],[6805,0],]]
[6934,1,[[6933,0],[6935,0],[7062,0],[6806,0],]]
[6935,2,[[6936,0],[6934,0],[7063,0],[7062,0],[6807,0],]]
[6936,12,[[6935,0],[6937,0],[7064,0],[6808,0],]]
[6937,6,[[6938,0],[6936,0],[7065,0],[7064,0],[6809,0],]]
[6938,12,[[6937,0],[6939,0],[7066,0],[6810,0],]]
[6939,5,[[6940,0],[6938,0],[7067,0],[7066,0],[6811,0],]]
[6940,13,[[6939,0],[6941,0],[7068,0],[6812,0],]]
[6941,5,[[6942,0],[6940,0],[7069,0],[7068,0],[6813,0],]]
[6942,16,[[6941,0],[6943,0],[7070,0],[6814,0],]]
[6943,13,[[6944,0],[6942,0],[7071,0],[7070,0],[6815,0],]]
[6944,10,[[6943,0],[6945,0],[7072,0],[6816,0],]]
[6945,18,[[6946,0],[6944,0],[7073,0],[7072,0],[6817,0],]]
[6946,19,[[6945,0],[6947,0],[7074,0],[6818,0],]]
[6947,5,[[6948,0],[6946,0],[7075,0],[7074,0],[6819,0],]]
[6948,6,[[6947,0],[6949,0],[7076,0],[6820,0],]]
[6949,13,[[6950,0],[6948,0],[7077,0],[7076,0],[6821,0],]]
[6950,3,[[6949,0],[6951,0],[7078,0],[6822,0],]]
[6951,16,[[6952,0],[6950,0],[7079,0],[7078,0],[6823,0],]]
[6952,5,[[6951,0],[6953,0],[7080,0],[6824,0],]]
[6953,12,[[6954,0],[6952,0],[7081,0],[7080,0],[6825,0],]]
[6954,12,[[6953,0],[6955,0],[7082,0],[6826,0],]]
[6955,11,[[6956,0],[6954,0],[7083,0],[7082,0],[6827,0],]]
[6956,19,[[6955,0],[6957,0],[7084,0],[6828,0],]]
[6957,3,[[6958,0],[6956,0],[7085,0],[7084,0],[6829,0],]]
[6958,1,[[6957,0],[6959,0],[7086,0],[6830,0],]]
[6959,11,[[6960,0],[6958,0],[7087,0],[7086,0],[6831,0],]]
[6960,18,[[6959,0],[6961,0],[7088,0],[6832,0],]]
[6961,11,[[6962,0],[6960,0],[7089,0],[7088,0],[6833,0],]]
[6962,16,[[6961,0],[6963,0],[7090,0],[6834,0],]]
[6963,9,[[6964,0],[6962,0],[7091,0],[7090,0],[6835,0],]]
[6964,5,[[6963,0],[6965,0],[7092,0],[6836,0],]]
[6965,13,[[6966,0],[6964,0],[7093,0],[7092,0],[6837,0],]]
[6966,9,[[6965,0],[6967,0],[7094,0],[6838,0],]]
[6967,13,[[6968,0],[6966,0],[7095,0],[7094,0],[6839,0],]]
[6968,17,[[6967,0],[6969,0],[7096,0],[6840,0],]]
[6969,8,[[6970,0],[6968,0],[7097,0],[7096,0],[6841,0],]]
[6970,5,[[6969,0],[6971,0],[7098,0],[6842,0],]]
[6971,8,[[6972,0],[6970,0],[7099,0],[7098,0],[6843,0],]]
[6972,17,[[6971,0],[6973,0],[7100,0],[6844,0],]]
[6973,9,[[6974,0],[6972,0],[7101,0],[7100,0],[6845,0],]]
[6974,11,[[6973,0],[6975,0],[7102,0],[6846,0],]]
[6975,1,[[6976,0],[6974,0],[7103,0],[7102,0],[6847,0],]]
[6976,19,[[6975,0],[6977,0],[7104,0],[6848,0],]]
[6977,7,[[6978,0],[6976,0],[7105,0],[7104,0],[6849,0],]]
[6978,16,[[6977,0],[6979,0],[7106,0],[6850,0],]]
[6979,11,[[6980,0],[6978,0],[7107,0],[7106,0],[6851,0],]]
[6980,18,[[6979,0],[6981,0],[7108,0],[6852,0],]]
[6981,15,[[6982,0],[6980,0],[7109,0],[7108,0],[6853,0],]]
[6982,1,[[6981,0],[6983,0],[7110,0],[6854,0],]]
[6983,4,[[6984,0],[6982,0],[7111,0],[7110,0],[6855,0],]]
[6984,6,[[6983,0],[6985,0],[7112,0],[6856,0],]]
[6985,3,[[6986,0],[6984,0],[7113,0],[7112,0],[6857,0],]]
[6986,11,[[6985,0],[6987,0],[7114,0],[6858,0],]]
[6987,14,[[6988,0],[6986,0],[7115,0],[7114,0],[6859,0],]]
[6988,18,[[6987,0],[6989,0],[7116,0],[6860,0],]]
[6989,8,[[6990,0],[6988,0],[7117,0],[7116,0],[6861,0],]]
[6990,12,[[6989,0],[6991,0],[7118,0],[6862,0],]]
[6991,4,[[6992,0],[6990,0],[7119,0],[7118,0],[6863,0],]]
[6992,10,[[6991,0],[6993,0],[7120,0],[6864,0],]]
[6993,1,[[6994,0],[6992,0],[7121,0],[7120,0],[6865,0],]]
[6994,16,[[6993,0],[6995,0],[7122,0],[6866,0],]]
[6995,18,[[6996,0],[6994,0],[7123,0],[7122,0],[6867,0],]]
[6996,9,[[6995,0],[6997,0],[7124,0],[6868,0],]]
[6997,14,[[6998,0],[6996,0],[7125,0],[7124,0],[6869,0],]]
[6998,11,[[6997,0],[6999,0],[7126,0],[6870,0],]]
[6999,2,[[7000,0],[6998,0],[7127,0],[7126,0],[6871,0],]]
[7000,8,[[6999,0],[7001,0],[7128,0],[6872,0],]]
[7001,19,[[7002,0],[7000,0],[7129,0],[7128,0],[6873,0],]]
[7002,14,[[7001,0],[7003,0],[7130,0],[6874,0],]]
[7003,6,[[7004,0],[7002,0],[7131,0],[7130,0],[6875,0],]]
[7004,13,[[7003,0],[7005,0],[7132,0],[6876,0],]]
[7005,19,[[7006,0],[7004,0],[7133,0],[7132,0],[6877,0],]]
[7006,12,[[7005,0],[7007,0],[7134,0],[6878,0],]]
[7007,3,[[7008,0],[7006,0],[7135,0],[7134,0],[6879,0],]]
[7008,15,[[7007,0],[7009,0],[7136,0],[6880,0],]]
[7009,19,[[7010,0],[7008,0],[7137,0],[7136,0],[6881,0],]]
[7010,9,[[7009,0],[7011,0],[7138,0],[6882,0],]]
[7011,3,[[7012,0],[7010,0],[7139,0],[7138,0],[6883,0],]]
[7012,13,[[7011,0],[7013,0],[7140,0],[6884,0],]]
[7013,8,[[7014,0],[7012,0],[7141,0],[7140,0],[6885,0],]]
[7014,10,[[7013,0],[7015,0],[7142,0],[6886,0],]]
[7015,12,[[7016,0],[7014,0],[7143,0],[7142,0],[6887,0],]]
[7016,15,[[7015,0],[7017,0],[7144,0],[6888,0],]]
[7017,2,[[7018,0],[7016,0],[7145,0],[7144,0],[6889,0],]]
[7018,10,[[7017,0],[7019,0],[7146,0],[6890,0],]]
[7019,4,[[7020,0],[7018,0],[7147,0],[7146,0],[6891,0],]]
[7020,15,[[7019,0],[7021,0],[7148,0],[6892,0],]]
[7021,8,[[7022,0],[7020,0],[7149,0],[7148,0],[6893,0],]]
[7022,5,[[7021,0],[7023,0],[7150,0],[6894,0],]]
[7023,6,[[7024,0],[7022,0],[7151,0],[7150,0],[6895,0],]]
[7024,3,[[7023,0],[7025,0],[7152,0],[6896,0],]]
[7025,1,[[7026,0],[7024,0],[7153,0],[7152,0],[6897,0],]]
[7026,5,[[7025,0],[7027,0],[7154,0],[6898,0],]]
[7027,1,[[7028,0],[7026,0],[7155,0],[7154,0],[6899,0],]]
[7028,17,[[7027,0],[7029,0],[7156,0],[6900,0],]]
[7029,3,[[7030,0],[7028,0],[7157,0],[7156,0],[6901,0],]]
[7030,8,[[7029,0],[7031,0],[7158,0],[6902,0],]]
[7031,6,[[7032,0],[7030,0],[7159,0],[7158,0],[6903,0],]]
[7032,5,[[7031,0],[7033,0],[7160,0],[6904,0],]]
[7033,11,[[7034,0],[7032,0],[7161,0],[7160,0],[6905,0],]]
[7034,19,[[7033,0],[7035,0],[7162,0],[6906,0],]]
[7035,17,[[7036,0],[7034,0],[7163,0],[7162,0],[6907,0],]]
[7036,10,[[7035,0],[7037,0],[7164,0],[6908,0],]]
[7037,19,[[7038,0],[7036,0],[7165,0],[7164,0],[6909,0],]]
[7038,4,[[7037,0],[7039,0],[7166,0],[6910,0],]]
[7039,17,[[7038,0],[7167,0],[7166,0],[6911,0],]]
[7040,18,[[7041,0],[6912,0],[6913,0],[7168,0],]]
[7041,9,[[7042,0],[7040,0],[6913,0],[7169,0],]]
[7042,19,[[7041,0],[7043,0],[6914,0],[6915,0],[7170,0],]]
[7043,15,[[7044,0],[7042,0],[6915,0],[7171,0],]]
[7044,17,[[7043,0],[7045,0],[6916,0],[6917,0],[7172,0],]]
