[6717,12,[[6718,0],[6716,0],[6845,0],[6844,0],[6589,0],]]
[6718,9,[[6717,0],[6719,0],[6846,0],[6590,0],]]
[6719,17,[[6720,0],[6718,0],[6847,0],[6846,0],[6591,0],]]
[6720,18,[[6719,0],[6721,0],[6848,0],[6592,0],]]
[6721,14,[[6722,0],[6720,0],[6849,0],[6848,0],[6593,0],]]
[6722,1,[[6721,0],[6723,0],[6850,0],[6594,0],]]
[6723,16,[[6724,0],[6722,0],[6851,0],[6850,0],[6595,0],]]
[6724,6,[[6723,0],[6725,0],[6852,0],[6596,0],]]
[6725,8,[[6726,0],[6724,0],[6853,0],[6852,0],[6597,0],]]
[6726,19,[[6725,0],[6727,0],[6854,0],[6598,0],]]
[6727,8,[[6728,0],[6726,0],[6855,0],[6854,0],[6599,0],]]
[6728,11,[[6727,0],[6729,0],[6856,0],[6600,0],]]
[6729,11,[[6730,0],[6728,0],[6857,0],[6856,0],[6601,0],]]
[6730,11,[[6729,0],[6731,0],[6858,0],[6602,0],]]
[6731,16,[[6732,0],[6730,0],[6859,0],[6858,0],[6603,0],]]
[6732,6,[[6731,0],[6733,0],[6860,0],[6604,0],]]
[6733,11,[[6734,0],[6732,0],[6861,0],[6860,0],[6605,0],]]
[6734,6,[[6733,0],[6735,0],[6862,0],[6606,0],]]
[6735,1,[[6736,0],[6734,0],[6863,0],[6862,0],[6607,0],]]
[6736,6,[[6735,0],[6737,0],[6864,0],[6608,0],]]
[6737,19,[[6738,0],[6736,0],[6865,0],[6864,0],[6609,0],]]
[6738,8,[[6737,0],[6739,0],[6866,0],[6610,0],]]
[6739,19,[[6740,0],[6738,0],[6867,0],[6866,0],[6611,0],]]
[6740,17,[[6739,0],[6741,0],[6868,0],[6612,0],]]
[6741,13,[[6742,0],[6740,0],[6869,0],[6868,0],[6613,0],]]
[6742,8,[[6741,0],[6743,0],[6870,0],[6614,0],]]
[6743,18,[[6744,0],[6742,0],[6871,0],[6870,0],[6615,0],]]
[6744,1,[[6743,0],[6745,0],[6872,0],[6616,0],]]
[6745,5,[[6746,0],[6744,0],[6873,0],[6872,0],[6617,0],]]
[6746,10,[[6745,0],[6747,0],[6874,0],[6618,0],]]
[6747,9,[[6748,0],[6746,0],[6875,0],[6874,0],[6619,0],]]
[6748,18,[[6747,0],[6749,0],[6876,0],[6620,0],]]
[6749,12,[[6750,0],[6748,0],[6877,0],[6876,0],[6621,0],]]
[6750,7,[[6749,0],[6751,0],[6878,0],[6622,0],]]
[6751,18,[[6752,0],[6750,0],[6879,0],[6878,0],[6623,0],]]
[6752,9,[[6751,0],[6753,0],[6880,0],[6624,0],]]
[6753,8,[[6754,0],[6752,0],[6881,0],[6880,0],[6625,0],]]
[6754,13,[[6753,0],[6755,0],[6882,0],[6626,0],]]
[6755,15,[[6756,0],[6754,0],[6883,0],[6882,0],[6627,0],]]
[6756,11,[[6755,0],[6757,0],[6884,0],[6628,0],]]
[6757,4,[[6758,0],[6756,0],[6885,0],[6884,0],[6629,0],]]
[6758,1,[[6757,0],[6759,0],[6886,0],[6630,0],]]
[6759,17,[[6760,0],[6758,0],[6887,0],[6886,0],[6631,0],]]
[6760,1,[[6759,0],[6761,0],[6888,0],[6632,0],]]
[6761,7,[[6762,0],[6760,0],[6889,0],[6888,0],[6633,0],]]
[6762,16,[[6761,0],[6763,0],[6890,0],[6634,0],]]
[6763,14,[[6764,0],[6762,0],[6891,0],[6890,0],[6635,0],]]
[6764,4,[[6763,0],[6765,0],[6892,0],[6636,0],]]
[6765,13,[[6766,0],[6764,0],[6893,0],[6892,0],[6637,0],]]
[6766,16,[[6765,0],[6767,0],[6894,0],[6638,0],]]
[6767,6,[[6768,0],[6766,0],[6895,0],[6894,0],[6639,0],]]
[6768,14,[[6767,0],[6769,0],[6896,0],[6640,0],]]
[6769,4,[[6770,0],[6768,0],[6897,0],[6896,0],[6641,0],]]
[6770,14,[[6769,0],[6771,0],[6898,0],[6642,0],]]
[6771,3,[[6772,0],[6770,0],[6899,0],[6898,0],[6643,0],]]
[6772,3,[[6771,0],[6773,0],[6900,0],[6644,0],]]
[6773,15,[[6774,0],[6772,0],[6901,0],[6900,0],[6645,0],]]
[6774,19,[[6773,0],[6775,0],[6902,0],[6646,0],]]
[6775,8,[[6776,0],[6774,0],[6903,0],[6902,0],[6647,0],]]
[6776,11,[[6775,0],[6777,0],[6904,0],[6648,0],]]
[6777,12,[[6778,0],[6776,0],[6905,0],[6904,0],[6649,0],]]
[6778,17,[[6777,0],[6779,0],[6906,0],[6650,0],]]
[6779,18,[[6780,0],[6778,0],[6907,0],[6906,0],[6651,0],]]
[6780,15,[[6779,0],[6781,0],[6908,0],[6652,0],]]
[6781,1,[[6782,0],[6780,0],[6909,0],[6908,0],[6653,0],]]
[6782,11,[[6781,0],[6783,0],[6910,0],[6654,0],]]
[6783,5,[[6782,0],[6911,0],[6910,0],[6655,0],]]
[6784,15,[[6785,0],[6656,0],[6657,0],[6912,0],]]
[6785,5,[[6786,0],[6784,0],[6657,0],[6913,0],]]
[6786,19,[[6785,0],[6787,0],[6658,0],[6659,0],[6914,0],]]
[6787,9,[[6788,0],[6786,0],[6659,0],[6915,0],]]
[6788,19,[[6787,0],[6789,0],[6660,0],[6661,0],[6916,0],]]
[6789,10,[[6790,0],[6788,0],[6661,0],[6917,0],]]
[6790,8,[[6789,0],[6791,0],[6662,0],[6663,0],[6918,0],]]
[6791,14,[[6792,0],[6790,0],[6663,0],[6919,0],]]
[6792,19,[[6791,0],[6793,0],[6664,0],[6665,0],[6920,0],]]
[6793,2,[[6794,0],[6792,0],[6665,0],[6921,0],]]
[6794,1,[[6793,0],[6795,0],[6666,0],[6667,0],[6922,0],]]
[6795,16,[[6796,0],[6794,0],[6667,0],[6923,0],]]
[6796,3,[[6795,0],[6797,0],[6668,0],[6669,0],[6924,0],]]
[6797,2,[[6798,0],[6796,0],[6669,0],[6925,0],]]
[6798,17,[[6797,0],[6799,0],[6670,0],[6671,0],[6926,0],]]
[6799,17,[[6800,0],[6798,0],[6671,0],[6927,0],]]
[6800,5,[[6799,0],[6801,0],[6672,0],[6673,0],[6928,0],]]
[6801,16,[[6802,0],[6800,0],[6673,0],[6929,0],]]
[6802,18,[[6801,0],[6803,0],[6674,0],[6675,0],[6930,0],]]
[6803,5,[[6804,0],[6802,0],[6675,0],[6931,0],]]
[6804,13,[[6803,0],[6805,0],[6676,0],[6677,0],[6932,0],]]
[6805,11,[[6806,0],[6804,0],[6677,0],[6933,0],]]
[6806,14,[[6805,0],[6807,0],[6678,0],[6679,0],[6934,0],]]
[6807,10,[[6808,0],[6806,0],[6679,0],[6935,0],]]
[6808,5,[[6807,0],[6809,0],[6680,0],[6681,0],[6936,0],]]
[6809,5,[[6810,0],[6808,0],[6681,0],[6937,0],]]
[6810,7,[[6809,0],[6811,0],[6682,0],[6683,0],[6938,0],]]
[6811,1,[[6812,0],[6810,0],[6683,0],[6939,0],]]
[6812,12,[[6811,0],[6813,0],[6684,0],[6685,0],[6940,0],]]
[6813,17,[[6814,0],[6812,0],[6685,0],[6941,0],]]
[6814,8,[[6813,0],[6815,0],[6686,0],[6687,0],[6942,0],]]
[6815,19,[[6816,0],[6814,0],[6687,0],[6943,0],]]
[6816,10,[[6815,0],[6817,0],[6688,0],[6689,0],[6944,0],]]
[6817,17,[[6818,0],[6816,0],[6689,0],[6945,0],]]
[6818,9,[[6817,0],[6819,0],[6690,0],[6691,0],[6946,0],]]
[6819,7,[[6820,0],[6818,0],[6691,0],[6947,0],]]
[6820,11,[[6819,0],[6821,0],[6692,0],[6693,0],[6948,0],]]
[6821,16,[[6822,0],[6820,0],[6693,0],[6949,0],]]
[6822,5,[[6821,0],[6823,0],[6694,0],[6695,0],[6950,0],]]
[6823,10,[[6824,0],[6822,0],[6695,0],[6951,0],]]
[6824,14,[[6823,0],[6825,0],[6696,0],[6697,0],[6952,0],]]
[6825,16,[[6826,0],[6824,0],[6697,0],[6953,0],]]
[6826,2,[[6825,0],[6827,0],[6698,0],[6699,0],[6954,0],]]
[6827,17,[[6828,0],[6826,0],[6699,0],[6955,0],]]
[6828,3,[[6827,0],[6829,0],[6700,0],[6701,0],[6956,0],]]
[6829,15,[[6830,0],[6828,0],[6701,0],[6957,0],]]
[6830,19,[[6829,0],[6831,0],[6702,0],[6703,0],[6958,0],]]
[6831,16,[[6832,0],[6830,0],[6703,0],[6959,0],]]
[6832,7,[[6831,0],[6833,0],[6704,0],[6705,0],[6960,0],]]
[6833,6,[[6834,0],[6832,0],[6705,0],[6961,0],]]
[6834,15,[[6833,0],[6835,0],[6706,0],[6707,0],[6962,0],]]
[6835,17,[[6836,0],[6834,0],[6707,0],[6963,0],]]
[6836,1,[[6835,0],[6837,0],[6708,0],[6709,0],[6964,0],]]
[6837,17,[[6838,0],[6836,0],[6709,0],[6965,0],]]
[6838,1,[[6837,0],[6839,0],[6710,0],[6711,0],[6966,0],]]
[6839,4,[[6840,0],[6838,0],[6711,0],[6967,0],]]
[6840,9,[[6839,0],[6841,0],[6712,0],[6713,0],[6968,0],]]
[6841,14,[[6842,0],[6840,0],[6713,0],[6969,0],]]
[6842,6,[[6841,0],[6843,0],[6714,0],[6715,0],[6970,0],]]
[6843,19,[[6844,0],[6842,0],[6715,0],[6971,0],]]
[6844,19,[[6843,0],[6845,0],[6716,0],[6717,0],[6972,0],]]
[6845,9,[[6846,0],[6844,0],[6717,0],[6973,0],]]
[6846,5,[[6845,0],[6847,0],[6718,0],[6719,0],[6974,0],]]
[6847,9,[[6848,0],[6846,0],[6719,0],[6975,0],]]
[6848,12,[[6847,0],[6849,0],[6720,0],[6721,0],[6976,0],]]
[6849,2,[[6850,0],[6848,0],[6721,0],[6977,0],]]
[6850,6,[[6849,0],[6851,0],[6722,0],[6723,0],[6978,0],]]
[6851,4,[[6852,0],[6850,0],[6723,0],[6979,0],]]
[6852,1,[[6851,0],[6853,0],[6724,0],[6725,0],[6980,0],]]
[6853,2,[[6854,0],[6852,0],[6725,0],[6981,0],]]
[6854,18,[[6853,0],[6855,0],[6726,0],[6727,0],[6982,0],]]
[6855,18,[[6856,0],[6854,0],[6727,0],[6983,0],]]
[6856,9,[[6855,0],[6857,0],[6728,0],[6729,0],[6984,0],]]
[6857,18,[[6858,0],[6856,0],[6729,0],[6985,0],]]
[6858,6,[[6857,0],[6859,0],[6730,0],[6731,0],[6986,0],]]
[6859,11,[[6860,0],[6858,0],[6731,0],[6987,0],]]
[6860,10,[[6859,0],[6861,0],[6732,0],[6733,0],[6988,0],]]
[6861,3,[[6862,0],[6860,0],[6733,0],[6989,0],]]
[6862,18,[[6861,0],[6863,0],[6734,0],[6735,0],[6990,0],]]
[6863,2,[[6864,0],[6862,0],[6735,0],[6991,0],]]
[6864,8,[[6863,0],[6865,0],[6736,0],[6737,0],[6992,0],]]
[6865,7,[[6866,0],[6864,0],[6737,0],[6993,0],]]
[6866,7,[[6865,0],[6867,0],[6738,0],[6739,0],[6994,0],]]
[6867,5,[[6868,0],[6866,0],[6739,0],[6995,0],]]
[6868,8,[[6867,0],[6869,0],[6740,0],[6741,0],[6996,0],]]
[6869,16,[[6870,0],[6868,0],[6741,0],[6997,0],]]
[6870,11,[[6869,0],[6871,0],[6742,0],[6743,0],[6998,0],]]
[6871,2,[[6872,0],[6870,0],[6743,0],[6999,0],]]
[6872,2,[[6871,0],[6873,0],[6744,0],[6745,0],[7000,0],]]
[6873,18,[[6874,0],[6872,0],[6745,0],[7001,0],]]
[6874,10,[[6873,0],[6875,0],[6746,0],[6747,0],[7002,0],]]
[6875,15,[[6876,0],[6874,0],[6747,0],[7003,0],]]
[6876,9,[[6875,0],[6877,0],[6748,0],[6749,0],[7004,0],]]
[6877,5,[[6878,0],[6876,0],[6749,0],[7005,0],]]
[6878,16,[[6877,0],[6879,0],[6750,0],[6751,0],[7006,0],]]
[6879,9,[[6880,0],[6878,0],[6751,0],[7007,0],]]
[6880,2,[[6879,0],[6881,0],[6752,0],[6753,0],[7008,0],]]
