[8683,16,[[8684,0],[8682,0],[8555,0],[8811,0],]]
[8684,13,[[8683,0],[8685,0],[8556,0],[8557,0],[8812,0],]]
[8685,4,[[8686,0],[8684,0],[8557,0],[8813,0],]]
[8686,11,[[8685,0],[8687,0],[8558,0],[8559,0],[8814,0],]]
[8687,2,[[8688,0],[8686,0],[8559,0],[8815,0],]]
[8688,15,[[8687,0],[8689,0],[8560,0],[8561,0],[8816,0],]]
[8689,16,[[8690,0],[8688,0],[8561,0],[8817,0],]]
[8690,6,[[8689,0],[8691,0],[8562,0],[8563,0],[8818,0],]]
[8691,6,[[8692,0],[8690,0],[8563,0],[8819,0],]]
[8692,18,[[8691,0],[8693,0],[8564,0],[8565,0],[8820,0],]]
[8693,6,[[8694,0],[8692,0],[8565,0],[8821,0],]]
[8694,8,[[8693,0],[8695,0],[8566,0],[8567,0],[8822,0],]]
[8695,14,[[8696,0],[8694,0],[8567,0],[8823,0],]]
[8696,14,[[8695,0],[8697,0],[8568,0],[8569,0],[8824,0],]]
[8697,11,[[8698,0],[8696,0],[8569,0],[8825,0],]]
[8698,19,[[8697,0],[8699,0],[8570,0],[8571,0],[8826,0],]]
[8699,14,[[8700,0],[8698,0],[8571,0],[8827,0],]]
[8700,8,[[8699,0],[8701,0],[8572,0],[8573,0],[8828,0],]]
[8701,1,[[8702,0],[8700,0],[8573,0],[8829,0],]]
[8702,16,[[8701,0],[8703,0],[8574,0],[8575,0],[8830,0],]]
[8703,7,[[8702,0],[8575,0],[8831,0],]]
[8704,18,[[8705,0],[8832,0],[8576,0],]]
[8705,4,[[8706,0],[8704,0],[8833,0],[8832,0],[8577,0],]]
[8706,15,[[8705,0],[8707,0],[8834,0],[8578,0],]]
[8707,16,[[8708,0],[8706,0],[8835,0],[8834,0],[8579,0],]]
[8708,11,[[8707,0],[8709,0],[8836,0],[8580,0],]]
[8709,15,[[8710,0],[8708,0],[8837,0],[8836,0],[8581,0],]]
[8710,1,[[8709,0],[8711,0],[8838,0],[8582,0],]]
[8711,5,[[8712,0],[8710,0],[8839,0],[8838,0],[8583,0],]]
[8712,18,[[8711,0],[8713,0],[8840,0],[8584,0],]]
[8713,4,[[8714,0],[8712,0],[8841,0],[8840,0],[8585,0],]]
[8714,11,[[8713,0],[8715,0],[8842,0],[8586,0],]]
[8715,6,[[8716,0],[8714,0],[8843,0],[8842,0],[8587,0],]]
[8716,11,[[8715,0],[8717,0],[8844,0],[8588,0],]]
[8717,7,[[8718,0],[8716,0],[8845,0],[8844,0],[8589,0],]]
[8718,15,[[8717,0],[8719,0],[8846,0],[8590,0],]]
[8719,1,[[8720,0],[8718,0],[8847,0],[8846,0],[8591,0],]]
[8720,4,[[8719,0],[8721,0],[8848,0],[8592,0],]]
[8721,15,[[8722,0],[8720,0],[8849,0],[8848,0],[8593,0],]]
[8722,9,[[8721,0],[8723,0],[8850,0],[8594,0],]]
[8723,12,[[8724,0],[8722,0],[8851,0],[8850,0],[8595,0],]]
[8724,3,[[8723,0],[8725,0],[8852,0],[8596,0],]]
[8725,8,[[8726,0],[8724,0],[8853,0],[8852,0],[8597,0],]]
[8726,19,[[8725,0],[8727,0],[8854,0],[8598,0],]]
[8727,10,[[8728,0],[8726,0],[8855,0],[8854,0],[8599,0],]]
[8728,15,[[8727,0],[8729,0],[8856,0],[8600,0],]]
[8729,8,[[8730,0],[8728,0],[8857,0],[8856,0],[8601,0],]]
[8730,11,[[8729,0],[8731,0],[8858,0],[8602,0],]]
[8731,3,[[8732,0],[8730,0],[8859,0],[8858,0],[8603,0],]]
[8732,1,[[8731,0],[8733,0],[8860,0],[8604,0],]]
[8733,12,[[8734,0],[8732,0],[8861,0],[8860,0],[8605,0],]]
[8734,2,[[8733,0],[8735,0],[8862,0],[8606,0],]]
[8735,2,[[8736,0],[8734,0],[8863,0],[8862,0],[8607,0],]]
[8736,11,[[8735,0],[8737,0],[8864,0],[8608,0],]]
[8737,4,[[8738,0],[8736,0],[8865,0],[8864,0],[8609,0],]]
[8738,7,[[8737,0],[8739,0],[8866,0],[8610,0],]]
[8739,11,[[8740,0],[8738,0],[8867,0],[8866,0],[8611,0],]]
[8740,7,[[8739,0],[8741,0],[8868,0],[8612,0],]]
[8741,3,[[8742,0],[8740,0],[8869,0],[8868,0],[8613,0],]]
[8742,11,[[8741,0],[8743,0],[8870,0],[8614,0],]]
[8743,1,[[8744,0],[8742,0],[8871,0],[8870,0],[8615,0],]]
[8744,19,[[8743,0],[8745,0],[8872,0],[8616,0],]]
[8745,6,[[8746,0],[8744,0],[8873,0],[8872,0],[8617,0],]]
[8746,7,[[8745,0],[8747,0],[8874,0],[8618,0],]]
[8747,1,[[8748,0],[8746,0],[8875,0],[8874,0],[8619,0],]]
[8748,6,[[8747,0],[8749,0],[8876,0],[8620,0],]]
[8749,8,[[8750,0],[8748,0],[8877,0],[8876,0],[8621,0],]]
[8750,3,[[8749,0],[8751,0],[8878,0],[8622,0],]]
[8751,3,[[8752,0],[8750,0],[8879,0],[8878,0],[8623,0],]]
[8752,4,[[8751,0],[8753,0],[8880,0],[8624,0],]]
[8753,5,[[8754,0],[8752,0],[8881,0],[8880,0],[8625,0],]]
[8754,18,[[8753,0],[8755,0],[8882,0],[8626,0],]]
[8755,17,[[8756,0],[8754,0],[8883,0],[8882,0],[8627,0],]]
[8756,18,[[8755,0],[8757,0],[8884,0],[8628,0],]]
[8757,4,[[8758,0],[8756,0],[8885,0],[8884,0],[8629,0],]]
[8758,5,[[8757,0],[8759,0],[8886,0],[8630,0],]]
[8759,3,[[8760,0],[8758,0],[8887,0],[8886,0],[8631,0],]]
[8760,4,[[8759,0],[8761,0],[8888,0],[8632,0],]]
[8761,7,[[8762,0],[8760,0],[8889,0],[8888,0],[8633,0],]]
[8762,18,[[8761,0],[8763,0],[8890,0],[8634,0],]]
[8763,16,[[8764,0],[8762,0],[8891,0],[8890,0],[8635,0],]]
[8764,10,[[8763,0],[8765,0],[8892,0],[8636,0],]]
[8765,3,[[8766,0],[8764,0],[8893,0],[8892,0],[8637,0],]]
[8766,3,[[8765,0],[8767,0],[8894,0],[8638,0],]]
[8767,5,[[8768,0],[8766,0],[8895,0],[8894,0],[8639,0],]]
[8768,12,[[8767,0],[8769,0],[8896,0],[8640,0],]]
[8769,15,[[8770,0],[8768,0],[8897,0],[8896,0],[8641,0],]]
[8770,6,[[8769,0],[8771,0],[8898,0],[8642,0],]]
[8771,5,[[8772,0],[8770,0],[8899,0],[8898,0],[8643,0],]]
[8772,3,[[8771,0],[8773,0],[8900,0],[8644,0],]]
[8773,15,[[8774,0],[8772,0],[8901,0],[8900,0],[8645,0],]]
[8774,16,[[8773,0],[8775,0],[8902,0],[8646,0],]]
[8775,7,[[8776,0],[8774,0],[8903,0],[8902,0],[8647,0],]]
[8776,5,[[8775,0],[8777,0],[8904,0],[8648,0],]]
[8777,11,[[8778,0],[8776,0],[8905,0],[8904,0],[8649,0],]]
[8778,3,[[8777,0],[8779,0],[8906,0],[8650,0],]]
[8779,4,[[8780,0],[8778,0],[8907,0],[8906,0],[8651,0],]]
[8780,17,[[8779,0],[8781,0],[8908,0],[8652,0],]]
[8781,3,[[8782,0],[8780,0],[8909,0],[8908,0],[8653,0],]]
[8782,9,[[8781,0],[8783,0],[8910,0],[8654,0],]]
[8783,15,[[8784,0],[8782,0],[8911,0],[8910,0],[8655,0],]]
[8784,6,[[8783,0],[8785,0],[8912,0],[8656,0],]]
[8785,8,[[8786,0],[8784,0],[8913,0],[8912,0],[8657,0],]]
[8786,9,[[8785,0],[8787,0],[8914,0],[8658,0],]]
[8787,19,[[8788,0],[8786,0],[8915,0],[8914,0],[8659,0],]]
[8788,13,[[8787,0],[8789,0],[8916,0],[8660,0],]]
[8789,13,[[8790,0],[8788,0],[8917,0],[8916,0],[8661,0],]]
[8790,19,[[8789,0],[8791,0],[8918,0],[8662,0],]]
[8791,14,[[8792,0],[8790,0],[8919,0],[8918,0],[8663,0],]]
[8792,13,[[8791,0],[8793,0],[8920,0],[8664,0],]]
[8793,11,[[8794,0],[8792,0],[8921,0],[8920,0],[8665,0],]]
[8794,5,[[8793,0],[8795,0],[8922,0],[8666,0],]]
[8795,6,[[8796,0],[8794,0],[8923,0],[8922,0],[8667,0],]]
[8796,3,[[8795,0],[8797,0],[8924,0],[8668,0],]]
[8797,16,[[8798,0],[8796,0],[8925,0],[8924,0],[8669,0],]]
[8798,15,[[8797,0],[8799,0],[8926,0],[8670,0],]]
[8799,5,[[8800,0],[8798,0],[8927,0],[8926,0],[8671,0],]]
[8800,8,[[8799,0],[8801,0],[8928,0],[8672,0],]]
[8801,12,[[8802,0],[8800,0],[8929,0],[8928,0],[8673,0],]]
[8802,19,[[8801,0],[8803,0],[8930,0],[8674,0],]]
[8803,14,[[8804,0],[8802,0],[8931,0],[8930,0],[8675,0],]]
[8804,9,[[8803,0],[8805,0],[8932,0],[8676,0],]]
[8805,8,[[8806,0],[8804,0],[8933,0],[8932,0],[8677,0],]]
[8806,6,[[8805,0],[8807,0],[8934,0],[8678,0],]]
[8807,7,[[8808,0],[8806,0],[8935,0],[8934,0],[8679,0],]]
[8808,16,[[8807,0],[8809,0],[8936,0],[8680,0],]]
[8809,17,[[8810,0],[8808,0],[8937,0],[8936,0],[8681,0],]]
[8810,16,[[8809,0],[8811,0],[8938,0],[8682,0],]]
[8811,4,[[8812,0],[8810,0],[8939,0],[8938,0],[8683,0],]]
[8812,14,[[8811,0],[8813,0],[8940,0],[8684,0],]]
[8813,15,[[8814,0],[8812,0],[8941,0],[8940,0],[8685,0],]]
[8814,13,[[8813,0],[8815,0],[8942,0],[8686,0],]]
[8815,12,[[8816,0],[8814,0],[8943,0],[8942,0],[8687,0],]]
[8816,7,[[8815,0],[8817,0],[8944,0],[8688,0],]]
[8817,16,[[8818,0],[8816,0],[8945,0],[8944,0],[8689,0],]]
[8818,10,[[8817,0],[8819,0],[8946,0],[8690,0],]]
[8819,11,[[8820,0],[8818,0],[8947,0],[8946,0],[8691,0],]]
[8820,8,[[8819,0],[8821,0],[8948,0],[8692,0],]]
[8821,19,[[8822,0],[8820,0],[8949,0],[8948,0],[8693,0],]]
[8822,5,[[8821,0],[8823,0],[8950,0],[8694,0],]]
[8823,3,[[8824,0],[8822,0],[8951,0],[8950,0],[8695,0],]]
[8824,13,[[8823,0],[8825,0],[8952,0],[8696,0],]]
[8825,1,[[8826,0],[8824,0],[8953,0],[8952,0],[8697,0],]]
[8826,5,[[8825,0],[8827,0],[8954,0],[8698,0],]]
[8827,15,[[8828,0],[8826,0],[8955,0],[8954,0],[8699,0],]]
[8828,4,[[8827,0],[8829,0],[8956,0],[8700,0],]]
[8829,4,[[8830,0],[8828,0],[8957,0],[8956,0],[8701,0],]]
[8830,5,[[8829,0],[8831,0],[8958,0],[8702,0],]]
[8831,11,[[8830,0],[8959,0],[8958,0],[8703,0],]]
[8832,17,[[8833,0],[8704,0],[8705,0],[8960,0],]]
[8833,16,[[8834,0],[8832,0],[8705,0],[8961,0],]]
[8834,2,[[8833,0],[8835,0],[8706,0],[8707,0],[8962,0],]]
[8835,16,[[8836,0],[8834,0],[8707,0],[8963,0],]]
[8836,15,[[8835,0],[8837,0],[8708,0],[8709,0],[8964,0],]]
[8837,19,[[8838,0],[8836,0],[8709,0],[8965,0],]]
[8838,4,[[8837,0],[8839,0],[8710,0],[8711,0],[8966,0],]]
[8839,1,[[8840,0],[8838,0],[8711,0],[8967,0],]]
[8840,15,[[8839,0],[8841,0],[8712,0],[8713,0],[8968,0],]]
[8841,17,[[8842,0],[8840,0],[8713,0],[8969,0],]]
[8842,14,[[8841,0],[8843,0],[8714,0],[8715,0],[8970,0],]]
[8843,2,[[8844,0],[8842,0],[8715,0],[8971,0],]]
[8844,6,[[8843,0],[8845,0],[8716,0],[8717,0],[8972,0],]]
[8845,15,[[8846,0],[8844,0],[8717,0],[8973,0],]]
[8846,1,[[8845,0],[8847,0],[8718,0],[8719,0],[8974,0],]]
