[8519,4,[[8520,0],[8518,0],[8647,0],[8646,0],[8391,0],]]
[8520,18,[[8519,0],[8521,0],[8648,0],[8392,0],]]
[8521,19,[[8522,0],[8520,0],[8649,0],[8648,0],[8393,0],]]
[8522,1,[[8521,0],[8523,0],[8650,0],[8394,0],]]
[8523,2,[[8524,0],[8522,0],[8651,0],[8650,0],[8395,0],]]
[8524,19,[[8523,0],[8525,0],[8652,0],[8396,0],]]
[8525,7,[[8526,0],[8524,0],[8653,0],[8652,0],[8397,0],]]
[8526,10,[[8525,0],[8527,0],[8654,0],[8398,0],]]
[8527,4,[[8528,0],[8526,0],[8655,0],[8654,0],[8399,0],]]
[8528,16,[[8527,0],[8529,0],[8656,0],[8400,0],]]
[8529,5,[[8530,0],[8528,0],[8657,0],[8656,0],[8401,0],]]
[8530,17,[[8529,0],[8531,0],[8658,0],[8402,0],]]
[8531,5,[[8532,0],[8530,0],[8659,0],[8658,0],[8403,0],]]
[8532,13,[[8531,0],[8533,0],[8660,0],[8404,0],]]
[8533,18,[[8534,0],[8532,0],[8661,0],[8660,0],[8405,0],]]
[8534,8,[[8533,0],[8535,0],[8662,0],[8406,0],]]
[8535,6,[[8536,0],[8534,0],[8663,0],[8662,0],[8407,0],]]
[8536,17,[[8535,0],[8537,0],[8664,0],[8408,0],]]
[8537,9,[[8538,0],[8536,0],[8665,0],[8664,0],[8409,0],]]
[8538,3,[[8537,0],[8539,0],[8666,0],[8410,0],]]
[8539,16,[[8540,0],[8538,0],[8667,0],[8666,0],[8411,0],]]
[8540,15,[[8539,0],[8541,0],[8668,0],[8412,0],]]
[8541,1,[[8542,0],[8540,0],[8669,0],[8668,0],[8413,0],]]
[8542,8,[[8541,0],[8543,0],[8670,0],[8414,0],]]
[8543,11,[[8544,0],[8542,0],[8671,0],[8670,0],[8415,0],]]
[8544,5,[[8543,0],[8545,0],[8672,0],[8416,0],]]
[8545,4,[[8546,0],[8544,0],[8673,0],[8672,0],[8417,0],]]
[8546,5,[[8545,0],[8547,0],[8674,0],[8418,0],]]
[8547,14,[[8548,0],[8546,0],[8675,0],[8674,0],[8419,0],]]
[8548,5,[[8547,0],[8549,0],[8676,0],[8420,0],]]
[8549,19,[[8550,0],[8548,0],[8677,0],[8676,0],[8421,0],]]
[8550,4,[[8549,0],[8551,0],[8678,0],[8422,0],]]
[8551,5,[[8552,0],[8550,0],[8679,0],[8678,0],[8423,0],]]
[8552,7,[[8551,0],[8553,0],[8680,0],[8424,0],]]
[8553,9,[[8554,0],[8552,0],[8681,0],[8680,0],[8425,0],]]
[8554,16,[[8553,0],[8555,0],[8682,0],[8426,0],]]
[8555,4,[[8556,0],[8554,0],[8683,0],[8682,0],[8427,0],]]
[8556,6,[[8555,0],[8557,0],[8684,0],[8428,0],]]
[8557,19,[[8558,0],[8556,0],[8685,0],[8684,0],[8429,0],]]
[8558,18,[[8557,0],[8559,0],[8686,0],[8430,0],]]
[8559,10,[[8560,0],[8558,0],[8687,0],[8686,0],[8431,0],]]
[8560,2,[[8559,0],[8561,0],[8688,0],[8432,0],]]
[8561,19,[[8562,0],[8560,0],[8689,0],[8688,0],[8433,0],]]
[8562,15,[[8561,0],[8563,0],[8690,0],[8434,0],]]
[8563,7,[[8564,0],[8562,0],[8691,0],[8690,0],[8435,0],]]
[8564,14,[[8563,0],[8565,0],[8692,0],[8436,0],]]
[8565,4,[[8566,0],[8564,0],[8693,0],[8692,0],[8437,0],]]
[8566,15,[[8565,0],[8567,0],[8694,0],[8438,0],]]
[8567,19,[[8568,0],[8566,0],[8695,0],[8694,0],[8439,0],]]
[8568,6,[[8567,0],[8569,0],[8696,0],[8440,0],]]
[8569,9,[[8570,0],[8568,0],[8697,0],[8696,0],[8441,0],]]
[8570,12,[[8569,0],[8571,0],[8698,0],[8442,0],]]
[8571,18,[[8572,0],[8570,0],[8699,0],[8698,0],[8443,0],]]
[8572,18,[[8571,0],[8573,0],[8700,0],[8444,0],]]
[8573,4,[[8574,0],[8572,0],[8701,0],[8700,0],[8445,0],]]
[8574,4,[[8573,0],[8575,0],[8702,0],[8446,0],]]
[8575,12,[[8574,0],[8703,0],[8702,0],[8447,0],]]
[8576,3,[[8577,0],[8448,0],[8449,0],[8704,0],]]
[8577,19,[[8578,0],[8576,0],[8449,0],[8705,0],]]
[8578,8,[[8577,0],[8579,0],[8450,0],[8451,0],[8706,0],]]
[8579,12,[[8580,0],[8578,0],[8451,0],[8707,0],]]
[8580,4,[[8579,0],[8581,0],[8452,0],[8453,0],[8708,0],]]
[8581,6,[[8582,0],[8580,0],[8453,0],[8709,0],]]
[8582,15,[[8581,0],[8583,0],[8454,0],[8455,0],[8710,0],]]
[8583,14,[[8584,0],[8582,0],[8455,0],[8711,0],]]
[8584,18,[[8583,0],[8585,0],[8456,0],[8457,0],[8712,0],]]
[8585,18,[[8586,0],[8584,0],[8457,0],[8713,0],]]
[8586,9,[[8585,0],[8587,0],[8458,0],[8459,0],[8714,0],]]
[8587,8,[[8588,0],[8586,0],[8459,0],[8715,0],]]
[8588,15,[[8587,0],[8589,0],[8460,0],[8461,0],[8716,0],]]
[8589,14,[[8590,0],[8588,0],[8461,0],[8717,0],]]
[8590,14,[[8589,0],[8591,0],[8462,0],[8463,0],[8718,0],]]
[8591,10,[[8592,0],[8590,0],[8463,0],[8719,0],]]
[8592,17,[[8591,0],[8593,0],[8464,0],[8465,0],[8720,0],]]
[8593,3,[[8594,0],[8592,0],[8465,0],[8721,0],]]
[8594,15,[[8593,0],[8595,0],[8466,0],[8467,0],[8722,0],]]
[8595,18,[[8596,0],[8594,0],[8467,0],[8723,0],]]
[8596,14,[[8595,0],[8597,0],[8468,0],[8469,0],[8724,0],]]
[8597,10,[[8598,0],[8596,0],[8469,0],[8725,0],]]
[8598,16,[[8597,0],[8599,0],[8470,0],[8471,0],[8726,0],]]
[8599,13,[[8600,0],[8598,0],[8471,0],[8727,0],]]
[8600,17,[[8599,0],[8601,0],[8472,0],[8473,0],[8728,0],]]
[8601,1,[[8602,0],[8600,0],[8473,0],[8729,0],]]
[8602,6,[[8601,0],[8603,0],[8474,0],[8475,0],[8730,0],]]
[8603,1,[[8604,0],[8602,0],[8475,0],[8731,0],]]
[8604,9,[[8603,0],[8605,0],[8476,0],[8477,0],[8732,0],]]
[8605,13,[[8606,0],[8604,0],[8477,0],[8733,0],]]
[8606,14,[[8605,0],[8607,0],[8478,0],[8479,0],[8734,0],]]
[8607,15,[[8608,0],[8606,0],[8479,0],[8735,0],]]
[8608,2,[[8607,0],[8609,0],[8480,0],[8481,0],[8736,0],]]
[8609,10,[[8610,0],[8608,0],[8481,0],[8737,0],]]
[8610,5,[[8609,0],[8611,0],[8482,0],[8483,0],[8738,0],]]
[8611,6,[[8612,0],[8610,0],[8483,0],[8739,0],]]
[8612,8,[[8611,0],[8613,0],[8484,0],[8485,0],[8740,0],]]
[8613,3,[[8614,0],[8612,0],[8485,0],[8741,0],]]
[8614,3,[[8613,0],[8615,0],[8486,0],[8487,0],[8742,0],]]
[8615,10,[[8616,0],[8614,0],[8487,0],[8743,0],]]
[8616,4,[[8615,0],[8617,0],[8488,0],[8489,0],[8744,0],]]
[8617,10,[[8618,0],[8616,0],[8489,0],[8745,0],]]
[8618,7,[[8617,0],[8619,0],[8490,0],[8491,0],[8746,0],]]
[8619,8,[[8620,0],[8618,0],[8491,0],[8747,0],]]
[8620,15,[[8619,0],[8621,0],[8492,0],[8493,0],[8748,0],]]
[8621,9,[[8622,0],[8620,0],[8493,0],[8749,0],]]
[8622,19,[[8621,0],[8623,0],[8494,0],[8495,0],[8750,0],]]
[8623,17,[[8624,0],[8622,0],[8495,0],[8751,0],]]
[8624,8,[[8623,0],[8625,0],[8496,0],[8497,0],[8752,0],]]
[8625,2,[[8626,0],[8624,0],[8497,0],[8753,0],]]
[8626,11,[[8625,0],[8627,0],[8498,0],[8499,0],[8754,0],]]
[8627,8,[[8628,0],[8626,0],[8499,0],[8755,0],]]
[8628,18,[[8627,0],[8629,0],[8500,0],[8501,0],[8756,0],]]
[8629,13,[[8630,0],[8628,0],[8501,0],[8757,0],]]
[8630,8,[[8629,0],[8631,0],[8502,0],[8503,0],[8758,0],]]
[8631,11,[[8632,0],[8630,0],[8503,0],[8759,0],]]
[8632,14,[[8631,0],[8633,0],[8504,0],[8505,0],[8760,0],]]
[8633,8,[[8634,0],[8632,0],[8505,0],[8761,0],]]
[8634,17,[[8633,0],[8635,0],[8506,0],[8507,0],[8762,0],]]
[8635,17,[[8636,0],[8634,0],[8507,0],[8763,0],]]
[8636,4,[[8635,0],[8637,0],[8508,0],[8509,0],[8764,0],]]
[8637,4,[[8638,0],[8636,0],[8509,0],[8765,0],]]
[8638,2,[[8637,0],[8639,0],[8510,0],[8511,0],[8766,0],]]
[8639,3,[[8640,0],[8638,0],[8511,0],[8767,0],]]
[8640,16,[[8639,0],[8641,0],[8512,0],[8513,0],[8768,0],]]
[8641,9,[[8642,0],[8640,0],[8513,0],[8769,0],]]
[8642,1,[[8641,0],[8643,0],[8514,0],[8515,0],[8770,0],]]
[8643,4,[[8644,0],[8642,0],[8515,0],[8771,0],]]
[8644,2,[[8643,0],[8645,0],[8516,0],[8517,0],[8772,0],]]
[8645,15,[[8646,0],[8644,0],[8517,0],[8773,0],]]
[8646,7,[[8645,0],[8647,0],[8518,0],[8519,0],[8774,0],]]
[8647,16,[[8648,0],[8646,0],[8519,0],[8775,0],]]
[8648,6,[[8647,0],[8649,0],[8520,0],[8521,0],[8776,0],]]
[8649,4,[[8650,0],[8648,0],[8521,0],[8777,0],]]
[8650,10,[[8649,0],[8651,0],[8522,0],[8523,0],[8778,0],]]
[8651,15,[[8652,0],[8650,0],[8523,0],[8779,0],]]
[8652,10,[[8651,0],[8653,0],[8524,0],[8525,0],[8780,0],]]
[8653,12,[[8654,0],[8652,0],[8525,0],[8781,0],]]
[8654,10,[[8653,0],[8655,0],[8526,0],[8527,0],[8782,0],]]
[8655,4,[[8656,0],[8654,0],[8527,0],[8783,0],]]
[8656,3,[[8655,0],[8657,0],[8528,0],[8529,0],[8784,0],]]
[8657,3,[[8658,0],[8656,0],[8529,0],[8785,0],]]
[8658,2,[[8657,0],[8659,0],[8530,0],[8531,0],[8786,0],]]
[8659,5,[[8660,0],[8658,0],[8531,0],[8787,0],]]
[8660,5,[[8659,0],[8661,0],[8532,0],[8533,0],[8788,0],]]
[8661,13,[[8662,0],[8660,0],[8533,0],[8789,0],]]
[8662,16,[[8661,0],[8663,0],[8534,0],[8535,0],[8790,0],]]
[8663,6,[[8664,0],[8662,0],[8535,0],[8791,0],]]
[8664,8,[[8663,0],[8665,0],[8536,0],[8537,0],[8792,0],]]
[8665,18,[[8666,0],[8664,0],[8537,0],[8793,0],]]
[8666,8,[[8665,0],[8667,0],[8538,0],[8539,0],[8794,0],]]
[8667,11,[[8668,0],[8666,0],[8539,0],[8795,0],]]
[8668,12,[[8667,0],[8669,0],[8540,0],[8541,0],[8796,0],]]
[8669,18,[[8670,0],[8668,0],[8541,0],[8797,0],]]
[8670,10,[[8669,0],[8671,0],[8542,0],[8543,0],[8798,0],]]
[8671,9,[[8672,0],[8670,0],[8543,0],[8799,0],]]
[8672,12,[[8671,0],[8673,0],[8544,0],[8545,0],[8800,0],]]
[8673,14,[[8674,0],[8672,0],[8545,0],[8801,0],]]
[8674,18,[[8673,0],[8675,0],[8546,0],[8547,0],[8802,0],]]
[8675,17,[[8676,0],[8674,0],[8547,0],[8803,0],]]
[8676,16,[[8675,0],[8677,0],[8548,0],[8549,0],[8804,0],]]
[8677,14,[[8678,0],[8676,0],[8549,0],[8805,0],]]
[8678,5,[[8677,0],[8679,0],[8550,0],[8551,0],[8806,0],]]
[8679,13,[[8680,0],[8678,0],[8551,0],[8807,0],]]
[8680,15,[[8679,0],[8681,0],[8552,0],[8553,0],[8808,0],]]
[8681,8,[[8682,0],[8680,0],[8553,0],[8809,0],]]
[8682,16,[[8681,0],[8683,0],[8554,0],[8555,0],[8810,0],]]
