[9175,4,[[9176,0],[9174,0],[9047,0],[9303,0],]]
[9176,10,[[9175,0],[9177,0],[9048,0],[9049,0],[9304,0],]]
[9177,18,[[9178,0],[9176,0],[9049,0],[9305,0],]]
[9178,17,[[9177,0],[9179,0],[9050,0],[9051,0],[9306,0],]]
[9179,17,[[9180,0],[9178,0],[9051,0],[9307,0],]]
[9180,8,[[9179,0],[9181,0],[9052,0],[9053,0],[9308,0],]]
[9181,14,[[9182,0],[9180,0],[9053,0],[9309,0],]]
[9182,6,[[9181,0],[9183,0],[9054,0],[9055,0],[9310,0],]]
[9183,2,[[9184,0],[9182,0],[9055,0],[9311,0],]]
[9184,17,[[9183,0],[9185,0],[9056,0],[9057,0],[9312,0],]]
[9185,15,[[9186,0],[9184,0],[9057,0],[9313,0],]]
[9186,18,[[9185,0],[9187,0],[9058,0],[9059,0],[9314,0],]]
[9187,14,[[9188,0],[9186,0],[9059,0],[9315,0],]]
[9188,19,[[9187,0],[9189,0],[9060,0],[9061,0],[9316,0],]]
[9189,2,[[9190,0],[9188,0],[9061,0],[9317,0],]]
[9190,2,[[9189,0],[9191,0],[9062,0],[9063,0],[9318,0],]]
[9191,8,[[9192,0],[9190,0],[9063,0],[9319,0],]]
[9192,19,[[9191,0],[9193,0],[9064,0],[9065,0],[9320,0],]]
[9193,11,[[9194,0],[9192,0],[9065,0],[9321,0],]]
[9194,16,[[9193,0],[9195,0],[9066,0],[9067,0],[9322,0],]]
[9195,2,[[9196,0],[9194,0],[9067,0],[9323,0],]]
[9196,18,[[9195,0],[9197,0],[9068,0],[9069,0],[9324,0],]]
[9197,15,[[9198,0],[9196,0],[9069,0],[9325,0],]]
[9198,10,[[9197,0],[9199,0],[9070,0],[9071,0],[9326,0],]]
[9199,8,[[9200,0],[9198,0],[9071,0],[9327,0],]]
[9200,11,[[9199,0],[9201,0],[9072,0],[9073,0],[9328,0],]]
[9201,5,[[9202,0],[9200,0],[9073,0],[9329,0],]]
[9202,11,[[9201,0],[9203,0],[9074,0],[9075,0],[9330,0],]]
[9203,18,[[9204,0],[9202,0],[9075,0],[9331,0],]]
[9204,16,[[9203,0],[9205,0],[9076,0],[9077,0],[9332,0],]]
[9205,1,[[9206,0],[9204,0],[9077,0],[9333,0],]]
[9206,12,[[9205,0],[9207,0],[9078,0],[9079,0],[9334,0],]]
[9207,4,[[9208,0],[9206,0],[9079,0],[9335,0],]]
[9208,5,[[9207,0],[9209,0],[9080,0],[9081,0],[9336,0],]]
[9209,11,[[9210,0],[9208,0],[9081,0],[9337,0],]]
[9210,3,[[9209,0],[9211,0],[9082,0],[9083,0],[9338,0],]]
[9211,18,[[9212,0],[9210,0],[9083,0],[9339,0],]]
[9212,12,[[9211,0],[9213,0],[9084,0],[9085,0],[9340,0],]]
[9213,9,[[9214,0],[9212,0],[9085,0],[9341,0],]]
[9214,1,[[9213,0],[9215,0],[9086,0],[9087,0],[9342,0],]]
[9215,13,[[9214,0],[9087,0],[9343,0],]]
[9216,16,[[9217,0],[9344,0],[9088,0],]]
[9217,2,[[9218,0],[9216,0],[9345,0],[9344,0],[9089,0],]]
[9218,4,[[9217,0],[9219,0],[9346,0],[9090,0],]]
[9219,5,[[9220,0],[9218,0],[9347,0],[9346,0],[9091,0],]]
[9220,11,[[9219,0],[9221,0],[9348,0],[9092,0],]]
[9221,11,[[9222,0],[9220,0],[9349,0],[9348,0],[9093,0],]]
[9222,19,[[9221,0],[9223,0],[9350,0],[9094,0],]]
[9223,18,[[9224,0],[9222,0],[9351,0],[9350,0],[9095,0],]]
[9224,10,[[9223,0],[9225,0],[9352,0],[9096,0],]]
[9225,8,[[9226,0],[9224,0],[9353,0],[9352,0],[9097,0],]]
[9226,18,[[9225,0],[9227,0],[9354,0],[9098,0],]]
[9227,10,[[9228,0],[9226,0],[9355,0],[9354,0],[9099,0],]]
[9228,9,[[9227,0],[9229,0],[9356,0],[9100,0],]]
[9229,5,[[9230,0],[9228,0],[9357,0],[9356,0],[9101,0],]]
[9230,3,[[9229,0],[9231,0],[9358,0],[9102,0],]]
[9231,7,[[9232,0],[9230,0],[9359,0],[9358,0],[9103,0],]]
[9232,8,[[9231,0],[9233,0],[9360,0],[9104,0],]]
[9233,16,[[9234,0],[9232,0],[9361,0],[9360,0],[9105,0],]]
[9234,18,[[9233,0],[9235,0],[9362,0],[9106,0],]]
[9235,9,[[9236,0],[9234,0],[9363,0],[9362,0],[9107,0],]]
[9236,10,[[9235,0],[9237,0],[9364,0],[9108,0],]]
[9237,16,[[9238,0],[9236,0],[9365,0],[9364,0],[9109,0],]]
[9238,8,[[9237,0],[9239,0],[9366,0],[9110,0],]]
[9239,6,[[9240,0],[9238,0],[9367,0],[9366,0],[9111,0],]]
[9240,18,[[9239,0],[9241,0],[9368,0],[9112,0],]]
[9241,8,[[9242,0],[9240,0],[9369,0],[9368,0],[9113,0],]]
[9242,2,[[9241,0],[9243,0],[9370,0],[9114,0],]]
[9243,4,[[9244,0],[9242,0],[9371,0],[9370,0],[9115,0],]]
[9244,3,[[9243,0],[9245,0],[9372,0],[9116,0],]]
[9245,1,[[9246,0],[9244,0],[9373,0],[9372,0],[9117,0],]]
[9246,15,[[9245,0],[9247,0],[9374,0],[9118,0],]]
[9247,1,[[9248,0],[9246,0],[9375,0],[9374,0],[9119,0],]]
[9248,6,[[9247,0],[9249,0],[9376,0],[9120,0],]]
[9249,4,[[9250,0],[9248,0],[9377,0],[9376,0],[9121,0],]]
[9250,18,[[9249,0],[9251,0],[9378,0],[9122,0],]]
[9251,4,[[9252,0],[9250,0],[9379,0],[9378,0],[9123,0],]]
[9252,16,[[9251,0],[9253,0],[9380,0],[9124,0],]]
[9253,3,[[9254,0],[9252,0],[9381,0],[9380,0],[9125,0],]]
[9254,19,[[9253,0],[9255,0],[9382,0],[9126,0],]]
[9255,6,[[9256,0],[9254,0],[9383,0],[9382,0],[9127,0],]]
[9256,18,[[9255,0],[9257,0],[9384,0],[9128,0],]]
[9257,15,[[9258,0],[9256,0],[9385,0],[9384,0],[9129,0],]]
[9258,4,[[9257,0],[9259,0],[9386,0],[9130,0],]]
[9259,15,[[9260,0],[9258,0],[9387,0],[9386,0],[9131,0],]]
[9260,14,[[9259,0],[9261,0],[9388,0],[9132,0],]]
[9261,15,[[9262,0],[9260,0],[9389,0],[9388,0],[9133,0],]]
[9262,14,[[9261,0],[9263,0],[9390,0],[9134,0],]]
[9263,1,[[9264,0],[9262,0],[9391,0],[9390,0],[9135,0],]]
[9264,18,[[9263,0],[9265,0],[9392,0],[9136,0],]]
[9265,2,[[9266,0],[9264,0],[9393,0],[9392,0],[9137,0],]]
[9266,19,[[9265,0],[9267,0],[9394,0],[9138,0],]]
[9267,19,[[9268,0],[9266,0],[9395,0],[9394,0],[9139,0],]]
[9268,6,[[9267,0],[9269,0],[9396,0],[9140,0],]]
[9269,1,[[9270,0],[9268,0],[9397,0],[9396,0],[9141,0],]]
[9270,17,[[9269,0],[9271,0],[9398,0],[9142,0],]]
[9271,15,[[9272,0],[9270,0],[9399,0],[9398,0],[9143,0],]]
[9272,5,[[9271,0],[9273,0],[9400,0],[9144,0],]]
[9273,13,[[9274,0],[9272,0],[9401,0],[9400,0],[9145,0],]]
[9274,13,[[9273,0],[9275,0],[9402,0],[9146,0],]]
[9275,14,[[9276,0],[9274,0],[9403,0],[9402,0],[9147,0],]]
[9276,18,[[9275,0],[9277,0],[9404,0],[9148,0],]]
[9277,7,[[9278,0],[9276,0],[9405,0],[9404,0],[9149,0],]]
[9278,12,[[9277,0],[9279,0],[9406,0],[9150,0],]]
[9279,16,[[9280,0],[9278,0],[9407,0],[9406,0],[9151,0],]]
[9280,12,[[9279,0],[9281,0],[9408,0],[9152,0],]]
[9281,18,[[9282,0],[9280,0],[9409,0],[9408,0],[9153,0],]]
[9282,4,[[9281,0],[9283,0],[9410,0],[9154,0],]]
[9283,6,[[9284,0],[9282,0],[9411,0],[9410,0],[9155,0],]]
[9284,14,[[9283,0],[9285,0],[9412,0],[9156,0],]]
[9285,3,[[9286,0],[9284,0],[9413,0],[9412,0],[9157,0],]]
[9286,13,[[9285,0],[9287,0],[9414,0],[9158,0],]]
[9287,7,[[9288,0],[9286,0],[9415,0],[9414,0],[9159,0],]]
[9288,19,[[9287,0],[9289,0],[9416,0],[9160,0],]]
[9289,3,[[9290,0],[9288,0],[9417,0],[9416,0],[9161,0],]]
[9290,10,[[9289,0],[9291,0],[9418,0],[9162,0],]]
[9291,2,[[9292,0],[9290,0],[9419,0],[9418,0],[9163,0],]]
[9292,3,[[9291,0],[9293,0],[9420,0],[9164,0],]]
[9293,11,[[9294,0],[9292,0],[9421,0],[9420,0],[9165,0],]]
[9294,10,[[9293,0],[9295,0],[9422,0],[9166,0],]]
[9295,18,[[9296,0],[9294,0],[9423,0],[9422,0],[9167,0],]]
[9296,6,[[9295,0],[9297,0],[9424,0],[9168,0],]]
[9297,14,[[9298,0],[9296,0],[9425,0],[9424,0],[9169,0],]]
[9298,14,[[9297,0],[9299,0],[9426,0],[9170,0],]]
[9299,11,[[9300,0],[9298,0],[9427,0],[9426,0],[9171,0],]]
[9300,3,[[9299,0],[9301,0],[9428,0],[9172,0],]]
[9301,11,[[9302,0],[9300,0],[9429,0],[9428,0],[9173,0],]]
[9302,14,[[9301,0],[9303,0],[9430,0],[9174,0],]]
[9303,15,[[9304,0],[9302,0],[9431,0],[9430,0],[9175,0],]]
[9304,14,[[9303,0],[9305,0],[9432,0],[9176,0],]]
[9305,6,[[9306,0],[9304,0],[9433,0],[9432,0],[9177,0],]]
[9306,16,[[9305,0],[9307,0],[9434,0],[9178,0],]]
[9307,4,[[9308,0],[9306,0],[9435,0],[9434,0],[9179,0],]]
[9308,3,[[9307,0],[9309,0],[9436,0],[9180,0],]]
[9309,9,[[9310,0],[9308,0],[9437,0],[9436,0],[9181,0],]]
[9310,4,[[9309,0],[9311,0],[9438,0],[9182,0],]]
[9311,9,[[9312,0],[9310,0],[9439,0],[9438,0],[9183,0],]]
[9312,19,[[9311,0],[9313,0],[9440,0],[9184,0],]]
[9313,1,[[9314,0],[9312,0],[9441,0],[9440,0],[9185,0],]]
[9314,4,[[9313,0],[9315,0],[9442,0],[9186,0],]]
[9315,8,[[9316,0],[9314,0],[9443,0],[9442,0],[9187,0],]]
[9316,11,[[9315,0],[9317,0],[9444,0],[9188,0],]]
[9317,16,[[9318,0],[9316,0],[9445,0],[9444,0],[9189,0],]]
[9318,14,[[9317,0],[9319,0],[9446,0],[9190,0],]]
[9319,8,[[9320,0],[9318,0],[9447,0],[9446,0],[9191,0],]]
[9320,1,[[9319,0],[9321,0],[9448,0],[9192,0],]]
[9321,19,[[9322,0],[9320,0],[9449,0],[9448,0],[9193,0],]]
[9322,11,[[9321,0],[9323,0],[9450,0],[9194,0],]]
[9323,13,[[9324,0],[9322,0],[9451,0],[9450,0],[9195,0],]]
[9324,3,[[9323,0],[9325,0],[9452,0],[9196,0],]]
[9325,17,[[9326,0],[9324,0],[9453,0],[9452,0],[9197,0],]]
[9326,5,[[9325,0],[9327,0],[9454,0],[9198,0],]]
[9327,6,[[9328,0],[9326,0],[9455,0],[9454,0],[9199,0],]]
[9328,17,[[9327,0],[9329,0],[9456,0],[9200,0],]]
[9329,5,[[9330,0],[9328,0],[9457,0],[9456,0],[9201,0],]]
[9330,12,[[9329,0],[9331,0],[9458,0],[9202,0],]]
[9331,5,[[9332,0],[9330,0],[9459,0],[9458,0],[9203,0],]]
[9332,12,[[9331,0],[9333,0],[9460,0],[9204,0],]]
[9333,13,[[9334,0],[9332,0],[9461,0],[9460,0],[9205,0],]]
[9334,12,[[9333,0],[9335,0],[9462,0],[9206,0],]]
[9335,1,[[9336,0],[9334,0],[9463,0],[9462,0],[9207,0],]]
[9336,10,[[9335,0],[9337,0],[9464,0],[9208,0],]]
[9337,19,[[9338,0],[9336,0],[9465,0],[9464,0],[9209,0],]]
