[8847,5,[[8848,0],[8846,0],[8719,0],[8975,0],]]
[8848,8,[[8847,0],[8849,0],[8720,0],[8721,0],[8976,0],]]
[8849,17,[[8850,0],[8848,0],[8721,0],[8977,0],]]
[8850,16,[[8849,0],[8851,0],[8722,0],[8723,0],[8978,0],]]
[8851,11,[[8852,0],[8850,0],[8723,0],[8979,0],]]
[8852,10,[[8851,0],[8853,0],[8724,0],[8725,0],[8980,0],]]
[8853,19,[[8854,0],[8852,0],[8725,0],[8981,0],]]
[8854,9,[[8853,0],[8855,0],[8726,0],[8727,0],[8982,0],]]
[8855,18,[[8856,0],[8854,0],[8727,0],[8983,0],]]
[8856,6,[[8855,0],[8857,0],[8728,0],[8729,0],[8984,0],]]
[8857,15,[[8858,0],[8856,0],[8729,0],[8985,0],]]
[8858,12,[[8857,0],[8859,0],[8730,0],[8731,0],[8986,0],]]
[8859,13,[[8860,0],[8858,0],[8731,0],[8987,0],]]
[8860,5,[[8859,0],[8861,0],[8732,0],[8733,0],[8988,0],]]
[8861,6,[[8862,0],[8860,0],[8733,0],[8989,0],]]
[8862,16,[[8861,0],[8863,0],[8734,0],[8735,0],[8990,0],]]
[8863,1,[[8864,0],[8862,0],[8735,0],[8991,0],]]
[8864,19,[[8863,0],[8865,0],[8736,0],[8737,0],[8992,0],]]
[8865,6,[[8866,0],[8864,0],[8737,0],[8993,0],]]
[8866,4,[[8865,0],[8867,0],[8738,0],[8739,0],[8994,0],]]
[8867,13,[[8868,0],[8866,0],[8739,0],[8995,0],]]
[8868,10,[[8867,0],[8869,0],[8740,0],[8741,0],[8996,0],]]
[8869,11,[[8870,0],[8868,0],[8741,0],[8997,0],]]
[8870,4,[[8869,0],[8871,0],[8742,0],[8743,0],[8998,0],]]
[8871,16,[[8872,0],[8870,0],[8743,0],[8999,0],]]
[8872,5,[[8871,0],[8873,0],[8744,0],[8745,0],[9000,0],]]
[8873,9,[[8874,0],[8872,0],[8745,0],[9001,0],]]
[8874,16,[[8873,0],[8875,0],[8746,0],[8747,0],[9002,0],]]
[8875,9,[[8876,0],[8874,0],[8747,0],[9003,0],]]
[8876,7,[[8875,0],[8877,0],[8748,0],[8749,0],[9004,0],]]
[8877,12,[[8878,0],[8876,0],[8749,0],[9005,0],]]
[8878,7,[[8877,0],[8879,0],[8750,0],[8751,0],[9006,0],]]
[8879,19,[[8880,0],[8878,0],[8751,0],[9007,0],]]
[8880,4,[[8879,0],[8881,0],[8752,0],[8753,0],[9008,0],]]
[8881,18,[[8882,0],[8880,0],[8753,0],[9009,0],]]
[8882,14,[[8881,0],[8883,0],[8754,0],[8755,0],[9010,0],]]
[8883,13,[[8884,0],[8882,0],[8755,0],[9011,0],]]
[8884,3,[[8883,0],[8885,0],[8756,0],[8757,0],[9012,0],]]
[8885,12,[[8886,0],[8884,0],[8757,0],[9013,0],]]
[8886,2,[[8885,0],[8887,0],[8758,0],[8759,0],[9014,0],]]
[8887,7,[[8888,0],[8886,0],[8759,0],[9015,0],]]
[8888,4,[[8887,0],[8889,0],[8760,0],[8761,0],[9016,0],]]
[8889,15,[[8890,0],[8888,0],[8761,0],[9017,0],]]
[8890,15,[[8889,0],[8891,0],[8762,0],[8763,0],[9018,0],]]
[8891,17,[[8892,0],[8890,0],[8763,0],[9019,0],]]
[8892,16,[[8891,0],[8893,0],[8764,0],[8765,0],[9020,0],]]
[8893,9,[[8894,0],[8892,0],[8765,0],[9021,0],]]
[8894,9,[[8893,0],[8895,0],[8766,0],[8767,0],[9022,0],]]
[8895,1,[[8896,0],[8894,0],[8767,0],[9023,0],]]
[8896,4,[[8895,0],[8897,0],[8768,0],[8769,0],[9024,0],]]
[8897,17,[[8898,0],[8896,0],[8769,0],[9025,0],]]
[8898,12,[[8897,0],[8899,0],[8770,0],[8771,0],[9026,0],]]
[8899,10,[[8900,0],[8898,0],[8771,0],[9027,0],]]
[8900,4,[[8899,0],[8901,0],[8772,0],[8773,0],[9028,0],]]
[8901,19,[[8902,0],[8900,0],[8773,0],[9029,0],]]
[8902,12,[[8901,0],[8903,0],[8774,0],[8775,0],[9030,0],]]
[8903,15,[[8904,0],[8902,0],[8775,0],[9031,0],]]
[8904,8,[[8903,0],[8905,0],[8776,0],[8777,0],[9032,0],]]
[8905,7,[[8906,0],[8904,0],[8777,0],[9033,0],]]
[8906,15,[[8905,0],[8907,0],[8778,0],[8779,0],[9034,0],]]
[8907,10,[[8908,0],[8906,0],[8779,0],[9035,0],]]
[8908,16,[[8907,0],[8909,0],[8780,0],[8781,0],[9036,0],]]
[8909,14,[[8910,0],[8908,0],[8781,0],[9037,0],]]
[8910,12,[[8909,0],[8911,0],[8782,0],[8783,0],[9038,0],]]
[8911,8,[[8912,0],[8910,0],[8783,0],[9039,0],]]
[8912,16,[[8911,0],[8913,0],[8784,0],[8785,0],[9040,0],]]
[8913,18,[[8914,0],[8912,0],[8785,0],[9041,0],]]
[8914,17,[[8913,0],[8915,0],[8786,0],[8787,0],[9042,0],]]
[8915,6,[[8916,0],[8914,0],[8787,0],[9043,0],]]
[8916,9,[[8915,0],[8917,0],[8788,0],[8789,0],[9044,0],]]
[8917,19,[[8918,0],[8916,0],[8789,0],[9045,0],]]
[8918,12,[[8917,0],[8919,0],[8790,0],[8791,0],[9046,0],]]
[8919,16,[[8920,0],[8918,0],[8791,0],[9047,0],]]
[8920,1,[[8919,0],[8921,0],[8792,0],[8793,0],[9048,0],]]
[8921,2,[[8922,0],[8920,0],[8793,0],[9049,0],]]
[8922,6,[[8921,0],[8923,0],[8794,0],[8795,0],[9050,0],]]
[8923,6,[[8924,0],[8922,0],[8795,0],[9051,0],]]
[8924,13,[[8923,0],[8925,0],[8796,0],[8797,0],[9052,0],]]
[8925,3,[[8926,0],[8924,0],[8797,0],[9053,0],]]
[8926,18,[[8925,0],[8927,0],[8798,0],[8799,0],[9054,0],]]
[8927,15,[[8928,0],[8926,0],[8799,0],[9055,0],]]
[8928,7,[[8927,0],[8929,0],[8800,0],[8801,0],[9056,0],]]
[8929,13,[[8930,0],[8928,0],[8801,0],[9057,0],]]
[8930,16,[[8929,0],[8931,0],[8802,0],[8803,0],[9058,0],]]
[8931,3,[[8932,0],[8930,0],[8803,0],[9059,0],]]
[8932,3,[[8931,0],[8933,0],[8804,0],[8805,0],[9060,0],]]
[8933,17,[[8934,0],[8932,0],[8805,0],[9061,0],]]
[8934,7,[[8933,0],[8935,0],[8806,0],[8807,0],[9062,0],]]
[8935,17,[[8936,0],[8934,0],[8807,0],[9063,0],]]
[8936,9,[[8935,0],[8937,0],[8808,0],[8809,0],[9064,0],]]
[8937,5,[[8938,0],[8936,0],[8809,0],[9065,0],]]
[8938,2,[[8937,0],[8939,0],[8810,0],[8811,0],[9066,0],]]
[8939,10,[[8940,0],[8938,0],[8811,0],[9067,0],]]
[8940,13,[[8939,0],[8941,0],[8812,0],[8813,0],[9068,0],]]
[8941,3,[[8942,0],[8940,0],[8813,0],[9069,0],]]
[8942,10,[[8941,0],[8943,0],[8814,0],[8815,0],[9070,0],]]
[8943,12,[[8944,0],[8942,0],[8815,0],[9071,0],]]
[8944,7,[[8943,0],[8945,0],[8816,0],[8817,0],[9072,0],]]
[8945,11,[[8946,0],[8944,0],[8817,0],[9073,0],]]
[8946,17,[[8945,0],[8947,0],[8818,0],[8819,0],[9074,0],]]
[8947,13,[[8948,0],[8946,0],[8819,0],[9075,0],]]
[8948,1,[[8947,0],[8949,0],[8820,0],[8821,0],[9076,0],]]
[8949,12,[[8950,0],[8948,0],[8821,0],[9077,0],]]
[8950,7,[[8949,0],[8951,0],[8822,0],[8823,0],[9078,0],]]
[8951,10,[[8952,0],[8950,0],[8823,0],[9079,0],]]
[8952,8,[[8951,0],[8953,0],[8824,0],[8825,0],[9080,0],]]
[8953,6,[[8954,0],[8952,0],[8825,0],[9081,0],]]
[8954,19,[[8953,0],[8955,0],[8826,0],[8827,0],[9082,0],]]
[8955,16,[[8956,0],[8954,0],[8827,0],[9083,0],]]
[8956,2,[[8955,0],[8957,0],[8828,0],[8829,0],[9084,0],]]
[8957,9,[[8958,0],[8956,0],[8829,0],[9085,0],]]
[8958,3,[[8957,0],[8959,0],[8830,0],[8831,0],[9086,0],]]
[8959,1,[[8958,0],[8831,0],[9087,0],]]
[8960,3,[[8961,0],[9088,0],[8832,0],]]
[8961,16,[[8962,0],[8960,0],[9089,0],[9088,0],[8833,0],]]
[8962,6,[[8961,0],[8963,0],[9090,0],[8834,0],]]
[8963,16,[[8964,0],[8962,0],[9091,0],[9090,0],[8835,0],]]
[8964,8,[[8963,0],[8965,0],[9092,0],[8836,0],]]
[8965,10,[[8966,0],[8964,0],[9093,0],[9092,0],[8837,0],]]
[8966,18,[[8965,0],[8967,0],[9094,0],[8838,0],]]
[8967,13,[[8968,0],[8966,0],[9095,0],[9094,0],[8839,0],]]
[8968,4,[[8967,0],[8969,0],[9096,0],[8840,0],]]
[8969,11,[[8970,0],[8968,0],[9097,0],[9096,0],[8841,0],]]
[8970,9,[[8969,0],[8971,0],[9098,0],[8842,0],]]
[8971,15,[[8972,0],[8970,0],[9099,0],[9098,0],[8843,0],]]
[8972,10,[[8971,0],[8973,0],[9100,0],[8844,0],]]
[8973,10,[[8974,0],[8972,0],[9101,0],[9100,0],[8845,0],]]
[8974,1,[[8973,0],[8975,0],[9102,0],[8846,0],]]
[8975,15,[[8976,0],[8974,0],[9103,0],[9102,0],[8847,0],]]
[8976,5,[[8975,0],[8977,0],[9104,0],[8848,0],]]
[8977,7,[[8978,0],[8976,0],[9105,0],[9104,0],[8849,0],]]
[8978,8,[[8977,0],[8979,0],[9106,0],[8850,0],]]
[8979,2,[[8980,0],[8978,0],[9107,0],[9106,0],[8851,0],]]
[8980,18,[[8979,0],[8981,0],[9108,0],[8852,0],]]
[8981,6,[[8982,0],[8980,0],[9109,0],[9108,0],[8853,0],]]
[8982,2,[[8981,0],[8983,0],[9110,0],[8854,0],]]
[8983,18,[[8984,0],[8982,0],[9111,0],[9110,0],[8855,0],]]
[8984,7,[[8983,0],[8985,0],[9112,0],[8856,0],]]
[8985,19,[[8986,0],[8984,0],[9113,0],[9112,0],[8857,0],]]
[8986,11,[[8985,0],[8987,0],[9114,0],[8858,0],]]
[8987,6,[[8988,0],[8986,0],[9115,0],[9114,0],[8859,0],]]
[8988,15,[[8987,0],[8989,0],[9116,0],[8860,0],]]
[8989,7,[[8990,0],[8988,0],[9117,0],[9116,0],[8861,0],]]
[8990,17,[[8989,0],[8991,0],[9118,0],[8862,0],]]
[8991,11,[[8992,0],[8990,0],[9119,0],[9118,0],[8863,0],]]
[8992,13,[[8991,0],[8993,0],[9120,0],[8864,0],]]
[8993,15,[[8994,0],[8992,0],[9121,0],[9120,0],[8865,0],]]
[8994,3,[[8993,0],[8995,0],[9122,0],[8866,0],]]
[8995,2,[[8996,0],[8994,0],[9123,0],[9122,0],[8867,0],]]
[8996,15,[[8995,0],[8997,0],[9124,0],[8868,0],]]
[8997,15,[[8998,0],[8996,0],[9125,0],[9124,0],[8869,0],]]
[8998,12,[[8997,0],[8999,0],[9126,0],[8870,0],]]
[8999,16,[[9000,0],[8998,0],[9127,0],[9126,0],[8871,0],]]
[9000,15,[[8999,0],[9001,0],[9128,0],[8872,0],]]
[9001,19,[[9002,0],[9000,0],[9129,0],[9128,0],[8873,0],]]
[9002,2,[[9001,0],[9003,0],[9130,0],[8874,0],]]
[9003,12,[[9004,0],[9002,0],[9131,0],[9130,0],[8875,0],]]
[9004,1,[[9003,0],[9005,0],[9132,0],[8876,0],]]
[9005,14,[[9006,0],[9004,0],[9133,0],[9132,0],[8877,0],]]
[9006,8,[[9005,0],[9007,0],[9134,0],[8878,0],]]
[9007,16,[[9008,0],[9006,0],[9135,0],[9134,0],[8879,0],]]
[9008,6,[[9007,0],[9009,0],[9136,0],[8880,0],]]
[9009,19,[[9010,0],[9008,0],[9137,0],[9136,0],[8881,0],]]
[9010,17,[[9009,0],[9011,0],[9138,0],[8882,0],]]
