[10977,17,[[10978,0],[10976,0],[10849,0],[11105,0],]]
[10978,14,[[10977,0],[10979,0],[10850,0],[10851,0],[11106,0],]]
[10979,17,[[10980,0],[10978,0],[10851,0],[11107,0],]]
[10980,14,[[10979,0],[10981,0],[10852,0],[10853,0],[11108,0],]]
[10981,2,[[10982,0],[10980,0],[10853,0],[11109,0],]]
[10982,16,[[10981,0],[10983,0],[10854,0],[10855,0],[11110,0],]]
[10983,18,[[10984,0],[10982,0],[10855,0],[11111,0],]]
[10984,11,[[10983,0],[10985,0],[10856,0],[10857,0],[11112,0],]]
[10985,10,[[10986,0],[10984,0],[10857,0],[11113,0],]]
[10986,15,[[10985,0],[10987,0],[10858,0],[10859,0],[11114,0],]]
[10987,9,[[10988,0],[10986,0],[10859,0],[11115,0],]]
[10988,15,[[10987,0],[10989,0],[10860,0],[10861,0],[11116,0],]]
[10989,5,[[10990,0],[10988,0],[10861,0],[11117,0],]]
[10990,12,[[10989,0],[10991,0],[10862,0],[10863,0],[11118,0],]]
[10991,15,[[10992,0],[10990,0],[10863,0],[11119,0],]]
[10992,13,[[10991,0],[10993,0],[10864,0],[10865,0],[11120,0],]]
[10993,18,[[10994,0],[10992,0],[10865,0],[11121,0],]]
[10994,1,[[10993,0],[10995,0],[10866,0],[10867,0],[11122,0],]]
[10995,7,[[10996,0],[10994,0],[10867,0],[11123,0],]]
[10996,17,[[10995,0],[10997,0],[10868,0],[10869,0],[11124,0],]]
[10997,17,[[10998,0],[10996,0],[10869,0],[11125,0],]]
[10998,7,[[10997,0],[10999,0],[10870,0],[10871,0],[11126,0],]]
[10999,2,[[11000,0],[10998,0],[10871,0],[11127,0],]]
[11000,12,[[10999,0],[11001,0],[10872,0],[10873,0],[11128,0],]]
[11001,19,[[11002,0],[11000,0],[10873,0],[11129,0],]]
[11002,19,[[11001,0],[11003,0],[10874,0],[10875,0],[11130,0],]]
[11003,13,[[11004,0],[11002,0],[10875,0],[11131,0],]]
[11004,16,[[11003,0],[11005,0],[10876,0],[10877,0],[11132,0],]]
[11005,10,[[11006,0],[11004,0],[10877,0],[11133,0],]]
[11006,17,[[11005,0],[11007,0],[10878,0],[10879,0],[11134,0],]]
[11007,12,[[11006,0],[10879,0],[11135,0],]]
[11008,9,[[11009,0],[11136,0],[10880,0],]]
[11009,8,[[11010,0],[11008,0],[11137,0],[11136,0],[10881,0],]]
[11010,11,[[11009,0],[11011,0],[11138,0],[10882,0],]]
[11011,9,[[11012,0],[11010,0],[11139,0],[11138,0],[10883,0],]]
[11012,17,[[11011,0],[11013,0],[11140,0],[10884,0],]]
[11013,8,[[11014,0],[11012,0],[11141,0],[11140,0],[10885,0],]]
[11014,16,[[11013,0],[11015,0],[11142,0],[10886,0],]]
[11015,18,[[11016,0],[11014,0],[11143,0],[11142,0],[10887,0],]]
[11016,7,[[11015,0],[11017,0],[11144,0],[10888,0],]]
[11017,1,[[11018,0],[11016,0],[11145,0],[11144,0],[10889,0],]]
[11018,18,[[11017,0],[11019,0],[11146,0],[10890,0],]]
[11019,12,[[11020,0],[11018,0],[11147,0],[11146,0],[10891,0],]]
[11020,13,[[11019,0],[11021,0],[11148,0],[10892,0],]]
[11021,19,[[11022,0],[11020,0],[11149,0],[11148,0],[10893,0],]]
[11022,10,[[11021,0],[11023,0],[11150,0],[10894,0],]]
[11023,12,[[11024,0],[11022,0],[11151,0],[11150,0],[10895,0],]]
[11024,10,[[11023,0],[11025,0],[11152,0],[10896,0],]]
[11025,2,[[11026,0],[11024,0],[11153,0],[11152,0],[10897,0],]]
[11026,7,[[11025,0],[11027,0],[11154,0],[10898,0],]]
[11027,18,[[11028,0],[11026,0],[11155,0],[11154,0],[10899,0],]]
[11028,6,[[11027,0],[11029,0],[11156,0],[10900,0],]]
[11029,10,[[11030,0],[11028,0],[11157,0],[11156,0],[10901,0],]]
[11030,7,[[11029,0],[11031,0],[11158,0],[10902,0],]]
[11031,14,[[11032,0],[11030,0],[11159,0],[11158,0],[10903,0],]]
[11032,16,[[11031,0],[11033,0],[11160,0],[10904,0],]]
[11033,17,[[11034,0],[11032,0],[11161,0],[11160,0],[10905,0],]]
[11034,12,[[11033,0],[11035,0],[11162,0],[10906,0],]]
[11035,2,[[11036,0],[11034,0],[11163,0],[11162,0],[10907,0],]]
[11036,4,[[11035,0],[11037,0],[11164,0],[10908,0],]]
[11037,13,[[11038,0],[11036,0],[11165,0],[11164,0],[10909,0],]]
[11038,11,[[11037,0],[11039,0],[11166,0],[10910,0],]]
[11039,10,[[11040,0],[11038,0],[11167,0],[11166,0],[10911,0],]]
[11040,13,[[11039,0],[11041,0],[11168,0],[10912,0],]]
[11041,2,[[11042,0],[11040,0],[11169,0],[11168,0],[10913,0],]]
[11042,6,[[11041,0],[11043,0],[11170,0],[10914,0],]]
[11043,17,[[11044,0],[11042,0],[11171,0],[11170,0],[10915,0],]]
[11044,16,[[11043,0],[11045,0],[11172,0],[10916,0],]]
[11045,8,[[11046,0],[11044,0],[11173,0],[11172,0],[10917,0],]]
[11046,6,[[11045,0],[11047,0],[11174,0],[10918,0],]]
[11047,9,[[11048,0],[11046,0],[11175,0],[11174,0],[10919,0],]]
[11048,16,[[11047,0],[11049,0],[11176,0],[10920,0],]]
[11049,19,[[11050,0],[11048,0],[11177,0],[11176,0],[10921,0],]]
[11050,18,[[11049,0],[11051,0],[11178,0],[10922,0],]]
[11051,11,[[11052,0],[11050,0],[11179,0],[11178,0],[10923,0],]]
[11052,14,[[11051,0],[11053,0],[11180,0],[10924,0],]]
[11053,11,[[11054,0],[11052,0],[11181,0],[11180,0],[10925,0],]]
[11054,14,[[11053,0],[11055,0],[11182,0],[10926,0],]]
[11055,13,[[11056,0],[11054,0],[11183,0],[11182,0],[10927,0],]]
[11056,5,[[11055,0],[11057,0],[11184,0],[10928,0],]]
[11057,15,[[11058,0],[11056,0],[11185,0],[11184,0],[10929,0],]]
[11058,10,[[11057,0],[11059,0],[11186,0],[10930,0],]]
[11059,11,[[11060,0],[11058,0],[11187,0],[11186,0],[10931,0],]]
[11060,12,[[11059,0],[11061,0],[11188,0],[10932,0],]]
[11061,9,[[11062,0],[11060,0],[11189,0],[11188,0],[10933,0],]]
[11062,6,[[11061,0],[11063,0],[11190,0],[10934,0],]]
[11063,11,[[11064,0],[11062,0],[11191,0],[11190,0],[10935,0],]]
[11064,18,[[11063,0],[11065,0],[11192,0],[10936,0],]]
[11065,1,[[11066,0],[11064,0],[11193,0],[11192,0],[10937,0],]]
[11066,13,[[11065,0],[11067,0],[11194,0],[10938,0],]]
[11067,5,[[11068,0],[11066,0],[11195,0],[11194,0],[10939,0],]]
[11068,5,[[11067,0],[11069,0],[11196,0],[10940,0],]]
[11069,5,[[11070,0],[11068,0],[11197,0],[11196,0],[10941,0],]]
[11070,3,[[11069,0],[11071,0],[11198,0],[10942,0],]]
[11071,7,[[11072,0],[11070,0],[11199,0],[11198,0],[10943,0],]]
[11072,9,[[11071,0],[11073,0],[11200,0],[10944,0],]]
[11073,1,[[11074,0],[11072,0],[11201,0],[11200,0],[10945,0],]]
[11074,11,[[11073,0],[11075,0],[11202,0],[10946,0],]]
[11075,16,[[11076,0],[11074,0],[11203,0],[11202,0],[10947,0],]]
[11076,16,[[11075,0],[11077,0],[11204,0],[10948,0],]]
[11077,8,[[11078,0],[11076,0],[11205,0],[11204,0],[10949,0],]]
[11078,9,[[11077,0],[11079,0],[11206,0],[10950,0],]]
[11079,15,[[11080,0],[11078,0],[11207,0],[11206,0],[10951,0],]]
[11080,10,[[11079,0],[11081,0],[11208,0],[10952,0],]]
[11081,1,[[11082,0],[11080,0],[11209,0],[11208,0],[10953,0],]]
[11082,5,[[11081,0],[11083,0],[11210,0],[10954,0],]]
[11083,1,[[11084,0],[11082,0],[11211,0],[11210,0],[10955,0],]]
[11084,13,[[11083,0],[11085,0],[11212,0],[10956,0],]]
[11085,11,[[11086,0],[11084,0],[11213,0],[11212,0],[10957,0],]]
[11086,4,[[11085,0],[11087,0],[11214,0],[10958,0],]]
[11087,1,[[11088,0],[11086,0],[11215,0],[11214,0],[10959,0],]]
[11088,9,[[11087,0],[11089,0],[11216,0],[10960,0],]]
[11089,5,[[11090,0],[11088,0],[11217,0],[11216,0],[10961,0],]]
[11090,8,[[11089,0],[11091,0],[11218,0],[10962,0],]]
[11091,8,[[11092,0],[11090,0],[11219,0],[11218,0],[10963,0],]]
[11092,17,[[11091,0],[11093,0],[11220,0],[10964,0],]]
[11093,17,[[11094,0],[11092,0],[11221,0],[11220,0],[10965,0],]]
[11094,5,[[11093,0],[11095,0],[11222,0],[10966,0],]]
[11095,7,[[11096,0],[11094,0],[11223,0],[11222,0],[10967,0],]]
[11096,12,[[11095,0],[11097,0],[11224,0],[10968,0],]]
[11097,6,[[11098,0],[11096,0],[11225,0],[11224,0],[10969,0],]]
[11098,17,[[11097,0],[11099,0],[11226,0],[10970,0],]]
[11099,4,[[11100,0],[11098,0],[11227,0],[11226,0],[10971,0],]]
[11100,13,[[11099,0],[11101,0],[11228,0],[10972,0],]]
[11101,2,[[11102,0],[11100,0],[11229,0],[11228,0],[10973,0],]]
[11102,1,[[11101,0],[11103,0],[11230,0],[10974,0],]]
[11103,5,[[11104,0],[11102,0],[11231,0],[11230,0],[10975,0],]]
[11104,19,[[11103,0],[11105,0],[11232,0],[10976,0],]]
[11105,10,[[11106,0],[11104,0],[11233,0],[11232,0],[10977,0],]]
[11106,13,[[11105,0],[11107,0],[11234,0],[10978,0],]]
[11107,15,[[11108,0],[11106,0],[11235,0],[11234,0],[10979,0],]]
[11108,18,[[11107,0],[11109,0],[11236,0],[10980,0],]]
[11109,2,[[11110,0],[11108,0],[11237,0],[11236,0],[10981,0],]]
[11110,2,[[11109,0],[11111,0],[11238,0],[10982,0],]]
[11111,14,[[11112,0],[11110,0],[11239,0],[11238,0],[10983,0],]]
[11112,7,[[11111,0],[11113,0],[11240,0],[10984,0],]]
[11113,11,[[11114,0],[11112,0],[11241,0],[11240,0],[10985,0],]]
[11114,16,[[11113,0],[11115,0],[11242,0],[10986,0],]]
[11115,8,[[11116,0],[11114,0],[11243,0],[11242,0],[10987,0],]]
[11116,18,[[11115,0],[11117,0],[11244,0],[10988,0],]]
[11117,16,[[11118,0],[11116,0],[11245,0],[11244,0],[10989,0],]]
[11118,17,[[11117,0],[11119,0],[11246,0],[10990,0],]]
[11119,2,[[11120,0],[11118,0],[11247,0],[11246,0],[10991,0],]]
[11120,13,[[11119,0],[11121,0],[11248,0],[10992,0],]]
[11121,5,[[11122,0],[11120,0],[11249,0],[11248,0],[10993,0],]]
[11122,18,[[11121,0],[11123,0],[11250,0],[10994,0],]]
[11123,1,[[11124,0],[11122,0],[11251,0],[11250,0],[10995,0],]]
[11124,2,[[11123,0],[11125,0],[11252,0],[10996,0],]]
[11125,13,[[11126,0],[11124,0],[11253,0],[11252,0],[10997,0],]]
[11126,15,[[11125,0],[11127,0],[11254,0],[10998,0],]]
[11127,16,[[11128,0],[11126,0],[11255,0],[11254,0],[10999,0],]]
[11128,14,[[11127,0],[11129,0],[11256,0],[11000,0],]]
[11129,2,[[11130,0],[11128,0],[11257,0],[11256,0],[11001,0],]]
[11130,1,[[11129,0],[11131,0],[11258,0],[11002,0],]]
[11131,15,[[11132,0],[11130,0],[11259,0],[11258,0],[11003,0],]]
[11132,8,[[11131,0],[11133,0],[11260,0],[11004,0],]]
[11133,1,[[11134,0],[11132,0],[11261,0],[11260,0],[11005,0],]]
[11134,5,[[11133,0],[11135,0],[11262,0],[11006,0],]]
[11135,11,[[11134,0],[11263,0],[11262,0],[11007,0],]]
[11136,10,[[11137,0],[11008,0],[11009,0],[11264,0],]]
[11137,6,[[11138,0],[11136,0],[11009,0],[11265,0],]]
[11138,18,[[11137,0],[11139,0],[11010,0],[11011,0],[11266,0],]]
[11139,15,[[11140,0],[11138,0],[11011,0],[11267,0],]]
[11140,9,[[11139,0],[11141,0],[11012,0],[11013,0],[11268,0],]]
