[10158,5,[[10157,0],[10159,0],[10030,0],[10031,0],[10286,0],]]
[10159,2,[[10160,0],[10158,0],[10031,0],[10287,0],]]
[10160,10,[[10159,0],[10161,0],[10032,0],[10033,0],[10288,0],]]
[10161,14,[[10162,0],[10160,0],[10033,0],[10289,0],]]
[10162,2,[[10161,0],[10163,0],[10034,0],[10035,0],[10290,0],]]
[10163,7,[[10164,0],[10162,0],[10035,0],[10291,0],]]
[10164,5,[[10163,0],[10165,0],[10036,0],[10037,0],[10292,0],]]
[10165,12,[[10166,0],[10164,0],[10037,0],[10293,0],]]
[10166,14,[[10165,0],[10167,0],[10038,0],[10039,0],[10294,0],]]
[10167,6,[[10168,0],[10166,0],[10039,0],[10295,0],]]
[10168,16,[[10167,0],[10169,0],[10040,0],[10041,0],[10296,0],]]
[10169,11,[[10170,0],[10168,0],[10041,0],[10297,0],]]
[10170,5,[[10169,0],[10171,0],[10042,0],[10043,0],[10298,0],]]
[10171,2,[[10172,0],[10170,0],[10043,0],[10299,0],]]
[10172,12,[[10171,0],[10173,0],[10044,0],[10045,0],[10300,0],]]
[10173,16,[[10174,0],[10172,0],[10045,0],[10301,0],]]
[10174,1,[[10173,0],[10175,0],[10046,0],[10047,0],[10302,0],]]
[10175,7,[[10176,0],[10174,0],[10047,0],[10303,0],]]
[10176,3,[[10175,0],[10177,0],[10048,0],[10049,0],[10304,0],]]
[10177,19,[[10178,0],[10176,0],[10049,0],[10305,0],]]
[10178,15,[[10177,0],[10179,0],[10050,0],[10051,0],[10306,0],]]
[10179,13,[[10180,0],[10178,0],[10051,0],[10307,0],]]
[10180,11,[[10179,0],[10181,0],[10052,0],[10053,0],[10308,0],]]
[10181,13,[[10182,0],[10180,0],[10053,0],[10309,0],]]
[10182,4,[[10181,0],[10183,0],[10054,0],[10055,0],[10310,0],]]
[10183,3,[[10184,0],[10182,0],[10055,0],[10311,0],]]
[10184,7,[[10183,0],[10185,0],[10056,0],[10057,0],[10312,0],]]
[10185,3,[[10186,0],[10184,0],[10057,0],[10313,0],]]
[10186,4,[[10185,0],[10187,0],[10058,0],[10059,0],[10314,0],]]
[10187,17,[[10188,0],[10186,0],[10059,0],[10315,0],]]
[10188,1,[[10187,0],[10189,0],[10060,0],[10061,0],[10316,0],]]
[10189,5,[[10190,0],[10188,0],[10061,0],[10317,0],]]
[10190,6,[[10189,0],[10191,0],[10062,0],[10063,0],[10318,0],]]
[10191,8,[[10192,0],[10190,0],[10063,0],[10319,0],]]
[10192,16,[[10191,0],[10193,0],[10064,0],[10065,0],[10320,0],]]
[10193,6,[[10194,0],[10192,0],[10065,0],[10321,0],]]
[10194,18,[[10193,0],[10195,0],[10066,0],[10067,0],[10322,0],]]
[10195,8,[[10196,0],[10194,0],[10067,0],[10323,0],]]
[10196,3,[[10195,0],[10197,0],[10068,0],[10069,0],[10324,0],]]
[10197,16,[[10198,0],[10196,0],[10069,0],[10325,0],]]
[10198,6,[[10197,0],[10199,0],[10070,0],[10071,0],[10326,0],]]
[10199,13,[[10200,0],[10198,0],[10071,0],[10327,0],]]
[10200,4,[[10199,0],[10201,0],[10072,0],[10073,0],[10328,0],]]
[10201,11,[[10202,0],[10200,0],[10073,0],[10329,0],]]
[10202,17,[[10201,0],[10203,0],[10074,0],[10075,0],[10330,0],]]
[10203,15,[[10204,0],[10202,0],[10075,0],[10331,0],]]
[10204,4,[[10203,0],[10205,0],[10076,0],[10077,0],[10332,0],]]
[10205,16,[[10206,0],[10204,0],[10077,0],[10333,0],]]
[10206,19,[[10205,0],[10207,0],[10078,0],[10079,0],[10334,0],]]
[10207,14,[[10208,0],[10206,0],[10079,0],[10335,0],]]
[10208,14,[[10207,0],[10209,0],[10080,0],[10081,0],[10336,0],]]
[10209,9,[[10210,0],[10208,0],[10081,0],[10337,0],]]
[10210,7,[[10209,0],[10211,0],[10082,0],[10083,0],[10338,0],]]
[10211,3,[[10212,0],[10210,0],[10083,0],[10339,0],]]
[10212,11,[[10211,0],[10213,0],[10084,0],[10085,0],[10340,0],]]
[10213,7,[[10214,0],[10212,0],[10085,0],[10341,0],]]
[10214,2,[[10213,0],[10215,0],[10086,0],[10087,0],[10342,0],]]
[10215,14,[[10216,0],[10214,0],[10087,0],[10343,0],]]
[10216,19,[[10215,0],[10217,0],[10088,0],[10089,0],[10344,0],]]
[10217,2,[[10218,0],[10216,0],[10089,0],[10345,0],]]
[10218,13,[[10217,0],[10219,0],[10090,0],[10091,0],[10346,0],]]
[10219,13,[[10220,0],[10218,0],[10091,0],[10347,0],]]
[10220,19,[[10219,0],[10221,0],[10092,0],[10093,0],[10348,0],]]
[10221,5,[[10222,0],[10220,0],[10093,0],[10349,0],]]
[10222,18,[[10221,0],[10223,0],[10094,0],[10095,0],[10350,0],]]
[10223,18,[[10224,0],[10222,0],[10095,0],[10351,0],]]
[10224,16,[[10223,0],[10225,0],[10096,0],[10097,0],[10352,0],]]
[10225,10,[[10226,0],[10224,0],[10097,0],[10353,0],]]
[10226,3,[[10225,0],[10227,0],[10098,0],[10099,0],[10354,0],]]
[10227,1,[[10228,0],[10226,0],[10099,0],[10355,0],]]
[10228,15,[[10227,0],[10229,0],[10100,0],[10101,0],[10356,0],]]
[10229,19,[[10230,0],[10228,0],[10101,0],[10357,0],]]
[10230,6,[[10229,0],[10231,0],[10102,0],[10103,0],[10358,0],]]
[10231,16,[[10232,0],[10230,0],[10103,0],[10359,0],]]
[10232,3,[[10231,0],[10233,0],[10104,0],[10105,0],[10360,0],]]
[10233,5,[[10234,0],[10232,0],[10105,0],[10361,0],]]
[10234,13,[[10233,0],[10235,0],[10106,0],[10107,0],[10362,0],]]
[10235,12,[[10236,0],[10234,0],[10107,0],[10363,0],]]
[10236,2,[[10235,0],[10237,0],[10108,0],[10109,0],[10364,0],]]
[10237,17,[[10238,0],[10236,0],[10109,0],[10365,0],]]
[10238,12,[[10237,0],[10239,0],[10110,0],[10111,0],[10366,0],]]
[10239,12,[[10238,0],[10111,0],[10367,0],]]
[10240,1,[[10241,0],[10368,0],[10112,0],]]
[10241,8,[[10242,0],[10240,0],[10369,0],[10368,0],[10113,0],]]
[10242,1,[[10241,0],[10243,0],[10370,0],[10114,0],]]
[10243,7,[[10244,0],[10242,0],[10371,0],[10370,0],[10115,0],]]
[10244,16,[[10243,0],[10245,0],[10372,0],[10116,0],]]
[10245,6,[[10246,0],[10244,0],[10373,0],[10372,0],[10117,0],]]
[10246,5,[[10245,0],[10247,0],[10374,0],[10118,0],]]
[10247,11,[[10248,0],[10246,0],[10375,0],[10374,0],[10119,0],]]
[10248,12,[[10247,0],[10249,0],[10376,0],[10120,0],]]
[10249,1,[[10250,0],[10248,0],[10377,0],[10376,0],[10121,0],]]
[10250,16,[[10249,0],[10251,0],[10378,0],[10122,0],]]
[10251,11,[[10252,0],[10250,0],[10379,0],[10378,0],[10123,0],]]
[10252,18,[[10251,0],[10253,0],[10380,0],[10124,0],]]
[10253,19,[[10254,0],[10252,0],[10381,0],[10380,0],[10125,0],]]
[10254,18,[[10253,0],[10255,0],[10382,0],[10126,0],]]
[10255,8,[[10256,0],[10254,0],[10383,0],[10382,0],[10127,0],]]
[10256,13,[[10255,0],[10257,0],[10384,0],[10128,0],]]
[10257,18,[[10258,0],[10256,0],[10385,0],[10384,0],[10129,0],]]
[10258,14,[[10257,0],[10259,0],[10386,0],[10130,0],]]
[10259,5,[[10260,0],[10258,0],[10387,0],[10386,0],[10131,0],]]
[10260,3,[[10259,0],[10261,0],[10388,0],[10132,0],]]
[10261,19,[[10262,0],[10260,0],[10389,0],[10388,0],[10133,0],]]
[10262,7,[[10261,0],[10263,0],[10390,0],[10134,0],]]
[10263,19,[[10264,0],[10262,0],[10391,0],[10390,0],[10135,0],]]
[10264,7,[[10263,0],[10265,0],[10392,0],[10136,0],]]
[10265,13,[[10266,0],[10264,0],[10393,0],[10392,0],[10137,0],]]
[10266,2,[[10265,0],[10267,0],[10394,0],[10138,0],]]
[10267,13,[[10268,0],[10266,0],[10395,0],[10394,0],[10139,0],]]
[10268,14,[[10267,0],[10269,0],[10396,0],[10140,0],]]
[10269,4,[[10270,0],[10268,0],[10397,0],[10396,0],[10141,0],]]
[10270,8,[[10269,0],[10271,0],[10398,0],[10142,0],]]
[10271,7,[[10272,0],[10270,0],[10399,0],[10398,0],[10143,0],]]
[10272,14,[[10271,0],[10273,0],[10400,0],[10144,0],]]
[10273,13,[[10274,0],[10272,0],[10401,0],[10400,0],[10145,0],]]
[10274,11,[[10273,0],[10275,0],[10402,0],[10146,0],]]
[10275,9,[[10276,0],[10274,0],[10403,0],[10402,0],[10147,0],]]
[10276,6,[[10275,0],[10277,0],[10404,0],[10148,0],]]
[10277,13,[[10278,0],[10276,0],[10405,0],[10404,0],[10149,0],]]
[10278,19,[[10277,0],[10279,0],[10406,0],[10150,0],]]
[10279,9,[[10280,0],[10278,0],[10407,0],[10406,0],[10151,0],]]
[10280,10,[[10279,0],[10281,0],[10408,0],[10152,0],]]
[10281,1,[[10282,0],[10280,0],[10409,0],[10408,0],[10153,0],]]
[10282,7,[[10281,0],[10283,0],[10410,0],[10154,0],]]
[10283,16,[[10284,0],[10282,0],[10411,0],[10410,0],[10155,0],]]
[10284,4,[[10283,0],[10285,0],[10412,0],[10156,0],]]
[10285,16,[[10286,0],[10284,0],[10413,0],[10412,0],[10157,0],]]
[10286,9,[[10285,0],[10287,0],[10414,0],[10158,0],]]
[10287,7,[[10288,0],[10286,0],[10415,0],[10414,0],[10159,0],]]
[10288,19,[[10287,0],[10289,0],[10416,0],[10160,0],]]
[10289,8,[[10290,0],[10288,0],[10417,0],[10416,0],[10161,0],]]
[10290,12,[[10289,0],[10291,0],[10418,0],[10162,0],]]
[10291,3,[[10292,0],[10290,0],[10419,0],[10418,0],[10163,0],]]
[10292,11,[[10291,0],[10293,0],[10420,0],[10164,0],]]
[10293,16,[[10294,0],[10292,0],[10421,0],[10420,0],[10165,0],]]
[10294,8,[[10293,0],[10295,0],[10422,0],[10166,0],]]
[10295,1,[[10296,0],[10294,0],[10423,0],[10422,0],[10167,0],]]
[10296,8,[[10295,0],[10297,0],[10424,0],[10168,0],]]
[10297,10,[[10298,0],[10296,0],[10425,0],[10424,0],[10169,0],]]
[10298,15,[[10297,0],[10299,0],[10426,0],[10170,0],]]
[10299,12,[[10300,0],[10298,0],[10427,0],[10426,0],[10171,0],]]
[10300,16,[[10299,0],[10301,0],[10428,0],[10172,0],]]
[10301,19,[[10302,0],[10300,0],[10429,0],[10428,0],[10173,0],]]
[10302,6,[[10301,0],[10303,0],[10430,0],[10174,0],]]
[10303,14,[[10304,0],[10302,0],[10431,0],[10430,0],[10175,0],]]
[10304,14,[[10303,0],[10305,0],[10432,0],[10176,0],]]
[10305,16,[[10306,0],[10304,0],[10433,0],[10432,0],[10177,0],]]
[10306,11,[[10305,0],[10307,0],[10434,0],[10178,0],]]
[10307,9,[[10308,0],[10306,0],[10435,0],[10434,0],[10179,0],]]
[10308,15,[[10307,0],[10309,0],[10436,0],[10180,0],]]
[10309,13,[[10310,0],[10308,0],[10437,0],[10436,0],[10181,0],]]
[10310,1,[[10309,0],[10311,0],[10438,0],[10182,0],]]
[10311,17,[[10312,0],[10310,0],[10439,0],[10438,0],[10183,0],]]
[10312,1,[[10311,0],[10313,0],[10440,0],[10184,0],]]
[10313,6,[[10314,0],[10312,0],[10441,0],[10440,0],[10185,0],]]
[10314,4,[[10313,0],[10315,0],[10442,0],[10186,0],]]
[10315,17,[[10316,0],[10314,0],[10443,0],[10442,0],[10187,0],]]
[10316,16,[[10315,0],[10317,0],[10444,0],[10188,0],]]
[10317,17,[[10318,0],[10316,0],[10445,0],[10444,0],[10189,0],]]
[10318,7,[[10317,0],[10319,0],[10446,0],[10190,0],]]
[10319,10,[[10320,0],[10318,0],[10447,0],[10446,0],[10191,0],]]
[10320,12,[[10319,0],[10321,0],[10448,0],[10192,0],]]
