[9994,10,[[9993,0],[9995,0],[10122,0],[9866,0],]]
[9995,4,[[9996,0],[9994,0],[10123,0],[10122,0],[9867,0],]]
[9996,18,[[9995,0],[9997,0],[10124,0],[9868,0],]]
[9997,2,[[9998,0],[9996,0],[10125,0],[10124,0],[9869,0],]]
[9998,10,[[9997,0],[9999,0],[10126,0],[9870,0],]]
[9999,8,[[10000,0],[9998,0],[10127,0],[10126,0],[9871,0],]]
[10000,1,[[9999,0],[10001,0],[10128,0],[9872,0],]]
[10001,16,[[10002,0],[10000,0],[10129,0],[10128,0],[9873,0],]]
[10002,8,[[10001,0],[10003,0],[10130,0],[9874,0],]]
[10003,17,[[10004,0],[10002,0],[10131,0],[10130,0],[9875,0],]]
[10004,11,[[10003,0],[10005,0],[10132,0],[9876,0],]]
[10005,3,[[10006,0],[10004,0],[10133,0],[10132,0],[9877,0],]]
[10006,17,[[10005,0],[10007,0],[10134,0],[9878,0],]]
[10007,14,[[10008,0],[10006,0],[10135,0],[10134,0],[9879,0],]]
[10008,4,[[10007,0],[10009,0],[10136,0],[9880,0],]]
[10009,4,[[10010,0],[10008,0],[10137,0],[10136,0],[9881,0],]]
[10010,14,[[10009,0],[10011,0],[10138,0],[9882,0],]]
[10011,12,[[10012,0],[10010,0],[10139,0],[10138,0],[9883,0],]]
[10012,2,[[10011,0],[10013,0],[10140,0],[9884,0],]]
[10013,13,[[10014,0],[10012,0],[10141,0],[10140,0],[9885,0],]]
[10014,14,[[10013,0],[10015,0],[10142,0],[9886,0],]]
[10015,17,[[10016,0],[10014,0],[10143,0],[10142,0],[9887,0],]]
[10016,5,[[10015,0],[10017,0],[10144,0],[9888,0],]]
[10017,1,[[10018,0],[10016,0],[10145,0],[10144,0],[9889,0],]]
[10018,7,[[10017,0],[10019,0],[10146,0],[9890,0],]]
[10019,7,[[10020,0],[10018,0],[10147,0],[10146,0],[9891,0],]]
[10020,4,[[10019,0],[10021,0],[10148,0],[9892,0],]]
[10021,18,[[10022,0],[10020,0],[10149,0],[10148,0],[9893,0],]]
[10022,1,[[10021,0],[10023,0],[10150,0],[9894,0],]]
[10023,11,[[10024,0],[10022,0],[10151,0],[10150,0],[9895,0],]]
[10024,11,[[10023,0],[10025,0],[10152,0],[9896,0],]]
[10025,8,[[10026,0],[10024,0],[10153,0],[10152,0],[9897,0],]]
[10026,13,[[10025,0],[10027,0],[10154,0],[9898,0],]]
[10027,12,[[10028,0],[10026,0],[10155,0],[10154,0],[9899,0],]]
[10028,7,[[10027,0],[10029,0],[10156,0],[9900,0],]]
[10029,10,[[10030,0],[10028,0],[10157,0],[10156,0],[9901,0],]]
[10030,1,[[10029,0],[10031,0],[10158,0],[9902,0],]]
[10031,3,[[10032,0],[10030,0],[10159,0],[10158,0],[9903,0],]]
[10032,15,[[10031,0],[10033,0],[10160,0],[9904,0],]]
[10033,19,[[10034,0],[10032,0],[10161,0],[10160,0],[9905,0],]]
[10034,18,[[10033,0],[10035,0],[10162,0],[9906,0],]]
[10035,10,[[10036,0],[10034,0],[10163,0],[10162,0],[9907,0],]]
[10036,1,[[10035,0],[10037,0],[10164,0],[9908,0],]]
[10037,1,[[10038,0],[10036,0],[10165,0],[10164,0],[9909,0],]]
[10038,17,[[10037,0],[10039,0],[10166,0],[9910,0],]]
[10039,11,[[10040,0],[10038,0],[10167,0],[10166,0],[9911,0],]]
[10040,9,[[10039,0],[10041,0],[10168,0],[9912,0],]]
[10041,13,[[10042,0],[10040,0],[10169,0],[10168,0],[9913,0],]]
[10042,5,[[10041,0],[10043,0],[10170,0],[9914,0],]]
[10043,2,[[10044,0],[10042,0],[10171,0],[10170,0],[9915,0],]]
[10044,12,[[10043,0],[10045,0],[10172,0],[9916,0],]]
[10045,15,[[10046,0],[10044,0],[10173,0],[10172,0],[9917,0],]]
[10046,8,[[10045,0],[10047,0],[10174,0],[9918,0],]]
[10047,16,[[10048,0],[10046,0],[10175,0],[10174,0],[9919,0],]]
[10048,6,[[10047,0],[10049,0],[10176,0],[9920,0],]]
[10049,4,[[10050,0],[10048,0],[10177,0],[10176,0],[9921,0],]]
[10050,14,[[10049,0],[10051,0],[10178,0],[9922,0],]]
[10051,18,[[10052,0],[10050,0],[10179,0],[10178,0],[9923,0],]]
[10052,3,[[10051,0],[10053,0],[10180,0],[9924,0],]]
[10053,13,[[10054,0],[10052,0],[10181,0],[10180,0],[9925,0],]]
[10054,10,[[10053,0],[10055,0],[10182,0],[9926,0],]]
[10055,14,[[10056,0],[10054,0],[10183,0],[10182,0],[9927,0],]]
[10056,5,[[10055,0],[10057,0],[10184,0],[9928,0],]]
[10057,4,[[10058,0],[10056,0],[10185,0],[10184,0],[9929,0],]]
[10058,1,[[10057,0],[10059,0],[10186,0],[9930,0],]]
[10059,7,[[10060,0],[10058,0],[10187,0],[10186,0],[9931,0],]]
[10060,12,[[10059,0],[10061,0],[10188,0],[9932,0],]]
[10061,17,[[10062,0],[10060,0],[10189,0],[10188,0],[9933,0],]]
[10062,14,[[10061,0],[10063,0],[10190,0],[9934,0],]]
[10063,10,[[10064,0],[10062,0],[10191,0],[10190,0],[9935,0],]]
[10064,15,[[10063,0],[10065,0],[10192,0],[9936,0],]]
[10065,17,[[10066,0],[10064,0],[10193,0],[10192,0],[9937,0],]]
[10066,2,[[10065,0],[10067,0],[10194,0],[9938,0],]]
[10067,13,[[10068,0],[10066,0],[10195,0],[10194,0],[9939,0],]]
[10068,1,[[10067,0],[10069,0],[10196,0],[9940,0],]]
[10069,4,[[10070,0],[10068,0],[10197,0],[10196,0],[9941,0],]]
[10070,10,[[10069,0],[10071,0],[10198,0],[9942,0],]]
[10071,15,[[10072,0],[10070,0],[10199,0],[10198,0],[9943,0],]]
[10072,14,[[10071,0],[10073,0],[10200,0],[9944,0],]]
[10073,8,[[10074,0],[10072,0],[10201,0],[10200,0],[9945,0],]]
[10074,13,[[10073,0],[10075,0],[10202,0],[9946,0],]]
[10075,17,[[10076,0],[10074,0],[10203,0],[10202,0],[9947,0],]]
[10076,6,[[10075,0],[10077,0],[10204,0],[9948,0],]]
[10077,18,[[10078,0],[10076,0],[10205,0],[10204,0],[9949,0],]]
[10078,15,[[10077,0],[10079,0],[10206,0],[9950,0],]]
[10079,5,[[10080,0],[10078,0],[10207,0],[10206,0],[9951,0],]]
[10080,19,[[10079,0],[10081,0],[10208,0],[9952,0],]]
[10081,18,[[10082,0],[10080,0],[10209,0],[10208,0],[9953,0],]]
[10082,18,[[10081,0],[10083,0],[10210,0],[9954,0],]]
[10083,10,[[10084,0],[10082,0],[10211,0],[10210,0],[9955,0],]]
[10084,17,[[10083,0],[10085,0],[10212,0],[9956,0],]]
[10085,12,[[10086,0],[10084,0],[10213,0],[10212,0],[9957,0],]]
[10086,15,[[10085,0],[10087,0],[10214,0],[9958,0],]]
[10087,13,[[10088,0],[10086,0],[10215,0],[10214,0],[9959,0],]]
[10088,14,[[10087,0],[10089,0],[10216,0],[9960,0],]]
[10089,12,[[10090,0],[10088,0],[10217,0],[10216,0],[9961,0],]]
[10090,10,[[10089,0],[10091,0],[10218,0],[9962,0],]]
[10091,15,[[10092,0],[10090,0],[10219,0],[10218,0],[9963,0],]]
[10092,8,[[10091,0],[10093,0],[10220,0],[9964,0],]]
[10093,17,[[10094,0],[10092,0],[10221,0],[10220,0],[9965,0],]]
[10094,19,[[10093,0],[10095,0],[10222,0],[9966,0],]]
[10095,4,[[10096,0],[10094,0],[10223,0],[10222,0],[9967,0],]]
[10096,1,[[10095,0],[10097,0],[10224,0],[9968,0],]]
[10097,7,[[10098,0],[10096,0],[10225,0],[10224,0],[9969,0],]]
[10098,13,[[10097,0],[10099,0],[10226,0],[9970,0],]]
[10099,18,[[10100,0],[10098,0],[10227,0],[10226,0],[9971,0],]]
[10100,15,[[10099,0],[10101,0],[10228,0],[9972,0],]]
[10101,13,[[10102,0],[10100,0],[10229,0],[10228,0],[9973,0],]]
[10102,2,[[10101,0],[10103,0],[10230,0],[9974,0],]]
[10103,7,[[10104,0],[10102,0],[10231,0],[10230,0],[9975,0],]]
[10104,12,[[10103,0],[10105,0],[10232,0],[9976,0],]]
[10105,15,[[10106,0],[10104,0],[10233,0],[10232,0],[9977,0],]]
[10106,14,[[10105,0],[10107,0],[10234,0],[9978,0],]]
[10107,14,[[10108,0],[10106,0],[10235,0],[10234,0],[9979,0],]]
[10108,14,[[10107,0],[10109,0],[10236,0],[9980,0],]]
[10109,3,[[10110,0],[10108,0],[10237,0],[10236,0],[9981,0],]]
[10110,5,[[10109,0],[10111,0],[10238,0],[9982,0],]]
[10111,10,[[10110,0],[10239,0],[10238,0],[9983,0],]]
[10112,10,[[10113,0],[9984,0],[9985,0],[10240,0],]]
[10113,3,[[10114,0],[10112,0],[9985,0],[10241,0],]]
[10114,11,[[10113,0],[10115,0],[9986,0],[9987,0],[10242,0],]]
[10115,2,[[10116,0],[10114,0],[9987,0],[10243,0],]]
[10116,12,[[10115,0],[10117,0],[9988,0],[9989,0],[10244,0],]]
[10117,16,[[10118,0],[10116,0],[9989,0],[10245,0],]]
[10118,3,[[10117,0],[10119,0],[9990,0],[9991,0],[10246,0],]]
[10119,15,[[10120,0],[10118,0],[9991,0],[10247,0],]]
[10120,4,[[10119,0],[10121,0],[9992,0],[9993,0],[10248,0],]]
[10121,11,[[10122,0],[10120,0],[9993,0],[10249,0],]]
[10122,17,[[10121,0],[10123,0],[9994,0],[9995,0],[10250,0],]]
[10123,1,[[10124,0],[10122,0],[9995,0],[10251,0],]]
[10124,15,[[10123,0],[10125,0],[9996,0],[9997,0],[10252,0],]]
[10125,11,[[10126,0],[10124,0],[9997,0],[10253,0],]]
[10126,3,[[10125,0],[10127,0],[9998,0],[9999,0],[10254,0],]]
[10127,6,[[10128,0],[10126,0],[9999,0],[10255,0],]]
[10128,8,[[10127,0],[10129,0],[10000,0],[10001,0],[10256,0],]]
[10129,18,[[10130,0],[10128,0],[10001,0],[10257,0],]]
[10130,9,[[10129,0],[10131,0],[10002,0],[10003,0],[10258,0],]]
[10131,11,[[10132,0],[10130,0],[10003,0],[10259,0],]]
[10132,11,[[10131,0],[10133,0],[10004,0],[10005,0],[10260,0],]]
[10133,2,[[10134,0],[10132,0],[10005,0],[10261,0],]]
[10134,14,[[10133,0],[10135,0],[10006,0],[10007,0],[10262,0],]]
[10135,10,[[10136,0],[10134,0],[10007,0],[10263,0],]]
[10136,5,[[10135,0],[10137,0],[10008,0],[10009,0],[10264,0],]]
[10137,6,[[10138,0],[10136,0],[10009,0],[10265,0],]]
[10138,5,[[10137,0],[10139,0],[10010,0],[10011,0],[10266,0],]]
[10139,6,[[10140,0],[10138,0],[10011,0],[10267,0],]]
[10140,4,[[10139,0],[10141,0],[10012,0],[10013,0],[10268,0],]]
[10141,10,[[10142,0],[10140,0],[10013,0],[10269,0],]]
[10142,8,[[10141,0],[10143,0],[10014,0],[10015,0],[10270,0],]]
[10143,4,[[10144,0],[10142,0],[10015,0],[10271,0],]]
[10144,15,[[10143,0],[10145,0],[10016,0],[10017,0],[10272,0],]]
[10145,5,[[10146,0],[10144,0],[10017,0],[10273,0],]]
[10146,6,[[10145,0],[10147,0],[10018,0],[10019,0],[10274,0],]]
[10147,12,[[10148,0],[10146,0],[10019,0],[10275,0],]]
[10148,18,[[10147,0],[10149,0],[10020,0],[10021,0],[10276,0],]]
[10149,1,[[10150,0],[10148,0],[10021,0],[10277,0],]]
[10150,2,[[10149,0],[10151,0],[10022,0],[10023,0],[10278,0],]]
[10151,9,[[10152,0],[10150,0],[10023,0],[10279,0],]]
[10152,16,[[10151,0],[10153,0],[10024,0],[10025,0],[10280,0],]]
[10153,3,[[10154,0],[10152,0],[10025,0],[10281,0],]]
[10154,18,[[10153,0],[10155,0],[10026,0],[10027,0],[10282,0],]]
[10155,6,[[10156,0],[10154,0],[10027,0],[10283,0],]]
[10156,4,[[10155,0],[10157,0],[10028,0],[10029,0],[10284,0],]]
[10157,2,[[10158,0],[10156,0],[10029,0],[10285,0],]]
