[10321,1,[[10322,0],[10320,0],[10449,0],[10448,0],[10193,0],]]
[10322,9,[[10321,0],[10323,0],[10450,0],[10194,0],]]
[10323,3,[[10324,0],[10322,0],[10451,0],[10450,0],[10195,0],]]
[10324,1,[[10323,0],[10325,0],[10452,0],[10196,0],]]
[10325,11,[[10326,0],[10324,0],[10453,0],[10452,0],[10197,0],]]
[10326,9,[[10325,0],[10327,0],[10454,0],[10198,0],]]
[10327,10,[[10328,0],[10326,0],[10455,0],[10454,0],[10199,0],]]
[10328,13,[[10327,0],[10329,0],[10456,0],[10200,0],]]
[10329,12,[[10330,0],[10328,0],[10457,0],[10456,0],[10201,0],]]
[10330,1,[[10329,0],[10331,0],[10458,0],[10202,0],]]
[10331,10,[[10332,0],[10330,0],[10459,0],[10458,0],[10203,0],]]
[10332,7,[[10331,0],[10333,0],[10460,0],[10204,0],]]
[10333,17,[[10334,0],[10332,0],[10461,0],[10460,0],[10205,0],]]
[10334,14,[[10333,0],[10335,0],[10462,0],[10206,0],]]
[10335,19,[[10336,0],[10334,0],[10463,0],[10462,0],[10207,0],]]
[10336,10,[[10335,0],[10337,0],[10464,0],[10208,0],]]
[10337,2,[[10338,0],[10336,0],[10465,0],[10464,0],[10209,0],]]
[10338,14,[[10337,0],[10339,0],[10466,0],[10210,0],]]
[10339,16,[[10340,0],[10338,0],[10467,0],[10466,0],[10211,0],]]
[10340,15,[[10339,0],[10341,0],[10468,0],[10212,0],]]
[10341,2,[[10342,0],[10340,0],[10469,0],[10468,0],[10213,0],]]
[10342,6,[[10341,0],[10343,0],[10470,0],[10214,0],]]
[10343,3,[[10344,0],[10342,0],[10471,0],[10470,0],[10215,0],]]
[10344,18,[[10343,0],[10345,0],[10472,0],[10216,0],]]
[10345,5,[[10346,0],[10344,0],[10473,0],[10472,0],[10217,0],]]
[10346,5,[[10345,0],[10347,0],[10474,0],[10218,0],]]
[10347,16,[[10348,0],[10346,0],[10475,0],[10474,0],[10219,0],]]
[10348,10,[[10347,0],[10349,0],[10476,0],[10220,0],]]
[10349,15,[[10350,0],[10348,0],[10477,0],[10476,0],[10221,0],]]
[10350,19,[[10349,0],[10351,0],[10478,0],[10222,0],]]
[10351,11,[[10352,0],[10350,0],[10479,0],[10478,0],[10223,0],]]
[10352,15,[[10351,0],[10353,0],[10480,0],[10224,0],]]
[10353,8,[[10354,0],[10352,0],[10481,0],[10480,0],[10225,0],]]
[10354,8,[[10353,0],[10355,0],[10482,0],[10226,0],]]
[10355,12,[[10356,0],[10354,0],[10483,0],[10482,0],[10227,0],]]
[10356,4,[[10355,0],[10357,0],[10484,0],[10228,0],]]
[10357,11,[[10358,0],[10356,0],[10485,0],[10484,0],[10229,0],]]
[10358,7,[[10357,0],[10359,0],[10486,0],[10230,0],]]
[10359,9,[[10360,0],[10358,0],[10487,0],[10486,0],[10231,0],]]
[10360,16,[[10359,0],[10361,0],[10488,0],[10232,0],]]
[10361,17,[[10362,0],[10360,0],[10489,0],[10488,0],[10233,0],]]
[10362,2,[[10361,0],[10363,0],[10490,0],[10234,0],]]
[10363,18,[[10364,0],[10362,0],[10491,0],[10490,0],[10235,0],]]
[10364,9,[[10363,0],[10365,0],[10492,0],[10236,0],]]
[10365,17,[[10366,0],[10364,0],[10493,0],[10492,0],[10237,0],]]
[10366,6,[[10365,0],[10367,0],[10494,0],[10238,0],]]
[10367,12,[[10366,0],[10495,0],[10494,0],[10239,0],]]
[10368,7,[[10369,0],[10240,0],[10241,0],[10496,0],]]
[10369,4,[[10370,0],[10368,0],[10241,0],[10497,0],]]
[10370,9,[[10369,0],[10371,0],[10242,0],[10243,0],[10498,0],]]
[10371,8,[[10372,0],[10370,0],[10243,0],[10499,0],]]
[10372,9,[[10371,0],[10373,0],[10244,0],[10245,0],[10500,0],]]
[10373,3,[[10374,0],[10372,0],[10245,0],[10501,0],]]
[10374,15,[[10373,0],[10375,0],[10246,0],[10247,0],[10502,0],]]
[10375,10,[[10376,0],[10374,0],[10247,0],[10503,0],]]
[10376,18,[[10375,0],[10377,0],[10248,0],[10249,0],[10504,0],]]
[10377,7,[[10378,0],[10376,0],[10249,0],[10505,0],]]
[10378,14,[[10377,0],[10379,0],[10250,0],[10251,0],[10506,0],]]
[10379,11,[[10380,0],[10378,0],[10251,0],[10507,0],]]
[10380,16,[[10379,0],[10381,0],[10252,0],[10253,0],[10508,0],]]
[10381,9,[[10382,0],[10380,0],[10253,0],[10509,0],]]
[10382,10,[[10381,0],[10383,0],[10254,0],[10255,0],[10510,0],]]
[10383,6,[[10384,0],[10382,0],[10255,0],[10511,0],]]
[10384,1,[[10383,0],[10385,0],[10256,0],[10257,0],[10512,0],]]
[10385,3,[[10386,0],[10384,0],[10257,0],[10513,0],]]
[10386,5,[[10385,0],[10387,0],[10258,0],[10259,0],[10514,0],]]
[10387,2,[[10388,0],[10386,0],[10259,0],[10515,0],]]
[10388,15,[[10387,0],[10389,0],[10260,0],[10261,0],[10516,0],]]
[10389,16,[[10390,0],[10388,0],[10261,0],[10517,0],]]
[10390,11,[[10389,0],[10391,0],[10262,0],[10263,0],[10518,0],]]
[10391,2,[[10392,0],[10390,0],[10263,0],[10519,0],]]
[10392,7,[[10391,0],[10393,0],[10264,0],[10265,0],[10520,0],]]
[10393,2,[[10394,0],[10392,0],[10265,0],[10521,0],]]
[10394,16,[[10393,0],[10395,0],[10266,0],[10267,0],[10522,0],]]
[10395,16,[[10396,0],[10394,0],[10267,0],[10523,0],]]
[10396,16,[[10395,0],[10397,0],[10268,0],[10269,0],[10524,0],]]
[10397,11,[[10398,0],[10396,0],[10269,0],[10525,0],]]
[10398,14,[[10397,0],[10399,0],[10270,0],[10271,0],[10526,0],]]
[10399,9,[[10400,0],[10398,0],[10271,0],[10527,0],]]
[10400,18,[[10399,0],[10401,0],[10272,0],[10273,0],[10528,0],]]
[10401,10,[[10402,0],[10400,0],[10273,0],[10529,0],]]
[10402,9,[[10401,0],[10403,0],[10274,0],[10275,0],[10530,0],]]
[10403,12,[[10404,0],[10402,0],[10275,0],[10531,0],]]
[10404,1,[[10403,0],[10405,0],[10276,0],[10277,0],[10532,0],]]
[10405,4,[[10406,0],[10404,0],[10277,0],[10533,0],]]
[10406,5,[[10405,0],[10407,0],[10278,0],[10279,0],[10534,0],]]
[10407,12,[[10408,0],[10406,0],[10279,0],[10535,0],]]
[10408,15,[[10407,0],[10409,0],[10280,0],[10281,0],[10536,0],]]
[10409,16,[[10410,0],[10408,0],[10281,0],[10537,0],]]
[10410,1,[[10409,0],[10411,0],[10282,0],[10283,0],[10538,0],]]
[10411,13,[[10412,0],[10410,0],[10283,0],[10539,0],]]
[10412,11,[[10411,0],[10413,0],[10284,0],[10285,0],[10540,0],]]
[10413,15,[[10414,0],[10412,0],[10285,0],[10541,0],]]
[10414,15,[[10413,0],[10415,0],[10286,0],[10287,0],[10542,0],]]
[10415,19,[[10416,0],[10414,0],[10287,0],[10543,0],]]
[10416,4,[[10415,0],[10417,0],[10288,0],[10289,0],[10544,0],]]
[10417,10,[[10418,0],[10416,0],[10289,0],[10545,0],]]
[10418,1,[[10417,0],[10419,0],[10290,0],[10291,0],[10546,0],]]
[10419,18,[[10420,0],[10418,0],[10291,0],[10547,0],]]
[10420,9,[[10419,0],[10421,0],[10292,0],[10293,0],[10548,0],]]
[10421,7,[[10422,0],[10420,0],[10293,0],[10549,0],]]
[10422,13,[[10421,0],[10423,0],[10294,0],[10295,0],[10550,0],]]
[10423,6,[[10424,0],[10422,0],[10295,0],[10551,0],]]
[10424,13,[[10423,0],[10425,0],[10296,0],[10297,0],[10552,0],]]
[10425,8,[[10426,0],[10424,0],[10297,0],[10553,0],]]
[10426,3,[[10425,0],[10427,0],[10298,0],[10299,0],[10554,0],]]
[10427,12,[[10428,0],[10426,0],[10299,0],[10555,0],]]
[10428,14,[[10427,0],[10429,0],[10300,0],[10301,0],[10556,0],]]
[10429,17,[[10430,0],[10428,0],[10301,0],[10557,0],]]
[10430,11,[[10429,0],[10431,0],[10302,0],[10303,0],[10558,0],]]
[10431,1,[[10432,0],[10430,0],[10303,0],[10559,0],]]
[10432,11,[[10431,0],[10433,0],[10304,0],[10305,0],[10560,0],]]
[10433,4,[[10434,0],[10432,0],[10305,0],[10561,0],]]
[10434,12,[[10433,0],[10435,0],[10306,0],[10307,0],[10562,0],]]
[10435,15,[[10436,0],[10434,0],[10307,0],[10563,0],]]
[10436,18,[[10435,0],[10437,0],[10308,0],[10309,0],[10564,0],]]
[10437,16,[[10438,0],[10436,0],[10309,0],[10565,0],]]
[10438,6,[[10437,0],[10439,0],[10310,0],[10311,0],[10566,0],]]
[10439,10,[[10440,0],[10438,0],[10311,0],[10567,0],]]
[10440,1,[[10439,0],[10441,0],[10312,0],[10313,0],[10568,0],]]
[10441,12,[[10442,0],[10440,0],[10313,0],[10569,0],]]
[10442,18,[[10441,0],[10443,0],[10314,0],[10315,0],[10570,0],]]
[10443,1,[[10444,0],[10442,0],[10315,0],[10571,0],]]
[10444,2,[[10443,0],[10445,0],[10316,0],[10317,0],[10572,0],]]
[10445,6,[[10446,0],[10444,0],[10317,0],[10573,0],]]
[10446,8,[[10445,0],[10447,0],[10318,0],[10319,0],[10574,0],]]
[10447,6,[[10448,0],[10446,0],[10319,0],[10575,0],]]
[10448,1,[[10447,0],[10449,0],[10320,0],[10321,0],[10576,0],]]
[10449,15,[[10450,0],[10448,0],[10321,0],[10577,0],]]
[10450,9,[[10449,0],[10451,0],[10322,0],[10323,0],[10578,0],]]
[10451,18,[[10452,0],[10450,0],[10323,0],[10579,0],]]
[10452,14,[[10451,0],[10453,0],[10324,0],[10325,0],[10580,0],]]
[10453,17,[[10454,0],[10452,0],[10325,0],[10581,0],]]
[10454,19,[[10453,0],[10455,0],[10326,0],[10327,0],[10582,0],]]
[10455,14,[[10456,0],[10454,0],[10327,0],[10583,0],]]
[10456,9,[[10455,0],[10457,0],[10328,0],[10329,0],[10584,0],]]
[10457,14,[[10458,0],[10456,0],[10329,0],[10585,0],]]
[10458,19,[[10457,0],[10459,0],[10330,0],[10331,0],[10586,0],]]
[10459,13,[[10460,0],[10458,0],[10331,0],[10587,0],]]
[10460,12,[[10459,0],[10461,0],[10332,0],[10333,0],[10588,0],]]
[10461,11,[[10462,0],[10460,0],[10333,0],[10589,0],]]
[10462,18,[[10461,0],[10463,0],[10334,0],[10335,0],[10590,0],]]
[10463,1,[[10464,0],[10462,0],[10335,0],[10591,0],]]
[10464,17,[[10463,0],[10465,0],[10336,0],[10337,0],[10592,0],]]
[10465,16,[[10466,0],[10464,0],[10337,0],[10593,0],]]
[10466,3,[[10465,0],[10467,0],[10338,0],[10339,0],[10594,0],]]
[10467,5,[[10468,0],[10466,0],[10339,0],[10595,0],]]
[10468,1,[[10467,0],[10469,0],[10340,0],[10341,0],[10596,0],]]
[10469,5,[[10470,0],[10468,0],[10341,0],[10597,0],]]
[10470,3,[[10469,0],[10471,0],[10342,0],[10343,0],[10598,0],]]
[10471,12,[[10472,0],[10470,0],[10343,0],[10599,0],]]
[10472,12,[[10471,0],[10473,0],[10344,0],[10345,0],[10600,0],]]
[10473,6,[[10474,0],[10472,0],[10345,0],[10601,0],]]
[10474,13,[[10473,0],[10475,0],[10346,0],[10347,0],[10602,0],]]
[10475,9,[[10476,0],[10474,0],[10347,0],[10603,0],]]
[10476,7,[[10475,0],[10477,0],[10348,0],[10349,0],[10604,0],]]
[10477,4,[[10478,0],[10476,0],[10349,0],[10605,0],]]
[10478,14,[[10477,0],[10479,0],[10350,0],[10351,0],[10606,0],]]
[10479,10,[[10480,0],[10478,0],[10351,0],[10607,0],]]
[10480,3,[[10479,0],[10481,0],[10352,0],[10353,0],[10608,0],]]
[10481,14,[[10482,0],[10480,0],[10353,0],[10609,0],]]
[10482,1,[[10481,0],[10483,0],[10354,0],[10355,0],[10610,0],]]
[10483,6,[[10484,0],[10482,0],[10355,0],[10611,0],]]
[10484,1,[[10483,0],[10485,0],[10356,0],[10357,0],[10612,0],]]
