[11304,2,[[11303,0],[11305,0],[11432,0],[11176,0],]]
[11305,9,[[11306,0],[11304,0],[11433,0],[11432,0],[11177,0],]]
[11306,9,[[11305,0],[11307,0],[11434,0],[11178,0],]]
[11307,5,[[11308,0],[11306,0],[11435,0],[11434,0],[11179,0],]]
[11308,2,[[11307,0],[11309,0],[11436,0],[11180,0],]]
[11309,10,[[11310,0],[11308,0],[11437,0],[11436,0],[11181,0],]]
[11310,2,[[11309,0],[11311,0],[11438,0],[11182,0],]]
[11311,2,[[11312,0],[11310,0],[11439,0],[11438,0],[11183,0],]]
[11312,1,[[11311,0],[11313,0],[11440,0],[11184,0],]]
[11313,11,[[11314,0],[11312,0],[11441,0],[11440,0],[11185,0],]]
[11314,10,[[11313,0],[11315,0],[11442,0],[11186,0],]]
[11315,3,[[11316,0],[11314,0],[11443,0],[11442,0],[11187,0],]]
[11316,16,[[11315,0],[11317,0],[11444,0],[11188,0],]]
[11317,15,[[11318,0],[11316,0],[11445,0],[11444,0],[11189,0],]]
[11318,14,[[11317,0],[11319,0],[11446,0],[11190,0],]]
[11319,16,[[11320,0],[11318,0],[11447,0],[11446,0],[11191,0],]]
[11320,3,[[11319,0],[11321,0],[11448,0],[11192,0],]]
[11321,18,[[11322,0],[11320,0],[11449,0],[11448,0],[11193,0],]]
[11322,15,[[11321,0],[11323,0],[11450,0],[11194,0],]]
[11323,8,[[11324,0],[11322,0],[11451,0],[11450,0],[11195,0],]]
[11324,7,[[11323,0],[11325,0],[11452,0],[11196,0],]]
[11325,17,[[11326,0],[11324,0],[11453,0],[11452,0],[11197,0],]]
[11326,10,[[11325,0],[11327,0],[11454,0],[11198,0],]]
[11327,14,[[11328,0],[11326,0],[11455,0],[11454,0],[11199,0],]]
[11328,16,[[11327,0],[11329,0],[11456,0],[11200,0],]]
[11329,18,[[11330,0],[11328,0],[11457,0],[11456,0],[11201,0],]]
[11330,12,[[11329,0],[11331,0],[11458,0],[11202,0],]]
[11331,16,[[11332,0],[11330,0],[11459,0],[11458,0],[11203,0],]]
[11332,10,[[11331,0],[11333,0],[11460,0],[11204,0],]]
[11333,3,[[11334,0],[11332,0],[11461,0],[11460,0],[11205,0],]]
[11334,9,[[11333,0],[11335,0],[11462,0],[11206,0],]]
[11335,13,[[11336,0],[11334,0],[11463,0],[11462,0],[11207,0],]]
[11336,3,[[11335,0],[11337,0],[11464,0],[11208,0],]]
[11337,9,[[11338,0],[11336,0],[11465,0],[11464,0],[11209,0],]]
[11338,8,[[11337,0],[11339,0],[11466,0],[11210,0],]]
[11339,13,[[11340,0],[11338,0],[11467,0],[11466,0],[11211,0],]]
[11340,16,[[11339,0],[11341,0],[11468,0],[11212,0],]]
[11341,17,[[11342,0],[11340,0],[11469,0],[11468,0],[11213,0],]]
[11342,12,[[11341,0],[11343,0],[11470,0],[11214,0],]]
[11343,19,[[11344,0],[11342,0],[11471,0],[11470,0],[11215,0],]]
[11344,16,[[11343,0],[11345,0],[11472,0],[11216,0],]]
[11345,18,[[11346,0],[11344,0],[11473,0],[11472,0],[11217,0],]]
[11346,18,[[11345,0],[11347,0],[11474,0],[11218,0],]]
[11347,9,[[11348,0],[11346,0],[11475,0],[11474,0],[11219,0],]]
[11348,9,[[11347,0],[11349,0],[11476,0],[11220,0],]]
[11349,12,[[11350,0],[11348,0],[11477,0],[11476,0],[11221,0],]]
[11350,8,[[11349,0],[11351,0],[11478,0],[11222,0],]]
[11351,1,[[11352,0],[11350,0],[11479,0],[11478,0],[11223,0],]]
[11352,4,[[11351,0],[11353,0],[11480,0],[11224,0],]]
[11353,3,[[11354,0],[11352,0],[11481,0],[11480,0],[11225,0],]]
[11354,14,[[11353,0],[11355,0],[11482,0],[11226,0],]]
[11355,9,[[11356,0],[11354,0],[11483,0],[11482,0],[11227,0],]]
[11356,2,[[11355,0],[11357,0],[11484,0],[11228,0],]]
[11357,18,[[11358,0],[11356,0],[11485,0],[11484,0],[11229,0],]]
[11358,10,[[11357,0],[11359,0],[11486,0],[11230,0],]]
[11359,9,[[11360,0],[11358,0],[11487,0],[11486,0],[11231,0],]]
[11360,6,[[11359,0],[11361,0],[11488,0],[11232,0],]]
[11361,8,[[11362,0],[11360,0],[11489,0],[11488,0],[11233,0],]]
[11362,4,[[11361,0],[11363,0],[11490,0],[11234,0],]]
[11363,7,[[11364,0],[11362,0],[11491,0],[11490,0],[11235,0],]]
[11364,14,[[11363,0],[11365,0],[11492,0],[11236,0],]]
[11365,15,[[11366,0],[11364,0],[11493,0],[11492,0],[11237,0],]]
[11366,6,[[11365,0],[11367,0],[11494,0],[11238,0],]]
[11367,17,[[11368,0],[11366,0],[11495,0],[11494,0],[11239,0],]]
[11368,19,[[11367,0],[11369,0],[11496,0],[11240,0],]]
[11369,4,[[11370,0],[11368,0],[11497,0],[11496,0],[11241,0],]]
[11370,6,[[11369,0],[11371,0],[11498,0],[11242,0],]]
[11371,15,[[11372,0],[11370,0],[11499,0],[11498,0],[11243,0],]]
[11372,11,[[11371,0],[11373,0],[11500,0],[11244,0],]]
[11373,5,[[11374,0],[11372,0],[11501,0],[11500,0],[11245,0],]]
[11374,7,[[11373,0],[11375,0],[11502,0],[11246,0],]]
[11375,6,[[11376,0],[11374,0],[11503,0],[11502,0],[11247,0],]]
[11376,16,[[11375,0],[11377,0],[11504,0],[11248,0],]]
[11377,2,[[11378,0],[11376,0],[11505,0],[11504,0],[11249,0],]]
[11378,11,[[11377,0],[11379,0],[11506,0],[11250,0],]]
[11379,5,[[11380,0],[11378,0],[11507,0],[11506,0],[11251,0],]]
[11380,14,[[11379,0],[11381,0],[11508,0],[11252,0],]]
[11381,6,[[11382,0],[11380,0],[11509,0],[11508,0],[11253,0],]]
[11382,15,[[11381,0],[11383,0],[11510,0],[11254,0],]]
[11383,8,[[11384,0],[11382,0],[11511,0],[11510,0],[11255,0],]]
[11384,2,[[11383,0],[11385,0],[11512,0],[11256,0],]]
[11385,10,[[11386,0],[11384,0],[11513,0],[11512,0],[11257,0],]]
[11386,4,[[11385,0],[11387,0],[11514,0],[11258,0],]]
[11387,4,[[11388,0],[11386,0],[11515,0],[11514,0],[11259,0],]]
[11388,12,[[11387,0],[11389,0],[11516,0],[11260,0],]]
[11389,8,[[11390,0],[11388,0],[11517,0],[11516,0],[11261,0],]]
[11390,3,[[11389,0],[11391,0],[11518,0],[11262,0],]]
[11391,10,[[11390,0],[11519,0],[11518,0],[11263,0],]]
[11392,15,[[11393,0],[11264,0],[11265,0],[11520,0],]]
[11393,16,[[11394,0],[11392,0],[11265,0],[11521,0],]]
[11394,3,[[11393,0],[11395,0],[11266,0],[11267,0],[11522,0],]]
[11395,10,[[11396,0],[11394,0],[11267,0],[11523,0],]]
[11396,17,[[11395,0],[11397,0],[11268,0],[11269,0],[11524,0],]]
[11397,18,[[11398,0],[11396,0],[11269,0],[11525,0],]]
[11398,11,[[11397,0],[11399,0],[11270,0],[11271,0],[11526,0],]]
[11399,12,[[11400,0],[11398,0],[11271,0],[11527,0],]]
[11400,14,[[11399,0],[11401,0],[11272,0],[11273,0],[11528,0],]]
[11401,8,[[11402,0],[11400,0],[11273,0],[11529,0],]]
[11402,2,[[11401,0],[11403,0],[11274,0],[11275,0],[11530,0],]]
[11403,2,[[11404,0],[11402,0],[11275,0],[11531,0],]]
[11404,13,[[11403,0],[11405,0],[11276,0],[11277,0],[11532,0],]]
[11405,13,[[11406,0],[11404,0],[11277,0],[11533,0],]]
[11406,5,[[11405,0],[11407,0],[11278,0],[11279,0],[11534,0],]]
[11407,7,[[11408,0],[11406,0],[11279,0],[11535,0],]]
[11408,6,[[11407,0],[11409,0],[11280,0],[11281,0],[11536,0],]]
[11409,8,[[11410,0],[11408,0],[11281,0],[11537,0],]]
[11410,16,[[11409,0],[11411,0],[11282,0],[11283,0],[11538,0],]]
[11411,7,[[11412,0],[11410,0],[11283,0],[11539,0],]]
[11412,18,[[11411,0],[11413,0],[11284,0],[11285,0],[11540,0],]]
[11413,7,[[11414,0],[11412,0],[11285,0],[11541,0],]]
[11414,11,[[11413,0],[11415,0],[11286,0],[11287,0],[11542,0],]]
[11415,1,[[11416,0],[11414,0],[11287,0],[11543,0],]]
[11416,4,[[11415,0],[11417,0],[11288,0],[11289,0],[11544,0],]]
[11417,16,[[11418,0],[11416,0],[11289,0],[11545,0],]]
[11418,9,[[11417,0],[11419,0],[11290,0],[11291,0],[11546,0],]]
[11419,9,[[11420,0],[11418,0],[11291,0],[11547,0],]]
[11420,8,[[11419,0],[11421,0],[11292,0],[11293,0],[11548,0],]]
[11421,10,[[11422,0],[11420,0],[11293,0],[11549,0],]]
[11422,7,[[11421,0],[11423,0],[11294,0],[11295,0],[11550,0],]]
[11423,5,[[11424,0],[11422,0],[11295,0],[11551,0],]]
[11424,11,[[11423,0],[11425,0],[11296,0],[11297,0],[11552,0],]]
[11425,4,[[11426,0],[11424,0],[11297,0],[11553,0],]]
[11426,15,[[11425,0],[11427,0],[11298,0],[11299,0],[11554,0],]]
[11427,3,[[11428,0],[11426,0],[11299,0],[11555,0],]]
[11428,13,[[11427,0],[11429,0],[11300,0],[11301,0],[11556,0],]]
[11429,3,[[11430,0],[11428,0],[11301,0],[11557,0],]]
[11430,5,[[11429,0],[11431,0],[11302,0],[11303,0],[11558,0],]]
[11431,19,[[11432,0],[11430,0],[11303,0],[11559,0],]]
[11432,13,[[11431,0],[11433,0],[11304,0],[11305,0],[11560,0],]]
[11433,5,[[11434,0],[11432,0],[11305,0],[11561,0],]]
[11434,15,[[11433,0],[11435,0],[11306,0],[11307,0],[11562,0],]]
[11435,18,[[11436,0],[11434,0],[11307,0],[11563,0],]]
[11436,10,[[11435,0],[11437,0],[11308,0],[11309,0],[11564,0],]]
[11437,3,[[11438,0],[11436,0],[11309,0],[11565,0],]]
[11438,16,[[11437,0],[11439,0],[11310,0],[11311,0],[11566,0],]]
[11439,16,[[11440,0],[11438,0],[11311,0],[11567,0],]]
[11440,8,[[11439,0],[11441,0],[11312,0],[11313,0],[11568,0],]]
[11441,12,[[11442,0],[11440,0],[11313,0],[11569,0],]]
[11442,18,[[11441,0],[11443,0],[11314,0],[11315,0],[11570,0],]]
[11443,17,[[11444,0],[11442,0],[11315,0],[11571,0],]]
[11444,16,[[11443,0],[11445,0],[11316,0],[11317,0],[11572,0],]]
[11445,8,[[11446,0],[11444,0],[11317,0],[11573,0],]]
[11446,17,[[11445,0],[11447,0],[11318,0],[11319,0],[11574,0],]]
[11447,17,[[11448,0],[11446,0],[11319,0],[11575,0],]]
[11448,19,[[11447,0],[11449,0],[11320,0],[11321,0],[11576,0],]]
[11449,7,[[11450,0],[11448,0],[11321,0],[11577,0],]]
[11450,3,[[11449,0],[11451,0],[11322,0],[11323,0],[11578,0],]]
[11451,12,[[11452,0],[11450,0],[11323,0],[11579,0],]]
[11452,8,[[11451,0],[11453,0],[11324,0],[11325,0],[11580,0],]]
[11453,10,[[11454,0],[11452,0],[11325,0],[11581,0],]]
[11454,2,[[11453,0],[11455,0],[11326,0],[11327,0],[11582,0],]]
[11455,11,[[11456,0],[11454,0],[11327,0],[11583,0],]]
[11456,14,[[11455,0],[11457,0],[11328,0],[11329,0],[11584,0],]]
[11457,17,[[11458,0],[11456,0],[11329,0],[11585,0],]]
[11458,16,[[11457,0],[11459,0],[11330,0],[11331,0],[11586,0],]]
[11459,18,[[11460,0],[11458,0],[11331,0],[11587,0],]]
[11460,10,[[11459,0],[11461,0],[11332,0],[11333,0],[11588,0],]]
[11461,7,[[11462,0],[11460,0],[11333,0],[11589,0],]]
[11462,6,[[11461,0],[11463,0],[11334,0],[11335,0],[11590,0],]]
[11463,18,[[11464,0],[11462,0],[11335,0],[11591,0],]]
[11464,12,[[11463,0],[11465,0],[11336,0],[11337,0],[11592,0],]]
[11465,12,[[11466,0],[11464,0],[11337,0],[11593,0],]]
[11466,9,[[11465,0],[11467,0],[11338,0],[11339,0],[11594,0],]]
[11467,4,[[11468,0],[11466,0],[11339,0],[11595,0],]]
