[9830,11,[[9829,0],[9831,0],[9958,0],[9702,0],]]
[9831,14,[[9832,0],[9830,0],[9959,0],[9958,0],[9703,0],]]
[9832,18,[[9831,0],[9833,0],[9960,0],[9704,0],]]
[9833,10,[[9834,0],[9832,0],[9961,0],[9960,0],[9705,0],]]
[9834,1,[[9833,0],[9835,0],[9962,0],[9706,0],]]
[9835,5,[[9836,0],[9834,0],[9963,0],[9962,0],[9707,0],]]
[9836,17,[[9835,0],[9837,0],[9964,0],[9708,0],]]
[9837,8,[[9838,0],[9836,0],[9965,0],[9964,0],[9709,0],]]
[9838,1,[[9837,0],[9839,0],[9966,0],[9710,0],]]
[9839,13,[[9840,0],[9838,0],[9967,0],[9966,0],[9711,0],]]
[9840,18,[[9839,0],[9841,0],[9968,0],[9712,0],]]
[9841,12,[[9842,0],[9840,0],[9969,0],[9968,0],[9713,0],]]
[9842,8,[[9841,0],[9843,0],[9970,0],[9714,0],]]
[9843,13,[[9844,0],[9842,0],[9971,0],[9970,0],[9715,0],]]
[9844,8,[[9843,0],[9845,0],[9972,0],[9716,0],]]
[9845,10,[[9846,0],[9844,0],[9973,0],[9972,0],[9717,0],]]
[9846,15,[[9845,0],[9847,0],[9974,0],[9718,0],]]
[9847,19,[[9848,0],[9846,0],[9975,0],[9974,0],[9719,0],]]
[9848,15,[[9847,0],[9849,0],[9976,0],[9720,0],]]
[9849,17,[[9850,0],[9848,0],[9977,0],[9976,0],[9721,0],]]
[9850,8,[[9849,0],[9851,0],[9978,0],[9722,0],]]
[9851,14,[[9852,0],[9850,0],[9979,0],[9978,0],[9723,0],]]
[9852,6,[[9851,0],[9853,0],[9980,0],[9724,0],]]
[9853,9,[[9854,0],[9852,0],[9981,0],[9980,0],[9725,0],]]
[9854,6,[[9853,0],[9855,0],[9982,0],[9726,0],]]
[9855,18,[[9854,0],[9983,0],[9982,0],[9727,0],]]
[9856,7,[[9857,0],[9728,0],[9729,0],[9984,0],]]
[9857,14,[[9858,0],[9856,0],[9729,0],[9985,0],]]
[9858,14,[[9857,0],[9859,0],[9730,0],[9731,0],[9986,0],]]
[9859,6,[[9860,0],[9858,0],[9731,0],[9987,0],]]
[9860,1,[[9859,0],[9861,0],[9732,0],[9733,0],[9988,0],]]
[9861,17,[[9862,0],[9860,0],[9733,0],[9989,0],]]
[9862,12,[[9861,0],[9863,0],[9734,0],[9735,0],[9990,0],]]
[9863,3,[[9864,0],[9862,0],[9735,0],[9991,0],]]
[9864,2,[[9863,0],[9865,0],[9736,0],[9737,0],[9992,0],]]
[9865,14,[[9866,0],[9864,0],[9737,0],[9993,0],]]
[9866,4,[[9865,0],[9867,0],[9738,0],[9739,0],[9994,0],]]
[9867,10,[[9868,0],[9866,0],[9739,0],[9995,0],]]
[9868,2,[[9867,0],[9869,0],[9740,0],[9741,0],[9996,0],]]
[9869,1,[[9870,0],[9868,0],[9741,0],[9997,0],]]
[9870,5,[[9869,0],[9871,0],[9742,0],[9743,0],[9998,0],]]
[9871,1,[[9872,0],[9870,0],[9743,0],[9999,0],]]
[9872,10,[[9871,0],[9873,0],[9744,0],[9745,0],[10000,0],]]
[9873,3,[[9874,0],[9872,0],[9745,0],[10001,0],]]
[9874,17,[[9873,0],[9875,0],[9746,0],[9747,0],[10002,0],]]
[9875,9,[[9876,0],[9874,0],[9747,0],[10003,0],]]
[9876,6,[[9875,0],[9877,0],[9748,0],[9749,0],[10004,0],]]
[9877,12,[[9878,0],[9876,0],[9749,0],[10005,0],]]
[9878,4,[[9877,0],[9879,0],[9750,0],[9751,0],[10006,0],]]
[9879,13,[[9880,0],[9878,0],[9751,0],[10007,0],]]
[9880,16,[[9879,0],[9881,0],[9752,0],[9753,0],[10008,0],]]
[9881,6,[[9882,0],[9880,0],[9753,0],[10009,0],]]
[9882,2,[[9881,0],[9883,0],[9754,0],[9755,0],[10010,0],]]
[9883,12,[[9884,0],[9882,0],[9755,0],[10011,0],]]
[9884,10,[[9883,0],[9885,0],[9756,0],[9757,0],[10012,0],]]
[9885,5,[[9886,0],[9884,0],[9757,0],[10013,0],]]
[9886,4,[[9885,0],[9887,0],[9758,0],[9759,0],[10014,0],]]
[9887,12,[[9888,0],[9886,0],[9759,0],[10015,0],]]
[9888,13,[[9887,0],[9889,0],[9760,0],[9761,0],[10016,0],]]
[9889,13,[[9890,0],[9888,0],[9761,0],[10017,0],]]
[9890,10,[[9889,0],[9891,0],[9762,0],[9763,0],[10018,0],]]
[9891,13,[[9892,0],[9890,0],[9763,0],[10019,0],]]
[9892,19,[[9891,0],[9893,0],[9764,0],[9765,0],[10020,0],]]
[9893,16,[[9894,0],[9892,0],[9765,0],[10021,0],]]
[9894,10,[[9893,0],[9895,0],[9766,0],[9767,0],[10022,0],]]
[9895,6,[[9896,0],[9894,0],[9767,0],[10023,0],]]
[9896,5,[[9895,0],[9897,0],[9768,0],[9769,0],[10024,0],]]
[9897,11,[[9898,0],[9896,0],[9769,0],[10025,0],]]
[9898,16,[[9897,0],[9899,0],[9770,0],[9771,0],[10026,0],]]
[9899,17,[[9900,0],[9898,0],[9771,0],[10027,0],]]
[9900,11,[[9899,0],[9901,0],[9772,0],[9773,0],[10028,0],]]
[9901,6,[[9902,0],[9900,0],[9773,0],[10029,0],]]
[9902,2,[[9901,0],[9903,0],[9774,0],[9775,0],[10030,0],]]
[9903,6,[[9904,0],[9902,0],[9775,0],[10031,0],]]
[9904,14,[[9903,0],[9905,0],[9776,0],[9777,0],[10032,0],]]
[9905,17,[[9906,0],[9904,0],[9777,0],[10033,0],]]
[9906,14,[[9905,0],[9907,0],[9778,0],[9779,0],[10034,0],]]
[9907,7,[[9908,0],[9906,0],[9779,0],[10035,0],]]
[9908,12,[[9907,0],[9909,0],[9780,0],[9781,0],[10036,0],]]
[9909,19,[[9910,0],[9908,0],[9781,0],[10037,0],]]
[9910,3,[[9909,0],[9911,0],[9782,0],[9783,0],[10038,0],]]
[9911,9,[[9912,0],[9910,0],[9783,0],[10039,0],]]
[9912,2,[[9911,0],[9913,0],[9784,0],[9785,0],[10040,0],]]
[9913,3,[[9914,0],[9912,0],[9785,0],[10041,0],]]
[9914,6,[[9913,0],[9915,0],[9786,0],[9787,0],[10042,0],]]
[9915,12,[[9916,0],[9914,0],[9787,0],[10043,0],]]
[9916,3,[[9915,0],[9917,0],[9788,0],[9789,0],[10044,0],]]
[9917,12,[[9918,0],[9916,0],[9789,0],[10045,0],]]
[9918,12,[[9917,0],[9919,0],[9790,0],[9791,0],[10046,0],]]
[9919,15,[[9920,0],[9918,0],[9791,0],[10047,0],]]
[9920,5,[[9919,0],[9921,0],[9792,0],[9793,0],[10048,0],]]
[9921,5,[[9922,0],[9920,0],[9793,0],[10049,0],]]
[9922,3,[[9921,0],[9923,0],[9794,0],[9795,0],[10050,0],]]
[9923,5,[[9924,0],[9922,0],[9795,0],[10051,0],]]
[9924,3,[[9923,0],[9925,0],[9796,0],[9797,0],[10052,0],]]
[9925,7,[[9926,0],[9924,0],[9797,0],[10053,0],]]
[9926,3,[[9925,0],[9927,0],[9798,0],[9799,0],[10054,0],]]
[9927,5,[[9928,0],[9926,0],[9799,0],[10055,0],]]
[9928,16,[[9927,0],[9929,0],[9800,0],[9801,0],[10056,0],]]
[9929,10,[[9930,0],[9928,0],[9801,0],[10057,0],]]
[9930,1,[[9929,0],[9931,0],[9802,0],[9803,0],[10058,0],]]
[9931,4,[[9932,0],[9930,0],[9803,0],[10059,0],]]
[9932,18,[[9931,0],[9933,0],[9804,0],[9805,0],[10060,0],]]
[9933,1,[[9934,0],[9932,0],[9805,0],[10061,0],]]
[9934,17,[[9933,0],[9935,0],[9806,0],[9807,0],[10062,0],]]
[9935,13,[[9936,0],[9934,0],[9807,0],[10063,0],]]
[9936,8,[[9935,0],[9937,0],[9808,0],[9809,0],[10064,0],]]
[9937,3,[[9938,0],[9936,0],[9809,0],[10065,0],]]
[9938,19,[[9937,0],[9939,0],[9810,0],[9811,0],[10066,0],]]
[9939,7,[[9940,0],[9938,0],[9811,0],[10067,0],]]
[9940,17,[[9939,0],[9941,0],[9812,0],[9813,0],[10068,0],]]
[9941,12,[[9942,0],[9940,0],[9813,0],[10069,0],]]
[9942,12,[[9941,0],[9943,0],[9814,0],[9815,0],[10070,0],]]
[9943,2,[[9944,0],[9942,0],[9815,0],[10071,0],]]
[9944,17,[[9943,0],[9945,0],[9816,0],[9817,0],[10072,0],]]
[9945,2,[[9946,0],[9944,0],[9817,0],[10073,0],]]
[9946,13,[[9945,0],[9947,0],[9818,0],[9819,0],[10074,0],]]
[9947,8,[[9948,0],[9946,0],[9819,0],[10075,0],]]
[9948,18,[[9947,0],[9949,0],[9820,0],[9821,0],[10076,0],]]
[9949,15,[[9950,0],[9948,0],[9821,0],[10077,0],]]
[9950,6,[[9949,0],[9951,0],[9822,0],[9823,0],[10078,0],]]
[9951,10,[[9952,0],[9950,0],[9823,0],[10079,0],]]
[9952,9,[[9951,0],[9953,0],[9824,0],[9825,0],[10080,0],]]
[9953,6,[[9954,0],[9952,0],[9825,0],[10081,0],]]
[9954,11,[[9953,0],[9955,0],[9826,0],[9827,0],[10082,0],]]
[9955,9,[[9956,0],[9954,0],[9827,0],[10083,0],]]
[9956,4,[[9955,0],[9957,0],[9828,0],[9829,0],[10084,0],]]
[9957,6,[[9958,0],[9956,0],[9829,0],[10085,0],]]
[9958,3,[[9957,0],[9959,0],[9830,0],[9831,0],[10086,0],]]
[9959,1,[[9960,0],[9958,0],[9831,0],[10087,0],]]
[9960,4,[[9959,0],[9961,0],[9832,0],[9833,0],[10088,0],]]
[9961,13,[[9962,0],[9960,0],[9833,0],[10089,0],]]
[9962,1,[[9961,0],[9963,0],[9834,0],[9835,0],[10090,0],]]
[9963,19,[[9964,0],[9962,0],[9835,0],[10091,0],]]
[9964,3,[[9963,0],[9965,0],[9836,0],[9837,0],[10092,0],]]
[9965,1,[[9966,0],[9964,0],[9837,0],[10093,0],]]
[9966,9,[[9965,0],[9967,0],[9838,0],[9839,0],[10094,0],]]
[9967,14,[[9968,0],[9966,0],[9839,0],[10095,0],]]
[9968,15,[[9967,0],[9969,0],[9840,0],[9841,0],[10096,0],]]
[9969,1,[[9970,0],[9968,0],[9841,0],[10097,0],]]
[9970,16,[[9969,0],[9971,0],[9842,0],[9843,0],[10098,0],]]
[9971,6,[[9972,0],[9970,0],[9843,0],[10099,0],]]
[9972,12,[[9971,0],[9973,0],[9844,0],[9845,0],[10100,0],]]
[9973,5,[[9974,0],[9972,0],[9845,0],[10101,0],]]
[9974,17,[[9973,0],[9975,0],[9846,0],[9847,0],[10102,0],]]
[9975,15,[[9976,0],[9974,0],[9847,0],[10103,0],]]
[9976,6,[[9975,0],[9977,0],[9848,0],[9849,0],[10104,0],]]
[9977,6,[[9978,0],[9976,0],[9849,0],[10105,0],]]
[9978,5,[[9977,0],[9979,0],[9850,0],[9851,0],[10106,0],]]
[9979,12,[[9980,0],[9978,0],[9851,0],[10107,0],]]
[9980,8,[[9979,0],[9981,0],[9852,0],[9853,0],[10108,0],]]
[9981,8,[[9982,0],[9980,0],[9853,0],[10109,0],]]
[9982,7,[[9981,0],[9983,0],[9854,0],[9855,0],[10110,0],]]
[9983,6,[[9982,0],[9855,0],[10111,0],]]
[9984,12,[[9985,0],[10112,0],[9856,0],]]
[9985,3,[[9986,0],[9984,0],[10113,0],[10112,0],[9857,0],]]
[9986,18,[[9985,0],[9987,0],[10114,0],[9858,0],]]
[9987,18,[[9988,0],[9986,0],[10115,0],[10114,0],[9859,0],]]
[9988,6,[[9987,0],[9989,0],[10116,0],[9860,0],]]
[9989,18,[[9990,0],[9988,0],[10117,0],[10116,0],[9861,0],]]
[9990,3,[[9989,0],[9991,0],[10118,0],[9862,0],]]
[9991,5,[[9992,0],[9990,0],[10119,0],[10118,0],[9863,0],]]
[9992,5,[[9991,0],[9993,0],[10120,0],[9864,0],]]
[9993,3,[[9994,0],[9992,0],[10121,0],[10120,0],[9865,0],]]
