[10649,11,[[10650,0],[10648,0],[10521,0],[10777,0],]]
[10650,15,[[10649,0],[10651,0],[10522,0],[10523,0],[10778,0],]]
[10651,18,[[10652,0],[10650,0],[10523,0],[10779,0],]]
[10652,19,[[10651,0],[10653,0],[10524,0],[10525,0],[10780,0],]]
[10653,14,[[10654,0],[10652,0],[10525,0],[10781,0],]]
[10654,6,[[10653,0],[10655,0],[10526,0],[10527,0],[10782,0],]]
[10655,17,[[10656,0],[10654,0],[10527,0],[10783,0],]]
[10656,4,[[10655,0],[10657,0],[10528,0],[10529,0],[10784,0],]]
[10657,7,[[10658,0],[10656,0],[10529,0],[10785,0],]]
[10658,8,[[10657,0],[10659,0],[10530,0],[10531,0],[10786,0],]]
[10659,1,[[10660,0],[10658,0],[10531,0],[10787,0],]]
[10660,8,[[10659,0],[10661,0],[10532,0],[10533,0],[10788,0],]]
[10661,19,[[10662,0],[10660,0],[10533,0],[10789,0],]]
[10662,4,[[10661,0],[10663,0],[10534,0],[10535,0],[10790,0],]]
[10663,4,[[10664,0],[10662,0],[10535,0],[10791,0],]]
[10664,9,[[10663,0],[10665,0],[10536,0],[10537,0],[10792,0],]]
[10665,7,[[10666,0],[10664,0],[10537,0],[10793,0],]]
[10666,9,[[10665,0],[10667,0],[10538,0],[10539,0],[10794,0],]]
[10667,18,[[10668,0],[10666,0],[10539,0],[10795,0],]]
[10668,17,[[10667,0],[10669,0],[10540,0],[10541,0],[10796,0],]]
[10669,13,[[10670,0],[10668,0],[10541,0],[10797,0],]]
[10670,19,[[10669,0],[10671,0],[10542,0],[10543,0],[10798,0],]]
[10671,17,[[10672,0],[10670,0],[10543,0],[10799,0],]]
[10672,15,[[10671,0],[10673,0],[10544,0],[10545,0],[10800,0],]]
[10673,18,[[10674,0],[10672,0],[10545,0],[10801,0],]]
[10674,10,[[10673,0],[10675,0],[10546,0],[10547,0],[10802,0],]]
[10675,4,[[10676,0],[10674,0],[10547,0],[10803,0],]]
[10676,5,[[10675,0],[10677,0],[10548,0],[10549,0],[10804,0],]]
[10677,9,[[10678,0],[10676,0],[10549,0],[10805,0],]]
[10678,15,[[10677,0],[10679,0],[10550,0],[10551,0],[10806,0],]]
[10679,14,[[10680,0],[10678,0],[10551,0],[10807,0],]]
[10680,18,[[10679,0],[10681,0],[10552,0],[10553,0],[10808,0],]]
[10681,7,[[10682,0],[10680,0],[10553,0],[10809,0],]]
[10682,4,[[10681,0],[10683,0],[10554,0],[10555,0],[10810,0],]]
[10683,5,[[10684,0],[10682,0],[10555,0],[10811,0],]]
[10684,15,[[10683,0],[10685,0],[10556,0],[10557,0],[10812,0],]]
[10685,17,[[10686,0],[10684,0],[10557,0],[10813,0],]]
[10686,7,[[10685,0],[10687,0],[10558,0],[10559,0],[10814,0],]]
[10687,15,[[10688,0],[10686,0],[10559,0],[10815,0],]]
[10688,1,[[10687,0],[10689,0],[10560,0],[10561,0],[10816,0],]]
[10689,7,[[10690,0],[10688,0],[10561,0],[10817,0],]]
[10690,2,[[10689,0],[10691,0],[10562,0],[10563,0],[10818,0],]]
[10691,14,[[10692,0],[10690,0],[10563,0],[10819,0],]]
[10692,18,[[10691,0],[10693,0],[10564,0],[10565,0],[10820,0],]]
[10693,4,[[10694,0],[10692,0],[10565,0],[10821,0],]]
[10694,10,[[10693,0],[10695,0],[10566,0],[10567,0],[10822,0],]]
[10695,12,[[10696,0],[10694,0],[10567,0],[10823,0],]]
[10696,17,[[10695,0],[10697,0],[10568,0],[10569,0],[10824,0],]]
[10697,4,[[10698,0],[10696,0],[10569,0],[10825,0],]]
[10698,6,[[10697,0],[10699,0],[10570,0],[10571,0],[10826,0],]]
[10699,17,[[10700,0],[10698,0],[10571,0],[10827,0],]]
[10700,19,[[10699,0],[10701,0],[10572,0],[10573,0],[10828,0],]]
[10701,17,[[10702,0],[10700,0],[10573,0],[10829,0],]]
[10702,7,[[10701,0],[10703,0],[10574,0],[10575,0],[10830,0],]]
[10703,4,[[10704,0],[10702,0],[10575,0],[10831,0],]]
[10704,18,[[10703,0],[10705,0],[10576,0],[10577,0],[10832,0],]]
[10705,7,[[10706,0],[10704,0],[10577,0],[10833,0],]]
[10706,2,[[10705,0],[10707,0],[10578,0],[10579,0],[10834,0],]]
[10707,2,[[10708,0],[10706,0],[10579,0],[10835,0],]]
[10708,3,[[10707,0],[10709,0],[10580,0],[10581,0],[10836,0],]]
[10709,17,[[10710,0],[10708,0],[10581,0],[10837,0],]]
[10710,9,[[10709,0],[10711,0],[10582,0],[10583,0],[10838,0],]]
[10711,19,[[10712,0],[10710,0],[10583,0],[10839,0],]]
[10712,11,[[10711,0],[10713,0],[10584,0],[10585,0],[10840,0],]]
[10713,7,[[10714,0],[10712,0],[10585,0],[10841,0],]]
[10714,13,[[10713,0],[10715,0],[10586,0],[10587,0],[10842,0],]]
[10715,8,[[10716,0],[10714,0],[10587,0],[10843,0],]]
[10716,16,[[10715,0],[10717,0],[10588,0],[10589,0],[10844,0],]]
[10717,12,[[10718,0],[10716,0],[10589,0],[10845,0],]]
[10718,7,[[10717,0],[10719,0],[10590,0],[10591,0],[10846,0],]]
[10719,6,[[10720,0],[10718,0],[10591,0],[10847,0],]]
[10720,11,[[10719,0],[10721,0],[10592,0],[10593,0],[10848,0],]]
[10721,8,[[10722,0],[10720,0],[10593,0],[10849,0],]]
[10722,5,[[10721,0],[10723,0],[10594,0],[10595,0],[10850,0],]]
[10723,12,[[10724,0],[10722,0],[10595,0],[10851,0],]]
[10724,16,[[10723,0],[10725,0],[10596,0],[10597,0],[10852,0],]]
[10725,4,[[10726,0],[10724,0],[10597,0],[10853,0],]]
[10726,16,[[10725,0],[10727,0],[10598,0],[10599,0],[10854,0],]]
[10727,6,[[10728,0],[10726,0],[10599,0],[10855,0],]]
[10728,9,[[10727,0],[10729,0],[10600,0],[10601,0],[10856,0],]]
[10729,13,[[10730,0],[10728,0],[10601,0],[10857,0],]]
[10730,4,[[10729,0],[10731,0],[10602,0],[10603,0],[10858,0],]]
[10731,11,[[10732,0],[10730,0],[10603,0],[10859,0],]]
[10732,14,[[10731,0],[10733,0],[10604,0],[10605,0],[10860,0],]]
[10733,4,[[10734,0],[10732,0],[10605,0],[10861,0],]]
[10734,11,[[10733,0],[10735,0],[10606,0],[10607,0],[10862,0],]]
[10735,9,[[10736,0],[10734,0],[10607,0],[10863,0],]]
[10736,10,[[10735,0],[10737,0],[10608,0],[10609,0],[10864,0],]]
[10737,12,[[10738,0],[10736,0],[10609,0],[10865,0],]]
[10738,6,[[10737,0],[10739,0],[10610,0],[10611,0],[10866,0],]]
[10739,11,[[10740,0],[10738,0],[10611,0],[10867,0],]]
[10740,1,[[10739,0],[10741,0],[10612,0],[10613,0],[10868,0],]]
[10741,9,[[10742,0],[10740,0],[10613,0],[10869,0],]]
[10742,7,[[10741,0],[10743,0],[10614,0],[10615,0],[10870,0],]]
[10743,3,[[10744,0],[10742,0],[10615,0],[10871,0],]]
[10744,9,[[10743,0],[10745,0],[10616,0],[10617,0],[10872,0],]]
[10745,10,[[10746,0],[10744,0],[10617,0],[10873,0],]]
[10746,7,[[10745,0],[10747,0],[10618,0],[10619,0],[10874,0],]]
[10747,8,[[10748,0],[10746,0],[10619,0],[10875,0],]]
[10748,13,[[10747,0],[10749,0],[10620,0],[10621,0],[10876,0],]]
[10749,19,[[10750,0],[10748,0],[10621,0],[10877,0],]]
[10750,2,[[10749,0],[10751,0],[10622,0],[10623,0],[10878,0],]]
[10751,2,[[10750,0],[10623,0],[10879,0],]]
[10752,7,[[10753,0],[10880,0],[10624,0],]]
[10753,13,[[10754,0],[10752,0],[10881,0],[10880,0],[10625,0],]]
[10754,15,[[10753,0],[10755,0],[10882,0],[10626,0],]]
[10755,18,[[10756,0],[10754,0],[10883,0],[10882,0],[10627,0],]]
[10756,8,[[10755,0],[10757,0],[10884,0],[10628,0],]]
[10757,18,[[10758,0],[10756,0],[10885,0],[10884,0],[10629,0],]]
[10758,4,[[10757,0],[10759,0],[10886,0],[10630,0],]]
[10759,5,[[10760,0],[10758,0],[10887,0],[10886,0],[10631,0],]]
[10760,1,[[10759,0],[10761,0],[10888,0],[10632,0],]]
[10761,15,[[10762,0],[10760,0],[10889,0],[10888,0],[10633,0],]]
[10762,16,[[10761,0],[10763,0],[10890,0],[10634,0],]]
[10763,2,[[10764,0],[10762,0],[10891,0],[10890,0],[10635,0],]]
[10764,15,[[10763,0],[10765,0],[10892,0],[10636,0],]]
[10765,18,[[10766,0],[10764,0],[10893,0],[10892,0],[10637,0],]]
[10766,2,[[10765,0],[10767,0],[10894,0],[10638,0],]]
[10767,10,[[10768,0],[10766,0],[10895,0],[10894,0],[10639,0],]]
[10768,4,[[10767,0],[10769,0],[10896,0],[10640,0],]]
[10769,13,[[10770,0],[10768,0],[10897,0],[10896,0],[10641,0],]]
[10770,1,[[10769,0],[10771,0],[10898,0],[10642,0],]]
[10771,6,[[10772,0],[10770,0],[10899,0],[10898,0],[10643,0],]]
[10772,13,[[10771,0],[10773,0],[10900,0],[10644,0],]]
[10773,2,[[10774,0],[10772,0],[10901,0],[10900,0],[10645,0],]]
[10774,16,[[10773,0],[10775,0],[10902,0],[10646,0],]]
[10775,9,[[10776,0],[10774,0],[10903,0],[10902,0],[10647,0],]]
[10776,9,[[10775,0],[10777,0],[10904,0],[10648,0],]]
[10777,11,[[10778,0],[10776,0],[10905,0],[10904,0],[10649,0],]]
[10778,2,[[10777,0],[10779,0],[10906,0],[10650,0],]]
[10779,7,[[10780,0],[10778,0],[10907,0],[10906,0],[10651,0],]]
[10780,1,[[10779,0],[10781,0],[10908,0],[10652,0],]]
[10781,9,[[10782,0],[10780,0],[10909,0],[10908,0],[10653,0],]]
[10782,10,[[10781,0],[10783,0],[10910,0],[10654,0],]]
[10783,10,[[10784,0],[10782,0],[10911,0],[10910,0],[10655,0],]]
[10784,4,[[10783,0],[10785,0],[10912,0],[10656,0],]]
[10785,1,[[10786,0],[10784,0],[10913,0],[10912,0],[10657,0],]]
[10786,3,[[10785,0],[10787,0],[10914,0],[10658,0],]]
[10787,15,[[10788,0],[10786,0],[10915,0],[10914,0],[10659,0],]]
[10788,8,[[10787,0],[10789,0],[10916,0],[10660,0],]]
[10789,3,[[10790,0],[10788,0],[10917,0],[10916,0],[10661,0],]]
[10790,15,[[10789,0],[10791,0],[10918,0],[10662,0],]]
[10791,16,[[10792,0],[10790,0],[10919,0],[10918,0],[10663,0],]]
[10792,7,[[10791,0],[10793,0],[10920,0],[10664,0],]]
[10793,4,[[10794,0],[10792,0],[10921,0],[10920,0],[10665,0],]]
[10794,12,[[10793,0],[10795,0],[10922,0],[10666,0],]]
[10795,4,[[10796,0],[10794,0],[10923,0],[10922,0],[10667,0],]]
[10796,1,[[10795,0],[10797,0],[10924,0],[10668,0],]]
[10797,17,[[10798,0],[10796,0],[10925,0],[10924,0],[10669,0],]]
[10798,10,[[10797,0],[10799,0],[10926,0],[10670,0],]]
[10799,9,[[10800,0],[10798,0],[10927,0],[10926,0],[10671,0],]]
[10800,14,[[10799,0],[10801,0],[10928,0],[10672,0],]]
[10801,14,[[10802,0],[10800,0],[10929,0],[10928,0],[10673,0],]]
[10802,15,[[10801,0],[10803,0],[10930,0],[10674,0],]]
[10803,18,[[10804,0],[10802,0],[10931,0],[10930,0],[10675,0],]]
[10804,2,[[10803,0],[10805,0],[10932,0],[10676,0],]]
[10805,11,[[10806,0],[10804,0],[10933,0],[10932,0],[10677,0],]]
[10806,6,[[10805,0],[10807,0],[10934,0],[10678,0],]]
[10807,19,[[10808,0],[10806,0],[10935,0],[10934,0],[10679,0],]]
[10808,14,[[10807,0],[10809,0],[10936,0],[10680,0],]]
[10809,15,[[10810,0],[10808,0],[10937,0],[10936,0],[10681,0],]]
[10810,11,[[10809,0],[10811,0],[10938,0],[10682,0],]]
[10811,7,[[10812,0],[10810,0],[10939,0],[10938,0],[10683,0],]]
[10812,15,[[10811,0],[10813,0],[10940,0],[10684,0],]]
