[11141,1,[[11142,0],[11140,0],[11013,0],[11269,0],]]
[11142,13,[[11141,0],[11143,0],[11014,0],[11015,0],[11270,0],]]
[11143,10,[[11144,0],[11142,0],[11015,0],[11271,0],]]
[11144,1,[[11143,0],[11145,0],[11016,0],[11017,0],[11272,0],]]
[11145,18,[[11146,0],[11144,0],[11017,0],[11273,0],]]
[11146,16,[[11145,0],[11147,0],[11018,0],[11019,0],[11274,0],]]
[11147,17,[[11148,0],[11146,0],[11019,0],[11275,0],]]
[11148,2,[[11147,0],[11149,0],[11020,0],[11021,0],[11276,0],]]
[11149,8,[[11150,0],[11148,0],[11021,0],[11277,0],]]
[11150,16,[[11149,0],[11151,0],[11022,0],[11023,0],[11278,0],]]
[11151,18,[[11152,0],[11150,0],[11023,0],[11279,0],]]
[11152,2,[[11151,0],[11153,0],[11024,0],[11025,0],[11280,0],]]
[11153,13,[[11154,0],[11152,0],[11025,0],[11281,0],]]
[11154,18,[[11153,0],[11155,0],[11026,0],[11027,0],[11282,0],]]
[11155,3,[[11156,0],[11154,0],[11027,0],[11283,0],]]
[11156,17,[[11155,0],[11157,0],[11028,0],[11029,0],[11284,0],]]
[11157,17,[[11158,0],[11156,0],[11029,0],[11285,0],]]
[11158,6,[[11157,0],[11159,0],[11030,0],[11031,0],[11286,0],]]
[11159,12,[[11160,0],[11158,0],[11031,0],[11287,0],]]
[11160,11,[[11159,0],[11161,0],[11032,0],[11033,0],[11288,0],]]
[11161,10,[[11162,0],[11160,0],[11033,0],[11289,0],]]
[11162,15,[[11161,0],[11163,0],[11034,0],[11035,0],[11290,0],]]
[11163,1,[[11164,0],[11162,0],[11035,0],[11291,0],]]
[11164,13,[[11163,0],[11165,0],[11036,0],[11037,0],[11292,0],]]
[11165,3,[[11166,0],[11164,0],[11037,0],[11293,0],]]
[11166,6,[[11165,0],[11167,0],[11038,0],[11039,0],[11294,0],]]
[11167,18,[[11168,0],[11166,0],[11039,0],[11295,0],]]
[11168,15,[[11167,0],[11169,0],[11040,0],[11041,0],[11296,0],]]
[11169,15,[[11170,0],[11168,0],[11041,0],[11297,0],]]
[11170,2,[[11169,0],[11171,0],[11042,0],[11043,0],[11298,0],]]
[11171,9,[[11172,0],[11170,0],[11043,0],[11299,0],]]
[11172,18,[[11171,0],[11173,0],[11044,0],[11045,0],[11300,0],]]
[11173,14,[[11174,0],[11172,0],[11045,0],[11301,0],]]
[11174,15,[[11173,0],[11175,0],[11046,0],[11047,0],[11302,0],]]
[11175,12,[[11176,0],[11174,0],[11047,0],[11303,0],]]
[11176,18,[[11175,0],[11177,0],[11048,0],[11049,0],[11304,0],]]
[11177,10,[[11178,0],[11176,0],[11049,0],[11305,0],]]
[11178,8,[[11177,0],[11179,0],[11050,0],[11051,0],[11306,0],]]
[11179,2,[[11180,0],[11178,0],[11051,0],[11307,0],]]
[11180,3,[[11179,0],[11181,0],[11052,0],[11053,0],[11308,0],]]
[11181,6,[[11182,0],[11180,0],[11053,0],[11309,0],]]
[11182,15,[[11181,0],[11183,0],[11054,0],[11055,0],[11310,0],]]
[11183,11,[[11184,0],[11182,0],[11055,0],[11311,0],]]
[11184,10,[[11183,0],[11185,0],[11056,0],[11057,0],[11312,0],]]
[11185,19,[[11186,0],[11184,0],[11057,0],[11313,0],]]
[11186,6,[[11185,0],[11187,0],[11058,0],[11059,0],[11314,0],]]
[11187,5,[[11188,0],[11186,0],[11059,0],[11315,0],]]
[11188,18,[[11187,0],[11189,0],[11060,0],[11061,0],[11316,0],]]
[11189,3,[[11190,0],[11188,0],[11061,0],[11317,0],]]
[11190,12,[[11189,0],[11191,0],[11062,0],[11063,0],[11318,0],]]
[11191,4,[[11192,0],[11190,0],[11063,0],[11319,0],]]
[11192,11,[[11191,0],[11193,0],[11064,0],[11065,0],[11320,0],]]
[11193,6,[[11194,0],[11192,0],[11065,0],[11321,0],]]
[11194,11,[[11193,0],[11195,0],[11066,0],[11067,0],[11322,0],]]
[11195,2,[[11196,0],[11194,0],[11067,0],[11323,0],]]
[11196,4,[[11195,0],[11197,0],[11068,0],[11069,0],[11324,0],]]
[11197,12,[[11198,0],[11196,0],[11069,0],[11325,0],]]
[11198,3,[[11197,0],[11199,0],[11070,0],[11071,0],[11326,0],]]
[11199,12,[[11200,0],[11198,0],[11071,0],[11327,0],]]
[11200,15,[[11199,0],[11201,0],[11072,0],[11073,0],[11328,0],]]
[11201,7,[[11202,0],[11200,0],[11073,0],[11329,0],]]
[11202,3,[[11201,0],[11203,0],[11074,0],[11075,0],[11330,0],]]
[11203,6,[[11204,0],[11202,0],[11075,0],[11331,0],]]
[11204,14,[[11203,0],[11205,0],[11076,0],[11077,0],[11332,0],]]
[11205,16,[[11206,0],[11204,0],[11077,0],[11333,0],]]
[11206,8,[[11205,0],[11207,0],[11078,0],[11079,0],[11334,0],]]
[11207,5,[[11208,0],[11206,0],[11079,0],[11335,0],]]
[11208,10,[[11207,0],[11209,0],[11080,0],[11081,0],[11336,0],]]
[11209,15,[[11210,0],[11208,0],[11081,0],[11337,0],]]
[11210,4,[[11209,0],[11211,0],[11082,0],[11083,0],[11338,0],]]
[11211,11,[[11212,0],[11210,0],[11083,0],[11339,0],]]
[11212,13,[[11211,0],[11213,0],[11084,0],[11085,0],[11340,0],]]
[11213,2,[[11214,0],[11212,0],[11085,0],[11341,0],]]
[11214,13,[[11213,0],[11215,0],[11086,0],[11087,0],[11342,0],]]
[11215,3,[[11216,0],[11214,0],[11087,0],[11343,0],]]
[11216,4,[[11215,0],[11217,0],[11088,0],[11089,0],[11344,0],]]
[11217,4,[[11218,0],[11216,0],[11089,0],[11345,0],]]
[11218,14,[[11217,0],[11219,0],[11090,0],[11091,0],[11346,0],]]
[11219,5,[[11220,0],[11218,0],[11091,0],[11347,0],]]
[11220,8,[[11219,0],[11221,0],[11092,0],[11093,0],[11348,0],]]
[11221,10,[[11222,0],[11220,0],[11093,0],[11349,0],]]
[11222,11,[[11221,0],[11223,0],[11094,0],[11095,0],[11350,0],]]
[11223,8,[[11224,0],[11222,0],[11095,0],[11351,0],]]
[11224,14,[[11223,0],[11225,0],[11096,0],[11097,0],[11352,0],]]
[11225,10,[[11226,0],[11224,0],[11097,0],[11353,0],]]
[11226,18,[[11225,0],[11227,0],[11098,0],[11099,0],[11354,0],]]
[11227,11,[[11228,0],[11226,0],[11099,0],[11355,0],]]
[11228,16,[[11227,0],[11229,0],[11100,0],[11101,0],[11356,0],]]
[11229,7,[[11230,0],[11228,0],[11101,0],[11357,0],]]
[11230,10,[[11229,0],[11231,0],[11102,0],[11103,0],[11358,0],]]
[11231,17,[[11232,0],[11230,0],[11103,0],[11359,0],]]
[11232,14,[[11231,0],[11233,0],[11104,0],[11105,0],[11360,0],]]
[11233,6,[[11234,0],[11232,0],[11105,0],[11361,0],]]
[11234,13,[[11233,0],[11235,0],[11106,0],[11107,0],[11362,0],]]
[11235,3,[[11236,0],[11234,0],[11107,0],[11363,0],]]
[11236,1,[[11235,0],[11237,0],[11108,0],[11109,0],[11364,0],]]
[11237,7,[[11238,0],[11236,0],[11109,0],[11365,0],]]
[11238,18,[[11237,0],[11239,0],[11110,0],[11111,0],[11366,0],]]
[11239,12,[[11240,0],[11238,0],[11111,0],[11367,0],]]
[11240,8,[[11239,0],[11241,0],[11112,0],[11113,0],[11368,0],]]
[11241,19,[[11242,0],[11240,0],[11113,0],[11369,0],]]
[11242,11,[[11241,0],[11243,0],[11114,0],[11115,0],[11370,0],]]
[11243,3,[[11244,0],[11242,0],[11115,0],[11371,0],]]
[11244,19,[[11243,0],[11245,0],[11116,0],[11117,0],[11372,0],]]
[11245,12,[[11246,0],[11244,0],[11117,0],[11373,0],]]
[11246,6,[[11245,0],[11247,0],[11118,0],[11119,0],[11374,0],]]
[11247,16,[[11248,0],[11246,0],[11119,0],[11375,0],]]
[11248,6,[[11247,0],[11249,0],[11120,0],[11121,0],[11376,0],]]
[11249,12,[[11250,0],[11248,0],[11121,0],[11377,0],]]
[11250,8,[[11249,0],[11251,0],[11122,0],[11123,0],[11378,0],]]
[11251,11,[[11252,0],[11250,0],[11123,0],[11379,0],]]
[11252,18,[[11251,0],[11253,0],[11124,0],[11125,0],[11380,0],]]
[11253,13,[[11254,0],[11252,0],[11125,0],[11381,0],]]
[11254,10,[[11253,0],[11255,0],[11126,0],[11127,0],[11382,0],]]
[11255,6,[[11256,0],[11254,0],[11127,0],[11383,0],]]
[11256,13,[[11255,0],[11257,0],[11128,0],[11129,0],[11384,0],]]
[11257,6,[[11258,0],[11256,0],[11129,0],[11385,0],]]
[11258,2,[[11257,0],[11259,0],[11130,0],[11131,0],[11386,0],]]
[11259,16,[[11260,0],[11258,0],[11131,0],[11387,0],]]
[11260,14,[[11259,0],[11261,0],[11132,0],[11133,0],[11388,0],]]
[11261,4,[[11262,0],[11260,0],[11133,0],[11389,0],]]
[11262,14,[[11261,0],[11263,0],[11134,0],[11135,0],[11390,0],]]
[11263,1,[[11262,0],[11135,0],[11391,0],]]
[11264,15,[[11265,0],[11392,0],[11136,0],]]
[11265,18,[[11266,0],[11264,0],[11393,0],[11392,0],[11137,0],]]
[11266,13,[[11265,0],[11267,0],[11394,0],[11138,0],]]
[11267,1,[[11268,0],[11266,0],[11395,0],[11394,0],[11139,0],]]
[11268,4,[[11267,0],[11269,0],[11396,0],[11140,0],]]
[11269,2,[[11270,0],[11268,0],[11397,0],[11396,0],[11141,0],]]
[11270,14,[[11269,0],[11271,0],[11398,0],[11142,0],]]
[11271,1,[[11272,0],[11270,0],[11399,0],[11398,0],[11143,0],]]
[11272,15,[[11271,0],[11273,0],[11400,0],[11144,0],]]
[11273,18,[[11274,0],[11272,0],[11401,0],[11400,0],[11145,0],]]
[11274,9,[[11273,0],[11275,0],[11402,0],[11146,0],]]
[11275,16,[[11276,0],[11274,0],[11403,0],[11402,0],[11147,0],]]
[11276,16,[[11275,0],[11277,0],[11404,0],[11148,0],]]
[11277,6,[[11278,0],[11276,0],[11405,0],[11404,0],[11149,0],]]
[11278,12,[[11277,0],[11279,0],[11406,0],[11150,0],]]
[11279,6,[[11280,0],[11278,0],[11407,0],[11406,0],[11151,0],]]
[11280,4,[[11279,0],[11281,0],[11408,0],[11152,0],]]
[11281,19,[[11282,0],[11280,0],[11409,0],[11408,0],[11153,0],]]
[11282,9,[[11281,0],[11283,0],[11410,0],[11154,0],]]
[11283,7,[[11284,0],[11282,0],[11411,0],[11410,0],[11155,0],]]
[11284,8,[[11283,0],[11285,0],[11412,0],[11156,0],]]
[11285,19,[[11286,0],[11284,0],[11413,0],[11412,0],[11157,0],]]
[11286,1,[[11285,0],[11287,0],[11414,0],[11158,0],]]
[11287,18,[[11288,0],[11286,0],[11415,0],[11414,0],[11159,0],]]
[11288,12,[[11287,0],[11289,0],[11416,0],[11160,0],]]
[11289,13,[[11290,0],[11288,0],[11417,0],[11416,0],[11161,0],]]
[11290,15,[[11289,0],[11291,0],[11418,0],[11162,0],]]
[11291,17,[[11292,0],[11290,0],[11419,0],[11418,0],[11163,0],]]
[11292,4,[[11291,0],[11293,0],[11420,0],[11164,0],]]
[11293,4,[[11294,0],[11292,0],[11421,0],[11420,0],[11165,0],]]
[11294,12,[[11293,0],[11295,0],[11422,0],[11166,0],]]
[11295,17,[[11296,0],[11294,0],[11423,0],[11422,0],[11167,0],]]
[11296,11,[[11295,0],[11297,0],[11424,0],[11168,0],]]
[11297,17,[[11298,0],[11296,0],[11425,0],[11424,0],[11169,0],]]
[11298,6,[[11297,0],[11299,0],[11426,0],[11170,0],]]
[11299,5,[[11300,0],[11298,0],[11427,0],[11426,0],[11171,0],]]
[11300,9,[[11299,0],[11301,0],[11428,0],[11172,0],]]
[11301,7,[[11302,0],[11300,0],[11429,0],[11428,0],[11173,0],]]
[11302,19,[[11301,0],[11303,0],[11430,0],[11174,0],]]
[11303,11,[[11304,0],[11302,0],[11431,0],[11430,0],[11175,0],]]
