[12779,5,[[12780,0],[12778,0],[12651,0],[12907,0],]]
[12780,10,[[12779,0],[12781,0],[12652,0],[12653,0],[12908,0],]]
[12781,8,[[12782,0],[12780,0],[12653,0],[12909,0],]]
[12782,5,[[12781,0],[12783,0],[12654,0],[12655,0],[12910,0],]]
[12783,17,[[12784,0],[12782,0],[12655,0],[12911,0],]]
[12784,12,[[12783,0],[12785,0],[12656,0],[12657,0],[12912,0],]]
[12785,5,[[12786,0],[12784,0],[12657,0],[12913,0],]]
[12786,11,[[12785,0],[12787,0],[12658,0],[12659,0],[12914,0],]]
[12787,1,[[12788,0],[12786,0],[12659,0],[12915,0],]]
[12788,19,[[12787,0],[12789,0],[12660,0],[12661,0],[12916,0],]]
[12789,13,[[12790,0],[12788,0],[12661,0],[12917,0],]]
[12790,7,[[12789,0],[12791,0],[12662,0],[12663,0],[12918,0],]]
[12791,13,[[12792,0],[12790,0],[12663,0],[12919,0],]]
[12792,1,[[12791,0],[12793,0],[12664,0],[12665,0],[12920,0],]]
[12793,18,[[12794,0],[12792,0],[12665,0],[12921,0],]]
[12794,18,[[12793,0],[12795,0],[12666,0],[12667,0],[12922,0],]]
[12795,10,[[12796,0],[12794,0],[12667,0],[12923,0],]]
[12796,4,[[12795,0],[12797,0],[12668,0],[12669,0],[12924,0],]]
[12797,1,[[12798,0],[12796,0],[12669,0],[12925,0],]]
[12798,4,[[12797,0],[12799,0],[12670,0],[12671,0],[12926,0],]]
[12799,15,[[12798,0],[12671,0],[12927,0],]]
[12800,16,[[12801,0],[12928,0],[12672,0],]]
[12801,2,[[12802,0],[12800,0],[12929,0],[12928,0],[12673,0],]]
[12802,17,[[12801,0],[12803,0],[12930,0],[12674,0],]]
[12803,5,[[12804,0],[12802,0],[12931,0],[12930,0],[12675,0],]]
[12804,19,[[12803,0],[12805,0],[12932,0],[12676,0],]]
[12805,19,[[12806,0],[12804,0],[12933,0],[12932,0],[12677,0],]]
[12806,11,[[12805,0],[12807,0],[12934,0],[12678,0],]]
[12807,14,[[12808,0],[12806,0],[12935,0],[12934,0],[12679,0],]]
[12808,5,[[12807,0],[12809,0],[12936,0],[12680,0],]]
[12809,10,[[12810,0],[12808,0],[12937,0],[12936,0],[12681,0],]]
[12810,19,[[12809,0],[12811,0],[12938,0],[12682,0],]]
[12811,13,[[12812,0],[12810,0],[12939,0],[12938,0],[12683,0],]]
[12812,1,[[12811,0],[12813,0],[12940,0],[12684,0],]]
[12813,12,[[12814,0],[12812,0],[12941,0],[12940,0],[12685,0],]]
[12814,10,[[12813,0],[12815,0],[12942,0],[12686,0],]]
[12815,16,[[12816,0],[12814,0],[12943,0],[12942,0],[12687,0],]]
[12816,5,[[12815,0],[12817,0],[12944,0],[12688,0],]]
[12817,17,[[12818,0],[12816,0],[12945,0],[12944,0],[12689,0],]]
[12818,13,[[12817,0],[12819,0],[12946,0],[12690,0],]]
[12819,14,[[12820,0],[12818,0],[12947,0],[12946,0],[12691,0],]]
[12820,9,[[12819,0],[12821,0],[12948,0],[12692,0],]]
[12821,16,[[12822,0],[12820,0],[12949,0],[12948,0],[12693,0],]]
[12822,11,[[12821,0],[12823,0],[12950,0],[12694,0],]]
[12823,12,[[12824,0],[12822,0],[12951,0],[12950,0],[12695,0],]]
[12824,4,[[12823,0],[12825,0],[12952,0],[12696,0],]]
[12825,12,[[12826,0],[12824,0],[12953,0],[12952,0],[12697,0],]]
[12826,8,[[12825,0],[12827,0],[12954,0],[12698,0],]]
[12827,10,[[12828,0],[12826,0],[12955,0],[12954,0],[12699,0],]]
[12828,1,[[12827,0],[12829,0],[12956,0],[12700,0],]]
[12829,17,[[12830,0],[12828,0],[12957,0],[12956,0],[12701,0],]]
[12830,5,[[12829,0],[12831,0],[12958,0],[12702,0],]]
[12831,17,[[12832,0],[12830,0],[12959,0],[12958,0],[12703,0],]]
[12832,10,[[12831,0],[12833,0],[12960,0],[12704,0],]]
[12833,3,[[12834,0],[12832,0],[12961,0],[12960,0],[12705,0],]]
[12834,2,[[12833,0],[12835,0],[12962,0],[12706,0],]]
[12835,8,[[12836,0],[12834,0],[12963,0],[12962,0],[12707,0],]]
[12836,12,[[12835,0],[12837,0],[12964,0],[12708,0],]]
[12837,17,[[12838,0],[12836,0],[12965,0],[12964,0],[12709,0],]]
[12838,7,[[12837,0],[12839,0],[12966,0],[12710,0],]]
[12839,12,[[12840,0],[12838,0],[12967,0],[12966,0],[12711,0],]]
[12840,5,[[12839,0],[12841,0],[12968,0],[12712,0],]]
[12841,11,[[12842,0],[12840,0],[12969,0],[12968,0],[12713,0],]]
[12842,14,[[12841,0],[12843,0],[12970,0],[12714,0],]]
[12843,1,[[12844,0],[12842,0],[12971,0],[12970,0],[12715,0],]]
[12844,19,[[12843,0],[12845,0],[12972,0],[12716,0],]]
[12845,16,[[12846,0],[12844,0],[12973,0],[12972,0],[12717,0],]]
[12846,9,[[12845,0],[12847,0],[12974,0],[12718,0],]]
[12847,18,[[12848,0],[12846,0],[12975,0],[12974,0],[12719,0],]]
[12848,7,[[12847,0],[12849,0],[12976,0],[12720,0],]]
[12849,3,[[12850,0],[12848,0],[12977,0],[12976,0],[12721,0],]]
[12850,10,[[12849,0],[12851,0],[12978,0],[12722,0],]]
[12851,11,[[12852,0],[12850,0],[12979,0],[12978,0],[12723,0],]]
[12852,4,[[12851,0],[12853,0],[12980,0],[12724,0],]]
[12853,9,[[12854,0],[12852,0],[12981,0],[12980,0],[12725,0],]]
[12854,13,[[12853,0],[12855,0],[12982,0],[12726,0],]]
[12855,7,[[12856,0],[12854,0],[12983,0],[12982,0],[12727,0],]]
[12856,5,[[12855,0],[12857,0],[12984,0],[12728,0],]]
[12857,19,[[12858,0],[12856,0],[12985,0],[12984,0],[12729,0],]]
[12858,2,[[12857,0],[12859,0],[12986,0],[12730,0],]]
[12859,6,[[12860,0],[12858,0],[12987,0],[12986,0],[12731,0],]]
[12860,19,[[12859,0],[12861,0],[12988,0],[12732,0],]]
[12861,3,[[12862,0],[12860,0],[12989,0],[12988,0],[12733,0],]]
[12862,3,[[12861,0],[12863,0],[12990,0],[12734,0],]]
[12863,7,[[12864,0],[12862,0],[12991,0],[12990,0],[12735,0],]]
[12864,18,[[12863,0],[12865,0],[12992,0],[12736,0],]]
[12865,3,[[12866,0],[12864,0],[12993,0],[12992,0],[12737,0],]]
[12866,14,[[12865,0],[12867,0],[12994,0],[12738,0],]]
[12867,15,[[12868,0],[12866,0],[12995,0],[12994,0],[12739,0],]]
[12868,3,[[12867,0],[12869,0],[12996,0],[12740,0],]]
[12869,9,[[12870,0],[12868,0],[12997,0],[12996,0],[12741,0],]]
[12870,18,[[12869,0],[12871,0],[12998,0],[12742,0],]]
[12871,9,[[12872,0],[12870,0],[12999,0],[12998,0],[12743,0],]]
[12872,1,[[12871,0],[12873,0],[13000,0],[12744,0],]]
[12873,10,[[12874,0],[12872,0],[13001,0],[13000,0],[12745,0],]]
[12874,13,[[12873,0],[12875,0],[13002,0],[12746,0],]]
[12875,4,[[12876,0],[12874,0],[13003,0],[13002,0],[12747,0],]]
[12876,11,[[12875,0],[12877,0],[13004,0],[12748,0],]]
[12877,5,[[12878,0],[12876,0],[13005,0],[13004,0],[12749,0],]]
[12878,8,[[12877,0],[12879,0],[13006,0],[12750,0],]]
[12879,7,[[12880,0],[12878,0],[13007,0],[13006,0],[12751,0],]]
[12880,7,[[12879,0],[12881,0],[13008,0],[12752,0],]]
[12881,18,[[12882,0],[12880,0],[13009,0],[13008,0],[12753,0],]]
[12882,7,[[12881,0],[12883,0],[13010,0],[12754,0],]]
[12883,4,[[12884,0],[12882,0],[13011,0],[13010,0],[12755,0],]]
[12884,1,[[12883,0],[12885,0],[13012,0],[12756,0],]]
[12885,18,[[12886,0],[12884,0],[13013,0],[13012,0],[12757,0],]]
[12886,4,[[12885,0],[12887,0],[13014,0],[12758,0],]]
[12887,6,[[12888,0],[12886,0],[13015,0],[13014,0],[12759,0],]]
[12888,9,[[12887,0],[12889,0],[13016,0],[12760,0],]]
[12889,17,[[12890,0],[12888,0],[13017,0],[13016,0],[12761,0],]]
[12890,11,[[12889,0],[12891,0],[13018,0],[12762,0],]]
[12891,9,[[12892,0],[12890,0],[13019,0],[13018,0],[12763,0],]]
[12892,9,[[12891,0],[12893,0],[13020,0],[12764,0],]]
[12893,14,[[12894,0],[12892,0],[13021,0],[13020,0],[12765,0],]]
[12894,14,[[12893,0],[12895,0],[13022,0],[12766,0],]]
[12895,8,[[12896,0],[12894,0],[13023,0],[13022,0],[12767,0],]]
[12896,4,[[12895,0],[12897,0],[13024,0],[12768,0],]]
[12897,18,[[12898,0],[12896,0],[13025,0],[13024,0],[12769,0],]]
[12898,15,[[12897,0],[12899,0],[13026,0],[12770,0],]]
[12899,1,[[12900,0],[12898,0],[13027,0],[13026,0],[12771,0],]]
[12900,9,[[12899,0],[12901,0],[13028,0],[12772,0],]]
[12901,11,[[12902,0],[12900,0],[13029,0],[13028,0],[12773,0],]]
[12902,14,[[12901,0],[12903,0],[13030,0],[12774,0],]]
[12903,18,[[12904,0],[12902,0],[13031,0],[13030,0],[12775,0],]]
[12904,11,[[12903,0],[12905,0],[13032,0],[12776,0],]]
[12905,5,[[12906,0],[12904,0],[13033,0],[13032,0],[12777,0],]]
[12906,1,[[12905,0],[12907,0],[13034,0],[12778,0],]]
[12907,2,[[12908,0],[12906,0],[13035,0],[13034,0],[12779,0],]]
[12908,6,[[12907,0],[12909,0],[13036,0],[12780,0],]]
[12909,3,[[12910,0],[12908,0],[13037,0],[13036,0],[12781,0],]]
[12910,18,[[12909,0],[12911,0],[13038,0],[12782,0],]]
[12911,11,[[12912,0],[12910,0],[13039,0],[13038,0],[12783,0],]]
[12912,14,[[12911,0],[12913,0],[13040,0],[12784,0],]]
[12913,5,[[12914,0],[12912,0],[13041,0],[13040,0],[12785,0],]]
[12914,14,[[12913,0],[12915,0],[13042,0],[12786,0],]]
[12915,1,[[12916,0],[12914,0],[13043,0],[13042,0],[12787,0],]]
[12916,4,[[12915,0],[12917,0],[13044,0],[12788,0],]]
[12917,13,[[12918,0],[12916,0],[13045,0],[13044,0],[12789,0],]]
[12918,6,[[12917,0],[12919,0],[13046,0],[12790,0],]]
[12919,6,[[12920,0],[12918,0],[13047,0],[13046,0],[12791,0],]]
[12920,5,[[12919,0],[12921,0],[13048,0],[12792,0],]]
[12921,3,[[12922,0],[12920,0],[13049,0],[13048,0],[12793,0],]]
[12922,7,[[12921,0],[12923,0],[13050,0],[12794,0],]]
[12923,6,[[12924,0],[12922,0],[13051,0],[13050,0],[12795,0],]]
[12924,3,[[12923,0],[12925,0],[13052,0],[12796,0],]]
[12925,3,[[12926,0],[12924,0],[13053,0],[13052,0],[12797,0],]]
[12926,7,[[12925,0],[12927,0],[13054,0],[12798,0],]]
[12927,4,[[12926,0],[13055,0],[13054,0],[12799,0],]]
[12928,7,[[12929,0],[12800,0],[12801,0],[13056,0],]]
[12929,13,[[12930,0],[12928,0],[12801,0],[13057,0],]]
[12930,15,[[12929,0],[12931,0],[12802,0],[12803,0],[13058,0],]]
[12931,14,[[12932,0],[12930,0],[12803,0],[13059,0],]]
[12932,4,[[12931,0],[12933,0],[12804,0],[12805,0],[13060,0],]]
[12933,19,[[12934,0],[12932,0],[12805,0],[13061,0],]]
[12934,14,[[12933,0],[12935,0],[12806,0],[12807,0],[13062,0],]]
[12935,10,[[12936,0],[12934,0],[12807,0],[13063,0],]]
[12936,2,[[12935,0],[12937,0],[12808,0],[12809,0],[13064,0],]]
[12937,19,[[12938,0],[12936,0],[12809,0],[13065,0],]]
[12938,2,[[12937,0],[12939,0],[12810,0],[12811,0],[13066,0],]]
[12939,6,[[12940,0],[12938,0],[12811,0],[13067,0],]]
[12940,19,[[12939,0],[12941,0],[12812,0],[12813,0],[13068,0],]]
[12941,2,[[12942,0],[12940,0],[12813,0],[13069,0],]]
[12942,4,[[12941,0],[12943,0],[12814,0],[12815,0],[13070,0],]]
