[11796,18,[[11795,0],[11797,0],[11924,0],[11668,0],]]
[11797,14,[[11798,0],[11796,0],[11925,0],[11924,0],[11669,0],]]
[11798,2,[[11797,0],[11799,0],[11926,0],[11670,0],]]
[11799,15,[[11800,0],[11798,0],[11927,0],[11926,0],[11671,0],]]
[11800,6,[[11799,0],[11801,0],[11928,0],[11672,0],]]
[11801,10,[[11802,0],[11800,0],[11929,0],[11928,0],[11673,0],]]
[11802,17,[[11801,0],[11803,0],[11930,0],[11674,0],]]
[11803,4,[[11804,0],[11802,0],[11931,0],[11930,0],[11675,0],]]
[11804,14,[[11803,0],[11805,0],[11932,0],[11676,0],]]
[11805,15,[[11806,0],[11804,0],[11933,0],[11932,0],[11677,0],]]
[11806,7,[[11805,0],[11807,0],[11934,0],[11678,0],]]
[11807,5,[[11808,0],[11806,0],[11935,0],[11934,0],[11679,0],]]
[11808,3,[[11807,0],[11809,0],[11936,0],[11680,0],]]
[11809,12,[[11810,0],[11808,0],[11937,0],[11936,0],[11681,0],]]
[11810,8,[[11809,0],[11811,0],[11938,0],[11682,0],]]
[11811,5,[[11812,0],[11810,0],[11939,0],[11938,0],[11683,0],]]
[11812,1,[[11811,0],[11813,0],[11940,0],[11684,0],]]
[11813,11,[[11814,0],[11812,0],[11941,0],[11940,0],[11685,0],]]
[11814,12,[[11813,0],[11815,0],[11942,0],[11686,0],]]
[11815,18,[[11816,0],[11814,0],[11943,0],[11942,0],[11687,0],]]
[11816,2,[[11815,0],[11817,0],[11944,0],[11688,0],]]
[11817,17,[[11818,0],[11816,0],[11945,0],[11944,0],[11689,0],]]
[11818,1,[[11817,0],[11819,0],[11946,0],[11690,0],]]
[11819,6,[[11820,0],[11818,0],[11947,0],[11946,0],[11691,0],]]
[11820,6,[[11819,0],[11821,0],[11948,0],[11692,0],]]
[11821,12,[[11822,0],[11820,0],[11949,0],[11948,0],[11693,0],]]
[11822,2,[[11821,0],[11823,0],[11950,0],[11694,0],]]
[11823,12,[[11824,0],[11822,0],[11951,0],[11950,0],[11695,0],]]
[11824,11,[[11823,0],[11825,0],[11952,0],[11696,0],]]
[11825,19,[[11826,0],[11824,0],[11953,0],[11952,0],[11697,0],]]
[11826,3,[[11825,0],[11827,0],[11954,0],[11698,0],]]
[11827,18,[[11828,0],[11826,0],[11955,0],[11954,0],[11699,0],]]
[11828,1,[[11827,0],[11829,0],[11956,0],[11700,0],]]
[11829,13,[[11830,0],[11828,0],[11957,0],[11956,0],[11701,0],]]
[11830,4,[[11829,0],[11831,0],[11958,0],[11702,0],]]
[11831,5,[[11832,0],[11830,0],[11959,0],[11958,0],[11703,0],]]
[11832,11,[[11831,0],[11833,0],[11960,0],[11704,0],]]
[11833,2,[[11834,0],[11832,0],[11961,0],[11960,0],[11705,0],]]
[11834,9,[[11833,0],[11835,0],[11962,0],[11706,0],]]
[11835,16,[[11836,0],[11834,0],[11963,0],[11962,0],[11707,0],]]
[11836,8,[[11835,0],[11837,0],[11964,0],[11708,0],]]
[11837,9,[[11838,0],[11836,0],[11965,0],[11964,0],[11709,0],]]
[11838,6,[[11837,0],[11839,0],[11966,0],[11710,0],]]
[11839,9,[[11840,0],[11838,0],[11967,0],[11966,0],[11711,0],]]
[11840,6,[[11839,0],[11841,0],[11968,0],[11712,0],]]
[11841,3,[[11842,0],[11840,0],[11969,0],[11968,0],[11713,0],]]
[11842,8,[[11841,0],[11843,0],[11970,0],[11714,0],]]
[11843,19,[[11844,0],[11842,0],[11971,0],[11970,0],[11715,0],]]
[11844,16,[[11843,0],[11845,0],[11972,0],[11716,0],]]
[11845,3,[[11846,0],[11844,0],[11973,0],[11972,0],[11717,0],]]
[11846,17,[[11845,0],[11847,0],[11974,0],[11718,0],]]
[11847,15,[[11848,0],[11846,0],[11975,0],[11974,0],[11719,0],]]
[11848,4,[[11847,0],[11849,0],[11976,0],[11720,0],]]
[11849,11,[[11850,0],[11848,0],[11977,0],[11976,0],[11721,0],]]
[11850,19,[[11849,0],[11851,0],[11978,0],[11722,0],]]
[11851,19,[[11852,0],[11850,0],[11979,0],[11978,0],[11723,0],]]
[11852,18,[[11851,0],[11853,0],[11980,0],[11724,0],]]
[11853,5,[[11854,0],[11852,0],[11981,0],[11980,0],[11725,0],]]
[11854,10,[[11853,0],[11855,0],[11982,0],[11726,0],]]
[11855,3,[[11856,0],[11854,0],[11983,0],[11982,0],[11727,0],]]
[11856,19,[[11855,0],[11857,0],[11984,0],[11728,0],]]
[11857,2,[[11858,0],[11856,0],[11985,0],[11984,0],[11729,0],]]
[11858,8,[[11857,0],[11859,0],[11986,0],[11730,0],]]
[11859,15,[[11860,0],[11858,0],[11987,0],[11986,0],[11731,0],]]
[11860,5,[[11859,0],[11861,0],[11988,0],[11732,0],]]
[11861,12,[[11862,0],[11860,0],[11989,0],[11988,0],[11733,0],]]
[11862,5,[[11861,0],[11863,0],[11990,0],[11734,0],]]
[11863,5,[[11864,0],[11862,0],[11991,0],[11990,0],[11735,0],]]
[11864,12,[[11863,0],[11865,0],[11992,0],[11736,0],]]
[11865,14,[[11866,0],[11864,0],[11993,0],[11992,0],[11737,0],]]
[11866,10,[[11865,0],[11867,0],[11994,0],[11738,0],]]
[11867,6,[[11868,0],[11866,0],[11995,0],[11994,0],[11739,0],]]
[11868,14,[[11867,0],[11869,0],[11996,0],[11740,0],]]
[11869,18,[[11870,0],[11868,0],[11997,0],[11996,0],[11741,0],]]
[11870,8,[[11869,0],[11871,0],[11998,0],[11742,0],]]
[11871,16,[[11872,0],[11870,0],[11999,0],[11998,0],[11743,0],]]
[11872,12,[[11871,0],[11873,0],[12000,0],[11744,0],]]
[11873,13,[[11874,0],[11872,0],[12001,0],[12000,0],[11745,0],]]
[11874,1,[[11873,0],[11875,0],[12002,0],[11746,0],]]
[11875,16,[[11876,0],[11874,0],[12003,0],[12002,0],[11747,0],]]
[11876,10,[[11875,0],[11877,0],[12004,0],[11748,0],]]
[11877,19,[[11878,0],[11876,0],[12005,0],[12004,0],[11749,0],]]
[11878,6,[[11877,0],[11879,0],[12006,0],[11750,0],]]
[11879,19,[[11880,0],[11878,0],[12007,0],[12006,0],[11751,0],]]
[11880,1,[[11879,0],[11881,0],[12008,0],[11752,0],]]
[11881,10,[[11882,0],[11880,0],[12009,0],[12008,0],[11753,0],]]
[11882,3,[[11881,0],[11883,0],[12010,0],[11754,0],]]
[11883,4,[[11884,0],[11882,0],[12011,0],[12010,0],[11755,0],]]
[11884,16,[[11883,0],[11885,0],[12012,0],[11756,0],]]
[11885,12,[[11886,0],[11884,0],[12013,0],[12012,0],[11757,0],]]
[11886,3,[[11885,0],[11887,0],[12014,0],[11758,0],]]
[11887,17,[[11888,0],[11886,0],[12015,0],[12014,0],[11759,0],]]
[11888,19,[[11887,0],[11889,0],[12016,0],[11760,0],]]
[11889,11,[[11890,0],[11888,0],[12017,0],[12016,0],[11761,0],]]
[11890,16,[[11889,0],[11891,0],[12018,0],[11762,0],]]
[11891,18,[[11892,0],[11890,0],[12019,0],[12018,0],[11763,0],]]
[11892,11,[[11891,0],[11893,0],[12020,0],[11764,0],]]
[11893,2,[[11894,0],[11892,0],[12021,0],[12020,0],[11765,0],]]
[11894,9,[[11893,0],[11895,0],[12022,0],[11766,0],]]
[11895,14,[[11896,0],[11894,0],[12023,0],[12022,0],[11767,0],]]
[11896,8,[[11895,0],[11897,0],[12024,0],[11768,0],]]
[11897,4,[[11898,0],[11896,0],[12025,0],[12024,0],[11769,0],]]
[11898,12,[[11897,0],[11899,0],[12026,0],[11770,0],]]
[11899,7,[[11900,0],[11898,0],[12027,0],[12026,0],[11771,0],]]
[11900,13,[[11899,0],[11901,0],[12028,0],[11772,0],]]
[11901,3,[[11902,0],[11900,0],[12029,0],[12028,0],[11773,0],]]
[11902,3,[[11901,0],[11903,0],[12030,0],[11774,0],]]
[11903,16,[[11902,0],[12031,0],[12030,0],[11775,0],]]
[11904,13,[[11905,0],[11776,0],[11777,0],[12032,0],]]
[11905,18,[[11906,0],[11904,0],[11777,0],[12033,0],]]
[11906,19,[[11905,0],[11907,0],[11778,0],[11779,0],[12034,0],]]
[11907,10,[[11908,0],[11906,0],[11779,0],[12035,0],]]
[11908,3,[[11907,0],[11909,0],[11780,0],[11781,0],[12036,0],]]
[11909,10,[[11910,0],[11908,0],[11781,0],[12037,0],]]
[11910,13,[[11909,0],[11911,0],[11782,0],[11783,0],[12038,0],]]
[11911,19,[[11912,0],[11910,0],[11783,0],[12039,0],]]
[11912,3,[[11911,0],[11913,0],[11784,0],[11785,0],[12040,0],]]
[11913,13,[[11914,0],[11912,0],[11785,0],[12041,0],]]
[11914,8,[[11913,0],[11915,0],[11786,0],[11787,0],[12042,0],]]
[11915,7,[[11916,0],[11914,0],[11787,0],[12043,0],]]
[11916,4,[[11915,0],[11917,0],[11788,0],[11789,0],[12044,0],]]
[11917,11,[[11918,0],[11916,0],[11789,0],[12045,0],]]
[11918,17,[[11917,0],[11919,0],[11790,0],[11791,0],[12046,0],]]
[11919,13,[[11920,0],[11918,0],[11791,0],[12047,0],]]
[11920,18,[[11919,0],[11921,0],[11792,0],[11793,0],[12048,0],]]
[11921,19,[[11922,0],[11920,0],[11793,0],[12049,0],]]
[11922,13,[[11921,0],[11923,0],[11794,0],[11795,0],[12050,0],]]
[11923,17,[[11924,0],[11922,0],[11795,0],[12051,0],]]
[11924,19,[[11923,0],[11925,0],[11796,0],[11797,0],[12052,0],]]
[11925,7,[[11926,0],[11924,0],[11797,0],[12053,0],]]
[11926,19,[[11925,0],[11927,0],[11798,0],[11799,0],[12054,0],]]
[11927,2,[[11928,0],[11926,0],[11799,0],[12055,0],]]
[11928,1,[[11927,0],[11929,0],[11800,0],[11801,0],[12056,0],]]
[11929,19,[[11930,0],[11928,0],[11801,0],[12057,0],]]
[11930,2,[[11929,0],[11931,0],[11802,0],[11803,0],[12058,0],]]
[11931,12,[[11932,0],[11930,0],[11803,0],[12059,0],]]
[11932,8,[[11931,0],[11933,0],[11804,0],[11805,0],[12060,0],]]
[11933,15,[[11934,0],[11932,0],[11805,0],[12061,0],]]
[11934,11,[[11933,0],[11935,0],[11806,0],[11807,0],[12062,0],]]
[11935,10,[[11936,0],[11934,0],[11807,0],[12063,0],]]
[11936,5,[[11935,0],[11937,0],[11808,0],[11809,0],[12064,0],]]
[11937,16,[[11938,0],[11936,0],[11809,0],[12065,0],]]
[11938,7,[[11937,0],[11939,0],[11810,0],[11811,0],[12066,0],]]
[11939,17,[[11940,0],[11938,0],[11811,0],[12067,0],]]
[11940,6,[[11939,0],[11941,0],[11812,0],[11813,0],[12068,0],]]
[11941,6,[[11942,0],[11940,0],[11813,0],[12069,0],]]
[11942,9,[[11941,0],[11943,0],[11814,0],[11815,0],[12070,0],]]
[11943,14,[[11944,0],[11942,0],[11815,0],[12071,0],]]
[11944,4,[[11943,0],[11945,0],[11816,0],[11817,0],[12072,0],]]
[11945,16,[[11946,0],[11944,0],[11817,0],[12073,0],]]
[11946,10,[[11945,0],[11947,0],[11818,0],[11819,0],[12074,0],]]
[11947,18,[[11948,0],[11946,0],[11819,0],[12075,0],]]
[11948,2,[[11947,0],[11949,0],[11820,0],[11821,0],[12076,0],]]
[11949,11,[[11950,0],[11948,0],[11821,0],[12077,0],]]
[11950,1,[[11949,0],[11951,0],[11822,0],[11823,0],[12078,0],]]
[11951,7,[[11952,0],[11950,0],[11823,0],[12079,0],]]
[11952,1,[[11951,0],[11953,0],[11824,0],[11825,0],[12080,0],]]
[11953,16,[[11954,0],[11952,0],[11825,0],[12081,0],]]
[11954,4,[[11953,0],[11955,0],[11826,0],[11827,0],[12082,0],]]
[11955,10,[[11956,0],[11954,0],[11827,0],[12083,0],]]
[11956,12,[[11955,0],[11957,0],[11828,0],[11829,0],[12084,0],]]
[11957,1,[[11958,0],[11956,0],[11829,0],[12085,0],]]
[11958,18,[[11957,0],[11959,0],[11830,0],[11831,0],[12086,0],]]
[11959,12,[[11960,0],[11958,0],[11831,0],[12087,0],]]
