[11960,14,[[11959,0],[11961,0],[11832,0],[11833,0],[12088,0],]]
[11961,2,[[11962,0],[11960,0],[11833,0],[12089,0],]]
[11962,17,[[11961,0],[11963,0],[11834,0],[11835,0],[12090,0],]]
[11963,8,[[11964,0],[11962,0],[11835,0],[12091,0],]]
[11964,12,[[11963,0],[11965,0],[11836,0],[11837,0],[12092,0],]]
[11965,4,[[11966,0],[11964,0],[11837,0],[12093,0],]]
[11966,12,[[11965,0],[11967,0],[11838,0],[11839,0],[12094,0],]]
[11967,15,[[11968,0],[11966,0],[11839,0],[12095,0],]]
[11968,8,[[11967,0],[11969,0],[11840,0],[11841,0],[12096,0],]]
[11969,1,[[11970,0],[11968,0],[11841,0],[12097,0],]]
[11970,13,[[11969,0],[11971,0],[11842,0],[11843,0],[12098,0],]]
[11971,10,[[11972,0],[11970,0],[11843,0],[12099,0],]]
[11972,4,[[11971,0],[11973,0],[11844,0],[11845,0],[12100,0],]]
[11973,11,[[11974,0],[11972,0],[11845,0],[12101,0],]]
[11974,17,[[11973,0],[11975,0],[11846,0],[11847,0],[12102,0],]]
[11975,1,[[11976,0],[11974,0],[11847,0],[12103,0],]]
[11976,14,[[11975,0],[11977,0],[11848,0],[11849,0],[12104,0],]]
[11977,14,[[11978,0],[11976,0],[11849,0],[12105,0],]]
[11978,3,[[11977,0],[11979,0],[11850,0],[11851,0],[12106,0],]]
[11979,8,[[11980,0],[11978,0],[11851,0],[12107,0],]]
[11980,3,[[11979,0],[11981,0],[11852,0],[11853,0],[12108,0],]]
[11981,2,[[11982,0],[11980,0],[11853,0],[12109,0],]]
[11982,1,[[11981,0],[11983,0],[11854,0],[11855,0],[12110,0],]]
[11983,19,[[11984,0],[11982,0],[11855,0],[12111,0],]]
[11984,1,[[11983,0],[11985,0],[11856,0],[11857,0],[12112,0],]]
[11985,12,[[11986,0],[11984,0],[11857,0],[12113,0],]]
[11986,9,[[11985,0],[11987,0],[11858,0],[11859,0],[12114,0],]]
[11987,3,[[11988,0],[11986,0],[11859,0],[12115,0],]]
[11988,10,[[11987,0],[11989,0],[11860,0],[11861,0],[12116,0],]]
[11989,18,[[11990,0],[11988,0],[11861,0],[12117,0],]]
[11990,5,[[11989,0],[11991,0],[11862,0],[11863,0],[12118,0],]]
[11991,12,[[11992,0],[11990,0],[11863,0],[12119,0],]]
[11992,8,[[11991,0],[11993,0],[11864,0],[11865,0],[12120,0],]]
[11993,13,[[11994,0],[11992,0],[11865,0],[12121,0],]]
[11994,12,[[11993,0],[11995,0],[11866,0],[11867,0],[12122,0],]]
[11995,10,[[11996,0],[11994,0],[11867,0],[12123,0],]]
[11996,12,[[11995,0],[11997,0],[11868,0],[11869,0],[12124,0],]]
[11997,11,[[11998,0],[11996,0],[11869,0],[12125,0],]]
[11998,7,[[11997,0],[11999,0],[11870,0],[11871,0],[12126,0],]]
[11999,8,[[12000,0],[11998,0],[11871,0],[12127,0],]]
[12000,13,[[11999,0],[12001,0],[11872,0],[11873,0],[12128,0],]]
[12001,5,[[12002,0],[12000,0],[11873,0],[12129,0],]]
[12002,2,[[12001,0],[12003,0],[11874,0],[11875,0],[12130,0],]]
[12003,3,[[12004,0],[12002,0],[11875,0],[12131,0],]]
[12004,16,[[12003,0],[12005,0],[11876,0],[11877,0],[12132,0],]]
[12005,12,[[12006,0],[12004,0],[11877,0],[12133,0],]]
[12006,10,[[12005,0],[12007,0],[11878,0],[11879,0],[12134,0],]]
[12007,16,[[12008,0],[12006,0],[11879,0],[12135,0],]]
[12008,3,[[12007,0],[12009,0],[11880,0],[11881,0],[12136,0],]]
[12009,6,[[12010,0],[12008,0],[11881,0],[12137,0],]]
[12010,1,[[12009,0],[12011,0],[11882,0],[11883,0],[12138,0],]]
[12011,9,[[12012,0],[12010,0],[11883,0],[12139,0],]]
[12012,10,[[12011,0],[12013,0],[11884,0],[11885,0],[12140,0],]]
[12013,10,[[12014,0],[12012,0],[11885,0],[12141,0],]]
[12014,17,[[12013,0],[12015,0],[11886,0],[11887,0],[12142,0],]]
[12015,2,[[12016,0],[12014,0],[11887,0],[12143,0],]]
[12016,19,[[12015,0],[12017,0],[11888,0],[11889,0],[12144,0],]]
[12017,10,[[12018,0],[12016,0],[11889,0],[12145,0],]]
[12018,12,[[12017,0],[12019,0],[11890,0],[11891,0],[12146,0],]]
[12019,16,[[12020,0],[12018,0],[11891,0],[12147,0],]]
[12020,9,[[12019,0],[12021,0],[11892,0],[11893,0],[12148,0],]]
[12021,6,[[12022,0],[12020,0],[11893,0],[12149,0],]]
[12022,16,[[12021,0],[12023,0],[11894,0],[11895,0],[12150,0],]]
[12023,19,[[12024,0],[12022,0],[11895,0],[12151,0],]]
[12024,4,[[12023,0],[12025,0],[11896,0],[11897,0],[12152,0],]]
[12025,18,[[12026,0],[12024,0],[11897,0],[12153,0],]]
[12026,16,[[12025,0],[12027,0],[11898,0],[11899,0],[12154,0],]]
[12027,7,[[12028,0],[12026,0],[11899,0],[12155,0],]]
[12028,12,[[12027,0],[12029,0],[11900,0],[11901,0],[12156,0],]]
[12029,5,[[12030,0],[12028,0],[11901,0],[12157,0],]]
[12030,2,[[12029,0],[12031,0],[11902,0],[11903,0],[12158,0],]]
[12031,10,[[12030,0],[11903,0],[12159,0],]]
[12032,5,[[12033,0],[12160,0],[11904,0],]]
[12033,18,[[12034,0],[12032,0],[12161,0],[12160,0],[11905,0],]]
[12034,18,[[12033,0],[12035,0],[12162,0],[11906,0],]]
[12035,11,[[12036,0],[12034,0],[12163,0],[12162,0],[11907,0],]]
[12036,14,[[12035,0],[12037,0],[12164,0],[11908,0],]]
[12037,1,[[12038,0],[12036,0],[12165,0],[12164,0],[11909,0],]]
[12038,16,[[12037,0],[12039,0],[12166,0],[11910,0],]]
[12039,10,[[12040,0],[12038,0],[12167,0],[12166,0],[11911,0],]]
[12040,6,[[12039,0],[12041,0],[12168,0],[11912,0],]]
[12041,10,[[12042,0],[12040,0],[12169,0],[12168,0],[11913,0],]]
[12042,6,[[12041,0],[12043,0],[12170,0],[11914,0],]]
[12043,12,[[12044,0],[12042,0],[12171,0],[12170,0],[11915,0],]]
[12044,15,[[12043,0],[12045,0],[12172,0],[11916,0],]]
[12045,5,[[12046,0],[12044,0],[12173,0],[12172,0],[11917,0],]]
[12046,14,[[12045,0],[12047,0],[12174,0],[11918,0],]]
[12047,16,[[12048,0],[12046,0],[12175,0],[12174,0],[11919,0],]]
[12048,13,[[12047,0],[12049,0],[12176,0],[11920,0],]]
[12049,2,[[12050,0],[12048,0],[12177,0],[12176,0],[11921,0],]]
[12050,5,[[12049,0],[12051,0],[12178,0],[11922,0],]]
[12051,18,[[12052,0],[12050,0],[12179,0],[12178,0],[11923,0],]]
[12052,2,[[12051,0],[12053,0],[12180,0],[11924,0],]]
[12053,10,[[12054,0],[12052,0],[12181,0],[12180,0],[11925,0],]]
[12054,11,[[12053,0],[12055,0],[12182,0],[11926,0],]]
[12055,7,[[12056,0],[12054,0],[12183,0],[12182,0],[11927,0],]]
[12056,5,[[12055,0],[12057,0],[12184,0],[11928,0],]]
[12057,10,[[12058,0],[12056,0],[12185,0],[12184,0],[11929,0],]]
[12058,12,[[12057,0],[12059,0],[12186,0],[11930,0],]]
[12059,9,[[12060,0],[12058,0],[12187,0],[12186,0],[11931,0],]]
[12060,16,[[12059,0],[12061,0],[12188,0],[11932,0],]]
[12061,9,[[12062,0],[12060,0],[12189,0],[12188,0],[11933,0],]]
[12062,18,[[12061,0],[12063,0],[12190,0],[11934,0],]]
[12063,14,[[12064,0],[12062,0],[12191,0],[12190,0],[11935,0],]]
[12064,6,[[12063,0],[12065,0],[12192,0],[11936,0],]]
[12065,7,[[12066,0],[12064,0],[12193,0],[12192,0],[11937,0],]]
[12066,18,[[12065,0],[12067,0],[12194,0],[11938,0],]]
[12067,15,[[12068,0],[12066,0],[12195,0],[12194,0],[11939,0],]]
[12068,16,[[12067,0],[12069,0],[12196,0],[11940,0],]]
[12069,4,[[12070,0],[12068,0],[12197,0],[12196,0],[11941,0],]]
[12070,10,[[12069,0],[12071,0],[12198,0],[11942,0],]]
[12071,5,[[12072,0],[12070,0],[12199,0],[12198,0],[11943,0],]]
[12072,9,[[12071,0],[12073,0],[12200,0],[11944,0],]]
[12073,6,[[12074,0],[12072,0],[12201,0],[12200,0],[11945,0],]]
[12074,4,[[12073,0],[12075,0],[12202,0],[11946,0],]]
[12075,6,[[12076,0],[12074,0],[12203,0],[12202,0],[11947,0],]]
[12076,1,[[12075,0],[12077,0],[12204,0],[11948,0],]]
[12077,2,[[12078,0],[12076,0],[12205,0],[12204,0],[11949,0],]]
[12078,12,[[12077,0],[12079,0],[12206,0],[11950,0],]]
[12079,4,[[12080,0],[12078,0],[12207,0],[12206,0],[11951,0],]]
[12080,9,[[12079,0],[12081,0],[12208,0],[11952,0],]]
[12081,2,[[12082,0],[12080,0],[12209,0],[12208,0],[11953,0],]]
[12082,7,[[12081,0],[12083,0],[12210,0],[11954,0],]]
[12083,2,[[12084,0],[12082,0],[12211,0],[12210,0],[11955,0],]]
[12084,11,[[12083,0],[12085,0],[12212,0],[11956,0],]]
[12085,15,[[12086,0],[12084,0],[12213,0],[12212,0],[11957,0],]]
[12086,8,[[12085,0],[12087,0],[12214,0],[11958,0],]]
[12087,14,[[12088,0],[12086,0],[12215,0],[12214,0],[11959,0],]]
[12088,13,[[12087,0],[12089,0],[12216,0],[11960,0],]]
[12089,15,[[12090,0],[12088,0],[12217,0],[12216,0],[11961,0],]]
[12090,8,[[12089,0],[12091,0],[12218,0],[11962,0],]]
[12091,18,[[12092,0],[12090,0],[12219,0],[12218,0],[11963,0],]]
[12092,5,[[12091,0],[12093,0],[12220,0],[11964,0],]]
[12093,7,[[12094,0],[12092,0],[12221,0],[12220,0],[11965,0],]]
[12094,17,[[12093,0],[12095,0],[12222,0],[11966,0],]]
[12095,2,[[12096,0],[12094,0],[12223,0],[12222,0],[11967,0],]]
[12096,8,[[12095,0],[12097,0],[12224,0],[11968,0],]]
[12097,9,[[12098,0],[12096,0],[12225,0],[12224,0],[11969,0],]]
[12098,19,[[12097,0],[12099,0],[12226,0],[11970,0],]]
[12099,16,[[12100,0],[12098,0],[12227,0],[12226,0],[11971,0],]]
[12100,12,[[12099,0],[12101,0],[12228,0],[11972,0],]]
[12101,14,[[12102,0],[12100,0],[12229,0],[12228,0],[11973,0],]]
[12102,9,[[12101,0],[12103,0],[12230,0],[11974,0],]]
[12103,16,[[12104,0],[12102,0],[12231,0],[12230,0],[11975,0],]]
[12104,2,[[12103,0],[12105,0],[12232,0],[11976,0],]]
[12105,16,[[12106,0],[12104,0],[12233,0],[12232,0],[11977,0],]]
[12106,14,[[12105,0],[12107,0],[12234,0],[11978,0],]]
[12107,19,[[12108,0],[12106,0],[12235,0],[12234,0],[11979,0],]]
[12108,15,[[12107,0],[12109,0],[12236,0],[11980,0],]]
[12109,16,[[12110,0],[12108,0],[12237,0],[12236,0],[11981,0],]]
[12110,10,[[12109,0],[12111,0],[12238,0],[11982,0],]]
[12111,18,[[12112,0],[12110,0],[12239,0],[12238,0],[11983,0],]]
[12112,16,[[12111,0],[12113,0],[12240,0],[11984,0],]]
[12113,13,[[12114,0],[12112,0],[12241,0],[12240,0],[11985,0],]]
[12114,3,[[12113,0],[12115,0],[12242,0],[11986,0],]]
[12115,5,[[12116,0],[12114,0],[12243,0],[12242,0],[11987,0],]]
[12116,6,[[12115,0],[12117,0],[12244,0],[11988,0],]]
[12117,15,[[12118,0],[12116,0],[12245,0],[12244,0],[11989,0],]]
[12118,14,[[12117,0],[12119,0],[12246,0],[11990,0],]]
[12119,1,[[12120,0],[12118,0],[12247,0],[12246,0],[11991,0],]]
[12120,1,[[12119,0],[12121,0],[12248,0],[11992,0],]]
[12121,18,[[12122,0],[12120,0],[12249,0],[12248,0],[11993,0],]]
[12122,4,[[12121,0],[12123,0],[12250,0],[11994,0],]]
[12123,9,[[12124,0],[12122,0],[12251,0],[12250,0],[11995,0],]]
