[12615,19,[[12616,0],[12614,0],[12743,0],[12742,0],[12487,0],]]
[12616,14,[[12615,0],[12617,0],[12744,0],[12488,0],]]
[12617,3,[[12618,0],[12616,0],[12745,0],[12744,0],[12489,0],]]
[12618,13,[[12617,0],[12619,0],[12746,0],[12490,0],]]
[12619,7,[[12620,0],[12618,0],[12747,0],[12746,0],[12491,0],]]
[12620,2,[[12619,0],[12621,0],[12748,0],[12492,0],]]
[12621,19,[[12622,0],[12620,0],[12749,0],[12748,0],[12493,0],]]
[12622,7,[[12621,0],[12623,0],[12750,0],[12494,0],]]
[12623,16,[[12624,0],[12622,0],[12751,0],[12750,0],[12495,0],]]
[12624,9,[[12623,0],[12625,0],[12752,0],[12496,0],]]
[12625,15,[[12626,0],[12624,0],[12753,0],[12752,0],[12497,0],]]
[12626,6,[[12625,0],[12627,0],[12754,0],[12498,0],]]
[12627,3,[[12628,0],[12626,0],[12755,0],[12754,0],[12499,0],]]
[12628,8,[[12627,0],[12629,0],[12756,0],[12500,0],]]
[12629,15,[[12630,0],[12628,0],[12757,0],[12756,0],[12501,0],]]
[12630,2,[[12629,0],[12631,0],[12758,0],[12502,0],]]
[12631,9,[[12632,0],[12630,0],[12759,0],[12758,0],[12503,0],]]
[12632,4,[[12631,0],[12633,0],[12760,0],[12504,0],]]
[12633,11,[[12634,0],[12632,0],[12761,0],[12760,0],[12505,0],]]
[12634,13,[[12633,0],[12635,0],[12762,0],[12506,0],]]
[12635,8,[[12636,0],[12634,0],[12763,0],[12762,0],[12507,0],]]
[12636,3,[[12635,0],[12637,0],[12764,0],[12508,0],]]
[12637,14,[[12638,0],[12636,0],[12765,0],[12764,0],[12509,0],]]
[12638,5,[[12637,0],[12639,0],[12766,0],[12510,0],]]
[12639,4,[[12640,0],[12638,0],[12767,0],[12766,0],[12511,0],]]
[12640,3,[[12639,0],[12641,0],[12768,0],[12512,0],]]
[12641,13,[[12642,0],[12640,0],[12769,0],[12768,0],[12513,0],]]
[12642,15,[[12641,0],[12643,0],[12770,0],[12514,0],]]
[12643,14,[[12644,0],[12642,0],[12771,0],[12770,0],[12515,0],]]
[12644,10,[[12643,0],[12645,0],[12772,0],[12516,0],]]
[12645,17,[[12646,0],[12644,0],[12773,0],[12772,0],[12517,0],]]
[12646,11,[[12645,0],[12647,0],[12774,0],[12518,0],]]
[12647,15,[[12648,0],[12646,0],[12775,0],[12774,0],[12519,0],]]
[12648,7,[[12647,0],[12649,0],[12776,0],[12520,0],]]
[12649,5,[[12650,0],[12648,0],[12777,0],[12776,0],[12521,0],]]
[12650,6,[[12649,0],[12651,0],[12778,0],[12522,0],]]
[12651,7,[[12652,0],[12650,0],[12779,0],[12778,0],[12523,0],]]
[12652,5,[[12651,0],[12653,0],[12780,0],[12524,0],]]
[12653,9,[[12654,0],[12652,0],[12781,0],[12780,0],[12525,0],]]
[12654,12,[[12653,0],[12655,0],[12782,0],[12526,0],]]
[12655,5,[[12656,0],[12654,0],[12783,0],[12782,0],[12527,0],]]
[12656,18,[[12655,0],[12657,0],[12784,0],[12528,0],]]
[12657,19,[[12658,0],[12656,0],[12785,0],[12784,0],[12529,0],]]
[12658,7,[[12657,0],[12659,0],[12786,0],[12530,0],]]
[12659,14,[[12660,0],[12658,0],[12787,0],[12786,0],[12531,0],]]
[12660,13,[[12659,0],[12661,0],[12788,0],[12532,0],]]
[12661,12,[[12662,0],[12660,0],[12789,0],[12788,0],[12533,0],]]
[12662,17,[[12661,0],[12663,0],[12790,0],[12534,0],]]
[12663,11,[[12664,0],[12662,0],[12791,0],[12790,0],[12535,0],]]
[12664,15,[[12663,0],[12665,0],[12792,0],[12536,0],]]
[12665,4,[[12666,0],[12664,0],[12793,0],[12792,0],[12537,0],]]
[12666,1,[[12665,0],[12667,0],[12794,0],[12538,0],]]
[12667,16,[[12668,0],[12666,0],[12795,0],[12794,0],[12539,0],]]
[12668,2,[[12667,0],[12669,0],[12796,0],[12540,0],]]
[12669,9,[[12670,0],[12668,0],[12797,0],[12796,0],[12541,0],]]
[12670,19,[[12669,0],[12671,0],[12798,0],[12542,0],]]
[12671,7,[[12670,0],[12799,0],[12798,0],[12543,0],]]
[12672,16,[[12673,0],[12544,0],[12545,0],[12800,0],]]
[12673,17,[[12674,0],[12672,0],[12545,0],[12801,0],]]
[12674,3,[[12673,0],[12675,0],[12546,0],[12547,0],[12802,0],]]
[12675,16,[[12676,0],[12674,0],[12547,0],[12803,0],]]
[12676,1,[[12675,0],[12677,0],[12548,0],[12549,0],[12804,0],]]
[12677,5,[[12678,0],[12676,0],[12549,0],[12805,0],]]
[12678,17,[[12677,0],[12679,0],[12550,0],[12551,0],[12806,0],]]
[12679,13,[[12680,0],[12678,0],[12551,0],[12807,0],]]
[12680,14,[[12679,0],[12681,0],[12552,0],[12553,0],[12808,0],]]
[12681,15,[[12682,0],[12680,0],[12553,0],[12809,0],]]
[12682,18,[[12681,0],[12683,0],[12554,0],[12555,0],[12810,0],]]
[12683,11,[[12684,0],[12682,0],[12555,0],[12811,0],]]
[12684,9,[[12683,0],[12685,0],[12556,0],[12557,0],[12812,0],]]
[12685,1,[[12686,0],[12684,0],[12557,0],[12813,0],]]
[12686,8,[[12685,0],[12687,0],[12558,0],[12559,0],[12814,0],]]
[12687,9,[[12688,0],[12686,0],[12559,0],[12815,0],]]
[12688,12,[[12687,0],[12689,0],[12560,0],[12561,0],[12816,0],]]
[12689,19,[[12690,0],[12688,0],[12561,0],[12817,0],]]
[12690,7,[[12689,0],[12691,0],[12562,0],[12563,0],[12818,0],]]
[12691,2,[[12692,0],[12690,0],[12563,0],[12819,0],]]
[12692,19,[[12691,0],[12693,0],[12564,0],[12565,0],[12820,0],]]
[12693,19,[[12694,0],[12692,0],[12565,0],[12821,0],]]
[12694,11,[[12693,0],[12695,0],[12566,0],[12567,0],[12822,0],]]
[12695,2,[[12696,0],[12694,0],[12567,0],[12823,0],]]
[12696,3,[[12695,0],[12697,0],[12568,0],[12569,0],[12824,0],]]
[12697,9,[[12698,0],[12696,0],[12569,0],[12825,0],]]
[12698,17,[[12697,0],[12699,0],[12570,0],[12571,0],[12826,0],]]
[12699,4,[[12700,0],[12698,0],[12571,0],[12827,0],]]
[12700,9,[[12699,0],[12701,0],[12572,0],[12573,0],[12828,0],]]
[12701,19,[[12702,0],[12700,0],[12573,0],[12829,0],]]
[12702,2,[[12701,0],[12703,0],[12574,0],[12575,0],[12830,0],]]
[12703,12,[[12704,0],[12702,0],[12575,0],[12831,0],]]
[12704,13,[[12703,0],[12705,0],[12576,0],[12577,0],[12832,0],]]
[12705,15,[[12706,0],[12704,0],[12577,0],[12833,0],]]
[12706,19,[[12705,0],[12707,0],[12578,0],[12579,0],[12834,0],]]
[12707,17,[[12708,0],[12706,0],[12579,0],[12835,0],]]
[12708,6,[[12707,0],[12709,0],[12580,0],[12581,0],[12836,0],]]
[12709,12,[[12710,0],[12708,0],[12581,0],[12837,0],]]
[12710,9,[[12709,0],[12711,0],[12582,0],[12583,0],[12838,0],]]
[12711,2,[[12712,0],[12710,0],[12583,0],[12839,0],]]
[12712,9,[[12711,0],[12713,0],[12584,0],[12585,0],[12840,0],]]
[12713,13,[[12714,0],[12712,0],[12585,0],[12841,0],]]
[12714,9,[[12713,0],[12715,0],[12586,0],[12587,0],[12842,0],]]
[12715,13,[[12716,0],[12714,0],[12587,0],[12843,0],]]
[12716,18,[[12715,0],[12717,0],[12588,0],[12589,0],[12844,0],]]
[12717,19,[[12718,0],[12716,0],[12589,0],[12845,0],]]
[12718,19,[[12717,0],[12719,0],[12590,0],[12591,0],[12846,0],]]
[12719,2,[[12720,0],[12718,0],[12591,0],[12847,0],]]
[12720,4,[[12719,0],[12721,0],[12592,0],[12593,0],[12848,0],]]
[12721,10,[[12722,0],[12720,0],[12593,0],[12849,0],]]
[12722,14,[[12721,0],[12723,0],[12594,0],[12595,0],[12850,0],]]
[12723,9,[[12724,0],[12722,0],[12595,0],[12851,0],]]
[12724,2,[[12723,0],[12725,0],[12596,0],[12597,0],[12852,0],]]
[12725,15,[[12726,0],[12724,0],[12597,0],[12853,0],]]
[12726,19,[[12725,0],[12727,0],[12598,0],[12599,0],[12854,0],]]
[12727,4,[[12728,0],[12726,0],[12599,0],[12855,0],]]
[12728,1,[[12727,0],[12729,0],[12600,0],[12601,0],[12856,0],]]
[12729,5,[[12730,0],[12728,0],[12601,0],[12857,0],]]
[12730,18,[[12729,0],[12731,0],[12602,0],[12603,0],[12858,0],]]
[12731,8,[[12732,0],[12730,0],[12603,0],[12859,0],]]
[12732,3,[[12731,0],[12733,0],[12604,0],[12605,0],[12860,0],]]
[12733,3,[[12734,0],[12732,0],[12605,0],[12861,0],]]
[12734,11,[[12733,0],[12735,0],[12606,0],[12607,0],[12862,0],]]
[12735,5,[[12736,0],[12734,0],[12607,0],[12863,0],]]
[12736,1,[[12735,0],[12737,0],[12608,0],[12609,0],[12864,0],]]
[12737,13,[[12738,0],[12736,0],[12609,0],[12865,0],]]
[12738,11,[[12737,0],[12739,0],[12610,0],[12611,0],[12866,0],]]
[12739,9,[[12740,0],[12738,0],[12611,0],[12867,0],]]
[12740,9,[[12739,0],[12741,0],[12612,0],[12613,0],[12868,0],]]
[12741,19,[[12742,0],[12740,0],[12613,0],[12869,0],]]
[12742,19,[[12741,0],[12743,0],[12614,0],[12615,0],[12870,0],]]
[12743,7,[[12744,0],[12742,0],[12615,0],[12871,0],]]
[12744,7,[[12743,0],[12745,0],[12616,0],[12617,0],[12872,0],]]
[12745,9,[[12746,0],[12744,0],[12617,0],[12873,0],]]
[12746,18,[[12745,0],[12747,0],[12618,0],[12619,0],[12874,0],]]
[12747,17,[[12748,0],[12746,0],[12619,0],[12875,0],]]
[12748,1,[[12747,0],[12749,0],[12620,0],[12621,0],[12876,0],]]
[12749,16,[[12750,0],[12748,0],[12621,0],[12877,0],]]
[12750,19,[[12749,0],[12751,0],[12622,0],[12623,0],[12878,0],]]
[12751,16,[[12752,0],[12750,0],[12623,0],[12879,0],]]
[12752,1,[[12751,0],[12753,0],[12624,0],[12625,0],[12880,0],]]
[12753,12,[[12754,0],[12752,0],[12625,0],[12881,0],]]
[12754,11,[[12753,0],[12755,0],[12626,0],[12627,0],[12882,0],]]
[12755,4,[[12756,0],[12754,0],[12627,0],[12883,0],]]
[12756,1,[[12755,0],[12757,0],[12628,0],[12629,0],[12884,0],]]
[12757,18,[[12758,0],[12756,0],[12629,0],[12885,0],]]
[12758,3,[[12757,0],[12759,0],[12630,0],[12631,0],[12886,0],]]
[12759,4,[[12760,0],[12758,0],[12631,0],[12887,0],]]
[12760,11,[[12759,0],[12761,0],[12632,0],[12633,0],[12888,0],]]
[12761,1,[[12762,0],[12760,0],[12633,0],[12889,0],]]
[12762,9,[[12761,0],[12763,0],[12634,0],[12635,0],[12890,0],]]
[12763,16,[[12764,0],[12762,0],[12635,0],[12891,0],]]
[12764,2,[[12763,0],[12765,0],[12636,0],[12637,0],[12892,0],]]
[12765,19,[[12766,0],[12764,0],[12637,0],[12893,0],]]
[12766,10,[[12765,0],[12767,0],[12638,0],[12639,0],[12894,0],]]
[12767,18,[[12768,0],[12766,0],[12639,0],[12895,0],]]
[12768,10,[[12767,0],[12769,0],[12640,0],[12641,0],[12896,0],]]
[12769,9,[[12770,0],[12768,0],[12641,0],[12897,0],]]
[12770,4,[[12769,0],[12771,0],[12642,0],[12643,0],[12898,0],]]
[12771,19,[[12772,0],[12770,0],[12643,0],[12899,0],]]
[12772,13,[[12771,0],[12773,0],[12644,0],[12645,0],[12900,0],]]
[12773,1,[[12774,0],[12772,0],[12645,0],[12901,0],]]
[12774,8,[[12773,0],[12775,0],[12646,0],[12647,0],[12902,0],]]
[12775,12,[[12776,0],[12774,0],[12647,0],[12903,0],]]
[12776,11,[[12775,0],[12777,0],[12648,0],[12649,0],[12904,0],]]
[12777,2,[[12778,0],[12776,0],[12649,0],[12905,0],]]
[12778,9,[[12777,0],[12779,0],[12650,0],[12651,0],[12906,0],]]
