[12288,11,[[12289,0],[12416,0],[12160,0],]]
[12289,19,[[12290,0],[12288,0],[12417,0],[12416,0],[12161,0],]]
[12290,14,[[12289,0],[12291,0],[12418,0],[12162,0],]]
[12291,15,[[12292,0],[12290,0],[12419,0],[12418,0],[12163,0],]]
[12292,18,[[12291,0],[12293,0],[12420,0],[12164,0],]]
[12293,17,[[12294,0],[12292,0],[12421,0],[12420,0],[12165,0],]]
[12294,4,[[12293,0],[12295,0],[12422,0],[12166,0],]]
[12295,7,[[12296,0],[12294,0],[12423,0],[12422,0],[12167,0],]]
[12296,11,[[12295,0],[12297,0],[12424,0],[12168,0],]]
[12297,4,[[12298,0],[12296,0],[12425,0],[12424,0],[12169,0],]]
[12298,8,[[12297,0],[12299,0],[12426,0],[12170,0],]]
[12299,19,[[12300,0],[12298,0],[12427,0],[12426,0],[12171,0],]]
[12300,11,[[12299,0],[12301,0],[12428,0],[12172,0],]]
[12301,12,[[12302,0],[12300,0],[12429,0],[12428,0],[12173,0],]]
[12302,7,[[12301,0],[12303,0],[12430,0],[12174,0],]]
[12303,15,[[12304,0],[12302,0],[12431,0],[12430,0],[12175,0],]]
[12304,10,[[12303,0],[12305,0],[12432,0],[12176,0],]]
[12305,8,[[12306,0],[12304,0],[12433,0],[12432,0],[12177,0],]]
[12306,18,[[12305,0],[12307,0],[12434,0],[12178,0],]]
[12307,1,[[12308,0],[12306,0],[12435,0],[12434,0],[12179,0],]]
[12308,12,[[12307,0],[12309,0],[12436,0],[12180,0],]]
[12309,7,[[12310,0],[12308,0],[12437,0],[12436,0],[12181,0],]]
[12310,11,[[12309,0],[12311,0],[12438,0],[12182,0],]]
[12311,12,[[12312,0],[12310,0],[12439,0],[12438,0],[12183,0],]]
[12312,17,[[12311,0],[12313,0],[12440,0],[12184,0],]]
[12313,4,[[12314,0],[12312,0],[12441,0],[12440,0],[12185,0],]]
[12314,5,[[12313,0],[12315,0],[12442,0],[12186,0],]]
[12315,5,[[12316,0],[12314,0],[12443,0],[12442,0],[12187,0],]]
[12316,3,[[12315,0],[12317,0],[12444,0],[12188,0],]]
[12317,5,[[12318,0],[12316,0],[12445,0],[12444,0],[12189,0],]]
[12318,2,[[12317,0],[12319,0],[12446,0],[12190,0],]]
[12319,14,[[12320,0],[12318,0],[12447,0],[12446,0],[12191,0],]]
[12320,10,[[12319,0],[12321,0],[12448,0],[12192,0],]]
[12321,1,[[12322,0],[12320,0],[12449,0],[12448,0],[12193,0],]]
[12322,18,[[12321,0],[12323,0],[12450,0],[12194,0],]]
[12323,10,[[12324,0],[12322,0],[12451,0],[12450,0],[12195,0],]]
[12324,4,[[12323,0],[12325,0],[12452,0],[12196,0],]]
[12325,13,[[12326,0],[12324,0],[12453,0],[12452,0],[12197,0],]]
[12326,5,[[12325,0],[12327,0],[12454,0],[12198,0],]]
[12327,18,[[12328,0],[12326,0],[12455,0],[12454,0],[12199,0],]]
[12328,2,[[12327,0],[12329,0],[12456,0],[12200,0],]]
[12329,6,[[12330,0],[12328,0],[12457,0],[12456,0],[12201,0],]]
[12330,16,[[12329,0],[12331,0],[12458,0],[12202,0],]]
[12331,1,[[12332,0],[12330,0],[12459,0],[12458,0],[12203,0],]]
[12332,15,[[12331,0],[12333,0],[12460,0],[12204,0],]]
[12333,7,[[12334,0],[12332,0],[12461,0],[12460,0],[12205,0],]]
[12334,3,[[12333,0],[12335,0],[12462,0],[12206,0],]]
[12335,16,[[12336,0],[12334,0],[12463,0],[12462,0],[12207,0],]]
[12336,13,[[12335,0],[12337,0],[12464,0],[12208,0],]]
[12337,4,[[12338,0],[12336,0],[12465,0],[12464,0],[12209,0],]]
[12338,9,[[12337,0],[12339,0],[12466,0],[12210,0],]]
[12339,5,[[12340,0],[12338,0],[12467,0],[12466,0],[12211,0],]]
[12340,7,[[12339,0],[12341,0],[12468,0],[12212,0],]]
[12341,12,[[12342,0],[12340,0],[12469,0],[12468,0],[12213,0],]]
[12342,9,[[12341,0],[12343,0],[12470,0],[12214,0],]]
[12343,10,[[12344,0],[12342,0],[12471,0],[12470,0],[12215,0],]]
[12344,18,[[12343,0],[12345,0],[12472,0],[12216,0],]]
[12345,13,[[12346,0],[12344,0],[12473,0],[12472,0],[12217,0],]]
[12346,3,[[12345,0],[12347,0],[12474,0],[12218,0],]]
[12347,17,[[12348,0],[12346,0],[12475,0],[12474,0],[12219,0],]]
[12348,4,[[12347,0],[12349,0],[12476,0],[12220,0],]]
[12349,1,[[12350,0],[12348,0],[12477,0],[12476,0],[12221,0],]]
[12350,16,[[12349,0],[12351,0],[12478,0],[12222,0],]]
[12351,6,[[12352,0],[12350,0],[12479,0],[12478,0],[12223,0],]]
[12352,6,[[12351,0],[12353,0],[12480,0],[12224,0],]]
[12353,16,[[12354,0],[12352,0],[12481,0],[12480,0],[12225,0],]]
[12354,9,[[12353,0],[12355,0],[12482,0],[12226,0],]]
[12355,16,[[12356,0],[12354,0],[12483,0],[12482,0],[12227,0],]]
[12356,16,[[12355,0],[12357,0],[12484,0],[12228,0],]]
[12357,4,[[12358,0],[12356,0],[12485,0],[12484,0],[12229,0],]]
[12358,6,[[12357,0],[12359,0],[12486,0],[12230,0],]]
[12359,16,[[12360,0],[12358,0],[12487,0],[12486,0],[12231,0],]]
[12360,6,[[12359,0],[12361,0],[12488,0],[12232,0],]]
[12361,11,[[12362,0],[12360,0],[12489,0],[12488,0],[12233,0],]]
[12362,12,[[12361,0],[12363,0],[12490,0],[12234,0],]]
[12363,18,[[12364,0],[12362,0],[12491,0],[12490,0],[12235,0],]]
[12364,2,[[12363,0],[12365,0],[12492,0],[12236,0],]]
[12365,12,[[12366,0],[12364,0],[12493,0],[12492,0],[12237,0],]]
[12366,17,[[12365,0],[12367,0],[12494,0],[12238,0],]]
[12367,12,[[12368,0],[12366,0],[12495,0],[12494,0],[12239,0],]]
[12368,14,[[12367,0],[12369,0],[12496,0],[12240,0],]]
[12369,15,[[12370,0],[12368,0],[12497,0],[12496,0],[12241,0],]]
[12370,14,[[12369,0],[12371,0],[12498,0],[12242,0],]]
[12371,17,[[12372,0],[12370,0],[12499,0],[12498,0],[12243,0],]]
[12372,9,[[12371,0],[12373,0],[12500,0],[12244,0],]]
[12373,8,[[12374,0],[12372,0],[12501,0],[12500,0],[12245,0],]]
[12374,10,[[12373,0],[12375,0],[12502,0],[12246,0],]]
[12375,13,[[12376,0],[12374,0],[12503,0],[12502,0],[12247,0],]]
[12376,5,[[12375,0],[12377,0],[12504,0],[12248,0],]]
[12377,8,[[12378,0],[12376,0],[12505,0],[12504,0],[12249,0],]]
[12378,8,[[12377,0],[12379,0],[12506,0],[12250,0],]]
[12379,15,[[12380,0],[12378,0],[12507,0],[12506,0],[12251,0],]]
[12380,16,[[12379,0],[12381,0],[12508,0],[12252,0],]]
[12381,18,[[12382,0],[12380,0],[12509,0],[12508,0],[12253,0],]]
[12382,17,[[12381,0],[12383,0],[12510,0],[12254,0],]]
[12383,16,[[12384,0],[12382,0],[12511,0],[12510,0],[12255,0],]]
[12384,8,[[12383,0],[12385,0],[12512,0],[12256,0],]]
[12385,7,[[12386,0],[12384,0],[12513,0],[12512,0],[12257,0],]]
[12386,14,[[12385,0],[12387,0],[12514,0],[12258,0],]]
[12387,4,[[12388,0],[12386,0],[12515,0],[12514,0],[12259,0],]]
[12388,9,[[12387,0],[12389,0],[12516,0],[12260,0],]]
[12389,6,[[12390,0],[12388,0],[12517,0],[12516,0],[12261,0],]]
[12390,9,[[12389,0],[12391,0],[12518,0],[12262,0],]]
[12391,7,[[12392,0],[12390,0],[12519,0],[12518,0],[12263,0],]]
[12392,16,[[12391,0],[12393,0],[12520,0],[12264,0],]]
[12393,19,[[12394,0],[12392,0],[12521,0],[12520,0],[12265,0],]]
[12394,16,[[12393,0],[12395,0],[12522,0],[12266,0],]]
[12395,1,[[12396,0],[12394,0],[12523,0],[12522,0],[12267,0],]]
[12396,8,[[12395,0],[12397,0],[12524,0],[12268,0],]]
[12397,7,[[12398,0],[12396,0],[12525,0],[12524,0],[12269,0],]]
[12398,6,[[12397,0],[12399,0],[12526,0],[12270,0],]]
[12399,11,[[12400,0],[12398,0],[12527,0],[12526,0],[12271,0],]]
[12400,16,[[12399,0],[12401,0],[12528,0],[12272,0],]]
[12401,5,[[12402,0],[12400,0],[12529,0],[12528,0],[12273,0],]]
[12402,13,[[12401,0],[12403,0],[12530,0],[12274,0],]]
[12403,3,[[12404,0],[12402,0],[12531,0],[12530,0],[12275,0],]]
[12404,13,[[12403,0],[12405,0],[12532,0],[12276,0],]]
[12405,3,[[12406,0],[12404,0],[12533,0],[12532,0],[12277,0],]]
[12406,16,[[12405,0],[12407,0],[12534,0],[12278,0],]]
[12407,15,[[12408,0],[12406,0],[12535,0],[12534,0],[12279,0],]]
[12408,12,[[12407,0],[12409,0],[12536,0],[12280,0],]]
[12409,8,[[12410,0],[12408,0],[12537,0],[12536,0],[12281,0],]]
[12410,19,[[12409,0],[12411,0],[12538,0],[12282,0],]]
[12411,12,[[12412,0],[12410,0],[12539,0],[12538,0],[12283,0],]]
[12412,10,[[12411,0],[12413,0],[12540,0],[12284,0],]]
[12413,10,[[12414,0],[12412,0],[12541,0],[12540,0],[12285,0],]]
[12414,8,[[12413,0],[12415,0],[12542,0],[12286,0],]]
[12415,3,[[12414,0],[12543,0],[12542,0],[12287,0],]]
[12416,5,[[12417,0],[12288,0],[12289,0],[12544,0],]]
[12417,11,[[12418,0],[12416,0],[12289,0],[12545,0],]]
[12418,16,[[12417,0],[12419,0],[12290,0],[12291,0],[12546,0],]]
[12419,1,[[12420,0],[12418,0],[12291,0],[12547,0],]]
[12420,3,[[12419,0],[12421,0],[12292,0],[12293,0],[12548,0],]]
[12421,4,[[12422,0],[12420,0],[12293,0],[12549,0],]]
[12422,8,[[12421,0],[12423,0],[12294,0],[12295,0],[12550,0],]]
[12423,5,[[12424,0],[12422,0],[12295,0],[12551,0],]]
[12424,14,[[12423,0],[12425,0],[12296,0],[12297,0],[12552,0],]]
[12425,9,[[12426,0],[12424,0],[12297,0],[12553,0],]]
[12426,11,[[12425,0],[12427,0],[12298,0],[12299,0],[12554,0],]]
[12427,19,[[12428,0],[12426,0],[12299,0],[12555,0],]]
[12428,1,[[12427,0],[12429,0],[12300,0],[12301,0],[12556,0],]]
[12429,5,[[12430,0],[12428,0],[12301,0],[12557,0],]]
[12430,8,[[12429,0],[12431,0],[12302,0],[12303,0],[12558,0],]]
[12431,17,[[12432,0],[12430,0],[12303,0],[12559,0],]]
[12432,6,[[12431,0],[12433,0],[12304,0],[12305,0],[12560,0],]]
[12433,10,[[12434,0],[12432,0],[12305,0],[12561,0],]]
[12434,18,[[12433,0],[12435,0],[12306,0],[12307,0],[12562,0],]]
[12435,8,[[12436,0],[12434,0],[12307,0],[12563,0],]]
[12436,9,[[12435,0],[12437,0],[12308,0],[12309,0],[12564,0],]]
[12437,3,[[12438,0],[12436,0],[12309,0],[12565,0],]]
[12438,11,[[12437,0],[12439,0],[12310,0],[12311,0],[12566,0],]]
[12439,10,[[12440,0],[12438,0],[12311,0],[12567,0],]]
[12440,3,[[12439,0],[12441,0],[12312,0],[12313,0],[12568,0],]]
[12441,17,[[12442,0],[12440,0],[12313,0],[12569,0],]]
[12442,12,[[12441,0],[12443,0],[12314,0],[12315,0],[12570,0],]]
[12443,7,[[12444,0],[12442,0],[12315,0],[12571,0],]]
[12444,5,[[12443,0],[12445,0],[12316,0],[12317,0],[12572,0],]]
[12445,11,[[12446,0],[12444,0],[12317,0],[12573,0],]]
[12446,13,[[12445,0],[12447,0],[12318,0],[12319,0],[12574,0],]]
[12447,9,[[12448,0],[12446,0],[12319,0],[12575,0],]]
[12448,2,[[12447,0],[12449,0],[12320,0],[12321,0],[12576,0],]]
[12449,14,[[12450,0],[12448,0],[12321,0],[12577,0],]]
[12450,15,[[12449,0],[12451,0],[12322,0],[12323,0],[12578,0],]]
