[14417,8,[[14418,0],[14416,0],[14545,0],[14544,0],[14289,0],]]
[14418,15,[[14417,0],[14419,0],[14546,0],[14290,0],]]
[14419,16,[[14420,0],[14418,0],[14547,0],[14546,0],[14291,0],]]
[14420,9,[[14419,0],[14421,0],[14548,0],[14292,0],]]
[14421,19,[[14422,0],[14420,0],[14549,0],[14548,0],[14293,0],]]
[14422,13,[[14421,0],[14423,0],[14550,0],[14294,0],]]
[14423,2,[[14424,0],[14422,0],[14551,0],[14550,0],[14295,0],]]
[14424,2,[[14423,0],[14425,0],[14552,0],[14296,0],]]
[14425,4,[[14426,0],[14424,0],[14553,0],[14552,0],[14297,0],]]
[14426,11,[[14425,0],[14427,0],[14554,0],[14298,0],]]
[14427,13,[[14428,0],[14426,0],[14555,0],[14554,0],[14299,0],]]
[14428,3,[[14427,0],[14429,0],[14556,0],[14300,0],]]
[14429,16,[[14430,0],[14428,0],[14557,0],[14556,0],[14301,0],]]
[14430,17,[[14429,0],[14431,0],[14558,0],[14302,0],]]
[14431,8,[[14432,0],[14430,0],[14559,0],[14558,0],[14303,0],]]
[14432,18,[[14431,0],[14433,0],[14560,0],[14304,0],]]
[14433,17,[[14434,0],[14432,0],[14561,0],[14560,0],[14305,0],]]
[14434,15,[[14433,0],[14435,0],[14562,0],[14306,0],]]
[14435,11,[[14436,0],[14434,0],[14563,0],[14562,0],[14307,0],]]
[14436,7,[[14435,0],[14437,0],[14564,0],[14308,0],]]
[14437,14,[[14438,0],[14436,0],[14565,0],[14564,0],[14309,0],]]
[14438,4,[[14437,0],[14439,0],[14566,0],[14310,0],]]
[14439,2,[[14440,0],[14438,0],[14567,0],[14566,0],[14311,0],]]
[14440,10,[[14439,0],[14441,0],[14568,0],[14312,0],]]
[14441,11,[[14442,0],[14440,0],[14569,0],[14568,0],[14313,0],]]
[14442,2,[[14441,0],[14443,0],[14570,0],[14314,0],]]
[14443,6,[[14444,0],[14442,0],[14571,0],[14570,0],[14315,0],]]
[14444,1,[[14443,0],[14445,0],[14572,0],[14316,0],]]
[14445,14,[[14446,0],[14444,0],[14573,0],[14572,0],[14317,0],]]
[14446,4,[[14445,0],[14447,0],[14574,0],[14318,0],]]
[14447,6,[[14448,0],[14446,0],[14575,0],[14574,0],[14319,0],]]
[14448,2,[[14447,0],[14449,0],[14576,0],[14320,0],]]
[14449,1,[[14450,0],[14448,0],[14577,0],[14576,0],[14321,0],]]
[14450,8,[[14449,0],[14451,0],[14578,0],[14322,0],]]
[14451,15,[[14452,0],[14450,0],[14579,0],[14578,0],[14323,0],]]
[14452,11,[[14451,0],[14453,0],[14580,0],[14324,0],]]
[14453,17,[[14454,0],[14452,0],[14581,0],[14580,0],[14325,0],]]
[14454,17,[[14453,0],[14455,0],[14582,0],[14326,0],]]
[14455,11,[[14456,0],[14454,0],[14583,0],[14582,0],[14327,0],]]
[14456,13,[[14455,0],[14457,0],[14584,0],[14328,0],]]
[14457,8,[[14458,0],[14456,0],[14585,0],[14584,0],[14329,0],]]
[14458,1,[[14457,0],[14459,0],[14586,0],[14330,0],]]
[14459,4,[[14460,0],[14458,0],[14587,0],[14586,0],[14331,0],]]
[14460,19,[[14459,0],[14461,0],[14588,0],[14332,0],]]
[14461,14,[[14462,0],[14460,0],[14589,0],[14588,0],[14333,0],]]
[14462,16,[[14461,0],[14463,0],[14590,0],[14334,0],]]
[14463,16,[[14462,0],[14591,0],[14590,0],[14335,0],]]
[14464,12,[[14465,0],[14336,0],[14337,0],[14592,0],]]
[14465,12,[[14466,0],[14464,0],[14337,0],[14593,0],]]
[14466,5,[[14465,0],[14467,0],[14338,0],[14339,0],[14594,0],]]
[14467,18,[[14468,0],[14466,0],[14339,0],[14595,0],]]
[14468,17,[[14467,0],[14469,0],[14340,0],[14341,0],[14596,0],]]
[14469,17,[[14470,0],[14468,0],[14341,0],[14597,0],]]
[14470,7,[[14469,0],[14471,0],[14342,0],[14343,0],[14598,0],]]
[14471,9,[[14472,0],[14470,0],[14343,0],[14599,0],]]
[14472,1,[[14471,0],[14473,0],[14344,0],[14345,0],[14600,0],]]
[14473,1,[[14474,0],[14472,0],[14345,0],[14601,0],]]
[14474,18,[[14473,0],[14475,0],[14346,0],[14347,0],[14602,0],]]
[14475,3,[[14476,0],[14474,0],[14347,0],[14603,0],]]
[14476,18,[[14475,0],[14477,0],[14348,0],[14349,0],[14604,0],]]
[14477,4,[[14478,0],[14476,0],[14349,0],[14605,0],]]
[14478,10,[[14477,0],[14479,0],[14350,0],[14351,0],[14606,0],]]
[14479,1,[[14480,0],[14478,0],[14351,0],[14607,0],]]
[14480,18,[[14479,0],[14481,0],[14352,0],[14353,0],[14608,0],]]
[14481,5,[[14482,0],[14480,0],[14353,0],[14609,0],]]
[14482,13,[[14481,0],[14483,0],[14354,0],[14355,0],[14610,0],]]
[14483,18,[[14484,0],[14482,0],[14355,0],[14611,0],]]
[14484,15,[[14483,0],[14485,0],[14356,0],[14357,0],[14612,0],]]
[14485,14,[[14486,0],[14484,0],[14357,0],[14613,0],]]
[14486,16,[[14485,0],[14487,0],[14358,0],[14359,0],[14614,0],]]
[14487,4,[[14488,0],[14486,0],[14359,0],[14615,0],]]
[14488,3,[[14487,0],[14489,0],[14360,0],[14361,0],[14616,0],]]
[14489,17,[[14490,0],[14488,0],[14361,0],[14617,0],]]
[14490,1,[[14489,0],[14491,0],[14362,0],[14363,0],[14618,0],]]
[14491,1,[[14492,0],[14490,0],[14363,0],[14619,0],]]
[14492,17,[[14491,0],[14493,0],[14364,0],[14365,0],[14620,0],]]
[14493,2,[[14494,0],[14492,0],[14365,0],[14621,0],]]
[14494,16,[[14493,0],[14495,0],[14366,0],[14367,0],[14622,0],]]
[14495,7,[[14496,0],[14494,0],[14367,0],[14623,0],]]
[14496,13,[[14495,0],[14497,0],[14368,0],[14369,0],[14624,0],]]
[14497,7,[[14498,0],[14496,0],[14369,0],[14625,0],]]
[14498,9,[[14497,0],[14499,0],[14370,0],[14371,0],[14626,0],]]
[14499,4,[[14500,0],[14498,0],[14371,0],[14627,0],]]
[14500,12,[[14499,0],[14501,0],[14372,0],[14373,0],[14628,0],]]
[14501,13,[[14502,0],[14500,0],[14373,0],[14629,0],]]
[14502,18,[[14501,0],[14503,0],[14374,0],[14375,0],[14630,0],]]
[14503,13,[[14504,0],[14502,0],[14375,0],[14631,0],]]
[14504,5,[[14503,0],[14505,0],[14376,0],[14377,0],[14632,0],]]
[14505,4,[[14506,0],[14504,0],[14377,0],[14633,0],]]
[14506,1,[[14505,0],[14507,0],[14378,0],[14379,0],[14634,0],]]
[14507,14,[[14508,0],[14506,0],[14379,0],[14635,0],]]
[14508,16,[[14507,0],[14509,0],[14380,0],[14381,0],[14636,0],]]
[14509,15,[[14510,0],[14508,0],[14381,0],[14637,0],]]
[14510,3,[[14509,0],[14511,0],[14382,0],[14383,0],[14638,0],]]
[14511,6,[[14512,0],[14510,0],[14383,0],[14639,0],]]
[14512,8,[[14511,0],[14513,0],[14384,0],[14385,0],[14640,0],]]
[14513,13,[[14514,0],[14512,0],[14385,0],[14641,0],]]
[14514,17,[[14513,0],[14515,0],[14386,0],[14387,0],[14642,0],]]
[14515,3,[[14516,0],[14514,0],[14387,0],[14643,0],]]
[14516,10,[[14515,0],[14517,0],[14388,0],[14389,0],[14644,0],]]
[14517,7,[[14518,0],[14516,0],[14389,0],[14645,0],]]
[14518,7,[[14517,0],[14519,0],[14390,0],[14391,0],[14646,0],]]
[14519,10,[[14520,0],[14518,0],[14391,0],[14647,0],]]
[14520,12,[[14519,0],[14521,0],[14392,0],[14393,0],[14648,0],]]
[14521,2,[[14522,0],[14520,0],[14393,0],[14649,0],]]
[14522,9,[[14521,0],[14523,0],[14394,0],[14395,0],[14650,0],]]
[14523,14,[[14524,0],[14522,0],[14395,0],[14651,0],]]
[14524,17,[[14523,0],[14525,0],[14396,0],[14397,0],[14652,0],]]
[14525,4,[[14526,0],[14524,0],[14397,0],[14653,0],]]
[14526,19,[[14525,0],[14527,0],[14398,0],[14399,0],[14654,0],]]
[14527,12,[[14528,0],[14526,0],[14399,0],[14655,0],]]
[14528,11,[[14527,0],[14529,0],[14400,0],[14401,0],[14656,0],]]
[14529,10,[[14530,0],[14528,0],[14401,0],[14657,0],]]
[14530,2,[[14529,0],[14531,0],[14402,0],[14403,0],[14658,0],]]
[14531,6,[[14532,0],[14530,0],[14403,0],[14659,0],]]
[14532,19,[[14531,0],[14533,0],[14404,0],[14405,0],[14660,0],]]
[14533,4,[[14534,0],[14532,0],[14405,0],[14661,0],]]
[14534,3,[[14533,0],[14535,0],[14406,0],[14407,0],[14662,0],]]
[14535,18,[[14536,0],[14534,0],[14407,0],[14663,0],]]
[14536,17,[[14535,0],[14537,0],[14408,0],[14409,0],[14664,0],]]
[14537,3,[[14538,0],[14536,0],[14409,0],[14665,0],]]
[14538,4,[[14537,0],[14539,0],[14410,0],[14411,0],[14666,0],]]
[14539,3,[[14540,0],[14538,0],[14411,0],[14667,0],]]
[14540,7,[[14539,0],[14541,0],[14412,0],[14413,0],[14668,0],]]
[14541,11,[[14542,0],[14540,0],[14413,0],[14669,0],]]
[14542,11,[[14541,0],[14543,0],[14414,0],[14415,0],[14670,0],]]
[14543,3,[[14544,0],[14542,0],[14415,0],[14671,0],]]
[14544,11,[[14543,0],[14545,0],[14416,0],[14417,0],[14672,0],]]
[14545,2,[[14546,0],[14544,0],[14417,0],[14673,0],]]
[14546,10,[[14545,0],[14547,0],[14418,0],[14419,0],[14674,0],]]
[14547,4,[[14548,0],[14546,0],[14419,0],[14675,0],]]
[14548,9,[[14547,0],[14549,0],[14420,0],[14421,0],[14676,0],]]
[14549,11,[[14550,0],[14548,0],[14421,0],[14677,0],]]
[14550,13,[[14549,0],[14551,0],[14422,0],[14423,0],[14678,0],]]
[14551,3,[[14552,0],[14550,0],[14423,0],[14679,0],]]
[14552,8,[[14551,0],[14553,0],[14424,0],[14425,0],[14680,0],]]
[14553,18,[[14554,0],[14552,0],[14425,0],[14681,0],]]
[14554,15,[[14553,0],[14555,0],[14426,0],[14427,0],[14682,0],]]
[14555,18,[[14556,0],[14554,0],[14427,0],[14683,0],]]
[14556,4,[[14555,0],[14557,0],[14428,0],[14429,0],[14684,0],]]
[14557,10,[[14558,0],[14556,0],[14429,0],[14685,0],]]
[14558,4,[[14557,0],[14559,0],[14430,0],[14431,0],[14686,0],]]
[14559,18,[[14560,0],[14558,0],[14431,0],[14687,0],]]
[14560,7,[[14559,0],[14561,0],[14432,0],[14433,0],[14688,0],]]
[14561,2,[[14562,0],[14560,0],[14433,0],[14689,0],]]
[14562,6,[[14561,0],[14563,0],[14434,0],[14435,0],[14690,0],]]
[14563,13,[[14564,0],[14562,0],[14435,0],[14691,0],]]
[14564,7,[[14563,0],[14565,0],[14436,0],[14437,0],[14692,0],]]
[14565,6,[[14566,0],[14564,0],[14437,0],[14693,0],]]
[14566,3,[[14565,0],[14567,0],[14438,0],[14439,0],[14694,0],]]
[14567,12,[[14568,0],[14566,0],[14439,0],[14695,0],]]
[14568,11,[[14567,0],[14569,0],[14440,0],[14441,0],[14696,0],]]
[14569,11,[[14570,0],[14568,0],[14441,0],[14697,0],]]
[14570,4,[[14569,0],[14571,0],[14442,0],[14443,0],[14698,0],]]
[14571,4,[[14572,0],[14570,0],[14443,0],[14699,0],]]
[14572,17,[[14571,0],[14573,0],[14444,0],[14445,0],[14700,0],]]
[14573,9,[[14574,0],[14572,0],[14445,0],[14701,0],]]
[14574,19,[[14573,0],[14575,0],[14446,0],[14447,0],[14702,0],]]
[14575,9,[[14576,0],[14574,0],[14447,0],[14703,0],]]
[14576,14,[[14575,0],[14577,0],[14448,0],[14449,0],[14704,0],]]
[14577,19,[[14578,0],[14576,0],[14449,0],[14705,0],]]
[14578,15,[[14577,0],[14579,0],[14450,0],[14451,0],[14706,0],]]
[14579,15,[[14580,0],[14578,0],[14451,0],[14707,0],]]
[14580,11,[[14579,0],[14581,0],[14452,0],[14453,0],[14708,0],]]
