[14090,3,[[14089,0],[14091,0],[14218,0],[13962,0],]]
[14091,4,[[14092,0],[14090,0],[14219,0],[14218,0],[13963,0],]]
[14092,2,[[14091,0],[14093,0],[14220,0],[13964,0],]]
[14093,17,[[14094,0],[14092,0],[14221,0],[14220,0],[13965,0],]]
[14094,15,[[14093,0],[14095,0],[14222,0],[13966,0],]]
[14095,8,[[14096,0],[14094,0],[14223,0],[14222,0],[13967,0],]]
[14096,14,[[14095,0],[14097,0],[14224,0],[13968,0],]]
[14097,12,[[14098,0],[14096,0],[14225,0],[14224,0],[13969,0],]]
[14098,9,[[14097,0],[14099,0],[14226,0],[13970,0],]]
[14099,7,[[14100,0],[14098,0],[14227,0],[14226,0],[13971,0],]]
[14100,15,[[14099,0],[14101,0],[14228,0],[13972,0],]]
[14101,7,[[14102,0],[14100,0],[14229,0],[14228,0],[13973,0],]]
[14102,4,[[14101,0],[14103,0],[14230,0],[13974,0],]]
[14103,3,[[14104,0],[14102,0],[14231,0],[14230,0],[13975,0],]]
[14104,15,[[14103,0],[14105,0],[14232,0],[13976,0],]]
[14105,15,[[14106,0],[14104,0],[14233,0],[14232,0],[13977,0],]]
[14106,16,[[14105,0],[14107,0],[14234,0],[13978,0],]]
[14107,2,[[14108,0],[14106,0],[14235,0],[14234,0],[13979,0],]]
[14108,13,[[14107,0],[14109,0],[14236,0],[13980,0],]]
[14109,1,[[14110,0],[14108,0],[14237,0],[14236,0],[13981,0],]]
[14110,14,[[14109,0],[14111,0],[14238,0],[13982,0],]]
[14111,16,[[14112,0],[14110,0],[14239,0],[14238,0],[13983,0],]]
[14112,10,[[14111,0],[14113,0],[14240,0],[13984,0],]]
[14113,8,[[14114,0],[14112,0],[14241,0],[14240,0],[13985,0],]]
[14114,9,[[14113,0],[14115,0],[14242,0],[13986,0],]]
[14115,6,[[14116,0],[14114,0],[14243,0],[14242,0],[13987,0],]]
[14116,9,[[14115,0],[14117,0],[14244,0],[13988,0],]]
[14117,17,[[14118,0],[14116,0],[14245,0],[14244,0],[13989,0],]]
[14118,3,[[14117,0],[14119,0],[14246,0],[13990,0],]]
[14119,12,[[14120,0],[14118,0],[14247,0],[14246,0],[13991,0],]]
[14120,1,[[14119,0],[14121,0],[14248,0],[13992,0],]]
[14121,4,[[14122,0],[14120,0],[14249,0],[14248,0],[13993,0],]]
[14122,1,[[14121,0],[14123,0],[14250,0],[13994,0],]]
[14123,11,[[14124,0],[14122,0],[14251,0],[14250,0],[13995,0],]]
[14124,4,[[14123,0],[14125,0],[14252,0],[13996,0],]]
[14125,18,[[14126,0],[14124,0],[14253,0],[14252,0],[13997,0],]]
[14126,19,[[14125,0],[14127,0],[14254,0],[13998,0],]]
[14127,7,[[14128,0],[14126,0],[14255,0],[14254,0],[13999,0],]]
[14128,7,[[14127,0],[14129,0],[14256,0],[14000,0],]]
[14129,16,[[14130,0],[14128,0],[14257,0],[14256,0],[14001,0],]]
[14130,17,[[14129,0],[14131,0],[14258,0],[14002,0],]]
[14131,2,[[14132,0],[14130,0],[14259,0],[14258,0],[14003,0],]]
[14132,12,[[14131,0],[14133,0],[14260,0],[14004,0],]]
[14133,6,[[14134,0],[14132,0],[14261,0],[14260,0],[14005,0],]]
[14134,9,[[14133,0],[14135,0],[14262,0],[14006,0],]]
[14135,3,[[14136,0],[14134,0],[14263,0],[14262,0],[14007,0],]]
[14136,17,[[14135,0],[14137,0],[14264,0],[14008,0],]]
[14137,19,[[14138,0],[14136,0],[14265,0],[14264,0],[14009,0],]]
[14138,19,[[14137,0],[14139,0],[14266,0],[14010,0],]]
[14139,16,[[14140,0],[14138,0],[14267,0],[14266,0],[14011,0],]]
[14140,11,[[14139,0],[14141,0],[14268,0],[14012,0],]]
[14141,17,[[14142,0],[14140,0],[14269,0],[14268,0],[14013,0],]]
[14142,17,[[14141,0],[14143,0],[14270,0],[14014,0],]]
[14143,6,[[14144,0],[14142,0],[14271,0],[14270,0],[14015,0],]]
[14144,19,[[14143,0],[14145,0],[14272,0],[14016,0],]]
[14145,11,[[14146,0],[14144,0],[14273,0],[14272,0],[14017,0],]]
[14146,5,[[14145,0],[14147,0],[14274,0],[14018,0],]]
[14147,11,[[14148,0],[14146,0],[14275,0],[14274,0],[14019,0],]]
[14148,4,[[14147,0],[14149,0],[14276,0],[14020,0],]]
[14149,9,[[14150,0],[14148,0],[14277,0],[14276,0],[14021,0],]]
[14150,6,[[14149,0],[14151,0],[14278,0],[14022,0],]]
[14151,5,[[14152,0],[14150,0],[14279,0],[14278,0],[14023,0],]]
[14152,4,[[14151,0],[14153,0],[14280,0],[14024,0],]]
[14153,1,[[14154,0],[14152,0],[14281,0],[14280,0],[14025,0],]]
[14154,13,[[14153,0],[14155,0],[14282,0],[14026,0],]]
[14155,9,[[14156,0],[14154,0],[14283,0],[14282,0],[14027,0],]]
[14156,8,[[14155,0],[14157,0],[14284,0],[14028,0],]]
[14157,13,[[14158,0],[14156,0],[14285,0],[14284,0],[14029,0],]]
[14158,14,[[14157,0],[14159,0],[14286,0],[14030,0],]]
[14159,8,[[14160,0],[14158,0],[14287,0],[14286,0],[14031,0],]]
[14160,6,[[14159,0],[14161,0],[14288,0],[14032,0],]]
[14161,10,[[14162,0],[14160,0],[14289,0],[14288,0],[14033,0],]]
[14162,17,[[14161,0],[14163,0],[14290,0],[14034,0],]]
[14163,3,[[14164,0],[14162,0],[14291,0],[14290,0],[14035,0],]]
[14164,6,[[14163,0],[14165,0],[14292,0],[14036,0],]]
[14165,3,[[14166,0],[14164,0],[14293,0],[14292,0],[14037,0],]]
[14166,6,[[14165,0],[14167,0],[14294,0],[14038,0],]]
[14167,11,[[14168,0],[14166,0],[14295,0],[14294,0],[14039,0],]]
[14168,12,[[14167,0],[14169,0],[14296,0],[14040,0],]]
[14169,8,[[14170,0],[14168,0],[14297,0],[14296,0],[14041,0],]]
[14170,18,[[14169,0],[14171,0],[14298,0],[14042,0],]]
[14171,1,[[14172,0],[14170,0],[14299,0],[14298,0],[14043,0],]]
[14172,4,[[14171,0],[14173,0],[14300,0],[14044,0],]]
[14173,16,[[14174,0],[14172,0],[14301,0],[14300,0],[14045,0],]]
[14174,1,[[14173,0],[14175,0],[14302,0],[14046,0],]]
[14175,1,[[14176,0],[14174,0],[14303,0],[14302,0],[14047,0],]]
[14176,11,[[14175,0],[14177,0],[14304,0],[14048,0],]]
[14177,2,[[14178,0],[14176,0],[14305,0],[14304,0],[14049,0],]]
[14178,17,[[14177,0],[14179,0],[14306,0],[14050,0],]]
[14179,17,[[14180,0],[14178,0],[14307,0],[14306,0],[14051,0],]]
[14180,9,[[14179,0],[14181,0],[14308,0],[14052,0],]]
[14181,1,[[14182,0],[14180,0],[14309,0],[14308,0],[14053,0],]]
[14182,17,[[14181,0],[14183,0],[14310,0],[14054,0],]]
[14183,8,[[14184,0],[14182,0],[14311,0],[14310,0],[14055,0],]]
[14184,8,[[14183,0],[14185,0],[14312,0],[14056,0],]]
[14185,8,[[14186,0],[14184,0],[14313,0],[14312,0],[14057,0],]]
[14186,4,[[14185,0],[14187,0],[14314,0],[14058,0],]]
[14187,8,[[14188,0],[14186,0],[14315,0],[14314,0],[14059,0],]]
[14188,9,[[14187,0],[14189,0],[14316,0],[14060,0],]]
[14189,2,[[14190,0],[14188,0],[14317,0],[14316,0],[14061,0],]]
[14190,9,[[14189,0],[14191,0],[14318,0],[14062,0],]]
[14191,4,[[14192,0],[14190,0],[14319,0],[14318,0],[14063,0],]]
[14192,13,[[14191,0],[14193,0],[14320,0],[14064,0],]]
[14193,17,[[14194,0],[14192,0],[14321,0],[14320,0],[14065,0],]]
[14194,6,[[14193,0],[14195,0],[14322,0],[14066,0],]]
[14195,1,[[14196,0],[14194,0],[14323,0],[14322,0],[14067,0],]]
[14196,8,[[14195,0],[14197,0],[14324,0],[14068,0],]]
[14197,9,[[14198,0],[14196,0],[14325,0],[14324,0],[14069,0],]]
[14198,5,[[14197,0],[14199,0],[14326,0],[14070,0],]]
[14199,15,[[14200,0],[14198,0],[14327,0],[14326,0],[14071,0],]]
[14200,10,[[14199,0],[14201,0],[14328,0],[14072,0],]]
[14201,16,[[14202,0],[14200,0],[14329,0],[14328,0],[14073,0],]]
[14202,19,[[14201,0],[14203,0],[14330,0],[14074,0],]]
[14203,1,[[14204,0],[14202,0],[14331,0],[14330,0],[14075,0],]]
[14204,8,[[14203,0],[14205,0],[14332,0],[14076,0],]]
[14205,15,[[14206,0],[14204,0],[14333,0],[14332,0],[14077,0],]]
[14206,8,[[14205,0],[14207,0],[14334,0],[14078,0],]]
[14207,14,[[14206,0],[14335,0],[14334,0],[14079,0],]]
[14208,1,[[14209,0],[14080,0],[14081,0],[14336,0],]]
[14209,15,[[14210,0],[14208,0],[14081,0],[14337,0],]]
[14210,17,[[14209,0],[14211,0],[14082,0],[14083,0],[14338,0],]]
[14211,7,[[14212,0],[14210,0],[14083,0],[14339,0],]]
[14212,15,[[14211,0],[14213,0],[14084,0],[14085,0],[14340,0],]]
[14213,12,[[14214,0],[14212,0],[14085,0],[14341,0],]]
[14214,12,[[14213,0],[14215,0],[14086,0],[14087,0],[14342,0],]]
[14215,4,[[14216,0],[14214,0],[14087,0],[14343,0],]]
[14216,12,[[14215,0],[14217,0],[14088,0],[14089,0],[14344,0],]]
[14217,9,[[14218,0],[14216,0],[14089,0],[14345,0],]]
[14218,3,[[14217,0],[14219,0],[14090,0],[14091,0],[14346,0],]]
[14219,10,[[14220,0],[14218,0],[14091,0],[14347,0],]]
[14220,13,[[14219,0],[14221,0],[14092,0],[14093,0],[14348,0],]]
[14221,4,[[14222,0],[14220,0],[14093,0],[14349,0],]]
[14222,9,[[14221,0],[14223,0],[14094,0],[14095,0],[14350,0],]]
[14223,12,[[14224,0],[14222,0],[14095,0],[14351,0],]]
[14224,7,[[14223,0],[14225,0],[14096,0],[14097,0],[14352,0],]]
[14225,11,[[14226,0],[14224,0],[14097,0],[14353,0],]]
[14226,9,[[14225,0],[14227,0],[14098,0],[14099,0],[14354,0],]]
[14227,13,[[14228,0],[14226,0],[14099,0],[14355,0],]]
[14228,1,[[14227,0],[14229,0],[14100,0],[14101,0],[14356,0],]]
[14229,10,[[14230,0],[14228,0],[14101,0],[14357,0],]]
[14230,15,[[14229,0],[14231,0],[14102,0],[14103,0],[14358,0],]]
[14231,7,[[14232,0],[14230,0],[14103,0],[14359,0],]]
[14232,11,[[14231,0],[14233,0],[14104,0],[14105,0],[14360,0],]]
[14233,12,[[14234,0],[14232,0],[14105,0],[14361,0],]]
[14234,17,[[14233,0],[14235,0],[14106,0],[14107,0],[14362,0],]]
[14235,7,[[14236,0],[14234,0],[14107,0],[14363,0],]]
[14236,13,[[14235,0],[14237,0],[14108,0],[14109,0],[14364,0],]]
[14237,14,[[14238,0],[14236,0],[14109,0],[14365,0],]]
[14238,12,[[14237,0],[14239,0],[14110,0],[14111,0],[14366,0],]]
[14239,17,[[14240,0],[14238,0],[14111,0],[14367,0],]]
[14240,17,[[14239,0],[14241,0],[14112,0],[14113,0],[14368,0],]]
[14241,17,[[14242,0],[14240,0],[14113,0],[14369,0],]]
[14242,14,[[14241,0],[14243,0],[14114,0],[14115,0],[14370,0],]]
[14243,14,[[14244,0],[14242,0],[14115,0],[14371,0],]]
[14244,3,[[14243,0],[14245,0],[14116,0],[14117,0],[14372,0],]]
[14245,8,[[14246,0],[14244,0],[14117,0],[14373,0],]]
[14246,9,[[14245,0],[14247,0],[14118,0],[14119,0],[14374,0],]]
[14247,14,[[14248,0],[14246,0],[14119,0],[14375,0],]]
[14248,15,[[14247,0],[14249,0],[14120,0],[14121,0],[14376,0],]]
[14249,6,[[14250,0],[14248,0],[14121,0],[14377,0],]]
[14250,6,[[14249,0],[14251,0],[14122,0],[14123,0],[14378,0],]]
[14251,9,[[14252,0],[14250,0],[14123,0],[14379,0],]]
[14252,14,[[14251,0],[14253,0],[14124,0],[14125,0],[14380,0],]]
[14253,3,[[14254,0],[14252,0],[14125,0],[14381,0],]]
