[13271,7,[[13272,0],[13270,0],[13143,0],[13399,0],]]
[13272,9,[[13271,0],[13273,0],[13144,0],[13145,0],[13400,0],]]
[13273,1,[[13274,0],[13272,0],[13145,0],[13401,0],]]
[13274,10,[[13273,0],[13275,0],[13146,0],[13147,0],[13402,0],]]
[13275,16,[[13276,0],[13274,0],[13147,0],[13403,0],]]
[13276,8,[[13275,0],[13277,0],[13148,0],[13149,0],[13404,0],]]
[13277,8,[[13278,0],[13276,0],[13149,0],[13405,0],]]
[13278,17,[[13277,0],[13279,0],[13150,0],[13151,0],[13406,0],]]
[13279,14,[[13280,0],[13278,0],[13151,0],[13407,0],]]
[13280,9,[[13279,0],[13281,0],[13152,0],[13153,0],[13408,0],]]
[13281,14,[[13282,0],[13280,0],[13153,0],[13409,0],]]
[13282,5,[[13281,0],[13283,0],[13154,0],[13155,0],[13410,0],]]
[13283,14,[[13284,0],[13282,0],[13155,0],[13411,0],]]
[13284,10,[[13283,0],[13285,0],[13156,0],[13157,0],[13412,0],]]
[13285,19,[[13286,0],[13284,0],[13157,0],[13413,0],]]
[13286,18,[[13285,0],[13287,0],[13158,0],[13159,0],[13414,0],]]
[13287,19,[[13288,0],[13286,0],[13159,0],[13415,0],]]
[13288,4,[[13287,0],[13289,0],[13160,0],[13161,0],[13416,0],]]
[13289,19,[[13290,0],[13288,0],[13161,0],[13417,0],]]
[13290,6,[[13289,0],[13291,0],[13162,0],[13163,0],[13418,0],]]
[13291,13,[[13292,0],[13290,0],[13163,0],[13419,0],]]
[13292,9,[[13291,0],[13293,0],[13164,0],[13165,0],[13420,0],]]
[13293,17,[[13294,0],[13292,0],[13165,0],[13421,0],]]
[13294,7,[[13293,0],[13295,0],[13166,0],[13167,0],[13422,0],]]
[13295,19,[[13296,0],[13294,0],[13167,0],[13423,0],]]
[13296,17,[[13295,0],[13297,0],[13168,0],[13169,0],[13424,0],]]
[13297,6,[[13298,0],[13296,0],[13169,0],[13425,0],]]
[13298,18,[[13297,0],[13299,0],[13170,0],[13171,0],[13426,0],]]
[13299,11,[[13300,0],[13298,0],[13171,0],[13427,0],]]
[13300,5,[[13299,0],[13301,0],[13172,0],[13173,0],[13428,0],]]
[13301,3,[[13302,0],[13300,0],[13173,0],[13429,0],]]
[13302,2,[[13301,0],[13303,0],[13174,0],[13175,0],[13430,0],]]
[13303,17,[[13304,0],[13302,0],[13175,0],[13431,0],]]
[13304,8,[[13303,0],[13305,0],[13176,0],[13177,0],[13432,0],]]
[13305,16,[[13306,0],[13304,0],[13177,0],[13433,0],]]
[13306,15,[[13305,0],[13307,0],[13178,0],[13179,0],[13434,0],]]
[13307,6,[[13308,0],[13306,0],[13179,0],[13435,0],]]
[13308,10,[[13307,0],[13309,0],[13180,0],[13181,0],[13436,0],]]
[13309,12,[[13310,0],[13308,0],[13181,0],[13437,0],]]
[13310,10,[[13309,0],[13311,0],[13182,0],[13183,0],[13438,0],]]
[13311,18,[[13310,0],[13183,0],[13439,0],]]
[13312,18,[[13313,0],[13440,0],[13184,0],]]
[13313,11,[[13314,0],[13312,0],[13441,0],[13440,0],[13185,0],]]
[13314,17,[[13313,0],[13315,0],[13442,0],[13186,0],]]
[13315,9,[[13316,0],[13314,0],[13443,0],[13442,0],[13187,0],]]
[13316,6,[[13315,0],[13317,0],[13444,0],[13188,0],]]
[13317,10,[[13318,0],[13316,0],[13445,0],[13444,0],[13189,0],]]
[13318,12,[[13317,0],[13319,0],[13446,0],[13190,0],]]
[13319,11,[[13320,0],[13318,0],[13447,0],[13446,0],[13191,0],]]
[13320,9,[[13319,0],[13321,0],[13448,0],[13192,0],]]
[13321,15,[[13322,0],[13320,0],[13449,0],[13448,0],[13193,0],]]
[13322,6,[[13321,0],[13323,0],[13450,0],[13194,0],]]
[13323,8,[[13324,0],[13322,0],[13451,0],[13450,0],[13195,0],]]
[13324,9,[[13323,0],[13325,0],[13452,0],[13196,0],]]
[13325,19,[[13326,0],[13324,0],[13453,0],[13452,0],[13197,0],]]
[13326,1,[[13325,0],[13327,0],[13454,0],[13198,0],]]
[13327,10,[[13328,0],[13326,0],[13455,0],[13454,0],[13199,0],]]
[13328,14,[[13327,0],[13329,0],[13456,0],[13200,0],]]
[13329,4,[[13330,0],[13328,0],[13457,0],[13456,0],[13201,0],]]
[13330,11,[[13329,0],[13331,0],[13458,0],[13202,0],]]
[13331,17,[[13332,0],[13330,0],[13459,0],[13458,0],[13203,0],]]
[13332,13,[[13331,0],[13333,0],[13460,0],[13204,0],]]
[13333,16,[[13334,0],[13332,0],[13461,0],[13460,0],[13205,0],]]
[13334,3,[[13333,0],[13335,0],[13462,0],[13206,0],]]
[13335,12,[[13336,0],[13334,0],[13463,0],[13462,0],[13207,0],]]
[13336,12,[[13335,0],[13337,0],[13464,0],[13208,0],]]
[13337,15,[[13338,0],[13336,0],[13465,0],[13464,0],[13209,0],]]
[13338,14,[[13337,0],[13339,0],[13466,0],[13210,0],]]
[13339,5,[[13340,0],[13338,0],[13467,0],[13466,0],[13211,0],]]
[13340,4,[[13339,0],[13341,0],[13468,0],[13212,0],]]
[13341,9,[[13342,0],[13340,0],[13469,0],[13468,0],[13213,0],]]
[13342,13,[[13341,0],[13343,0],[13470,0],[13214,0],]]
[13343,1,[[13344,0],[13342,0],[13471,0],[13470,0],[13215,0],]]
[13344,7,[[13343,0],[13345,0],[13472,0],[13216,0],]]
[13345,17,[[13346,0],[13344,0],[13473,0],[13472,0],[13217,0],]]
[13346,1,[[13345,0],[13347,0],[13474,0],[13218,0],]]
[13347,11,[[13348,0],[13346,0],[13475,0],[13474,0],[13219,0],]]
[13348,18,[[13347,0],[13349,0],[13476,0],[13220,0],]]
[13349,13,[[13350,0],[13348,0],[13477,0],[13476,0],[13221,0],]]
[13350,19,[[13349,0],[13351,0],[13478,0],[13222,0],]]
[13351,17,[[13352,0],[13350,0],[13479,0],[13478,0],[13223,0],]]
[13352,11,[[13351,0],[13353,0],[13480,0],[13224,0],]]
[13353,13,[[13354,0],[13352,0],[13481,0],[13480,0],[13225,0],]]
[13354,8,[[13353,0],[13355,0],[13482,0],[13226,0],]]
[13355,9,[[13356,0],[13354,0],[13483,0],[13482,0],[13227,0],]]
[13356,7,[[13355,0],[13357,0],[13484,0],[13228,0],]]
[13357,13,[[13358,0],[13356,0],[13485,0],[13484,0],[13229,0],]]
[13358,4,[[13357,0],[13359,0],[13486,0],[13230,0],]]
[13359,14,[[13360,0],[13358,0],[13487,0],[13486,0],[13231,0],]]
[13360,14,[[13359,0],[13361,0],[13488,0],[13232,0],]]
[13361,10,[[13362,0],[13360,0],[13489,0],[13488,0],[13233,0],]]
[13362,17,[[13361,0],[13363,0],[13490,0],[13234,0],]]
[13363,19,[[13364,0],[13362,0],[13491,0],[13490,0],[13235,0],]]
[13364,10,[[13363,0],[13365,0],[13492,0],[13236,0],]]
[13365,18,[[13366,0],[13364,0],[13493,0],[13492,0],[13237,0],]]
[13366,16,[[13365,0],[13367,0],[13494,0],[13238,0],]]
[13367,6,[[13368,0],[13366,0],[13495,0],[13494,0],[13239,0],]]
[13368,6,[[13367,0],[13369,0],[13496,0],[13240,0],]]
[13369,9,[[13370,0],[13368,0],[13497,0],[13496,0],[13241,0],]]
[13370,15,[[13369,0],[13371,0],[13498,0],[13242,0],]]
[13371,2,[[13372,0],[13370,0],[13499,0],[13498,0],[13243,0],]]
[13372,4,[[13371,0],[13373,0],[13500,0],[13244,0],]]
[13373,19,[[13374,0],[13372,0],[13501,0],[13500,0],[13245,0],]]
[13374,13,[[13373,0],[13375,0],[13502,0],[13246,0],]]
[13375,8,[[13376,0],[13374,0],[13503,0],[13502,0],[13247,0],]]
[13376,12,[[13375,0],[13377,0],[13504,0],[13248,0],]]
[13377,5,[[13378,0],[13376,0],[13505,0],[13504,0],[13249,0],]]
[13378,5,[[13377,0],[13379,0],[13506,0],[13250,0],]]
[13379,9,[[13380,0],[13378,0],[13507,0],[13506,0],[13251,0],]]
[13380,6,[[13379,0],[13381,0],[13508,0],[13252,0],]]
[13381,15,[[13382,0],[13380,0],[13509,0],[13508,0],[13253,0],]]
[13382,10,[[13381,0],[13383,0],[13510,0],[13254,0],]]
[13383,14,[[13384,0],[13382,0],[13511,0],[13510,0],[13255,0],]]
[13384,19,[[13383,0],[13385,0],[13512,0],[13256,0],]]
[13385,4,[[13386,0],[13384,0],[13513,0],[13512,0],[13257,0],]]
[13386,4,[[13385,0],[13387,0],[13514,0],[13258,0],]]
[13387,12,[[13388,0],[13386,0],[13515,0],[13514,0],[13259,0],]]
[13388,17,[[13387,0],[13389,0],[13516,0],[13260,0],]]
[13389,16,[[13390,0],[13388,0],[13517,0],[13516,0],[13261,0],]]
[13390,7,[[13389,0],[13391,0],[13518,0],[13262,0],]]
[13391,19,[[13392,0],[13390,0],[13519,0],[13518,0],[13263,0],]]
[13392,2,[[13391,0],[13393,0],[13520,0],[13264,0],]]
[13393,16,[[13394,0],[13392,0],[13521,0],[13520,0],[13265,0],]]
[13394,14,[[13393,0],[13395,0],[13522,0],[13266,0],]]
[13395,15,[[13396,0],[13394,0],[13523,0],[13522,0],[13267,0],]]
[13396,12,[[13395,0],[13397,0],[13524,0],[13268,0],]]
[13397,9,[[13398,0],[13396,0],[13525,0],[13524,0],[13269,0],]]
[13398,16,[[13397,0],[13399,0],[13526,0],[13270,0],]]
[13399,10,[[13400,0],[13398,0],[13527,0],[13526,0],[13271,0],]]
[13400,18,[[13399,0],[13401,0],[13528,0],[13272,0],]]
[13401,8,[[13402,0],[13400,0],[13529,0],[13528,0],[13273,0],]]
[13402,13,[[13401,0],[13403,0],[13530,0],[13274,0],]]
[13403,17,[[13404,0],[13402,0],[13531,0],[13530,0],[13275,0],]]
[13404,13,[[13403,0],[13405,0],[13532,0],[13276,0],]]
[13405,4,[[13406,0],[13404,0],[13533,0],[13532,0],[13277,0],]]
[13406,4,[[13405,0],[13407,0],[13534,0],[13278,0],]]
[13407,4,[[13408,0],[13406,0],[13535,0],[13534,0],[13279,0],]]
[13408,15,[[13407,0],[13409,0],[13536,0],[13280,0],]]
[13409,15,[[13410,0],[13408,0],[13537,0],[13536,0],[13281,0],]]
[13410,2,[[13409,0],[13411,0],[13538,0],[13282,0],]]
[13411,17,[[13412,0],[13410,0],[13539,0],[13538,0],[13283,0],]]
[13412,16,[[13411,0],[13413,0],[13540,0],[13284,0],]]
[13413,2,[[13414,0],[13412,0],[13541,0],[13540,0],[13285,0],]]
[13414,17,[[13413,0],[13415,0],[13542,0],[13286,0],]]
[13415,9,[[13416,0],[13414,0],[13543,0],[13542,0],[13287,0],]]
[13416,17,[[13415,0],[13417,0],[13544,0],[13288,0],]]
[13417,5,[[13418,0],[13416,0],[13545,0],[13544,0],[13289,0],]]
[13418,2,[[13417,0],[13419,0],[13546,0],[13290,0],]]
[13419,9,[[13420,0],[13418,0],[13547,0],[13546,0],[13291,0],]]
[13420,15,[[13419,0],[13421,0],[13548,0],[13292,0],]]
[13421,6,[[13422,0],[13420,0],[13549,0],[13548,0],[13293,0],]]
[13422,1,[[13421,0],[13423,0],[13550,0],[13294,0],]]
[13423,18,[[13424,0],[13422,0],[13551,0],[13550,0],[13295,0],]]
[13424,4,[[13423,0],[13425,0],[13552,0],[13296,0],]]
[13425,16,[[13426,0],[13424,0],[13553,0],[13552,0],[13297,0],]]
[13426,4,[[13425,0],[13427,0],[13554,0],[13298,0],]]
[13427,8,[[13428,0],[13426,0],[13555,0],[13554,0],[13299,0],]]
[13428,8,[[13427,0],[13429,0],[13556,0],[13300,0],]]
[13429,10,[[13430,0],[13428,0],[13557,0],[13556,0],[13301,0],]]
[13430,10,[[13429,0],[13431,0],[13558,0],[13302,0],]]
[13431,18,[[13432,0],[13430,0],[13559,0],[13558,0],[13303,0],]]
[13432,15,[[13431,0],[13433,0],[13560,0],[13304,0],]]
[13433,14,[[13434,0],[13432,0],[13561,0],[13560,0],[13305,0],]]
