[14254,16,[[14253,0],[14255,0],[14126,0],[14127,0],[14382,0],]]
[14255,9,[[14256,0],[14254,0],[14127,0],[14383,0],]]
[14256,19,[[14255,0],[14257,0],[14128,0],[14129,0],[14384,0],]]
[14257,19,[[14258,0],[14256,0],[14129,0],[14385,0],]]
[14258,9,[[14257,0],[14259,0],[14130,0],[14131,0],[14386,0],]]
[14259,19,[[14260,0],[14258,0],[14131,0],[14387,0],]]
[14260,11,[[14259,0],[14261,0],[14132,0],[14133,0],[14388,0],]]
[14261,9,[[14262,0],[14260,0],[14133,0],[14389,0],]]
[14262,8,[[14261,0],[14263,0],[14134,0],[14135,0],[14390,0],]]
[14263,16,[[14264,0],[14262,0],[14135,0],[14391,0],]]
[14264,12,[[14263,0],[14265,0],[14136,0],[14137,0],[14392,0],]]
[14265,3,[[14266,0],[14264,0],[14137,0],[14393,0],]]
[14266,2,[[14265,0],[14267,0],[14138,0],[14139,0],[14394,0],]]
[14267,15,[[14268,0],[14266,0],[14139,0],[14395,0],]]
[14268,15,[[14267,0],[14269,0],[14140,0],[14141,0],[14396,0],]]
[14269,3,[[14270,0],[14268,0],[14141,0],[14397,0],]]
[14270,15,[[14269,0],[14271,0],[14142,0],[14143,0],[14398,0],]]
[14271,19,[[14272,0],[14270,0],[14143,0],[14399,0],]]
[14272,19,[[14271,0],[14273,0],[14144,0],[14145,0],[14400,0],]]
[14273,17,[[14274,0],[14272,0],[14145,0],[14401,0],]]
[14274,12,[[14273,0],[14275,0],[14146,0],[14147,0],[14402,0],]]
[14275,14,[[14276,0],[14274,0],[14147,0],[14403,0],]]
[14276,18,[[14275,0],[14277,0],[14148,0],[14149,0],[14404,0],]]
[14277,13,[[14278,0],[14276,0],[14149,0],[14405,0],]]
[14278,5,[[14277,0],[14279,0],[14150,0],[14151,0],[14406,0],]]
[14279,19,[[14280,0],[14278,0],[14151,0],[14407,0],]]
[14280,17,[[14279,0],[14281,0],[14152,0],[14153,0],[14408,0],]]
[14281,6,[[14282,0],[14280,0],[14153,0],[14409,0],]]
[14282,13,[[14281,0],[14283,0],[14154,0],[14155,0],[14410,0],]]
[14283,1,[[14284,0],[14282,0],[14155,0],[14411,0],]]
[14284,1,[[14283,0],[14285,0],[14156,0],[14157,0],[14412,0],]]
[14285,15,[[14286,0],[14284,0],[14157,0],[14413,0],]]
[14286,5,[[14285,0],[14287,0],[14158,0],[14159,0],[14414,0],]]
[14287,4,[[14288,0],[14286,0],[14159,0],[14415,0],]]
[14288,8,[[14287,0],[14289,0],[14160,0],[14161,0],[14416,0],]]
[14289,10,[[14290,0],[14288,0],[14161,0],[14417,0],]]
[14290,14,[[14289,0],[14291,0],[14162,0],[14163,0],[14418,0],]]
[14291,5,[[14292,0],[14290,0],[14163,0],[14419,0],]]
[14292,1,[[14291,0],[14293,0],[14164,0],[14165,0],[14420,0],]]
[14293,15,[[14294,0],[14292,0],[14165,0],[14421,0],]]
[14294,6,[[14293,0],[14295,0],[14166,0],[14167,0],[14422,0],]]
[14295,7,[[14296,0],[14294,0],[14167,0],[14423,0],]]
[14296,18,[[14295,0],[14297,0],[14168,0],[14169,0],[14424,0],]]
[14297,8,[[14298,0],[14296,0],[14169,0],[14425,0],]]
[14298,16,[[14297,0],[14299,0],[14170,0],[14171,0],[14426,0],]]
[14299,11,[[14300,0],[14298,0],[14171,0],[14427,0],]]
[14300,10,[[14299,0],[14301,0],[14172,0],[14173,0],[14428,0],]]
[14301,1,[[14302,0],[14300,0],[14173,0],[14429,0],]]
[14302,6,[[14301,0],[14303,0],[14174,0],[14175,0],[14430,0],]]
[14303,16,[[14304,0],[14302,0],[14175,0],[14431,0],]]
[14304,17,[[14303,0],[14305,0],[14176,0],[14177,0],[14432,0],]]
[14305,14,[[14306,0],[14304,0],[14177,0],[14433,0],]]
[14306,13,[[14305,0],[14307,0],[14178,0],[14179,0],[14434,0],]]
[14307,3,[[14308,0],[14306,0],[14179,0],[14435,0],]]
[14308,6,[[14307,0],[14309,0],[14180,0],[14181,0],[14436,0],]]
[14309,5,[[14310,0],[14308,0],[14181,0],[14437,0],]]
[14310,4,[[14309,0],[14311,0],[14182,0],[14183,0],[14438,0],]]
[14311,19,[[14312,0],[14310,0],[14183,0],[14439,0],]]
[14312,12,[[14311,0],[14313,0],[14184,0],[14185,0],[14440,0],]]
[14313,4,[[14314,0],[14312,0],[14185,0],[14441,0],]]
[14314,16,[[14313,0],[14315,0],[14186,0],[14187,0],[14442,0],]]
[14315,13,[[14316,0],[14314,0],[14187,0],[14443,0],]]
[14316,17,[[14315,0],[14317,0],[14188,0],[14189,0],[14444,0],]]
[14317,6,[[14318,0],[14316,0],[14189,0],[14445,0],]]
[14318,17,[[14317,0],[14319,0],[14190,0],[14191,0],[14446,0],]]
[14319,11,[[14320,0],[14318,0],[14191,0],[14447,0],]]
[14320,5,[[14319,0],[14321,0],[14192,0],[14193,0],[14448,0],]]
[14321,9,[[14322,0],[14320,0],[14193,0],[14449,0],]]
[14322,13,[[14321,0],[14323,0],[14194,0],[14195,0],[14450,0],]]
[14323,9,[[14324,0],[14322,0],[14195,0],[14451,0],]]
[14324,13,[[14323,0],[14325,0],[14196,0],[14197,0],[14452,0],]]
[14325,4,[[14326,0],[14324,0],[14197,0],[14453,0],]]
[14326,2,[[14325,0],[14327,0],[14198,0],[14199,0],[14454,0],]]
[14327,9,[[14328,0],[14326,0],[14199,0],[14455,0],]]
[14328,9,[[14327,0],[14329,0],[14200,0],[14201,0],[14456,0],]]
[14329,9,[[14330,0],[14328,0],[14201,0],[14457,0],]]
[14330,3,[[14329,0],[14331,0],[14202,0],[14203,0],[14458,0],]]
[14331,15,[[14332,0],[14330,0],[14203,0],[14459,0],]]
[14332,15,[[14331,0],[14333,0],[14204,0],[14205,0],[14460,0],]]
[14333,9,[[14334,0],[14332,0],[14205,0],[14461,0],]]
[14334,18,[[14333,0],[14335,0],[14206,0],[14207,0],[14462,0],]]
[14335,8,[[14334,0],[14207,0],[14463,0],]]
[14336,16,[[14337,0],[14464,0],[14208,0],]]
[14337,8,[[14338,0],[14336,0],[14465,0],[14464,0],[14209,0],]]
[14338,14,[[14337,0],[14339,0],[14466,0],[14210,0],]]
[14339,13,[[14340,0],[14338,0],[14467,0],[14466,0],[14211,0],]]
[14340,13,[[14339,0],[14341,0],[14468,0],[14212,0],]]
[14341,19,[[14342,0],[14340,0],[14469,0],[14468,0],[14213,0],]]
[14342,10,[[14341,0],[14343,0],[14470,0],[14214,0],]]
[14343,5,[[14344,0],[14342,0],[14471,0],[14470,0],[14215,0],]]
[14344,17,[[14343,0],[14345,0],[14472,0],[14216,0],]]
[14345,10,[[14346,0],[14344,0],[14473,0],[14472,0],[14217,0],]]
[14346,12,[[14345,0],[14347,0],[14474,0],[14218,0],]]
[14347,7,[[14348,0],[14346,0],[14475,0],[14474,0],[14219,0],]]
[14348,9,[[14347,0],[14349,0],[14476,0],[14220,0],]]
[14349,5,[[14350,0],[14348,0],[14477,0],[14476,0],[14221,0],]]
[14350,2,[[14349,0],[14351,0],[14478,0],[14222,0],]]
[14351,8,[[14352,0],[14350,0],[14479,0],[14478,0],[14223,0],]]
[14352,6,[[14351,0],[14353,0],[14480,0],[14224,0],]]
[14353,5,[[14354,0],[14352,0],[14481,0],[14480,0],[14225,0],]]
[14354,6,[[14353,0],[14355,0],[14482,0],[14226,0],]]
[14355,6,[[14356,0],[14354,0],[14483,0],[14482,0],[14227,0],]]
[14356,15,[[14355,0],[14357,0],[14484,0],[14228,0],]]
[14357,17,[[14358,0],[14356,0],[14485,0],[14484,0],[14229,0],]]
[14358,3,[[14357,0],[14359,0],[14486,0],[14230,0],]]
[14359,3,[[14360,0],[14358,0],[14487,0],[14486,0],[14231,0],]]
[14360,15,[[14359,0],[14361,0],[14488,0],[14232,0],]]
[14361,17,[[14362,0],[14360,0],[14489,0],[14488,0],[14233,0],]]
[14362,17,[[14361,0],[14363,0],[14490,0],[14234,0],]]
[14363,17,[[14364,0],[14362,0],[14491,0],[14490,0],[14235,0],]]
[14364,10,[[14363,0],[14365,0],[14492,0],[14236,0],]]
[14365,19,[[14366,0],[14364,0],[14493,0],[14492,0],[14237,0],]]
[14366,7,[[14365,0],[14367,0],[14494,0],[14238,0],]]
[14367,15,[[14368,0],[14366,0],[14495,0],[14494,0],[14239,0],]]
[14368,2,[[14367,0],[14369,0],[14496,0],[14240,0],]]
[14369,1,[[14370,0],[14368,0],[14497,0],[14496,0],[14241,0],]]
[14370,3,[[14369,0],[14371,0],[14498,0],[14242,0],]]
[14371,4,[[14372,0],[14370,0],[14499,0],[14498,0],[14243,0],]]
[14372,3,[[14371,0],[14373,0],[14500,0],[14244,0],]]
[14373,5,[[14374,0],[14372,0],[14501,0],[14500,0],[14245,0],]]
[14374,8,[[14373,0],[14375,0],[14502,0],[14246,0],]]
[14375,9,[[14376,0],[14374,0],[14503,0],[14502,0],[14247,0],]]
[14376,11,[[14375,0],[14377,0],[14504,0],[14248,0],]]
[14377,3,[[14378,0],[14376,0],[14505,0],[14504,0],[14249,0],]]
[14378,10,[[14377,0],[14379,0],[14506,0],[14250,0],]]
[14379,11,[[14380,0],[14378,0],[14507,0],[14506,0],[14251,0],]]
[14380,2,[[14379,0],[14381,0],[14508,0],[14252,0],]]
[14381,11,[[14382,0],[14380,0],[14509,0],[14508,0],[14253,0],]]
[14382,18,[[14381,0],[14383,0],[14510,0],[14254,0],]]
[14383,15,[[14384,0],[14382,0],[14511,0],[14510,0],[14255,0],]]
[14384,4,[[14383,0],[14385,0],[14512,0],[14256,0],]]
[14385,7,[[14386,0],[14384,0],[14513,0],[14512,0],[14257,0],]]
[14386,8,[[14385,0],[14387,0],[14514,0],[14258,0],]]
[14387,6,[[14388,0],[14386,0],[14515,0],[14514,0],[14259,0],]]
[14388,8,[[14387,0],[14389,0],[14516,0],[14260,0],]]
[14389,17,[[14390,0],[14388,0],[14517,0],[14516,0],[14261,0],]]
[14390,7,[[14389,0],[14391,0],[14518,0],[14262,0],]]
[14391,16,[[14392,0],[14390,0],[14519,0],[14518,0],[14263,0],]]
[14392,16,[[14391,0],[14393,0],[14520,0],[14264,0],]]
[14393,2,[[14394,0],[14392,0],[14521,0],[14520,0],[14265,0],]]
[14394,12,[[14393,0],[14395,0],[14522,0],[14266,0],]]
[14395,13,[[14396,0],[14394,0],[14523,0],[14522,0],[14267,0],]]
[14396,9,[[14395,0],[14397,0],[14524,0],[14268,0],]]
[14397,14,[[14398,0],[14396,0],[14525,0],[14524,0],[14269,0],]]
[14398,5,[[14397,0],[14399,0],[14526,0],[14270,0],]]
[14399,12,[[14400,0],[14398,0],[14527,0],[14526,0],[14271,0],]]
[14400,9,[[14399,0],[14401,0],[14528,0],[14272,0],]]
[14401,1,[[14402,0],[14400,0],[14529,0],[14528,0],[14273,0],]]
[14402,15,[[14401,0],[14403,0],[14530,0],[14274,0],]]
[14403,14,[[14404,0],[14402,0],[14531,0],[14530,0],[14275,0],]]
[14404,7,[[14403,0],[14405,0],[14532,0],[14276,0],]]
[14405,19,[[14406,0],[14404,0],[14533,0],[14532,0],[14277,0],]]
[14406,19,[[14405,0],[14407,0],[14534,0],[14278,0],]]
[14407,14,[[14408,0],[14406,0],[14535,0],[14534,0],[14279,0],]]
[14408,15,[[14407,0],[14409,0],[14536,0],[14280,0],]]
[14409,12,[[14410,0],[14408,0],[14537,0],[14536,0],[14281,0],]]
[14410,18,[[14409,0],[14411,0],[14538,0],[14282,0],]]
[14411,7,[[14412,0],[14410,0],[14539,0],[14538,0],[14283,0],]]
[14412,18,[[14411,0],[14413,0],[14540,0],[14284,0],]]
[14413,13,[[14414,0],[14412,0],[14541,0],[14540,0],[14285,0],]]
[14414,17,[[14413,0],[14415,0],[14542,0],[14286,0],]]
[14415,6,[[14416,0],[14414,0],[14543,0],[14542,0],[14287,0],]]
[14416,7,[[14415,0],[14417,0],[14544,0],[14288,0],]]
