[13926,5,[[13925,0],[13927,0],[14054,0],[13798,0],]]
[13927,7,[[13928,0],[13926,0],[14055,0],[14054,0],[13799,0],]]
[13928,17,[[13927,0],[13929,0],[14056,0],[13800,0],]]
[13929,19,[[13930,0],[13928,0],[14057,0],[14056,0],[13801,0],]]
[13930,17,[[13929,0],[13931,0],[14058,0],[13802,0],]]
[13931,17,[[13932,0],[13930,0],[14059,0],[14058,0],[13803,0],]]
[13932,19,[[13931,0],[13933,0],[14060,0],[13804,0],]]
[13933,9,[[13934,0],[13932,0],[14061,0],[14060,0],[13805,0],]]
[13934,18,[[13933,0],[13935,0],[14062,0],[13806,0],]]
[13935,11,[[13936,0],[13934,0],[14063,0],[14062,0],[13807,0],]]
[13936,18,[[13935,0],[13937,0],[14064,0],[13808,0],]]
[13937,15,[[13938,0],[13936,0],[14065,0],[14064,0],[13809,0],]]
[13938,4,[[13937,0],[13939,0],[14066,0],[13810,0],]]
[13939,13,[[13940,0],[13938,0],[14067,0],[14066,0],[13811,0],]]
[13940,19,[[13939,0],[13941,0],[14068,0],[13812,0],]]
[13941,19,[[13942,0],[13940,0],[14069,0],[14068,0],[13813,0],]]
[13942,16,[[13941,0],[13943,0],[14070,0],[13814,0],]]
[13943,1,[[13944,0],[13942,0],[14071,0],[14070,0],[13815,0],]]
[13944,9,[[13943,0],[13945,0],[14072,0],[13816,0],]]
[13945,19,[[13946,0],[13944,0],[14073,0],[14072,0],[13817,0],]]
[13946,7,[[13945,0],[13947,0],[14074,0],[13818,0],]]
[13947,19,[[13948,0],[13946,0],[14075,0],[14074,0],[13819,0],]]
[13948,3,[[13947,0],[13949,0],[14076,0],[13820,0],]]
[13949,14,[[13950,0],[13948,0],[14077,0],[14076,0],[13821,0],]]
[13950,19,[[13949,0],[13951,0],[14078,0],[13822,0],]]
[13951,7,[[13950,0],[14079,0],[14078,0],[13823,0],]]
[13952,7,[[13953,0],[13824,0],[13825,0],[14080,0],]]
[13953,19,[[13954,0],[13952,0],[13825,0],[14081,0],]]
[13954,9,[[13953,0],[13955,0],[13826,0],[13827,0],[14082,0],]]
[13955,5,[[13956,0],[13954,0],[13827,0],[14083,0],]]
[13956,15,[[13955,0],[13957,0],[13828,0],[13829,0],[14084,0],]]
[13957,12,[[13958,0],[13956,0],[13829,0],[14085,0],]]
[13958,1,[[13957,0],[13959,0],[13830,0],[13831,0],[14086,0],]]
[13959,6,[[13960,0],[13958,0],[13831,0],[14087,0],]]
[13960,15,[[13959,0],[13961,0],[13832,0],[13833,0],[14088,0],]]
[13961,16,[[13962,0],[13960,0],[13833,0],[14089,0],]]
[13962,6,[[13961,0],[13963,0],[13834,0],[13835,0],[14090,0],]]
[13963,12,[[13964,0],[13962,0],[13835,0],[14091,0],]]
[13964,8,[[13963,0],[13965,0],[13836,0],[13837,0],[14092,0],]]
[13965,7,[[13966,0],[13964,0],[13837,0],[14093,0],]]
[13966,14,[[13965,0],[13967,0],[13838,0],[13839,0],[14094,0],]]
[13967,7,[[13968,0],[13966,0],[13839,0],[14095,0],]]
[13968,16,[[13967,0],[13969,0],[13840,0],[13841,0],[14096,0],]]
[13969,14,[[13970,0],[13968,0],[13841,0],[14097,0],]]
[13970,14,[[13969,0],[13971,0],[13842,0],[13843,0],[14098,0],]]
[13971,6,[[13972,0],[13970,0],[13843,0],[14099,0],]]
[13972,15,[[13971,0],[13973,0],[13844,0],[13845,0],[14100,0],]]
[13973,7,[[13974,0],[13972,0],[13845,0],[14101,0],]]
[13974,13,[[13973,0],[13975,0],[13846,0],[13847,0],[14102,0],]]
[13975,10,[[13976,0],[13974,0],[13847,0],[14103,0],]]
[13976,7,[[13975,0],[13977,0],[13848,0],[13849,0],[14104,0],]]
[13977,9,[[13978,0],[13976,0],[13849,0],[14105,0],]]
[13978,7,[[13977,0],[13979,0],[13850,0],[13851,0],[14106,0],]]
[13979,13,[[13980,0],[13978,0],[13851,0],[14107,0],]]
[13980,8,[[13979,0],[13981,0],[13852,0],[13853,0],[14108,0],]]
[13981,19,[[13982,0],[13980,0],[13853,0],[14109,0],]]
[13982,4,[[13981,0],[13983,0],[13854,0],[13855,0],[14110,0],]]
[13983,8,[[13984,0],[13982,0],[13855,0],[14111,0],]]
[13984,1,[[13983,0],[13985,0],[13856,0],[13857,0],[14112,0],]]
[13985,6,[[13986,0],[13984,0],[13857,0],[14113,0],]]
[13986,2,[[13985,0],[13987,0],[13858,0],[13859,0],[14114,0],]]
[13987,19,[[13988,0],[13986,0],[13859,0],[14115,0],]]
[13988,8,[[13987,0],[13989,0],[13860,0],[13861,0],[14116,0],]]
[13989,7,[[13990,0],[13988,0],[13861,0],[14117,0],]]
[13990,10,[[13989,0],[13991,0],[13862,0],[13863,0],[14118,0],]]
[13991,10,[[13992,0],[13990,0],[13863,0],[14119,0],]]
[13992,12,[[13991,0],[13993,0],[13864,0],[13865,0],[14120,0],]]
[13993,5,[[13994,0],[13992,0],[13865,0],[14121,0],]]
[13994,10,[[13993,0],[13995,0],[13866,0],[13867,0],[14122,0],]]
[13995,13,[[13996,0],[13994,0],[13867,0],[14123,0],]]
[13996,9,[[13995,0],[13997,0],[13868,0],[13869,0],[14124,0],]]
[13997,14,[[13998,0],[13996,0],[13869,0],[14125,0],]]
[13998,3,[[13997,0],[13999,0],[13870,0],[13871,0],[14126,0],]]
[13999,13,[[14000,0],[13998,0],[13871,0],[14127,0],]]
[14000,7,[[13999,0],[14001,0],[13872,0],[13873,0],[14128,0],]]
[14001,4,[[14002,0],[14000,0],[13873,0],[14129,0],]]
[14002,17,[[14001,0],[14003,0],[13874,0],[13875,0],[14130,0],]]
[14003,13,[[14004,0],[14002,0],[13875,0],[14131,0],]]
[14004,4,[[14003,0],[14005,0],[13876,0],[13877,0],[14132,0],]]
[14005,19,[[14006,0],[14004,0],[13877,0],[14133,0],]]
[14006,10,[[14005,0],[14007,0],[13878,0],[13879,0],[14134,0],]]
[14007,15,[[14008,0],[14006,0],[13879,0],[14135,0],]]
[14008,16,[[14007,0],[14009,0],[13880,0],[13881,0],[14136,0],]]
[14009,8,[[14010,0],[14008,0],[13881,0],[14137,0],]]
[14010,14,[[14009,0],[14011,0],[13882,0],[13883,0],[14138,0],]]
[14011,17,[[14012,0],[14010,0],[13883,0],[14139,0],]]
[14012,15,[[14011,0],[14013,0],[13884,0],[13885,0],[14140,0],]]
[14013,2,[[14014,0],[14012,0],[13885,0],[14141,0],]]
[14014,11,[[14013,0],[14015,0],[13886,0],[13887,0],[14142,0],]]
[14015,12,[[14016,0],[14014,0],[13887,0],[14143,0],]]
[14016,5,[[14015,0],[14017,0],[13888,0],[13889,0],[14144,0],]]
[14017,12,[[14018,0],[14016,0],[13889,0],[14145,0],]]
[14018,14,[[14017,0],[14019,0],[13890,0],[13891,0],[14146,0],]]
[14019,19,[[14020,0],[14018,0],[13891,0],[14147,0],]]
[14020,1,[[14019,0],[14021,0],[13892,0],[13893,0],[14148,0],]]
[14021,5,[[14022,0],[14020,0],[13893,0],[14149,0],]]
[14022,15,[[14021,0],[14023,0],[13894,0],[13895,0],[14150,0],]]
[14023,16,[[14024,0],[14022,0],[13895,0],[14151,0],]]
[14024,12,[[14023,0],[14025,0],[13896,0],[13897,0],[14152,0],]]
[14025,12,[[14026,0],[14024,0],[13897,0],[14153,0],]]
[14026,5,[[14025,0],[14027,0],[13898,0],[13899,0],[14154,0],]]
[14027,14,[[14028,0],[14026,0],[13899,0],[14155,0],]]
[14028,3,[[14027,0],[14029,0],[13900,0],[13901,0],[14156,0],]]
[14029,11,[[14030,0],[14028,0],[13901,0],[14157,0],]]
[14030,1,[[14029,0],[14031,0],[13902,0],[13903,0],[14158,0],]]
[14031,6,[[14032,0],[14030,0],[13903,0],[14159,0],]]
[14032,14,[[14031,0],[14033,0],[13904,0],[13905,0],[14160,0],]]
[14033,15,[[14034,0],[14032,0],[13905,0],[14161,0],]]
[14034,17,[[14033,0],[14035,0],[13906,0],[13907,0],[14162,0],]]
[14035,14,[[14036,0],[14034,0],[13907,0],[14163,0],]]
[14036,12,[[14035,0],[14037,0],[13908,0],[13909,0],[14164,0],]]
[14037,5,[[14038,0],[14036,0],[13909,0],[14165,0],]]
[14038,10,[[14037,0],[14039,0],[13910,0],[13911,0],[14166,0],]]
[14039,16,[[14040,0],[14038,0],[13911,0],[14167,0],]]
[14040,16,[[14039,0],[14041,0],[13912,0],[13913,0],[14168,0],]]
[14041,5,[[14042,0],[14040,0],[13913,0],[14169,0],]]
[14042,1,[[14041,0],[14043,0],[13914,0],[13915,0],[14170,0],]]
[14043,14,[[14044,0],[14042,0],[13915,0],[14171,0],]]
[14044,16,[[14043,0],[14045,0],[13916,0],[13917,0],[14172,0],]]
[14045,17,[[14046,0],[14044,0],[13917,0],[14173,0],]]
[14046,9,[[14045,0],[14047,0],[13918,0],[13919,0],[14174,0],]]
[14047,16,[[14048,0],[14046,0],[13919,0],[14175,0],]]
[14048,3,[[14047,0],[14049,0],[13920,0],[13921,0],[14176,0],]]
[14049,13,[[14050,0],[14048,0],[13921,0],[14177,0],]]
[14050,6,[[14049,0],[14051,0],[13922,0],[13923,0],[14178,0],]]
[14051,6,[[14052,0],[14050,0],[13923,0],[14179,0],]]
[14052,8,[[14051,0],[14053,0],[13924,0],[13925,0],[14180,0],]]
[14053,16,[[14054,0],[14052,0],[13925,0],[14181,0],]]
[14054,7,[[14053,0],[14055,0],[13926,0],[13927,0],[14182,0],]]
[14055,14,[[14056,0],[14054,0],[13927,0],[14183,0],]]
[14056,18,[[14055,0],[14057,0],[13928,0],[13929,0],[14184,0],]]
[14057,19,[[14058,0],[14056,0],[13929,0],[14185,0],]]
[14058,6,[[14057,0],[14059,0],[13930,0],[13931,0],[14186,0],]]
[14059,7,[[14060,0],[14058,0],[13931,0],[14187,0],]]
[14060,11,[[14059,0],[14061,0],[13932,0],[13933,0],[14188,0],]]
[14061,7,[[14062,0],[14060,0],[13933,0],[14189,0],]]
[14062,15,[[14061,0],[14063,0],[13934,0],[13935,0],[14190,0],]]
[14063,5,[[14064,0],[14062,0],[13935,0],[14191,0],]]
[14064,11,[[14063,0],[14065,0],[13936,0],[13937,0],[14192,0],]]
[14065,9,[[14066,0],[14064,0],[13937,0],[14193,0],]]
[14066,9,[[14065,0],[14067,0],[13938,0],[13939,0],[14194,0],]]
[14067,16,[[14068,0],[14066,0],[13939,0],[14195,0],]]
[14068,17,[[14067,0],[14069,0],[13940,0],[13941,0],[14196,0],]]
[14069,6,[[14070,0],[14068,0],[13941,0],[14197,0],]]
[14070,12,[[14069,0],[14071,0],[13942,0],[13943,0],[14198,0],]]
[14071,1,[[14072,0],[14070,0],[13943,0],[14199,0],]]
[14072,11,[[14071,0],[14073,0],[13944,0],[13945,0],[14200,0],]]
[14073,6,[[14074,0],[14072,0],[13945,0],[14201,0],]]
[14074,9,[[14073,0],[14075,0],[13946,0],[13947,0],[14202,0],]]
[14075,8,[[14076,0],[14074,0],[13947,0],[14203,0],]]
[14076,18,[[14075,0],[14077,0],[13948,0],[13949,0],[14204,0],]]
[14077,7,[[14078,0],[14076,0],[13949,0],[14205,0],]]
[14078,19,[[14077,0],[14079,0],[13950,0],[13951,0],[14206,0],]]
[14079,2,[[14078,0],[13951,0],[14207,0],]]
[14080,6,[[14081,0],[14208,0],[13952,0],]]
[14081,12,[[14082,0],[14080,0],[14209,0],[14208,0],[13953,0],]]
[14082,14,[[14081,0],[14083,0],[14210,0],[13954,0],]]
[14083,19,[[14084,0],[14082,0],[14211,0],[14210,0],[13955,0],]]
[14084,17,[[14083,0],[14085,0],[14212,0],[13956,0],]]
[14085,6,[[14086,0],[14084,0],[14213,0],[14212,0],[13957,0],]]
[14086,19,[[14085,0],[14087,0],[14214,0],[13958,0],]]
[14087,12,[[14088,0],[14086,0],[14215,0],[14214,0],[13959,0],]]
[14088,4,[[14087,0],[14089,0],[14216,0],[13960,0],]]
[14089,14,[[14090,0],[14088,0],[14217,0],[14216,0],[13961,0],]]
