[14909,11,[[14910,0],[14908,0],[15037,0],[15036,0],[14781,0],]]
[14910,3,[[14909,0],[14911,0],[15038,0],[14782,0],]]
[14911,3,[[14912,0],[14910,0],[15039,0],[15038,0],[14783,0],]]
[14912,4,[[14911,0],[14913,0],[15040,0],[14784,0],]]
[14913,7,[[14914,0],[14912,0],[15041,0],[15040,0],[14785,0],]]
[14914,16,[[14913,0],[14915,0],[15042,0],[14786,0],]]
[14915,4,[[14916,0],[14914,0],[15043,0],[15042,0],[14787,0],]]
[14916,4,[[14915,0],[14917,0],[15044,0],[14788,0],]]
[14917,10,[[14918,0],[14916,0],[15045,0],[15044,0],[14789,0],]]
[14918,16,[[14917,0],[14919,0],[15046,0],[14790,0],]]
[14919,10,[[14920,0],[14918,0],[15047,0],[15046,0],[14791,0],]]
[14920,19,[[14919,0],[14921,0],[15048,0],[14792,0],]]
[14921,15,[[14922,0],[14920,0],[15049,0],[15048,0],[14793,0],]]
[14922,19,[[14921,0],[14923,0],[15050,0],[14794,0],]]
[14923,7,[[14924,0],[14922,0],[15051,0],[15050,0],[14795,0],]]
[14924,10,[[14923,0],[14925,0],[15052,0],[14796,0],]]
[14925,1,[[14926,0],[14924,0],[15053,0],[15052,0],[14797,0],]]
[14926,2,[[14925,0],[14927,0],[15054,0],[14798,0],]]
[14927,13,[[14928,0],[14926,0],[15055,0],[15054,0],[14799,0],]]
[14928,19,[[14927,0],[14929,0],[15056,0],[14800,0],]]
[14929,3,[[14930,0],[14928,0],[15057,0],[15056,0],[14801,0],]]
[14930,2,[[14929,0],[14931,0],[15058,0],[14802,0],]]
[14931,6,[[14932,0],[14930,0],[15059,0],[15058,0],[14803,0],]]
[14932,2,[[14931,0],[14933,0],[15060,0],[14804,0],]]
[14933,11,[[14934,0],[14932,0],[15061,0],[15060,0],[14805,0],]]
[14934,17,[[14933,0],[14935,0],[15062,0],[14806,0],]]
[14935,14,[[14936,0],[14934,0],[15063,0],[15062,0],[14807,0],]]
[14936,14,[[14935,0],[14937,0],[15064,0],[14808,0],]]
[14937,8,[[14938,0],[14936,0],[15065,0],[15064,0],[14809,0],]]
[14938,5,[[14937,0],[14939,0],[15066,0],[14810,0],]]
[14939,14,[[14940,0],[14938,0],[15067,0],[15066,0],[14811,0],]]
[14940,6,[[14939,0],[14941,0],[15068,0],[14812,0],]]
[14941,3,[[14942,0],[14940,0],[15069,0],[15068,0],[14813,0],]]
[14942,12,[[14941,0],[14943,0],[15070,0],[14814,0],]]
[14943,13,[[14944,0],[14942,0],[15071,0],[15070,0],[14815,0],]]
[14944,5,[[14943,0],[14945,0],[15072,0],[14816,0],]]
[14945,18,[[14946,0],[14944,0],[15073,0],[15072,0],[14817,0],]]
[14946,4,[[14945,0],[14947,0],[15074,0],[14818,0],]]
[14947,5,[[14948,0],[14946,0],[15075,0],[15074,0],[14819,0],]]
[14948,2,[[14947,0],[14949,0],[15076,0],[14820,0],]]
[14949,10,[[14950,0],[14948,0],[15077,0],[15076,0],[14821,0],]]
[14950,1,[[14949,0],[14951,0],[15078,0],[14822,0],]]
[14951,6,[[14952,0],[14950,0],[15079,0],[15078,0],[14823,0],]]
[14952,12,[[14951,0],[14953,0],[15080,0],[14824,0],]]
[14953,7,[[14954,0],[14952,0],[15081,0],[15080,0],[14825,0],]]
[14954,7,[[14953,0],[14955,0],[15082,0],[14826,0],]]
[14955,11,[[14956,0],[14954,0],[15083,0],[15082,0],[14827,0],]]
[14956,2,[[14955,0],[14957,0],[15084,0],[14828,0],]]
[14957,9,[[14958,0],[14956,0],[15085,0],[15084,0],[14829,0],]]
[14958,16,[[14957,0],[14959,0],[15086,0],[14830,0],]]
[14959,5,[[14960,0],[14958,0],[15087,0],[15086,0],[14831,0],]]
[14960,14,[[14959,0],[14961,0],[15088,0],[14832,0],]]
[14961,11,[[14962,0],[14960,0],[15089,0],[15088,0],[14833,0],]]
[14962,7,[[14961,0],[14963,0],[15090,0],[14834,0],]]
[14963,8,[[14964,0],[14962,0],[15091,0],[15090,0],[14835,0],]]
[14964,1,[[14963,0],[14965,0],[15092,0],[14836,0],]]
[14965,4,[[14966,0],[14964,0],[15093,0],[15092,0],[14837,0],]]
[14966,5,[[14965,0],[14967,0],[15094,0],[14838,0],]]
[14967,13,[[14968,0],[14966,0],[15095,0],[15094,0],[14839,0],]]
[14968,6,[[14967,0],[14969,0],[15096,0],[14840,0],]]
[14969,8,[[14970,0],[14968,0],[15097,0],[15096,0],[14841,0],]]
[14970,6,[[14969,0],[14971,0],[15098,0],[14842,0],]]
[14971,13,[[14972,0],[14970,0],[15099,0],[15098,0],[14843,0],]]
[14972,6,[[14971,0],[14973,0],[15100,0],[14844,0],]]
[14973,4,[[14974,0],[14972,0],[15101,0],[15100,0],[14845,0],]]
[14974,13,[[14973,0],[14975,0],[15102,0],[14846,0],]]
[14975,3,[[14974,0],[15103,0],[15102,0],[14847,0],]]
[14976,1,[[14977,0],[14848,0],[14849,0],[15104,0],]]
[14977,18,[[14978,0],[14976,0],[14849,0],[15105,0],]]
[14978,8,[[14977,0],[14979,0],[14850,0],[14851,0],[15106,0],]]
[14979,9,[[14980,0],[14978,0],[14851,0],[15107,0],]]
[14980,6,[[14979,0],[14981,0],[14852,0],[14853,0],[15108,0],]]
[14981,14,[[14982,0],[14980,0],[14853,0],[15109,0],]]
[14982,13,[[14981,0],[14983,0],[14854,0],[14855,0],[15110,0],]]
[14983,16,[[14984,0],[14982,0],[14855,0],[15111,0],]]
[14984,10,[[14983,0],[14985,0],[14856,0],[14857,0],[15112,0],]]
[14985,19,[[14986,0],[14984,0],[14857,0],[15113,0],]]
[14986,11,[[14985,0],[14987,0],[14858,0],[14859,0],[15114,0],]]
[14987,9,[[14988,0],[14986,0],[14859,0],[15115,0],]]
[14988,2,[[14987,0],[14989,0],[14860,0],[14861,0],[15116,0],]]
[14989,17,[[14990,0],[14988,0],[14861,0],[15117,0],]]
[14990,8,[[14989,0],[14991,0],[14862,0],[14863,0],[15118,0],]]
[14991,16,[[14992,0],[14990,0],[14863,0],[15119,0],]]
[14992,3,[[14991,0],[14993,0],[14864,0],[14865,0],[15120,0],]]
[14993,16,[[14994,0],[14992,0],[14865,0],[15121,0],]]
[14994,4,[[14993,0],[14995,0],[14866,0],[14867,0],[15122,0],]]
[14995,17,[[14996,0],[14994,0],[14867,0],[15123,0],]]
[14996,8,[[14995,0],[14997,0],[14868,0],[14869,0],[15124,0],]]
[14997,10,[[14998,0],[14996,0],[14869,0],[15125,0],]]
[14998,4,[[14997,0],[14999,0],[14870,0],[14871,0],[15126,0],]]
[14999,10,[[15000,0],[14998,0],[14871,0],[15127,0],]]
[15000,8,[[14999,0],[15001,0],[14872,0],[14873,0],[15128,0],]]
[15001,6,[[15002,0],[15000,0],[14873,0],[15129,0],]]
[15002,15,[[15001,0],[15003,0],[14874,0],[14875,0],[15130,0],]]
[15003,9,[[15004,0],[15002,0],[14875,0],[15131,0],]]
[15004,16,[[15003,0],[15005,0],[14876,0],[14877,0],[15132,0],]]
[15005,12,[[15006,0],[15004,0],[14877,0],[15133,0],]]
[15006,17,[[15005,0],[15007,0],[14878,0],[14879,0],[15134,0],]]
[15007,17,[[15008,0],[15006,0],[14879,0],[15135,0],]]
[15008,16,[[15007,0],[15009,0],[14880,0],[14881,0],[15136,0],]]
[15009,10,[[15010,0],[15008,0],[14881,0],[15137,0],]]
[15010,10,[[15009,0],[15011,0],[14882,0],[14883,0],[15138,0],]]
[15011,3,[[15012,0],[15010,0],[14883,0],[15139,0],]]
[15012,4,[[15011,0],[15013,0],[14884,0],[14885,0],[15140,0],]]
[15013,16,[[15014,0],[15012,0],[14885,0],[15141,0],]]
[15014,5,[[15013,0],[15015,0],[14886,0],[14887,0],[15142,0],]]
[15015,16,[[15016,0],[15014,0],[14887,0],[15143,0],]]
[15016,15,[[15015,0],[15017,0],[14888,0],[14889,0],[15144,0],]]
[15017,18,[[15018,0],[15016,0],[14889,0],[15145,0],]]
[15018,17,[[15017,0],[15019,0],[14890,0],[14891,0],[15146,0],]]
[15019,12,[[15020,0],[15018,0],[14891,0],[15147,0],]]
[15020,8,[[15019,0],[15021,0],[14892,0],[14893,0],[15148,0],]]
[15021,12,[[15022,0],[15020,0],[14893,0],[15149,0],]]
[15022,6,[[15021,0],[15023,0],[14894,0],[14895,0],[15150,0],]]
[15023,6,[[15024,0],[15022,0],[14895,0],[15151,0],]]
[15024,5,[[15023,0],[15025,0],[14896,0],[14897,0],[15152,0],]]
[15025,14,[[15026,0],[15024,0],[14897,0],[15153,0],]]
[15026,9,[[15025,0],[15027,0],[14898,0],[14899,0],[15154,0],]]
[15027,2,[[15028,0],[15026,0],[14899,0],[15155,0],]]
[15028,18,[[15027,0],[15029,0],[14900,0],[14901,0],[15156,0],]]
[15029,7,[[15030,0],[15028,0],[14901,0],[15157,0],]]
[15030,7,[[15029,0],[15031,0],[14902,0],[14903,0],[15158,0],]]
[15031,3,[[15032,0],[15030,0],[14903,0],[15159,0],]]
[15032,16,[[15031,0],[15033,0],[14904,0],[14905,0],[15160,0],]]
[15033,7,[[15034,0],[15032,0],[14905,0],[15161,0],]]
[15034,16,[[15033,0],[15035,0],[14906,0],[14907,0],[15162,0],]]
[15035,8,[[15036,0],[15034,0],[14907,0],[15163,0],]]
[15036,12,[[15035,0],[15037,0],[14908,0],[14909,0],[15164,0],]]
[15037,18,[[15038,0],[15036,0],[14909,0],[15165,0],]]
[15038,4,[[15037,0],[15039,0],[14910,0],[14911,0],[15166,0],]]
[15039,16,[[15040,0],[15038,0],[14911,0],[15167,0],]]
[15040,8,[[15039,0],[15041,0],[14912,0],[14913,0],[15168,0],]]
[15041,16,[[15042,0],[15040,0],[14913,0],[15169,0],]]
[15042,6,[[15041,0],[15043,0],[14914,0],[14915,0],[15170,0],]]
[15043,7,[[15044,0],[15042,0],[14915,0],[15171,0],]]
[15044,2,[[15043,0],[15045,0],[14916,0],[14917,0],[15172,0],]]
[15045,14,[[15046,0],[15044,0],[14917,0],[15173,0],]]
[15046,2,[[15045,0],[15047,0],[14918,0],[14919,0],[15174,0],]]
[15047,4,[[15048,0],[15046,0],[14919,0],[15175,0],]]
[15048,4,[[15047,0],[15049,0],[14920,0],[14921,0],[15176,0],]]
[15049,18,[[15050,0],[15048,0],[14921,0],[15177,0],]]
[15050,16,[[15049,0],[15051,0],[14922,0],[14923,0],[15178,0],]]
[15051,3,[[15052,0],[15050,0],[14923,0],[15179,0],]]
[15052,8,[[15051,0],[15053,0],[14924,0],[14925,0],[15180,0],]]
[15053,17,[[15054,0],[15052,0],[14925,0],[15181,0],]]
[15054,11,[[15053,0],[15055,0],[14926,0],[14927,0],[15182,0],]]
[15055,11,[[15056,0],[15054,0],[14927,0],[15183,0],]]
[15056,6,[[15055,0],[15057,0],[14928,0],[14929,0],[15184,0],]]
[15057,4,[[15058,0],[15056,0],[14929,0],[15185,0],]]
[15058,14,[[15057,0],[15059,0],[14930,0],[14931,0],[15186,0],]]
[15059,1,[[15060,0],[15058,0],[14931,0],[15187,0],]]
[15060,16,[[15059,0],[15061,0],[14932,0],[14933,0],[15188,0],]]
[15061,3,[[15062,0],[15060,0],[14933,0],[15189,0],]]
[15062,13,[[15061,0],[15063,0],[14934,0],[14935,0],[15190,0],]]
[15063,7,[[15064,0],[15062,0],[14935,0],[15191,0],]]
[15064,11,[[15063,0],[15065,0],[14936,0],[14937,0],[15192,0],]]
[15065,6,[[15066,0],[15064,0],[14937,0],[15193,0],]]
[15066,13,[[15065,0],[15067,0],[14938,0],[14939,0],[15194,0],]]
[15067,7,[[15068,0],[15066,0],[14939,0],[15195,0],]]
[15068,17,[[15067,0],[15069,0],[14940,0],[14941,0],[15196,0],]]
[15069,10,[[15070,0],[15068,0],[14941,0],[15197,0],]]
[15070,3,[[15069,0],[15071,0],[14942,0],[14943,0],[15198,0],]]
[15071,4,[[15072,0],[15070,0],[14943,0],[15199,0],]]
[15072,19,[[15071,0],[15073,0],[14944,0],[14945,0],[15200,0],]]
