[16056,3,[[16055,0],[16057,0],[15928,0],[15929,0],[16184,0],]]
[16057,4,[[16058,0],[16056,0],[15929,0],[16185,0],]]
[16058,6,[[16057,0],[16059,0],[15930,0],[15931,0],[16186,0],]]
[16059,10,[[16060,0],[16058,0],[15931,0],[16187,0],]]
[16060,16,[[16059,0],[16061,0],[15932,0],[15933,0],[16188,0],]]
[16061,10,[[16062,0],[16060,0],[15933,0],[16189,0],]]
[16062,10,[[16061,0],[16063,0],[15934,0],[15935,0],[16190,0],]]
[16063,15,[[16064,0],[16062,0],[15935,0],[16191,0],]]
[16064,6,[[16063,0],[16065,0],[15936,0],[15937,0],[16192,0],]]
[16065,14,[[16066,0],[16064,0],[15937,0],[16193,0],]]
[16066,15,[[16065,0],[16067,0],[15938,0],[15939,0],[16194,0],]]
[16067,2,[[16068,0],[16066,0],[15939,0],[16195,0],]]
[16068,18,[[16067,0],[16069,0],[15940,0],[15941,0],[16196,0],]]
[16069,14,[[16070,0],[16068,0],[15941,0],[16197,0],]]
[16070,18,[[16069,0],[16071,0],[15942,0],[15943,0],[16198,0],]]
[16071,15,[[16072,0],[16070,0],[15943,0],[16199,0],]]
[16072,1,[[16071,0],[16073,0],[15944,0],[15945,0],[16200,0],]]
[16073,15,[[16074,0],[16072,0],[15945,0],[16201,0],]]
[16074,13,[[16073,0],[16075,0],[15946,0],[15947,0],[16202,0],]]
[16075,15,[[16076,0],[16074,0],[15947,0],[16203,0],]]
[16076,6,[[16075,0],[16077,0],[15948,0],[15949,0],[16204,0],]]
[16077,12,[[16078,0],[16076,0],[15949,0],[16205,0],]]
[16078,4,[[16077,0],[16079,0],[15950,0],[15951,0],[16206,0],]]
[16079,9,[[16080,0],[16078,0],[15951,0],[16207,0],]]
[16080,6,[[16079,0],[16081,0],[15952,0],[15953,0],[16208,0],]]
[16081,9,[[16082,0],[16080,0],[15953,0],[16209,0],]]
[16082,7,[[16081,0],[16083,0],[15954,0],[15955,0],[16210,0],]]
[16083,9,[[16084,0],[16082,0],[15955,0],[16211,0],]]
[16084,1,[[16083,0],[16085,0],[15956,0],[15957,0],[16212,0],]]
[16085,16,[[16086,0],[16084,0],[15957,0],[16213,0],]]
[16086,10,[[16085,0],[16087,0],[15958,0],[15959,0],[16214,0],]]
[16087,1,[[16088,0],[16086,0],[15959,0],[16215,0],]]
[16088,16,[[16087,0],[16089,0],[15960,0],[15961,0],[16216,0],]]
[16089,1,[[16090,0],[16088,0],[15961,0],[16217,0],]]
[16090,16,[[16089,0],[16091,0],[15962,0],[15963,0],[16218,0],]]
[16091,1,[[16092,0],[16090,0],[15963,0],[16219,0],]]
[16092,11,[[16091,0],[16093,0],[15964,0],[15965,0],[16220,0],]]
[16093,3,[[16094,0],[16092,0],[15965,0],[16221,0],]]
[16094,19,[[16093,0],[16095,0],[15966,0],[15967,0],[16222,0],]]
[16095,5,[[16096,0],[16094,0],[15967,0],[16223,0],]]
[16096,8,[[16095,0],[16097,0],[15968,0],[15969,0],[16224,0],]]
[16097,4,[[16098,0],[16096,0],[15969,0],[16225,0],]]
[16098,2,[[16097,0],[16099,0],[15970,0],[15971,0],[16226,0],]]
[16099,5,[[16100,0],[16098,0],[15971,0],[16227,0],]]
[16100,10,[[16099,0],[16101,0],[15972,0],[15973,0],[16228,0],]]
[16101,2,[[16102,0],[16100,0],[15973,0],[16229,0],]]
[16102,8,[[16101,0],[16103,0],[15974,0],[15975,0],[16230,0],]]
[16103,2,[[16104,0],[16102,0],[15975,0],[16231,0],]]
[16104,11,[[16103,0],[16105,0],[15976,0],[15977,0],[16232,0],]]
[16105,18,[[16106,0],[16104,0],[15977,0],[16233,0],]]
[16106,15,[[16105,0],[16107,0],[15978,0],[15979,0],[16234,0],]]
[16107,15,[[16108,0],[16106,0],[15979,0],[16235,0],]]
[16108,17,[[16107,0],[16109,0],[15980,0],[15981,0],[16236,0],]]
[16109,7,[[16110,0],[16108,0],[15981,0],[16237,0],]]
[16110,11,[[16109,0],[16111,0],[15982,0],[15983,0],[16238,0],]]
[16111,18,[[16112,0],[16110,0],[15983,0],[16239,0],]]
[16112,2,[[16111,0],[16113,0],[15984,0],[15985,0],[16240,0],]]
[16113,3,[[16114,0],[16112,0],[15985,0],[16241,0],]]
[16114,13,[[16113,0],[16115,0],[15986,0],[15987,0],[16242,0],]]
[16115,12,[[16116,0],[16114,0],[15987,0],[16243,0],]]
[16116,10,[[16115,0],[16117,0],[15988,0],[15989,0],[16244,0],]]
[16117,8,[[16118,0],[16116,0],[15989,0],[16245,0],]]
[16118,8,[[16117,0],[16119,0],[15990,0],[15991,0],[16246,0],]]
[16119,8,[[16120,0],[16118,0],[15991,0],[16247,0],]]
[16120,1,[[16119,0],[16121,0],[15992,0],[15993,0],[16248,0],]]
[16121,3,[[16122,0],[16120,0],[15993,0],[16249,0],]]
[16122,6,[[16121,0],[16123,0],[15994,0],[15995,0],[16250,0],]]
[16123,7,[[16124,0],[16122,0],[15995,0],[16251,0],]]
[16124,13,[[16123,0],[16125,0],[15996,0],[15997,0],[16252,0],]]
[16125,15,[[16126,0],[16124,0],[15997,0],[16253,0],]]
[16126,14,[[16125,0],[16127,0],[15998,0],[15999,0],[16254,0],]]
[16127,17,[[16126,0],[15999,0],[16255,0],]]
[16128,2,[[16129,0],[16256,0],[16000,0],]]
[16129,2,[[16130,0],[16128,0],[16257,0],[16256,0],[16001,0],]]
[16130,1,[[16129,0],[16131,0],[16258,0],[16002,0],]]
[16131,2,[[16132,0],[16130,0],[16259,0],[16258,0],[16003,0],]]
[16132,14,[[16131,0],[16133,0],[16260,0],[16004,0],]]
[16133,17,[[16134,0],[16132,0],[16261,0],[16260,0],[16005,0],]]
[16134,17,[[16133,0],[16135,0],[16262,0],[16006,0],]]
[16135,16,[[16136,0],[16134,0],[16263,0],[16262,0],[16007,0],]]
[16136,14,[[16135,0],[16137,0],[16264,0],[16008,0],]]
[16137,18,[[16138,0],[16136,0],[16265,0],[16264,0],[16009,0],]]
[16138,18,[[16137,0],[16139,0],[16266,0],[16010,0],]]
[16139,10,[[16140,0],[16138,0],[16267,0],[16266,0],[16011,0],]]
[16140,16,[[16139,0],[16141,0],[16268,0],[16012,0],]]
[16141,8,[[16142,0],[16140,0],[16269,0],[16268,0],[16013,0],]]
[16142,4,[[16141,0],[16143,0],[16270,0],[16014,0],]]
[16143,3,[[16144,0],[16142,0],[16271,0],[16270,0],[16015,0],]]
[16144,17,[[16143,0],[16145,0],[16272,0],[16016,0],]]
[16145,5,[[16146,0],[16144,0],[16273,0],[16272,0],[16017,0],]]
[16146,13,[[16145,0],[16147,0],[16274,0],[16018,0],]]
[16147,13,[[16148,0],[16146,0],[16275,0],[16274,0],[16019,0],]]
[16148,17,[[16147,0],[16149,0],[16276,0],[16020,0],]]
[16149,9,[[16150,0],[16148,0],[16277,0],[16276,0],[16021,0],]]
[16150,12,[[16149,0],[16151,0],[16278,0],[16022,0],]]
[16151,8,[[16152,0],[16150,0],[16279,0],[16278,0],[16023,0],]]
[16152,7,[[16151,0],[16153,0],[16280,0],[16024,0],]]
[16153,4,[[16154,0],[16152,0],[16281,0],[16280,0],[16025,0],]]
[16154,8,[[16153,0],[16155,0],[16282,0],[16026,0],]]
[16155,1,[[16156,0],[16154,0],[16283,0],[16282,0],[16027,0],]]
[16156,1,[[16155,0],[16157,0],[16284,0],[16028,0],]]
[16157,13,[[16158,0],[16156,0],[16285,0],[16284,0],[16029,0],]]
[16158,4,[[16157,0],[16159,0],[16286,0],[16030,0],]]
[16159,15,[[16160,0],[16158,0],[16287,0],[16286,0],[16031,0],]]
[16160,17,[[16159,0],[16161,0],[16288,0],[16032,0],]]
[16161,9,[[16162,0],[16160,0],[16289,0],[16288,0],[16033,0],]]
[16162,3,[[16161,0],[16163,0],[16290,0],[16034,0],]]
[16163,9,[[16164,0],[16162,0],[16291,0],[16290,0],[16035,0],]]
[16164,8,[[16163,0],[16165,0],[16292,0],[16036,0],]]
[16165,13,[[16166,0],[16164,0],[16293,0],[16292,0],[16037,0],]]
[16166,14,[[16165,0],[16167,0],[16294,0],[16038,0],]]
[16167,18,[[16168,0],[16166,0],[16295,0],[16294,0],[16039,0],]]
[16168,18,[[16167,0],[16169,0],[16296,0],[16040,0],]]
[16169,18,[[16170,0],[16168,0],[16297,0],[16296,0],[16041,0],]]
[16170,15,[[16169,0],[16171,0],[16298,0],[16042,0],]]
[16171,16,[[16172,0],[16170,0],[16299,0],[16298,0],[16043,0],]]
[16172,1,[[16171,0],[16173,0],[16300,0],[16044,0],]]
[16173,13,[[16174,0],[16172,0],[16301,0],[16300,0],[16045,0],]]
[16174,18,[[16173,0],[16175,0],[16302,0],[16046,0],]]
[16175,7,[[16176,0],[16174,0],[16303,0],[16302,0],[16047,0],]]
[16176,8,[[16175,0],[16177,0],[16304,0],[16048,0],]]
[16177,5,[[16178,0],[16176,0],[16305,0],[16304,0],[16049,0],]]
[16178,11,[[16177,0],[16179,0],[16306,0],[16050,0],]]
[16179,2,[[16180,0],[16178,0],[16307,0],[16306,0],[16051,0],]]
[16180,17,[[16179,0],[16181,0],[16308,0],[16052,0],]]
[16181,6,[[16182,0],[16180,0],[16309,0],[16308,0],[16053,0],]]
[16182,1,[[16181,0],[16183,0],[16310,0],[16054,0],]]
[16183,4,[[16184,0],[16182,0],[16311,0],[16310,0],[16055,0],]]
[16184,8,[[16183,0],[16185,0],[16312,0],[16056,0],]]
[16185,14,[[16186,0],[16184,0],[16313,0],[16312,0],[16057,0],]]
[16186,19,[[16185,0],[16187,0],[16314,0],[16058,0],]]
[16187,18,[[16188,0],[16186,0],[16315,0],[16314,0],[16059,0],]]
[16188,12,[[16187,0],[16189,0],[16316,0],[16060,0],]]
[16189,1,[[16190,0],[16188,0],[16317,0],[16316,0],[16061,0],]]
[16190,5,[[16189,0],[16191,0],[16318,0],[16062,0],]]
[16191,14,[[16192,0],[16190,0],[16319,0],[16318,0],[16063,0],]]
[16192,9,[[16191,0],[16193,0],[16320,0],[16064,0],]]
[16193,18,[[16194,0],[16192,0],[16321,0],[16320,0],[16065,0],]]
[16194,12,[[16193,0],[16195,0],[16322,0],[16066,0],]]
[16195,4,[[16196,0],[16194,0],[16323,0],[16322,0],[16067,0],]]
[16196,12,[[16195,0],[16197,0],[16324,0],[16068,0],]]
[16197,13,[[16198,0],[16196,0],[16325,0],[16324,0],[16069,0],]]
[16198,16,[[16197,0],[16199,0],[16326,0],[16070,0],]]
[16199,5,[[16200,0],[16198,0],[16327,0],[16326,0],[16071,0],]]
[16200,13,[[16199,0],[16201,0],[16328,0],[16072,0],]]
[16201,17,[[16202,0],[16200,0],[16329,0],[16328,0],[16073,0],]]
[16202,5,[[16201,0],[16203,0],[16330,0],[16074,0],]]
[16203,4,[[16204,0],[16202,0],[16331,0],[16330,0],[16075,0],]]
[16204,13,[[16203,0],[16205,0],[16332,0],[16076,0],]]
[16205,3,[[16206,0],[16204,0],[16333,0],[16332,0],[16077,0],]]
[16206,18,[[16205,0],[16207,0],[16334,0],[16078,0],]]
[16207,10,[[16208,0],[16206,0],[16335,0],[16334,0],[16079,0],]]
[16208,18,[[16207,0],[16209,0],[16336,0],[16080,0],]]
[16209,19,[[16210,0],[16208,0],[16337,0],[16336,0],[16081,0],]]
[16210,11,[[16209,0],[16211,0],[16338,0],[16082,0],]]
[16211,14,[[16212,0],[16210,0],[16339,0],[16338,0],[16083,0],]]
[16212,3,[[16211,0],[16213,0],[16340,0],[16084,0],]]
[16213,3,[[16214,0],[16212,0],[16341,0],[16340,0],[16085,0],]]
[16214,19,[[16213,0],[16215,0],[16342,0],[16086,0],]]
[16215,15,[[16216,0],[16214,0],[16343,0],[16342,0],[16087,0],]]
[16216,19,[[16215,0],[16217,0],[16344,0],[16088,0],]]
[16217,12,[[16218,0],[16216,0],[16345,0],[16344,0],[16089,0],]]
[16218,10,[[16217,0],[16219,0],[16346,0],[16090,0],]]
[16219,3,[[16220,0],[16218,0],[16347,0],[16346,0],[16091,0],]]
