[15400,8,[[15399,0],[15401,0],[15528,0],[15272,0],]]
[15401,6,[[15402,0],[15400,0],[15529,0],[15528,0],[15273,0],]]
[15402,13,[[15401,0],[15403,0],[15530,0],[15274,0],]]
[15403,14,[[15404,0],[15402,0],[15531,0],[15530,0],[15275,0],]]
[15404,9,[[15403,0],[15405,0],[15532,0],[15276,0],]]
[15405,3,[[15406,0],[15404,0],[15533,0],[15532,0],[15277,0],]]
[15406,19,[[15405,0],[15407,0],[15534,0],[15278,0],]]
[15407,17,[[15408,0],[15406,0],[15535,0],[15534,0],[15279,0],]]
[15408,3,[[15407,0],[15409,0],[15536,0],[15280,0],]]
[15409,4,[[15410,0],[15408,0],[15537,0],[15536,0],[15281,0],]]
[15410,13,[[15409,0],[15411,0],[15538,0],[15282,0],]]
[15411,2,[[15412,0],[15410,0],[15539,0],[15538,0],[15283,0],]]
[15412,1,[[15411,0],[15413,0],[15540,0],[15284,0],]]
[15413,16,[[15414,0],[15412,0],[15541,0],[15540,0],[15285,0],]]
[15414,7,[[15413,0],[15415,0],[15542,0],[15286,0],]]
[15415,5,[[15416,0],[15414,0],[15543,0],[15542,0],[15287,0],]]
[15416,10,[[15415,0],[15417,0],[15544,0],[15288,0],]]
[15417,19,[[15418,0],[15416,0],[15545,0],[15544,0],[15289,0],]]
[15418,11,[[15417,0],[15419,0],[15546,0],[15290,0],]]
[15419,10,[[15420,0],[15418,0],[15547,0],[15546,0],[15291,0],]]
[15420,17,[[15419,0],[15421,0],[15548,0],[15292,0],]]
[15421,14,[[15422,0],[15420,0],[15549,0],[15548,0],[15293,0],]]
[15422,14,[[15421,0],[15423,0],[15550,0],[15294,0],]]
[15423,12,[[15424,0],[15422,0],[15551,0],[15550,0],[15295,0],]]
[15424,6,[[15423,0],[15425,0],[15552,0],[15296,0],]]
[15425,11,[[15426,0],[15424,0],[15553,0],[15552,0],[15297,0],]]
[15426,13,[[15425,0],[15427,0],[15554,0],[15298,0],]]
[15427,8,[[15428,0],[15426,0],[15555,0],[15554,0],[15299,0],]]
[15428,15,[[15427,0],[15429,0],[15556,0],[15300,0],]]
[15429,2,[[15430,0],[15428,0],[15557,0],[15556,0],[15301,0],]]
[15430,7,[[15429,0],[15431,0],[15558,0],[15302,0],]]
[15431,18,[[15432,0],[15430,0],[15559,0],[15558,0],[15303,0],]]
[15432,13,[[15431,0],[15433,0],[15560,0],[15304,0],]]
[15433,11,[[15434,0],[15432,0],[15561,0],[15560,0],[15305,0],]]
[15434,6,[[15433,0],[15435,0],[15562,0],[15306,0],]]
[15435,15,[[15436,0],[15434,0],[15563,0],[15562,0],[15307,0],]]
[15436,1,[[15435,0],[15437,0],[15564,0],[15308,0],]]
[15437,3,[[15438,0],[15436,0],[15565,0],[15564,0],[15309,0],]]
[15438,19,[[15437,0],[15439,0],[15566,0],[15310,0],]]
[15439,15,[[15440,0],[15438,0],[15567,0],[15566,0],[15311,0],]]
[15440,1,[[15439,0],[15441,0],[15568,0],[15312,0],]]
[15441,15,[[15442,0],[15440,0],[15569,0],[15568,0],[15313,0],]]
[15442,6,[[15441,0],[15443,0],[15570,0],[15314,0],]]
[15443,7,[[15444,0],[15442,0],[15571,0],[15570,0],[15315,0],]]
[15444,15,[[15443,0],[15445,0],[15572,0],[15316,0],]]
[15445,7,[[15446,0],[15444,0],[15573,0],[15572,0],[15317,0],]]
[15446,19,[[15445,0],[15447,0],[15574,0],[15318,0],]]
[15447,7,[[15448,0],[15446,0],[15575,0],[15574,0],[15319,0],]]
[15448,3,[[15447,0],[15449,0],[15576,0],[15320,0],]]
[15449,8,[[15450,0],[15448,0],[15577,0],[15576,0],[15321,0],]]
[15450,9,[[15449,0],[15451,0],[15578,0],[15322,0],]]
[15451,18,[[15452,0],[15450,0],[15579,0],[15578,0],[15323,0],]]
[15452,10,[[15451,0],[15453,0],[15580,0],[15324,0],]]
[15453,14,[[15454,0],[15452,0],[15581,0],[15580,0],[15325,0],]]
[15454,17,[[15453,0],[15455,0],[15582,0],[15326,0],]]
[15455,8,[[15456,0],[15454,0],[15583,0],[15582,0],[15327,0],]]
[15456,3,[[15455,0],[15457,0],[15584,0],[15328,0],]]
[15457,3,[[15458,0],[15456,0],[15585,0],[15584,0],[15329,0],]]
[15458,18,[[15457,0],[15459,0],[15586,0],[15330,0],]]
[15459,17,[[15460,0],[15458,0],[15587,0],[15586,0],[15331,0],]]
[15460,18,[[15459,0],[15461,0],[15588,0],[15332,0],]]
[15461,3,[[15462,0],[15460,0],[15589,0],[15588,0],[15333,0],]]
[15462,8,[[15461,0],[15463,0],[15590,0],[15334,0],]]
[15463,8,[[15464,0],[15462,0],[15591,0],[15590,0],[15335,0],]]
[15464,14,[[15463,0],[15465,0],[15592,0],[15336,0],]]
[15465,9,[[15466,0],[15464,0],[15593,0],[15592,0],[15337,0],]]
[15466,12,[[15465,0],[15467,0],[15594,0],[15338,0],]]
[15467,10,[[15468,0],[15466,0],[15595,0],[15594,0],[15339,0],]]
[15468,4,[[15467,0],[15469,0],[15596,0],[15340,0],]]
[15469,15,[[15470,0],[15468,0],[15597,0],[15596,0],[15341,0],]]
[15470,3,[[15469,0],[15471,0],[15598,0],[15342,0],]]
[15471,9,[[15472,0],[15470,0],[15599,0],[15598,0],[15343,0],]]
[15472,3,[[15471,0],[15473,0],[15600,0],[15344,0],]]
[15473,6,[[15474,0],[15472,0],[15601,0],[15600,0],[15345,0],]]
[15474,18,[[15473,0],[15475,0],[15602,0],[15346,0],]]
[15475,11,[[15476,0],[15474,0],[15603,0],[15602,0],[15347,0],]]
[15476,16,[[15475,0],[15477,0],[15604,0],[15348,0],]]
[15477,4,[[15478,0],[15476,0],[15605,0],[15604,0],[15349,0],]]
[15478,9,[[15477,0],[15479,0],[15606,0],[15350,0],]]
[15479,10,[[15480,0],[15478,0],[15607,0],[15606,0],[15351,0],]]
[15480,18,[[15479,0],[15481,0],[15608,0],[15352,0],]]
[15481,11,[[15482,0],[15480,0],[15609,0],[15608,0],[15353,0],]]
[15482,5,[[15481,0],[15483,0],[15610,0],[15354,0],]]
[15483,1,[[15484,0],[15482,0],[15611,0],[15610,0],[15355,0],]]
[15484,8,[[15483,0],[15485,0],[15612,0],[15356,0],]]
[15485,13,[[15486,0],[15484,0],[15613,0],[15612,0],[15357,0],]]
[15486,5,[[15485,0],[15487,0],[15614,0],[15358,0],]]
[15487,11,[[15486,0],[15615,0],[15614,0],[15359,0],]]
[15488,4,[[15489,0],[15360,0],[15361,0],[15616,0],]]
[15489,4,[[15490,0],[15488,0],[15361,0],[15617,0],]]
[15490,12,[[15489,0],[15491,0],[15362,0],[15363,0],[15618,0],]]
[15491,13,[[15492,0],[15490,0],[15363,0],[15619,0],]]
[15492,8,[[15491,0],[15493,0],[15364,0],[15365,0],[15620,0],]]
[15493,3,[[15494,0],[15492,0],[15365,0],[15621,0],]]
[15494,5,[[15493,0],[15495,0],[15366,0],[15367,0],[15622,0],]]
[15495,8,[[15496,0],[15494,0],[15367,0],[15623,0],]]
[15496,12,[[15495,0],[15497,0],[15368,0],[15369,0],[15624,0],]]
[15497,7,[[15498,0],[15496,0],[15369,0],[15625,0],]]
[15498,16,[[15497,0],[15499,0],[15370,0],[15371,0],[15626,0],]]
[15499,3,[[15500,0],[15498,0],[15371,0],[15627,0],]]
[15500,10,[[15499,0],[15501,0],[15372,0],[15373,0],[15628,0],]]
[15501,3,[[15502,0],[15500,0],[15373,0],[15629,0],]]
[15502,12,[[15501,0],[15503,0],[15374,0],[15375,0],[15630,0],]]
[15503,1,[[15504,0],[15502,0],[15375,0],[15631,0],]]
[15504,11,[[15503,0],[15505,0],[15376,0],[15377,0],[15632,0],]]
[15505,5,[[15506,0],[15504,0],[15377,0],[15633,0],]]
[15506,4,[[15505,0],[15507,0],[15378,0],[15379,0],[15634,0],]]
[15507,1,[[15508,0],[15506,0],[15379,0],[15635,0],]]
[15508,16,[[15507,0],[15509,0],[15380,0],[15381,0],[15636,0],]]
[15509,2,[[15510,0],[15508,0],[15381,0],[15637,0],]]
[15510,1,[[15509,0],[15511,0],[15382,0],[15383,0],[15638,0],]]
[15511,1,[[15512,0],[15510,0],[15383,0],[15639,0],]]
[15512,2,[[15511,0],[15513,0],[15384,0],[15385,0],[15640,0],]]
[15513,3,[[15514,0],[15512,0],[15385,0],[15641,0],]]
[15514,13,[[15513,0],[15515,0],[15386,0],[15387,0],[15642,0],]]
[15515,1,[[15516,0],[15514,0],[15387,0],[15643,0],]]
[15516,16,[[15515,0],[15517,0],[15388,0],[15389,0],[15644,0],]]
[15517,3,[[15518,0],[15516,0],[15389,0],[15645,0],]]
[15518,1,[[15517,0],[15519,0],[15390,0],[15391,0],[15646,0],]]
[15519,12,[[15520,0],[15518,0],[15391,0],[15647,0],]]
[15520,5,[[15519,0],[15521,0],[15392,0],[15393,0],[15648,0],]]
[15521,6,[[15522,0],[15520,0],[15393,0],[15649,0],]]
[15522,17,[[15521,0],[15523,0],[15394,0],[15395,0],[15650,0],]]
[15523,9,[[15524,0],[15522,0],[15395,0],[15651,0],]]
[15524,6,[[15523,0],[15525,0],[15396,0],[15397,0],[15652,0],]]
[15525,3,[[15526,0],[15524,0],[15397,0],[15653,0],]]
[15526,4,[[15525,0],[15527,0],[15398,0],[15399,0],[15654,0],]]
[15527,8,[[15528,0],[15526,0],[15399,0],[15655,0],]]
[15528,8,[[15527,0],[15529,0],[15400,0],[15401,0],[15656,0],]]
[15529,16,[[15530,0],[15528,0],[15401,0],[15657,0],]]
[15530,13,[[15529,0],[15531,0],[15402,0],[15403,0],[15658,0],]]
[15531,14,[[15532,0],[15530,0],[15403,0],[15659,0],]]
[15532,8,[[15531,0],[15533,0],[15404,0],[15405,0],[15660,0],]]
[15533,15,[[15534,0],[15532,0],[15405,0],[15661,0],]]
[15534,18,[[15533,0],[15535,0],[15406,0],[15407,0],[15662,0],]]
[15535,2,[[15536,0],[15534,0],[15407,0],[15663,0],]]
[15536,6,[[15535,0],[15537,0],[15408,0],[15409,0],[15664,0],]]
[15537,13,[[15538,0],[15536,0],[15409,0],[15665,0],]]
[15538,13,[[15537,0],[15539,0],[15410,0],[15411,0],[15666,0],]]
[15539,14,[[15540,0],[15538,0],[15411,0],[15667,0],]]
[15540,9,[[15539,0],[15541,0],[15412,0],[15413,0],[15668,0],]]
[15541,7,[[15542,0],[15540,0],[15413,0],[15669,0],]]
[15542,11,[[15541,0],[15543,0],[15414,0],[15415,0],[15670,0],]]
[15543,8,[[15544,0],[15542,0],[15415,0],[15671,0],]]
[15544,12,[[15543,0],[15545,0],[15416,0],[15417,0],[15672,0],]]
[15545,16,[[15546,0],[15544,0],[15417,0],[15673,0],]]
[15546,19,[[15545,0],[15547,0],[15418,0],[15419,0],[15674,0],]]
[15547,18,[[15548,0],[15546,0],[15419,0],[15675,0],]]
[15548,2,[[15547,0],[15549,0],[15420,0],[15421,0],[15676,0],]]
[15549,17,[[15550,0],[15548,0],[15421,0],[15677,0],]]
[15550,13,[[15549,0],[15551,0],[15422,0],[15423,0],[15678,0],]]
[15551,5,[[15552,0],[15550,0],[15423,0],[15679,0],]]
[15552,9,[[15551,0],[15553,0],[15424,0],[15425,0],[15680,0],]]
[15553,5,[[15554,0],[15552,0],[15425,0],[15681,0],]]
[15554,2,[[15553,0],[15555,0],[15426,0],[15427,0],[15682,0],]]
[15555,3,[[15556,0],[15554,0],[15427,0],[15683,0],]]
[15556,17,[[15555,0],[15557,0],[15428,0],[15429,0],[15684,0],]]
[15557,4,[[15558,0],[15556,0],[15429,0],[15685,0],]]
[15558,4,[[15557,0],[15559,0],[15430,0],[15431,0],[15686,0],]]
[15559,16,[[15560,0],[15558,0],[15431,0],[15687,0],]]
[15560,4,[[15559,0],[15561,0],[15432,0],[15433,0],[15688,0],]]
[15561,2,[[15562,0],[15560,0],[15433,0],[15689,0],]]
[15562,6,[[15561,0],[15563,0],[15434,0],[15435,0],[15690,0],]]
[15563,8,[[15564,0],[15562,0],[15435,0],[15691,0],]]
