[15728,1,[[15727,0],[15729,0],[15856,0],[15600,0],]]
[15729,15,[[15730,0],[15728,0],[15857,0],[15856,0],[15601,0],]]
[15730,3,[[15729,0],[15731,0],[15858,0],[15602,0],]]
[15731,10,[[15732,0],[15730,0],[15859,0],[15858,0],[15603,0],]]
[15732,11,[[15731,0],[15733,0],[15860,0],[15604,0],]]
[15733,11,[[15734,0],[15732,0],[15861,0],[15860,0],[15605,0],]]
[15734,6,[[15733,0],[15735,0],[15862,0],[15606,0],]]
[15735,3,[[15736,0],[15734,0],[15863,0],[15862,0],[15607,0],]]
[15736,10,[[15735,0],[15737,0],[15864,0],[15608,0],]]
[15737,10,[[15738,0],[15736,0],[15865,0],[15864,0],[15609,0],]]
[15738,17,[[15737,0],[15739,0],[15866,0],[15610,0],]]
[15739,13,[[15740,0],[15738,0],[15867,0],[15866,0],[15611,0],]]
[15740,1,[[15739,0],[15741,0],[15868,0],[15612,0],]]
[15741,6,[[15742,0],[15740,0],[15869,0],[15868,0],[15613,0],]]
[15742,13,[[15741,0],[15743,0],[15870,0],[15614,0],]]
[15743,2,[[15742,0],[15871,0],[15870,0],[15615,0],]]
[15744,19,[[15745,0],[15616,0],[15617,0],[15872,0],]]
[15745,2,[[15746,0],[15744,0],[15617,0],[15873,0],]]
[15746,8,[[15745,0],[15747,0],[15618,0],[15619,0],[15874,0],]]
[15747,3,[[15748,0],[15746,0],[15619,0],[15875,0],]]
[15748,12,[[15747,0],[15749,0],[15620,0],[15621,0],[15876,0],]]
[15749,10,[[15750,0],[15748,0],[15621,0],[15877,0],]]
[15750,16,[[15749,0],[15751,0],[15622,0],[15623,0],[15878,0],]]
[15751,8,[[15752,0],[15750,0],[15623,0],[15879,0],]]
[15752,14,[[15751,0],[15753,0],[15624,0],[15625,0],[15880,0],]]
[15753,1,[[15754,0],[15752,0],[15625,0],[15881,0],]]
[15754,1,[[15753,0],[15755,0],[15626,0],[15627,0],[15882,0],]]
[15755,1,[[15756,0],[15754,0],[15627,0],[15883,0],]]
[15756,13,[[15755,0],[15757,0],[15628,0],[15629,0],[15884,0],]]
[15757,5,[[15758,0],[15756,0],[15629,0],[15885,0],]]
[15758,13,[[15757,0],[15759,0],[15630,0],[15631,0],[15886,0],]]
[15759,17,[[15760,0],[15758,0],[15631,0],[15887,0],]]
[15760,10,[[15759,0],[15761,0],[15632,0],[15633,0],[15888,0],]]
[15761,6,[[15762,0],[15760,0],[15633,0],[15889,0],]]
[15762,10,[[15761,0],[15763,0],[15634,0],[15635,0],[15890,0],]]
[15763,2,[[15764,0],[15762,0],[15635,0],[15891,0],]]
[15764,7,[[15763,0],[15765,0],[15636,0],[15637,0],[15892,0],]]
[15765,9,[[15766,0],[15764,0],[15637,0],[15893,0],]]
[15766,18,[[15765,0],[15767,0],[15638,0],[15639,0],[15894,0],]]
[15767,8,[[15768,0],[15766,0],[15639,0],[15895,0],]]
[15768,5,[[15767,0],[15769,0],[15640,0],[15641,0],[15896,0],]]
[15769,10,[[15770,0],[15768,0],[15641,0],[15897,0],]]
[15770,18,[[15769,0],[15771,0],[15642,0],[15643,0],[15898,0],]]
[15771,3,[[15772,0],[15770,0],[15643,0],[15899,0],]]
[15772,4,[[15771,0],[15773,0],[15644,0],[15645,0],[15900,0],]]
[15773,14,[[15774,0],[15772,0],[15645,0],[15901,0],]]
[15774,13,[[15773,0],[15775,0],[15646,0],[15647,0],[15902,0],]]
[15775,8,[[15776,0],[15774,0],[15647,0],[15903,0],]]
[15776,8,[[15775,0],[15777,0],[15648,0],[15649,0],[15904,0],]]
[15777,13,[[15778,0],[15776,0],[15649,0],[15905,0],]]
[15778,9,[[15777,0],[15779,0],[15650,0],[15651,0],[15906,0],]]
[15779,9,[[15780,0],[15778,0],[15651,0],[15907,0],]]
[15780,9,[[15779,0],[15781,0],[15652,0],[15653,0],[15908,0],]]
[15781,2,[[15782,0],[15780,0],[15653,0],[15909,0],]]
[15782,8,[[15781,0],[15783,0],[15654,0],[15655,0],[15910,0],]]
[15783,3,[[15784,0],[15782,0],[15655,0],[15911,0],]]
[15784,4,[[15783,0],[15785,0],[15656,0],[15657,0],[15912,0],]]
[15785,1,[[15786,0],[15784,0],[15657,0],[15913,0],]]
[15786,6,[[15785,0],[15787,0],[15658,0],[15659,0],[15914,0],]]
[15787,17,[[15788,0],[15786,0],[15659,0],[15915,0],]]
[15788,3,[[15787,0],[15789,0],[15660,0],[15661,0],[15916,0],]]
[15789,12,[[15790,0],[15788,0],[15661,0],[15917,0],]]
[15790,12,[[15789,0],[15791,0],[15662,0],[15663,0],[15918,0],]]
[15791,11,[[15792,0],[15790,0],[15663,0],[15919,0],]]
[15792,1,[[15791,0],[15793,0],[15664,0],[15665,0],[15920,0],]]
[15793,7,[[15794,0],[15792,0],[15665,0],[15921,0],]]
[15794,7,[[15793,0],[15795,0],[15666,0],[15667,0],[15922,0],]]
[15795,5,[[15796,0],[15794,0],[15667,0],[15923,0],]]
[15796,7,[[15795,0],[15797,0],[15668,0],[15669,0],[15924,0],]]
[15797,16,[[15798,0],[15796,0],[15669,0],[15925,0],]]
[15798,16,[[15797,0],[15799,0],[15670,0],[15671,0],[15926,0],]]
[15799,11,[[15800,0],[15798,0],[15671,0],[15927,0],]]
[15800,17,[[15799,0],[15801,0],[15672,0],[15673,0],[15928,0],]]
[15801,6,[[15802,0],[15800,0],[15673,0],[15929,0],]]
[15802,2,[[15801,0],[15803,0],[15674,0],[15675,0],[15930,0],]]
[15803,2,[[15804,0],[15802,0],[15675,0],[15931,0],]]
[15804,3,[[15803,0],[15805,0],[15676,0],[15677,0],[15932,0],]]
[15805,1,[[15806,0],[15804,0],[15677,0],[15933,0],]]
[15806,2,[[15805,0],[15807,0],[15678,0],[15679,0],[15934,0],]]
[15807,6,[[15808,0],[15806,0],[15679,0],[15935,0],]]
[15808,17,[[15807,0],[15809,0],[15680,0],[15681,0],[15936,0],]]
[15809,10,[[15810,0],[15808,0],[15681,0],[15937,0],]]
[15810,2,[[15809,0],[15811,0],[15682,0],[15683,0],[15938,0],]]
[15811,14,[[15812,0],[15810,0],[15683,0],[15939,0],]]
[15812,15,[[15811,0],[15813,0],[15684,0],[15685,0],[15940,0],]]
[15813,15,[[15814,0],[15812,0],[15685,0],[15941,0],]]
[15814,7,[[15813,0],[15815,0],[15686,0],[15687,0],[15942,0],]]
[15815,8,[[15816,0],[15814,0],[15687,0],[15943,0],]]
[15816,11,[[15815,0],[15817,0],[15688,0],[15689,0],[15944,0],]]
[15817,17,[[15818,0],[15816,0],[15689,0],[15945,0],]]
[15818,18,[[15817,0],[15819,0],[15690,0],[15691,0],[15946,0],]]
[15819,1,[[15820,0],[15818,0],[15691,0],[15947,0],]]
[15820,5,[[15819,0],[15821,0],[15692,0],[15693,0],[15948,0],]]
[15821,3,[[15822,0],[15820,0],[15693,0],[15949,0],]]
[15822,1,[[15821,0],[15823,0],[15694,0],[15695,0],[15950,0],]]
[15823,19,[[15824,0],[15822,0],[15695,0],[15951,0],]]
[15824,3,[[15823,0],[15825,0],[15696,0],[15697,0],[15952,0],]]
[15825,10,[[15826,0],[15824,0],[15697,0],[15953,0],]]
[15826,4,[[15825,0],[15827,0],[15698,0],[15699,0],[15954,0],]]
[15827,10,[[15828,0],[15826,0],[15699,0],[15955,0],]]
[15828,8,[[15827,0],[15829,0],[15700,0],[15701,0],[15956,0],]]
[15829,7,[[15830,0],[15828,0],[15701,0],[15957,0],]]
[15830,9,[[15829,0],[15831,0],[15702,0],[15703,0],[15958,0],]]
[15831,16,[[15832,0],[15830,0],[15703,0],[15959,0],]]
[15832,14,[[15831,0],[15833,0],[15704,0],[15705,0],[15960,0],]]
[15833,9,[[15834,0],[15832,0],[15705,0],[15961,0],]]
[15834,9,[[15833,0],[15835,0],[15706,0],[15707,0],[15962,0],]]
[15835,2,[[15836,0],[15834,0],[15707,0],[15963,0],]]
[15836,11,[[15835,0],[15837,0],[15708,0],[15709,0],[15964,0],]]
[15837,2,[[15838,0],[15836,0],[15709,0],[15965,0],]]
[15838,10,[[15837,0],[15839,0],[15710,0],[15711,0],[15966,0],]]
[15839,5,[[15840,0],[15838,0],[15711,0],[15967,0],]]
[15840,10,[[15839,0],[15841,0],[15712,0],[15713,0],[15968,0],]]
[15841,16,[[15842,0],[15840,0],[15713,0],[15969,0],]]
[15842,2,[[15841,0],[15843,0],[15714,0],[15715,0],[15970,0],]]
[15843,13,[[15844,0],[15842,0],[15715,0],[15971,0],]]
[15844,3,[[15843,0],[15845,0],[15716,0],[15717,0],[15972,0],]]
[15845,19,[[15846,0],[15844,0],[15717,0],[15973,0],]]
[15846,4,[[15845,0],[15847,0],[15718,0],[15719,0],[15974,0],]]
[15847,19,[[15848,0],[15846,0],[15719,0],[15975,0],]]
[15848,9,[[15847,0],[15849,0],[15720,0],[15721,0],[15976,0],]]
[15849,2,[[15850,0],[15848,0],[15721,0],[15977,0],]]
[15850,19,[[15849,0],[15851,0],[15722,0],[15723,0],[15978,0],]]
[15851,7,[[15852,0],[15850,0],[15723,0],[15979,0],]]
[15852,17,[[15851,0],[15853,0],[15724,0],[15725,0],[15980,0],]]
[15853,17,[[15854,0],[15852,0],[15725,0],[15981,0],]]
[15854,1,[[15853,0],[15855,0],[15726,0],[15727,0],[15982,0],]]
[15855,19,[[15856,0],[15854,0],[15727,0],[15983,0],]]
[15856,5,[[15855,0],[15857,0],[15728,0],[15729,0],[15984,0],]]
[15857,2,[[15858,0],[15856,0],[15729,0],[15985,0],]]
[15858,8,[[15857,0],[15859,0],[15730,0],[15731,0],[15986,0],]]
[15859,17,[[15860,0],[15858,0],[15731,0],[15987,0],]]
[15860,9,[[15859,0],[15861,0],[15732,0],[15733,0],[15988,0],]]
[15861,8,[[15862,0],[15860,0],[15733,0],[15989,0],]]
[15862,6,[[15861,0],[15863,0],[15734,0],[15735,0],[15990,0],]]
[15863,9,[[15864,0],[15862,0],[15735,0],[15991,0],]]
[15864,1,[[15863,0],[15865,0],[15736,0],[15737,0],[15992,0],]]
[15865,5,[[15866,0],[15864,0],[15737,0],[15993,0],]]
[15866,6,[[15865,0],[15867,0],[15738,0],[15739,0],[15994,0],]]
[15867,13,[[15868,0],[15866,0],[15739,0],[15995,0],]]
[15868,10,[[15867,0],[15869,0],[15740,0],[15741,0],[15996,0],]]
[15869,18,[[15870,0],[15868,0],[15741,0],[15997,0],]]
[15870,4,[[15869,0],[15871,0],[15742,0],[15743,0],[15998,0],]]
[15871,12,[[15870,0],[15743,0],[15999,0],]]
[15872,18,[[15873,0],[16000,0],[15744,0],]]
[15873,15,[[15874,0],[15872,0],[16001,0],[16000,0],[15745,0],]]
[15874,18,[[15873,0],[15875,0],[16002,0],[15746,0],]]
[15875,10,[[15876,0],[15874,0],[16003,0],[16002,0],[15747,0],]]
[15876,17,[[15875,0],[15877,0],[16004,0],[15748,0],]]
[15877,8,[[15878,0],[15876,0],[16005,0],[16004,0],[15749,0],]]
[15878,13,[[15877,0],[15879,0],[16006,0],[15750,0],]]
[15879,8,[[15880,0],[15878,0],[16007,0],[16006,0],[15751,0],]]
[15880,6,[[15879,0],[15881,0],[16008,0],[15752,0],]]
[15881,14,[[15882,0],[15880,0],[16009,0],[16008,0],[15753,0],]]
[15882,14,[[15881,0],[15883,0],[16010,0],[15754,0],]]
[15883,8,[[15884,0],[15882,0],[16011,0],[16010,0],[15755,0],]]
[15884,2,[[15883,0],[15885,0],[16012,0],[15756,0],]]
[15885,3,[[15886,0],[15884,0],[16013,0],[16012,0],[15757,0],]]
[15886,5,[[15885,0],[15887,0],[16014,0],[15758,0],]]
[15887,8,[[15888,0],[15886,0],[16015,0],[16014,0],[15759,0],]]
[15888,6,[[15887,0],[15889,0],[16016,0],[15760,0],]]
[15889,17,[[15890,0],[15888,0],[16017,0],[16016,0],[15761,0],]]
[15890,10,[[15889,0],[15891,0],[16018,0],[15762,0],]]
[15891,4,[[15892,0],[15890,0],[16019,0],[16018,0],[15763,0],]]
