[15564,8,[[15563,0],[15565,0],[15436,0],[15437,0],[15692,0],]]
[15565,11,[[15566,0],[15564,0],[15437,0],[15693,0],]]
[15566,7,[[15565,0],[15567,0],[15438,0],[15439,0],[15694,0],]]
[15567,3,[[15568,0],[15566,0],[15439,0],[15695,0],]]
[15568,4,[[15567,0],[15569,0],[15440,0],[15441,0],[15696,0],]]
[15569,2,[[15570,0],[15568,0],[15441,0],[15697,0],]]
[15570,1,[[15569,0],[15571,0],[15442,0],[15443,0],[15698,0],]]
[15571,10,[[15572,0],[15570,0],[15443,0],[15699,0],]]
[15572,13,[[15571,0],[15573,0],[15444,0],[15445,0],[15700,0],]]
[15573,13,[[15574,0],[15572,0],[15445,0],[15701,0],]]
[15574,9,[[15573,0],[15575,0],[15446,0],[15447,0],[15702,0],]]
[15575,19,[[15576,0],[15574,0],[15447,0],[15703,0],]]
[15576,17,[[15575,0],[15577,0],[15448,0],[15449,0],[15704,0],]]
[15577,16,[[15578,0],[15576,0],[15449,0],[15705,0],]]
[15578,16,[[15577,0],[15579,0],[15450,0],[15451,0],[15706,0],]]
[15579,11,[[15580,0],[15578,0],[15451,0],[15707,0],]]
[15580,5,[[15579,0],[15581,0],[15452,0],[15453,0],[15708,0],]]
[15581,6,[[15582,0],[15580,0],[15453,0],[15709,0],]]
[15582,9,[[15581,0],[15583,0],[15454,0],[15455,0],[15710,0],]]
[15583,19,[[15584,0],[15582,0],[15455,0],[15711,0],]]
[15584,13,[[15583,0],[15585,0],[15456,0],[15457,0],[15712,0],]]
[15585,2,[[15586,0],[15584,0],[15457,0],[15713,0],]]
[15586,6,[[15585,0],[15587,0],[15458,0],[15459,0],[15714,0],]]
[15587,17,[[15588,0],[15586,0],[15459,0],[15715,0],]]
[15588,5,[[15587,0],[15589,0],[15460,0],[15461,0],[15716,0],]]
[15589,1,[[15590,0],[15588,0],[15461,0],[15717,0],]]
[15590,11,[[15589,0],[15591,0],[15462,0],[15463,0],[15718,0],]]
[15591,4,[[15592,0],[15590,0],[15463,0],[15719,0],]]
[15592,14,[[15591,0],[15593,0],[15464,0],[15465,0],[15720,0],]]
[15593,4,[[15594,0],[15592,0],[15465,0],[15721,0],]]
[15594,12,[[15593,0],[15595,0],[15466,0],[15467,0],[15722,0],]]
[15595,13,[[15596,0],[15594,0],[15467,0],[15723,0],]]
[15596,7,[[15595,0],[15597,0],[15468,0],[15469,0],[15724,0],]]
[15597,5,[[15598,0],[15596,0],[15469,0],[15725,0],]]
[15598,12,[[15597,0],[15599,0],[15470,0],[15471,0],[15726,0],]]
[15599,13,[[15600,0],[15598,0],[15471,0],[15727,0],]]
[15600,12,[[15599,0],[15601,0],[15472,0],[15473,0],[15728,0],]]
[15601,13,[[15602,0],[15600,0],[15473,0],[15729,0],]]
[15602,18,[[15601,0],[15603,0],[15474,0],[15475,0],[15730,0],]]
[15603,12,[[15604,0],[15602,0],[15475,0],[15731,0],]]
[15604,2,[[15603,0],[15605,0],[15476,0],[15477,0],[15732,0],]]
[15605,12,[[15606,0],[15604,0],[15477,0],[15733,0],]]
[15606,2,[[15605,0],[15607,0],[15478,0],[15479,0],[15734,0],]]
[15607,17,[[15608,0],[15606,0],[15479,0],[15735,0],]]
[15608,9,[[15607,0],[15609,0],[15480,0],[15481,0],[15736,0],]]
[15609,6,[[15610,0],[15608,0],[15481,0],[15737,0],]]
[15610,2,[[15609,0],[15611,0],[15482,0],[15483,0],[15738,0],]]
[15611,13,[[15612,0],[15610,0],[15483,0],[15739,0],]]
[15612,7,[[15611,0],[15613,0],[15484,0],[15485,0],[15740,0],]]
[15613,5,[[15614,0],[15612,0],[15485,0],[15741,0],]]
[15614,17,[[15613,0],[15615,0],[15486,0],[15487,0],[15742,0],]]
[15615,14,[[15614,0],[15487,0],[15743,0],]]
[15616,2,[[15617,0],[15744,0],[15488,0],]]
[15617,11,[[15618,0],[15616,0],[15745,0],[15744,0],[15489,0],]]
[15618,11,[[15617,0],[15619,0],[15746,0],[15490,0],]]
[15619,9,[[15620,0],[15618,0],[15747,0],[15746,0],[15491,0],]]
[15620,7,[[15619,0],[15621,0],[15748,0],[15492,0],]]
[15621,11,[[15622,0],[15620,0],[15749,0],[15748,0],[15493,0],]]
[15622,17,[[15621,0],[15623,0],[15750,0],[15494,0],]]
[15623,6,[[15624,0],[15622,0],[15751,0],[15750,0],[15495,0],]]
[15624,5,[[15623,0],[15625,0],[15752,0],[15496,0],]]
[15625,18,[[15626,0],[15624,0],[15753,0],[15752,0],[15497,0],]]
[15626,10,[[15625,0],[15627,0],[15754,0],[15498,0],]]
[15627,18,[[15628,0],[15626,0],[15755,0],[15754,0],[15499,0],]]
[15628,14,[[15627,0],[15629,0],[15756,0],[15500,0],]]
[15629,9,[[15630,0],[15628,0],[15757,0],[15756,0],[15501,0],]]
[15630,9,[[15629,0],[15631,0],[15758,0],[15502,0],]]
[15631,13,[[15632,0],[15630,0],[15759,0],[15758,0],[15503,0],]]
[15632,13,[[15631,0],[15633,0],[15760,0],[15504,0],]]
[15633,6,[[15634,0],[15632,0],[15761,0],[15760,0],[15505,0],]]
[15634,11,[[15633,0],[15635,0],[15762,0],[15506,0],]]
[15635,19,[[15636,0],[15634,0],[15763,0],[15762,0],[15507,0],]]
[15636,3,[[15635,0],[15637,0],[15764,0],[15508,0],]]
[15637,15,[[15638,0],[15636,0],[15765,0],[15764,0],[15509,0],]]
[15638,3,[[15637,0],[15639,0],[15766,0],[15510,0],]]
[15639,5,[[15640,0],[15638,0],[15767,0],[15766,0],[15511,0],]]
[15640,3,[[15639,0],[15641,0],[15768,0],[15512,0],]]
[15641,5,[[15642,0],[15640,0],[15769,0],[15768,0],[15513,0],]]
[15642,10,[[15641,0],[15643,0],[15770,0],[15514,0],]]
[15643,11,[[15644,0],[15642,0],[15771,0],[15770,0],[15515,0],]]
[15644,18,[[15643,0],[15645,0],[15772,0],[15516,0],]]
[15645,14,[[15646,0],[15644,0],[15773,0],[15772,0],[15517,0],]]
[15646,8,[[15645,0],[15647,0],[15774,0],[15518,0],]]
[15647,17,[[15648,0],[15646,0],[15775,0],[15774,0],[15519,0],]]
[15648,11,[[15647,0],[15649,0],[15776,0],[15520,0],]]
[15649,2,[[15650,0],[15648,0],[15777,0],[15776,0],[15521,0],]]
[15650,10,[[15649,0],[15651,0],[15778,0],[15522,0],]]
[15651,10,[[15652,0],[15650,0],[15779,0],[15778,0],[15523,0],]]
[15652,12,[[15651,0],[15653,0],[15780,0],[15524,0],]]
[15653,6,[[15654,0],[15652,0],[15781,0],[15780,0],[15525,0],]]
[15654,15,[[15653,0],[15655,0],[15782,0],[15526,0],]]
[15655,14,[[15656,0],[15654,0],[15783,0],[15782,0],[15527,0],]]
[15656,14,[[15655,0],[15657,0],[15784,0],[15528,0],]]
[15657,14,[[15658,0],[15656,0],[15785,0],[15784,0],[15529,0],]]
[15658,17,[[15657,0],[15659,0],[15786,0],[15530,0],]]
[15659,8,[[15660,0],[15658,0],[15787,0],[15786,0],[15531,0],]]
[15660,15,[[15659,0],[15661,0],[15788,0],[15532,0],]]
[15661,18,[[15662,0],[15660,0],[15789,0],[15788,0],[15533,0],]]
[15662,11,[[15661,0],[15663,0],[15790,0],[15534,0],]]
[15663,5,[[15664,0],[15662,0],[15791,0],[15790,0],[15535,0],]]
[15664,5,[[15663,0],[15665,0],[15792,0],[15536,0],]]
[15665,19,[[15666,0],[15664,0],[15793,0],[15792,0],[15537,0],]]
[15666,18,[[15665,0],[15667,0],[15794,0],[15538,0],]]
[15667,14,[[15668,0],[15666,0],[15795,0],[15794,0],[15539,0],]]
[15668,2,[[15667,0],[15669,0],[15796,0],[15540,0],]]
[15669,17,[[15670,0],[15668,0],[15797,0],[15796,0],[15541,0],]]
[15670,1,[[15669,0],[15671,0],[15798,0],[15542,0],]]
[15671,9,[[15672,0],[15670,0],[15799,0],[15798,0],[15543,0],]]
[15672,17,[[15671,0],[15673,0],[15800,0],[15544,0],]]
[15673,4,[[15674,0],[15672,0],[15801,0],[15800,0],[15545,0],]]
[15674,10,[[15673,0],[15675,0],[15802,0],[15546,0],]]
[15675,19,[[15676,0],[15674,0],[15803,0],[15802,0],[15547,0],]]
[15676,8,[[15675,0],[15677,0],[15804,0],[15548,0],]]
[15677,9,[[15678,0],[15676,0],[15805,0],[15804,0],[15549,0],]]
[15678,10,[[15677,0],[15679,0],[15806,0],[15550,0],]]
[15679,5,[[15680,0],[15678,0],[15807,0],[15806,0],[15551,0],]]
[15680,17,[[15679,0],[15681,0],[15808,0],[15552,0],]]
[15681,11,[[15682,0],[15680,0],[15809,0],[15808,0],[15553,0],]]
[15682,1,[[15681,0],[15683,0],[15810,0],[15554,0],]]
[15683,19,[[15684,0],[15682,0],[15811,0],[15810,0],[15555,0],]]
[15684,4,[[15683,0],[15685,0],[15812,0],[15556,0],]]
[15685,16,[[15686,0],[15684,0],[15813,0],[15812,0],[15557,0],]]
[15686,8,[[15685,0],[15687,0],[15814,0],[15558,0],]]
[15687,3,[[15688,0],[15686,0],[15815,0],[15814,0],[15559,0],]]
[15688,13,[[15687,0],[15689,0],[15816,0],[15560,0],]]
[15689,16,[[15690,0],[15688,0],[15817,0],[15816,0],[15561,0],]]
[15690,9,[[15689,0],[15691,0],[15818,0],[15562,0],]]
[15691,2,[[15692,0],[15690,0],[15819,0],[15818,0],[15563,0],]]
[15692,7,[[15691,0],[15693,0],[15820,0],[15564,0],]]
[15693,15,[[15694,0],[15692,0],[15821,0],[15820,0],[15565,0],]]
[15694,2,[[15693,0],[15695,0],[15822,0],[15566,0],]]
[15695,17,[[15696,0],[15694,0],[15823,0],[15822,0],[15567,0],]]
[15696,5,[[15695,0],[15697,0],[15824,0],[15568,0],]]
[15697,16,[[15698,0],[15696,0],[15825,0],[15824,0],[15569,0],]]
[15698,19,[[15697,0],[15699,0],[15826,0],[15570,0],]]
[15699,6,[[15700,0],[15698,0],[15827,0],[15826,0],[15571,0],]]
[15700,4,[[15699,0],[15701,0],[15828,0],[15572,0],]]
[15701,2,[[15702,0],[15700,0],[15829,0],[15828,0],[15573,0],]]
[15702,1,[[15701,0],[15703,0],[15830,0],[15574,0],]]
[15703,2,[[15704,0],[15702,0],[15831,0],[15830,0],[15575,0],]]
[15704,15,[[15703,0],[15705,0],[15832,0],[15576,0],]]
[15705,5,[[15706,0],[15704,0],[15833,0],[15832,0],[15577,0],]]
[15706,15,[[15705,0],[15707,0],[15834,0],[15578,0],]]
[15707,17,[[15708,0],[15706,0],[15835,0],[15834,0],[15579,0],]]
[15708,15,[[15707,0],[15709,0],[15836,0],[15580,0],]]
[15709,10,[[15710,0],[15708,0],[15837,0],[15836,0],[15581,0],]]
[15710,17,[[15709,0],[15711,0],[15838,0],[15582,0],]]
[15711,8,[[15712,0],[15710,0],[15839,0],[15838,0],[15583,0],]]
[15712,1,[[15711,0],[15713,0],[15840,0],[15584,0],]]
[15713,7,[[15714,0],[15712,0],[15841,0],[15840,0],[15585,0],]]
[15714,19,[[15713,0],[15715,0],[15842,0],[15586,0],]]
[15715,10,[[15716,0],[15714,0],[15843,0],[15842,0],[15587,0],]]
[15716,7,[[15715,0],[15717,0],[15844,0],[15588,0],]]
[15717,6,[[15718,0],[15716,0],[15845,0],[15844,0],[15589,0],]]
[15718,18,[[15717,0],[15719,0],[15846,0],[15590,0],]]
[15719,3,[[15720,0],[15718,0],[15847,0],[15846,0],[15591,0],]]
[15720,11,[[15719,0],[15721,0],[15848,0],[15592,0],]]
[15721,13,[[15722,0],[15720,0],[15849,0],[15848,0],[15593,0],]]
[15722,12,[[15721,0],[15723,0],[15850,0],[15594,0],]]
[15723,13,[[15724,0],[15722,0],[15851,0],[15850,0],[15595,0],]]
[15724,19,[[15723,0],[15725,0],[15852,0],[15596,0],]]
[15725,16,[[15726,0],[15724,0],[15853,0],[15852,0],[15597,0],]]
[15726,12,[[15725,0],[15727,0],[15854,0],[15598,0],]]
[15727,9,[[15728,0],[15726,0],[15855,0],[15854,0],[15599,0],]]
