[163,1,0,[[164,0],[162,0],[131,0],[195,0],]]
[164,4,0,[[163,0],[165,0],[132,0],[133,0],[196,0],]]
[165,10,0,[[166,0],[164,0],[133,0],[197,0],]]
[166,8,0,[[165,0],[167,0],[134,0],[135,0],[198,0],]]
[167,17,0,[[168,0],[166,0],[135,0],[199,0],]]
[168,17,1,[[167,0],[169,0],[136,0],[137,0],[200,0],]]
[169,16,1,[[170,0],[168,0],[137,0],[201,0],]]
[170,7,1,[[169,0],[171,0],[138,0],[139,0],[202,0],]]
[171,12,1,[[172,0],[170,0],[139,0],[203,0],]]
[172,13,1,[[171,0],[173,0],[140,0],[141,0],[204,0],]]
[173,6,1,[[174,0],[172,0],[141,0],[205,0],]]
