[122,2,3,[[121,0],[123,0],[90,0],[91,0],[154,0],]]
[123,13,3,[[124,0],[122,0],[91,0],[155,0],]]
[124,19,3,[[123,0],[125,0],[92,0],[93,0],[156,0],]]
[125,14,3,[[126,0],[124,0],[93,0],[157,0],]]
[126,11,3,[[125,0],[127,0],[94,0],[95,0],[158,0],]]
[127,16,3,[[126,0],[95,0],[159,0],]]
[128,15,0,[[129,0],[160,0],[96,0],]]
[129,18,0,[[130,0],[128,0],[161,0],[160,0],[97,0],]]
[130,16,0,[[129,0],[131,0],[162,0],[98,0],]]
[131,10,0,[[132,0],[130,0],[163,0],[162,0],[99,0],]]
[132,1,0,[[131,0],[133,0],[164,0],[100,0],]]
