[337,15,6,[[338,0],[336,0],[369,0],[368,0],[305,0],]]
[338,18,6,[[337,0],[339,0],[370,0],[306,0],]]
[339,11,6,[[340,0],[338,0],[371,0],[370,0],[307,0],]]
[340,13,6,[[339,0],[341,0],[372,0],[308,0],]]
[341,19,6,[[342,0],[340,0],[373,0],[372,0],[309,0],]]
[342,13,6,[[341,0],[343,0],[374,0],[310,0],]]
[343,11,6,[[344,0],[342,0],[375,0],[374,0],[311,0],]]
[344,19,7,[[343,0],[345,0],[376,0],[312,0],]]
[345,10,7,[[346,0],[344,0],[377,0],[376,0],[313,0],]]
[346,6,7,[[345,0],[347,0],[378,0],[314,0],]]
[347,18,7,[[348,0],[346,0],[379,0],[378,0],[315,0],]]
