[378,18,7,[[377,0],[379,0],[346,0],[347,0],[410,0],]]
[379,17,7,[[380,0],[378,0],[347,0],[411,0],]]
[380,6,7,[[379,0],[381,0],[348,0],[349,0],[412,0],]]
[381,16,7,[[382,0],[380,0],[349,0],[413,0],]]
[382,2,7,[[381,0],[383,0],[350,0],[351,0],[414,0],]]
[383,10,7,[[382,0],[351,0],[415,0],]]
[384,3,4,[[385,0],[416,0],[352,0],]]
[385,17,4,[[386,0],[384,0],[417,0],[416,0],[353,0],]]
[386,14,4,[[385,0],[387,0],[418,0],[354,0],]]
[387,1,4,[[388,0],[386,0],[419,0],[418,0],[355,0],]]
[388,5,4,[[387,0],[389,0],[420,0],[356,0],]]
