[501,3,6,[[502,0],[500,0],[469,0],[533,0],]]
[502,2,6,[[501,0],[503,0],[470,0],[471,0],[534,0],]]
[503,5,6,[[504,0],[502,0],[471,0],[535,0],]]
[504,9,7,[[503,0],[505,0],[472,0],[473,0],[536,0],]]
[505,16,7,[[506,0],[504,0],[473,0],[537,0],]]
[506,12,7,[[505,0],[507,0],[474,0],[475,0],[538,0],]]
[507,4,7,[[508,0],[506,0],[475,0],[539,0],]]
[508,9,7,[[507,0],[509,0],[476,0],[477,0],[540,0],]]
[509,7,7,[[510,0],[508,0],[477,0],[541,0],]]
[510,6,7,[[509,0],[511,0],[478,0],[479,0],[542,0],]]
[511,7,7,[[510,0],[479,0],[543,0],]]
