[419,13,4,[[420,0],[418,0],[387,0],[451,0],]]
[420,1,4,[[419,0],[421,0],[388,0],[389,0],[452,0],]]
[421,9,4,[[422,0],[420,0],[389,0],[453,0],]]
[422,15,4,[[421,0],[423,0],[390,0],[391,0],[454,0],]]
[423,7,4,[[424,0],[422,0],[391,0],[455,0],]]
[424,4,5,[[423,0],[425,0],[392,0],[393,0],[456,0],]]
[425,4,5,[[426,0],[424,0],[393,0],[457,0],]]
[426,12,5,[[425,0],[427,0],[394,0],[395,0],[458,0],]]
[427,13,5,[[428,0],[426,0],[395,0],[459,0],]]
[428,12,5,[[427,0],[429,0],[396,0],[397,0],[460,0],]]
[429,18,5,[[430,0],[428,0],[397,0],[461,0],]]
