[460,17,5,[[459,0],[461,0],[492,0],[428,0],]]
[461,12,5,[[462,0],[460,0],[493,0],[492,0],[429,0],]]
[462,12,5,[[461,0],[463,0],[494,0],[430,0],]]
[463,14,5,[[464,0],[462,0],[495,0],[494,0],[431,0],]]
[464,12,6,[[463,0],[465,0],[496,0],[432,0],]]
[465,13,6,[[466,0],[464,0],[497,0],[496,0],[433,0],]]
[466,18,6,[[465,0],[467,0],[498,0],[434,0],]]
[467,3,6,[[468,0],[466,0],[499,0],[498,0],[435,0],]]
[468,6,6,[[467,0],[469,0],[500,0],[436,0],]]
[469,9,6,[[470,0],[468,0],[501,0],[500,0],[437,0],]]
[470,14,6,[[469,0],[471,0],[502,0],[438,0],]]
