[563,11,10,[[564,0],[562,0],[531,0],[595,0],]]
[564,7,10,[[563,0],[565,0],[532,0],[533,0],[596,0],]]
[565,14,10,[[566,0],[564,0],[533,0],[597,0],]]
[566,15,10,[[565,0],[567,0],[534,0],[535,0],[598,0],]]
[567,11,10,[[568,0],[566,0],[535,0],[599,0],]]
[568,4,11,[[567,0],[569,0],[536,0],[537,0],[600,0],]]
[569,3,11,[[570,0],[568,0],[537,0],[601,0],]]
[570,2,11,[[569,0],[571,0],[538,0],[539,0],[602,0],]]
[571,1,11,[[572,0],[570,0],[539,0],[603,0],]]
[572,14,11,[[571,0],[573,0],[540,0],[541,0],[604,0],]]
