[675,19,8,[[676,0],[674,0],[643,0],[707,0],]]
[676,15,8,[[675,0],[677,0],[644,0],[645,0],[708,0],]]
[677,11,8,[[678,0],[676,0],[645,0],[709,0],]]
[678,5,8,[[677,0],[679,0],[646,0],[647,0],[710,0],]]
[679,16,8,[[680,0],[678,0],[647,0],[711,0],]]
[680,16,9,[[679,0],[681,0],[648,0],[649,0],[712,0],]]
[681,3,9,[[682,0],[680,0],[649,0],[713,0],]]
[682,1,9,[[681,0],[683,0],[650,0],[651,0],[714,0],]]
[683,3,9,[[684,0],[682,0],[651,0],[715,0],]]
[684,6,9,[[683,0],[685,0],[652,0],[653,0],[716,0],]]
[685,2,9,[[686,0],[684,0],[653,0],[717,0],]]
