[624,2,10,[[623,0],[625,0],[592,0],[593,0],[656,0],]]
[625,8,10,[[626,0],[624,0],[593,0],[657,0],]]
[626,19,10,[[625,0],[627,0],[594,0],[595,0],[658,0],]]
[627,10,10,[[628,0],[626,0],[595,0],[659,0],]]
[628,11,10,[[627,0],[629,0],[596,0],[597,0],[660,0],]]
[629,15,10,[[630,0],[628,0],[597,0],[661,0],]]
[630,13,10,[[629,0],[631,0],[598,0],[599,0],[662,0],]]
[631,1,10,[[632,0],[630,0],[599,0],[663,0],]]
[632,11,11,[[631,0],[633,0],[600,0],[601,0],[664,0],]]
[633,8,11,[[634,0],[632,0],[601,0],[665,0],]]
