[686,5,9,[[685,0],[687,0],[654,0],[655,0],[718,0],]]
[687,1,9,[[688,0],[686,0],[655,0],[719,0],]]
[688,2,10,[[687,0],[689,0],[656,0],[657,0],[720,0],]]
[689,8,10,[[690,0],[688,0],[657,0],[721,0],]]
[690,17,10,[[689,0],[691,0],[658,0],[659,0],[722,0],]]
[691,1,10,[[692,0],[690,0],[659,0],[723,0],]]
[692,11,10,[[691,0],[693,0],[660,0],[661,0],[724,0],]]
[693,19,10,[[694,0],[692,0],[661,0],[725,0],]]
[694,3,10,[[693,0],[695,0],[662,0],[663,0],[726,0],]]
[695,19,10,[[696,0],[694,0],[663,0],[727,0],]]
