[655,15,9,[[656,0],[654,0],[687,0],[686,0],[623,0],]]
[656,9,10,[[655,0],[657,0],[688,0],[624,0],]]
[657,15,10,[[658,0],[656,0],[689,0],[688,0],[625,0],]]
[658,12,10,[[657,0],[659,0],[690,0],[626,0],]]
[659,3,10,[[660,0],[658,0],[691,0],[690,0],[627,0],]]
[660,7,10,[[659,0],[661,0],[692,0],[628,0],]]
[661,16,10,[[662,0],[660,0],[693,0],[692,0],[629,0],]]
[662,4,10,[[661,0],[663,0],[694,0],[630,0],]]
[663,19,10,[[664,0],[662,0],[695,0],[694,0],[631,0],]]
[664,6,11,[[663,0],[665,0],[696,0],[632,0],]]
