[634,4,11,[[633,0],[635,0],[602,0],[603,0],[666,0],]]
[635,19,11,[[636,0],[634,0],[603,0],[667,0],]]
[636,3,11,[[635,0],[637,0],[604,0],[605,0],[668,0],]]
[637,7,11,[[638,0],[636,0],[605,0],[669,0],]]
[638,2,11,[[637,0],[639,0],[606,0],[607,0],[670,0],]]
[639,6,11,[[638,0],[607,0],[671,0],]]
[640,1,8,[[641,0],[672,0],[608,0],]]
[641,17,8,[[642,0],[640,0],[673,0],[672,0],[609,0],]]
[642,13,8,[[641,0],[643,0],[674,0],[610,0],]]
[643,19,8,[[644,0],[642,0],[675,0],[674,0],[611,0],]]
[644,5,8,[[643,0],[645,0],[676,0],[612,0],]]
