[747,5,9,[[748,0],[746,0],[715,0],[779,0],]]
[748,10,9,[[747,0],[749,0],[716,0],[717,0],[780,0],]]
[749,4,9,[[750,0],[748,0],[717,0],[781,0],]]
[750,11,9,[[749,0],[751,0],[718,0],[719,0],[782,0],]]
[751,15,9,[[752,0],[750,0],[719,0],[783,0],]]
[752,16,10,[[751,0],[753,0],[720,0],[721,0],[784,0],]]
[753,12,10,[[754,0],[752,0],[721,0],[785,0],]]
[754,9,10,[[753,0],[755,0],[722,0],[723,0],[786,0],]]
[755,10,10,[[756,0],[754,0],[723,0],[787,0],]]
[756,2,10,[[755,0],[757,0],[724,0],[725,0],[788,0],]]
