[808,6,13,[[807,0],[809,0],[776,0],[777,0],[840,0],]]
[809,16,13,[[810,0],[808,0],[777,0],[841,0],]]
[810,2,13,[[809,0],[811,0],[778,0],[779,0],[842,0],]]
[811,17,13,[[812,0],[810,0],[779,0],[843,0],]]
[812,13,13,[[811,0],[813,0],[780,0],[781,0],[844,0],]]
[813,10,13,[[814,0],[812,0],[781,0],[845,0],]]
[814,12,13,[[813,0],[815,0],[782,0],[783,0],[846,0],]]
[815,6,13,[[816,0],[814,0],[783,0],[847,0],]]
[816,14,14,[[815,0],[817,0],[784,0],[785,0],[848,0],]]
[817,10,14,[[818,0],[816,0],[785,0],[849,0],]]
[818,2,14,[[817,0],[819,0],[786,0],[787,0],[850,0],]]
