[716,14,9,[[715,0],[717,0],[748,0],[684,0],]]
[717,1,9,[[718,0],[716,0],[749,0],[748,0],[685,0],]]
[718,11,9,[[717,0],[719,0],[750,0],[686,0],]]
[719,1,9,[[720,0],[718,0],[751,0],[750,0],[687,0],]]
[720,15,10,[[719,0],[721,0],[752,0],[688,0],]]
[721,11,10,[[722,0],[720,0],[753,0],[752,0],[689,0],]]
[722,17,10,[[721,0],[723,0],[754,0],[690,0],]]
[723,7,10,[[724,0],[722,0],[755,0],[754,0],[691,0],]]
[724,18,10,[[723,0],[725,0],[756,0],[692,0],]]
[725,9,10,[[726,0],[724,0],[757,0],[756,0],[693,0],]]
[726,5,10,[[725,0],[727,0],[758,0],[694,0],]]
