[849,19,14,[[850,0],[848,0],[881,0],[880,0],[817,0],]]
[850,2,14,[[849,0],[851,0],[882,0],[818,0],]]
[851,13,14,[[852,0],[850,0],[883,0],[882,0],[819,0],]]
[852,15,14,[[851,0],[853,0],[884,0],[820,0],]]
[853,17,14,[[854,0],[852,0],[885,0],[884,0],[821,0],]]
[854,17,14,[[853,0],[855,0],[886,0],[822,0],]]
[855,3,14,[[856,0],[854,0],[887,0],[886,0],[823,0],]]
[856,12,15,[[855,0],[857,0],[888,0],[824,0],]]
[857,16,15,[[858,0],[856,0],[889,0],[888,0],[825,0],]]
[858,13,15,[[857,0],[859,0],[890,0],[826,0],]]
[859,3,15,[[860,0],[858,0],[891,0],[890,0],[827,0],]]
