[870,19,12,[[869,0],[871,0],[838,0],[839,0],[902,0],]]
[871,4,12,[[872,0],[870,0],[839,0],[903,0],]]
[872,5,13,[[871,0],[873,0],[840,0],[841,0],[904,0],]]
[873,18,13,[[874,0],[872,0],[841,0],[905,0],]]
[874,10,13,[[873,0],[875,0],[842,0],[843,0],[906,0],]]
[875,8,13,[[876,0],[874,0],[843,0],[907,0],]]
[876,1,13,[[875,0],[877,0],[844,0],[845,0],[908,0],]]
[877,11,13,[[878,0],[876,0],[845,0],[909,0],]]
[878,16,13,[[877,0],[879,0],[846,0],[847,0],[910,0],]]
[879,3,13,[[880,0],[878,0],[847,0],[911,0],]]
