[880,12,14,[[879,0],[881,0],[848,0],[849,0],[912,0],]]
[881,2,14,[[882,0],[880,0],[849,0],[913,0],]]
[882,2,14,[[881,0],[883,0],[850,0],[851,0],[914,0],]]
[883,15,14,[[884,0],[882,0],[851,0],[915,0],]]
[884,3,14,[[883,0],[885,0],[852,0],[853,0],[916,0],]]
[885,9,14,[[886,0],[884,0],[853,0],[917,0],]]
[886,15,14,[[885,0],[887,0],[854,0],[855,0],[918,0],]]
[887,16,14,[[888,0],[886,0],[855,0],[919,0],]]
[888,9,15,[[887,0],[889,0],[856,0],[857,0],[920,0],]]
[889,16,15,[[890,0],[888,0],[857,0],[921,0],]]
