[890,19,15,[[889,0],[891,0],[858,0],[859,0],[922,0],]]
[891,2,15,[[892,0],[890,0],[859,0],[923,0],]]
[892,19,15,[[891,0],[893,0],[860,0],[861,0],[924,0],]]
[893,8,15,[[894,0],[892,0],[861,0],[925,0],]]
[894,8,15,[[893,0],[895,0],[862,0],[863,0],[926,0],]]
[895,8,15,[[894,0],[863,0],[927,0],]]
[896,13,12,[[897,0],[928,0],[864,0],]]
[897,3,12,[[898,0],[896,0],[929,0],[928,0],[865,0],]]
[898,6,12,[[897,0],[899,0],[930,0],[866,0],]]
[899,15,12,[[900,0],[898,0],[931,0],[930,0],[867,0],]]
[900,7,12,[[899,0],[901,0],[932,0],[868,0],]]
