[911,18,13,[[912,0],[910,0],[943,0],[942,0],[879,0],]]
[912,14,14,[[911,0],[913,0],[944,0],[880,0],]]
[913,3,14,[[914,0],[912,0],[945,0],[944,0],[881,0],]]
[914,14,14,[[913,0],[915,0],[946,0],[882,0],]]
[915,10,14,[[916,0],[914,0],[947,0],[946,0],[883,0],]]
[916,19,14,[[915,0],[917,0],[948,0],[884,0],]]
[917,6,14,[[918,0],[916,0],[949,0],[948,0],[885,0],]]
[918,14,14,[[917,0],[919,0],[950,0],[886,0],]]
[919,5,14,[[920,0],[918,0],[951,0],[950,0],[887,0],]]
[920,9,15,[[919,0],[921,0],[952,0],[888,0],]]
