[819,16,14,[[820,0],[818,0],[787,0],[851,0],]]
[820,9,14,[[819,0],[821,0],[788,0],[789,0],[852,0],]]
[821,12,14,[[822,0],[820,0],[789,0],[853,0],]]
[822,17,14,[[821,0],[823,0],[790,0],[791,0],[854,0],]]
[823,7,14,[[824,0],[822,0],[791,0],[855,0],]]
[824,5,15,[[823,0],[825,0],[792,0],[793,0],[856,0],]]
[825,7,15,[[826,0],[824,0],[793,0],[857,0],]]
[826,9,15,[[825,0],[827,0],[794,0],[795,0],[858,0],]]
[827,13,15,[[828,0],[826,0],[795,0],[859,0],]]
[828,17,15,[[827,0],[829,0],[796,0],[797,0],[860,0],]]
