[901,9,12,[[902,0],[900,0],[933,0],[932,0],[869,0],]]
[902,14,12,[[901,0],[903,0],[934,0],[870,0],]]
[903,13,12,[[904,0],[902,0],[935,0],[934,0],[871,0],]]
[904,10,13,[[903,0],[905,0],[936,0],[872,0],]]
[905,16,13,[[906,0],[904,0],[937,0],[936,0],[873,0],]]
[906,9,13,[[905,0],[907,0],[938,0],[874,0],]]
[907,4,13,[[908,0],[906,0],[939,0],[938,0],[875,0],]]
[908,13,13,[[907,0],[909,0],[940,0],[876,0],]]
[909,5,13,[[910,0],[908,0],[941,0],[940,0],[877,0],]]
[910,3,13,[[909,0],[911,0],[942,0],[878,0],]]
