[839,7,12,[[840,0],[838,0],[871,0],[870,0],[807,0],]]
[840,16,13,[[839,0],[841,0],[872,0],[808,0],]]
[841,18,13,[[842,0],[840,0],[873,0],[872,0],[809,0],]]
[842,4,13,[[841,0],[843,0],[874,0],[810,0],]]
[843,11,13,[[844,0],[842,0],[875,0],[874,0],[811,0],]]
[844,1,13,[[843,0],[845,0],[876,0],[812,0],]]
[845,2,13,[[846,0],[844,0],[877,0],[876,0],[813,0],]]
[846,14,13,[[845,0],[847,0],[878,0],[814,0],]]
[847,6,13,[[848,0],[846,0],[879,0],[878,0],[815,0],]]
[848,18,14,[[847,0],[849,0],[880,0],[816,0],]]
