[972,11,13,[[971,0],[973,0],[1004,0],[940,0],]]
[973,6,13,[[974,0],[972,0],[1005,0],[1004,0],[941,0],]]
[974,1,13,[[973,0],[975,0],[1006,0],[942,0],]]
[975,11,13,[[976,0],[974,0],[1007,0],[1006,0],[943,0],]]
[976,15,14,[[975,0],[977,0],[1008,0],[944,0],]]
[977,17,14,[[978,0],[976,0],[1009,0],[1008,0],[945,0],]]
[978,17,14,[[977,0],[979,0],[1010,0],[946,0],]]
[979,13,14,[[980,0],[978,0],[1011,0],[1010,0],[947,0],]]
[980,19,14,[[979,0],[981,0],[1012,0],[948,0],]]
[981,13,14,[[982,0],[980,0],[1013,0],[1012,0],[949,0],]]
[982,17,14,[[981,0],[983,0],[1014,0],[950,0],]]
