[942,1,13,[[941,0],[943,0],[910,0],[911,0],[974,0],]]
[943,16,13,[[944,0],[942,0],[911,0],[975,0],]]
[944,10,14,[[943,0],[945,0],[912,0],[913,0],[976,0],]]
[945,12,14,[[946,0],[944,0],[913,0],[977,0],]]
[946,16,14,[[945,0],[947,0],[914,0],[915,0],[978,0],]]
[947,12,14,[[948,0],[946,0],[915,0],[979,0],]]
[948,11,14,[[947,0],[949,0],[916,0],[917,0],[980,0],]]
[949,16,14,[[950,0],[948,0],[917,0],[981,0],]]
[950,19,14,[[949,0],[951,0],[918,0],[919,0],[982,0],]]
[951,14,14,[[952,0],[950,0],[919,0],[983,0],]]
