[983,17,14,[[984,0],[982,0],[1015,0],[1014,0],[951,0],]]
[984,14,15,[[983,0],[985,0],[1016,0],[952,0],]]
[985,19,15,[[986,0],[984,0],[1017,0],[1016,0],[953,0],]]
[986,3,15,[[985,0],[987,0],[1018,0],[954,0],]]
[987,1,15,[[988,0],[986,0],[1019,0],[1018,0],[955,0],]]
[988,15,15,[[987,0],[989,0],[1020,0],[956,0],]]
[989,6,15,[[990,0],[988,0],[1021,0],[1020,0],[957,0],]]
[990,9,15,[[989,0],[991,0],[1022,0],[958,0],]]
[991,16,15,[[990,0],[1023,0],[1022,0],[959,0],]]
[992,1,12,[[993,0],[960,0],[961,0],]]
