[962,3,12,[[961,0],[963,0],[994,0],[930,0],]]
[963,9,12,[[964,0],[962,0],[995,0],[994,0],[931,0],]]
[964,8,12,[[963,0],[965,0],[996,0],[932,0],]]
[965,10,12,[[966,0],[964,0],[997,0],[996,0],[933,0],]]
[966,12,12,[[965,0],[967,0],[998,0],[934,0],]]
[967,13,12,[[968,0],[966,0],[999,0],[998,0],[935,0],]]
[968,8,13,[[967,0],[969,0],[1000,0],[936,0],]]
[969,17,13,[[970,0],[968,0],[1001,0],[1000,0],[937,0],]]
[970,1,13,[[969,0],[971,0],[1002,0],[938,0],]]
[971,13,13,[[972,0],[970,0],[1003,0],[1002,0],[939,0],]]
