[931,19,12,[[932,0],[930,0],[899,0],[963,0],]]
[932,16,12,[[931,0],[933,0],[900,0],[901,0],[964,0],]]
[933,7,12,[[934,0],[932,0],[901,0],[965,0],]]
[934,11,12,[[933,0],[935,0],[902,0],[903,0],[966,0],]]
[935,12,12,[[936,0],[934,0],[903,0],[967,0],]]
[936,13,13,[[935,0],[937,0],[904,0],[905,0],[968,0],]]
[937,6,13,[[938,0],[936,0],[905,0],[969,0],]]
[938,6,13,[[937,0],[939,0],[906,0],[907,0],[970,0],]]
[939,14,13,[[940,0],[938,0],[907,0],[971,0],]]
[940,18,13,[[939,0],[941,0],[908,0],[909,0],[972,0],]]
[941,4,13,[[942,0],[940,0],[909,0],[973,0],]]
