[163,459,[[164,0],[195,0],[162,0],[131,0],]]
[164,1009,[[163,0],[196,0],[165,0],[132,0],[133,0]]]
[165,560,[[166,0],[197,0],[164,0],[133,0],]]
[166,891,[[165,0],[198,0],[167,0],[134,0],[135,0]]]
[167,871,[[168,0],[199,0],[166,0],[135,0],]]
[168,495,[[167,0],[200,0],[169,0],[136,0],[137,0]]]
[169,276,[[170,0],[201,0],[168,0],[137,0],]]
[170,58,[[169,0],[202,0],[171,0],[138,0],[139,0]]]
[171,147,[[172,0],[203,0],[170,0],[139,0],]]
[172,54,[[171,0],[204,0],[173,0],[140,0],[141,0]]]
[173,527,[[174,0],[205,0],[172,0],[141,0],]]
