[245,738,[[246,0],[277,0],[244,0],[213,0],]]
[246,126,[[245,0],[278,0],[247,0],[214,0],[215,0]]]
[247,353,[[248,0],[279,0],[246,0],[215,0],]]
[248,942,[[247,0],[280,0],[249,0],[216,0],[217,0]]]
[249,358,[[250,0],[281,0],[248,0],[217,0],]]
[250,545,[[249,0],[282,0],[251,0],[218,0],[219,0]]]
[251,898,[[252,0],[283,0],[250,0],[219,0],]]
[252,394,[[251,0],[284,0],[253,0],[220,0],[221,0]]]
[253,993,[[254,0],[285,0],[252,0],[221,0],]]
[254,1018,[[253,0],[286,0],[255,0],[222,0],[223,0]]]
[255,388,[[287,0],[254,0],[223,0],]]
