[296,278,[[295,0],[328,0],[297,0],[264,0],[265,0]]]
[297,626,[[298,0],[329,0],[296,0],[265,0],]]
[298,487,[[297,0],[330,0],[299,0],[266,0],[267,0]]]
[299,625,[[300,0],[331,0],[298,0],[267,0],]]
[300,465,[[299,0],[332,0],[301,0],[268,0],[269,0]]]
[301,50,[[302,0],[333,0],[300,0],[269,0],]]
[302,78,[[301,0],[334,0],[303,0],[270,0],[271,0]]]
[303,745,[[304,0],[335,0],[302,0],[271,0],]]
[304,115,[[303,0],[336,0],[305,0],[272,0],[273,0]]]
[305,439,[[306,0],[337,0],[304,0],[273,0],]]
[306,427,[[305,0],[338,0],[307,0],[274,0],[275,0]]]
