[204,538,[[203,0],[172,0],[205,0],[236,0],]]
[205,206,[[206,0],[173,0],[204,0],[237,0],[236,0]]]
[206,486,[[205,0],[174,0],[207,0],[238,0],]]
[207,111,[[208,0],[175,0],[206,0],[239,0],[238,0]]]
[208,205,[[207,0],[176,0],[209,0],[240,0],]]
[209,86,[[210,0],[177,0],[208,0],[241,0],[240,0]]]
[210,319,[[209,0],[178,0],[211,0],[242,0],]]
[211,328,[[212,0],[179,0],[210,0],[243,0],[242,0]]]
[212,821,[[211,0],[180,0],[213,0],[244,0],]]
[213,738,[[214,0],[181,0],[212,0],[245,0],[244,0]]]
[214,947,[[213,0],[182,0],[215,0],[246,0],]]
