[460,122,[[459,0],[428,0],[461,0],[492,0],]]
[461,466,[[462,0],[429,0],[460,0],[493,0],[492,0]]]
[462,502,[[461,0],[430,0],[463,0],[494,0],]]
[463,851,[[464,0],[431,0],[462,0],[495,0],[494,0]]]
[464,321,[[463,0],[432,0],[465,0],[496,0],]]
[465,417,[[466,0],[433,0],[464,0],[497,0],[496,0]]]
[466,842,[[465,0],[434,0],[467,0],[498,0],]]
[467,437,[[468,0],[435,0],[466,0],[499,0],[498,0]]]
[468,24,[[467,0],[436,0],[469,0],[500,0],]]
[469,969,[[470,0],[437,0],[468,0],[501,0],[500,0]]]
[470,359,[[469,0],[438,0],[471,0],[502,0],]]
