[501,123,[[502,0],[533,0],[500,0],[469,0],]]
[502,315,[[501,0],[534,0],[503,0],[470,0],[471,0]]]
[503,820,[[504,0],[535,0],[502,0],[471,0],]]
[504,915,[[503,0],[536,0],[505,0],[472,0],[473,0]]]
[505,555,[[506,0],[537,0],[504,0],[473,0],]]
[506,509,[[505,0],[538,0],[507,0],[474,0],[475,0]]]
[507,961,[[508,0],[539,0],[506,0],[475,0],]]
[508,16,[[507,0],[540,0],[509,0],[476,0],[477,0]]]
[509,708,[[510,0],[541,0],[508,0],[477,0],]]
[510,236,[[509,0],[542,0],[511,0],[478,0],[479,0]]]
[511,378,[[543,0],[510,0],[479,0],]]
