[419,465,[[420,0],[451,0],[418,0],[387,0],]]
[420,179,[[419,0],[452,0],[421,0],[388,0],[389,0]]]
[421,659,[[422,0],[453,0],[420,0],[389,0],]]
[422,936,[[421,0],[454,0],[423,0],[390,0],[391,0]]]
[423,77,[[424,0],[455,0],[422,0],[391,0],]]
[424,437,[[423,0],[456,0],[425,0],[392,0],[393,0]]]
[425,716,[[426,0],[457,0],[424,0],[393,0],]]
[426,464,[[425,0],[458,0],[427,0],[394,0],[395,0]]]
[427,612,[[428,0],[459,0],[426,0],[395,0],]]
[428,906,[[427,0],[460,0],[429,0],[396,0],[397,0]]]
[429,697,[[430,0],[461,0],[428,0],[397,0],]]
