[552,174,[[551,0],[584,0],[553,0],[520,0],[521,0]]]
[553,31,[[554,0],[585,0],[552,0],[521,0],]]
[554,352,[[553,0],[586,0],[555,0],[522,0],[523,0]]]
[555,318,[[556,0],[587,0],[554,0],[523,0],]]
[556,14,[[555,0],[588,0],[557,0],[524,0],[525,0]]]
[557,536,[[558,0],[589,0],[556,0],[525,0],]]
[558,409,[[557,0],[590,0],[559,0],[526,0],[527,0]]]
[559,339,[[560,0],[591,0],[558,0],[527,0],]]
[560,466,[[559,0],[592,0],[561,0],[528,0],[529,0]]]
[561,677,[[562,0],[593,0],[560,0],[529,0],]]
[562,160,[[561,0],[594,0],[563,0],[530,0],[531,0]]]
