[634,19,[[633,0],[666,0],[635,0],[602,0],[603,0]]]
[635,444,[[636,0],[667,0],[634,0],[603,0],]]
[636,278,[[635,0],[668,0],[637,0],[604,0],[605,0]]]
[637,73,[[638,0],[669,0],[636,0],[605,0],]]
[638,402,[[637,0],[670,0],[639,0],[606,0],[607,0]]]
[639,581,[[671,0],[638,0],[607,0],]]
[640,339,[[608,0],[641,0],[672,0],]]
[641,534,[[642,0],[609,0],[640,0],[673,0],[672,0]]]
[642,1005,[[641,0],[610,0],[643,0],[674,0],]]
[643,180,[[644,0],[611,0],[642,0],[675,0],[674,0]]]
[644,845,[[643,0],[612,0],[645,0],[676,0],]]
