[675,75,[[676,0],[707,0],[674,0],[643,0],]]
[676,346,[[675,0],[708,0],[677,0],[644,0],[645,0]]]
[677,689,[[678,0],[709,0],[676,0],[645,0],]]
[678,698,[[677,0],[710,0],[679,0],[646,0],[647,0]]]
[679,221,[[680,0],[711,0],[678,0],[647,0],]]
[680,866,[[679,0],[712,0],[681,0],[648,0],[649,0]]]
[681,996,[[682,0],[713,0],[680,0],[649,0],]]
[682,132,[[681,0],[714,0],[683,0],[650,0],[651,0]]]
[683,620,[[684,0],[715,0],[682,0],[651,0],]]
[684,420,[[683,0],[716,0],[685,0],[652,0],[653,0]]]
[685,417,[[686,0],[717,0],[684,0],[653,0],]]
