[716,493,[[715,0],[684,0],[717,0],[748,0],]]
[717,710,[[718,0],[685,0],[716,0],[749,0],[748,0]]]
[718,440,[[717,0],[686,0],[719,0],[750,0],]]
[719,806,[[720,0],[687,0],[718,0],[751,0],[750,0]]]
[720,439,[[719,0],[688,0],[721,0],[752,0],]]
[721,636,[[722,0],[689,0],[720,0],[753,0],[752,0]]]
[722,596,[[721,0],[690,0],[723,0],[754,0],]]
[723,898,[[724,0],[691,0],[722,0],[755,0],[754,0]]]
[724,84,[[723,0],[692,0],[725,0],[756,0],]]
[725,271,[[726,0],[693,0],[724,0],[757,0],[756,0]]]
[726,761,[[725,0],[694,0],[727,0],[758,0],]]
