[757,733,[[758,0],[789,0],[756,0],[725,0],]]
[758,247,[[757,0],[790,0],[759,0],[726,0],[727,0]]]
[759,387,[[760,0],[791,0],[758,0],[727,0],]]
[760,793,[[759,0],[792,0],[761,0],[728,0],[729,0]]]
[761,464,[[762,0],[793,0],[760,0],[729,0],]]
[762,762,[[761,0],[794,0],[763,0],[730,0],[731,0]]]
[763,142,[[764,0],[795,0],[762,0],[731,0],]]
[764,946,[[763,0],[796,0],[765,0],[732,0],[733,0]]]
[765,48,[[766,0],[797,0],[764,0],[733,0],]]
[766,206,[[765,0],[798,0],[767,0],[734,0],[735,0]]]
[767,728,[[799,0],[766,0],[735,0],]]
