[808,310,[[807,0],[840,0],[809,0],[776,0],[777,0]]]
[809,228,[[810,0],[841,0],[808,0],[777,0],]]
[810,575,[[809,0],[842,0],[811,0],[778,0],[779,0]]]
[811,920,[[812,0],[843,0],[810,0],[779,0],]]
[812,183,[[811,0],[844,0],[813,0],[780,0],[781,0]]]
[813,143,[[814,0],[845,0],[812,0],[781,0],]]
[814,325,[[813,0],[846,0],[815,0],[782,0],[783,0]]]
[815,510,[[816,0],[847,0],[814,0],[783,0],]]
[816,245,[[815,0],[848,0],[817,0],[784,0],[785,0]]]
[817,596,[[818,0],[849,0],[816,0],[785,0],]]
[818,290,[[817,0],[850,0],[819,0],[786,0],[787,0]]]
