[890,560,[[889,0],[922,0],[891,0],[858,0],[859,0]]]
[891,342,[[892,0],[923,0],[890,0],[859,0],]]
[892,25,[[891,0],[924,0],[893,0],[860,0],[861,0]]]
[893,769,[[894,0],[925,0],[892,0],[861,0],]]
[894,466,[[893,0],[926,0],[895,0],[862,0],[863,0]]]
[895,726,[[927,0],[894,0],[863,0],]]
[896,855,[[864,0],[897,0],[928,0],]]
[897,143,[[898,0],[865,0],[896,0],[929,0],[928,0]]]
[898,345,[[897,0],[866,0],[899,0],[930,0],]]
[899,477,[[900,0],[867,0],[898,0],[931,0],[930,0]]]
[900,353,[[899,0],[868,0],[901,0],[932,0],]]
