[972,816,[[971,0],[940,0],[973,0],[1004,0],]]
[973,795,[[974,0],[941,0],[972,0],[1005,0],[1004,0]]]
[974,981,[[973,0],[942,0],[975,0],[1006,0],]]
[975,421,[[976,0],[943,0],[974,0],[1007,0],[1006,0]]]
[976,282,[[975,0],[944,0],[977,0],[1008,0],]]
[977,603,[[978,0],[945,0],[976,0],[1009,0],[1008,0]]]
[978,193,[[977,0],[946,0],[979,0],[1010,0],]]
[979,496,[[980,0],[947,0],[978,0],[1011,0],[1010,0]]]
[980,374,[[979,0],[948,0],[981,0],[1012,0],]]
[981,93,[[982,0],[949,0],[980,0],[1013,0],[1012,0]]]
[982,60,[[981,0],[950,0],[983,0],[1014,0],]]
