[10485,16,15,[[10486,0],[10484,0],[10741,0],[10740,0],[10229,0],]]
[10486,19,15,[[10485,0],[10487,0],[10742,0],[10230,0],]]
[10487,2,15,[[10488,0],[10486,0],[10743,0],[10742,0],[10231,0],]]
[10488,4,15,[[10487,0],[10489,0],[10744,0],[10232,0],]]
[10489,10,15,[[10490,0],[10488,0],[10745,0],[10744,0],[10233,0],]]
[10490,11,15,[[10489,0],[10491,0],[10746,0],[10234,0],]]
[10491,19,15,[[10492,0],[10490,0],[10747,0],[10746,0],[10235,0],]]
[10492,1,15,[[10491,0],[10493,0],[10748,0],[10236,0],]]
[10493,14,15,[[10494,0],[10492,0],[10749,0],[10748,0],[10237,0],]]
[10494,19,15,[[10493,0],[10495,0],[10750,0],[10238,0],]]
[10495,7,15,[[10494,0],[10751,0],[10750,0],[10239,0],]]
[10496,6,8,[[10497,0],[10240,0],[10241,0],[10752,0],]]
[10497,10,8,[[10498,0],[10496,0],[10241,0],[10753,0],]]
[10498,10,8,[[10497,0],[10499,0],[10242,0],[10243,0],[10754,0],]]
[10499,12,8,[[10500,0],[10498,0],[10243,0],[10755,0],]]
[10500,15,8,[[10499,0],[10501,0],[10244,0],[10245,0],[10756,0],]]
[10501,1,8,[[10502,0],[10500,0],[10245,0],[10757,0],]]
[10502,11,8,[[10501,0],[10503,0],[10246,0],[10247,0],[10758,0],]]
[10503,13,8,[[10504,0],[10502,0],[10247,0],[10759,0],]]
[10504,15,8,[[10503,0],[10505,0],[10248,0],[10249,0],[10760,0],]]
[10505,12,8,[[10506,0],[10504,0],[10249,0],[10761,0],]]
[10506,14,8,[[10505,0],[10507,0],[10250,0],[10251,0],[10762,0],]]
[10507,4,8,[[10508,0],[10506,0],[10251,0],[10763,0],]]
[10508,2,8,[[10507,0],[10509,0],[10252,0],[10253,0],[10764,0],]]
[10509,17,8,[[10510,0],[10508,0],[10253,0],[10765,0],]]
[10510,16,8,[[10509,0],[10511,0],[10254,0],[10255,0],[10766,0],]]
[10511,11,8,[[10512,0],[10510,0],[10255,0],[10767,0],]]
[10512,18,8,[[10511,0],[10513,0],[10256,0],[10257,0],[10768,0],]]
[10513,2,8,[[10514,0],[10512,0],[10257,0],[10769,0],]]
[10514,13,8,[[10513,0],[10515,0],[10258,0],[10259,0],[10770,0],]]
[10515,18,8,[[10516,0],[10514,0],[10259,0],[10771,0],]]
[10516,12,8,[[10515,0],[10517,0],[10260,0],[10261,0],[10772,0],]]
[10517,6,8,[[10518,0],[10516,0],[10261,0],[10773,0],]]
[10518,5,8,[[10517,0],[10519,0],[10262,0],[10263,0],[10774,0],]]
[10519,14,8,[[10520,0],[10518,0],[10263,0],[10775,0],]]
[10520,15,8,[[10519,0],[10521,0],[10264,0],[10265,0],[10776,0],]]
[10521,8,8,[[10522,0],[10520,0],[10265,0],[10777,0],]]
[10522,15,8,[[10521,0],[10523,0],[10266,0],[10267,0],[10778,0],]]
[10523,10,8,[[10524,0],[10522,0],[10267,0],[10779,0],]]
[10524,14,8,[[10523,0],[10525,0],[10268,0],[10269,0],[10780,0],]]
[10525,2,8,[[10526,0],[10524,0],[10269,0],[10781,0],]]
[10526,4,8,[[10525,0],[10527,0],[10270,0],[10271,0],[10782,0],]]
[10527,5,8,[[10528,0],[10526,0],[10271,0],[10783,0],]]
[10528,15,9,[[10527,0],[10529,0],[10272,0],[10273,0],[10784,0],]]
[10529,3,9,[[10530,0],[10528,0],[10273,0],[10785,0],]]
[10530,6,9,[[10529,0],[10531,0],[10274,0],[10275,0],[10786,0],]]
[10531,5,9,[[10532,0],[10530,0],[10275,0],[10787,0],]]
[10532,10,9,[[10531,0],[10533,0],[10276,0],[10277,0],[10788,0],]]
[10533,16,9,[[10534,0],[10532,0],[10277,0],[10789,0],]]
[10534,7,9,[[10533,0],[10535,0],[10278,0],[10279,0],[10790,0],]]
[10535,18,9,[[10536,0],[10534,0],[10279,0],[10791,0],]]
[10536,11,9,[[10535,0],[10537,0],[10280,0],[10281,0],[10792,0],]]
[10537,14,9,[[10538,0],[10536,0],[10281,0],[10793,0],]]
[10538,3,9,[[10537,0],[10539,0],[10282,0],[10283,0],[10794,0],]]
[10539,12,9,[[10540,0],[10538,0],[10283,0],[10795,0],]]
[10540,5,9,[[10539,0],[10541,0],[10284,0],[10285,0],[10796,0],]]
[10541,12,9,[[10542,0],[10540,0],[10285,0],[10797,0],]]
[10542,9,9,[[10541,0],[10543,0],[10286,0],[10287,0],[10798,0],]]
[10543,1,9,[[10544,0],[10542,0],[10287,0],[10799,0],]]
[10544,10,9,[[10543,0],[10545,0],[10288,0],[10289,0],[10800,0],]]
[10545,3,9,[[10546,0],[10544,0],[10289,0],[10801,0],]]
[10546,2,9,[[10545,0],[10547,0],[10290,0],[10291,0],[10802,0],]]
[10547,2,9,[[10548,0],[10546,0],[10291,0],[10803,0],]]
[10548,7,9,[[10547,0],[10549,0],[10292,0],[10293,0],[10804,0],]]
[10549,10,9,[[10550,0],[10548,0],[10293,0],[10805,0],]]
[10550,6,9,[[10549,0],[10551,0],[10294,0],[10295,0],[10806,0],]]
[10551,7,9,[[10552,0],[10550,0],[10295,0],[10807,0],]]
[10552,18,9,[[10551,0],[10553,0],[10296,0],[10297,0],[10808,0],]]
[10553,11,9,[[10554,0],[10552,0],[10297,0],[10809,0],]]
[10554,18,9,[[10553,0],[10555,0],[10298,0],[10299,0],[10810,0],]]
[10555,8,9,[[10556,0],[10554,0],[10299,0],[10811,0],]]
[10556,13,9,[[10555,0],[10557,0],[10300,0],[10301,0],[10812,0],]]
[10557,4,9,[[10558,0],[10556,0],[10301,0],[10813,0],]]
[10558,16,9,[[10557,0],[10559,0],[10302,0],[10303,0],[10814,0],]]
[10559,7,9,[[10560,0],[10558,0],[10303,0],[10815,0],]]
[10560,6,10,[[10559,0],[10561,0],[10304,0],[10305,0],[10816,0],]]
[10561,6,10,[[10562,0],[10560,0],[10305,0],[10817,0],]]
[10562,1,10,[[10561,0],[10563,0],[10306,0],[10307,0],[10818,0],]]
[10563,16,10,[[10564,0],[10562,0],[10307,0],[10819,0],]]
[10564,7,10,[[10563,0],[10565,0],[10308,0],[10309,0],[10820,0],]]
[10565,10,10,[[10566,0],[10564,0],[10309,0],[10821,0],]]
[10566,6,10,[[10565,0],[10567,0],[10310,0],[10311,0],[10822,0],]]
[10567,17,10,[[10568,0],[10566,0],[10311,0],[10823,0],]]
[10568,7,10,[[10567,0],[10569,0],[10312,0],[10313,0],[10824,0],]]
[10569,17,10,[[10570,0],[10568,0],[10313,0],[10825,0],]]
[10570,12,10,[[10569,0],[10571,0],[10314,0],[10315,0],[10826,0],]]
[10571,16,10,[[10572,0],[10570,0],[10315,0],[10827,0],]]
[10572,10,10,[[10571,0],[10573,0],[10316,0],[10317,0],[10828,0],]]
[10573,14,10,[[10574,0],[10572,0],[10317,0],[10829,0],]]
[10574,6,10,[[10573,0],[10575,0],[10318,0],[10319,0],[10830,0],]]
[10575,5,10,[[10576,0],[10574,0],[10319,0],[10831,0],]]
[10576,6,10,[[10575,0],[10577,0],[10320,0],[10321,0],[10832,0],]]
[10577,17,10,[[10578,0],[10576,0],[10321,0],[10833,0],]]
[10578,16,10,[[10577,0],[10579,0],[10322,0],[10323,0],[10834,0],]]
[10579,14,10,[[10580,0],[10578,0],[10323,0],[10835,0],]]
[10580,11,10,[[10579,0],[10581,0],[10324,0],[10325,0],[10836,0],]]
[10581,6,10,[[10582,0],[10580,0],[10325,0],[10837,0],]]
[10582,12,10,[[10581,0],[10583,0],[10326,0],[10327,0],[10838,0],]]
[10583,16,10,[[10584,0],[10582,0],[10327,0],[10839,0],]]
[10584,12,10,[[10583,0],[10585,0],[10328,0],[10329,0],[10840,0],]]
[10585,19,10,[[10586,0],[10584,0],[10329,0],[10841,0],]]
[10586,19,10,[[10585,0],[10587,0],[10330,0],[10331,0],[10842,0],]]
[10587,6,10,[[10588,0],[10586,0],[10331,0],[10843,0],]]
[10588,16,10,[[10587,0],[10589,0],[10332,0],[10333,0],[10844,0],]]
[10589,13,10,[[10590,0],[10588,0],[10333,0],[10845,0],]]
[10590,14,10,[[10589,0],[10591,0],[10334,0],[10335,0],[10846,0],]]
[10591,14,10,[[10592,0],[10590,0],[10335,0],[10847,0],]]
[10592,4,11,[[10591,0],[10593,0],[10336,0],[10337,0],[10848,0],]]
[10593,16,11,[[10594,0],[10592,0],[10337,0],[10849,0],]]
[10594,14,11,[[10593,0],[10595,0],[10338,0],[10339,0],[10850,0],]]
[10595,14,11,[[10596,0],[10594,0],[10339,0],[10851,0],]]
[10596,14,11,[[10595,0],[10597,0],[10340,0],[10341,0],[10852,0],]]
[10597,12,11,[[10598,0],[10596,0],[10341,0],[10853,0],]]
[10598,16,11,[[10597,0],[10599,0],[10342,0],[10343,0],[10854,0],]]
[10599,5,11,[[10600,0],[10598,0],[10343,0],[10855,0],]]
[10600,1,11,[[10599,0],[10601,0],[10344,0],[10345,0],[10856,0],]]
[10601,1,11,[[10602,0],[10600,0],[10345,0],[10857,0],]]
[10602,15,11,[[10601,0],[10603,0],[10346,0],[10347,0],[10858,0],]]
[10603,5,11,[[10604,0],[10602,0],[10347,0],[10859,0],]]
[10604,18,11,[[10603,0],[10605,0],[10348,0],[10349,0],[10860,0],]]
[10605,1,11,[[10606,0],[10604,0],[10349,0],[10861,0],]]
[10606,17,11,[[10605,0],[10607,0],[10350,0],[10351,0],[10862,0],]]
[10607,4,11,[[10608,0],[10606,0],[10351,0],[10863,0],]]
[10608,11,11,[[10607,0],[10609,0],[10352,0],[10353,0],[10864,0],]]
[10609,8,11,[[10610,0],[10608,0],[10353,0],[10865,0],]]
[10610,2,11,[[10609,0],[10611,0],[10354,0],[10355,0],[10866,0],]]
[10611,4,11,[[10612,0],[10610,0],[10355,0],[10867,0],]]
[10612,9,11,[[10611,0],[10613,0],[10356,0],[10357,0],[10868,0],]]
[10613,7,11,[[10614,0],[10612,0],[10357,0],[10869,0],]]
[10614,5,11,[[10613,0],[10615,0],[10358,0],[10359,0],[10870,0],]]
[10615,2,11,[[10616,0],[10614,0],[10359,0],[10871,0],]]
[10616,19,11,[[10615,0],[10617,0],[10360,0],[10361,0],[10872,0],]]
[10617,8,11,[[10618,0],[10616,0],[10361,0],[10873,0],]]
[10618,6,11,[[10617,0],[10619,0],[10362,0],[10363,0],[10874,0],]]
[10619,9,11,[[10620,0],[10618,0],[10363,0],[10875,0],]]
[10620,8,11,[[10619,0],[10621,0],[10364,0],[10365,0],[10876,0],]]
[10621,13,11,[[10622,0],[10620,0],[10365,0],[10877,0],]]
[10622,1,11,[[10621,0],[10623,0],[10366,0],[10367,0],[10878,0],]]
[10623,6,11,[[10624,0],[10622,0],[10367,0],[10879,0],]]
[10624,7,12,[[10623,0],[10625,0],[10368,0],[10369,0],[10880,0],]]
[10625,10,12,[[10626,0],[10624,0],[10369,0],[10881,0],]]
[10626,7,12,[[10625,0],[10627,0],[10370,0],[10371,0],[10882,0],]]
[10627,16,12,[[10628,0],[10626,0],[10371,0],[10883,0],]]
[10628,9,12,[[10627,0],[10629,0],[10372,0],[10373,0],[10884,0],]]
[10629,13,12,[[10630,0],[10628,0],[10373,0],[10885,0],]]
[10630,13,12,[[10629,0],[10631,0],[10374,0],[10375,0],[10886,0],]]
[10631,8,12,[[10632,0],[10630,0],[10375,0],[10887,0],]]
[10632,19,12,[[10631,0],[10633,0],[10376,0],[10377,0],[10888,0],]]
[10633,1,12,[[10634,0],[10632,0],[10377,0],[10889,0],]]
[10634,7,12,[[10633,0],[10635,0],[10378,0],[10379,0],[10890,0],]]
[10635,2,12,[[10636,0],[10634,0],[10379,0],[10891,0],]]
[10636,7,12,[[10635,0],[10637,0],[10380,0],[10381,0],[10892,0],]]
[10637,6,12,[[10638,0],[10636,0],[10381,0],[10893,0],]]
[10638,13,12,[[10637,0],[10639,0],[10382,0],[10383,0],[10894,0],]]
[10639,8,12,[[10640,0],[10638,0],[10383,0],[10895,0],]]
[10640,14,12,[[10639,0],[10641,0],[10384,0],[10385,0],[10896,0],]]
[10641,14,12,[[10642,0],[10640,0],[10385,0],[10897,0],]]
[10642,1,12,[[10641,0],[10643,0],[10386,0],[10387,0],[10898,0],]]
[10643,14,12,[[10644,0],[10642,0],[10387,0],[10899,0],]]
[10644,8,12,[[10643,0],[10645,0],[10388,0],[10389,0],[10900,0],]]
[10645,7,12,[[10646,0],[10644,0],[10389,0],[10901,0],]]
[10646,18,12,[[10645,0],[10647,0],[10390,0],[10391,0],[10902,0],]]
[10647,16,12,[[10648,0],[10646,0],[10391,0],[10903,0],]]
[10648,3,12,[[10647,0],[10649,0],[10392,0],[10393,0],[10904,0],]]
[10649,5,12,[[10650,0],[10648,0],[10393,0],[10905,0],]]
[10650,16,12,[[10649,0],[10651,0],[10394,0],[10395,0],[10906,0],]]
[10651,10,12,[[10652,0],[10650,0],[10395,0],[10907,0],]]
[10652,2,12,[[10651,0],[10653,0],[10396,0],[10397,0],[10908,0],]]
[10653,17,12,[[10654,0],[10652,0],[10397,0],[10909,0],]]
[10654,1,12,[[10653,0],[10655,0],[10398,0],[10399,0],[10910,0],]]
[10655,5,12,[[10656,0],[10654,0],[10399,0],[10911,0],]]
[10656,6,13,[[10655,0],[10657,0],[10400,0],[10401,0],[10912,0],]]
[10657,16,13,[[10658,0],[10656,0],[10401,0],[10913,0],]]
[10658,15,13,[[10657,0],[10659,0],[10402,0],[10403,0],[10914,0],]]
[10659,2,13,[[10660,0],[10658,0],[10403,0],[10915,0],]]
[10660,4,13,[[10659,0],[10661,0],[10404,0],[10405,0],[10916,0],]]
[10661,16,13,[[10662,0],[10660,0],[10405,0],[10917,0],]]
[10662,8,13,[[10661,0],[10663,0],[10406,0],[10407,0],[10918,0],]]
[10663,13,13,[[10664,0],[10662,0],[10407,0],[10919,0],]]
[10664,10,13,[[10663,0],[10665,0],[10408,0],[10409,0],[10920,0],]]
[10665,4,13,[[10666,0],[10664,0],[10409,0],[10921,0],]]
[10666,3,13,[[10665,0],[10667,0],[10410,0],[10411,0],[10922,0],]]
[10667,5,13,[[10668,0],[10666,0],[10411,0],[10923,0],]]
[10668,5,13,[[10667,0],[10669,0],[10412,0],[10413,0],[10924,0],]]
[10669,14,13,[[10670,0],[10668,0],[10413,0],[10925,0],]]
[10670,17,13,[[10669,0],[10671,0],[10414,0],[10415,0],[10926,0],]]
[10671,16,13,[[10672,0],[10670,0],[10415,0],[10927,0],]]
[10672,2,13,[[10671,0],[10673,0],[10416,0],[10417,0],[10928,0],]]
[10673,18,13,[[10674,0],[10672,0],[10417,0],[10929,0],]]
[10674,1,13,[[10673,0],[10675,0],[10418,0],[10419,0],[10930,0],]]
[10675,9,13,[[10676,0],[10674,0],[10419,0],[10931,0],]]
[10676,5,13,[[10675,0],[10677,0],[10420,0],[10421,0],[10932,0],]]
[10677,1,13,[[10678,0],[10676,0],[10421,0],[10933,0],]]
[10678,9,13,[[10677,0],[10679,0],[10422,0],[10423,0],[10934,0],]]
[10679,9,13,[[10680,0],[10678,0],[10423,0],[10935,0],]]
[10680,7,13,[[10679,0],[10681,0],[10424,0],[10425,0],[10936,0],]]
[10681,3,13,[[10682,0],[10680,0],[10425,0],[10937,0],]]
[10682,8,13,[[10681,0],[10683,0],[10426,0],[10427,0],[10938,0],]]
[10683,11,13,[[10684,0],[10682,0],[10427,0],[10939,0],]]
[10684,9,13,[[10683,0],[10685,0],[10428,0],[10429,0],[10940,0],]]
[10685,1,13,[[10686,0],[10684,0],[10429,0],[10941,0],]]
[10686,1,13,[[10685,0],[10687,0],[10430,0],[10431,0],[10942,0],]]
[10687,5,13,[[10688,0],[10686,0],[10431,0],[10943,0],]]
[10688,13,14,[[10687,0],[10689,0],[10432,0],[10433,0],[10944,0],]]
[10689,19,14,[[10690,0],[10688,0],[10433,0],[10945,0],]]
[10690,6,14,[[10689,0],[10691,0],[10434,0],[10435,0],[10946,0],]]
[10691,4,14,[[10692,0],[10690,0],[10435,0],[10947,0],]]
[10692,17,14,[[10691,0],[10693,0],[10436,0],[10437,0],[10948,0],]]
[10693,19,14,[[10694,0],[10692,0],[10437,0],[10949,0],]]
[10694,10,14,[[10693,0],[10695,0],[10438,0],[10439,0],[10950,0],]]
[10695,5,14,[[10696,0],[10694,0],[10439,0],[10951,0],]]
[10696,16,14,[[10695,0],[10697,0],[10440,0],[10441,0],[10952,0],]]
[10697,17,14,[[10698,0],[10696,0],[10441,0],[10953,0],]]
[10698,14,14,[[10697,0],[10699,0],[10442,0],[10443,0],[10954,0],]]
[10699,11,14,[[10700,0],[10698,0],[10443,0],[10955,0],]]
[10700,13,14,[[10699,0],[10701,0],[10444,0],[10445,0],[10956,0],]]
[10701,4,14,[[10702,0],[10700,0],[10445,0],[10957,0],]]
[10702,11,14,[[10701,0],[10703,0],[10446,0],[10447,0],[10958,0],]]
[10703,2,14,[[10704,0],[10702,0],[10447,0],[10959,0],]]
[10704,15,14,[[10703,0],[10705,0],[10448,0],[10449,0],[10960,0],]]
[10705,13,14,[[10706,0],[10704,0],[10449,0],[10961,0],]]
[10706,6,14,[[10705,0],[10707,0],[10450,0],[10451,0],[10962,0],]]
[10707,2,14,[[10708,0],[10706,0],[10451,0],[10963,0],]]
[10708,10,14,[[10707,0],[10709,0],[10452,0],[10453,0],[10964,0],]]
[10709,9,14,[[10710,0],[10708,0],[10453,0],[10965,0],]]
[10710,10,14,[[10709,0],[10711,0],[10454,0],[10455,0],[10966,0],]]
[10711,15,14,[[10712,0],[10710,0],[10455,0],[10967,0],]]
[10712,6,14,[[10711,0],[10713,0],[10456,0],[10457,0],[10968,0],]]
[10713,5,14,[[10714,0],[10712,0],[10457,0],[10969,0],]]
[10714,5,14,[[10713,0],[10715,0],[10458,0],[10459,0],[10970,0],]]
[10715,14,14,[[10716,0],[10714,0],[10459,0],[10971,0],]]
[10716,16,14,[[10715,0],[10717,0],[10460,0],[10461,0],[10972,0],]]
[10717,18,14,[[10718,0],[10716,0],[10461,0],[10973,0],]]
[10718,6,14,[[10717,0],[10719,0],[10462,0],[10463,0],[10974,0],]]
[10719,7,14,[[10720,0],[10718,0],[10463,0],[10975,0],]]
[10720,11,15,[[10719,0],[10721,0],[10464,0],[10465,0],[10976,0],]]
[10721,18,15,[[10722,0],[10720,0],[10465,0],[10977,0],]]
[10722,5,15,[[10721,0],[10723,0],[10466,0],[10467,0],[10978,0],]]
[10723,3,15,[[10724,0],[10722,0],[10467,0],[10979,0],]]
[10724,5,15,[[10723,0],[10725,0],[10468,0],[10469,0],[10980,0],]]
[10725,2,15,[[10726,0],[10724,0],[10469,0],[10981,0],]]
[10726,12,15,[[10725,0],[10727,0],[10470,0],[10471,0],[10982,0],]]
[10727,5,15,[[10728,0],[10726,0],[10471,0],[10983,0],]]
[10728,6,15,[[10727,0],[10729,0],[10472,0],[10473,0],[10984,0],]]
[10729,15,15,[[10730,0],[10728,0],[10473,0],[10985,0],]]
[10730,13,15,[[10729,0],[10731,0],[10474,0],[10475,0],[10986,0],]]
[10731,12,15,[[10732,0],[10730,0],[10475,0],[10987,0],]]
[10732,2,15,[[10731,0],[10733,0],[10476,0],[10477,0],[10988,0],]]
[10733,10,15,[[10734,0],[10732,0],[10477,0],[10989,0],]]
[10734,19,15,[[10733,0],[10735,0],[10478,0],[10479,0],[10990,0],]]
[10735,17,15,[[10736,0],[10734,0],[10479,0],[10991,0],]]
[10736,9,15,[[10735,0],[10737,0],[10480,0],[10481,0],[10992,0],]]
[10737,5,15,[[10738,0],[10736,0],[10481,0],[10993,0],]]
[10738,13,15,[[10737,0],[10739,0],[10482,0],[10483,0],[10994,0],]]
[10739,12,15,[[10740,0],[10738,0],[10483,0],[10995,0],]]
[10740,10,15,[[10739,0],[10741,0],[10484,0],[10485,0],[10996,0],]]
[10741,11,15,[[10742,0],[10740,0],[10485,0],[10997,0],]]
[10742,15,15,[[10741,0],[10743,0],[10486,0],[10487,0],[10998,0],]]
[10743,4,15,[[10744,0],[10742,0],[10487,0],[10999,0],]]
[10744,14,15,[[10743,0],[10745,0],[10488,0],[10489,0],[11000,0],]]
[10745,17,15,[[10746,0],[10744,0],[10489,0],[11001,0],]]
[10746,3,15,[[10745,0],[10747,0],[10490,0],[10491,0],[11002,0],]]
[10747,5,15,[[10748,0],[10746,0],[10491,0],[11003,0],]]
[10748,1,15,[[10747,0],[10749,0],[10492,0],[10493,0],[11004,0],]]
[10749,13,15,[[10750,0],[10748,0],[10493,0],[11005,0],]]
[10750,13,15,[[10749,0],[10751,0],[10494,0],[10495,0],[11006,0],]]
[10751,4,15,[[10750,0],[10495,0],[11007,0],]]
[10752,16,8,[[10753,0],[11008,0],[10496,0],]]
[10753,4,8,[[10754,0],[10752,0],[11009,0],[11008,0],[10497,0],]]
[10754,4,8,[[10753,0],[10755,0],[11010,0],[10498,0],]]
[10755,5,8,[[10756,0],[10754,0],[11011,0],[11010,0],[10499,0],]]
[10756,4,8,[[10755,0],[10757,0],[11012,0],[10500,0],]]
[10757,5,8,[[10758,0],[10756,0],[11013,0],[11012,0],[10501,0],]]
[10758,18,8,[[10757,0],[10759,0],[11014,0],[10502,0],]]
[10759,5,8,[[10760,0],[10758,0],[11015,0],[11014,0],[10503,0],]]
[10760,12,8,[[10759,0],[10761,0],[11016,0],[10504,0],]]
[10761,16,8,[[10762,0],[10760,0],[11017,0],[11016,0],[10505,0],]]
[10762,10,8,[[10761,0],[10763,0],[11018,0],[10506,0],]]
[10763,4,8,[[10764,0],[10762,0],[11019,0],[11018,0],[10507,0],]]
[10764,17,8,[[10763,0],[10765,0],[11020,0],[10508,0],]]
[10765,11,8,[[10766,0],[10764,0],[11021,0],[11020,0],[10509,0],]]
[10766,15,8,[[10765,0],[10767,0],[11022,0],[10510,0],]]
[10767,2,8,[[10768,0],[10766,0],[11023,0],[11022,0],[10511,0],]]
[10768,18,8,[[10767,0],[10769,0],[11024,0],[10512,0],]]
[10769,15,8,[[10770,0],[10768,0],[11025,0],[11024,0],[10513,0],]]
[10770,4,8,[[10769,0],[10771,0],[11026,0],[10514,0],]]
[10771,8,8,[[10772,0],[10770,0],[11027,0],[11026,0],[10515,0],]]
[10772,1,8,[[10771,0],[10773,0],[11028,0],[10516,0],]]
[10773,17,8,[[10774,0],[10772,0],[11029,0],[11028,0],[10517,0],]]
[10774,1,8,[[10773,0],[10775,0],[11030,0],[10518,0],]]
[10775,5,8,[[10776,0],[10774,0],[11031,0],[11030,0],[10519,0],]]
[10776,16,8,[[10775,0],[10777,0],[11032,0],[10520,0],]]
[10777,7,8,[[10778,0],[10776,0],[11033,0],[11032,0],[10521,0],]]
[10778,6,8,[[10777,0],[10779,0],[11034,0],[10522,0],]]
[10779,18,8,[[10780,0],[10778,0],[11035,0],[11034,0],[10523,0],]]
[10780,10,8,[[10779,0],[10781,0],[11036,0],[10524,0],]]
[10781,13,8,[[10782,0],[10780,0],[11037,0],[11036,0],[10525,0],]]
[10782,1,8,[[10781,0],[10783,0],[11038,0],[10526,0],]]
[10783,13,8,[[10784,0],[10782,0],[11039,0],[11038,0],[10527,0],]]
[10784,14,9,[[10783,0],[10785,0],[11040,0],[10528,0],]]
[10785,10,9,[[10786,0],[10784,0],[11041,0],[11040,0],[10529,0],]]
[10786,8,9,[[10785,0],[10787,0],[11042,0],[10530,0],]]
[10787,12,9,[[10788,0],[10786,0],[11043,0],[11042,0],[10531,0],]]
[10788,5,9,[[10787,0],[10789,0],[11044,0],[10532,0],]]
[10789,11,9,[[10790,0],[10788,0],[11045,0],[11044,0],[10533,0],]]
[10790,14,9,[[10789,0],[10791,0],[11046,0],[10534,0],]]
[10791,13,9,[[10792,0],[10790,0],[11047,0],[11046,0],[10535,0],]]
[10792,4,9,[[10791,0],[10793,0],[11048,0],[10536,0],]]
[10793,11,9,[[10794,0],[10792,0],[11049,0],[11048,0],[10537,0],]]
[10794,15,9,[[10793,0],[10795,0],[11050,0],[10538,0],]]
[10795,19,9,[[10796,0],[10794,0],[11051,0],[11050,0],[10539,0],]]
[10796,16,9,[[10795,0],[10797,0],[11052,0],[10540,0],]]
[10797,11,9,[[10798,0],[10796,0],[11053,0],[11052,0],[10541,0],]]
[10798,6,9,[[10797,0],[10799,0],[11054,0],[10542,0],]]
[10799,14,9,[[10800,0],[10798,0],[11055,0],[11054,0],[10543,0],]]
[10800,14,9,[[10799,0],[10801,0],[11056,0],[10544,0],]]
[10801,10,9,[[10802,0],[10800,0],[11057,0],[11056,0],[10545,0],]]
[10802,1,9,[[10801,0],[10803,0],[11058,0],[10546,0],]]
[10803,8,9,[[10804,0],[10802,0],[11059,0],[11058,0],[10547,0],]]
[10804,14,9,[[10803,0],[10805,0],[11060,0],[10548,0],]]
[10805,11,9,[[10806,0],[10804,0],[11061,0],[11060,0],[10549,0],]]
[10806,15,9,[[10805,0],[10807,0],[11062,0],[10550,0],]]
[10807,18,9,[[10808,0],[10806,0],[11063,0],[11062,0],[10551,0],]]
[10808,14,9,[[10807,0],[10809,0],[11064,0],[10552,0],]]
[10809,17,9,[[10810,0],[10808,0],[11065,0],[11064,0],[10553,0],]]
[10810,19,9,[[10809,0],[10811,0],[11066,0],[10554,0],]]
[10811,9,9,[[10812,0],[10810,0],[11067,0],[11066,0],[10555,0],]]
[10812,18,9,[[10811,0],[10813,0],[11068,0],[10556,0],]]
[10813,7,9,[[10814,0],[10812,0],[11069,0],[11068,0],[10557,0],]]
[10814,9,9,[[10813,0],[10815,0],[11070,0],[10558,0],]]
[10815,6,9,[[10816,0],[10814,0],[11071,0],[11070,0],[10559,0],]]
[10816,6,10,[[10815,0],[10817,0],[11072,0],[10560,0],]]
[10817,11,10,[[10818,0],[10816,0],[11073,0],[11072,0],[10561,0],]]
[10818,5,10,[[10817,0],[10819,0],[11074,0],[10562,0],]]
[10819,18,10,[[10820,0],[10818,0],[11075,0],[11074,0],[10563,0],]]
[10820,8,10,[[10819,0],[10821,0],[11076,0],[10564,0],]]
[10821,9,10,[[10822,0],[10820,0],[11077,0],[11076,0],[10565,0],]]
[10822,1,10,[[10821,0],[10823,0],[11078,0],[10566,0],]]
[10823,2,10,[[10824,0],[10822,0],[11079,0],[11078,0],[10567,0],]]
[10824,19,10,[[10823,0],[10825,0],[11080,0],[10568,0],]]
[10825,5,10,[[10826,0],[10824,0],[11081,0],[11080,0],[10569,0],]]
[10826,8,10,[[10825,0],[10827,0],[11082,0],[10570,0],]]
[10827,7,10,[[10828,0],[10826,0],[11083,0],[11082,0],[10571,0],]]
[10828,16,10,[[10827,0],[10829,0],[11084,0],[10572,0],]]
[10829,8,10,[[10830,0],[10828,0],[11085,0],[11084,0],[10573,0],]]
[10830,4,10,[[10829,0],[10831,0],[11086,0],[10574,0],]]
[10831,17,10,[[10832,0],[10830,0],[11087,0],[11086,0],[10575,0],]]
[10832,1,10,[[10831,0],[10833,0],[11088,0],[10576,0],]]
[10833,17,10,[[10834,0],[10832,0],[11089,0],[11088,0],[10577,0],]]
[10834,13,10,[[10833,0],[10835,0],[11090,0],[10578,0],]]
[10835,10,10,[[10836,0],[10834,0],[11091,0],[11090,0],[10579,0],]]
[10836,18,10,[[10835,0],[10837,0],[11092,0],[10580,0],]]
[10837,16,10,[[10838,0],[10836,0],[11093,0],[11092,0],[10581,0],]]
[10838,5,10,[[10837,0],[10839,0],[11094,0],[10582,0],]]
[10839,4,10,[[10840,0],[10838,0],[11095,0],[11094,0],[10583,0],]]
[10840,14,10,[[10839,0],[10841,0],[11096,0],[10584,0],]]
[10841,16,10,[[10842,0],[10840,0],[11097,0],[11096,0],[10585,0],]]
[10842,2,10,[[10841,0],[10843,0],[11098,0],[10586,0],]]
[10843,15,10,[[10844,0],[10842,0],[11099,0],[11098,0],[10587,0],]]
[10844,17,10,[[10843,0],[10845,0],[11100,0],[10588,0],]]
[10845,19,10,[[10846,0],[10844,0],[11101,0],[11100,0],[10589,0],]]
[10846,19,10,[[10845,0],[10847,0],[11102,0],[10590,0],]]
[10847,1,10,[[10848,0],[10846,0],[11103,0],[11102,0],[10591,0],]]
[10848,17,11,[[10847,0],[10849,0],[11104,0],[10592,0],]]
[10849,16,11,[[10850,0],[10848,0],[11105,0],[11104,0],[10593,0],]]
[10850,2,11,[[10849,0],[10851,0],[11106,0],[10594,0],]]
[10851,18,11,[[10852,0],[10850,0],[11107,0],[11106,0],[10595,0],]]
[10852,18,11,[[10851,0],[10853,0],[11108,0],[10596,0],]]
[10853,14,11,[[10854,0],[10852,0],[11109,0],[11108,0],[10597,0],]]
[10854,4,11,[[10853,0],[10855,0],[11110,0],[10598,0],]]
[10855,7,11,[[10856,0],[10854,0],[11111,0],[11110,0],[10599,0],]]
[10856,9,11,[[10855,0],[10857,0],[11112,0],[10600,0],]]
[10857,3,11,[[10858,0],[10856,0],[11113,0],[11112,0],[10601,0],]]
[10858,17,11,[[10857,0],[10859,0],[11114,0],[10602,0],]]
[10859,19,11,[[10860,0],[10858,0],[11115,0],[11114,0],[10603,0],]]
[10860,13,11,[[10859,0],[10861,0],[11116,0],[10604,0],]]
[10861,18,11,[[10862,0],[10860,0],[11117,0],[11116,0],[10605,0],]]
[10862,3,11,[[10861,0],[10863,0],[11118,0],[10606,0],]]
[10863,8,11,[[10864,0],[10862,0],[11119,0],[11118,0],[10607,0],]]
[10864,9,11,[[10863,0],[10865,0],[11120,0],[10608,0],]]
[10865,10,11,[[10866,0],[10864,0],[11121,0],[11120,0],[10609,0],]]
[10866,7,11,[[10865,0],[10867,0],[11122,0],[10610,0],]]
[10867,8,11,[[10868,0],[10866,0],[11123,0],[11122,0],[10611,0],]]
[10868,6,11,[[10867,0],[10869,0],[11124,0],[10612,0],]]
[10869,15,11,[[10870,0],[10868,0],[11125,0],[11124,0],[10613,0],]]
[10870,6,11,[[10869,0],[10871,0],[11126,0],[10614,0],]]
[10871,8,11,[[10872,0],[10870,0],[11127,0],[11126,0],[10615,0],]]
[10872,10,11,[[10871,0],[10873,0],[11128,0],[10616,0],]]
[10873,14,11,[[10874,0],[10872,0],[11129,0],[11128,0],[10617,0],]]
[10874,16,11,[[10873,0],[10875,0],[11130,0],[10618,0],]]
[10875,4,11,[[10876,0],[10874,0],[11131,0],[11130,0],[10619,0],]]
[10876,12,11,[[10875,0],[10877,0],[11132,0],[10620,0],]]
[10877,19,11,[[10878,0],[10876,0],[11133,0],[11132,0],[10621,0],]]
[10878,17,11,[[10877,0],[10879,0],[11134,0],[10622,0],]]
[10879,8,11,[[10880,0],[10878,0],[11135,0],[11134,0],[10623,0],]]
[10880,1,12,[[10879,0],[10881,0],[11136,0],[10624,0],]]
[10881,18,12,[[10882,0],[10880,0],[11137,0],[11136,0],[10625,0],]]
[10882,13,12,[[10881,0],[10883,0],[11138,0],[10626,0],]]
[10883,11,12,[[10884,0],[10882,0],[11139,0],[11138,0],[10627,0],]]
[10884,13,12,[[10883,0],[10885,0],[11140,0],[10628,0],]]
[10885,10,12,[[10886,0],[10884,0],[11141,0],[11140,0],[10629,0],]]
[10886,16,12,[[10885,0],[10887,0],[11142,0],[10630,0],]]
[10887,19,12,[[10888,0],[10886,0],[11143,0],[11142,0],[10631,0],]]
[10888,11,12,[[10887,0],[10889,0],[11144,0],[10632,0],]]
[10889,17,12,[[10890,0],[10888,0],[11145,0],[11144,0],[10633,0],]]
[10890,9,12,[[10889,0],[10891,0],[11146,0],[10634,0],]]
[10891,13,12,[[10892,0],[10890,0],[11147,0],[11146,0],[10635,0],]]
[10892,5,12,[[10891,0],[10893,0],[11148,0],[10636,0],]]
[10893,19,12,[[10894,0],[10892,0],[11149,0],[11148,0],[10637,0],]]
[10894,8,12,[[10893,0],[10895,0],[11150,0],[10638,0],]]
[10895,16,12,[[10896,0],[10894,0],[11151,0],[11150,0],[10639,0],]]
[10896,11,12,[[10895,0],[10897,0],[11152,0],[10640,0],]]
[10897,4,12,[[10898,0],[10896,0],[11153,0],[11152,0],[10641,0],]]
[10898,2,12,[[10897,0],[10899,0],[11154,0],[10642,0],]]
[10899,6,12,[[10900,0],[10898,0],[11155,0],[11154,0],[10643,0],]]
[10900,10,12,[[10899,0],[10901,0],[11156,0],[10644,0],]]
[10901,18,12,[[10902,0],[10900,0],[11157,0],[11156,0],[10645,0],]]
[10902,8,12,[[10901,0],[10903,0],[11158,0],[10646,0],]]
[10903,3,12,[[10904,0],[10902,0],[11159,0],[11158,0],[10647,0],]]
[10904,15,12,[[10903,0],[10905,0],[11160,0],[10648,0],]]
[10905,7,12,[[10906,0],[10904,0],[11161,0],[11160,0],[10649,0],]]
[10906,10,12,[[10905,0],[10907,0],[11162,0],[10650,0],]]
[10907,13,12,[[10908,0],[10906,0],[11163,0],[11162,0],[10651,0],]]
[10908,17,12,[[10907,0],[10909,0],[11164,0],[10652,0],]]
[10909,19,12,[[10910,0],[10908,0],[11165,0],[11164,0],[10653,0],]]
[10910,16,12,[[10909,0],[10911,0],[11166,0],[10654,0],]]
[10911,9,12,[[10912,0],[10910,0],[11167,0],[11166,0],[10655,0],]]
[10912,13,13,[[10911,0],[10913,0],[11168,0],[10656,0],]]
[10913,11,13,[[10914,0],[10912,0],[11169,0],[11168,0],[10657,0],]]
[10914,16,13,[[10913,0],[10915,0],[11170,0],[10658,0],]]
[10915,6,13,[[10916,0],[10914,0],[11171,0],[11170,0],[10659,0],]]
[10916,3,13,[[10915,0],[10917,0],[11172,0],[10660,0],]]
[10917,1,13,[[10918,0],[10916,0],[11173,0],[11172,0],[10661,0],]]
[10918,19,13,[[10917,0],[10919,0],[11174,0],[10662,0],]]
[10919,10,13,[[10920,0],[10918,0],[11175,0],[11174,0],[10663,0],]]
[10920,1,13,[[10919,0],[10921,0],[11176,0],[10664,0],]]
[10921,12,13,[[10922,0],[10920,0],[11177,0],[11176,0],[10665,0],]]
[10922,6,13,[[10921,0],[10923,0],[11178,0],[10666,0],]]
[10923,11,13,[[10924,0],[10922,0],[11179,0],[11178,0],[10667,0],]]
[10924,13,13,[[10923,0],[10925,0],[11180,0],[10668,0],]]
[10925,12,13,[[10926,0],[10924,0],[11181,0],[11180,0],[10669,0],]]
[10926,1,13,[[10925,0],[10927,0],[11182,0],[10670,0],]]
[10927,15,13,[[10928,0],[10926,0],[11183,0],[11182,0],[10671,0],]]
[10928,2,13,[[10927,0],[10929,0],[11184,0],[10672,0],]]
[10929,15,13,[[10930,0],[10928,0],[11185,0],[11184,0],[10673,0],]]
[10930,6,13,[[10929,0],[10931,0],[11186,0],[10674,0],]]
[10931,15,13,[[10932,0],[10930,0],[11187,0],[11186,0],[10675,0],]]
[10932,12,13,[[10931,0],[10933,0],[11188,0],[10676,0],]]
[10933,17,13,[[10934,0],[10932,0],[11189,0],[11188,0],[10677,0],]]
[10934,13,13,[[10933,0],[10935,0],[11190,0],[10678,0],]]
[10935,11,13,[[10936,0],[10934,0],[11191,0],[11190,0],[10679,0],]]
[10936,11,13,[[10935,0],[10937,0],[11192,0],[10680,0],]]
[10937,12,13,[[10938,0],[10936,0],[11193,0],[11192,0],[10681,0],]]
[10938,11,13,[[10937,0],[10939,0],[11194,0],[10682,0],]]
[10939,9,13,[[10940,0],[10938,0],[11195,0],[11194,0],[10683,0],]]
[10940,2,13,[[10939,0],[10941,0],[11196,0],[10684,0],]]
[10941,8,13,[[10942,0],[10940,0],[11197,0],[11196,0],[10685,0],]]
[10942,2,13,[[10941,0],[10943,0],[11198,0],[10686,0],]]
[10943,12,13,[[10944,0],[10942,0],[11199,0],[11198,0],[10687,0],]]
[10944,6,14,[[10943,0],[10945,0],[11200,0],[10688,0],]]
[10945,15,14,[[10946,0],[10944,0],[11201,0],[11200,0],[10689,0],]]
[10946,11,14,[[10945,0],[10947,0],[11202,0],[10690,0],]]
[10947,8,14,[[10948,0],[10946,0],[11203,0],[11202,0],[10691,0],]]
[10948,8,14,[[10947,0],[10949,0],[11204,0],[10692,0],]]
[10949,10,14,[[10950,0],[10948,0],[11205,0],[11204,0],[10693,0],]]
[10950,5,14,[[10949,0],[10951,0],[11206,0],[10694,0],]]
[10951,12,14,[[10952,0],[10950,0],[11207,0],[11206,0],[10695,0],]]
[10952,12,14,[[10951,0],[10953,0],[11208,0],[10696,0],]]
[10953,10,14,[[10954,0],[10952,0],[11209,0],[11208,0],[10697,0],]]
[10954,8,14,[[10953,0],[10955,0],[11210,0],[10698,0],]]
[10955,17,14,[[10956,0],[10954,0],[11211,0],[11210,0],[10699,0],]]
[10956,8,14,[[10955,0],[10957,0],[11212,0],[10700,0],]]
[10957,10,14,[[10958,0],[10956,0],[11213,0],[11212,0],[10701,0],]]
[10958,19,14,[[10957,0],[10959,0],[11214,0],[10702,0],]]
[10959,14,14,[[10960,0],[10958,0],[11215,0],[11214,0],[10703,0],]]
[10960,14,14,[[10959,0],[10961,0],[11216,0],[10704,0],]]
[10961,10,14,[[10962,0],[10960,0],[11217,0],[11216,0],[10705,0],]]
[10962,13,14,[[10961,0],[10963,0],[11218,0],[10706,0],]]
[10963,14,14,[[10964,0],[10962,0],[11219,0],[11218,0],[10707,0],]]
[10964,19,14,[[10963,0],[10965,0],[11220,0],[10708,0],]]
[10965,11,14,[[10966,0],[10964,0],[11221,0],[11220,0],[10709,0],]]
[10966,8,14,[[10965,0],[10967,0],[11222,0],[10710,0],]]
[10967,16,14,[[10968,0],[10966,0],[11223,0],[11222,0],[10711,0],]]
[10968,14,14,[[10967,0],[10969,0],[11224,0],[10712,0],]]
[10969,13,14,[[10970,0],[10968,0],[11225,0],[11224,0],[10713,0],]]
[10970,12,14,[[10969,0],[10971,0],[11226,0],[10714,0],]]
[10971,1,14,[[10972,0],[10970,0],[11227,0],[11226,0],[10715,0],]]
[10972,14,14,[[10971,0],[10973,0],[11228,0],[10716,0],]]
[10973,14,14,[[10974,0],[10972,0],[11229,0],[11228,0],[10717,0],]]
[10974,4,14,[[10973,0],[10975,0],[11230,0],[10718,0],]]
[10975,17,14,[[10976,0],[10974,0],[11231,0],[11230,0],[10719,0],]]
[10976,9,15,[[10975,0],[10977,0],[11232,0],[10720,0],]]
[10977,2,15,[[10978,0],[10976,0],[11233,0],[11232,0],[10721,0],]]
[10978,8,15,[[10977,0],[10979,0],[11234,0],[10722,0],]]
[10979,8,15,[[10980,0],[10978,0],[11235,0],[11234,0],[10723,0],]]
[10980,15,15,[[10979,0],[10981,0],[11236,0],[10724,0],]]
[10981,4,15,[[10982,0],[10980,0],[11237,0],[11236,0],[10725,0],]]
[10982,15,15,[[10981,0],[10983,0],[11238,0],[10726,0],]]
[10983,2,15,[[10984,0],[10982,0],[11239,0],[11238,0],[10727,0],]]
[10984,18,15,[[10983,0],[10985,0],[11240,0],[10728,0],]]
[10985,19,15,[[10986,0],[10984,0],[11241,0],[11240,0],[10729,0],]]
[10986,2,15,[[10985,0],[10987,0],[11242,0],[10730,0],]]
[10987,17,15,[[10988,0],[10986,0],[11243,0],[11242,0],[10731,0],]]
[10988,10,15,[[10987,0],[10989,0],[11244,0],[10732,0],]]
[10989,11,15,[[10990,0],[10988,0],[11245,0],[11244,0],[10733,0],]]
[10990,17,15,[[10989,0],[10991,0],[11246,0],[10734,0],]]
[10991,8,15,[[10992,0],[10990,0],[11247,0],[11246,0],[10735,0],]]
[10992,6,15,[[10991,0],[10993,0],[11248,0],[10736,0],]]
[10993,1,15,[[10994,0],[10992,0],[11249,0],[11248,0],[10737,0],]]
[10994,2,15,[[10993,0],[10995,0],[11250,0],[10738,0],]]
[10995,7,15,[[10996,0],[10994,0],[11251,0],[11250,0],[10739,0],]]
[10996,4,15,[[10995,0],[10997,0],[11252,0],[10740,0],]]
[10997,13,15,[[10998,0],[10996,0],[11253,0],[11252,0],[10741,0],]]
[10998,13,15,[[10997,0],[10999,0],[11254,0],[10742,0],]]
[10999,16,15,[[11000,0],[10998,0],[11255,0],[11254,0],[10743,0],]]
[11000,4,15,[[10999,0],[11001,0],[11256,0],[10744,0],]]
[11001,7,15,[[11002,0],[11000,0],[11257,0],[11256,0],[10745,0],]]
[11002,7,15,[[11001,0],[11003,0],[11258,0],[10746,0],]]
[11003,12,15,[[11004,0],[11002,0],[11259,0],[11258,0],[10747,0],]]
[11004,19,15,[[11003,0],[11005,0],[11260,0],[10748,0],]]
[11005,11,15,[[11006,0],[11004,0],[11261,0],[11260,0],[10749,0],]]
[11006,13,15,[[11005,0],[11007,0],[11262,0],[10750,0],]]
[11007,13,15,[[11006,0],[11263,0],[11262,0],[10751,0],]]
[11008,17,8,[[11009,0],[10752,0],[10753,0],[11264,0],]]
[11009,8,8,[[11010,0],[11008,0],[10753,0],[11265,0],]]
[11010,10,8,[[11009,0],[11011,0],[10754,0],[10755,0],[11266,0],]]
[11011,17,8,[[11012,0],[11010,0],[10755,0],[11267,0],]]
[11012,3,8,[[11011,0],[11013,0],[10756,0],[10757,0],[11268,0],]]
[11013,18,8,[[11014,0],[11012,0],[10757,0],[11269,0],]]
[11014,2,8,[[11013,0],[11015,0],[10758,0],[10759,0],[11270,0],]]
[11015,8,8,[[11016,0],[11014,0],[10759,0],[11271,0],]]
[11016,13,8,[[11015,0],[11017,0],[10760,0],[10761,0],[11272,0],]]
[11017,5,8,[[11018,0],[11016,0],[10761,0],[11273,0],]]
[11018,11,8,[[11017,0],[11019,0],[10762,0],[10763,0],[11274,0],]]
[11019,15,8,[[11020,0],[11018,0],[10763,0],[11275,0],]]
[11020,6,8,[[11019,0],[11021,0],[10764,0],[10765,0],[11276,0],]]
[11021,16,8,[[11022,0],[11020,0],[10765,0],[11277,0],]]
[11022,15,8,[[11021,0],[11023,0],[10766,0],[10767,0],[11278,0],]]
[11023,11,8,[[11024,0],[11022,0],[10767,0],[11279,0],]]
[11024,6,8,[[11023,0],[11025,0],[10768,0],[10769,0],[11280,0],]]
[11025,2,8,[[11026,0],[11024,0],[10769,0],[11281,0],]]
[11026,2,8,[[11025,0],[11027,0],[10770,0],[10771,0],[11282,0],]]
[11027,2,8,[[11028,0],[11026,0],[10771,0],[11283,0],]]
[11028,8,8,[[11027,0],[11029,0],[10772,0],[10773,0],[11284,0],]]
[11029,12,8,[[11030,0],[11028,0],[10773,0],[11285,0],]]
[11030,17,8,[[11029,0],[11031,0],[10774,0],[10775,0],[11286,0],]]
[11031,3,8,[[11032,0],[11030,0],[10775,0],[11287,0],]]
[11032,6,8,[[11031,0],[11033,0],[10776,0],[10777,0],[11288,0],]]
[11033,14,8,[[11034,0],[11032,0],[10777,0],[11289,0],]]
[11034,17,8,[[11033,0],[11035,0],[10778,0],[10779,0],[11290,0],]]
[11035,5,8,[[11036,0],[11034,0],[10779,0],[11291,0],]]
[11036,9,8,[[11035,0],[11037,0],[10780,0],[10781,0],[11292,0],]]
[11037,6,8,[[11038,0],[11036,0],[10781,0],[11293,0],]]
[11038,13,8,[[11037,0],[11039,0],[10782,0],[10783,0],[11294,0],]]
[11039,14,8,[[11040,0],[11038,0],[10783,0],[11295,0],]]
[11040,19,9,[[11039,0],[11041,0],[10784,0],[10785,0],[11296,0],]]
[11041,16,9,[[11042,0],[11040,0],[10785,0],[11297,0],]]
[11042,17,9,[[11041,0],[11043,0],[10786,0],[10787,0],[11298,0],]]
[11043,5,9,[[11044,0],[11042,0],[10787,0],[11299,0],]]
[11044,17,9,[[11043,0],[11045,0],[10788,0],[10789,0],[11300,0],]]
[11045,10,9,[[11046,0],[11044,0],[10789,0],[11301,0],]]
[11046,8,9,[[11045,0],[11047,0],[10790,0],[10791,0],[11302,0],]]
[11047,14,9,[[11048,0],[11046,0],[10791,0],[11303,0],]]
[11048,7,9,[[11047,0],[11049,0],[10792,0],[10793,0],[11304,0],]]
[11049,8,9,[[11050,0],[11048,0],[10793,0],[11305,0],]]
[11050,13,9,[[11049,0],[11051,0],[10794,0],[10795,0],[11306,0],]]
[11051,7,9,[[11052,0],[11050,0],[10795,0],[11307,0],]]
[11052,9,9,[[11051,0],[11053,0],[10796,0],[10797,0],[11308,0],]]
[11053,2,9,[[11054,0],[11052,0],[10797,0],[11309,0],]]
[11054,17,9,[[11053,0],[11055,0],[10798,0],[10799,0],[11310,0],]]
[11055,17,9,[[11056,0],[11054,0],[10799,0],[11311,0],]]
[11056,7,9,[[11055,0],[11057,0],[10800,0],[10801,0],[11312,0],]]
[11057,9,9,[[11058,0],[11056,0],[10801,0],[11313,0],]]
[11058,9,9,[[11057,0],[11059,0],[10802,0],[10803,0],[11314,0],]]
[11059,9,9,[[11060,0],[11058,0],[10803,0],[11315,0],]]
[11060,1,9,[[11059,0],[11061,0],[10804,0],[10805,0],[11316,0],]]
[11061,17,9,[[11062,0],[11060,0],[10805,0],[11317,0],]]
[11062,12,9,[[11061,0],[11063,0],[10806,0],[10807,0],[11318,0],]]
[11063,19,9,[[11064,0],[11062,0],[10807,0],[11319,0],]]
[11064,4,9,[[11063,0],[11065,0],[10808,0],[10809,0],[11320,0],]]
[11065,2,9,[[11066,0],[11064,0],[10809,0],[11321,0],]]
[11066,9,9,[[11065,0],[11067,0],[10810,0],[10811,0],[11322,0],]]
[11067,9,9,[[11068,0],[11066,0],[10811,0],[11323,0],]]
[11068,11,9,[[11067,0],[11069,0],[10812,0],[10813,0],[11324,0],]]
[11069,7,9,[[11070,0],[11068,0],[10813,0],[11325,0],]]
[11070,2,9,[[11069,0],[11071,0],[10814,0],[10815,0],[11326,0],]]
[11071,15,9,[[11072,0],[11070,0],[10815,0],[11327,0],]]
[11072,9,10,[[11071,0],[11073,0],[10816,0],[10817,0],[11328,0],]]
[11073,15,10,[[11074,0],[11072,0],[10817,0],[11329,0],]]
[11074,16,10,[[11073,0],[11075,0],[10818,0],[10819,0],[11330,0],]]
[11075,5,10,[[11076,0],[11074,0],[10819,0],[11331,0],]]
[11076,17,10,[[11075,0],[11077,0],[10820,0],[10821,0],[11332,0],]]
[11077,18,10,[[11078,0],[11076,0],[10821,0],[11333,0],]]
[11078,7,10,[[11077,0],[11079,0],[10822,0],[10823,0],[11334,0],]]
[11079,18,10,[[11080,0],[11078,0],[10823,0],[11335,0],]]
[11080,9,10,[[11079,0],[11081,0],[10824,0],[10825,0],[11336,0],]]
[11081,6,10,[[11082,0],[11080,0],[10825,0],[11337,0],]]
[11082,5,10,[[11081,0],[11083,0],[10826,0],[10827,0],[11338,0],]]
[11083,15,10,[[11084,0],[11082,0],[10827,0],[11339,0],]]
[11084,6,10,[[11083,0],[11085,0],[10828,0],[10829,0],[11340,0],]]
[11085,19,10,[[11086,0],[11084,0],[10829,0],[11341,0],]]
[11086,11,10,[[11085,0],[11087,0],[10830,0],[10831,0],[11342,0],]]
[11087,1,10,[[11088,0],[11086,0],[10831,0],[11343,0],]]
[11088,9,10,[[11087,0],[11089,0],[10832,0],[10833,0],[11344,0],]]
[11089,7,10,[[11090,0],[11088,0],[10833,0],[11345,0],]]
[11090,16,10,[[11089,0],[11091,0],[10834,0],[10835,0],[11346,0],]]
[11091,13,10,[[11092,0],[11090,0],[10835,0],[11347,0],]]
[11092,8,10,[[11091,0],[11093,0],[10836,0],[10837,0],[11348,0],]]
[11093,4,10,[[11094,0],[11092,0],[10837,0],[11349,0],]]
[11094,13,10,[[11093,0],[11095,0],[10838,0],[10839,0],[11350,0],]]
[11095,18,10,[[11096,0],[11094,0],[10839,0],[11351,0],]]
[11096,10,10,[[11095,0],[11097,0],[10840,0],[10841,0],[11352,0],]]
[11097,3,10,[[11098,0],[11096,0],[10841,0],[11353,0],]]
[11098,6,10,[[11097,0],[11099,0],[10842,0],[10843,0],[11354,0],]]
[11099,10,10,[[11100,0],[11098,0],[10843,0],[11355,0],]]
[11100,11,10,[[11099,0],[11101,0],[10844,0],[10845,0],[11356,0],]]
[11101,15,10,[[11102,0],[11100,0],[10845,0],[11357,0],]]
[11102,10,10,[[11101,0],[11103,0],[10846,0],[10847,0],[11358,0],]]
[11103,5,10,[[11104,0],[11102,0],[10847,0],[11359,0],]]
[11104,7,11,[[11103,0],[11105,0],[10848,0],[10849,0],[11360,0],]]
[11105,2,11,[[11106,0],[11104,0],[10849,0],[11361,0],]]
[11106,16,11,[[11105,0],[11107,0],[10850,0],[10851,0],[11362,0],]]
[11107,6,11,[[11108,0],[11106,0],[10851,0],[11363,0],]]
[11108,4,11,[[11107,0],[11109,0],[10852,0],[10853,0],[11364,0],]]
[11109,14,11,[[11110,0],[11108,0],[10853,0],[11365,0],]]
[11110,15,11,[[11109,0],[11111,0],[10854,0],[10855,0],[11366,0],]]
[11111,4,11,[[11112,0],[11110,0],[10855,0],[11367,0],]]
[11112,2,11,[[11111,0],[11113,0],[10856,0],[10857,0],[11368,0],]]
[11113,16,11,[[11114,0],[11112,0],[10857,0],[11369,0],]]
[11114,8,11,[[11113,0],[11115,0],[10858,0],[10859,0],[11370,0],]]
[11115,6,11,[[11116,0],[11114,0],[10859,0],[11371,0],]]
[11116,16,11,[[11115,0],[11117,0],[10860,0],[10861,0],[11372,0],]]
[11117,11,11,[[11118,0],[11116,0],[10861,0],[11373,0],]]
[11118,3,11,[[11117,0],[11119,0],[10862,0],[10863,0],[11374,0],]]
[11119,15,11,[[11120,0],[11118,0],[10863,0],[11375,0],]]
[11120,19,11,[[11119,0],[11121,0],[10864,0],[10865,0],[11376,0],]]
[11121,10,11,[[11122,0],[11120,0],[10865,0],[11377,0],]]
[11122,12,11,[[11121,0],[11123,0],[10866,0],[10867,0],[11378,0],]]
[11123,10,11,[[11124,0],[11122,0],[10867,0],[11379,0],]]
[11124,18,11,[[11123,0],[11125,0],[10868,0],[10869,0],[11380,0],]]
[11125,6,11,[[11126,0],[11124,0],[10869,0],[11381,0],]]
[11126,5,11,[[11125,0],[11127,0],[10870,0],[10871,0],[11382,0],]]
[11127,3,11,[[11128,0],[11126,0],[10871,0],[11383,0],]]
[11128,18,11,[[11127,0],[11129,0],[10872,0],[10873,0],[11384,0],]]
[11129,4,11,[[11130,0],[11128,0],[10873,0],[11385,0],]]
[11130,7,11,[[11129,0],[11131,0],[10874,0],[10875,0],[11386,0],]]
[11131,4,11,[[11132,0],[11130,0],[10875,0],[11387,0],]]
[11132,17,11,[[11131,0],[11133,0],[10876,0],[10877,0],[11388,0],]]
[11133,15,11,[[11134,0],[11132,0],[10877,0],[11389,0],]]
[11134,1,11,[[11133,0],[11135,0],[10878,0],[10879,0],[11390,0],]]
[11135,2,11,[[11136,0],[11134,0],[10879,0],[11391,0],]]
[11136,9,12,[[11135,0],[11137,0],[10880,0],[10881,0],[11392,0],]]
[11137,12,12,[[11138,0],[11136,0],[10881,0],[11393,0],]]
[11138,12,12,[[11137,0],[11139,0],[10882,0],[10883,0],[11394,0],]]
[11139,18,12,[[11140,0],[11138,0],[10883,0],[11395,0],]]
[11140,4,12,[[11139,0],[11141,0],[10884,0],[10885,0],[11396,0],]]
