[6553,19,4,[[6554,0],[6552,0],[6297,0],[6809,0],]]
[6554,7,4,[[6553,0],[6555,0],[6298,0],[6299,0],[6810,0],]]
[6555,10,4,[[6556,0],[6554,0],[6299,0],[6811,0],]]
[6556,16,4,[[6555,0],[6557,0],[6300,0],[6301,0],[6812,0],]]
[6557,3,4,[[6558,0],[6556,0],[6301,0],[6813,0],]]
[6558,3,4,[[6557,0],[6559,0],[6302,0],[6303,0],[6814,0],]]
[6559,16,4,[[6560,0],[6558,0],[6303,0],[6815,0],]]
[6560,16,5,[[6559,0],[6561,0],[6304,0],[6305,0],[6816,0],]]
[6561,9,5,[[6562,0],[6560,0],[6305,0],[6817,0],]]
[6562,19,5,[[6561,0],[6563,0],[6306,0],[6307,0],[6818,0],]]
[6563,8,5,[[6564,0],[6562,0],[6307,0],[6819,0],]]
[6564,7,5,[[6563,0],[6565,0],[6308,0],[6309,0],[6820,0],]]
[6565,11,5,[[6566,0],[6564,0],[6309,0],[6821,0],]]
[6566,5,5,[[6565,0],[6567,0],[6310,0],[6311,0],[6822,0],]]
[6567,3,5,[[6568,0],[6566,0],[6311,0],[6823,0],]]
[6568,14,5,[[6567,0],[6569,0],[6312,0],[6313,0],[6824,0],]]
[6569,7,5,[[6570,0],[6568,0],[6313,0],[6825,0],]]
[6570,9,5,[[6569,0],[6571,0],[6314,0],[6315,0],[6826,0],]]
[6571,6,5,[[6572,0],[6570,0],[6315,0],[6827,0],]]
[6572,16,5,[[6571,0],[6573,0],[6316,0],[6317,0],[6828,0],]]
[6573,13,5,[[6574,0],[6572,0],[6317,0],[6829,0],]]
[6574,4,5,[[6573,0],[6575,0],[6318,0],[6319,0],[6830,0],]]
[6575,18,5,[[6576,0],[6574,0],[6319,0],[6831,0],]]
[6576,12,5,[[6575,0],[6577,0],[6320,0],[6321,0],[6832,0],]]
[6577,19,5,[[6578,0],[6576,0],[6321,0],[6833,0],]]
[6578,13,5,[[6577,0],[6579,0],[6322,0],[6323,0],[6834,0],]]
[6579,13,5,[[6580,0],[6578,0],[6323,0],[6835,0],]]
[6580,9,5,[[6579,0],[6581,0],[6324,0],[6325,0],[6836,0],]]
[6581,13,5,[[6582,0],[6580,0],[6325,0],[6837,0],]]
[6582,1,5,[[6581,0],[6583,0],[6326,0],[6327,0],[6838,0],]]
[6583,5,5,[[6584,0],[6582,0],[6327,0],[6839,0],]]
[6584,6,5,[[6583,0],[6585,0],[6328,0],[6329,0],[6840,0],]]
[6585,6,5,[[6586,0],[6584,0],[6329,0],[6841,0],]]
[6586,12,5,[[6585,0],[6587,0],[6330,0],[6331,0],[6842,0],]]
[6587,7,5,[[6588,0],[6586,0],[6331,0],[6843,0],]]
[6588,8,5,[[6587,0],[6589,0],[6332,0],[6333,0],[6844,0],]]
[6589,17,5,[[6590,0],[6588,0],[6333,0],[6845,0],]]
[6590,18,5,[[6589,0],[6591,0],[6334,0],[6335,0],[6846,0],]]
[6591,7,5,[[6592,0],[6590,0],[6335,0],[6847,0],]]
[6592,6,6,[[6591,0],[6593,0],[6336,0],[6337,0],[6848,0],]]
[6593,9,6,[[6594,0],[6592,0],[6337,0],[6849,0],]]
[6594,15,6,[[6593,0],[6595,0],[6338,0],[6339,0],[6850,0],]]
[6595,17,6,[[6596,0],[6594,0],[6339,0],[6851,0],]]
[6596,4,6,[[6595,0],[6597,0],[6340,0],[6341,0],[6852,0],]]
[6597,16,6,[[6598,0],[6596,0],[6341,0],[6853,0],]]
[6598,8,6,[[6597,0],[6599,0],[6342,0],[6343,0],[6854,0],]]
[6599,7,6,[[6600,0],[6598,0],[6343,0],[6855,0],]]
[6600,17,6,[[6599,0],[6601,0],[6344,0],[6345,0],[6856,0],]]
[6601,2,6,[[6602,0],[6600,0],[6345,0],[6857,0],]]
[6602,19,6,[[6601,0],[6603,0],[6346,0],[6347,0],[6858,0],]]
[6603,14,6,[[6604,0],[6602,0],[6347,0],[6859,0],]]
[6604,17,6,[[6603,0],[6605,0],[6348,0],[6349,0],[6860,0],]]
[6605,15,6,[[6606,0],[6604,0],[6349,0],[6861,0],]]
[6606,4,6,[[6605,0],[6607,0],[6350,0],[6351,0],[6862,0],]]
[6607,17,6,[[6608,0],[6606,0],[6351,0],[6863,0],]]
[6608,5,6,[[6607,0],[6609,0],[6352,0],[6353,0],[6864,0],]]
[6609,19,6,[[6610,0],[6608,0],[6353,0],[6865,0],]]
[6610,19,6,[[6609,0],[6611,0],[6354,0],[6355,0],[6866,0],]]
[6611,3,6,[[6612,0],[6610,0],[6355,0],[6867,0],]]
[6612,12,6,[[6611,0],[6613,0],[6356,0],[6357,0],[6868,0],]]
[6613,11,6,[[6614,0],[6612,0],[6357,0],[6869,0],]]
[6614,15,6,[[6613,0],[6615,0],[6358,0],[6359,0],[6870,0],]]
[6615,7,6,[[6616,0],[6614,0],[6359,0],[6871,0],]]
[6616,5,6,[[6615,0],[6617,0],[6360,0],[6361,0],[6872,0],]]
[6617,17,6,[[6618,0],[6616,0],[6361,0],[6873,0],]]
[6618,11,6,[[6617,0],[6619,0],[6362,0],[6363,0],[6874,0],]]
[6619,19,6,[[6620,0],[6618,0],[6363,0],[6875,0],]]
[6620,15,6,[[6619,0],[6621,0],[6364,0],[6365,0],[6876,0],]]
[6621,17,6,[[6622,0],[6620,0],[6365,0],[6877,0],]]
[6622,5,6,[[6621,0],[6623,0],[6366,0],[6367,0],[6878,0],]]
[6623,6,6,[[6624,0],[6622,0],[6367,0],[6879,0],]]
[6624,11,7,[[6623,0],[6625,0],[6368,0],[6369,0],[6880,0],]]
[6625,6,7,[[6626,0],[6624,0],[6369,0],[6881,0],]]
[6626,10,7,[[6625,0],[6627,0],[6370,0],[6371,0],[6882,0],]]
[6627,15,7,[[6628,0],[6626,0],[6371,0],[6883,0],]]
[6628,15,7,[[6627,0],[6629,0],[6372,0],[6373,0],[6884,0],]]
[6629,16,7,[[6630,0],[6628,0],[6373,0],[6885,0],]]
[6630,18,7,[[6629,0],[6631,0],[6374,0],[6375,0],[6886,0],]]
[6631,14,7,[[6632,0],[6630,0],[6375,0],[6887,0],]]
[6632,1,7,[[6631,0],[6633,0],[6376,0],[6377,0],[6888,0],]]
[6633,4,7,[[6634,0],[6632,0],[6377,0],[6889,0],]]
[6634,6,7,[[6633,0],[6635,0],[6378,0],[6379,0],[6890,0],]]
[6635,18,7,[[6636,0],[6634,0],[6379,0],[6891,0],]]
[6636,19,7,[[6635,0],[6637,0],[6380,0],[6381,0],[6892,0],]]
[6637,13,7,[[6638,0],[6636,0],[6381,0],[6893,0],]]
[6638,1,7,[[6637,0],[6639,0],[6382,0],[6383,0],[6894,0],]]
[6639,13,7,[[6640,0],[6638,0],[6383,0],[6895,0],]]
[6640,5,7,[[6639,0],[6641,0],[6384,0],[6385,0],[6896,0],]]
[6641,5,7,[[6642,0],[6640,0],[6385,0],[6897,0],]]
[6642,3,7,[[6641,0],[6643,0],[6386,0],[6387,0],[6898,0],]]
[6643,9,7,[[6644,0],[6642,0],[6387,0],[6899,0],]]
[6644,8,7,[[6643,0],[6645,0],[6388,0],[6389,0],[6900,0],]]
[6645,18,7,[[6646,0],[6644,0],[6389,0],[6901,0],]]
[6646,2,7,[[6645,0],[6647,0],[6390,0],[6391,0],[6902,0],]]
[6647,9,7,[[6648,0],[6646,0],[6391,0],[6903,0],]]
[6648,6,7,[[6647,0],[6649,0],[6392,0],[6393,0],[6904,0],]]
[6649,8,7,[[6650,0],[6648,0],[6393,0],[6905,0],]]
[6650,10,7,[[6649,0],[6651,0],[6394,0],[6395,0],[6906,0],]]
[6651,13,7,[[6652,0],[6650,0],[6395,0],[6907,0],]]
[6652,15,7,[[6651,0],[6653,0],[6396,0],[6397,0],[6908,0],]]
[6653,4,7,[[6654,0],[6652,0],[6397,0],[6909,0],]]
[6654,3,7,[[6653,0],[6655,0],[6398,0],[6399,0],[6910,0],]]
[6655,4,7,[[6654,0],[6399,0],[6911,0],]]
[6656,18,0,[[6657,0],[6912,0],[6400,0],]]
[6657,9,0,[[6658,0],[6656,0],[6913,0],[6912,0],[6401,0],]]
[6658,1,0,[[6657,0],[6659,0],[6914,0],[6402,0],]]
[6659,18,0,[[6660,0],[6658,0],[6915,0],[6914,0],[6403,0],]]
[6660,1,0,[[6659,0],[6661,0],[6916,0],[6404,0],]]
[6661,6,0,[[6662,0],[6660,0],[6917,0],[6916,0],[6405,0],]]
[6662,3,0,[[6661,0],[6663,0],[6918,0],[6406,0],]]
[6663,10,0,[[6664,0],[6662,0],[6919,0],[6918,0],[6407,0],]]
[6664,8,0,[[6663,0],[6665,0],[6920,0],[6408,0],]]
[6665,6,0,[[6666,0],[6664,0],[6921,0],[6920,0],[6409,0],]]
[6666,16,0,[[6665,0],[6667,0],[6922,0],[6410,0],]]
[6667,5,0,[[6668,0],[6666,0],[6923,0],[6922,0],[6411,0],]]
[6668,1,0,[[6667,0],[6669,0],[6924,0],[6412,0],]]
[6669,16,0,[[6670,0],[6668,0],[6925,0],[6924,0],[6413,0],]]
[6670,10,0,[[6669,0],[6671,0],[6926,0],[6414,0],]]
[6671,2,0,[[6672,0],[6670,0],[6927,0],[6926,0],[6415,0],]]
[6672,4,0,[[6671,0],[6673,0],[6928,0],[6416,0],]]
[6673,15,0,[[6674,0],[6672,0],[6929,0],[6928,0],[6417,0],]]
[6674,12,0,[[6673,0],[6675,0],[6930,0],[6418,0],]]
[6675,19,0,[[6676,0],[6674,0],[6931,0],[6930,0],[6419,0],]]
[6676,16,0,[[6675,0],[6677,0],[6932,0],[6420,0],]]
[6677,9,0,[[6678,0],[6676,0],[6933,0],[6932,0],[6421,0],]]
[6678,16,0,[[6677,0],[6679,0],[6934,0],[6422,0],]]
[6679,3,0,[[6680,0],[6678,0],[6935,0],[6934,0],[6423,0],]]
[6680,15,0,[[6679,0],[6681,0],[6936,0],[6424,0],]]
[6681,10,0,[[6682,0],[6680,0],[6937,0],[6936,0],[6425,0],]]
[6682,11,0,[[6681,0],[6683,0],[6938,0],[6426,0],]]
[6683,14,0,[[6684,0],[6682,0],[6939,0],[6938,0],[6427,0],]]
[6684,4,0,[[6683,0],[6685,0],[6940,0],[6428,0],]]
[6685,8,0,[[6686,0],[6684,0],[6941,0],[6940,0],[6429,0],]]
[6686,7,0,[[6685,0],[6687,0],[6942,0],[6430,0],]]
[6687,1,0,[[6688,0],[6686,0],[6943,0],[6942,0],[6431,0],]]
[6688,8,1,[[6687,0],[6689,0],[6944,0],[6432,0],]]
[6689,1,1,[[6690,0],[6688,0],[6945,0],[6944,0],[6433,0],]]
[6690,2,1,[[6689,0],[6691,0],[6946,0],[6434,0],]]
[6691,15,1,[[6692,0],[6690,0],[6947,0],[6946,0],[6435,0],]]
[6692,10,1,[[6691,0],[6693,0],[6948,0],[6436,0],]]
[6693,1,1,[[6694,0],[6692,0],[6949,0],[6948,0],[6437,0],]]
[6694,1,1,[[6693,0],[6695,0],[6950,0],[6438,0],]]
[6695,11,1,[[6696,0],[6694,0],[6951,0],[6950,0],[6439,0],]]
[6696,2,1,[[6695,0],[6697,0],[6952,0],[6440,0],]]
[6697,11,1,[[6698,0],[6696,0],[6953,0],[6952,0],[6441,0],]]
[6698,7,1,[[6697,0],[6699,0],[6954,0],[6442,0],]]
[6699,18,1,[[6700,0],[6698,0],[6955,0],[6954,0],[6443,0],]]
[6700,6,1,[[6699,0],[6701,0],[6956,0],[6444,0],]]
[6701,6,1,[[6702,0],[6700,0],[6957,0],[6956,0],[6445,0],]]
[6702,16,1,[[6701,0],[6703,0],[6958,0],[6446,0],]]
[6703,7,1,[[6704,0],[6702,0],[6959,0],[6958,0],[6447,0],]]
[6704,13,1,[[6703,0],[6705,0],[6960,0],[6448,0],]]
[6705,10,1,[[6706,0],[6704,0],[6961,0],[6960,0],[6449,0],]]
[6706,1,1,[[6705,0],[6707,0],[6962,0],[6450,0],]]
[6707,9,1,[[6708,0],[6706,0],[6963,0],[6962,0],[6451,0],]]
[6708,2,1,[[6707,0],[6709,0],[6964,0],[6452,0],]]
[6709,12,1,[[6710,0],[6708,0],[6965,0],[6964,0],[6453,0],]]
[6710,10,1,[[6709,0],[6711,0],[6966,0],[6454,0],]]
[6711,10,1,[[6712,0],[6710,0],[6967,0],[6966,0],[6455,0],]]
[6712,2,1,[[6711,0],[6713,0],[6968,0],[6456,0],]]
[6713,3,1,[[6714,0],[6712,0],[6969,0],[6968,0],[6457,0],]]
[6714,11,1,[[6713,0],[6715,0],[6970,0],[6458,0],]]
[6715,17,1,[[6716,0],[6714,0],[6971,0],[6970,0],[6459,0],]]
[6716,9,1,[[6715,0],[6717,0],[6972,0],[6460,0],]]
[6717,14,1,[[6718,0],[6716,0],[6973,0],[6972,0],[6461,0],]]
[6718,10,1,[[6717,0],[6719,0],[6974,0],[6462,0],]]
[6719,10,1,[[6720,0],[6718,0],[6975,0],[6974,0],[6463,0],]]
[6720,16,2,[[6719,0],[6721,0],[6976,0],[6464,0],]]
[6721,8,2,[[6722,0],[6720,0],[6977,0],[6976,0],[6465,0],]]
[6722,13,2,[[6721,0],[6723,0],[6978,0],[6466,0],]]
[6723,16,2,[[6724,0],[6722,0],[6979,0],[6978,0],[6467,0],]]
[6724,7,2,[[6723,0],[6725,0],[6980,0],[6468,0],]]
[6725,7,2,[[6726,0],[6724,0],[6981,0],[6980,0],[6469,0],]]
[6726,5,2,[[6725,0],[6727,0],[6982,0],[6470,0],]]
[6727,10,2,[[6728,0],[6726,0],[6983,0],[6982,0],[6471,0],]]
[6728,8,2,[[6727,0],[6729,0],[6984,0],[6472,0],]]
[6729,15,2,[[6730,0],[6728,0],[6985,0],[6984,0],[6473,0],]]
[6730,2,2,[[6729,0],[6731,0],[6986,0],[6474,0],]]
[6731,7,2,[[6732,0],[6730,0],[6987,0],[6986,0],[6475,0],]]
[6732,7,2,[[6731,0],[6733,0],[6988,0],[6476,0],]]
[6733,3,2,[[6734,0],[6732,0],[6989,0],[6988,0],[6477,0],]]
[6734,15,2,[[6733,0],[6735,0],[6990,0],[6478,0],]]
[6735,3,2,[[6736,0],[6734,0],[6991,0],[6990,0],[6479,0],]]
[6736,11,2,[[6735,0],[6737,0],[6992,0],[6480,0],]]
[6737,14,2,[[6738,0],[6736,0],[6993,0],[6992,0],[6481,0],]]
[6738,14,2,[[6737,0],[6739,0],[6994,0],[6482,0],]]
[6739,15,2,[[6740,0],[6738,0],[6995,0],[6994,0],[6483,0],]]
[6740,19,2,[[6739,0],[6741,0],[6996,0],[6484,0],]]
[6741,8,2,[[6742,0],[6740,0],[6997,0],[6996,0],[6485,0],]]
[6742,12,2,[[6741,0],[6743,0],[6998,0],[6486,0],]]
[6743,15,2,[[6744,0],[6742,0],[6999,0],[6998,0],[6487,0],]]
[6744,9,2,[[6743,0],[6745,0],[7000,0],[6488,0],]]
[6745,12,2,[[6746,0],[6744,0],[7001,0],[7000,0],[6489,0],]]
[6746,15,2,[[6745,0],[6747,0],[7002,0],[6490,0],]]
[6747,13,2,[[6748,0],[6746,0],[7003,0],[7002,0],[6491,0],]]
[6748,2,2,[[6747,0],[6749,0],[7004,0],[6492,0],]]
[6749,9,2,[[6750,0],[6748,0],[7005,0],[7004,0],[6493,0],]]
[6750,13,2,[[6749,0],[6751,0],[7006,0],[6494,0],]]
[6751,12,2,[[6752,0],[6750,0],[7007,0],[7006,0],[6495,0],]]
[6752,17,3,[[6751,0],[6753,0],[7008,0],[6496,0],]]
[6753,3,3,[[6754,0],[6752,0],[7009,0],[7008,0],[6497,0],]]
[6754,11,3,[[6753,0],[6755,0],[7010,0],[6498,0],]]
[6755,18,3,[[6756,0],[6754,0],[7011,0],[7010,0],[6499,0],]]
[6756,19,3,[[6755,0],[6757,0],[7012,0],[6500,0],]]
[6757,17,3,[[6758,0],[6756,0],[7013,0],[7012,0],[6501,0],]]
[6758,9,3,[[6757,0],[6759,0],[7014,0],[6502,0],]]
[6759,15,3,[[6760,0],[6758,0],[7015,0],[7014,0],[6503,0],]]
[6760,5,3,[[6759,0],[6761,0],[7016,0],[6504,0],]]
[6761,18,3,[[6762,0],[6760,0],[7017,0],[7016,0],[6505,0],]]
[6762,12,3,[[6761,0],[6763,0],[7018,0],[6506,0],]]
[6763,7,3,[[6764,0],[6762,0],[7019,0],[7018,0],[6507,0],]]
[6764,9,3,[[6763,0],[6765,0],[7020,0],[6508,0],]]
[6765,4,3,[[6766,0],[6764,0],[7021,0],[7020,0],[6509,0],]]
[6766,10,3,[[6765,0],[6767,0],[7022,0],[6510,0],]]
[6767,12,3,[[6768,0],[6766,0],[7023,0],[7022,0],[6511,0],]]
[6768,17,3,[[6767,0],[6769,0],[7024,0],[6512,0],]]
[6769,14,3,[[6770,0],[6768,0],[7025,0],[7024,0],[6513,0],]]
[6770,5,3,[[6769,0],[6771,0],[7026,0],[6514,0],]]
[6771,2,3,[[6772,0],[6770,0],[7027,0],[7026,0],[6515,0],]]
[6772,1,3,[[6771,0],[6773,0],[7028,0],[6516,0],]]
[6773,5,3,[[6774,0],[6772,0],[7029,0],[7028,0],[6517,0],]]
[6774,2,3,[[6773,0],[6775,0],[7030,0],[6518,0],]]
[6775,7,3,[[6776,0],[6774,0],[7031,0],[7030,0],[6519,0],]]
[6776,11,3,[[6775,0],[6777,0],[7032,0],[6520,0],]]
[6777,2,3,[[6778,0],[6776,0],[7033,0],[7032,0],[6521,0],]]
[6778,5,3,[[6777,0],[6779,0],[7034,0],[6522,0],]]
[6779,16,3,[[6780,0],[6778,0],[7035,0],[7034,0],[6523,0],]]
[6780,9,3,[[6779,0],[6781,0],[7036,0],[6524,0],]]
[6781,16,3,[[6782,0],[6780,0],[7037,0],[7036,0],[6525,0],]]
[6782,7,3,[[6781,0],[6783,0],[7038,0],[6526,0],]]
[6783,1,3,[[6784,0],[6782,0],[7039,0],[7038,0],[6527,0],]]
[6784,16,4,[[6783,0],[6785,0],[7040,0],[6528,0],]]
[6785,11,4,[[6786,0],[6784,0],[7041,0],[7040,0],[6529,0],]]
[6786,9,4,[[6785,0],[6787,0],[7042,0],[6530,0],]]
[6787,13,4,[[6788,0],[6786,0],[7043,0],[7042,0],[6531,0],]]
[6788,11,4,[[6787,0],[6789,0],[7044,0],[6532,0],]]
[6789,16,4,[[6790,0],[6788,0],[7045,0],[7044,0],[6533,0],]]
[6790,7,4,[[6789,0],[6791,0],[7046,0],[6534,0],]]
[6791,6,4,[[6792,0],[6790,0],[7047,0],[7046,0],[6535,0],]]
[6792,1,4,[[6791,0],[6793,0],[7048,0],[6536,0],]]
[6793,1,4,[[6794,0],[6792,0],[7049,0],[7048,0],[6537,0],]]
[6794,13,4,[[6793,0],[6795,0],[7050,0],[6538,0],]]
[6795,2,4,[[6796,0],[6794,0],[7051,0],[7050,0],[6539,0],]]
[6796,1,4,[[6795,0],[6797,0],[7052,0],[6540,0],]]
[6797,13,4,[[6798,0],[6796,0],[7053,0],[7052,0],[6541,0],]]
[6798,18,4,[[6797,0],[6799,0],[7054,0],[6542,0],]]
[6799,7,4,[[6800,0],[6798,0],[7055,0],[7054,0],[6543,0],]]
[6800,12,4,[[6799,0],[6801,0],[7056,0],[6544,0],]]
[6801,6,4,[[6802,0],[6800,0],[7057,0],[7056,0],[6545,0],]]
[6802,11,4,[[6801,0],[6803,0],[7058,0],[6546,0],]]
[6803,12,4,[[6804,0],[6802,0],[7059,0],[7058,0],[6547,0],]]
[6804,9,4,[[6803,0],[6805,0],[7060,0],[6548,0],]]
[6805,18,4,[[6806,0],[6804,0],[7061,0],[7060,0],[6549,0],]]
[6806,15,4,[[6805,0],[6807,0],[7062,0],[6550,0],]]
[6807,13,4,[[6808,0],[6806,0],[7063,0],[7062,0],[6551,0],]]
[6808,13,4,[[6807,0],[6809,0],[7064,0],[6552,0],]]
[6809,16,4,[[6810,0],[6808,0],[7065,0],[7064,0],[6553,0],]]
[6810,19,4,[[6809,0],[6811,0],[7066,0],[6554,0],]]
[6811,6,4,[[6812,0],[6810,0],[7067,0],[7066,0],[6555,0],]]
[6812,14,4,[[6811,0],[6813,0],[7068,0],[6556,0],]]
[6813,9,4,[[6814,0],[6812,0],[7069,0],[7068,0],[6557,0],]]
[6814,18,4,[[6813,0],[6815,0],[7070,0],[6558,0],]]
[6815,8,4,[[6816,0],[6814,0],[7071,0],[7070,0],[6559,0],]]
[6816,7,5,[[6815,0],[6817,0],[7072,0],[6560,0],]]
[6817,4,5,[[6818,0],[6816,0],[7073,0],[7072,0],[6561,0],]]
[6818,4,5,[[6817,0],[6819,0],[7074,0],[6562,0],]]
[6819,17,5,[[6820,0],[6818,0],[7075,0],[7074,0],[6563,0],]]
[6820,2,5,[[6819,0],[6821,0],[7076,0],[6564,0],]]
[6821,10,5,[[6822,0],[6820,0],[7077,0],[7076,0],[6565,0],]]
[6822,11,5,[[6821,0],[6823,0],[7078,0],[6566,0],]]
[6823,1,5,[[6824,0],[6822,0],[7079,0],[7078,0],[6567,0],]]
[6824,8,5,[[6823,0],[6825,0],[7080,0],[6568,0],]]
[6825,2,5,[[6826,0],[6824,0],[7081,0],[7080,0],[6569,0],]]
[6826,6,5,[[6825,0],[6827,0],[7082,0],[6570,0],]]
[6827,6,5,[[6828,0],[6826,0],[7083,0],[7082,0],[6571,0],]]
[6828,7,5,[[6827,0],[6829,0],[7084,0],[6572,0],]]
[6829,13,5,[[6830,0],[6828,0],[7085,0],[7084,0],[6573,0],]]
[6830,19,5,[[6829,0],[6831,0],[7086,0],[6574,0],]]
[6831,13,5,[[6832,0],[6830,0],[7087,0],[7086,0],[6575,0],]]
[6832,4,5,[[6831,0],[6833,0],[7088,0],[6576,0],]]
[6833,3,5,[[6834,0],[6832,0],[7089,0],[7088,0],[6577,0],]]
[6834,11,5,[[6833,0],[6835,0],[7090,0],[6578,0],]]
[6835,11,5,[[6836,0],[6834,0],[7091,0],[7090,0],[6579,0],]]
[6836,19,5,[[6835,0],[6837,0],[7092,0],[6580,0],]]
[6837,4,5,[[6838,0],[6836,0],[7093,0],[7092,0],[6581,0],]]
[6838,19,5,[[6837,0],[6839,0],[7094,0],[6582,0],]]
[6839,14,5,[[6840,0],[6838,0],[7095,0],[7094,0],[6583,0],]]
[6840,6,5,[[6839,0],[6841,0],[7096,0],[6584,0],]]
[6841,17,5,[[6842,0],[6840,0],[7097,0],[7096,0],[6585,0],]]
[6842,4,5,[[6841,0],[6843,0],[7098,0],[6586,0],]]
[6843,19,5,[[6844,0],[6842,0],[7099,0],[7098,0],[6587,0],]]
[6844,15,5,[[6843,0],[6845,0],[7100,0],[6588,0],]]
[6845,2,5,[[6846,0],[6844,0],[7101,0],[7100,0],[6589,0],]]
[6846,10,5,[[6845,0],[6847,0],[7102,0],[6590,0],]]
[6847,7,5,[[6848,0],[6846,0],[7103,0],[7102,0],[6591,0],]]
[6848,9,6,[[6847,0],[6849,0],[7104,0],[6592,0],]]
[6849,1,6,[[6850,0],[6848,0],[7105,0],[7104,0],[6593,0],]]
[6850,1,6,[[6849,0],[6851,0],[7106,0],[6594,0],]]
[6851,6,6,[[6852,0],[6850,0],[7107,0],[7106,0],[6595,0],]]
[6852,6,6,[[6851,0],[6853,0],[7108,0],[6596,0],]]
[6853,19,6,[[6854,0],[6852,0],[7109,0],[7108,0],[6597,0],]]
[6854,14,6,[[6853,0],[6855,0],[7110,0],[6598,0],]]
[6855,11,6,[[6856,0],[6854,0],[7111,0],[7110,0],[6599,0],]]
[6856,6,6,[[6855,0],[6857,0],[7112,0],[6600,0],]]
[6857,8,6,[[6858,0],[6856,0],[7113,0],[7112,0],[6601,0],]]
[6858,4,6,[[6857,0],[6859,0],[7114,0],[6602,0],]]
[6859,9,6,[[6860,0],[6858,0],[7115,0],[7114,0],[6603,0],]]
[6860,1,6,[[6859,0],[6861,0],[7116,0],[6604,0],]]
[6861,2,6,[[6862,0],[6860,0],[7117,0],[7116,0],[6605,0],]]
[6862,14,6,[[6861,0],[6863,0],[7118,0],[6606,0],]]
[6863,5,6,[[6864,0],[6862,0],[7119,0],[7118,0],[6607,0],]]
[6864,2,6,[[6863,0],[6865,0],[7120,0],[6608,0],]]
[6865,5,6,[[6866,0],[6864,0],[7121,0],[7120,0],[6609,0],]]
[6866,18,6,[[6865,0],[6867,0],[7122,0],[6610,0],]]
[6867,5,6,[[6868,0],[6866,0],[7123,0],[7122,0],[6611,0],]]
[6868,7,6,[[6867,0],[6869,0],[7124,0],[6612,0],]]
[6869,1,6,[[6870,0],[6868,0],[7125,0],[7124,0],[6613,0],]]
[6870,19,6,[[6869,0],[6871,0],[7126,0],[6614,0],]]
[6871,3,6,[[6872,0],[6870,0],[7127,0],[7126,0],[6615,0],]]
[6872,9,6,[[6871,0],[6873,0],[7128,0],[6616,0],]]
[6873,14,6,[[6874,0],[6872,0],[7129,0],[7128,0],[6617,0],]]
[6874,2,6,[[6873,0],[6875,0],[7130,0],[6618,0],]]
[6875,15,6,[[6876,0],[6874,0],[7131,0],[7130,0],[6619,0],]]
[6876,15,6,[[6875,0],[6877,0],[7132,0],[6620,0],]]
[6877,11,6,[[6878,0],[6876,0],[7133,0],[7132,0],[6621,0],]]
[6878,10,6,[[6877,0],[6879,0],[7134,0],[6622,0],]]
[6879,2,6,[[6880,0],[6878,0],[7135,0],[7134,0],[6623,0],]]
[6880,5,7,[[6879,0],[6881,0],[7136,0],[6624,0],]]
[6881,3,7,[[6882,0],[6880,0],[7137,0],[7136,0],[6625,0],]]
[6882,12,7,[[6881,0],[6883,0],[7138,0],[6626,0],]]
[6883,2,7,[[6884,0],[6882,0],[7139,0],[7138,0],[6627,0],]]
[6884,9,7,[[6883,0],[6885,0],[7140,0],[6628,0],]]
[6885,2,7,[[6886,0],[6884,0],[7141,0],[7140,0],[6629,0],]]
[6886,18,7,[[6885,0],[6887,0],[7142,0],[6630,0],]]
[6887,6,7,[[6888,0],[6886,0],[7143,0],[7142,0],[6631,0],]]
[6888,4,7,[[6887,0],[6889,0],[7144,0],[6632,0],]]
[6889,2,7,[[6890,0],[6888,0],[7145,0],[7144,0],[6633,0],]]
[6890,9,7,[[6889,0],[6891,0],[7146,0],[6634,0],]]
[6891,18,7,[[6892,0],[6890,0],[7147,0],[7146,0],[6635,0],]]
[6892,16,7,[[6891,0],[6893,0],[7148,0],[6636,0],]]
[6893,18,7,[[6894,0],[6892,0],[7149,0],[7148,0],[6637,0],]]
[6894,15,7,[[6893,0],[6895,0],[7150,0],[6638,0],]]
[6895,11,7,[[6896,0],[6894,0],[7151,0],[7150,0],[6639,0],]]
[6896,19,7,[[6895,0],[6897,0],[7152,0],[6640,0],]]
[6897,8,7,[[6898,0],[6896,0],[7153,0],[7152,0],[6641,0],]]
[6898,4,7,[[6897,0],[6899,0],[7154,0],[6642,0],]]
[6899,12,7,[[6900,0],[6898,0],[7155,0],[7154,0],[6643,0],]]
[6900,12,7,[[6899,0],[6901,0],[7156,0],[6644,0],]]
[6901,2,7,[[6902,0],[6900,0],[7157,0],[7156,0],[6645,0],]]
[6902,15,7,[[6901,0],[6903,0],[7158,0],[6646,0],]]
[6903,19,7,[[6904,0],[6902,0],[7159,0],[7158,0],[6647,0],]]
[6904,17,7,[[6903,0],[6905,0],[7160,0],[6648,0],]]
[6905,16,7,[[6906,0],[6904,0],[7161,0],[7160,0],[6649,0],]]
[6906,9,7,[[6905,0],[6907,0],[7162,0],[6650,0],]]
[6907,15,7,[[6908,0],[6906,0],[7163,0],[7162,0],[6651,0],]]
[6908,1,7,[[6907,0],[6909,0],[7164,0],[6652,0],]]
[6909,12,7,[[6910,0],[6908,0],[7165,0],[7164,0],[6653,0],]]
[6910,14,7,[[6909,0],[6911,0],[7166,0],[6654,0],]]
[6911,12,7,[[6910,0],[7167,0],[7166,0],[6655,0],]]
[6912,11,0,[[6913,0],[6656,0],[6657,0],[7168,0],]]
[6913,9,0,[[6914,0],[6912,0],[6657,0],[7169,0],]]
[6914,1,0,[[6913,0],[6915,0],[6658,0],[6659,0],[7170,0],]]
[6915,8,0,[[6916,0],[6914,0],[6659,0],[7171,0],]]
[6916,9,0,[[6915,0],[6917,0],[6660,0],[6661,0],[7172,0],]]
[6917,12,0,[[6918,0],[6916,0],[6661,0],[7173,0],]]
[6918,13,0,[[6917,0],[6919,0],[6662,0],[6663,0],[7174,0],]]
[6919,8,0,[[6920,0],[6918,0],[6663,0],[7175,0],]]
[6920,3,0,[[6919,0],[6921,0],[6664,0],[6665,0],[7176,0],]]
[6921,19,0,[[6922,0],[6920,0],[6665,0],[7177,0],]]
[6922,11,0,[[6921,0],[6923,0],[6666,0],[6667,0],[7178,0],]]
[6923,10,0,[[6924,0],[6922,0],[6667,0],[7179,0],]]
[6924,4,0,[[6923,0],[6925,0],[6668,0],[6669,0],[7180,0],]]
[6925,5,0,[[6926,0],[6924,0],[6669,0],[7181,0],]]
[6926,13,0,[[6925,0],[6927,0],[6670,0],[6671,0],[7182,0],]]
[6927,1,0,[[6928,0],[6926,0],[6671,0],[7183,0],]]
[6928,2,0,[[6927,0],[6929,0],[6672,0],[6673,0],[7184,0],]]
[6929,16,0,[[6930,0],[6928,0],[6673,0],[7185,0],]]
[6930,8,0,[[6929,0],[6931,0],[6674,0],[6675,0],[7186,0],]]
[6931,7,0,[[6932,0],[6930,0],[6675,0],[7187,0],]]
[6932,7,0,[[6931,0],[6933,0],[6676,0],[6677,0],[7188,0],]]
[6933,4,0,[[6934,0],[6932,0],[6677,0],[7189,0],]]
[6934,1,0,[[6933,0],[6935,0],[6678,0],[6679,0],[7190,0],]]
[6935,9,0,[[6936,0],[6934,0],[6679,0],[7191,0],]]
[6936,14,0,[[6935,0],[6937,0],[6680,0],[6681,0],[7192,0],]]
[6937,17,0,[[6938,0],[6936,0],[6681,0],[7193,0],]]
[6938,2,0,[[6937,0],[6939,0],[6682,0],[6683,0],[7194,0],]]
[6939,3,0,[[6940,0],[6938,0],[6683,0],[7195,0],]]
[6940,18,0,[[6939,0],[6941,0],[6684,0],[6685,0],[7196,0],]]
[6941,17,0,[[6942,0],[6940,0],[6685,0],[7197,0],]]
[6942,11,0,[[6941,0],[6943,0],[6686,0],[6687,0],[7198,0],]]
[6943,9,0,[[6944,0],[6942,0],[6687,0],[7199,0],]]
[6944,1,1,[[6943,0],[6945,0],[6688,0],[6689,0],[7200,0],]]
[6945,16,1,[[6946,0],[6944,0],[6689,0],[7201,0],]]
[6946,10,1,[[6945,0],[6947,0],[6690,0],[6691,0],[7202,0],]]
[6947,16,1,[[6948,0],[6946,0],[6691,0],[7203,0],]]
[6948,10,1,[[6947,0],[6949,0],[6692,0],[6693,0],[7204,0],]]
[6949,1,1,[[6950,0],[6948,0],[6693,0],[7205,0],]]
[6950,11,1,[[6949,0],[6951,0],[6694,0],[6695,0],[7206,0],]]
[6951,14,1,[[6952,0],[6950,0],[6695,0],[7207,0],]]
[6952,17,1,[[6951,0],[6953,0],[6696,0],[6697,0],[7208,0],]]
[6953,1,1,[[6954,0],[6952,0],[6697,0],[7209,0],]]
[6954,13,1,[[6953,0],[6955,0],[6698,0],[6699,0],[7210,0],]]
[6955,10,1,[[6956,0],[6954,0],[6699,0],[7211,0],]]
[6956,11,1,[[6955,0],[6957,0],[6700,0],[6701,0],[7212,0],]]
[6957,9,1,[[6958,0],[6956,0],[6701,0],[7213,0],]]
[6958,15,1,[[6957,0],[6959,0],[6702,0],[6703,0],[7214,0],]]
[6959,4,1,[[6960,0],[6958,0],[6703,0],[7215,0],]]
[6960,1,1,[[6959,0],[6961,0],[6704,0],[6705,0],[7216,0],]]
[6961,14,1,[[6962,0],[6960,0],[6705,0],[7217,0],]]
[6962,13,1,[[6961,0],[6963,0],[6706,0],[6707,0],[7218,0],]]
[6963,9,1,[[6964,0],[6962,0],[6707,0],[7219,0],]]
[6964,15,1,[[6963,0],[6965,0],[6708,0],[6709,0],[7220,0],]]
[6965,7,1,[[6966,0],[6964,0],[6709,0],[7221,0],]]
[6966,18,1,[[6965,0],[6967,0],[6710,0],[6711,0],[7222,0],]]
[6967,18,1,[[6968,0],[6966,0],[6711,0],[7223,0],]]
[6968,12,1,[[6967,0],[6969,0],[6712,0],[6713,0],[7224,0],]]
[6969,9,1,[[6970,0],[6968,0],[6713,0],[7225,0],]]
[6970,6,1,[[6969,0],[6971,0],[6714,0],[6715,0],[7226,0],]]
[6971,8,1,[[6972,0],[6970,0],[6715,0],[7227,0],]]
[6972,8,1,[[6971,0],[6973,0],[6716,0],[6717,0],[7228,0],]]
[6973,4,1,[[6974,0],[6972,0],[6717,0],[7229,0],]]
[6974,15,1,[[6973,0],[6975,0],[6718,0],[6719,0],[7230,0],]]
[6975,17,1,[[6976,0],[6974,0],[6719,0],[7231,0],]]
[6976,3,2,[[6975,0],[6977,0],[6720,0],[6721,0],[7232,0],]]
[6977,4,2,[[6978,0],[6976,0],[6721,0],[7233,0],]]
[6978,17,2,[[6977,0],[6979,0],[6722,0],[6723,0],[7234,0],]]
[6979,1,2,[[6980,0],[6978,0],[6723,0],[7235,0],]]
[6980,4,2,[[6979,0],[6981,0],[6724,0],[6725,0],[7236,0],]]
[6981,9,2,[[6982,0],[6980,0],[6725,0],[7237,0],]]
[6982,13,2,[[6981,0],[6983,0],[6726,0],[6727,0],[7238,0],]]
[6983,11,2,[[6984,0],[6982,0],[6727,0],[7239,0],]]
[6984,18,2,[[6983,0],[6985,0],[6728,0],[6729,0],[7240,0],]]
[6985,12,2,[[6986,0],[6984,0],[6729,0],[7241,0],]]
[6986,5,2,[[6985,0],[6987,0],[6730,0],[6731,0],[7242,0],]]
[6987,13,2,[[6988,0],[6986,0],[6731,0],[7243,0],]]
[6988,9,2,[[6987,0],[6989,0],[6732,0],[6733,0],[7244,0],]]
[6989,1,2,[[6990,0],[6988,0],[6733,0],[7245,0],]]
[6990,17,2,[[6989,0],[6991,0],[6734,0],[6735,0],[7246,0],]]
[6991,9,2,[[6992,0],[6990,0],[6735,0],[7247,0],]]
[6992,18,2,[[6991,0],[6993,0],[6736,0],[6737,0],[7248,0],]]
[6993,9,2,[[6994,0],[6992,0],[6737,0],[7249,0],]]
[6994,4,2,[[6993,0],[6995,0],[6738,0],[6739,0],[7250,0],]]
[6995,2,2,[[6996,0],[6994,0],[6739,0],[7251,0],]]
[6996,8,2,[[6995,0],[6997,0],[6740,0],[6741,0],[7252,0],]]
[6997,9,2,[[6998,0],[6996,0],[6741,0],[7253,0],]]
[6998,4,2,[[6997,0],[6999,0],[6742,0],[6743,0],[7254,0],]]
[6999,16,2,[[7000,0],[6998,0],[6743,0],[7255,0],]]
[7000,5,2,[[6999,0],[7001,0],[6744,0],[6745,0],[7256,0],]]
[7001,4,2,[[7002,0],[7000,0],[6745,0],[7257,0],]]
[7002,14,2,[[7001,0],[7003,0],[6746,0],[6747,0],[7258,0],]]
[7003,15,2,[[7004,0],[7002,0],[6747,0],[7259,0],]]
[7004,5,2,[[7003,0],[7005,0],[6748,0],[6749,0],[7260,0],]]
[7005,18,2,[[7006,0],[7004,0],[6749,0],[7261,0],]]
[7006,8,2,[[7005,0],[7007,0],[6750,0],[6751,0],[7262,0],]]
[7007,5,2,[[7008,0],[7006,0],[6751,0],[7263,0],]]
[7008,11,3,[[7007,0],[7009,0],[6752,0],[6753,0],[7264,0],]]
[7009,16,3,[[7010,0],[7008,0],[6753,0],[7265,0],]]
[7010,12,3,[[7009,0],[7011,0],[6754,0],[6755,0],[7266,0],]]
[7011,2,3,[[7012,0],[7010,0],[6755,0],[7267,0],]]
[7012,6,3,[[7011,0],[7013,0],[6756,0],[6757,0],[7268,0],]]
[7013,7,3,[[7014,0],[7012,0],[6757,0],[7269,0],]]
[7014,6,3,[[7013,0],[7015,0],[6758,0],[6759,0],[7270,0],]]
[7015,12,3,[[7016,0],[7014,0],[6759,0],[7271,0],]]
[7016,18,3,[[7015,0],[7017,0],[6760,0],[6761,0],[7272,0],]]
[7017,1,3,[[7018,0],[7016,0],[6761,0],[7273,0],]]
[7018,13,3,[[7017,0],[7019,0],[6762,0],[6763,0],[7274,0],]]
[7019,5,3,[[7020,0],[7018,0],[6763,0],[7275,0],]]
[7020,1,3,[[7019,0],[7021,0],[6764,0],[6765,0],[7276,0],]]
[7021,5,3,[[7022,0],[7020,0],[6765,0],[7277,0],]]
[7022,16,3,[[7021,0],[7023,0],[6766,0],[6767,0],[7278,0],]]
[7023,4,3,[[7024,0],[7022,0],[6767,0],[7279,0],]]
[7024,14,3,[[7023,0],[7025,0],[6768,0],[6769,0],[7280,0],]]
[7025,10,3,[[7026,0],[7024,0],[6769,0],[7281,0],]]
[7026,5,3,[[7025,0],[7027,0],[6770,0],[6771,0],[7282,0],]]
[7027,15,3,[[7028,0],[7026,0],[6771,0],[7283,0],]]
[7028,6,3,[[7027,0],[7029,0],[6772,0],[6773,0],[7284,0],]]
[7029,4,3,[[7030,0],[7028,0],[6773,0],[7285,0],]]
[7030,16,3,[[7029,0],[7031,0],[6774,0],[6775,0],[7286,0],]]
[7031,17,3,[[7032,0],[7030,0],[6775,0],[7287,0],]]
[7032,5,3,[[7031,0],[7033,0],[6776,0],[6777,0],[7288,0],]]
[7033,3,3,[[7034,0],[7032,0],[6777,0],[7289,0],]]
[7034,2,3,[[7033,0],[7035,0],[6778,0],[6779,0],[7290,0],]]
[7035,3,3,[[7036,0],[7034,0],[6779,0],[7291,0],]]
[7036,17,3,[[7035,0],[7037,0],[6780,0],[6781,0],[7292,0],]]
[7037,12,3,[[7038,0],[7036,0],[6781,0],[7293,0],]]
[7038,10,3,[[7037,0],[7039,0],[6782,0],[6783,0],[7294,0],]]
[7039,18,3,[[7040,0],[7038,0],[6783,0],[7295,0],]]
[7040,17,4,[[7039,0],[7041,0],[6784,0],[6785,0],[7296,0],]]
[7041,19,4,[[7042,0],[7040,0],[6785,0],[7297,0],]]
[7042,4,4,[[7041,0],[7043,0],[6786,0],[6787,0],[7298,0],]]
[7043,3,4,[[7044,0],[7042,0],[6787,0],[7299,0],]]
[7044,8,4,[[7043,0],[7045,0],[6788,0],[6789,0],[7300,0],]]
[7045,11,4,[[7046,0],[7044,0],[6789,0],[7301,0],]]
[7046,4,4,[[7045,0],[7047,0],[6790,0],[6791,0],[7302,0],]]
[7047,11,4,[[7048,0],[7046,0],[6791,0],[7303,0],]]
[7048,19,4,[[7047,0],[7049,0],[6792,0],[6793,0],[7304,0],]]
[7049,4,4,[[7050,0],[7048,0],[6793,0],[7305,0],]]
[7050,4,4,[[7049,0],[7051,0],[6794,0],[6795,0],[7306,0],]]
[7051,6,4,[[7052,0],[7050,0],[6795,0],[7307,0],]]
[7052,18,4,[[7051,0],[7053,0],[6796,0],[6797,0],[7308,0],]]
[7053,17,4,[[7054,0],[7052,0],[6797,0],[7309,0],]]
[7054,18,4,[[7053,0],[7055,0],[6798,0],[6799,0],[7310,0],]]
[7055,17,4,[[7056,0],[7054,0],[6799,0],[7311,0],]]
[7056,3,4,[[7055,0],[7057,0],[6800,0],[6801,0],[7312,0],]]
[7057,3,4,[[7058,0],[7056,0],[6801,0],[7313,0],]]
[7058,18,4,[[7057,0],[7059,0],[6802,0],[6803,0],[7314,0],]]
[7059,2,4,[[7060,0],[7058,0],[6803,0],[7315,0],]]
[7060,3,4,[[7059,0],[7061,0],[6804,0],[6805,0],[7316,0],]]
[7061,13,4,[[7062,0],[7060,0],[6805,0],[7317,0],]]
[7062,19,4,[[7061,0],[7063,0],[6806,0],[6807,0],[7318,0],]]
[7063,10,4,[[7064,0],[7062,0],[6807,0],[7319,0],]]
[7064,19,4,[[7063,0],[7065,0],[6808,0],[6809,0],[7320,0],]]
[7065,17,4,[[7066,0],[7064,0],[6809,0],[7321,0],]]
[7066,12,4,[[7065,0],[7067,0],[6810,0],[6811,0],[7322,0],]]
[7067,13,4,[[7068,0],[7066,0],[6811,0],[7323,0],]]
[7068,16,4,[[7067,0],[7069,0],[6812,0],[6813,0],[7324,0],]]
[7069,6,4,[[7070,0],[7068,0],[6813,0],[7325,0],]]
[7070,17,4,[[7069,0],[7071,0],[6814,0],[6815,0],[7326,0],]]
[7071,12,4,[[7072,0],[7070,0],[6815,0],[7327,0],]]
[7072,16,5,[[7071,0],[7073,0],[6816,0],[6817,0],[7328,0],]]
[7073,8,5,[[7074,0],[7072,0],[6817,0],[7329,0],]]
[7074,1,5,[[7073,0],[7075,0],[6818,0],[6819,0],[7330,0],]]
[7075,12,5,[[7076,0],[7074,0],[6819,0],[7331,0],]]
[7076,6,5,[[7075,0],[7077,0],[6820,0],[6821,0],[7332,0],]]
[7077,4,5,[[7078,0],[7076,0],[6821,0],[7333,0],]]
[7078,12,5,[[7077,0],[7079,0],[6822,0],[6823,0],[7334,0],]]
[7079,18,5,[[7080,0],[7078,0],[6823,0],[7335,0],]]
[7080,3,5,[[7079,0],[7081,0],[6824,0],[6825,0],[7336,0],]]
[7081,17,5,[[7082,0],[7080,0],[6825,0],[7337,0],]]
[7082,6,5,[[7081,0],[7083,0],[6826,0],[6827,0],[7338,0],]]
[7083,11,5,[[7084,0],[7082,0],[6827,0],[7339,0],]]
[7084,1,5,[[7083,0],[7085,0],[6828,0],[6829,0],[7340,0],]]
[7085,14,5,[[7086,0],[7084,0],[6829,0],[7341,0],]]
[7086,4,5,[[7085,0],[7087,0],[6830,0],[6831,0],[7342,0],]]
[7087,16,5,[[7088,0],[7086,0],[6831,0],[7343,0],]]
[7088,7,5,[[7087,0],[7089,0],[6832,0],[6833,0],[7344,0],]]
[7089,6,5,[[7090,0],[7088,0],[6833,0],[7345,0],]]
[7090,8,5,[[7089,0],[7091,0],[6834,0],[6835,0],[7346,0],]]
[7091,8,5,[[7092,0],[7090,0],[6835,0],[7347,0],]]
[7092,3,5,[[7091,0],[7093,0],[6836,0],[6837,0],[7348,0],]]
[7093,11,5,[[7094,0],[7092,0],[6837,0],[7349,0],]]
[7094,14,5,[[7093,0],[7095,0],[6838,0],[6839,0],[7350,0],]]
[7095,12,5,[[7096,0],[7094,0],[6839,0],[7351,0],]]
[7096,7,5,[[7095,0],[7097,0],[6840,0],[6841,0],[7352,0],]]
[7097,4,5,[[7098,0],[7096,0],[6841,0],[7353,0],]]
[7098,9,5,[[7097,0],[7099,0],[6842,0],[6843,0],[7354,0],]]
[7099,17,5,[[7100,0],[7098,0],[6843,0],[7355,0],]]
[7100,15,5,[[7099,0],[7101,0],[6844,0],[6845,0],[7356,0],]]
[7101,10,5,[[7102,0],[7100,0],[6845,0],[7357,0],]]
[7102,15,5,[[7101,0],[7103,0],[6846,0],[6847,0],[7358,0],]]
[7103,19,5,[[7104,0],[7102,0],[6847,0],[7359,0],]]
[7104,12,6,[[7103,0],[7105,0],[6848,0],[6849,0],[7360,0],]]
[7105,11,6,[[7106,0],[7104,0],[6849,0],[7361,0],]]
[7106,4,6,[[7105,0],[7107,0],[6850,0],[6851,0],[7362,0],]]
[7107,12,6,[[7108,0],[7106,0],[6851,0],[7363,0],]]
[7108,11,6,[[7107,0],[7109,0],[6852,0],[6853,0],[7364,0],]]
[7109,5,6,[[7110,0],[7108,0],[6853,0],[7365,0],]]
[7110,14,6,[[7109,0],[7111,0],[6854,0],[6855,0],[7366,0],]]
[7111,1,6,[[7112,0],[7110,0],[6855,0],[7367,0],]]
[7112,6,6,[[7111,0],[7113,0],[6856,0],[6857,0],[7368,0],]]
[7113,9,6,[[7114,0],[7112,0],[6857,0],[7369,0],]]
[7114,2,6,[[7113,0],[7115,0],[6858,0],[6859,0],[7370,0],]]
[7115,9,6,[[7116,0],[7114,0],[6859,0],[7371,0],]]
[7116,18,6,[[7115,0],[7117,0],[6860,0],[6861,0],[7372,0],]]
[7117,4,6,[[7118,0],[7116,0],[6861,0],[7373,0],]]
[7118,17,6,[[7117,0],[7119,0],[6862,0],[6863,0],[7374,0],]]
[7119,6,6,[[7120,0],[7118,0],[6863,0],[7375,0],]]
[7120,1,6,[[7119,0],[7121,0],[6864,0],[6865,0],[7376,0],]]
[7121,9,6,[[7122,0],[7120,0],[6865,0],[7377,0],]]
[7122,12,6,[[7121,0],[7123,0],[6866,0],[6867,0],[7378,0],]]
[7123,14,6,[[7124,0],[7122,0],[6867,0],[7379,0],]]
[7124,7,6,[[7123,0],[7125,0],[6868,0],[6869,0],[7380,0],]]
[7125,10,6,[[7126,0],[7124,0],[6869,0],[7381,0],]]
[7126,8,6,[[7125,0],[7127,0],[6870,0],[6871,0],[7382,0],]]
[7127,19,6,[[7128,0],[7126,0],[6871,0],[7383,0],]]
[7128,19,6,[[7127,0],[7129,0],[6872,0],[6873,0],[7384,0],]]
[7129,19,6,[[7130,0],[7128,0],[6873,0],[7385,0],]]
[7130,17,6,[[7129,0],[7131,0],[6874,0],[6875,0],[7386,0],]]
[7131,12,6,[[7132,0],[7130,0],[6875,0],[7387,0],]]
[7132,14,6,[[7131,0],[7133,0],[6876,0],[6877,0],[7388,0],]]
[7133,18,6,[[7134,0],[7132,0],[6877,0],[7389,0],]]
[7134,15,6,[[7133,0],[7135,0],[6878,0],[6879,0],[7390,0],]]
[7135,5,6,[[7136,0],[7134,0],[6879,0],[7391,0],]]
[7136,2,7,[[7135,0],[7137,0],[6880,0],[6881,0],[7392,0],]]
[7137,5,7,[[7138,0],[7136,0],[6881,0],[7393,0],]]
[7138,8,7,[[7137,0],[7139,0],[6882,0],[6883,0],[7394,0],]]
[7139,15,7,[[7140,0],[7138,0],[6883,0],[7395,0],]]
[7140,19,7,[[7139,0],[7141,0],[6884,0],[6885,0],[7396,0],]]
[7141,18,7,[[7142,0],[7140,0],[6885,0],[7397,0],]]
[7142,7,7,[[7141,0],[7143,0],[6886,0],[6887,0],[7398,0],]]
[7143,13,7,[[7144,0],[7142,0],[6887,0],[7399,0],]]
[7144,14,7,[[7143,0],[7145,0],[6888,0],[6889,0],[7400,0],]]
[7145,15,7,[[7146,0],[7144,0],[6889,0],[7401,0],]]
[7146,2,7,[[7145,0],[7147,0],[6890,0],[6891,0],[7402,0],]]
[7147,2,7,[[7148,0],[7146,0],[6891,0],[7403,0],]]
[7148,8,7,[[7147,0],[7149,0],[6892,0],[6893,0],[7404,0],]]
[7149,17,7,[[7150,0],[7148,0],[6893,0],[7405,0],]]
[7150,7,7,[[7149,0],[7151,0],[6894,0],[6895,0],[7406,0],]]
[7151,13,7,[[7152,0],[7150,0],[6895,0],[7407,0],]]
[7152,10,7,[[7151,0],[7153,0],[6896,0],[6897,0],[7408,0],]]
[7153,7,7,[[7154,0],[7152,0],[6897,0],[7409,0],]]
[7154,11,7,[[7153,0],[7155,0],[6898,0],[6899,0],[7410,0],]]
[7155,12,7,[[7156,0],[7154,0],[6899,0],[7411,0],]]
[7156,9,7,[[7155,0],[7157,0],[6900,0],[6901,0],[7412,0],]]
[7157,14,7,[[7158,0],[7156,0],[6901,0],[7413,0],]]
[7158,14,7,[[7157,0],[7159,0],[6902,0],[6903,0],[7414,0],]]
[7159,2,7,[[7160,0],[7158,0],[6903,0],[7415,0],]]
[7160,17,7,[[7159,0],[7161,0],[6904,0],[6905,0],[7416,0],]]
[7161,6,7,[[7162,0],[7160,0],[6905,0],[7417,0],]]
[7162,1,7,[[7161,0],[7163,0],[6906,0],[6907,0],[7418,0],]]
[7163,13,7,[[7164,0],[7162,0],[6907,0],[7419,0],]]
[7164,16,7,[[7163,0],[7165,0],[6908,0],[6909,0],[7420,0],]]
[7165,3,7,[[7166,0],[7164,0],[6909,0],[7421,0],]]
[7166,4,7,[[7165,0],[7167,0],[6910,0],[6911,0],[7422,0],]]
[7167,15,7,[[7166,0],[6911,0],[7423,0],]]
[7168,3,0,[[7169,0],[7424,0],[6912,0],]]
[7169,3,0,[[7170,0],[7168,0],[7425,0],[7424,0],[6913,0],]]
[7170,15,0,[[7169,0],[7171,0],[7426,0],[6914,0],]]
[7171,17,0,[[7172,0],[7170,0],[7427,0],[7426,0],[6915,0],]]
[7172,12,0,[[7171,0],[7173,0],[7428,0],[6916,0],]]
[7173,19,0,[[7174,0],[7172,0],[7429,0],[7428,0],[6917,0],]]
[7174,4,0,[[7173,0],[7175,0],[7430,0],[6918,0],]]
[7175,10,0,[[7176,0],[7174,0],[7431,0],[7430,0],[6919,0],]]
[7176,4,0,[[7175,0],[7177,0],[7432,0],[6920,0],]]
[7177,17,0,[[7178,0],[7176,0],[7433,0],[7432,0],[6921,0],]]
[7178,13,0,[[7177,0],[7179,0],[7434,0],[6922,0],]]
[7179,3,0,[[7180,0],[7178,0],[7435,0],[7434,0],[6923,0],]]
[7180,11,0,[[7179,0],[7181,0],[7436,0],[6924,0],]]
[7181,15,0,[[7182,0],[7180,0],[7437,0],[7436,0],[6925,0],]]
[7182,13,0,[[7181,0],[7183,0],[7438,0],[6926,0],]]
[7183,18,0,[[7184,0],[7182,0],[7439,0],[7438,0],[6927,0],]]
[7184,6,0,[[7183,0],[7185,0],[7440,0],[6928,0],]]
[7185,12,0,[[7186,0],[7184,0],[7441,0],[7440,0],[6929,0],]]
[7186,12,0,[[7185,0],[7187,0],[7442,0],[6930,0],]]
[7187,6,0,[[7188,0],[7186,0],[7443,0],[7442,0],[6931,0],]]
[7188,9,0,[[7187,0],[7189,0],[7444,0],[6932,0],]]
[7189,10,0,[[7190,0],[7188,0],[7445,0],[7444,0],[6933,0],]]
[7190,11,0,[[7189,0],[7191,0],[7446,0],[6934,0],]]
[7191,1,0,[[7192,0],[7190,0],[7447,0],[7446,0],[6935,0],]]
[7192,15,0,[[7191,0],[7193,0],[7448,0],[6936,0],]]
[7193,12,0,[[7194,0],[7192,0],[7449,0],[7448,0],[6937,0],]]
[7194,19,0,[[7193,0],[7195,0],[7450,0],[6938,0],]]
[7195,17,0,[[7196,0],[7194,0],[7451,0],[7450,0],[6939,0],]]
[7196,9,0,[[7195,0],[7197,0],[7452,0],[6940,0],]]
[7197,18,0,[[7198,0],[7196,0],[7453,0],[7452,0],[6941,0],]]
[7198,17,0,[[7197,0],[7199,0],[7454,0],[6942,0],]]
[7199,5,0,[[7200,0],[7198,0],[7455,0],[7454,0],[6943,0],]]
[7200,10,1,[[7199,0],[7201,0],[7456,0],[6944,0],]]
[7201,2,1,[[7202,0],[7200,0],[7457,0],[7456,0],[6945,0],]]
[7202,12,1,[[7201,0],[7203,0],[7458,0],[6946,0],]]
[7203,9,1,[[7204,0],[7202,0],[7459,0],[7458,0],[6947,0],]]
[7204,19,1,[[7203,0],[7205,0],[7460,0],[6948,0],]]
[7205,13,1,[[7206,0],[7204,0],[7461,0],[7460,0],[6949,0],]]
[7206,11,1,[[7205,0],[7207,0],[7462,0],[6950,0],]]
[7207,7,1,[[7208,0],[7206,0],[7463,0],[7462,0],[6951,0],]]
