[655,1,4,[[656,0],[654,0],[911,0],[910,0],[399,0],]]
[656,7,4,[[655,0],[657,0],[912,0],[400,0],]]
[657,14,4,[[658,0],[656,0],[913,0],[912,0],[401,0],]]
[658,19,4,[[657,0],[659,0],[914,0],[402,0],]]
[659,11,4,[[660,0],[658,0],[915,0],[914,0],[403,0],]]
[660,10,4,[[659,0],[661,0],[916,0],[404,0],]]
[661,17,4,[[662,0],[660,0],[917,0],[916,0],[405,0],]]
[662,12,4,[[661,0],[663,0],[918,0],[406,0],]]
[663,18,4,[[664,0],[662,0],[919,0],[918,0],[407,0],]]
[664,16,4,[[663,0],[665,0],[920,0],[408,0],]]
[665,7,4,[[666,0],[664,0],[921,0],[920,0],[409,0],]]
[666,9,4,[[665,0],[667,0],[922,0],[410,0],]]
[667,19,4,[[668,0],[666,0],[923,0],[922,0],[411,0],]]
[668,2,4,[[667,0],[669,0],[924,0],[412,0],]]
[669,9,4,[[670,0],[668,0],[925,0],[924,0],[413,0],]]
[670,1,4,[[669,0],[671,0],[926,0],[414,0],]]
[671,7,4,[[672,0],[670,0],[927,0],[926,0],[415,0],]]
[672,18,5,[[671,0],[673,0],[928,0],[416,0],]]
[673,8,5,[[674,0],[672,0],[929,0],[928,0],[417,0],]]
[674,3,5,[[673,0],[675,0],[930,0],[418,0],]]
[675,8,5,[[676,0],[674,0],[931,0],[930,0],[419,0],]]
[676,6,5,[[675,0],[677,0],[932,0],[420,0],]]
[677,10,5,[[678,0],[676,0],[933,0],[932,0],[421,0],]]
[678,18,5,[[677,0],[679,0],[934,0],[422,0],]]
[679,13,5,[[680,0],[678,0],[935,0],[934,0],[423,0],]]
[680,12,5,[[679,0],[681,0],[936,0],[424,0],]]
[681,7,5,[[682,0],[680,0],[937,0],[936,0],[425,0],]]
[682,4,5,[[681,0],[683,0],[938,0],[426,0],]]
[683,18,5,[[684,0],[682,0],[939,0],[938,0],[427,0],]]
[684,15,5,[[683,0],[685,0],[940,0],[428,0],]]
[685,15,5,[[686,0],[684,0],[941,0],[940,0],[429,0],]]
[686,18,5,[[685,0],[687,0],[942,0],[430,0],]]
[687,9,5,[[688,0],[686,0],[943,0],[942,0],[431,0],]]
[688,16,5,[[687,0],[689,0],[944,0],[432,0],]]
[689,4,5,[[690,0],[688,0],[945,0],[944,0],[433,0],]]
[690,17,5,[[689,0],[691,0],[946,0],[434,0],]]
[691,13,5,[[692,0],[690,0],[947,0],[946,0],[435,0],]]
[692,2,5,[[691,0],[693,0],[948,0],[436,0],]]
[693,10,5,[[694,0],[692,0],[949,0],[948,0],[437,0],]]
[694,9,5,[[693,0],[695,0],[950,0],[438,0],]]
[695,12,5,[[696,0],[694,0],[951,0],[950,0],[439,0],]]
[696,10,5,[[695,0],[697,0],[952,0],[440,0],]]
[697,3,5,[[698,0],[696,0],[953,0],[952,0],[441,0],]]
[698,9,5,[[697,0],[699,0],[954,0],[442,0],]]
[699,9,5,[[700,0],[698,0],[955,0],[954,0],[443,0],]]
[700,6,5,[[699,0],[701,0],[956,0],[444,0],]]
[701,3,5,[[702,0],[700,0],[957,0],[956,0],[445,0],]]
[702,19,5,[[701,0],[703,0],[958,0],[446,0],]]
[703,12,5,[[704,0],[702,0],[959,0],[958,0],[447,0],]]
[704,19,6,[[703,0],[705,0],[960,0],[448,0],]]
[705,17,6,[[706,0],[704,0],[961,0],[960,0],[449,0],]]
[706,18,6,[[705,0],[707,0],[962,0],[450,0],]]
[707,3,6,[[708,0],[706,0],[963,0],[962,0],[451,0],]]
[708,17,6,[[707,0],[709,0],[964,0],[452,0],]]
[709,10,6,[[710,0],[708,0],[965,0],[964,0],[453,0],]]
[710,11,6,[[709,0],[711,0],[966,0],[454,0],]]
[711,14,6,[[712,0],[710,0],[967,0],[966,0],[455,0],]]
[712,2,6,[[711,0],[713,0],[968,0],[456,0],]]
[713,6,6,[[714,0],[712,0],[969,0],[968,0],[457,0],]]
[714,10,6,[[713,0],[715,0],[970,0],[458,0],]]
[715,3,6,[[716,0],[714,0],[971,0],[970,0],[459,0],]]
[716,13,6,[[715,0],[717,0],[972,0],[460,0],]]
[717,8,6,[[718,0],[716,0],[973,0],[972,0],[461,0],]]
[718,18,6,[[717,0],[719,0],[974,0],[462,0],]]
[719,14,6,[[720,0],[718,0],[975,0],[974,0],[463,0],]]
[720,7,6,[[719,0],[721,0],[976,0],[464,0],]]
[721,2,6,[[722,0],[720,0],[977,0],[976,0],[465,0],]]
[722,18,6,[[721,0],[723,0],[978,0],[466,0],]]
[723,6,6,[[724,0],[722,0],[979,0],[978,0],[467,0],]]
[724,3,6,[[723,0],[725,0],[980,0],[468,0],]]
[725,12,6,[[726,0],[724,0],[981,0],[980,0],[469,0],]]
[726,12,6,[[725,0],[727,0],[982,0],[470,0],]]
[727,17,6,[[728,0],[726,0],[983,0],[982,0],[471,0],]]
[728,1,6,[[727,0],[729,0],[984,0],[472,0],]]
[729,10,6,[[730,0],[728,0],[985,0],[984,0],[473,0],]]
[730,16,6,[[729,0],[731,0],[986,0],[474,0],]]
[731,5,6,[[732,0],[730,0],[987,0],[986,0],[475,0],]]
[732,11,6,[[731,0],[733,0],[988,0],[476,0],]]
[733,15,6,[[734,0],[732,0],[989,0],[988,0],[477,0],]]
[734,15,6,[[733,0],[735,0],[990,0],[478,0],]]
[735,16,6,[[736,0],[734,0],[991,0],[990,0],[479,0],]]
[736,6,7,[[735,0],[737,0],[992,0],[480,0],]]
[737,12,7,[[738,0],[736,0],[993,0],[992,0],[481,0],]]
[738,6,7,[[737,0],[739,0],[994,0],[482,0],]]
[739,6,7,[[740,0],[738,0],[995,0],[994,0],[483,0],]]
[740,19,7,[[739,0],[741,0],[996,0],[484,0],]]
[741,14,7,[[742,0],[740,0],[997,0],[996,0],[485,0],]]
[742,6,7,[[741,0],[743,0],[998,0],[486,0],]]
[743,17,7,[[744,0],[742,0],[999,0],[998,0],[487,0],]]
[744,12,7,[[743,0],[745,0],[1000,0],[488,0],]]
[745,7,7,[[746,0],[744,0],[1001,0],[1000,0],[489,0],]]
[746,6,7,[[745,0],[747,0],[1002,0],[490,0],]]
[747,10,7,[[748,0],[746,0],[1003,0],[1002,0],[491,0],]]
[748,1,7,[[747,0],[749,0],[1004,0],[492,0],]]
[749,6,7,[[750,0],[748,0],[1005,0],[1004,0],[493,0],]]
[750,11,7,[[749,0],[751,0],[1006,0],[494,0],]]
[751,5,7,[[752,0],[750,0],[1007,0],[1006,0],[495,0],]]
[752,4,7,[[751,0],[753,0],[1008,0],[496,0],]]
[753,1,7,[[754,0],[752,0],[1009,0],[1008,0],[497,0],]]
[754,7,7,[[753,0],[755,0],[1010,0],[498,0],]]
[755,7,7,[[756,0],[754,0],[1011,0],[1010,0],[499,0],]]
[756,19,7,[[755,0],[757,0],[1012,0],[500,0],]]
[757,18,7,[[758,0],[756,0],[1013,0],[1012,0],[501,0],]]
[758,10,7,[[757,0],[759,0],[1014,0],[502,0],]]
[759,17,7,[[760,0],[758,0],[1015,0],[1014,0],[503,0],]]
[760,16,7,[[759,0],[761,0],[1016,0],[504,0],]]
[761,3,7,[[762,0],[760,0],[1017,0],[1016,0],[505,0],]]
[762,13,7,[[761,0],[763,0],[1018,0],[506,0],]]
[763,6,7,[[764,0],[762,0],[1019,0],[1018,0],[507,0],]]
[764,8,7,[[763,0],[765,0],[1020,0],[508,0],]]
[765,6,7,[[766,0],[764,0],[1021,0],[1020,0],[509,0],]]
[766,13,7,[[765,0],[767,0],[1022,0],[510,0],]]
[767,9,7,[[766,0],[1023,0],[1022,0],[511,0],]]
[768,18,0,[[769,0],[512,0],[513,0],[1024,0],]]
[769,4,0,[[770,0],[768,0],[513,0],[1025,0],]]
[770,8,0,[[769,0],[771,0],[514,0],[515,0],[1026,0],]]
[771,17,0,[[772,0],[770,0],[515,0],[1027,0],]]
[772,11,0,[[771,0],[773,0],[516,0],[517,0],[1028,0],]]
[773,18,0,[[774,0],[772,0],[517,0],[1029,0],]]
[774,12,0,[[773,0],[775,0],[518,0],[519,0],[1030,0],]]
[775,14,0,[[776,0],[774,0],[519,0],[1031,0],]]
[776,7,0,[[775,0],[777,0],[520,0],[521,0],[1032,0],]]
[777,6,0,[[778,0],[776,0],[521,0],[1033,0],]]
[778,7,0,[[777,0],[779,0],[522,0],[523,0],[1034,0],]]
[779,8,0,[[780,0],[778,0],[523,0],[1035,0],]]
[780,11,0,[[779,0],[781,0],[524,0],[525,0],[1036,0],]]
[781,19,0,[[782,0],[780,0],[525,0],[1037,0],]]
[782,16,0,[[781,0],[783,0],[526,0],[527,0],[1038,0],]]
[783,12,0,[[784,0],[782,0],[527,0],[1039,0],]]
[784,6,0,[[783,0],[785,0],[528,0],[529,0],[1040,0],]]
[785,11,0,[[786,0],[784,0],[529,0],[1041,0],]]
[786,18,0,[[785,0],[787,0],[530,0],[531,0],[1042,0],]]
[787,13,0,[[788,0],[786,0],[531,0],[1043,0],]]
[788,17,0,[[787,0],[789,0],[532,0],[533,0],[1044,0],]]
[789,15,0,[[790,0],[788,0],[533,0],[1045,0],]]
[790,7,0,[[789,0],[791,0],[534,0],[535,0],[1046,0],]]
[791,8,0,[[792,0],[790,0],[535,0],[1047,0],]]
[792,5,0,[[791,0],[793,0],[536,0],[537,0],[1048,0],]]
[793,7,0,[[794,0],[792,0],[537,0],[1049,0],]]
[794,11,0,[[793,0],[795,0],[538,0],[539,0],[1050,0],]]
[795,17,0,[[796,0],[794,0],[539,0],[1051,0],]]
[796,7,0,[[795,0],[797,0],[540,0],[541,0],[1052,0],]]
[797,15,0,[[798,0],[796,0],[541,0],[1053,0],]]
[798,14,0,[[797,0],[799,0],[542,0],[543,0],[1054,0],]]
[799,14,0,[[800,0],[798,0],[543,0],[1055,0],]]
[800,13,1,[[799,0],[801,0],[544,0],[545,0],[1056,0],]]
[801,15,1,[[802,0],[800,0],[545,0],[1057,0],]]
[802,16,1,[[801,0],[803,0],[546,0],[547,0],[1058,0],]]
[803,3,1,[[804,0],[802,0],[547,0],[1059,0],]]
[804,7,1,[[803,0],[805,0],[548,0],[549,0],[1060,0],]]
[805,4,1,[[806,0],[804,0],[549,0],[1061,0],]]
[806,17,1,[[805,0],[807,0],[550,0],[551,0],[1062,0],]]
[807,13,1,[[808,0],[806,0],[551,0],[1063,0],]]
[808,18,1,[[807,0],[809,0],[552,0],[553,0],[1064,0],]]
[809,15,1,[[810,0],[808,0],[553,0],[1065,0],]]
[810,12,1,[[809,0],[811,0],[554,0],[555,0],[1066,0],]]
[811,16,1,[[812,0],[810,0],[555,0],[1067,0],]]
[812,8,1,[[811,0],[813,0],[556,0],[557,0],[1068,0],]]
[813,19,1,[[814,0],[812,0],[557,0],[1069,0],]]
[814,11,1,[[813,0],[815,0],[558,0],[559,0],[1070,0],]]
[815,10,1,[[816,0],[814,0],[559,0],[1071,0],]]
[816,5,1,[[815,0],[817,0],[560,0],[561,0],[1072,0],]]
[817,1,1,[[818,0],[816,0],[561,0],[1073,0],]]
[818,10,1,[[817,0],[819,0],[562,0],[563,0],[1074,0],]]
[819,12,1,[[820,0],[818,0],[563,0],[1075,0],]]
[820,5,1,[[819,0],[821,0],[564,0],[565,0],[1076,0],]]
[821,12,1,[[822,0],[820,0],[565,0],[1077,0],]]
[822,17,1,[[821,0],[823,0],[566,0],[567,0],[1078,0],]]
[823,11,1,[[824,0],[822,0],[567,0],[1079,0],]]
[824,1,1,[[823,0],[825,0],[568,0],[569,0],[1080,0],]]
[825,19,1,[[826,0],[824,0],[569,0],[1081,0],]]
[826,6,1,[[825,0],[827,0],[570,0],[571,0],[1082,0],]]
[827,1,1,[[828,0],[826,0],[571,0],[1083,0],]]
[828,19,1,[[827,0],[829,0],[572,0],[573,0],[1084,0],]]
[829,14,1,[[830,0],[828,0],[573,0],[1085,0],]]
[830,6,1,[[829,0],[831,0],[574,0],[575,0],[1086,0],]]
[831,3,1,[[832,0],[830,0],[575,0],[1087,0],]]
[832,12,2,[[831,0],[833,0],[576,0],[577,0],[1088,0],]]
[833,15,2,[[834,0],[832,0],[577,0],[1089,0],]]
[834,4,2,[[833,0],[835,0],[578,0],[579,0],[1090,0],]]
[835,15,2,[[836,0],[834,0],[579,0],[1091,0],]]
[836,1,2,[[835,0],[837,0],[580,0],[581,0],[1092,0],]]
[837,16,2,[[838,0],[836,0],[581,0],[1093,0],]]
[838,8,2,[[837,0],[839,0],[582,0],[583,0],[1094,0],]]
[839,12,2,[[840,0],[838,0],[583,0],[1095,0],]]
[840,17,2,[[839,0],[841,0],[584,0],[585,0],[1096,0],]]
[841,5,2,[[842,0],[840,0],[585,0],[1097,0],]]
[842,19,2,[[841,0],[843,0],[586,0],[587,0],[1098,0],]]
[843,7,2,[[844,0],[842,0],[587,0],[1099,0],]]
[844,1,2,[[843,0],[845,0],[588,0],[589,0],[1100,0],]]
[845,15,2,[[846,0],[844,0],[589,0],[1101,0],]]
[846,13,2,[[845,0],[847,0],[590,0],[591,0],[1102,0],]]
[847,11,2,[[848,0],[846,0],[591,0],[1103,0],]]
[848,18,2,[[847,0],[849,0],[592,0],[593,0],[1104,0],]]
[849,4,2,[[850,0],[848,0],[593,0],[1105,0],]]
[850,6,2,[[849,0],[851,0],[594,0],[595,0],[1106,0],]]
[851,13,2,[[852,0],[850,0],[595,0],[1107,0],]]
[852,5,2,[[851,0],[853,0],[596,0],[597,0],[1108,0],]]
[853,14,2,[[854,0],[852,0],[597,0],[1109,0],]]
[854,18,2,[[853,0],[855,0],[598,0],[599,0],[1110,0],]]
[855,2,2,[[856,0],[854,0],[599,0],[1111,0],]]
[856,6,2,[[855,0],[857,0],[600,0],[601,0],[1112,0],]]
[857,14,2,[[858,0],[856,0],[601,0],[1113,0],]]
[858,10,2,[[857,0],[859,0],[602,0],[603,0],[1114,0],]]
[859,10,2,[[860,0],[858,0],[603,0],[1115,0],]]
[860,1,2,[[859,0],[861,0],[604,0],[605,0],[1116,0],]]
[861,1,2,[[862,0],[860,0],[605,0],[1117,0],]]
[862,11,2,[[861,0],[863,0],[606,0],[607,0],[1118,0],]]
[863,3,2,[[864,0],[862,0],[607,0],[1119,0],]]
[864,1,3,[[863,0],[865,0],[608,0],[609,0],[1120,0],]]
[865,14,3,[[866,0],[864,0],[609,0],[1121,0],]]
[866,7,3,[[865,0],[867,0],[610,0],[611,0],[1122,0],]]
[867,7,3,[[868,0],[866,0],[611,0],[1123,0],]]
[868,16,3,[[867,0],[869,0],[612,0],[613,0],[1124,0],]]
[869,1,3,[[870,0],[868,0],[613,0],[1125,0],]]
[870,18,3,[[869,0],[871,0],[614,0],[615,0],[1126,0],]]
[871,12,3,[[872,0],[870,0],[615,0],[1127,0],]]
[872,11,3,[[871,0],[873,0],[616,0],[617,0],[1128,0],]]
[873,10,3,[[874,0],[872,0],[617,0],[1129,0],]]
[874,11,3,[[873,0],[875,0],[618,0],[619,0],[1130,0],]]
[875,2,3,[[876,0],[874,0],[619,0],[1131,0],]]
[876,14,3,[[875,0],[877,0],[620,0],[621,0],[1132,0],]]
[877,10,3,[[878,0],[876,0],[621,0],[1133,0],]]
[878,13,3,[[877,0],[879,0],[622,0],[623,0],[1134,0],]]
[879,4,3,[[880,0],[878,0],[623,0],[1135,0],]]
[880,7,3,[[879,0],[881,0],[624,0],[625,0],[1136,0],]]
[881,14,3,[[882,0],[880,0],[625,0],[1137,0],]]
[882,16,3,[[881,0],[883,0],[626,0],[627,0],[1138,0],]]
[883,13,3,[[884,0],[882,0],[627,0],[1139,0],]]
[884,17,3,[[883,0],[885,0],[628,0],[629,0],[1140,0],]]
[885,11,3,[[886,0],[884,0],[629,0],[1141,0],]]
[886,17,3,[[885,0],[887,0],[630,0],[631,0],[1142,0],]]
[887,10,3,[[888,0],[886,0],[631,0],[1143,0],]]
[888,5,3,[[887,0],[889,0],[632,0],[633,0],[1144,0],]]
[889,13,3,[[890,0],[888,0],[633,0],[1145,0],]]
[890,14,3,[[889,0],[891,0],[634,0],[635,0],[1146,0],]]
[891,1,3,[[892,0],[890,0],[635,0],[1147,0],]]
[892,9,3,[[891,0],[893,0],[636,0],[637,0],[1148,0],]]
[893,19,3,[[894,0],[892,0],[637,0],[1149,0],]]
[894,13,3,[[893,0],[895,0],[638,0],[639,0],[1150,0],]]
[895,10,3,[[896,0],[894,0],[639,0],[1151,0],]]
[896,17,4,[[895,0],[897,0],[640,0],[641,0],[1152,0],]]
[897,12,4,[[898,0],[896,0],[641,0],[1153,0],]]
[898,14,4,[[897,0],[899,0],[642,0],[643,0],[1154,0],]]
[899,5,4,[[900,0],[898,0],[643,0],[1155,0],]]
[900,8,4,[[899,0],[901,0],[644,0],[645,0],[1156,0],]]
[901,7,4,[[902,0],[900,0],[645,0],[1157,0],]]
[902,17,4,[[901,0],[903,0],[646,0],[647,0],[1158,0],]]
[903,8,4,[[904,0],[902,0],[647,0],[1159,0],]]
[904,14,4,[[903,0],[905,0],[648,0],[649,0],[1160,0],]]
[905,11,4,[[906,0],[904,0],[649,0],[1161,0],]]
[906,14,4,[[905,0],[907,0],[650,0],[651,0],[1162,0],]]
[907,9,4,[[908,0],[906,0],[651,0],[1163,0],]]
[908,1,4,[[907,0],[909,0],[652,0],[653,0],[1164,0],]]
[909,12,4,[[910,0],[908,0],[653,0],[1165,0],]]
[910,9,4,[[909,0],[911,0],[654,0],[655,0],[1166,0],]]
[911,1,4,[[912,0],[910,0],[655,0],[1167,0],]]
[912,2,4,[[911,0],[913,0],[656,0],[657,0],[1168,0],]]
[913,16,4,[[914,0],[912,0],[657,0],[1169,0],]]
[914,9,4,[[913,0],[915,0],[658,0],[659,0],[1170,0],]]
[915,4,4,[[916,0],[914,0],[659,0],[1171,0],]]
[916,1,4,[[915,0],[917,0],[660,0],[661,0],[1172,0],]]
[917,2,4,[[918,0],[916,0],[661,0],[1173,0],]]
[918,18,4,[[917,0],[919,0],[662,0],[663,0],[1174,0],]]
[919,9,4,[[920,0],[918,0],[663,0],[1175,0],]]
[920,5,4,[[919,0],[921,0],[664,0],[665,0],[1176,0],]]
[921,7,4,[[922,0],[920,0],[665,0],[1177,0],]]
[922,17,4,[[921,0],[923,0],[666,0],[667,0],[1178,0],]]
[923,18,4,[[924,0],[922,0],[667,0],[1179,0],]]
[924,12,4,[[923,0],[925,0],[668,0],[669,0],[1180,0],]]
[925,1,4,[[926,0],[924,0],[669,0],[1181,0],]]
[926,5,4,[[925,0],[927,0],[670,0],[671,0],[1182,0],]]
[927,9,4,[[928,0],[926,0],[671,0],[1183,0],]]
[928,15,5,[[927,0],[929,0],[672,0],[673,0],[1184,0],]]
[929,9,5,[[930,0],[928,0],[673,0],[1185,0],]]
[930,2,5,[[929,0],[931,0],[674,0],[675,0],[1186,0],]]
[931,10,5,[[932,0],[930,0],[675,0],[1187,0],]]
[932,19,5,[[931,0],[933,0],[676,0],[677,0],[1188,0],]]
[933,7,5,[[934,0],[932,0],[677,0],[1189,0],]]
[934,19,5,[[933,0],[935,0],[678,0],[679,0],[1190,0],]]
[935,8,5,[[936,0],[934,0],[679,0],[1191,0],]]
[936,19,5,[[935,0],[937,0],[680,0],[681,0],[1192,0],]]
[937,15,5,[[938,0],[936,0],[681,0],[1193,0],]]
[938,18,5,[[937,0],[939,0],[682,0],[683,0],[1194,0],]]
[939,5,5,[[940,0],[938,0],[683,0],[1195,0],]]
[940,13,5,[[939,0],[941,0],[684,0],[685,0],[1196,0],]]
[941,19,5,[[942,0],[940,0],[685,0],[1197,0],]]
[942,1,5,[[941,0],[943,0],[686,0],[687,0],[1198,0],]]
[943,19,5,[[944,0],[942,0],[687,0],[1199,0],]]
[944,10,5,[[943,0],[945,0],[688,0],[689,0],[1200,0],]]
[945,12,5,[[946,0],[944,0],[689,0],[1201,0],]]
[946,4,5,[[945,0],[947,0],[690,0],[691,0],[1202,0],]]
[947,1,5,[[948,0],[946,0],[691,0],[1203,0],]]
[948,18,5,[[947,0],[949,0],[692,0],[693,0],[1204,0],]]
[949,4,5,[[950,0],[948,0],[693,0],[1205,0],]]
[950,4,5,[[949,0],[951,0],[694,0],[695,0],[1206,0],]]
[951,16,5,[[952,0],[950,0],[695,0],[1207,0],]]
[952,18,5,[[951,0],[953,0],[696,0],[697,0],[1208,0],]]
[953,12,5,[[954,0],[952,0],[697,0],[1209,0],]]
[954,6,5,[[953,0],[955,0],[698,0],[699,0],[1210,0],]]
[955,11,5,[[956,0],[954,0],[699,0],[1211,0],]]
[956,2,5,[[955,0],[957,0],[700,0],[701,0],[1212,0],]]
[957,16,5,[[958,0],[956,0],[701,0],[1213,0],]]
[958,13,5,[[957,0],[959,0],[702,0],[703,0],[1214,0],]]
[959,9,5,[[960,0],[958,0],[703,0],[1215,0],]]
[960,17,6,[[959,0],[961,0],[704,0],[705,0],[1216,0],]]
[961,6,6,[[962,0],[960,0],[705,0],[1217,0],]]
[962,10,6,[[961,0],[963,0],[706,0],[707,0],[1218,0],]]
[963,9,6,[[964,0],[962,0],[707,0],[1219,0],]]
[964,4,6,[[963,0],[965,0],[708,0],[709,0],[1220,0],]]
[965,6,6,[[966,0],[964,0],[709,0],[1221,0],]]
[966,2,6,[[965,0],[967,0],[710,0],[711,0],[1222,0],]]
[967,19,6,[[968,0],[966,0],[711,0],[1223,0],]]
[968,12,6,[[967,0],[969,0],[712,0],[713,0],[1224,0],]]
[969,7,6,[[970,0],[968,0],[713,0],[1225,0],]]
[970,6,6,[[969,0],[971,0],[714,0],[715,0],[1226,0],]]
[971,7,6,[[972,0],[970,0],[715,0],[1227,0],]]
[972,17,6,[[971,0],[973,0],[716,0],[717,0],[1228,0],]]
[973,14,6,[[974,0],[972,0],[717,0],[1229,0],]]
[974,13,6,[[973,0],[975,0],[718,0],[719,0],[1230,0],]]
[975,16,6,[[976,0],[974,0],[719,0],[1231,0],]]
[976,9,6,[[975,0],[977,0],[720,0],[721,0],[1232,0],]]
[977,3,6,[[978,0],[976,0],[721,0],[1233,0],]]
[978,1,6,[[977,0],[979,0],[722,0],[723,0],[1234,0],]]
[979,2,6,[[980,0],[978,0],[723,0],[1235,0],]]
[980,6,6,[[979,0],[981,0],[724,0],[725,0],[1236,0],]]
[981,9,6,[[982,0],[980,0],[725,0],[1237,0],]]
[982,15,6,[[981,0],[983,0],[726,0],[727,0],[1238,0],]]
[983,10,6,[[984,0],[982,0],[727,0],[1239,0],]]
[984,11,6,[[983,0],[985,0],[728,0],[729,0],[1240,0],]]
[985,2,6,[[986,0],[984,0],[729,0],[1241,0],]]
[986,9,6,[[985,0],[987,0],[730,0],[731,0],[1242,0],]]
[987,5,6,[[988,0],[986,0],[731,0],[1243,0],]]
[988,10,6,[[987,0],[989,0],[732,0],[733,0],[1244,0],]]
[989,15,6,[[990,0],[988,0],[733,0],[1245,0],]]
[990,5,6,[[989,0],[991,0],[734,0],[735,0],[1246,0],]]
[991,2,6,[[992,0],[990,0],[735,0],[1247,0],]]
[992,5,7,[[991,0],[993,0],[736,0],[737,0],[1248,0],]]
[993,5,7,[[994,0],[992,0],[737,0],[1249,0],]]
[994,19,7,[[993,0],[995,0],[738,0],[739,0],[1250,0],]]
[995,12,7,[[996,0],[994,0],[739,0],[1251,0],]]
[996,13,7,[[995,0],[997,0],[740,0],[741,0],[1252,0],]]
[997,5,7,[[998,0],[996,0],[741,0],[1253,0],]]
[998,14,7,[[997,0],[999,0],[742,0],[743,0],[1254,0],]]
[999,16,7,[[1000,0],[998,0],[743,0],[1255,0],]]
[1000,17,7,[[999,0],[1001,0],[744,0],[745,0],[1256,0],]]
[1001,17,7,[[1002,0],[1000,0],[745,0],[1257,0],]]
[1002,15,7,[[1001,0],[1003,0],[746,0],[747,0],[1258,0],]]
[1003,16,7,[[1004,0],[1002,0],[747,0],[1259,0],]]
[1004,11,7,[[1003,0],[1005,0],[748,0],[749,0],[1260,0],]]
[1005,16,7,[[1006,0],[1004,0],[749,0],[1261,0],]]
[1006,14,7,[[1005,0],[1007,0],[750,0],[751,0],[1262,0],]]
[1007,18,7,[[1008,0],[1006,0],[751,0],[1263,0],]]
[1008,18,7,[[1007,0],[1009,0],[752,0],[753,0],[1264,0],]]
[1009,10,7,[[1010,0],[1008,0],[753,0],[1265,0],]]
[1010,5,7,[[1009,0],[1011,0],[754,0],[755,0],[1266,0],]]
[1011,5,7,[[1012,0],[1010,0],[755,0],[1267,0],]]
[1012,16,7,[[1011,0],[1013,0],[756,0],[757,0],[1268,0],]]
[1013,11,7,[[1014,0],[1012,0],[757,0],[1269,0],]]
[1014,11,7,[[1013,0],[1015,0],[758,0],[759,0],[1270,0],]]
[1015,13,7,[[1016,0],[1014,0],[759,0],[1271,0],]]
[1016,11,7,[[1015,0],[1017,0],[760,0],[761,0],[1272,0],]]
[1017,16,7,[[1018,0],[1016,0],[761,0],[1273,0],]]
[1018,16,7,[[1017,0],[1019,0],[762,0],[763,0],[1274,0],]]
[1019,13,7,[[1020,0],[1018,0],[763,0],[1275,0],]]
[1020,16,7,[[1019,0],[1021,0],[764,0],[765,0],[1276,0],]]
[1021,8,7,[[1022,0],[1020,0],[765,0],[1277,0],]]
[1022,19,7,[[1021,0],[1023,0],[766,0],[767,0],[1278,0],]]
[1023,2,7,[[1022,0],[767,0],[1279,0],]]
[1024,1,0,[[1025,0],[1280,0],[768,0],]]
[1025,12,0,[[1026,0],[1024,0],[1281,0],[1280,0],[769,0],]]
[1026,5,0,[[1025,0],[1027,0],[1282,0],[770,0],]]
[1027,7,0,[[1028,0],[1026,0],[1283,0],[1282,0],[771,0],]]
[1028,13,0,[[1027,0],[1029,0],[1284,0],[772,0],]]
[1029,10,0,[[1030,0],[1028,0],[1285,0],[1284,0],[773,0],]]
[1030,15,0,[[1029,0],[1031,0],[1286,0],[774,0],]]
[1031,15,0,[[1032,0],[1030,0],[1287,0],[1286,0],[775,0],]]
[1032,2,0,[[1031,0],[1033,0],[1288,0],[776,0],]]
[1033,15,0,[[1034,0],[1032,0],[1289,0],[1288,0],[777,0],]]
[1034,9,0,[[1033,0],[1035,0],[1290,0],[778,0],]]
[1035,2,0,[[1036,0],[1034,0],[1291,0],[1290,0],[779,0],]]
[1036,4,0,[[1035,0],[1037,0],[1292,0],[780,0],]]
[1037,9,0,[[1038,0],[1036,0],[1293,0],[1292,0],[781,0],]]
[1038,14,0,[[1037,0],[1039,0],[1294,0],[782,0],]]
[1039,19,0,[[1040,0],[1038,0],[1295,0],[1294,0],[783,0],]]
[1040,10,0,[[1039,0],[1041,0],[1296,0],[784,0],]]
[1041,13,0,[[1042,0],[1040,0],[1297,0],[1296,0],[785,0],]]
[1042,6,0,[[1041,0],[1043,0],[1298,0],[786,0],]]
[1043,19,0,[[1044,0],[1042,0],[1299,0],[1298,0],[787,0],]]
[1044,19,0,[[1043,0],[1045,0],[1300,0],[788,0],]]
[1045,13,0,[[1046,0],[1044,0],[1301,0],[1300,0],[789,0],]]
[1046,15,0,[[1045,0],[1047,0],[1302,0],[790,0],]]
[1047,10,0,[[1048,0],[1046,0],[1303,0],[1302,0],[791,0],]]
[1048,5,0,[[1047,0],[1049,0],[1304,0],[792,0],]]
[1049,17,0,[[1050,0],[1048,0],[1305,0],[1304,0],[793,0],]]
[1050,11,0,[[1049,0],[1051,0],[1306,0],[794,0],]]
[1051,7,0,[[1052,0],[1050,0],[1307,0],[1306,0],[795,0],]]
[1052,7,0,[[1051,0],[1053,0],[1308,0],[796,0],]]
[1053,4,0,[[1054,0],[1052,0],[1309,0],[1308,0],[797,0],]]
[1054,9,0,[[1053,0],[1055,0],[1310,0],[798,0],]]
[1055,17,0,[[1056,0],[1054,0],[1311,0],[1310,0],[799,0],]]
[1056,11,1,[[1055,0],[1057,0],[1312,0],[800,0],]]
[1057,19,1,[[1058,0],[1056,0],[1313,0],[1312,0],[801,0],]]
[1058,6,1,[[1057,0],[1059,0],[1314,0],[802,0],]]
[1059,4,1,[[1060,0],[1058,0],[1315,0],[1314,0],[803,0],]]
[1060,9,1,[[1059,0],[1061,0],[1316,0],[804,0],]]
[1061,2,1,[[1062,0],[1060,0],[1317,0],[1316,0],[805,0],]]
[1062,6,1,[[1061,0],[1063,0],[1318,0],[806,0],]]
[1063,7,1,[[1064,0],[1062,0],[1319,0],[1318,0],[807,0],]]
[1064,16,1,[[1063,0],[1065,0],[1320,0],[808,0],]]
[1065,11,1,[[1066,0],[1064,0],[1321,0],[1320,0],[809,0],]]
[1066,2,1,[[1065,0],[1067,0],[1322,0],[810,0],]]
[1067,9,1,[[1068,0],[1066,0],[1323,0],[1322,0],[811,0],]]
[1068,4,1,[[1067,0],[1069,0],[1324,0],[812,0],]]
[1069,11,1,[[1070,0],[1068,0],[1325,0],[1324,0],[813,0],]]
[1070,11,1,[[1069,0],[1071,0],[1326,0],[814,0],]]
[1071,9,1,[[1072,0],[1070,0],[1327,0],[1326,0],[815,0],]]
[1072,16,1,[[1071,0],[1073,0],[1328,0],[816,0],]]
[1073,7,1,[[1074,0],[1072,0],[1329,0],[1328,0],[817,0],]]
[1074,12,1,[[1073,0],[1075,0],[1330,0],[818,0],]]
[1075,17,1,[[1076,0],[1074,0],[1331,0],[1330,0],[819,0],]]
[1076,14,1,[[1075,0],[1077,0],[1332,0],[820,0],]]
[1077,11,1,[[1078,0],[1076,0],[1333,0],[1332,0],[821,0],]]
[1078,17,1,[[1077,0],[1079,0],[1334,0],[822,0],]]
[1079,18,1,[[1080,0],[1078,0],[1335,0],[1334,0],[823,0],]]
[1080,8,1,[[1079,0],[1081,0],[1336,0],[824,0],]]
[1081,14,1,[[1082,0],[1080,0],[1337,0],[1336,0],[825,0],]]
[1082,11,1,[[1081,0],[1083,0],[1338,0],[826,0],]]
[1083,18,1,[[1084,0],[1082,0],[1339,0],[1338,0],[827,0],]]
[1084,9,1,[[1083,0],[1085,0],[1340,0],[828,0],]]
[1085,1,1,[[1086,0],[1084,0],[1341,0],[1340,0],[829,0],]]
[1086,17,1,[[1085,0],[1087,0],[1342,0],[830,0],]]
[1087,14,1,[[1088,0],[1086,0],[1343,0],[1342,0],[831,0],]]
[1088,5,2,[[1087,0],[1089,0],[1344,0],[832,0],]]
[1089,16,2,[[1090,0],[1088,0],[1345,0],[1344,0],[833,0],]]
[1090,3,2,[[1089,0],[1091,0],[1346,0],[834,0],]]
[1091,9,2,[[1092,0],[1090,0],[1347,0],[1346,0],[835,0],]]
[1092,17,2,[[1091,0],[1093,0],[1348,0],[836,0],]]
[1093,3,2,[[1094,0],[1092,0],[1349,0],[1348,0],[837,0],]]
[1094,1,2,[[1093,0],[1095,0],[1350,0],[838,0],]]
[1095,17,2,[[1096,0],[1094,0],[1351,0],[1350,0],[839,0],]]
[1096,1,2,[[1095,0],[1097,0],[1352,0],[840,0],]]
[1097,6,2,[[1098,0],[1096,0],[1353,0],[1352,0],[841,0],]]
[1098,18,2,[[1097,0],[1099,0],[1354,0],[842,0],]]
[1099,9,2,[[1100,0],[1098,0],[1355,0],[1354,0],[843,0],]]
[1100,8,2,[[1099,0],[1101,0],[1356,0],[844,0],]]
[1101,3,2,[[1102,0],[1100,0],[1357,0],[1356,0],[845,0],]]
[1102,3,2,[[1101,0],[1103,0],[1358,0],[846,0],]]
[1103,18,2,[[1104,0],[1102,0],[1359,0],[1358,0],[847,0],]]
[1104,16,2,[[1103,0],[1105,0],[1360,0],[848,0],]]
[1105,7,2,[[1106,0],[1104,0],[1361,0],[1360,0],[849,0],]]
[1106,9,2,[[1105,0],[1107,0],[1362,0],[850,0],]]
[1107,1,2,[[1108,0],[1106,0],[1363,0],[1362,0],[851,0],]]
[1108,18,2,[[1107,0],[1109,0],[1364,0],[852,0],]]
[1109,6,2,[[1110,0],[1108,0],[1365,0],[1364,0],[853,0],]]
[1110,8,2,[[1109,0],[1111,0],[1366,0],[854,0],]]
[1111,19,2,[[1112,0],[1110,0],[1367,0],[1366,0],[855,0],]]
[1112,5,2,[[1111,0],[1113,0],[1368,0],[856,0],]]
[1113,2,2,[[1114,0],[1112,0],[1369,0],[1368,0],[857,0],]]
[1114,3,2,[[1113,0],[1115,0],[1370,0],[858,0],]]
[1115,18,2,[[1116,0],[1114,0],[1371,0],[1370,0],[859,0],]]
[1116,5,2,[[1115,0],[1117,0],[1372,0],[860,0],]]
[1117,4,2,[[1118,0],[1116,0],[1373,0],[1372,0],[861,0],]]
[1118,12,2,[[1117,0],[1119,0],[1374,0],[862,0],]]
[1119,17,2,[[1120,0],[1118,0],[1375,0],[1374,0],[863,0],]]
[1120,18,3,[[1119,0],[1121,0],[1376,0],[864,0],]]
[1121,11,3,[[1122,0],[1120,0],[1377,0],[1376,0],[865,0],]]
[1122,14,3,[[1121,0],[1123,0],[1378,0],[866,0],]]
[1123,14,3,[[1124,0],[1122,0],[1379,0],[1378,0],[867,0],]]
[1124,16,3,[[1123,0],[1125,0],[1380,0],[868,0],]]
[1125,15,3,[[1126,0],[1124,0],[1381,0],[1380,0],[869,0],]]
[1126,8,3,[[1125,0],[1127,0],[1382,0],[870,0],]]
[1127,14,3,[[1128,0],[1126,0],[1383,0],[1382,0],[871,0],]]
[1128,14,3,[[1127,0],[1129,0],[1384,0],[872,0],]]
[1129,19,3,[[1130,0],[1128,0],[1385,0],[1384,0],[873,0],]]
[1130,8,3,[[1129,0],[1131,0],[1386,0],[874,0],]]
[1131,10,3,[[1132,0],[1130,0],[1387,0],[1386,0],[875,0],]]
[1132,8,3,[[1131,0],[1133,0],[1388,0],[876,0],]]
[1133,7,3,[[1134,0],[1132,0],[1389,0],[1388,0],[877,0],]]
[1134,13,3,[[1133,0],[1135,0],[1390,0],[878,0],]]
[1135,5,3,[[1136,0],[1134,0],[1391,0],[1390,0],[879,0],]]
[1136,4,3,[[1135,0],[1137,0],[1392,0],[880,0],]]
[1137,5,3,[[1138,0],[1136,0],[1393,0],[1392,0],[881,0],]]
[1138,7,3,[[1137,0],[1139,0],[1394,0],[882,0],]]
[1139,7,3,[[1140,0],[1138,0],[1395,0],[1394,0],[883,0],]]
[1140,18,3,[[1139,0],[1141,0],[1396,0],[884,0],]]
[1141,15,3,[[1142,0],[1140,0],[1397,0],[1396,0],[885,0],]]
[1142,6,3,[[1141,0],[1143,0],[1398,0],[886,0],]]
[1143,7,3,[[1144,0],[1142,0],[1399,0],[1398,0],[887,0],]]
[1144,19,3,[[1143,0],[1145,0],[1400,0],[888,0],]]
[1145,17,3,[[1146,0],[1144,0],[1401,0],[1400,0],[889,0],]]
[1146,4,3,[[1145,0],[1147,0],[1402,0],[890,0],]]
[1147,4,3,[[1148,0],[1146,0],[1403,0],[1402,0],[891,0],]]
[1148,10,3,[[1147,0],[1149,0],[1404,0],[892,0],]]
[1149,6,3,[[1150,0],[1148,0],[1405,0],[1404,0],[893,0],]]
[1150,19,3,[[1149,0],[1151,0],[1406,0],[894,0],]]
[1151,3,3,[[1152,0],[1150,0],[1407,0],[1406,0],[895,0],]]
[1152,3,4,[[1151,0],[1153,0],[1408,0],[896,0],]]
[1153,5,4,[[1154,0],[1152,0],[1409,0],[1408,0],[897,0],]]
[1154,2,4,[[1153,0],[1155,0],[1410,0],[898,0],]]
[1155,15,4,[[1156,0],[1154,0],[1411,0],[1410,0],[899,0],]]
[1156,11,4,[[1155,0],[1157,0],[1412,0],[900,0],]]
[1157,7,4,[[1158,0],[1156,0],[1413,0],[1412,0],[901,0],]]
[1158,7,4,[[1157,0],[1159,0],[1414,0],[902,0],]]
[1159,4,4,[[1160,0],[1158,0],[1415,0],[1414,0],[903,0],]]
[1160,2,4,[[1159,0],[1161,0],[1416,0],[904,0],]]
[1161,14,4,[[1162,0],[1160,0],[1417,0],[1416,0],[905,0],]]
[1162,5,4,[[1161,0],[1163,0],[1418,0],[906,0],]]
[1163,13,4,[[1164,0],[1162,0],[1419,0],[1418,0],[907,0],]]
[1164,12,4,[[1163,0],[1165,0],[1420,0],[908,0],]]
[1165,3,4,[[1166,0],[1164,0],[1421,0],[1420,0],[909,0],]]
[1166,6,4,[[1165,0],[1167,0],[1422,0],[910,0],]]
[1167,12,4,[[1168,0],[1166,0],[1423,0],[1422,0],[911,0],]]
[1168,19,4,[[1167,0],[1169,0],[1424,0],[912,0],]]
[1169,12,4,[[1170,0],[1168,0],[1425,0],[1424,0],[913,0],]]
[1170,19,4,[[1169,0],[1171,0],[1426,0],[914,0],]]
[1171,7,4,[[1172,0],[1170,0],[1427,0],[1426,0],[915,0],]]
[1172,7,4,[[1171,0],[1173,0],[1428,0],[916,0],]]
[1173,4,4,[[1174,0],[1172,0],[1429,0],[1428,0],[917,0],]]
[1174,14,4,[[1173,0],[1175,0],[1430,0],[918,0],]]
[1175,7,4,[[1176,0],[1174,0],[1431,0],[1430,0],[919,0],]]
[1176,2,4,[[1175,0],[1177,0],[1432,0],[920,0],]]
[1177,9,4,[[1178,0],[1176,0],[1433,0],[1432,0],[921,0],]]
[1178,5,4,[[1177,0],[1179,0],[1434,0],[922,0],]]
[1179,6,4,[[1180,0],[1178,0],[1435,0],[1434,0],[923,0],]]
[1180,14,4,[[1179,0],[1181,0],[1436,0],[924,0],]]
[1181,5,4,[[1182,0],[1180,0],[1437,0],[1436,0],[925,0],]]
[1182,9,4,[[1181,0],[1183,0],[1438,0],[926,0],]]
[1183,19,4,[[1184,0],[1182,0],[1439,0],[1438,0],[927,0],]]
[1184,13,5,[[1183,0],[1185,0],[1440,0],[928,0],]]
[1185,18,5,[[1186,0],[1184,0],[1441,0],[1440,0],[929,0],]]
[1186,12,5,[[1185,0],[1187,0],[1442,0],[930,0],]]
[1187,11,5,[[1188,0],[1186,0],[1443,0],[1442,0],[931,0],]]
[1188,12,5,[[1187,0],[1189,0],[1444,0],[932,0],]]
[1189,17,5,[[1190,0],[1188,0],[1445,0],[1444,0],[933,0],]]
[1190,10,5,[[1189,0],[1191,0],[1446,0],[934,0],]]
[1191,8,5,[[1192,0],[1190,0],[1447,0],[1446,0],[935,0],]]
[1192,2,5,[[1191,0],[1193,0],[1448,0],[936,0],]]
[1193,12,5,[[1194,0],[1192,0],[1449,0],[1448,0],[937,0],]]
[1194,6,5,[[1193,0],[1195,0],[1450,0],[938,0],]]
[1195,12,5,[[1196,0],[1194,0],[1451,0],[1450,0],[939,0],]]
[1196,18,5,[[1195,0],[1197,0],[1452,0],[940,0],]]
[1197,6,5,[[1198,0],[1196,0],[1453,0],[1452,0],[941,0],]]
[1198,8,5,[[1197,0],[1199,0],[1454,0],[942,0],]]
[1199,15,5,[[1200,0],[1198,0],[1455,0],[1454,0],[943,0],]]
[1200,6,5,[[1199,0],[1201,0],[1456,0],[944,0],]]
[1201,17,5,[[1202,0],[1200,0],[1457,0],[1456,0],[945,0],]]
[1202,7,5,[[1201,0],[1203,0],[1458,0],[946,0],]]
[1203,7,5,[[1204,0],[1202,0],[1459,0],[1458,0],[947,0],]]
[1204,6,5,[[1203,0],[1205,0],[1460,0],[948,0],]]
[1205,11,5,[[1206,0],[1204,0],[1461,0],[1460,0],[949,0],]]
[1206,7,5,[[1205,0],[1207,0],[1462,0],[950,0],]]
[1207,2,5,[[1208,0],[1206,0],[1463,0],[1462,0],[951,0],]]
[1208,13,5,[[1207,0],[1209,0],[1464,0],[952,0],]]
[1209,3,5,[[1210,0],[1208,0],[1465,0],[1464,0],[953,0],]]
[1210,5,5,[[1209,0],[1211,0],[1466,0],[954,0],]]
[1211,19,5,[[1212,0],[1210,0],[1467,0],[1466,0],[955,0],]]
[1212,14,5,[[1211,0],[1213,0],[1468,0],[956,0],]]
[1213,5,5,[[1214,0],[1212,0],[1469,0],[1468,0],[957,0],]]
[1214,18,5,[[1213,0],[1215,0],[1470,0],[958,0],]]
[1215,7,5,[[1216,0],[1214,0],[1471,0],[1470,0],[959,0],]]
[1216,17,6,[[1215,0],[1217,0],[1472,0],[960,0],]]
[1217,17,6,[[1218,0],[1216,0],[1473,0],[1472,0],[961,0],]]
[1218,14,6,[[1217,0],[1219,0],[1474,0],[962,0],]]
[1219,5,6,[[1220,0],[1218,0],[1475,0],[1474,0],[963,0],]]
[1220,15,6,[[1219,0],[1221,0],[1476,0],[964,0],]]
[1221,18,6,[[1222,0],[1220,0],[1477,0],[1476,0],[965,0],]]
[1222,9,6,[[1221,0],[1223,0],[1478,0],[966,0],]]
[1223,2,6,[[1224,0],[1222,0],[1479,0],[1478,0],[967,0],]]
[1224,7,6,[[1223,0],[1225,0],[1480,0],[968,0],]]
[1225,12,6,[[1226,0],[1224,0],[1481,0],[1480,0],[969,0],]]
[1226,19,6,[[1225,0],[1227,0],[1482,0],[970,0],]]
[1227,6,6,[[1228,0],[1226,0],[1483,0],[1482,0],[971,0],]]
[1228,10,6,[[1227,0],[1229,0],[1484,0],[972,0],]]
[1229,1,6,[[1230,0],[1228,0],[1485,0],[1484,0],[973,0],]]
[1230,3,6,[[1229,0],[1231,0],[1486,0],[974,0],]]
[1231,3,6,[[1232,0],[1230,0],[1487,0],[1486,0],[975,0],]]
[1232,14,6,[[1231,0],[1233,0],[1488,0],[976,0],]]
[1233,11,6,[[1234,0],[1232,0],[1489,0],[1488,0],[977,0],]]
[1234,17,6,[[1233,0],[1235,0],[1490,0],[978,0],]]
[1235,10,6,[[1236,0],[1234,0],[1491,0],[1490,0],[979,0],]]
[1236,4,6,[[1235,0],[1237,0],[1492,0],[980,0],]]
[1237,12,6,[[1238,0],[1236,0],[1493,0],[1492,0],[981,0],]]
[1238,16,6,[[1237,0],[1239,0],[1494,0],[982,0],]]
[1239,5,6,[[1240,0],[1238,0],[1495,0],[1494,0],[983,0],]]
[1240,8,6,[[1239,0],[1241,0],[1496,0],[984,0],]]
[1241,17,6,[[1242,0],[1240,0],[1497,0],[1496,0],[985,0],]]
[1242,10,6,[[1241,0],[1243,0],[1498,0],[986,0],]]
[1243,7,6,[[1244,0],[1242,0],[1499,0],[1498,0],[987,0],]]
[1244,10,6,[[1243,0],[1245,0],[1500,0],[988,0],]]
[1245,8,6,[[1246,0],[1244,0],[1501,0],[1500,0],[989,0],]]
[1246,18,6,[[1245,0],[1247,0],[1502,0],[990,0],]]
[1247,11,6,[[1248,0],[1246,0],[1503,0],[1502,0],[991,0],]]
[1248,14,7,[[1247,0],[1249,0],[1504,0],[992,0],]]
[1249,2,7,[[1250,0],[1248,0],[1505,0],[1504,0],[993,0],]]
[1250,10,7,[[1249,0],[1251,0],[1506,0],[994,0],]]
[1251,7,7,[[1252,0],[1250,0],[1507,0],[1506,0],[995,0],]]
[1252,4,7,[[1251,0],[1253,0],[1508,0],[996,0],]]
[1253,1,7,[[1254,0],[1252,0],[1509,0],[1508,0],[997,0],]]
[1254,4,7,[[1253,0],[1255,0],[1510,0],[998,0],]]
[1255,4,7,[[1256,0],[1254,0],[1511,0],[1510,0],[999,0],]]
[1256,11,7,[[1255,0],[1257,0],[1512,0],[1000,0],]]
[1257,2,7,[[1258,0],[1256,0],[1513,0],[1512,0],[1001,0],]]
[1258,10,7,[[1257,0],[1259,0],[1514,0],[1002,0],]]
[1259,15,7,[[1260,0],[1258,0],[1515,0],[1514,0],[1003,0],]]
[1260,12,7,[[1259,0],[1261,0],[1516,0],[1004,0],]]
[1261,3,7,[[1262,0],[1260,0],[1517,0],[1516,0],[1005,0],]]
[1262,15,7,[[1261,0],[1263,0],[1518,0],[1006,0],]]
[1263,14,7,[[1264,0],[1262,0],[1519,0],[1518,0],[1007,0],]]
[1264,16,7,[[1263,0],[1265,0],[1520,0],[1008,0],]]
[1265,8,7,[[1266,0],[1264,0],[1521,0],[1520,0],[1009,0],]]
[1266,7,7,[[1265,0],[1267,0],[1522,0],[1010,0],]]
[1267,3,7,[[1268,0],[1266,0],[1523,0],[1522,0],[1011,0],]]
[1268,15,7,[[1267,0],[1269,0],[1524,0],[1012,0],]]
[1269,10,7,[[1270,0],[1268,0],[1525,0],[1524,0],[1013,0],]]
[1270,16,7,[[1269,0],[1271,0],[1526,0],[1014,0],]]
[1271,9,7,[[1272,0],[1270,0],[1527,0],[1526,0],[1015,0],]]
[1272,1,7,[[1271,0],[1273,0],[1528,0],[1016,0],]]
[1273,7,7,[[1274,0],[1272,0],[1529,0],[1528,0],[1017,0],]]
[1274,6,7,[[1273,0],[1275,0],[1530,0],[1018,0],]]
[1275,17,7,[[1276,0],[1274,0],[1531,0],[1530,0],[1019,0],]]
[1276,11,7,[[1275,0],[1277,0],[1532,0],[1020,0],]]
[1277,17,7,[[1278,0],[1276,0],[1533,0],[1532,0],[1021,0],]]
[1278,9,7,[[1277,0],[1279,0],[1534,0],[1022,0],]]
[1279,13,7,[[1278,0],[1535,0],[1534,0],[1023,0],]]
[1280,6,0,[[1281,0],[1024,0],[1025,0],[1536,0],]]
[1281,5,0,[[1282,0],[1280,0],[1025,0],[1537,0],]]
[1282,4,0,[[1281,0],[1283,0],[1026,0],[1027,0],[1538,0],]]
[1283,8,0,[[1284,0],[1282,0],[1027,0],[1539,0],]]
[1284,6,0,[[1283,0],[1285,0],[1028,0],[1029,0],[1540,0],]]
[1285,8,0,[[1286,0],[1284,0],[1029,0],[1541,0],]]
[1286,18,0,[[1285,0],[1287,0],[1030,0],[1031,0],[1542,0],]]
[1287,3,0,[[1288,0],[1286,0],[1031,0],[1543,0],]]
[1288,14,0,[[1287,0],[1289,0],[1032,0],[1033,0],[1544,0],]]
[1289,2,0,[[1290,0],[1288,0],[1033,0],[1545,0],]]
[1290,5,0,[[1289,0],[1291,0],[1034,0],[1035,0],[1546,0],]]
[1291,10,0,[[1292,0],[1290,0],[1035,0],[1547,0],]]
[1292,1,0,[[1291,0],[1293,0],[1036,0],[1037,0],[1548,0],]]
[1293,3,0,[[1294,0],[1292,0],[1037,0],[1549,0],]]
[1294,16,0,[[1293,0],[1295,0],[1038,0],[1039,0],[1550,0],]]
[1295,7,0,[[1296,0],[1294,0],[1039,0],[1551,0],]]
[1296,9,0,[[1295,0],[1297,0],[1040,0],[1041,0],[1552,0],]]
[1297,12,0,[[1298,0],[1296,0],[1041,0],[1553,0],]]
[1298,16,0,[[1297,0],[1299,0],[1042,0],[1043,0],[1554,0],]]
[1299,11,0,[[1300,0],[1298,0],[1043,0],[1555,0],]]
[1300,7,0,[[1299,0],[1301,0],[1044,0],[1045,0],[1556,0],]]
[1301,8,0,[[1302,0],[1300,0],[1045,0],[1557,0],]]
[1302,10,0,[[1301,0],[1303,0],[1046,0],[1047,0],[1558,0],]]
[1303,12,0,[[1304,0],[1302,0],[1047,0],[1559,0],]]
[1304,8,0,[[1303,0],[1305,0],[1048,0],[1049,0],[1560,0],]]
[1305,17,0,[[1306,0],[1304,0],[1049,0],[1561,0],]]
[1306,10,0,[[1305,0],[1307,0],[1050,0],[1051,0],[1562,0],]]
[1307,17,0,[[1308,0],[1306,0],[1051,0],[1563,0],]]
[1308,18,0,[[1307,0],[1309,0],[1052,0],[1053,0],[1564,0],]]
[1309,3,0,[[1310,0],[1308,0],[1053,0],[1565,0],]]
