[9830,5,11,[[9829,0],[9831,0],[10086,0],[9574,0],]]
[9831,3,11,[[9832,0],[9830,0],[10087,0],[10086,0],[9575,0],]]
[9832,4,11,[[9831,0],[9833,0],[10088,0],[9576,0],]]
[9833,17,11,[[9834,0],[9832,0],[10089,0],[10088,0],[9577,0],]]
[9834,11,11,[[9833,0],[9835,0],[10090,0],[9578,0],]]
[9835,6,11,[[9836,0],[9834,0],[10091,0],[10090,0],[9579,0],]]
[9836,12,11,[[9835,0],[9837,0],[10092,0],[9580,0],]]
[9837,18,11,[[9838,0],[9836,0],[10093,0],[10092,0],[9581,0],]]
[9838,17,11,[[9837,0],[9839,0],[10094,0],[9582,0],]]
[9839,18,11,[[9840,0],[9838,0],[10095,0],[10094,0],[9583,0],]]
[9840,2,11,[[9839,0],[9841,0],[10096,0],[9584,0],]]
[9841,4,11,[[9842,0],[9840,0],[10097,0],[10096,0],[9585,0],]]
[9842,4,11,[[9841,0],[9843,0],[10098,0],[9586,0],]]
[9843,3,11,[[9844,0],[9842,0],[10099,0],[10098,0],[9587,0],]]
[9844,17,11,[[9843,0],[9845,0],[10100,0],[9588,0],]]
[9845,19,11,[[9846,0],[9844,0],[10101,0],[10100,0],[9589,0],]]
[9846,9,11,[[9845,0],[9847,0],[10102,0],[9590,0],]]
[9847,4,11,[[9848,0],[9846,0],[10103,0],[10102,0],[9591,0],]]
[9848,5,11,[[9847,0],[9849,0],[10104,0],[9592,0],]]
[9849,19,11,[[9850,0],[9848,0],[10105,0],[10104,0],[9593,0],]]
[9850,9,11,[[9849,0],[9851,0],[10106,0],[9594,0],]]
[9851,6,11,[[9852,0],[9850,0],[10107,0],[10106,0],[9595,0],]]
[9852,13,11,[[9851,0],[9853,0],[10108,0],[9596,0],]]
[9853,14,11,[[9854,0],[9852,0],[10109,0],[10108,0],[9597,0],]]
[9854,15,11,[[9853,0],[9855,0],[10110,0],[9598,0],]]
[9855,15,11,[[9856,0],[9854,0],[10111,0],[10110,0],[9599,0],]]
[9856,2,12,[[9855,0],[9857,0],[10112,0],[9600,0],]]
[9857,18,12,[[9858,0],[9856,0],[10113,0],[10112,0],[9601,0],]]
[9858,8,12,[[9857,0],[9859,0],[10114,0],[9602,0],]]
[9859,8,12,[[9860,0],[9858,0],[10115,0],[10114,0],[9603,0],]]
[9860,15,12,[[9859,0],[9861,0],[10116,0],[9604,0],]]
[9861,9,12,[[9862,0],[9860,0],[10117,0],[10116,0],[9605,0],]]
[9862,12,12,[[9861,0],[9863,0],[10118,0],[9606,0],]]
[9863,1,12,[[9864,0],[9862,0],[10119,0],[10118,0],[9607,0],]]
[9864,10,12,[[9863,0],[9865,0],[10120,0],[9608,0],]]
[9865,18,12,[[9866,0],[9864,0],[10121,0],[10120,0],[9609,0],]]
[9866,6,12,[[9865,0],[9867,0],[10122,0],[9610,0],]]
[9867,17,12,[[9868,0],[9866,0],[10123,0],[10122,0],[9611,0],]]
[9868,18,12,[[9867,0],[9869,0],[10124,0],[9612,0],]]
[9869,7,12,[[9870,0],[9868,0],[10125,0],[10124,0],[9613,0],]]
[9870,8,12,[[9869,0],[9871,0],[10126,0],[9614,0],]]
[9871,13,12,[[9872,0],[9870,0],[10127,0],[10126,0],[9615,0],]]
[9872,10,12,[[9871,0],[9873,0],[10128,0],[9616,0],]]
[9873,7,12,[[9874,0],[9872,0],[10129,0],[10128,0],[9617,0],]]
[9874,2,12,[[9873,0],[9875,0],[10130,0],[9618,0],]]
[9875,10,12,[[9876,0],[9874,0],[10131,0],[10130,0],[9619,0],]]
[9876,12,12,[[9875,0],[9877,0],[10132,0],[9620,0],]]
[9877,13,12,[[9878,0],[9876,0],[10133,0],[10132,0],[9621,0],]]
[9878,2,12,[[9877,0],[9879,0],[10134,0],[9622,0],]]
[9879,9,12,[[9880,0],[9878,0],[10135,0],[10134,0],[9623,0],]]
[9880,14,12,[[9879,0],[9881,0],[10136,0],[9624,0],]]
[9881,11,12,[[9882,0],[9880,0],[10137,0],[10136,0],[9625,0],]]
[9882,1,12,[[9881,0],[9883,0],[10138,0],[9626,0],]]
[9883,12,12,[[9884,0],[9882,0],[10139,0],[10138,0],[9627,0],]]
[9884,19,12,[[9883,0],[9885,0],[10140,0],[9628,0],]]
[9885,6,12,[[9886,0],[9884,0],[10141,0],[10140,0],[9629,0],]]
[9886,15,12,[[9885,0],[9887,0],[10142,0],[9630,0],]]
[9887,5,12,[[9888,0],[9886,0],[10143,0],[10142,0],[9631,0],]]
[9888,17,13,[[9887,0],[9889,0],[10144,0],[9632,0],]]
[9889,1,13,[[9890,0],[9888,0],[10145,0],[10144,0],[9633,0],]]
[9890,3,13,[[9889,0],[9891,0],[10146,0],[9634,0],]]
[9891,8,13,[[9892,0],[9890,0],[10147,0],[10146,0],[9635,0],]]
[9892,2,13,[[9891,0],[9893,0],[10148,0],[9636,0],]]
[9893,10,13,[[9894,0],[9892,0],[10149,0],[10148,0],[9637,0],]]
[9894,5,13,[[9893,0],[9895,0],[10150,0],[9638,0],]]
[9895,17,13,[[9896,0],[9894,0],[10151,0],[10150,0],[9639,0],]]
[9896,5,13,[[9895,0],[9897,0],[10152,0],[9640,0],]]
[9897,6,13,[[9898,0],[9896,0],[10153,0],[10152,0],[9641,0],]]
[9898,18,13,[[9897,0],[9899,0],[10154,0],[9642,0],]]
[9899,13,13,[[9900,0],[9898,0],[10155,0],[10154,0],[9643,0],]]
[9900,10,13,[[9899,0],[9901,0],[10156,0],[9644,0],]]
[9901,9,13,[[9902,0],[9900,0],[10157,0],[10156,0],[9645,0],]]
[9902,1,13,[[9901,0],[9903,0],[10158,0],[9646,0],]]
[9903,19,13,[[9904,0],[9902,0],[10159,0],[10158,0],[9647,0],]]
[9904,14,13,[[9903,0],[9905,0],[10160,0],[9648,0],]]
[9905,11,13,[[9906,0],[9904,0],[10161,0],[10160,0],[9649,0],]]
[9906,5,13,[[9905,0],[9907,0],[10162,0],[9650,0],]]
[9907,10,13,[[9908,0],[9906,0],[10163,0],[10162,0],[9651,0],]]
[9908,14,13,[[9907,0],[9909,0],[10164,0],[9652,0],]]
[9909,19,13,[[9910,0],[9908,0],[10165,0],[10164,0],[9653,0],]]
[9910,13,13,[[9909,0],[9911,0],[10166,0],[9654,0],]]
[9911,10,13,[[9912,0],[9910,0],[10167,0],[10166,0],[9655,0],]]
[9912,6,13,[[9911,0],[9913,0],[10168,0],[9656,0],]]
[9913,4,13,[[9914,0],[9912,0],[10169,0],[10168,0],[9657,0],]]
[9914,2,13,[[9913,0],[9915,0],[10170,0],[9658,0],]]
[9915,14,13,[[9916,0],[9914,0],[10171,0],[10170,0],[9659,0],]]
[9916,16,13,[[9915,0],[9917,0],[10172,0],[9660,0],]]
[9917,16,13,[[9918,0],[9916,0],[10173,0],[10172,0],[9661,0],]]
[9918,7,13,[[9917,0],[9919,0],[10174,0],[9662,0],]]
[9919,3,13,[[9920,0],[9918,0],[10175,0],[10174,0],[9663,0],]]
[9920,4,14,[[9919,0],[9921,0],[10176,0],[9664,0],]]
[9921,6,14,[[9922,0],[9920,0],[10177,0],[10176,0],[9665,0],]]
[9922,8,14,[[9921,0],[9923,0],[10178,0],[9666,0],]]
[9923,3,14,[[9924,0],[9922,0],[10179,0],[10178,0],[9667,0],]]
[9924,5,14,[[9923,0],[9925,0],[10180,0],[9668,0],]]
[9925,6,14,[[9926,0],[9924,0],[10181,0],[10180,0],[9669,0],]]
[9926,11,14,[[9925,0],[9927,0],[10182,0],[9670,0],]]
[9927,17,14,[[9928,0],[9926,0],[10183,0],[10182,0],[9671,0],]]
[9928,1,14,[[9927,0],[9929,0],[10184,0],[9672,0],]]
[9929,1,14,[[9930,0],[9928,0],[10185,0],[10184,0],[9673,0],]]
[9930,13,14,[[9929,0],[9931,0],[10186,0],[9674,0],]]
[9931,17,14,[[9932,0],[9930,0],[10187,0],[10186,0],[9675,0],]]
[9932,11,14,[[9931,0],[9933,0],[10188,0],[9676,0],]]
[9933,13,14,[[9934,0],[9932,0],[10189,0],[10188,0],[9677,0],]]
[9934,11,14,[[9933,0],[9935,0],[10190,0],[9678,0],]]
[9935,17,14,[[9936,0],[9934,0],[10191,0],[10190,0],[9679,0],]]
[9936,10,14,[[9935,0],[9937,0],[10192,0],[9680,0],]]
[9937,8,14,[[9938,0],[9936,0],[10193,0],[10192,0],[9681,0],]]
[9938,7,14,[[9937,0],[9939,0],[10194,0],[9682,0],]]
[9939,14,14,[[9940,0],[9938,0],[10195,0],[10194,0],[9683,0],]]
[9940,13,14,[[9939,0],[9941,0],[10196,0],[9684,0],]]
[9941,2,14,[[9942,0],[9940,0],[10197,0],[10196,0],[9685,0],]]
[9942,12,14,[[9941,0],[9943,0],[10198,0],[9686,0],]]
[9943,17,14,[[9944,0],[9942,0],[10199,0],[10198,0],[9687,0],]]
[9944,9,14,[[9943,0],[9945,0],[10200,0],[9688,0],]]
[9945,10,14,[[9946,0],[9944,0],[10201,0],[10200,0],[9689,0],]]
[9946,9,14,[[9945,0],[9947,0],[10202,0],[9690,0],]]
[9947,13,14,[[9948,0],[9946,0],[10203,0],[10202,0],[9691,0],]]
[9948,14,14,[[9947,0],[9949,0],[10204,0],[9692,0],]]
[9949,7,14,[[9950,0],[9948,0],[10205,0],[10204,0],[9693,0],]]
[9950,2,14,[[9949,0],[9951,0],[10206,0],[9694,0],]]
[9951,12,14,[[9952,0],[9950,0],[10207,0],[10206,0],[9695,0],]]
[9952,1,15,[[9951,0],[9953,0],[10208,0],[9696,0],]]
[9953,2,15,[[9954,0],[9952,0],[10209,0],[10208,0],[9697,0],]]
[9954,16,15,[[9953,0],[9955,0],[10210,0],[9698,0],]]
[9955,15,15,[[9956,0],[9954,0],[10211,0],[10210,0],[9699,0],]]
[9956,12,15,[[9955,0],[9957,0],[10212,0],[9700,0],]]
[9957,14,15,[[9958,0],[9956,0],[10213,0],[10212,0],[9701,0],]]
[9958,18,15,[[9957,0],[9959,0],[10214,0],[9702,0],]]
[9959,4,15,[[9960,0],[9958,0],[10215,0],[10214,0],[9703,0],]]
[9960,8,15,[[9959,0],[9961,0],[10216,0],[9704,0],]]
[9961,7,15,[[9962,0],[9960,0],[10217,0],[10216,0],[9705,0],]]
[9962,4,15,[[9961,0],[9963,0],[10218,0],[9706,0],]]
[9963,9,15,[[9964,0],[9962,0],[10219,0],[10218,0],[9707,0],]]
[9964,6,15,[[9963,0],[9965,0],[10220,0],[9708,0],]]
[9965,6,15,[[9966,0],[9964,0],[10221,0],[10220,0],[9709,0],]]
[9966,3,15,[[9965,0],[9967,0],[10222,0],[9710,0],]]
[9967,11,15,[[9968,0],[9966,0],[10223,0],[10222,0],[9711,0],]]
[9968,2,15,[[9967,0],[9969,0],[10224,0],[9712,0],]]
[9969,7,15,[[9970,0],[9968,0],[10225,0],[10224,0],[9713,0],]]
[9970,4,15,[[9969,0],[9971,0],[10226,0],[9714,0],]]
[9971,14,15,[[9972,0],[9970,0],[10227,0],[10226,0],[9715,0],]]
[9972,14,15,[[9971,0],[9973,0],[10228,0],[9716,0],]]
[9973,8,15,[[9974,0],[9972,0],[10229,0],[10228,0],[9717,0],]]
[9974,10,15,[[9973,0],[9975,0],[10230,0],[9718,0],]]
[9975,16,15,[[9976,0],[9974,0],[10231,0],[10230,0],[9719,0],]]
[9976,6,15,[[9975,0],[9977,0],[10232,0],[9720,0],]]
[9977,16,15,[[9978,0],[9976,0],[10233,0],[10232,0],[9721,0],]]
[9978,10,15,[[9977,0],[9979,0],[10234,0],[9722,0],]]
[9979,5,15,[[9980,0],[9978,0],[10235,0],[10234,0],[9723,0],]]
[9980,15,15,[[9979,0],[9981,0],[10236,0],[9724,0],]]
[9981,8,15,[[9982,0],[9980,0],[10237,0],[10236,0],[9725,0],]]
[9982,9,15,[[9981,0],[9983,0],[10238,0],[9726,0],]]
[9983,19,15,[[9982,0],[10239,0],[10238,0],[9727,0],]]
[9984,7,8,[[9985,0],[9728,0],[9729,0],[10240,0],]]
[9985,7,8,[[9986,0],[9984,0],[9729,0],[10241,0],]]
[9986,14,8,[[9985,0],[9987,0],[9730,0],[9731,0],[10242,0],]]
[9987,19,8,[[9988,0],[9986,0],[9731,0],[10243,0],]]
[9988,6,8,[[9987,0],[9989,0],[9732,0],[9733,0],[10244,0],]]
[9989,16,8,[[9990,0],[9988,0],[9733,0],[10245,0],]]
[9990,15,8,[[9989,0],[9991,0],[9734,0],[9735,0],[10246,0],]]
[9991,2,8,[[9992,0],[9990,0],[9735,0],[10247,0],]]
[9992,17,8,[[9991,0],[9993,0],[9736,0],[9737,0],[10248,0],]]
[9993,9,8,[[9994,0],[9992,0],[9737,0],[10249,0],]]
[9994,2,8,[[9993,0],[9995,0],[9738,0],[9739,0],[10250,0],]]
[9995,11,8,[[9996,0],[9994,0],[9739,0],[10251,0],]]
[9996,16,8,[[9995,0],[9997,0],[9740,0],[9741,0],[10252,0],]]
[9997,10,8,[[9998,0],[9996,0],[9741,0],[10253,0],]]
[9998,8,8,[[9997,0],[9999,0],[9742,0],[9743,0],[10254,0],]]
[9999,19,8,[[10000,0],[9998,0],[9743,0],[10255,0],]]
[10000,18,8,[[9999,0],[10001,0],[9744,0],[9745,0],[10256,0],]]
[10001,11,8,[[10002,0],[10000,0],[9745,0],[10257,0],]]
[10002,8,8,[[10001,0],[10003,0],[9746,0],[9747,0],[10258,0],]]
[10003,12,8,[[10004,0],[10002,0],[9747,0],[10259,0],]]
[10004,15,8,[[10003,0],[10005,0],[9748,0],[9749,0],[10260,0],]]
[10005,7,8,[[10006,0],[10004,0],[9749,0],[10261,0],]]
[10006,14,8,[[10005,0],[10007,0],[9750,0],[9751,0],[10262,0],]]
[10007,16,8,[[10008,0],[10006,0],[9751,0],[10263,0],]]
[10008,8,8,[[10007,0],[10009,0],[9752,0],[9753,0],[10264,0],]]
[10009,19,8,[[10010,0],[10008,0],[9753,0],[10265,0],]]
[10010,12,8,[[10009,0],[10011,0],[9754,0],[9755,0],[10266,0],]]
[10011,13,8,[[10012,0],[10010,0],[9755,0],[10267,0],]]
[10012,8,8,[[10011,0],[10013,0],[9756,0],[9757,0],[10268,0],]]
[10013,14,8,[[10014,0],[10012,0],[9757,0],[10269,0],]]
[10014,15,8,[[10013,0],[10015,0],[9758,0],[9759,0],[10270,0],]]
[10015,6,8,[[10016,0],[10014,0],[9759,0],[10271,0],]]
[10016,18,9,[[10015,0],[10017,0],[9760,0],[9761,0],[10272,0],]]
[10017,7,9,[[10018,0],[10016,0],[9761,0],[10273,0],]]
[10018,7,9,[[10017,0],[10019,0],[9762,0],[9763,0],[10274,0],]]
[10019,11,9,[[10020,0],[10018,0],[9763,0],[10275,0],]]
[10020,13,9,[[10019,0],[10021,0],[9764,0],[9765,0],[10276,0],]]
[10021,5,9,[[10022,0],[10020,0],[9765,0],[10277,0],]]
[10022,18,9,[[10021,0],[10023,0],[9766,0],[9767,0],[10278,0],]]
[10023,10,9,[[10024,0],[10022,0],[9767,0],[10279,0],]]
[10024,11,9,[[10023,0],[10025,0],[9768,0],[9769,0],[10280,0],]]
[10025,4,9,[[10026,0],[10024,0],[9769,0],[10281,0],]]
[10026,6,9,[[10025,0],[10027,0],[9770,0],[9771,0],[10282,0],]]
[10027,5,9,[[10028,0],[10026,0],[9771,0],[10283,0],]]
[10028,14,9,[[10027,0],[10029,0],[9772,0],[9773,0],[10284,0],]]
[10029,17,9,[[10030,0],[10028,0],[9773,0],[10285,0],]]
[10030,2,9,[[10029,0],[10031,0],[9774,0],[9775,0],[10286,0],]]
[10031,3,9,[[10032,0],[10030,0],[9775,0],[10287,0],]]
[10032,8,9,[[10031,0],[10033,0],[9776,0],[9777,0],[10288,0],]]
[10033,13,9,[[10034,0],[10032,0],[9777,0],[10289,0],]]
[10034,17,9,[[10033,0],[10035,0],[9778,0],[9779,0],[10290,0],]]
[10035,11,9,[[10036,0],[10034,0],[9779,0],[10291,0],]]
[10036,9,9,[[10035,0],[10037,0],[9780,0],[9781,0],[10292,0],]]
[10037,9,9,[[10038,0],[10036,0],[9781,0],[10293,0],]]
[10038,5,9,[[10037,0],[10039,0],[9782,0],[9783,0],[10294,0],]]
[10039,10,9,[[10040,0],[10038,0],[9783,0],[10295,0],]]
[10040,1,9,[[10039,0],[10041,0],[9784,0],[9785,0],[10296,0],]]
[10041,1,9,[[10042,0],[10040,0],[9785,0],[10297,0],]]
[10042,6,9,[[10041,0],[10043,0],[9786,0],[9787,0],[10298,0],]]
[10043,10,9,[[10044,0],[10042,0],[9787,0],[10299,0],]]
[10044,6,9,[[10043,0],[10045,0],[9788,0],[9789,0],[10300,0],]]
[10045,11,9,[[10046,0],[10044,0],[9789,0],[10301,0],]]
[10046,16,9,[[10045,0],[10047,0],[9790,0],[9791,0],[10302,0],]]
[10047,9,9,[[10048,0],[10046,0],[9791,0],[10303,0],]]
[10048,9,10,[[10047,0],[10049,0],[9792,0],[9793,0],[10304,0],]]
[10049,1,10,[[10050,0],[10048,0],[9793,0],[10305,0],]]
[10050,18,10,[[10049,0],[10051,0],[9794,0],[9795,0],[10306,0],]]
[10051,18,10,[[10052,0],[10050,0],[9795,0],[10307,0],]]
[10052,10,10,[[10051,0],[10053,0],[9796,0],[9797,0],[10308,0],]]
[10053,19,10,[[10054,0],[10052,0],[9797,0],[10309,0],]]
[10054,15,10,[[10053,0],[10055,0],[9798,0],[9799,0],[10310,0],]]
[10055,9,10,[[10056,0],[10054,0],[9799,0],[10311,0],]]
[10056,17,10,[[10055,0],[10057,0],[9800,0],[9801,0],[10312,0],]]
[10057,12,10,[[10058,0],[10056,0],[9801,0],[10313,0],]]
[10058,11,10,[[10057,0],[10059,0],[9802,0],[9803,0],[10314,0],]]
[10059,17,10,[[10060,0],[10058,0],[9803,0],[10315,0],]]
[10060,7,10,[[10059,0],[10061,0],[9804,0],[9805,0],[10316,0],]]
[10061,9,10,[[10062,0],[10060,0],[9805,0],[10317,0],]]
[10062,9,10,[[10061,0],[10063,0],[9806,0],[9807,0],[10318,0],]]
[10063,18,10,[[10064,0],[10062,0],[9807,0],[10319,0],]]
[10064,4,10,[[10063,0],[10065,0],[9808,0],[9809,0],[10320,0],]]
[10065,14,10,[[10066,0],[10064,0],[9809,0],[10321,0],]]
[10066,13,10,[[10065,0],[10067,0],[9810,0],[9811,0],[10322,0],]]
[10067,18,10,[[10068,0],[10066,0],[9811,0],[10323,0],]]
[10068,5,10,[[10067,0],[10069,0],[9812,0],[9813,0],[10324,0],]]
[10069,17,10,[[10070,0],[10068,0],[9813,0],[10325,0],]]
[10070,15,10,[[10069,0],[10071,0],[9814,0],[9815,0],[10326,0],]]
[10071,18,10,[[10072,0],[10070,0],[9815,0],[10327,0],]]
[10072,4,10,[[10071,0],[10073,0],[9816,0],[9817,0],[10328,0],]]
[10073,6,10,[[10074,0],[10072,0],[9817,0],[10329,0],]]
[10074,13,10,[[10073,0],[10075,0],[9818,0],[9819,0],[10330,0],]]
[10075,4,10,[[10076,0],[10074,0],[9819,0],[10331,0],]]
[10076,5,10,[[10075,0],[10077,0],[9820,0],[9821,0],[10332,0],]]
[10077,4,10,[[10078,0],[10076,0],[9821,0],[10333,0],]]
[10078,18,10,[[10077,0],[10079,0],[9822,0],[9823,0],[10334,0],]]
[10079,13,10,[[10080,0],[10078,0],[9823,0],[10335,0],]]
[10080,19,11,[[10079,0],[10081,0],[9824,0],[9825,0],[10336,0],]]
[10081,18,11,[[10082,0],[10080,0],[9825,0],[10337,0],]]
[10082,9,11,[[10081,0],[10083,0],[9826,0],[9827,0],[10338,0],]]
[10083,8,11,[[10084,0],[10082,0],[9827,0],[10339,0],]]
[10084,14,11,[[10083,0],[10085,0],[9828,0],[9829,0],[10340,0],]]
[10085,13,11,[[10086,0],[10084,0],[9829,0],[10341,0],]]
[10086,2,11,[[10085,0],[10087,0],[9830,0],[9831,0],[10342,0],]]
[10087,17,11,[[10088,0],[10086,0],[9831,0],[10343,0],]]
[10088,5,11,[[10087,0],[10089,0],[9832,0],[9833,0],[10344,0],]]
[10089,14,11,[[10090,0],[10088,0],[9833,0],[10345,0],]]
[10090,11,11,[[10089,0],[10091,0],[9834,0],[9835,0],[10346,0],]]
[10091,11,11,[[10092,0],[10090,0],[9835,0],[10347,0],]]
[10092,2,11,[[10091,0],[10093,0],[9836,0],[9837,0],[10348,0],]]
[10093,16,11,[[10094,0],[10092,0],[9837,0],[10349,0],]]
[10094,8,11,[[10093,0],[10095,0],[9838,0],[9839,0],[10350,0],]]
[10095,6,11,[[10096,0],[10094,0],[9839,0],[10351,0],]]
[10096,4,11,[[10095,0],[10097,0],[9840,0],[9841,0],[10352,0],]]
[10097,1,11,[[10098,0],[10096,0],[9841,0],[10353,0],]]
[10098,5,11,[[10097,0],[10099,0],[9842,0],[9843,0],[10354,0],]]
[10099,1,11,[[10100,0],[10098,0],[9843,0],[10355,0],]]
[10100,2,11,[[10099,0],[10101,0],[9844,0],[9845,0],[10356,0],]]
[10101,17,11,[[10102,0],[10100,0],[9845,0],[10357,0],]]
[10102,8,11,[[10101,0],[10103,0],[9846,0],[9847,0],[10358,0],]]
[10103,16,11,[[10104,0],[10102,0],[9847,0],[10359,0],]]
[10104,7,11,[[10103,0],[10105,0],[9848,0],[9849,0],[10360,0],]]
[10105,14,11,[[10106,0],[10104,0],[9849,0],[10361,0],]]
[10106,9,11,[[10105,0],[10107,0],[9850,0],[9851,0],[10362,0],]]
[10107,15,11,[[10108,0],[10106,0],[9851,0],[10363,0],]]
[10108,16,11,[[10107,0],[10109,0],[9852,0],[9853,0],[10364,0],]]
[10109,1,11,[[10110,0],[10108,0],[9853,0],[10365,0],]]
[10110,7,11,[[10109,0],[10111,0],[9854,0],[9855,0],[10366,0],]]
[10111,13,11,[[10112,0],[10110,0],[9855,0],[10367,0],]]
[10112,15,12,[[10111,0],[10113,0],[9856,0],[9857,0],[10368,0],]]
[10113,11,12,[[10114,0],[10112,0],[9857,0],[10369,0],]]
[10114,6,12,[[10113,0],[10115,0],[9858,0],[9859,0],[10370,0],]]
[10115,9,12,[[10116,0],[10114,0],[9859,0],[10371,0],]]
[10116,14,12,[[10115,0],[10117,0],[9860,0],[9861,0],[10372,0],]]
[10117,14,12,[[10118,0],[10116,0],[9861,0],[10373,0],]]
[10118,12,12,[[10117,0],[10119,0],[9862,0],[9863,0],[10374,0],]]
[10119,13,12,[[10120,0],[10118,0],[9863,0],[10375,0],]]
[10120,4,12,[[10119,0],[10121,0],[9864,0],[9865,0],[10376,0],]]
[10121,16,12,[[10122,0],[10120,0],[9865,0],[10377,0],]]
[10122,2,12,[[10121,0],[10123,0],[9866,0],[9867,0],[10378,0],]]
[10123,1,12,[[10124,0],[10122,0],[9867,0],[10379,0],]]
[10124,15,12,[[10123,0],[10125,0],[9868,0],[9869,0],[10380,0],]]
[10125,17,12,[[10126,0],[10124,0],[9869,0],[10381,0],]]
[10126,11,12,[[10125,0],[10127,0],[9870,0],[9871,0],[10382,0],]]
[10127,6,12,[[10128,0],[10126,0],[9871,0],[10383,0],]]
[10128,14,12,[[10127,0],[10129,0],[9872,0],[9873,0],[10384,0],]]
[10129,7,12,[[10130,0],[10128,0],[9873,0],[10385,0],]]
[10130,6,12,[[10129,0],[10131,0],[9874,0],[9875,0],[10386,0],]]
[10131,19,12,[[10132,0],[10130,0],[9875,0],[10387,0],]]
[10132,7,12,[[10131,0],[10133,0],[9876,0],[9877,0],[10388,0],]]
[10133,14,12,[[10134,0],[10132,0],[9877,0],[10389,0],]]
[10134,17,12,[[10133,0],[10135,0],[9878,0],[9879,0],[10390,0],]]
[10135,9,12,[[10136,0],[10134,0],[9879,0],[10391,0],]]
[10136,6,12,[[10135,0],[10137,0],[9880,0],[9881,0],[10392,0],]]
[10137,16,12,[[10138,0],[10136,0],[9881,0],[10393,0],]]
[10138,5,12,[[10137,0],[10139,0],[9882,0],[9883,0],[10394,0],]]
[10139,14,12,[[10140,0],[10138,0],[9883,0],[10395,0],]]
[10140,10,12,[[10139,0],[10141,0],[9884,0],[9885,0],[10396,0],]]
[10141,11,12,[[10142,0],[10140,0],[9885,0],[10397,0],]]
[10142,19,12,[[10141,0],[10143,0],[9886,0],[9887,0],[10398,0],]]
[10143,10,12,[[10144,0],[10142,0],[9887,0],[10399,0],]]
[10144,3,13,[[10143,0],[10145,0],[9888,0],[9889,0],[10400,0],]]
[10145,11,13,[[10146,0],[10144,0],[9889,0],[10401,0],]]
[10146,14,13,[[10145,0],[10147,0],[9890,0],[9891,0],[10402,0],]]
[10147,9,13,[[10148,0],[10146,0],[9891,0],[10403,0],]]
[10148,5,13,[[10147,0],[10149,0],[9892,0],[9893,0],[10404,0],]]
[10149,12,13,[[10150,0],[10148,0],[9893,0],[10405,0],]]
[10150,10,13,[[10149,0],[10151,0],[9894,0],[9895,0],[10406,0],]]
[10151,4,13,[[10152,0],[10150,0],[9895,0],[10407,0],]]
[10152,10,13,[[10151,0],[10153,0],[9896,0],[9897,0],[10408,0],]]
[10153,19,13,[[10154,0],[10152,0],[9897,0],[10409,0],]]
[10154,19,13,[[10153,0],[10155,0],[9898,0],[9899,0],[10410,0],]]
[10155,5,13,[[10156,0],[10154,0],[9899,0],[10411,0],]]
[10156,13,13,[[10155,0],[10157,0],[9900,0],[9901,0],[10412,0],]]
[10157,14,13,[[10158,0],[10156,0],[9901,0],[10413,0],]]
[10158,7,13,[[10157,0],[10159,0],[9902,0],[9903,0],[10414,0],]]
[10159,19,13,[[10160,0],[10158,0],[9903,0],[10415,0],]]
[10160,14,13,[[10159,0],[10161,0],[9904,0],[9905,0],[10416,0],]]
[10161,9,13,[[10162,0],[10160,0],[9905,0],[10417,0],]]
[10162,10,13,[[10161,0],[10163,0],[9906,0],[9907,0],[10418,0],]]
[10163,8,13,[[10164,0],[10162,0],[9907,0],[10419,0],]]
[10164,18,13,[[10163,0],[10165,0],[9908,0],[9909,0],[10420,0],]]
[10165,14,13,[[10166,0],[10164,0],[9909,0],[10421,0],]]
[10166,14,13,[[10165,0],[10167,0],[9910,0],[9911,0],[10422,0],]]
[10167,18,13,[[10168,0],[10166,0],[9911,0],[10423,0],]]
[10168,15,13,[[10167,0],[10169,0],[9912,0],[9913,0],[10424,0],]]
[10169,8,13,[[10170,0],[10168,0],[9913,0],[10425,0],]]
[10170,13,13,[[10169,0],[10171,0],[9914,0],[9915,0],[10426,0],]]
[10171,2,13,[[10172,0],[10170,0],[9915,0],[10427,0],]]
[10172,11,13,[[10171,0],[10173,0],[9916,0],[9917,0],[10428,0],]]
[10173,4,13,[[10174,0],[10172,0],[9917,0],[10429,0],]]
[10174,3,13,[[10173,0],[10175,0],[9918,0],[9919,0],[10430,0],]]
[10175,8,13,[[10176,0],[10174,0],[9919,0],[10431,0],]]
[10176,7,14,[[10175,0],[10177,0],[9920,0],[9921,0],[10432,0],]]
[10177,6,14,[[10178,0],[10176,0],[9921,0],[10433,0],]]
[10178,6,14,[[10177,0],[10179,0],[9922,0],[9923,0],[10434,0],]]
[10179,2,14,[[10180,0],[10178,0],[9923,0],[10435,0],]]
[10180,10,14,[[10179,0],[10181,0],[9924,0],[9925,0],[10436,0],]]
[10181,18,14,[[10182,0],[10180,0],[9925,0],[10437,0],]]
[10182,14,14,[[10181,0],[10183,0],[9926,0],[9927,0],[10438,0],]]
[10183,17,14,[[10184,0],[10182,0],[9927,0],[10439,0],]]
[10184,15,14,[[10183,0],[10185,0],[9928,0],[9929,0],[10440,0],]]
[10185,3,14,[[10186,0],[10184,0],[9929,0],[10441,0],]]
[10186,2,14,[[10185,0],[10187,0],[9930,0],[9931,0],[10442,0],]]
[10187,12,14,[[10188,0],[10186,0],[9931,0],[10443,0],]]
[10188,2,14,[[10187,0],[10189,0],[9932,0],[9933,0],[10444,0],]]
[10189,11,14,[[10190,0],[10188,0],[9933,0],[10445,0],]]
[10190,5,14,[[10189,0],[10191,0],[9934,0],[9935,0],[10446,0],]]
[10191,16,14,[[10192,0],[10190,0],[9935,0],[10447,0],]]
[10192,11,14,[[10191,0],[10193,0],[9936,0],[9937,0],[10448,0],]]
[10193,10,14,[[10194,0],[10192,0],[9937,0],[10449,0],]]
[10194,8,14,[[10193,0],[10195,0],[9938,0],[9939,0],[10450,0],]]
[10195,3,14,[[10196,0],[10194,0],[9939,0],[10451,0],]]
[10196,12,14,[[10195,0],[10197,0],[9940,0],[9941,0],[10452,0],]]
[10197,7,14,[[10198,0],[10196,0],[9941,0],[10453,0],]]
[10198,1,14,[[10197,0],[10199,0],[9942,0],[9943,0],[10454,0],]]
[10199,5,14,[[10200,0],[10198,0],[9943,0],[10455,0],]]
[10200,8,14,[[10199,0],[10201,0],[9944,0],[9945,0],[10456,0],]]
[10201,10,14,[[10202,0],[10200,0],[9945,0],[10457,0],]]
[10202,7,14,[[10201,0],[10203,0],[9946,0],[9947,0],[10458,0],]]
[10203,18,14,[[10204,0],[10202,0],[9947,0],[10459,0],]]
[10204,7,14,[[10203,0],[10205,0],[9948,0],[9949,0],[10460,0],]]
[10205,9,14,[[10206,0],[10204,0],[9949,0],[10461,0],]]
[10206,13,14,[[10205,0],[10207,0],[9950,0],[9951,0],[10462,0],]]
[10207,11,14,[[10208,0],[10206,0],[9951,0],[10463,0],]]
[10208,1,15,[[10207,0],[10209,0],[9952,0],[9953,0],[10464,0],]]
[10209,13,15,[[10210,0],[10208,0],[9953,0],[10465,0],]]
[10210,8,15,[[10209,0],[10211,0],[9954,0],[9955,0],[10466,0],]]
[10211,12,15,[[10212,0],[10210,0],[9955,0],[10467,0],]]
[10212,14,15,[[10211,0],[10213,0],[9956,0],[9957,0],[10468,0],]]
[10213,4,15,[[10214,0],[10212,0],[9957,0],[10469,0],]]
[10214,10,15,[[10213,0],[10215,0],[9958,0],[9959,0],[10470,0],]]
[10215,9,15,[[10216,0],[10214,0],[9959,0],[10471,0],]]
[10216,12,15,[[10215,0],[10217,0],[9960,0],[9961,0],[10472,0],]]
[10217,5,15,[[10218,0],[10216,0],[9961,0],[10473,0],]]
[10218,2,15,[[10217,0],[10219,0],[9962,0],[9963,0],[10474,0],]]
[10219,18,15,[[10220,0],[10218,0],[9963,0],[10475,0],]]
[10220,18,15,[[10219,0],[10221,0],[9964,0],[9965,0],[10476,0],]]
[10221,2,15,[[10222,0],[10220,0],[9965,0],[10477,0],]]
[10222,18,15,[[10221,0],[10223,0],[9966,0],[9967,0],[10478,0],]]
[10223,19,15,[[10224,0],[10222,0],[9967,0],[10479,0],]]
[10224,5,15,[[10223,0],[10225,0],[9968,0],[9969,0],[10480,0],]]
[10225,1,15,[[10226,0],[10224,0],[9969,0],[10481,0],]]
[10226,7,15,[[10225,0],[10227,0],[9970,0],[9971,0],[10482,0],]]
[10227,14,15,[[10228,0],[10226,0],[9971,0],[10483,0],]]
[10228,15,15,[[10227,0],[10229,0],[9972,0],[9973,0],[10484,0],]]
[10229,17,15,[[10230,0],[10228,0],[9973,0],[10485,0],]]
[10230,9,15,[[10229,0],[10231,0],[9974,0],[9975,0],[10486,0],]]
[10231,12,15,[[10232,0],[10230,0],[9975,0],[10487,0],]]
[10232,19,15,[[10231,0],[10233,0],[9976,0],[9977,0],[10488,0],]]
[10233,9,15,[[10234,0],[10232,0],[9977,0],[10489,0],]]
[10234,18,15,[[10233,0],[10235,0],[9978,0],[9979,0],[10490,0],]]
[10235,15,15,[[10236,0],[10234,0],[9979,0],[10491,0],]]
[10236,12,15,[[10235,0],[10237,0],[9980,0],[9981,0],[10492,0],]]
[10237,19,15,[[10238,0],[10236,0],[9981,0],[10493,0],]]
[10238,11,15,[[10237,0],[10239,0],[9982,0],[9983,0],[10494,0],]]
[10239,5,15,[[10238,0],[9983,0],[10495,0],]]
[10240,3,8,[[10241,0],[10496,0],[9984,0],]]
[10241,19,8,[[10242,0],[10240,0],[10497,0],[10496,0],[9985,0],]]
[10242,18,8,[[10241,0],[10243,0],[10498,0],[9986,0],]]
[10243,4,8,[[10244,0],[10242,0],[10499,0],[10498,0],[9987,0],]]
[10244,18,8,[[10243,0],[10245,0],[10500,0],[9988,0],]]
[10245,11,8,[[10246,0],[10244,0],[10501,0],[10500,0],[9989,0],]]
[10246,3,8,[[10245,0],[10247,0],[10502,0],[9990,0],]]
[10247,17,8,[[10248,0],[10246,0],[10503,0],[10502,0],[9991,0],]]
[10248,9,8,[[10247,0],[10249,0],[10504,0],[9992,0],]]
[10249,6,8,[[10250,0],[10248,0],[10505,0],[10504,0],[9993,0],]]
[10250,16,8,[[10249,0],[10251,0],[10506,0],[9994,0],]]
[10251,5,8,[[10252,0],[10250,0],[10507,0],[10506,0],[9995,0],]]
[10252,16,8,[[10251,0],[10253,0],[10508,0],[9996,0],]]
[10253,19,8,[[10254,0],[10252,0],[10509,0],[10508,0],[9997,0],]]
[10254,7,8,[[10253,0],[10255,0],[10510,0],[9998,0],]]
[10255,10,8,[[10256,0],[10254,0],[10511,0],[10510,0],[9999,0],]]
[10256,5,8,[[10255,0],[10257,0],[10512,0],[10000,0],]]
[10257,7,8,[[10258,0],[10256,0],[10513,0],[10512,0],[10001,0],]]
[10258,16,8,[[10257,0],[10259,0],[10514,0],[10002,0],]]
[10259,3,8,[[10260,0],[10258,0],[10515,0],[10514,0],[10003,0],]]
[10260,12,8,[[10259,0],[10261,0],[10516,0],[10004,0],]]
[10261,3,8,[[10262,0],[10260,0],[10517,0],[10516,0],[10005,0],]]
[10262,15,8,[[10261,0],[10263,0],[10518,0],[10006,0],]]
[10263,14,8,[[10264,0],[10262,0],[10519,0],[10518,0],[10007,0],]]
[10264,4,8,[[10263,0],[10265,0],[10520,0],[10008,0],]]
[10265,1,8,[[10266,0],[10264,0],[10521,0],[10520,0],[10009,0],]]
[10266,13,8,[[10265,0],[10267,0],[10522,0],[10010,0],]]
[10267,12,8,[[10268,0],[10266,0],[10523,0],[10522,0],[10011,0],]]
[10268,16,8,[[10267,0],[10269,0],[10524,0],[10012,0],]]
[10269,7,8,[[10270,0],[10268,0],[10525,0],[10524,0],[10013,0],]]
[10270,18,8,[[10269,0],[10271,0],[10526,0],[10014,0],]]
[10271,11,8,[[10272,0],[10270,0],[10527,0],[10526,0],[10015,0],]]
[10272,13,9,[[10271,0],[10273,0],[10528,0],[10016,0],]]
[10273,8,9,[[10274,0],[10272,0],[10529,0],[10528,0],[10017,0],]]
[10274,16,9,[[10273,0],[10275,0],[10530,0],[10018,0],]]
[10275,18,9,[[10276,0],[10274,0],[10531,0],[10530,0],[10019,0],]]
[10276,11,9,[[10275,0],[10277,0],[10532,0],[10020,0],]]
[10277,1,9,[[10278,0],[10276,0],[10533,0],[10532,0],[10021,0],]]
[10278,5,9,[[10277,0],[10279,0],[10534,0],[10022,0],]]
[10279,14,9,[[10280,0],[10278,0],[10535,0],[10534,0],[10023,0],]]
[10280,18,9,[[10279,0],[10281,0],[10536,0],[10024,0],]]
[10281,14,9,[[10282,0],[10280,0],[10537,0],[10536,0],[10025,0],]]
[10282,12,9,[[10281,0],[10283,0],[10538,0],[10026,0],]]
[10283,17,9,[[10284,0],[10282,0],[10539,0],[10538,0],[10027,0],]]
[10284,14,9,[[10283,0],[10285,0],[10540,0],[10028,0],]]
[10285,9,9,[[10286,0],[10284,0],[10541,0],[10540,0],[10029,0],]]
[10286,19,9,[[10285,0],[10287,0],[10542,0],[10030,0],]]
[10287,9,9,[[10288,0],[10286,0],[10543,0],[10542,0],[10031,0],]]
[10288,6,9,[[10287,0],[10289,0],[10544,0],[10032,0],]]
[10289,16,9,[[10290,0],[10288,0],[10545,0],[10544,0],[10033,0],]]
[10290,10,9,[[10289,0],[10291,0],[10546,0],[10034,0],]]
[10291,10,9,[[10292,0],[10290,0],[10547,0],[10546,0],[10035,0],]]
[10292,16,9,[[10291,0],[10293,0],[10548,0],[10036,0],]]
[10293,15,9,[[10294,0],[10292,0],[10549,0],[10548,0],[10037,0],]]
[10294,10,9,[[10293,0],[10295,0],[10550,0],[10038,0],]]
[10295,12,9,[[10296,0],[10294,0],[10551,0],[10550,0],[10039,0],]]
[10296,13,9,[[10295,0],[10297,0],[10552,0],[10040,0],]]
[10297,3,9,[[10298,0],[10296,0],[10553,0],[10552,0],[10041,0],]]
[10298,12,9,[[10297,0],[10299,0],[10554,0],[10042,0],]]
[10299,10,9,[[10300,0],[10298,0],[10555,0],[10554,0],[10043,0],]]
[10300,1,9,[[10299,0],[10301,0],[10556,0],[10044,0],]]
[10301,16,9,[[10302,0],[10300,0],[10557,0],[10556,0],[10045,0],]]
[10302,2,9,[[10301,0],[10303,0],[10558,0],[10046,0],]]
[10303,8,9,[[10304,0],[10302,0],[10559,0],[10558,0],[10047,0],]]
[10304,1,10,[[10303,0],[10305,0],[10560,0],[10048,0],]]
[10305,3,10,[[10306,0],[10304,0],[10561,0],[10560,0],[10049,0],]]
[10306,2,10,[[10305,0],[10307,0],[10562,0],[10050,0],]]
[10307,1,10,[[10308,0],[10306,0],[10563,0],[10562,0],[10051,0],]]
[10308,8,10,[[10307,0],[10309,0],[10564,0],[10052,0],]]
[10309,19,10,[[10310,0],[10308,0],[10565,0],[10564,0],[10053,0],]]
[10310,10,10,[[10309,0],[10311,0],[10566,0],[10054,0],]]
[10311,7,10,[[10312,0],[10310,0],[10567,0],[10566,0],[10055,0],]]
[10312,6,10,[[10311,0],[10313,0],[10568,0],[10056,0],]]
[10313,4,10,[[10314,0],[10312,0],[10569,0],[10568,0],[10057,0],]]
[10314,6,10,[[10313,0],[10315,0],[10570,0],[10058,0],]]
[10315,13,10,[[10316,0],[10314,0],[10571,0],[10570,0],[10059,0],]]
[10316,11,10,[[10315,0],[10317,0],[10572,0],[10060,0],]]
[10317,1,10,[[10318,0],[10316,0],[10573,0],[10572,0],[10061,0],]]
[10318,15,10,[[10317,0],[10319,0],[10574,0],[10062,0],]]
[10319,5,10,[[10320,0],[10318,0],[10575,0],[10574,0],[10063,0],]]
[10320,17,10,[[10319,0],[10321,0],[10576,0],[10064,0],]]
[10321,16,10,[[10322,0],[10320,0],[10577,0],[10576,0],[10065,0],]]
[10322,14,10,[[10321,0],[10323,0],[10578,0],[10066,0],]]
[10323,14,10,[[10324,0],[10322,0],[10579,0],[10578,0],[10067,0],]]
[10324,10,10,[[10323,0],[10325,0],[10580,0],[10068,0],]]
[10325,11,10,[[10326,0],[10324,0],[10581,0],[10580,0],[10069,0],]]
[10326,14,10,[[10325,0],[10327,0],[10582,0],[10070,0],]]
[10327,6,10,[[10328,0],[10326,0],[10583,0],[10582,0],[10071,0],]]
[10328,8,10,[[10327,0],[10329,0],[10584,0],[10072,0],]]
[10329,11,10,[[10330,0],[10328,0],[10585,0],[10584,0],[10073,0],]]
[10330,2,10,[[10329,0],[10331,0],[10586,0],[10074,0],]]
[10331,17,10,[[10332,0],[10330,0],[10587,0],[10586,0],[10075,0],]]
[10332,9,10,[[10331,0],[10333,0],[10588,0],[10076,0],]]
[10333,11,10,[[10334,0],[10332,0],[10589,0],[10588,0],[10077,0],]]
[10334,9,10,[[10333,0],[10335,0],[10590,0],[10078,0],]]
[10335,7,10,[[10336,0],[10334,0],[10591,0],[10590,0],[10079,0],]]
[10336,7,11,[[10335,0],[10337,0],[10592,0],[10080,0],]]
[10337,17,11,[[10338,0],[10336,0],[10593,0],[10592,0],[10081,0],]]
[10338,19,11,[[10337,0],[10339,0],[10594,0],[10082,0],]]
[10339,7,11,[[10340,0],[10338,0],[10595,0],[10594,0],[10083,0],]]
[10340,7,11,[[10339,0],[10341,0],[10596,0],[10084,0],]]
[10341,16,11,[[10342,0],[10340,0],[10597,0],[10596,0],[10085,0],]]
[10342,6,11,[[10341,0],[10343,0],[10598,0],[10086,0],]]
[10343,11,11,[[10344,0],[10342,0],[10599,0],[10598,0],[10087,0],]]
[10344,9,11,[[10343,0],[10345,0],[10600,0],[10088,0],]]
[10345,11,11,[[10346,0],[10344,0],[10601,0],[10600,0],[10089,0],]]
[10346,15,11,[[10345,0],[10347,0],[10602,0],[10090,0],]]
[10347,2,11,[[10348,0],[10346,0],[10603,0],[10602,0],[10091,0],]]
[10348,14,11,[[10347,0],[10349,0],[10604,0],[10092,0],]]
[10349,12,11,[[10350,0],[10348,0],[10605,0],[10604,0],[10093,0],]]
[10350,7,11,[[10349,0],[10351,0],[10606,0],[10094,0],]]
[10351,13,11,[[10352,0],[10350,0],[10607,0],[10606,0],[10095,0],]]
[10352,1,11,[[10351,0],[10353,0],[10608,0],[10096,0],]]
[10353,3,11,[[10354,0],[10352,0],[10609,0],[10608,0],[10097,0],]]
[10354,10,11,[[10353,0],[10355,0],[10610,0],[10098,0],]]
[10355,11,11,[[10356,0],[10354,0],[10611,0],[10610,0],[10099,0],]]
[10356,1,11,[[10355,0],[10357,0],[10612,0],[10100,0],]]
[10357,15,11,[[10358,0],[10356,0],[10613,0],[10612,0],[10101,0],]]
[10358,2,11,[[10357,0],[10359,0],[10614,0],[10102,0],]]
[10359,7,11,[[10360,0],[10358,0],[10615,0],[10614,0],[10103,0],]]
[10360,15,11,[[10359,0],[10361,0],[10616,0],[10104,0],]]
[10361,14,11,[[10362,0],[10360,0],[10617,0],[10616,0],[10105,0],]]
[10362,2,11,[[10361,0],[10363,0],[10618,0],[10106,0],]]
[10363,9,11,[[10364,0],[10362,0],[10619,0],[10618,0],[10107,0],]]
[10364,13,11,[[10363,0],[10365,0],[10620,0],[10108,0],]]
[10365,7,11,[[10366,0],[10364,0],[10621,0],[10620,0],[10109,0],]]
[10366,4,11,[[10365,0],[10367,0],[10622,0],[10110,0],]]
[10367,8,11,[[10368,0],[10366,0],[10623,0],[10622,0],[10111,0],]]
[10368,14,12,[[10367,0],[10369,0],[10624,0],[10112,0],]]
[10369,12,12,[[10370,0],[10368,0],[10625,0],[10624,0],[10113,0],]]
[10370,5,12,[[10369,0],[10371,0],[10626,0],[10114,0],]]
[10371,7,12,[[10372,0],[10370,0],[10627,0],[10626,0],[10115,0],]]
[10372,12,12,[[10371,0],[10373,0],[10628,0],[10116,0],]]
[10373,8,12,[[10374,0],[10372,0],[10629,0],[10628,0],[10117,0],]]
[10374,19,12,[[10373,0],[10375,0],[10630,0],[10118,0],]]
[10375,9,12,[[10376,0],[10374,0],[10631,0],[10630,0],[10119,0],]]
[10376,10,12,[[10375,0],[10377,0],[10632,0],[10120,0],]]
[10377,12,12,[[10378,0],[10376,0],[10633,0],[10632,0],[10121,0],]]
[10378,7,12,[[10377,0],[10379,0],[10634,0],[10122,0],]]
[10379,19,12,[[10380,0],[10378,0],[10635,0],[10634,0],[10123,0],]]
[10380,16,12,[[10379,0],[10381,0],[10636,0],[10124,0],]]
[10381,1,12,[[10382,0],[10380,0],[10637,0],[10636,0],[10125,0],]]
[10382,5,12,[[10381,0],[10383,0],[10638,0],[10126,0],]]
[10383,6,12,[[10384,0],[10382,0],[10639,0],[10638,0],[10127,0],]]
[10384,7,12,[[10383,0],[10385,0],[10640,0],[10128,0],]]
[10385,15,12,[[10386,0],[10384,0],[10641,0],[10640,0],[10129,0],]]
[10386,9,12,[[10385,0],[10387,0],[10642,0],[10130,0],]]
[10387,17,12,[[10388,0],[10386,0],[10643,0],[10642,0],[10131,0],]]
[10388,14,12,[[10387,0],[10389,0],[10644,0],[10132,0],]]
[10389,18,12,[[10390,0],[10388,0],[10645,0],[10644,0],[10133,0],]]
[10390,8,12,[[10389,0],[10391,0],[10646,0],[10134,0],]]
[10391,2,12,[[10392,0],[10390,0],[10647,0],[10646,0],[10135,0],]]
[10392,11,12,[[10391,0],[10393,0],[10648,0],[10136,0],]]
[10393,13,12,[[10394,0],[10392,0],[10649,0],[10648,0],[10137,0],]]
[10394,9,12,[[10393,0],[10395,0],[10650,0],[10138,0],]]
[10395,11,12,[[10396,0],[10394,0],[10651,0],[10650,0],[10139,0],]]
[10396,17,12,[[10395,0],[10397,0],[10652,0],[10140,0],]]
[10397,17,12,[[10398,0],[10396,0],[10653,0],[10652,0],[10141,0],]]
[10398,15,12,[[10397,0],[10399,0],[10654,0],[10142,0],]]
[10399,3,12,[[10400,0],[10398,0],[10655,0],[10654,0],[10143,0],]]
[10400,16,13,[[10399,0],[10401,0],[10656,0],[10144,0],]]
[10401,13,13,[[10402,0],[10400,0],[10657,0],[10656,0],[10145,0],]]
[10402,4,13,[[10401,0],[10403,0],[10658,0],[10146,0],]]
[10403,6,13,[[10404,0],[10402,0],[10659,0],[10658,0],[10147,0],]]
[10404,9,13,[[10403,0],[10405,0],[10660,0],[10148,0],]]
[10405,7,13,[[10406,0],[10404,0],[10661,0],[10660,0],[10149,0],]]
[10406,8,13,[[10405,0],[10407,0],[10662,0],[10150,0],]]
[10407,9,13,[[10408,0],[10406,0],[10663,0],[10662,0],[10151,0],]]
[10408,2,13,[[10407,0],[10409,0],[10664,0],[10152,0],]]
[10409,8,13,[[10410,0],[10408,0],[10665,0],[10664,0],[10153,0],]]
[10410,1,13,[[10409,0],[10411,0],[10666,0],[10154,0],]]
[10411,17,13,[[10412,0],[10410,0],[10667,0],[10666,0],[10155,0],]]
[10412,18,13,[[10411,0],[10413,0],[10668,0],[10156,0],]]
[10413,10,13,[[10414,0],[10412,0],[10669,0],[10668,0],[10157,0],]]
[10414,2,13,[[10413,0],[10415,0],[10670,0],[10158,0],]]
[10415,11,13,[[10416,0],[10414,0],[10671,0],[10670,0],[10159,0],]]
[10416,13,13,[[10415,0],[10417,0],[10672,0],[10160,0],]]
[10417,15,13,[[10418,0],[10416,0],[10673,0],[10672,0],[10161,0],]]
[10418,15,13,[[10417,0],[10419,0],[10674,0],[10162,0],]]
[10419,11,13,[[10420,0],[10418,0],[10675,0],[10674,0],[10163,0],]]
[10420,8,13,[[10419,0],[10421,0],[10676,0],[10164,0],]]
[10421,19,13,[[10422,0],[10420,0],[10677,0],[10676,0],[10165,0],]]
[10422,7,13,[[10421,0],[10423,0],[10678,0],[10166,0],]]
[10423,19,13,[[10424,0],[10422,0],[10679,0],[10678,0],[10167,0],]]
[10424,14,13,[[10423,0],[10425,0],[10680,0],[10168,0],]]
[10425,9,13,[[10426,0],[10424,0],[10681,0],[10680,0],[10169,0],]]
[10426,1,13,[[10425,0],[10427,0],[10682,0],[10170,0],]]
[10427,6,13,[[10428,0],[10426,0],[10683,0],[10682,0],[10171,0],]]
[10428,15,13,[[10427,0],[10429,0],[10684,0],[10172,0],]]
[10429,5,13,[[10430,0],[10428,0],[10685,0],[10684,0],[10173,0],]]
[10430,5,13,[[10429,0],[10431,0],[10686,0],[10174,0],]]
[10431,18,13,[[10432,0],[10430,0],[10687,0],[10686,0],[10175,0],]]
[10432,8,14,[[10431,0],[10433,0],[10688,0],[10176,0],]]
[10433,5,14,[[10434,0],[10432,0],[10689,0],[10688,0],[10177,0],]]
[10434,4,14,[[10433,0],[10435,0],[10690,0],[10178,0],]]
[10435,15,14,[[10436,0],[10434,0],[10691,0],[10690,0],[10179,0],]]
[10436,18,14,[[10435,0],[10437,0],[10692,0],[10180,0],]]
[10437,14,14,[[10438,0],[10436,0],[10693,0],[10692,0],[10181,0],]]
[10438,4,14,[[10437,0],[10439,0],[10694,0],[10182,0],]]
[10439,1,14,[[10440,0],[10438,0],[10695,0],[10694,0],[10183,0],]]
[10440,10,14,[[10439,0],[10441,0],[10696,0],[10184,0],]]
[10441,13,14,[[10442,0],[10440,0],[10697,0],[10696,0],[10185,0],]]
[10442,11,14,[[10441,0],[10443,0],[10698,0],[10186,0],]]
[10443,16,14,[[10444,0],[10442,0],[10699,0],[10698,0],[10187,0],]]
[10444,19,14,[[10443,0],[10445,0],[10700,0],[10188,0],]]
[10445,15,14,[[10446,0],[10444,0],[10701,0],[10700,0],[10189,0],]]
[10446,10,14,[[10445,0],[10447,0],[10702,0],[10190,0],]]
[10447,19,14,[[10448,0],[10446,0],[10703,0],[10702,0],[10191,0],]]
[10448,6,14,[[10447,0],[10449,0],[10704,0],[10192,0],]]
[10449,4,14,[[10450,0],[10448,0],[10705,0],[10704,0],[10193,0],]]
[10450,19,14,[[10449,0],[10451,0],[10706,0],[10194,0],]]
[10451,1,14,[[10452,0],[10450,0],[10707,0],[10706,0],[10195,0],]]
[10452,9,14,[[10451,0],[10453,0],[10708,0],[10196,0],]]
[10453,7,14,[[10454,0],[10452,0],[10709,0],[10708,0],[10197,0],]]
[10454,12,14,[[10453,0],[10455,0],[10710,0],[10198,0],]]
[10455,5,14,[[10456,0],[10454,0],[10711,0],[10710,0],[10199,0],]]
[10456,2,14,[[10455,0],[10457,0],[10712,0],[10200,0],]]
[10457,13,14,[[10458,0],[10456,0],[10713,0],[10712,0],[10201,0],]]
[10458,3,14,[[10457,0],[10459,0],[10714,0],[10202,0],]]
[10459,16,14,[[10460,0],[10458,0],[10715,0],[10714,0],[10203,0],]]
[10460,15,14,[[10459,0],[10461,0],[10716,0],[10204,0],]]
[10461,8,14,[[10462,0],[10460,0],[10717,0],[10716,0],[10205,0],]]
[10462,9,14,[[10461,0],[10463,0],[10718,0],[10206,0],]]
[10463,17,14,[[10464,0],[10462,0],[10719,0],[10718,0],[10207,0],]]
[10464,3,15,[[10463,0],[10465,0],[10720,0],[10208,0],]]
[10465,7,15,[[10466,0],[10464,0],[10721,0],[10720,0],[10209,0],]]
[10466,19,15,[[10465,0],[10467,0],[10722,0],[10210,0],]]
[10467,11,15,[[10468,0],[10466,0],[10723,0],[10722,0],[10211,0],]]
[10468,18,15,[[10467,0],[10469,0],[10724,0],[10212,0],]]
[10469,16,15,[[10470,0],[10468,0],[10725,0],[10724,0],[10213,0],]]
[10470,17,15,[[10469,0],[10471,0],[10726,0],[10214,0],]]
[10471,1,15,[[10472,0],[10470,0],[10727,0],[10726,0],[10215,0],]]
[10472,1,15,[[10471,0],[10473,0],[10728,0],[10216,0],]]
[10473,2,15,[[10474,0],[10472,0],[10729,0],[10728,0],[10217,0],]]
[10474,1,15,[[10473,0],[10475,0],[10730,0],[10218,0],]]
[10475,5,15,[[10476,0],[10474,0],[10731,0],[10730,0],[10219,0],]]
[10476,18,15,[[10475,0],[10477,0],[10732,0],[10220,0],]]
[10477,2,15,[[10478,0],[10476,0],[10733,0],[10732,0],[10221,0],]]
[10478,1,15,[[10477,0],[10479,0],[10734,0],[10222,0],]]
[10479,18,15,[[10480,0],[10478,0],[10735,0],[10734,0],[10223,0],]]
[10480,2,15,[[10479,0],[10481,0],[10736,0],[10224,0],]]
[10481,5,15,[[10482,0],[10480,0],[10737,0],[10736,0],[10225,0],]]
[10482,10,15,[[10481,0],[10483,0],[10738,0],[10226,0],]]
[10483,1,15,[[10484,0],[10482,0],[10739,0],[10738,0],[10227,0],]]
[10484,10,15,[[10483,0],[10485,0],[10740,0],[10228,0],]]
