[11796,7,8,[[11795,0],[11797,0],[12052,0],[11540,0],]]
[11797,3,8,[[11798,0],[11796,0],[12053,0],[12052,0],[11541,0],]]
[11798,11,8,[[11797,0],[11799,0],[12054,0],[11542,0],]]
[11799,19,8,[[11800,0],[11798,0],[12055,0],[12054,0],[11543,0],]]
[11800,3,8,[[11799,0],[11801,0],[12056,0],[11544,0],]]
[11801,11,8,[[11802,0],[11800,0],[12057,0],[12056,0],[11545,0],]]
[11802,15,8,[[11801,0],[11803,0],[12058,0],[11546,0],]]
[11803,18,8,[[11804,0],[11802,0],[12059,0],[12058,0],[11547,0],]]
[11804,8,8,[[11803,0],[11805,0],[12060,0],[11548,0],]]
[11805,8,8,[[11806,0],[11804,0],[12061,0],[12060,0],[11549,0],]]
[11806,7,8,[[11805,0],[11807,0],[12062,0],[11550,0],]]
[11807,5,8,[[11808,0],[11806,0],[12063,0],[12062,0],[11551,0],]]
[11808,9,9,[[11807,0],[11809,0],[12064,0],[11552,0],]]
[11809,12,9,[[11810,0],[11808,0],[12065,0],[12064,0],[11553,0],]]
[11810,3,9,[[11809,0],[11811,0],[12066,0],[11554,0],]]
[11811,1,9,[[11812,0],[11810,0],[12067,0],[12066,0],[11555,0],]]
[11812,15,9,[[11811,0],[11813,0],[12068,0],[11556,0],]]
[11813,16,9,[[11814,0],[11812,0],[12069,0],[12068,0],[11557,0],]]
[11814,6,9,[[11813,0],[11815,0],[12070,0],[11558,0],]]
[11815,19,9,[[11816,0],[11814,0],[12071,0],[12070,0],[11559,0],]]
[11816,13,9,[[11815,0],[11817,0],[12072,0],[11560,0],]]
[11817,14,9,[[11818,0],[11816,0],[12073,0],[12072,0],[11561,0],]]
[11818,5,9,[[11817,0],[11819,0],[12074,0],[11562,0],]]
[11819,10,9,[[11820,0],[11818,0],[12075,0],[12074,0],[11563,0],]]
[11820,15,9,[[11819,0],[11821,0],[12076,0],[11564,0],]]
[11821,3,9,[[11822,0],[11820,0],[12077,0],[12076,0],[11565,0],]]
[11822,18,9,[[11821,0],[11823,0],[12078,0],[11566,0],]]
[11823,4,9,[[11824,0],[11822,0],[12079,0],[12078,0],[11567,0],]]
[11824,7,9,[[11823,0],[11825,0],[12080,0],[11568,0],]]
[11825,7,9,[[11826,0],[11824,0],[12081,0],[12080,0],[11569,0],]]
[11826,10,9,[[11825,0],[11827,0],[12082,0],[11570,0],]]
[11827,16,9,[[11828,0],[11826,0],[12083,0],[12082,0],[11571,0],]]
[11828,2,9,[[11827,0],[11829,0],[12084,0],[11572,0],]]
[11829,17,9,[[11830,0],[11828,0],[12085,0],[12084,0],[11573,0],]]
[11830,10,9,[[11829,0],[11831,0],[12086,0],[11574,0],]]
[11831,10,9,[[11832,0],[11830,0],[12087,0],[12086,0],[11575,0],]]
[11832,8,9,[[11831,0],[11833,0],[12088,0],[11576,0],]]
[11833,11,9,[[11834,0],[11832,0],[12089,0],[12088,0],[11577,0],]]
[11834,7,9,[[11833,0],[11835,0],[12090,0],[11578,0],]]
[11835,8,9,[[11836,0],[11834,0],[12091,0],[12090,0],[11579,0],]]
[11836,7,9,[[11835,0],[11837,0],[12092,0],[11580,0],]]
[11837,12,9,[[11838,0],[11836,0],[12093,0],[12092,0],[11581,0],]]
[11838,1,9,[[11837,0],[11839,0],[12094,0],[11582,0],]]
[11839,2,9,[[11840,0],[11838,0],[12095,0],[12094,0],[11583,0],]]
[11840,15,10,[[11839,0],[11841,0],[12096,0],[11584,0],]]
[11841,18,10,[[11842,0],[11840,0],[12097,0],[12096,0],[11585,0],]]
[11842,10,10,[[11841,0],[11843,0],[12098,0],[11586,0],]]
[11843,12,10,[[11844,0],[11842,0],[12099,0],[12098,0],[11587,0],]]
[11844,9,10,[[11843,0],[11845,0],[12100,0],[11588,0],]]
[11845,17,10,[[11846,0],[11844,0],[12101,0],[12100,0],[11589,0],]]
[11846,14,10,[[11845,0],[11847,0],[12102,0],[11590,0],]]
[11847,12,10,[[11848,0],[11846,0],[12103,0],[12102,0],[11591,0],]]
[11848,11,10,[[11847,0],[11849,0],[12104,0],[11592,0],]]
[11849,10,10,[[11850,0],[11848,0],[12105,0],[12104,0],[11593,0],]]
[11850,8,10,[[11849,0],[11851,0],[12106,0],[11594,0],]]
[11851,11,10,[[11852,0],[11850,0],[12107,0],[12106,0],[11595,0],]]
[11852,9,10,[[11851,0],[11853,0],[12108,0],[11596,0],]]
[11853,16,10,[[11854,0],[11852,0],[12109,0],[12108,0],[11597,0],]]
[11854,14,10,[[11853,0],[11855,0],[12110,0],[11598,0],]]
[11855,16,10,[[11856,0],[11854,0],[12111,0],[12110,0],[11599,0],]]
[11856,14,10,[[11855,0],[11857,0],[12112,0],[11600,0],]]
[11857,4,10,[[11858,0],[11856,0],[12113,0],[12112,0],[11601,0],]]
[11858,17,10,[[11857,0],[11859,0],[12114,0],[11602,0],]]
[11859,11,10,[[11860,0],[11858,0],[12115,0],[12114,0],[11603,0],]]
[11860,15,10,[[11859,0],[11861,0],[12116,0],[11604,0],]]
[11861,1,10,[[11862,0],[11860,0],[12117,0],[12116,0],[11605,0],]]
[11862,11,10,[[11861,0],[11863,0],[12118,0],[11606,0],]]
[11863,14,10,[[11864,0],[11862,0],[12119,0],[12118,0],[11607,0],]]
[11864,3,10,[[11863,0],[11865,0],[12120,0],[11608,0],]]
[11865,9,10,[[11866,0],[11864,0],[12121,0],[12120,0],[11609,0],]]
[11866,13,10,[[11865,0],[11867,0],[12122,0],[11610,0],]]
[11867,6,10,[[11868,0],[11866,0],[12123,0],[12122,0],[11611,0],]]
[11868,11,10,[[11867,0],[11869,0],[12124,0],[11612,0],]]
[11869,3,10,[[11870,0],[11868,0],[12125,0],[12124,0],[11613,0],]]
[11870,8,10,[[11869,0],[11871,0],[12126,0],[11614,0],]]
[11871,8,10,[[11872,0],[11870,0],[12127,0],[12126,0],[11615,0],]]
[11872,13,11,[[11871,0],[11873,0],[12128,0],[11616,0],]]
[11873,6,11,[[11874,0],[11872,0],[12129,0],[12128,0],[11617,0],]]
[11874,7,11,[[11873,0],[11875,0],[12130,0],[11618,0],]]
[11875,8,11,[[11876,0],[11874,0],[12131,0],[12130,0],[11619,0],]]
[11876,8,11,[[11875,0],[11877,0],[12132,0],[11620,0],]]
[11877,17,11,[[11878,0],[11876,0],[12133,0],[12132,0],[11621,0],]]
[11878,9,11,[[11877,0],[11879,0],[12134,0],[11622,0],]]
[11879,19,11,[[11880,0],[11878,0],[12135,0],[12134,0],[11623,0],]]
[11880,4,11,[[11879,0],[11881,0],[12136,0],[11624,0],]]
[11881,3,11,[[11882,0],[11880,0],[12137,0],[12136,0],[11625,0],]]
[11882,4,11,[[11881,0],[11883,0],[12138,0],[11626,0],]]
[11883,17,11,[[11884,0],[11882,0],[12139,0],[12138,0],[11627,0],]]
[11884,6,11,[[11883,0],[11885,0],[12140,0],[11628,0],]]
[11885,7,11,[[11886,0],[11884,0],[12141,0],[12140,0],[11629,0],]]
[11886,3,11,[[11885,0],[11887,0],[12142,0],[11630,0],]]
[11887,5,11,[[11888,0],[11886,0],[12143,0],[12142,0],[11631,0],]]
[11888,4,11,[[11887,0],[11889,0],[12144,0],[11632,0],]]
[11889,3,11,[[11890,0],[11888,0],[12145,0],[12144,0],[11633,0],]]
[11890,15,11,[[11889,0],[11891,0],[12146,0],[11634,0],]]
[11891,1,11,[[11892,0],[11890,0],[12147,0],[12146,0],[11635,0],]]
[11892,2,11,[[11891,0],[11893,0],[12148,0],[11636,0],]]
[11893,14,11,[[11894,0],[11892,0],[12149,0],[12148,0],[11637,0],]]
[11894,3,11,[[11893,0],[11895,0],[12150,0],[11638,0],]]
[11895,12,11,[[11896,0],[11894,0],[12151,0],[12150,0],[11639,0],]]
[11896,7,11,[[11895,0],[11897,0],[12152,0],[11640,0],]]
[11897,6,11,[[11898,0],[11896,0],[12153,0],[12152,0],[11641,0],]]
[11898,4,11,[[11897,0],[11899,0],[12154,0],[11642,0],]]
[11899,15,11,[[11900,0],[11898,0],[12155,0],[12154,0],[11643,0],]]
[11900,13,11,[[11899,0],[11901,0],[12156,0],[11644,0],]]
[11901,16,11,[[11902,0],[11900,0],[12157,0],[12156,0],[11645,0],]]
[11902,19,11,[[11901,0],[11903,0],[12158,0],[11646,0],]]
[11903,15,11,[[11904,0],[11902,0],[12159,0],[12158,0],[11647,0],]]
[11904,14,12,[[11903,0],[11905,0],[12160,0],[11648,0],]]
[11905,18,12,[[11906,0],[11904,0],[12161,0],[12160,0],[11649,0],]]
[11906,11,12,[[11905,0],[11907,0],[12162,0],[11650,0],]]
[11907,14,12,[[11908,0],[11906,0],[12163,0],[12162,0],[11651,0],]]
[11908,7,12,[[11907,0],[11909,0],[12164,0],[11652,0],]]
[11909,2,12,[[11910,0],[11908,0],[12165,0],[12164,0],[11653,0],]]
[11910,2,12,[[11909,0],[11911,0],[12166,0],[11654,0],]]
[11911,15,12,[[11912,0],[11910,0],[12167,0],[12166,0],[11655,0],]]
[11912,16,12,[[11911,0],[11913,0],[12168,0],[11656,0],]]
[11913,14,12,[[11914,0],[11912,0],[12169,0],[12168,0],[11657,0],]]
[11914,2,12,[[11913,0],[11915,0],[12170,0],[11658,0],]]
[11915,17,12,[[11916,0],[11914,0],[12171,0],[12170,0],[11659,0],]]
[11916,16,12,[[11915,0],[11917,0],[12172,0],[11660,0],]]
[11917,15,12,[[11918,0],[11916,0],[12173,0],[12172,0],[11661,0],]]
[11918,9,12,[[11917,0],[11919,0],[12174,0],[11662,0],]]
[11919,1,12,[[11920,0],[11918,0],[12175,0],[12174,0],[11663,0],]]
[11920,7,12,[[11919,0],[11921,0],[12176,0],[11664,0],]]
[11921,9,12,[[11922,0],[11920,0],[12177,0],[12176,0],[11665,0],]]
[11922,10,12,[[11921,0],[11923,0],[12178,0],[11666,0],]]
[11923,3,12,[[11924,0],[11922,0],[12179,0],[12178,0],[11667,0],]]
[11924,19,12,[[11923,0],[11925,0],[12180,0],[11668,0],]]
[11925,13,12,[[11926,0],[11924,0],[12181,0],[12180,0],[11669,0],]]
[11926,17,12,[[11925,0],[11927,0],[12182,0],[11670,0],]]
[11927,1,12,[[11928,0],[11926,0],[12183,0],[12182,0],[11671,0],]]
[11928,10,12,[[11927,0],[11929,0],[12184,0],[11672,0],]]
[11929,11,12,[[11930,0],[11928,0],[12185,0],[12184,0],[11673,0],]]
[11930,19,12,[[11929,0],[11931,0],[12186,0],[11674,0],]]
[11931,17,12,[[11932,0],[11930,0],[12187,0],[12186,0],[11675,0],]]
[11932,1,12,[[11931,0],[11933,0],[12188,0],[11676,0],]]
[11933,4,12,[[11934,0],[11932,0],[12189,0],[12188,0],[11677,0],]]
[11934,12,12,[[11933,0],[11935,0],[12190,0],[11678,0],]]
[11935,11,12,[[11936,0],[11934,0],[12191,0],[12190,0],[11679,0],]]
[11936,1,13,[[11935,0],[11937,0],[12192,0],[11680,0],]]
[11937,19,13,[[11938,0],[11936,0],[12193,0],[12192,0],[11681,0],]]
[11938,16,13,[[11937,0],[11939,0],[12194,0],[11682,0],]]
[11939,14,13,[[11940,0],[11938,0],[12195,0],[12194,0],[11683,0],]]
[11940,12,13,[[11939,0],[11941,0],[12196,0],[11684,0],]]
[11941,2,13,[[11942,0],[11940,0],[12197,0],[12196,0],[11685,0],]]
[11942,5,13,[[11941,0],[11943,0],[12198,0],[11686,0],]]
[11943,4,13,[[11944,0],[11942,0],[12199,0],[12198,0],[11687,0],]]
[11944,5,13,[[11943,0],[11945,0],[12200,0],[11688,0],]]
[11945,4,13,[[11946,0],[11944,0],[12201,0],[12200,0],[11689,0],]]
[11946,2,13,[[11945,0],[11947,0],[12202,0],[11690,0],]]
[11947,5,13,[[11948,0],[11946,0],[12203,0],[12202,0],[11691,0],]]
[11948,5,13,[[11947,0],[11949,0],[12204,0],[11692,0],]]
[11949,2,13,[[11950,0],[11948,0],[12205,0],[12204,0],[11693,0],]]
[11950,5,13,[[11949,0],[11951,0],[12206,0],[11694,0],]]
[11951,11,13,[[11952,0],[11950,0],[12207,0],[12206,0],[11695,0],]]
[11952,11,13,[[11951,0],[11953,0],[12208,0],[11696,0],]]
[11953,4,13,[[11954,0],[11952,0],[12209,0],[12208,0],[11697,0],]]
[11954,5,13,[[11953,0],[11955,0],[12210,0],[11698,0],]]
[11955,12,13,[[11956,0],[11954,0],[12211,0],[12210,0],[11699,0],]]
[11956,5,13,[[11955,0],[11957,0],[12212,0],[11700,0],]]
[11957,13,13,[[11958,0],[11956,0],[12213,0],[12212,0],[11701,0],]]
[11958,6,13,[[11957,0],[11959,0],[12214,0],[11702,0],]]
[11959,16,13,[[11960,0],[11958,0],[12215,0],[12214,0],[11703,0],]]
[11960,13,13,[[11959,0],[11961,0],[12216,0],[11704,0],]]
[11961,19,13,[[11962,0],[11960,0],[12217,0],[12216,0],[11705,0],]]
[11962,10,13,[[11961,0],[11963,0],[12218,0],[11706,0],]]
[11963,5,13,[[11964,0],[11962,0],[12219,0],[12218,0],[11707,0],]]
[11964,9,13,[[11963,0],[11965,0],[12220,0],[11708,0],]]
[11965,14,13,[[11966,0],[11964,0],[12221,0],[12220,0],[11709,0],]]
[11966,16,13,[[11965,0],[11967,0],[12222,0],[11710,0],]]
[11967,5,13,[[11968,0],[11966,0],[12223,0],[12222,0],[11711,0],]]
[11968,2,14,[[11967,0],[11969,0],[12224,0],[11712,0],]]
[11969,5,14,[[11970,0],[11968,0],[12225,0],[12224,0],[11713,0],]]
[11970,16,14,[[11969,0],[11971,0],[12226,0],[11714,0],]]
[11971,3,14,[[11972,0],[11970,0],[12227,0],[12226,0],[11715,0],]]
[11972,6,14,[[11971,0],[11973,0],[12228,0],[11716,0],]]
[11973,19,14,[[11974,0],[11972,0],[12229,0],[12228,0],[11717,0],]]
[11974,14,14,[[11973,0],[11975,0],[12230,0],[11718,0],]]
[11975,11,14,[[11976,0],[11974,0],[12231,0],[12230,0],[11719,0],]]
[11976,15,14,[[11975,0],[11977,0],[12232,0],[11720,0],]]
[11977,9,14,[[11978,0],[11976,0],[12233,0],[12232,0],[11721,0],]]
[11978,11,14,[[11977,0],[11979,0],[12234,0],[11722,0],]]
[11979,11,14,[[11980,0],[11978,0],[12235,0],[12234,0],[11723,0],]]
[11980,16,14,[[11979,0],[11981,0],[12236,0],[11724,0],]]
[11981,15,14,[[11982,0],[11980,0],[12237,0],[12236,0],[11725,0],]]
[11982,18,14,[[11981,0],[11983,0],[12238,0],[11726,0],]]
[11983,3,14,[[11984,0],[11982,0],[12239,0],[12238,0],[11727,0],]]
[11984,8,14,[[11983,0],[11985,0],[12240,0],[11728,0],]]
[11985,2,14,[[11986,0],[11984,0],[12241,0],[12240,0],[11729,0],]]
[11986,6,14,[[11985,0],[11987,0],[12242,0],[11730,0],]]
[11987,12,14,[[11988,0],[11986,0],[12243,0],[12242,0],[11731,0],]]
[11988,18,14,[[11987,0],[11989,0],[12244,0],[11732,0],]]
[11989,7,14,[[11990,0],[11988,0],[12245,0],[12244,0],[11733,0],]]
[11990,13,14,[[11989,0],[11991,0],[12246,0],[11734,0],]]
[11991,2,14,[[11992,0],[11990,0],[12247,0],[12246,0],[11735,0],]]
[11992,18,14,[[11991,0],[11993,0],[12248,0],[11736,0],]]
[11993,16,14,[[11994,0],[11992,0],[12249,0],[12248,0],[11737,0],]]
[11994,6,14,[[11993,0],[11995,0],[12250,0],[11738,0],]]
[11995,4,14,[[11996,0],[11994,0],[12251,0],[12250,0],[11739,0],]]
[11996,6,14,[[11995,0],[11997,0],[12252,0],[11740,0],]]
[11997,13,14,[[11998,0],[11996,0],[12253,0],[12252,0],[11741,0],]]
[11998,7,14,[[11997,0],[11999,0],[12254,0],[11742,0],]]
[11999,8,14,[[12000,0],[11998,0],[12255,0],[12254,0],[11743,0],]]
[12000,11,15,[[11999,0],[12001,0],[12256,0],[11744,0],]]
[12001,14,15,[[12002,0],[12000,0],[12257,0],[12256,0],[11745,0],]]
[12002,12,15,[[12001,0],[12003,0],[12258,0],[11746,0],]]
[12003,19,15,[[12004,0],[12002,0],[12259,0],[12258,0],[11747,0],]]
[12004,5,15,[[12003,0],[12005,0],[12260,0],[11748,0],]]
[12005,8,15,[[12006,0],[12004,0],[12261,0],[12260,0],[11749,0],]]
[12006,8,15,[[12005,0],[12007,0],[12262,0],[11750,0],]]
[12007,15,15,[[12008,0],[12006,0],[12263,0],[12262,0],[11751,0],]]
[12008,5,15,[[12007,0],[12009,0],[12264,0],[11752,0],]]
[12009,16,15,[[12010,0],[12008,0],[12265,0],[12264,0],[11753,0],]]
[12010,3,15,[[12009,0],[12011,0],[12266,0],[11754,0],]]
[12011,2,15,[[12012,0],[12010,0],[12267,0],[12266,0],[11755,0],]]
[12012,9,15,[[12011,0],[12013,0],[12268,0],[11756,0],]]
[12013,6,15,[[12014,0],[12012,0],[12269,0],[12268,0],[11757,0],]]
[12014,2,15,[[12013,0],[12015,0],[12270,0],[11758,0],]]
[12015,5,15,[[12016,0],[12014,0],[12271,0],[12270,0],[11759,0],]]
[12016,2,15,[[12015,0],[12017,0],[12272,0],[11760,0],]]
[12017,4,15,[[12018,0],[12016,0],[12273,0],[12272,0],[11761,0],]]
[12018,16,15,[[12017,0],[12019,0],[12274,0],[11762,0],]]
[12019,19,15,[[12020,0],[12018,0],[12275,0],[12274,0],[11763,0],]]
[12020,14,15,[[12019,0],[12021,0],[12276,0],[11764,0],]]
[12021,5,15,[[12022,0],[12020,0],[12277,0],[12276,0],[11765,0],]]
[12022,9,15,[[12021,0],[12023,0],[12278,0],[11766,0],]]
[12023,13,15,[[12024,0],[12022,0],[12279,0],[12278,0],[11767,0],]]
[12024,13,15,[[12023,0],[12025,0],[12280,0],[11768,0],]]
[12025,18,15,[[12026,0],[12024,0],[12281,0],[12280,0],[11769,0],]]
[12026,14,15,[[12025,0],[12027,0],[12282,0],[11770,0],]]
[12027,15,15,[[12028,0],[12026,0],[12283,0],[12282,0],[11771,0],]]
[12028,6,15,[[12027,0],[12029,0],[12284,0],[11772,0],]]
[12029,7,15,[[12030,0],[12028,0],[12285,0],[12284,0],[11773,0],]]
[12030,9,15,[[12029,0],[12031,0],[12286,0],[11774,0],]]
[12031,19,15,[[12030,0],[12287,0],[12286,0],[11775,0],]]
[12032,15,8,[[12033,0],[11776,0],[11777,0],[12288,0],]]
[12033,18,8,[[12034,0],[12032,0],[11777,0],[12289,0],]]
[12034,14,8,[[12033,0],[12035,0],[11778,0],[11779,0],[12290,0],]]
[12035,14,8,[[12036,0],[12034,0],[11779,0],[12291,0],]]
[12036,9,8,[[12035,0],[12037,0],[11780,0],[11781,0],[12292,0],]]
[12037,2,8,[[12038,0],[12036,0],[11781,0],[12293,0],]]
[12038,5,8,[[12037,0],[12039,0],[11782,0],[11783,0],[12294,0],]]
[12039,19,8,[[12040,0],[12038,0],[11783,0],[12295,0],]]
[12040,19,8,[[12039,0],[12041,0],[11784,0],[11785,0],[12296,0],]]
[12041,14,8,[[12042,0],[12040,0],[11785,0],[12297,0],]]
[12042,10,8,[[12041,0],[12043,0],[11786,0],[11787,0],[12298,0],]]
[12043,9,8,[[12044,0],[12042,0],[11787,0],[12299,0],]]
[12044,3,8,[[12043,0],[12045,0],[11788,0],[11789,0],[12300,0],]]
[12045,19,8,[[12046,0],[12044,0],[11789,0],[12301,0],]]
[12046,13,8,[[12045,0],[12047,0],[11790,0],[11791,0],[12302,0],]]
[12047,6,8,[[12048,0],[12046,0],[11791,0],[12303,0],]]
[12048,2,8,[[12047,0],[12049,0],[11792,0],[11793,0],[12304,0],]]
[12049,9,8,[[12050,0],[12048,0],[11793,0],[12305,0],]]
[12050,12,8,[[12049,0],[12051,0],[11794,0],[11795,0],[12306,0],]]
[12051,16,8,[[12052,0],[12050,0],[11795,0],[12307,0],]]
[12052,17,8,[[12051,0],[12053,0],[11796,0],[11797,0],[12308,0],]]
[12053,17,8,[[12054,0],[12052,0],[11797,0],[12309,0],]]
[12054,6,8,[[12053,0],[12055,0],[11798,0],[11799,0],[12310,0],]]
[12055,7,8,[[12056,0],[12054,0],[11799,0],[12311,0],]]
[12056,14,8,[[12055,0],[12057,0],[11800,0],[11801,0],[12312,0],]]
[12057,18,8,[[12058,0],[12056,0],[11801,0],[12313,0],]]
[12058,3,8,[[12057,0],[12059,0],[11802,0],[11803,0],[12314,0],]]
[12059,10,8,[[12060,0],[12058,0],[11803,0],[12315,0],]]
[12060,8,8,[[12059,0],[12061,0],[11804,0],[11805,0],[12316,0],]]
[12061,9,8,[[12062,0],[12060,0],[11805,0],[12317,0],]]
[12062,12,8,[[12061,0],[12063,0],[11806,0],[11807,0],[12318,0],]]
[12063,16,8,[[12064,0],[12062,0],[11807,0],[12319,0],]]
[12064,10,9,[[12063,0],[12065,0],[11808,0],[11809,0],[12320,0],]]
[12065,12,9,[[12066,0],[12064,0],[11809,0],[12321,0],]]
[12066,15,9,[[12065,0],[12067,0],[11810,0],[11811,0],[12322,0],]]
[12067,2,9,[[12068,0],[12066,0],[11811,0],[12323,0],]]
[12068,18,9,[[12067,0],[12069,0],[11812,0],[11813,0],[12324,0],]]
[12069,5,9,[[12070,0],[12068,0],[11813,0],[12325,0],]]
[12070,13,9,[[12069,0],[12071,0],[11814,0],[11815,0],[12326,0],]]
[12071,11,9,[[12072,0],[12070,0],[11815,0],[12327,0],]]
[12072,10,9,[[12071,0],[12073,0],[11816,0],[11817,0],[12328,0],]]
[12073,13,9,[[12074,0],[12072,0],[11817,0],[12329,0],]]
[12074,9,9,[[12073,0],[12075,0],[11818,0],[11819,0],[12330,0],]]
[12075,6,9,[[12076,0],[12074,0],[11819,0],[12331,0],]]
[12076,18,9,[[12075,0],[12077,0],[11820,0],[11821,0],[12332,0],]]
[12077,7,9,[[12078,0],[12076,0],[11821,0],[12333,0],]]
[12078,5,9,[[12077,0],[12079,0],[11822,0],[11823,0],[12334,0],]]
[12079,3,9,[[12080,0],[12078,0],[11823,0],[12335,0],]]
[12080,1,9,[[12079,0],[12081,0],[11824,0],[11825,0],[12336,0],]]
[12081,19,9,[[12082,0],[12080,0],[11825,0],[12337,0],]]
[12082,14,9,[[12081,0],[12083,0],[11826,0],[11827,0],[12338,0],]]
[12083,6,9,[[12084,0],[12082,0],[11827,0],[12339,0],]]
[12084,14,9,[[12083,0],[12085,0],[11828,0],[11829,0],[12340,0],]]
[12085,11,9,[[12086,0],[12084,0],[11829,0],[12341,0],]]
[12086,11,9,[[12085,0],[12087,0],[11830,0],[11831,0],[12342,0],]]
[12087,19,9,[[12088,0],[12086,0],[11831,0],[12343,0],]]
[12088,11,9,[[12087,0],[12089,0],[11832,0],[11833,0],[12344,0],]]
[12089,17,9,[[12090,0],[12088,0],[11833,0],[12345,0],]]
[12090,14,9,[[12089,0],[12091,0],[11834,0],[11835,0],[12346,0],]]
[12091,12,9,[[12092,0],[12090,0],[11835,0],[12347,0],]]
[12092,17,9,[[12091,0],[12093,0],[11836,0],[11837,0],[12348,0],]]
[12093,2,9,[[12094,0],[12092,0],[11837,0],[12349,0],]]
[12094,6,9,[[12093,0],[12095,0],[11838,0],[11839,0],[12350,0],]]
[12095,8,9,[[12096,0],[12094,0],[11839,0],[12351,0],]]
[12096,7,10,[[12095,0],[12097,0],[11840,0],[11841,0],[12352,0],]]
[12097,11,10,[[12098,0],[12096,0],[11841,0],[12353,0],]]
[12098,14,10,[[12097,0],[12099,0],[11842,0],[11843,0],[12354,0],]]
[12099,7,10,[[12100,0],[12098,0],[11843,0],[12355,0],]]
[12100,9,10,[[12099,0],[12101,0],[11844,0],[11845,0],[12356,0],]]
[12101,19,10,[[12102,0],[12100,0],[11845,0],[12357,0],]]
[12102,4,10,[[12101,0],[12103,0],[11846,0],[11847,0],[12358,0],]]
[12103,3,10,[[12104,0],[12102,0],[11847,0],[12359,0],]]
[12104,2,10,[[12103,0],[12105,0],[11848,0],[11849,0],[12360,0],]]
[12105,16,10,[[12106,0],[12104,0],[11849,0],[12361,0],]]
[12106,13,10,[[12105,0],[12107,0],[11850,0],[11851,0],[12362,0],]]
[12107,10,10,[[12108,0],[12106,0],[11851,0],[12363,0],]]
[12108,8,10,[[12107,0],[12109,0],[11852,0],[11853,0],[12364,0],]]
[12109,4,10,[[12110,0],[12108,0],[11853,0],[12365,0],]]
[12110,4,10,[[12109,0],[12111,0],[11854,0],[11855,0],[12366,0],]]
[12111,16,10,[[12112,0],[12110,0],[11855,0],[12367,0],]]
[12112,4,10,[[12111,0],[12113,0],[11856,0],[11857,0],[12368,0],]]
[12113,7,10,[[12114,0],[12112,0],[11857,0],[12369,0],]]
[12114,19,10,[[12113,0],[12115,0],[11858,0],[11859,0],[12370,0],]]
[12115,13,10,[[12116,0],[12114,0],[11859,0],[12371,0],]]
[12116,10,10,[[12115,0],[12117,0],[11860,0],[11861,0],[12372,0],]]
[12117,11,10,[[12118,0],[12116,0],[11861,0],[12373,0],]]
[12118,16,10,[[12117,0],[12119,0],[11862,0],[11863,0],[12374,0],]]
[12119,12,10,[[12120,0],[12118,0],[11863,0],[12375,0],]]
[12120,10,10,[[12119,0],[12121,0],[11864,0],[11865,0],[12376,0],]]
[12121,11,10,[[12122,0],[12120,0],[11865,0],[12377,0],]]
[12122,6,10,[[12121,0],[12123,0],[11866,0],[11867,0],[12378,0],]]
[12123,17,10,[[12124,0],[12122,0],[11867,0],[12379,0],]]
[12124,15,10,[[12123,0],[12125,0],[11868,0],[11869,0],[12380,0],]]
[12125,7,10,[[12126,0],[12124,0],[11869,0],[12381,0],]]
[12126,17,10,[[12125,0],[12127,0],[11870,0],[11871,0],[12382,0],]]
[12127,10,10,[[12128,0],[12126,0],[11871,0],[12383,0],]]
[12128,3,11,[[12127,0],[12129,0],[11872,0],[11873,0],[12384,0],]]
[12129,8,11,[[12130,0],[12128,0],[11873,0],[12385,0],]]
[12130,5,11,[[12129,0],[12131,0],[11874,0],[11875,0],[12386,0],]]
[12131,15,11,[[12132,0],[12130,0],[11875,0],[12387,0],]]
[12132,17,11,[[12131,0],[12133,0],[11876,0],[11877,0],[12388,0],]]
[12133,9,11,[[12134,0],[12132,0],[11877,0],[12389,0],]]
[12134,17,11,[[12133,0],[12135,0],[11878,0],[11879,0],[12390,0],]]
[12135,2,11,[[12136,0],[12134,0],[11879,0],[12391,0],]]
[12136,14,11,[[12135,0],[12137,0],[11880,0],[11881,0],[12392,0],]]
[12137,2,11,[[12138,0],[12136,0],[11881,0],[12393,0],]]
[12138,7,11,[[12137,0],[12139,0],[11882,0],[11883,0],[12394,0],]]
[12139,16,11,[[12140,0],[12138,0],[11883,0],[12395,0],]]
[12140,14,11,[[12139,0],[12141,0],[11884,0],[11885,0],[12396,0],]]
[12141,11,11,[[12142,0],[12140,0],[11885,0],[12397,0],]]
[12142,15,11,[[12141,0],[12143,0],[11886,0],[11887,0],[12398,0],]]
[12143,15,11,[[12144,0],[12142,0],[11887,0],[12399,0],]]
[12144,17,11,[[12143,0],[12145,0],[11888,0],[11889,0],[12400,0],]]
[12145,7,11,[[12146,0],[12144,0],[11889,0],[12401,0],]]
[12146,3,11,[[12145,0],[12147,0],[11890,0],[11891,0],[12402,0],]]
[12147,13,11,[[12148,0],[12146,0],[11891,0],[12403,0],]]
[12148,19,11,[[12147,0],[12149,0],[11892,0],[11893,0],[12404,0],]]
[12149,7,11,[[12150,0],[12148,0],[11893,0],[12405,0],]]
[12150,10,11,[[12149,0],[12151,0],[11894,0],[11895,0],[12406,0],]]
[12151,13,11,[[12152,0],[12150,0],[11895,0],[12407,0],]]
[12152,6,11,[[12151,0],[12153,0],[11896,0],[11897,0],[12408,0],]]
[12153,18,11,[[12154,0],[12152,0],[11897,0],[12409,0],]]
[12154,18,11,[[12153,0],[12155,0],[11898,0],[11899,0],[12410,0],]]
[12155,15,11,[[12156,0],[12154,0],[11899,0],[12411,0],]]
[12156,1,11,[[12155,0],[12157,0],[11900,0],[11901,0],[12412,0],]]
[12157,3,11,[[12158,0],[12156,0],[11901,0],[12413,0],]]
[12158,16,11,[[12157,0],[12159,0],[11902,0],[11903,0],[12414,0],]]
[12159,9,11,[[12160,0],[12158,0],[11903,0],[12415,0],]]
[12160,5,12,[[12159,0],[12161,0],[11904,0],[11905,0],[12416,0],]]
[12161,9,12,[[12162,0],[12160,0],[11905,0],[12417,0],]]
[12162,4,12,[[12161,0],[12163,0],[11906,0],[11907,0],[12418,0],]]
[12163,19,12,[[12164,0],[12162,0],[11907,0],[12419,0],]]
[12164,12,12,[[12163,0],[12165,0],[11908,0],[11909,0],[12420,0],]]
[12165,16,12,[[12166,0],[12164,0],[11909,0],[12421,0],]]
[12166,15,12,[[12165,0],[12167,0],[11910,0],[11911,0],[12422,0],]]
[12167,9,12,[[12168,0],[12166,0],[11911,0],[12423,0],]]
[12168,12,12,[[12167,0],[12169,0],[11912,0],[11913,0],[12424,0],]]
[12169,6,12,[[12170,0],[12168,0],[11913,0],[12425,0],]]
[12170,6,12,[[12169,0],[12171,0],[11914,0],[11915,0],[12426,0],]]
[12171,6,12,[[12172,0],[12170,0],[11915,0],[12427,0],]]
[12172,7,12,[[12171,0],[12173,0],[11916,0],[11917,0],[12428,0],]]
[12173,16,12,[[12174,0],[12172,0],[11917,0],[12429,0],]]
[12174,10,12,[[12173,0],[12175,0],[11918,0],[11919,0],[12430,0],]]
[12175,9,12,[[12176,0],[12174,0],[11919,0],[12431,0],]]
[12176,13,12,[[12175,0],[12177,0],[11920,0],[11921,0],[12432,0],]]
[12177,10,12,[[12178,0],[12176,0],[11921,0],[12433,0],]]
[12178,15,12,[[12177,0],[12179,0],[11922,0],[11923,0],[12434,0],]]
[12179,13,12,[[12180,0],[12178,0],[11923,0],[12435,0],]]
[12180,12,12,[[12179,0],[12181,0],[11924,0],[11925,0],[12436,0],]]
[12181,16,12,[[12182,0],[12180,0],[11925,0],[12437,0],]]
[12182,16,12,[[12181,0],[12183,0],[11926,0],[11927,0],[12438,0],]]
[12183,18,12,[[12184,0],[12182,0],[11927,0],[12439,0],]]
[12184,17,12,[[12183,0],[12185,0],[11928,0],[11929,0],[12440,0],]]
[12185,19,12,[[12186,0],[12184,0],[11929,0],[12441,0],]]
[12186,9,12,[[12185,0],[12187,0],[11930,0],[11931,0],[12442,0],]]
[12187,14,12,[[12188,0],[12186,0],[11931,0],[12443,0],]]
[12188,13,12,[[12187,0],[12189,0],[11932,0],[11933,0],[12444,0],]]
[12189,7,12,[[12190,0],[12188,0],[11933,0],[12445,0],]]
[12190,1,12,[[12189,0],[12191,0],[11934,0],[11935,0],[12446,0],]]
[12191,15,12,[[12192,0],[12190,0],[11935,0],[12447,0],]]
[12192,17,13,[[12191,0],[12193,0],[11936,0],[11937,0],[12448,0],]]
[12193,2,13,[[12194,0],[12192,0],[11937,0],[12449,0],]]
[12194,18,13,[[12193,0],[12195,0],[11938,0],[11939,0],[12450,0],]]
[12195,2,13,[[12196,0],[12194,0],[11939,0],[12451,0],]]
[12196,4,13,[[12195,0],[12197,0],[11940,0],[11941,0],[12452,0],]]
[12197,13,13,[[12198,0],[12196,0],[11941,0],[12453,0],]]
[12198,19,13,[[12197,0],[12199,0],[11942,0],[11943,0],[12454,0],]]
[12199,4,13,[[12200,0],[12198,0],[11943,0],[12455,0],]]
[12200,15,13,[[12199,0],[12201,0],[11944,0],[11945,0],[12456,0],]]
[12201,13,13,[[12202,0],[12200,0],[11945,0],[12457,0],]]
[12202,8,13,[[12201,0],[12203,0],[11946,0],[11947,0],[12458,0],]]
[12203,5,13,[[12204,0],[12202,0],[11947,0],[12459,0],]]
[12204,5,13,[[12203,0],[12205,0],[11948,0],[11949,0],[12460,0],]]
[12205,18,13,[[12206,0],[12204,0],[11949,0],[12461,0],]]
[12206,13,13,[[12205,0],[12207,0],[11950,0],[11951,0],[12462,0],]]
[12207,9,13,[[12208,0],[12206,0],[11951,0],[12463,0],]]
[12208,7,13,[[12207,0],[12209,0],[11952,0],[11953,0],[12464,0],]]
[12209,1,13,[[12210,0],[12208,0],[11953,0],[12465,0],]]
[12210,19,13,[[12209,0],[12211,0],[11954,0],[11955,0],[12466,0],]]
[12211,11,13,[[12212,0],[12210,0],[11955,0],[12467,0],]]
[12212,13,13,[[12211,0],[12213,0],[11956,0],[11957,0],[12468,0],]]
[12213,10,13,[[12214,0],[12212,0],[11957,0],[12469,0],]]
[12214,4,13,[[12213,0],[12215,0],[11958,0],[11959,0],[12470,0],]]
[12215,11,13,[[12216,0],[12214,0],[11959,0],[12471,0],]]
[12216,2,13,[[12215,0],[12217,0],[11960,0],[11961,0],[12472,0],]]
[12217,13,13,[[12218,0],[12216,0],[11961,0],[12473,0],]]
[12218,19,13,[[12217,0],[12219,0],[11962,0],[11963,0],[12474,0],]]
[12219,13,13,[[12220,0],[12218,0],[11963,0],[12475,0],]]
[12220,8,13,[[12219,0],[12221,0],[11964,0],[11965,0],[12476,0],]]
[12221,10,13,[[12222,0],[12220,0],[11965,0],[12477,0],]]
[12222,2,13,[[12221,0],[12223,0],[11966,0],[11967,0],[12478,0],]]
[12223,6,13,[[12224,0],[12222,0],[11967,0],[12479,0],]]
[12224,18,14,[[12223,0],[12225,0],[11968,0],[11969,0],[12480,0],]]
[12225,17,14,[[12226,0],[12224,0],[11969,0],[12481,0],]]
[12226,16,14,[[12225,0],[12227,0],[11970,0],[11971,0],[12482,0],]]
[12227,17,14,[[12228,0],[12226,0],[11971,0],[12483,0],]]
[12228,13,14,[[12227,0],[12229,0],[11972,0],[11973,0],[12484,0],]]
[12229,1,14,[[12230,0],[12228,0],[11973,0],[12485,0],]]
[12230,17,14,[[12229,0],[12231,0],[11974,0],[11975,0],[12486,0],]]
[12231,6,14,[[12232,0],[12230,0],[11975,0],[12487,0],]]
[12232,4,14,[[12231,0],[12233,0],[11976,0],[11977,0],[12488,0],]]
[12233,2,14,[[12234,0],[12232,0],[11977,0],[12489,0],]]
[12234,14,14,[[12233,0],[12235,0],[11978,0],[11979,0],[12490,0],]]
[12235,15,14,[[12236,0],[12234,0],[11979,0],[12491,0],]]
[12236,5,14,[[12235,0],[12237,0],[11980,0],[11981,0],[12492,0],]]
[12237,19,14,[[12238,0],[12236,0],[11981,0],[12493,0],]]
[12238,18,14,[[12237,0],[12239,0],[11982,0],[11983,0],[12494,0],]]
[12239,14,14,[[12240,0],[12238,0],[11983,0],[12495,0],]]
[12240,6,14,[[12239,0],[12241,0],[11984,0],[11985,0],[12496,0],]]
[12241,4,14,[[12242,0],[12240,0],[11985,0],[12497,0],]]
[12242,14,14,[[12241,0],[12243,0],[11986,0],[11987,0],[12498,0],]]
[12243,3,14,[[12244,0],[12242,0],[11987,0],[12499,0],]]
[12244,4,14,[[12243,0],[12245,0],[11988,0],[11989,0],[12500,0],]]
[12245,1,14,[[12246,0],[12244,0],[11989,0],[12501,0],]]
[12246,15,14,[[12245,0],[12247,0],[11990,0],[11991,0],[12502,0],]]
[12247,12,14,[[12248,0],[12246,0],[11991,0],[12503,0],]]
[12248,18,14,[[12247,0],[12249,0],[11992,0],[11993,0],[12504,0],]]
[12249,8,14,[[12250,0],[12248,0],[11993,0],[12505,0],]]
[12250,10,14,[[12249,0],[12251,0],[11994,0],[11995,0],[12506,0],]]
[12251,1,14,[[12252,0],[12250,0],[11995,0],[12507,0],]]
[12252,2,14,[[12251,0],[12253,0],[11996,0],[11997,0],[12508,0],]]
[12253,5,14,[[12254,0],[12252,0],[11997,0],[12509,0],]]
[12254,7,14,[[12253,0],[12255,0],[11998,0],[11999,0],[12510,0],]]
[12255,14,14,[[12256,0],[12254,0],[11999,0],[12511,0],]]
[12256,7,15,[[12255,0],[12257,0],[12000,0],[12001,0],[12512,0],]]
[12257,10,15,[[12258,0],[12256,0],[12001,0],[12513,0],]]
[12258,10,15,[[12257,0],[12259,0],[12002,0],[12003,0],[12514,0],]]
[12259,15,15,[[12260,0],[12258,0],[12003,0],[12515,0],]]
[12260,12,15,[[12259,0],[12261,0],[12004,0],[12005,0],[12516,0],]]
[12261,16,15,[[12262,0],[12260,0],[12005,0],[12517,0],]]
[12262,9,15,[[12261,0],[12263,0],[12006,0],[12007,0],[12518,0],]]
[12263,17,15,[[12264,0],[12262,0],[12007,0],[12519,0],]]
[12264,8,15,[[12263,0],[12265,0],[12008,0],[12009,0],[12520,0],]]
[12265,18,15,[[12266,0],[12264,0],[12009,0],[12521,0],]]
[12266,8,15,[[12265,0],[12267,0],[12010,0],[12011,0],[12522,0],]]
[12267,10,15,[[12268,0],[12266,0],[12011,0],[12523,0],]]
[12268,1,15,[[12267,0],[12269,0],[12012,0],[12013,0],[12524,0],]]
[12269,1,15,[[12270,0],[12268,0],[12013,0],[12525,0],]]
[12270,9,15,[[12269,0],[12271,0],[12014,0],[12015,0],[12526,0],]]
[12271,14,15,[[12272,0],[12270,0],[12015,0],[12527,0],]]
[12272,5,15,[[12271,0],[12273,0],[12016,0],[12017,0],[12528,0],]]
[12273,3,15,[[12274,0],[12272,0],[12017,0],[12529,0],]]
[12274,6,15,[[12273,0],[12275,0],[12018,0],[12019,0],[12530,0],]]
[12275,12,15,[[12276,0],[12274,0],[12019,0],[12531,0],]]
[12276,7,15,[[12275,0],[12277,0],[12020,0],[12021,0],[12532,0],]]
[12277,18,15,[[12278,0],[12276,0],[12021,0],[12533,0],]]
[12278,17,15,[[12277,0],[12279,0],[12022,0],[12023,0],[12534,0],]]
[12279,19,15,[[12280,0],[12278,0],[12023,0],[12535,0],]]
[12280,1,15,[[12279,0],[12281,0],[12024,0],[12025,0],[12536,0],]]
[12281,19,15,[[12282,0],[12280,0],[12025,0],[12537,0],]]
[12282,16,15,[[12281,0],[12283,0],[12026,0],[12027,0],[12538,0],]]
[12283,5,15,[[12284,0],[12282,0],[12027,0],[12539,0],]]
[12284,18,15,[[12283,0],[12285,0],[12028,0],[12029,0],[12540,0],]]
[12285,10,15,[[12286,0],[12284,0],[12029,0],[12541,0],]]
[12286,15,15,[[12285,0],[12287,0],[12030,0],[12031,0],[12542,0],]]
[12287,6,15,[[12286,0],[12031,0],[12543,0],]]
[12288,12,8,[[12289,0],[12544,0],[12032,0],]]
[12289,17,8,[[12290,0],[12288,0],[12545,0],[12544,0],[12033,0],]]
[12290,2,8,[[12289,0],[12291,0],[12546,0],[12034,0],]]
[12291,3,8,[[12292,0],[12290,0],[12547,0],[12546,0],[12035,0],]]
[12292,13,8,[[12291,0],[12293,0],[12548,0],[12036,0],]]
[12293,13,8,[[12294,0],[12292,0],[12549,0],[12548,0],[12037,0],]]
[12294,18,8,[[12293,0],[12295,0],[12550,0],[12038,0],]]
[12295,8,8,[[12296,0],[12294,0],[12551,0],[12550,0],[12039,0],]]
[12296,11,8,[[12295,0],[12297,0],[12552,0],[12040,0],]]
[12297,15,8,[[12298,0],[12296,0],[12553,0],[12552,0],[12041,0],]]
[12298,10,8,[[12297,0],[12299,0],[12554,0],[12042,0],]]
[12299,4,8,[[12300,0],[12298,0],[12555,0],[12554,0],[12043,0],]]
[12300,10,8,[[12299,0],[12301,0],[12556,0],[12044,0],]]
[12301,7,8,[[12302,0],[12300,0],[12557,0],[12556,0],[12045,0],]]
[12302,19,8,[[12301,0],[12303,0],[12558,0],[12046,0],]]
[12303,19,8,[[12304,0],[12302,0],[12559,0],[12558,0],[12047,0],]]
[12304,11,8,[[12303,0],[12305,0],[12560,0],[12048,0],]]
[12305,8,8,[[12306,0],[12304,0],[12561,0],[12560,0],[12049,0],]]
[12306,12,8,[[12305,0],[12307,0],[12562,0],[12050,0],]]
[12307,4,8,[[12308,0],[12306,0],[12563,0],[12562,0],[12051,0],]]
[12308,16,8,[[12307,0],[12309,0],[12564,0],[12052,0],]]
[12309,9,8,[[12310,0],[12308,0],[12565,0],[12564,0],[12053,0],]]
[12310,3,8,[[12309,0],[12311,0],[12566,0],[12054,0],]]
[12311,11,8,[[12312,0],[12310,0],[12567,0],[12566,0],[12055,0],]]
[12312,17,8,[[12311,0],[12313,0],[12568,0],[12056,0],]]
[12313,15,8,[[12314,0],[12312,0],[12569,0],[12568,0],[12057,0],]]
[12314,3,8,[[12313,0],[12315,0],[12570,0],[12058,0],]]
[12315,14,8,[[12316,0],[12314,0],[12571,0],[12570,0],[12059,0],]]
[12316,19,8,[[12315,0],[12317,0],[12572,0],[12060,0],]]
[12317,8,8,[[12318,0],[12316,0],[12573,0],[12572,0],[12061,0],]]
[12318,14,8,[[12317,0],[12319,0],[12574,0],[12062,0],]]
[12319,13,8,[[12320,0],[12318,0],[12575,0],[12574,0],[12063,0],]]
[12320,12,9,[[12319,0],[12321,0],[12576,0],[12064,0],]]
[12321,7,9,[[12322,0],[12320,0],[12577,0],[12576,0],[12065,0],]]
[12322,17,9,[[12321,0],[12323,0],[12578,0],[12066,0],]]
[12323,5,9,[[12324,0],[12322,0],[12579,0],[12578,0],[12067,0],]]
[12324,14,9,[[12323,0],[12325,0],[12580,0],[12068,0],]]
[12325,4,9,[[12326,0],[12324,0],[12581,0],[12580,0],[12069,0],]]
[12326,13,9,[[12325,0],[12327,0],[12582,0],[12070,0],]]
[12327,14,9,[[12328,0],[12326,0],[12583,0],[12582,0],[12071,0],]]
[12328,14,9,[[12327,0],[12329,0],[12584,0],[12072,0],]]
[12329,16,9,[[12330,0],[12328,0],[12585,0],[12584,0],[12073,0],]]
[12330,11,9,[[12329,0],[12331,0],[12586,0],[12074,0],]]
[12331,16,9,[[12332,0],[12330,0],[12587,0],[12586,0],[12075,0],]]
[12332,13,9,[[12331,0],[12333,0],[12588,0],[12076,0],]]
[12333,7,9,[[12334,0],[12332,0],[12589,0],[12588,0],[12077,0],]]
[12334,19,9,[[12333,0],[12335,0],[12590,0],[12078,0],]]
[12335,17,9,[[12336,0],[12334,0],[12591,0],[12590,0],[12079,0],]]
[12336,14,9,[[12335,0],[12337,0],[12592,0],[12080,0],]]
[12337,8,9,[[12338,0],[12336,0],[12593,0],[12592,0],[12081,0],]]
[12338,7,9,[[12337,0],[12339,0],[12594,0],[12082,0],]]
[12339,6,9,[[12340,0],[12338,0],[12595,0],[12594,0],[12083,0],]]
[12340,11,9,[[12339,0],[12341,0],[12596,0],[12084,0],]]
[12341,18,9,[[12342,0],[12340,0],[12597,0],[12596,0],[12085,0],]]
[12342,7,9,[[12341,0],[12343,0],[12598,0],[12086,0],]]
[12343,8,9,[[12344,0],[12342,0],[12599,0],[12598,0],[12087,0],]]
[12344,14,9,[[12343,0],[12345,0],[12600,0],[12088,0],]]
[12345,7,9,[[12346,0],[12344,0],[12601,0],[12600,0],[12089,0],]]
[12346,8,9,[[12345,0],[12347,0],[12602,0],[12090,0],]]
[12347,12,9,[[12348,0],[12346,0],[12603,0],[12602,0],[12091,0],]]
[12348,19,9,[[12347,0],[12349,0],[12604,0],[12092,0],]]
[12349,7,9,[[12350,0],[12348,0],[12605,0],[12604,0],[12093,0],]]
[12350,13,9,[[12349,0],[12351,0],[12606,0],[12094,0],]]
[12351,17,9,[[12352,0],[12350,0],[12607,0],[12606,0],[12095,0],]]
[12352,11,10,[[12351,0],[12353,0],[12608,0],[12096,0],]]
[12353,12,10,[[12354,0],[12352,0],[12609,0],[12608,0],[12097,0],]]
[12354,13,10,[[12353,0],[12355,0],[12610,0],[12098,0],]]
[12355,15,10,[[12356,0],[12354,0],[12611,0],[12610,0],[12099,0],]]
[12356,15,10,[[12355,0],[12357,0],[12612,0],[12100,0],]]
[12357,16,10,[[12358,0],[12356,0],[12613,0],[12612,0],[12101,0],]]
[12358,15,10,[[12357,0],[12359,0],[12614,0],[12102,0],]]
[12359,8,10,[[12360,0],[12358,0],[12615,0],[12614,0],[12103,0],]]
[12360,8,10,[[12359,0],[12361,0],[12616,0],[12104,0],]]
[12361,11,10,[[12362,0],[12360,0],[12617,0],[12616,0],[12105,0],]]
[12362,7,10,[[12361,0],[12363,0],[12618,0],[12106,0],]]
[12363,10,10,[[12364,0],[12362,0],[12619,0],[12618,0],[12107,0],]]
[12364,4,10,[[12363,0],[12365,0],[12620,0],[12108,0],]]
[12365,14,10,[[12366,0],[12364,0],[12621,0],[12620,0],[12109,0],]]
[12366,4,10,[[12365,0],[12367,0],[12622,0],[12110,0],]]
[12367,17,10,[[12368,0],[12366,0],[12623,0],[12622,0],[12111,0],]]
[12368,1,10,[[12367,0],[12369,0],[12624,0],[12112,0],]]
[12369,2,10,[[12370,0],[12368,0],[12625,0],[12624,0],[12113,0],]]
[12370,15,10,[[12369,0],[12371,0],[12626,0],[12114,0],]]
[12371,13,10,[[12372,0],[12370,0],[12627,0],[12626,0],[12115,0],]]
[12372,4,10,[[12371,0],[12373,0],[12628,0],[12116,0],]]
[12373,4,10,[[12374,0],[12372,0],[12629,0],[12628,0],[12117,0],]]
[12374,9,10,[[12373,0],[12375,0],[12630,0],[12118,0],]]
[12375,16,10,[[12376,0],[12374,0],[12631,0],[12630,0],[12119,0],]]
[12376,16,10,[[12375,0],[12377,0],[12632,0],[12120,0],]]
[12377,13,10,[[12378,0],[12376,0],[12633,0],[12632,0],[12121,0],]]
[12378,8,10,[[12377,0],[12379,0],[12634,0],[12122,0],]]
[12379,14,10,[[12380,0],[12378,0],[12635,0],[12634,0],[12123,0],]]
[12380,9,10,[[12379,0],[12381,0],[12636,0],[12124,0],]]
[12381,5,10,[[12382,0],[12380,0],[12637,0],[12636,0],[12125,0],]]
[12382,1,10,[[12381,0],[12383,0],[12638,0],[12126,0],]]
[12383,2,10,[[12384,0],[12382,0],[12639,0],[12638,0],[12127,0],]]
[12384,1,11,[[12383,0],[12385,0],[12640,0],[12128,0],]]
[12385,16,11,[[12386,0],[12384,0],[12641,0],[12640,0],[12129,0],]]
[12386,18,11,[[12385,0],[12387,0],[12642,0],[12130,0],]]
[12387,14,11,[[12388,0],[12386,0],[12643,0],[12642,0],[12131,0],]]
[12388,1,11,[[12387,0],[12389,0],[12644,0],[12132,0],]]
[12389,4,11,[[12390,0],[12388,0],[12645,0],[12644,0],[12133,0],]]
[12390,13,11,[[12389,0],[12391,0],[12646,0],[12134,0],]]
[12391,5,11,[[12392,0],[12390,0],[12647,0],[12646,0],[12135,0],]]
[12392,11,11,[[12391,0],[12393,0],[12648,0],[12136,0],]]
[12393,13,11,[[12394,0],[12392,0],[12649,0],[12648,0],[12137,0],]]
[12394,16,11,[[12393,0],[12395,0],[12650,0],[12138,0],]]
[12395,14,11,[[12396,0],[12394,0],[12651,0],[12650,0],[12139,0],]]
[12396,2,11,[[12395,0],[12397,0],[12652,0],[12140,0],]]
[12397,10,11,[[12398,0],[12396,0],[12653,0],[12652,0],[12141,0],]]
[12398,10,11,[[12397,0],[12399,0],[12654,0],[12142,0],]]
[12399,2,11,[[12400,0],[12398,0],[12655,0],[12654,0],[12143,0],]]
[12400,16,11,[[12399,0],[12401,0],[12656,0],[12144,0],]]
[12401,7,11,[[12402,0],[12400,0],[12657,0],[12656,0],[12145,0],]]
[12402,16,11,[[12401,0],[12403,0],[12658,0],[12146,0],]]
[12403,11,11,[[12404,0],[12402,0],[12659,0],[12658,0],[12147,0],]]
[12404,3,11,[[12403,0],[12405,0],[12660,0],[12148,0],]]
[12405,17,11,[[12406,0],[12404,0],[12661,0],[12660,0],[12149,0],]]
[12406,15,11,[[12405,0],[12407,0],[12662,0],[12150,0],]]
[12407,19,11,[[12408,0],[12406,0],[12663,0],[12662,0],[12151,0],]]
[12408,14,11,[[12407,0],[12409,0],[12664,0],[12152,0],]]
[12409,2,11,[[12410,0],[12408,0],[12665,0],[12664,0],[12153,0],]]
[12410,13,11,[[12409,0],[12411,0],[12666,0],[12154,0],]]
[12411,12,11,[[12412,0],[12410,0],[12667,0],[12666,0],[12155,0],]]
[12412,2,11,[[12411,0],[12413,0],[12668,0],[12156,0],]]
[12413,8,11,[[12414,0],[12412,0],[12669,0],[12668,0],[12157,0],]]
[12414,13,11,[[12413,0],[12415,0],[12670,0],[12158,0],]]
[12415,14,11,[[12416,0],[12414,0],[12671,0],[12670,0],[12159,0],]]
[12416,12,12,[[12415,0],[12417,0],[12672,0],[12160,0],]]
[12417,14,12,[[12418,0],[12416,0],[12673,0],[12672,0],[12161,0],]]
[12418,6,12,[[12417,0],[12419,0],[12674,0],[12162,0],]]
[12419,2,12,[[12420,0],[12418,0],[12675,0],[12674,0],[12163,0],]]
[12420,13,12,[[12419,0],[12421,0],[12676,0],[12164,0],]]
[12421,13,12,[[12422,0],[12420,0],[12677,0],[12676,0],[12165,0],]]
[12422,14,12,[[12421,0],[12423,0],[12678,0],[12166,0],]]
[12423,3,12,[[12424,0],[12422,0],[12679,0],[12678,0],[12167,0],]]
[12424,4,12,[[12423,0],[12425,0],[12680,0],[12168,0],]]
[12425,12,12,[[12426,0],[12424,0],[12681,0],[12680,0],[12169,0],]]
[12426,1,12,[[12425,0],[12427,0],[12682,0],[12170,0],]]
[12427,15,12,[[12428,0],[12426,0],[12683,0],[12682,0],[12171,0],]]
[12428,11,12,[[12427,0],[12429,0],[12684,0],[12172,0],]]
[12429,11,12,[[12430,0],[12428,0],[12685,0],[12684,0],[12173,0],]]
[12430,16,12,[[12429,0],[12431,0],[12686,0],[12174,0],]]
[12431,15,12,[[12432,0],[12430,0],[12687,0],[12686,0],[12175,0],]]
[12432,12,12,[[12431,0],[12433,0],[12688,0],[12176,0],]]
[12433,18,12,[[12434,0],[12432,0],[12689,0],[12688,0],[12177,0],]]
[12434,13,12,[[12433,0],[12435,0],[12690,0],[12178,0],]]
[12435,12,12,[[12436,0],[12434,0],[12691,0],[12690,0],[12179,0],]]
[12436,19,12,[[12435,0],[12437,0],[12692,0],[12180,0],]]
[12437,6,12,[[12438,0],[12436,0],[12693,0],[12692,0],[12181,0],]]
[12438,3,12,[[12437,0],[12439,0],[12694,0],[12182,0],]]
[12439,7,12,[[12440,0],[12438,0],[12695,0],[12694,0],[12183,0],]]
[12440,19,12,[[12439,0],[12441,0],[12696,0],[12184,0],]]
[12441,11,12,[[12442,0],[12440,0],[12697,0],[12696,0],[12185,0],]]
[12442,14,12,[[12441,0],[12443,0],[12698,0],[12186,0],]]
[12443,17,12,[[12444,0],[12442,0],[12699,0],[12698,0],[12187,0],]]
[12444,8,12,[[12443,0],[12445,0],[12700,0],[12188,0],]]
[12445,16,12,[[12446,0],[12444,0],[12701,0],[12700,0],[12189,0],]]
[12446,9,12,[[12445,0],[12447,0],[12702,0],[12190,0],]]
[12447,1,12,[[12448,0],[12446,0],[12703,0],[12702,0],[12191,0],]]
[12448,9,13,[[12447,0],[12449,0],[12704,0],[12192,0],]]
[12449,17,13,[[12450,0],[12448,0],[12705,0],[12704,0],[12193,0],]]
[12450,13,13,[[12449,0],[12451,0],[12706,0],[12194,0],]]
