[12451,3,13,[[12452,0],[12450,0],[12707,0],[12706,0],[12195,0],]]
[12452,14,13,[[12451,0],[12453,0],[12708,0],[12196,0],]]
[12453,4,13,[[12454,0],[12452,0],[12709,0],[12708,0],[12197,0],]]
[12454,10,13,[[12453,0],[12455,0],[12710,0],[12198,0],]]
[12455,16,13,[[12456,0],[12454,0],[12711,0],[12710,0],[12199,0],]]
[12456,8,13,[[12455,0],[12457,0],[12712,0],[12200,0],]]
[12457,10,13,[[12458,0],[12456,0],[12713,0],[12712,0],[12201,0],]]
[12458,19,13,[[12457,0],[12459,0],[12714,0],[12202,0],]]
[12459,1,13,[[12460,0],[12458,0],[12715,0],[12714,0],[12203,0],]]
[12460,11,13,[[12459,0],[12461,0],[12716,0],[12204,0],]]
[12461,4,13,[[12462,0],[12460,0],[12717,0],[12716,0],[12205,0],]]
[12462,12,13,[[12461,0],[12463,0],[12718,0],[12206,0],]]
[12463,15,13,[[12464,0],[12462,0],[12719,0],[12718,0],[12207,0],]]
[12464,3,13,[[12463,0],[12465,0],[12720,0],[12208,0],]]
[12465,12,13,[[12466,0],[12464,0],[12721,0],[12720,0],[12209,0],]]
[12466,5,13,[[12465,0],[12467,0],[12722,0],[12210,0],]]
[12467,19,13,[[12468,0],[12466,0],[12723,0],[12722,0],[12211,0],]]
[12468,16,13,[[12467,0],[12469,0],[12724,0],[12212,0],]]
[12469,6,13,[[12470,0],[12468,0],[12725,0],[12724,0],[12213,0],]]
[12470,3,13,[[12469,0],[12471,0],[12726,0],[12214,0],]]
[12471,1,13,[[12472,0],[12470,0],[12727,0],[12726,0],[12215,0],]]
[12472,13,13,[[12471,0],[12473,0],[12728,0],[12216,0],]]
[12473,13,13,[[12474,0],[12472,0],[12729,0],[12728,0],[12217,0],]]
[12474,16,13,[[12473,0],[12475,0],[12730,0],[12218,0],]]
[12475,4,13,[[12476,0],[12474,0],[12731,0],[12730,0],[12219,0],]]
[12476,6,13,[[12475,0],[12477,0],[12732,0],[12220,0],]]
[12477,4,13,[[12478,0],[12476,0],[12733,0],[12732,0],[12221,0],]]
[12478,1,13,[[12477,0],[12479,0],[12734,0],[12222,0],]]
[12479,14,13,[[12480,0],[12478,0],[12735,0],[12734,0],[12223,0],]]
[12480,13,14,[[12479,0],[12481,0],[12736,0],[12224,0],]]
[12481,2,14,[[12482,0],[12480,0],[12737,0],[12736,0],[12225,0],]]
[12482,11,14,[[12481,0],[12483,0],[12738,0],[12226,0],]]
[12483,11,14,[[12484,0],[12482,0],[12739,0],[12738,0],[12227,0],]]
[12484,14,14,[[12483,0],[12485,0],[12740,0],[12228,0],]]
[12485,14,14,[[12486,0],[12484,0],[12741,0],[12740,0],[12229,0],]]
[12486,10,14,[[12485,0],[12487,0],[12742,0],[12230,0],]]
[12487,7,14,[[12488,0],[12486,0],[12743,0],[12742,0],[12231,0],]]
[12488,16,14,[[12487,0],[12489,0],[12744,0],[12232,0],]]
[12489,17,14,[[12490,0],[12488,0],[12745,0],[12744,0],[12233,0],]]
[12490,16,14,[[12489,0],[12491,0],[12746,0],[12234,0],]]
[12491,16,14,[[12492,0],[12490,0],[12747,0],[12746,0],[12235,0],]]
[12492,10,14,[[12491,0],[12493,0],[12748,0],[12236,0],]]
[12493,1,14,[[12494,0],[12492,0],[12749,0],[12748,0],[12237,0],]]
[12494,1,14,[[12493,0],[12495,0],[12750,0],[12238,0],]]
[12495,18,14,[[12496,0],[12494,0],[12751,0],[12750,0],[12239,0],]]
[12496,12,14,[[12495,0],[12497,0],[12752,0],[12240,0],]]
[12497,10,14,[[12498,0],[12496,0],[12753,0],[12752,0],[12241,0],]]
[12498,15,14,[[12497,0],[12499,0],[12754,0],[12242,0],]]
[12499,10,14,[[12500,0],[12498,0],[12755,0],[12754,0],[12243,0],]]
[12500,3,14,[[12499,0],[12501,0],[12756,0],[12244,0],]]
[12501,18,14,[[12502,0],[12500,0],[12757,0],[12756,0],[12245,0],]]
[12502,16,14,[[12501,0],[12503,0],[12758,0],[12246,0],]]
[12503,11,14,[[12504,0],[12502,0],[12759,0],[12758,0],[12247,0],]]
[12504,3,14,[[12503,0],[12505,0],[12760,0],[12248,0],]]
[12505,13,14,[[12506,0],[12504,0],[12761,0],[12760,0],[12249,0],]]
[12506,5,14,[[12505,0],[12507,0],[12762,0],[12250,0],]]
[12507,2,14,[[12508,0],[12506,0],[12763,0],[12762,0],[12251,0],]]
[12508,9,14,[[12507,0],[12509,0],[12764,0],[12252,0],]]
[12509,16,14,[[12510,0],[12508,0],[12765,0],[12764,0],[12253,0],]]
[12510,15,14,[[12509,0],[12511,0],[12766,0],[12254,0],]]
[12511,15,14,[[12512,0],[12510,0],[12767,0],[12766,0],[12255,0],]]
[12512,12,15,[[12511,0],[12513,0],[12768,0],[12256,0],]]
[12513,13,15,[[12514,0],[12512,0],[12769,0],[12768,0],[12257,0],]]
[12514,9,15,[[12513,0],[12515,0],[12770,0],[12258,0],]]
[12515,8,15,[[12516,0],[12514,0],[12771,0],[12770,0],[12259,0],]]
[12516,3,15,[[12515,0],[12517,0],[12772,0],[12260,0],]]
[12517,17,15,[[12518,0],[12516,0],[12773,0],[12772,0],[12261,0],]]
[12518,16,15,[[12517,0],[12519,0],[12774,0],[12262,0],]]
[12519,14,15,[[12520,0],[12518,0],[12775,0],[12774,0],[12263,0],]]
[12520,6,15,[[12519,0],[12521,0],[12776,0],[12264,0],]]
[12521,13,15,[[12522,0],[12520,0],[12777,0],[12776,0],[12265,0],]]
[12522,8,15,[[12521,0],[12523,0],[12778,0],[12266,0],]]
[12523,4,15,[[12524,0],[12522,0],[12779,0],[12778,0],[12267,0],]]
[12524,17,15,[[12523,0],[12525,0],[12780,0],[12268,0],]]
[12525,7,15,[[12526,0],[12524,0],[12781,0],[12780,0],[12269,0],]]
[12526,9,15,[[12525,0],[12527,0],[12782,0],[12270,0],]]
[12527,10,15,[[12528,0],[12526,0],[12783,0],[12782,0],[12271,0],]]
[12528,15,15,[[12527,0],[12529,0],[12784,0],[12272,0],]]
[12529,18,15,[[12530,0],[12528,0],[12785,0],[12784,0],[12273,0],]]
[12530,18,15,[[12529,0],[12531,0],[12786,0],[12274,0],]]
[12531,4,15,[[12532,0],[12530,0],[12787,0],[12786,0],[12275,0],]]
[12532,12,15,[[12531,0],[12533,0],[12788,0],[12276,0],]]
[12533,4,15,[[12534,0],[12532,0],[12789,0],[12788,0],[12277,0],]]
[12534,1,15,[[12533,0],[12535,0],[12790,0],[12278,0],]]
[12535,15,15,[[12536,0],[12534,0],[12791,0],[12790,0],[12279,0],]]
[12536,5,15,[[12535,0],[12537,0],[12792,0],[12280,0],]]
[12537,2,15,[[12538,0],[12536,0],[12793,0],[12792,0],[12281,0],]]
[12538,12,15,[[12537,0],[12539,0],[12794,0],[12282,0],]]
[12539,16,15,[[12540,0],[12538,0],[12795,0],[12794,0],[12283,0],]]
[12540,9,15,[[12539,0],[12541,0],[12796,0],[12284,0],]]
[12541,8,15,[[12542,0],[12540,0],[12797,0],[12796,0],[12285,0],]]
[12542,15,15,[[12541,0],[12543,0],[12798,0],[12286,0],]]
[12543,8,15,[[12542,0],[12799,0],[12798,0],[12287,0],]]
[12544,2,8,[[12545,0],[12288,0],[12289,0],[12800,0],]]
[12545,4,8,[[12546,0],[12544,0],[12289,0],[12801,0],]]
[12546,8,8,[[12545,0],[12547,0],[12290,0],[12291,0],[12802,0],]]
[12547,8,8,[[12548,0],[12546,0],[12291,0],[12803,0],]]
[12548,6,8,[[12547,0],[12549,0],[12292,0],[12293,0],[12804,0],]]
[12549,13,8,[[12550,0],[12548,0],[12293,0],[12805,0],]]
[12550,11,8,[[12549,0],[12551,0],[12294,0],[12295,0],[12806,0],]]
[12551,12,8,[[12552,0],[12550,0],[12295,0],[12807,0],]]
[12552,11,8,[[12551,0],[12553,0],[12296,0],[12297,0],[12808,0],]]
[12553,14,8,[[12554,0],[12552,0],[12297,0],[12809,0],]]
[12554,15,8,[[12553,0],[12555,0],[12298,0],[12299,0],[12810,0],]]
[12555,14,8,[[12556,0],[12554,0],[12299,0],[12811,0],]]
[12556,5,8,[[12555,0],[12557,0],[12300,0],[12301,0],[12812,0],]]
[12557,8,8,[[12558,0],[12556,0],[12301,0],[12813,0],]]
[12558,8,8,[[12557,0],[12559,0],[12302,0],[12303,0],[12814,0],]]
[12559,6,8,[[12560,0],[12558,0],[12303,0],[12815,0],]]
[12560,14,8,[[12559,0],[12561,0],[12304,0],[12305,0],[12816,0],]]
[12561,4,8,[[12562,0],[12560,0],[12305,0],[12817,0],]]
[12562,13,8,[[12561,0],[12563,0],[12306,0],[12307,0],[12818,0],]]
[12563,7,8,[[12564,0],[12562,0],[12307,0],[12819,0],]]
[12564,1,8,[[12563,0],[12565,0],[12308,0],[12309,0],[12820,0],]]
[12565,11,8,[[12566,0],[12564,0],[12309,0],[12821,0],]]
[12566,10,8,[[12565,0],[12567,0],[12310,0],[12311,0],[12822,0],]]
[12567,4,8,[[12568,0],[12566,0],[12311,0],[12823,0],]]
[12568,7,8,[[12567,0],[12569,0],[12312,0],[12313,0],[12824,0],]]
[12569,8,8,[[12570,0],[12568,0],[12313,0],[12825,0],]]
[12570,5,8,[[12569,0],[12571,0],[12314,0],[12315,0],[12826,0],]]
[12571,6,8,[[12572,0],[12570,0],[12315,0],[12827,0],]]
[12572,16,8,[[12571,0],[12573,0],[12316,0],[12317,0],[12828,0],]]
[12573,14,8,[[12574,0],[12572,0],[12317,0],[12829,0],]]
[12574,14,8,[[12573,0],[12575,0],[12318,0],[12319,0],[12830,0],]]
[12575,7,8,[[12576,0],[12574,0],[12319,0],[12831,0],]]
[12576,18,9,[[12575,0],[12577,0],[12320,0],[12321,0],[12832,0],]]
[12577,8,9,[[12578,0],[12576,0],[12321,0],[12833,0],]]
[12578,10,9,[[12577,0],[12579,0],[12322,0],[12323,0],[12834,0],]]
[12579,14,9,[[12580,0],[12578,0],[12323,0],[12835,0],]]
[12580,17,9,[[12579,0],[12581,0],[12324,0],[12325,0],[12836,0],]]
[12581,17,9,[[12582,0],[12580,0],[12325,0],[12837,0],]]
[12582,19,9,[[12581,0],[12583,0],[12326,0],[12327,0],[12838,0],]]
[12583,3,9,[[12584,0],[12582,0],[12327,0],[12839,0],]]
[12584,15,9,[[12583,0],[12585,0],[12328,0],[12329,0],[12840,0],]]
[12585,6,9,[[12586,0],[12584,0],[12329,0],[12841,0],]]
[12586,8,9,[[12585,0],[12587,0],[12330,0],[12331,0],[12842,0],]]
[12587,7,9,[[12588,0],[12586,0],[12331,0],[12843,0],]]
[12588,10,9,[[12587,0],[12589,0],[12332,0],[12333,0],[12844,0],]]
[12589,16,9,[[12590,0],[12588,0],[12333,0],[12845,0],]]
[12590,12,9,[[12589,0],[12591,0],[12334,0],[12335,0],[12846,0],]]
[12591,18,9,[[12592,0],[12590,0],[12335,0],[12847,0],]]
[12592,19,9,[[12591,0],[12593,0],[12336,0],[12337,0],[12848,0],]]
[12593,13,9,[[12594,0],[12592,0],[12337,0],[12849,0],]]
[12594,9,9,[[12593,0],[12595,0],[12338,0],[12339,0],[12850,0],]]
[12595,3,9,[[12596,0],[12594,0],[12339,0],[12851,0],]]
[12596,7,9,[[12595,0],[12597,0],[12340,0],[12341,0],[12852,0],]]
[12597,9,9,[[12598,0],[12596,0],[12341,0],[12853,0],]]
[12598,6,9,[[12597,0],[12599,0],[12342,0],[12343,0],[12854,0],]]
[12599,16,9,[[12600,0],[12598,0],[12343,0],[12855,0],]]
[12600,3,9,[[12599,0],[12601,0],[12344,0],[12345,0],[12856,0],]]
[12601,14,9,[[12602,0],[12600,0],[12345,0],[12857,0],]]
[12602,11,9,[[12601,0],[12603,0],[12346,0],[12347,0],[12858,0],]]
[12603,16,9,[[12604,0],[12602,0],[12347,0],[12859,0],]]
[12604,12,9,[[12603,0],[12605,0],[12348,0],[12349,0],[12860,0],]]
[12605,5,9,[[12606,0],[12604,0],[12349,0],[12861,0],]]
[12606,9,9,[[12605,0],[12607,0],[12350,0],[12351,0],[12862,0],]]
[12607,10,9,[[12608,0],[12606,0],[12351,0],[12863,0],]]
[12608,18,10,[[12607,0],[12609,0],[12352,0],[12353,0],[12864,0],]]
[12609,15,10,[[12610,0],[12608,0],[12353,0],[12865,0],]]
[12610,10,10,[[12609,0],[12611,0],[12354,0],[12355,0],[12866,0],]]
[12611,11,10,[[12612,0],[12610,0],[12355,0],[12867,0],]]
[12612,1,10,[[12611,0],[12613,0],[12356,0],[12357,0],[12868,0],]]
[12613,13,10,[[12614,0],[12612,0],[12357,0],[12869,0],]]
[12614,14,10,[[12613,0],[12615,0],[12358,0],[12359,0],[12870,0],]]
[12615,11,10,[[12616,0],[12614,0],[12359,0],[12871,0],]]
[12616,9,10,[[12615,0],[12617,0],[12360,0],[12361,0],[12872,0],]]
[12617,16,10,[[12618,0],[12616,0],[12361,0],[12873,0],]]
[12618,8,10,[[12617,0],[12619,0],[12362,0],[12363,0],[12874,0],]]
[12619,8,10,[[12620,0],[12618,0],[12363,0],[12875,0],]]
[12620,2,10,[[12619,0],[12621,0],[12364,0],[12365,0],[12876,0],]]
[12621,1,10,[[12622,0],[12620,0],[12365,0],[12877,0],]]
[12622,2,10,[[12621,0],[12623,0],[12366,0],[12367,0],[12878,0],]]
[12623,18,10,[[12624,0],[12622,0],[12367,0],[12879,0],]]
[12624,3,10,[[12623,0],[12625,0],[12368,0],[12369,0],[12880,0],]]
[12625,13,10,[[12626,0],[12624,0],[12369,0],[12881,0],]]
[12626,13,10,[[12625,0],[12627,0],[12370,0],[12371,0],[12882,0],]]
[12627,13,10,[[12628,0],[12626,0],[12371,0],[12883,0],]]
[12628,10,10,[[12627,0],[12629,0],[12372,0],[12373,0],[12884,0],]]
[12629,9,10,[[12630,0],[12628,0],[12373,0],[12885,0],]]
[12630,15,10,[[12629,0],[12631,0],[12374,0],[12375,0],[12886,0],]]
[12631,2,10,[[12632,0],[12630,0],[12375,0],[12887,0],]]
[12632,19,10,[[12631,0],[12633,0],[12376,0],[12377,0],[12888,0],]]
[12633,9,10,[[12634,0],[12632,0],[12377,0],[12889,0],]]
[12634,14,10,[[12633,0],[12635,0],[12378,0],[12379,0],[12890,0],]]
[12635,7,10,[[12636,0],[12634,0],[12379,0],[12891,0],]]
[12636,7,10,[[12635,0],[12637,0],[12380,0],[12381,0],[12892,0],]]
[12637,6,10,[[12638,0],[12636,0],[12381,0],[12893,0],]]
[12638,2,10,[[12637,0],[12639,0],[12382,0],[12383,0],[12894,0],]]
[12639,13,10,[[12640,0],[12638,0],[12383,0],[12895,0],]]
[12640,2,11,[[12639,0],[12641,0],[12384,0],[12385,0],[12896,0],]]
[12641,5,11,[[12642,0],[12640,0],[12385,0],[12897,0],]]
[12642,15,11,[[12641,0],[12643,0],[12386,0],[12387,0],[12898,0],]]
[12643,9,11,[[12644,0],[12642,0],[12387,0],[12899,0],]]
[12644,15,11,[[12643,0],[12645,0],[12388,0],[12389,0],[12900,0],]]
[12645,8,11,[[12646,0],[12644,0],[12389,0],[12901,0],]]
[12646,19,11,[[12645,0],[12647,0],[12390,0],[12391,0],[12902,0],]]
[12647,13,11,[[12648,0],[12646,0],[12391,0],[12903,0],]]
[12648,5,11,[[12647,0],[12649,0],[12392,0],[12393,0],[12904,0],]]
[12649,2,11,[[12650,0],[12648,0],[12393,0],[12905,0],]]
[12650,4,11,[[12649,0],[12651,0],[12394,0],[12395,0],[12906,0],]]
[12651,12,11,[[12652,0],[12650,0],[12395,0],[12907,0],]]
[12652,14,11,[[12651,0],[12653,0],[12396,0],[12397,0],[12908,0],]]
[12653,1,11,[[12654,0],[12652,0],[12397,0],[12909,0],]]
[12654,15,11,[[12653,0],[12655,0],[12398,0],[12399,0],[12910,0],]]
[12655,3,11,[[12656,0],[12654,0],[12399,0],[12911,0],]]
[12656,5,11,[[12655,0],[12657,0],[12400,0],[12401,0],[12912,0],]]
[12657,8,11,[[12658,0],[12656,0],[12401,0],[12913,0],]]
[12658,16,11,[[12657,0],[12659,0],[12402,0],[12403,0],[12914,0],]]
[12659,18,11,[[12660,0],[12658,0],[12403,0],[12915,0],]]
[12660,18,11,[[12659,0],[12661,0],[12404,0],[12405,0],[12916,0],]]
[12661,8,11,[[12662,0],[12660,0],[12405,0],[12917,0],]]
[12662,18,11,[[12661,0],[12663,0],[12406,0],[12407,0],[12918,0],]]
[12663,3,11,[[12664,0],[12662,0],[12407,0],[12919,0],]]
[12664,19,11,[[12663,0],[12665,0],[12408,0],[12409,0],[12920,0],]]
[12665,16,11,[[12666,0],[12664,0],[12409,0],[12921,0],]]
[12666,5,11,[[12665,0],[12667,0],[12410,0],[12411,0],[12922,0],]]
[12667,15,11,[[12668,0],[12666,0],[12411,0],[12923,0],]]
[12668,2,11,[[12667,0],[12669,0],[12412,0],[12413,0],[12924,0],]]
[12669,13,11,[[12670,0],[12668,0],[12413,0],[12925,0],]]
[12670,13,11,[[12669,0],[12671,0],[12414,0],[12415,0],[12926,0],]]
[12671,11,11,[[12672,0],[12670,0],[12415,0],[12927,0],]]
[12672,6,12,[[12671,0],[12673,0],[12416,0],[12417,0],[12928,0],]]
[12673,11,12,[[12674,0],[12672,0],[12417,0],[12929,0],]]
[12674,3,12,[[12673,0],[12675,0],[12418,0],[12419,0],[12930,0],]]
[12675,18,12,[[12676,0],[12674,0],[12419,0],[12931,0],]]
[12676,15,12,[[12675,0],[12677,0],[12420,0],[12421,0],[12932,0],]]
[12677,9,12,[[12678,0],[12676,0],[12421,0],[12933,0],]]
[12678,15,12,[[12677,0],[12679,0],[12422,0],[12423,0],[12934,0],]]
[12679,12,12,[[12680,0],[12678,0],[12423,0],[12935,0],]]
[12680,10,12,[[12679,0],[12681,0],[12424,0],[12425,0],[12936,0],]]
[12681,7,12,[[12682,0],[12680,0],[12425,0],[12937,0],]]
[12682,13,12,[[12681,0],[12683,0],[12426,0],[12427,0],[12938,0],]]
[12683,19,12,[[12684,0],[12682,0],[12427,0],[12939,0],]]
[12684,16,12,[[12683,0],[12685,0],[12428,0],[12429,0],[12940,0],]]
[12685,8,12,[[12686,0],[12684,0],[12429,0],[12941,0],]]
[12686,7,12,[[12685,0],[12687,0],[12430,0],[12431,0],[12942,0],]]
[12687,15,12,[[12688,0],[12686,0],[12431,0],[12943,0],]]
[12688,12,12,[[12687,0],[12689,0],[12432,0],[12433,0],[12944,0],]]
[12689,4,12,[[12690,0],[12688,0],[12433,0],[12945,0],]]
[12690,4,12,[[12689,0],[12691,0],[12434,0],[12435,0],[12946,0],]]
[12691,14,12,[[12692,0],[12690,0],[12435,0],[12947,0],]]
[12692,7,12,[[12691,0],[12693,0],[12436,0],[12437,0],[12948,0],]]
[12693,6,12,[[12694,0],[12692,0],[12437,0],[12949,0],]]
[12694,3,12,[[12693,0],[12695,0],[12438,0],[12439,0],[12950,0],]]
[12695,5,12,[[12696,0],[12694,0],[12439,0],[12951,0],]]
[12696,19,12,[[12695,0],[12697,0],[12440,0],[12441,0],[12952,0],]]
[12697,18,12,[[12698,0],[12696,0],[12441,0],[12953,0],]]
[12698,2,12,[[12697,0],[12699,0],[12442,0],[12443,0],[12954,0],]]
[12699,10,12,[[12700,0],[12698,0],[12443,0],[12955,0],]]
[12700,5,12,[[12699,0],[12701,0],[12444,0],[12445,0],[12956,0],]]
[12701,9,12,[[12702,0],[12700,0],[12445,0],[12957,0],]]
[12702,10,12,[[12701,0],[12703,0],[12446,0],[12447,0],[12958,0],]]
[12703,6,12,[[12704,0],[12702,0],[12447,0],[12959,0],]]
[12704,14,13,[[12703,0],[12705,0],[12448,0],[12449,0],[12960,0],]]
[12705,15,13,[[12706,0],[12704,0],[12449,0],[12961,0],]]
[12706,2,13,[[12705,0],[12707,0],[12450,0],[12451,0],[12962,0],]]
[12707,17,13,[[12708,0],[12706,0],[12451,0],[12963,0],]]
[12708,8,13,[[12707,0],[12709,0],[12452,0],[12453,0],[12964,0],]]
[12709,17,13,[[12710,0],[12708,0],[12453,0],[12965,0],]]
[12710,12,13,[[12709,0],[12711,0],[12454,0],[12455,0],[12966,0],]]
[12711,8,13,[[12712,0],[12710,0],[12455,0],[12967,0],]]
[12712,2,13,[[12711,0],[12713,0],[12456,0],[12457,0],[12968,0],]]
[12713,1,13,[[12714,0],[12712,0],[12457,0],[12969,0],]]
[12714,2,13,[[12713,0],[12715,0],[12458,0],[12459,0],[12970,0],]]
[12715,9,13,[[12716,0],[12714,0],[12459,0],[12971,0],]]
[12716,4,13,[[12715,0],[12717,0],[12460,0],[12461,0],[12972,0],]]
[12717,13,13,[[12718,0],[12716,0],[12461,0],[12973,0],]]
[12718,7,13,[[12717,0],[12719,0],[12462,0],[12463,0],[12974,0],]]
[12719,4,13,[[12720,0],[12718,0],[12463,0],[12975,0],]]
[12720,15,13,[[12719,0],[12721,0],[12464,0],[12465,0],[12976,0],]]
[12721,6,13,[[12722,0],[12720,0],[12465,0],[12977,0],]]
[12722,16,13,[[12721,0],[12723,0],[12466,0],[12467,0],[12978,0],]]
[12723,9,13,[[12724,0],[12722,0],[12467,0],[12979,0],]]
[12724,8,13,[[12723,0],[12725,0],[12468,0],[12469,0],[12980,0],]]
[12725,4,13,[[12726,0],[12724,0],[12469,0],[12981,0],]]
[12726,15,13,[[12725,0],[12727,0],[12470,0],[12471,0],[12982,0],]]
[12727,8,13,[[12728,0],[12726,0],[12471,0],[12983,0],]]
[12728,10,13,[[12727,0],[12729,0],[12472,0],[12473,0],[12984,0],]]
[12729,5,13,[[12730,0],[12728,0],[12473,0],[12985,0],]]
[12730,9,13,[[12729,0],[12731,0],[12474,0],[12475,0],[12986,0],]]
[12731,2,13,[[12732,0],[12730,0],[12475,0],[12987,0],]]
[12732,17,13,[[12731,0],[12733,0],[12476,0],[12477,0],[12988,0],]]
[12733,19,13,[[12734,0],[12732,0],[12477,0],[12989,0],]]
[12734,12,13,[[12733,0],[12735,0],[12478,0],[12479,0],[12990,0],]]
[12735,13,13,[[12736,0],[12734,0],[12479,0],[12991,0],]]
[12736,17,14,[[12735,0],[12737,0],[12480,0],[12481,0],[12992,0],]]
[12737,7,14,[[12738,0],[12736,0],[12481,0],[12993,0],]]
[12738,4,14,[[12737,0],[12739,0],[12482,0],[12483,0],[12994,0],]]
[12739,10,14,[[12740,0],[12738,0],[12483,0],[12995,0],]]
[12740,5,14,[[12739,0],[12741,0],[12484,0],[12485,0],[12996,0],]]
[12741,16,14,[[12742,0],[12740,0],[12485,0],[12997,0],]]
[12742,9,14,[[12741,0],[12743,0],[12486,0],[12487,0],[12998,0],]]
[12743,11,14,[[12744,0],[12742,0],[12487,0],[12999,0],]]
[12744,14,14,[[12743,0],[12745,0],[12488,0],[12489,0],[13000,0],]]
[12745,17,14,[[12746,0],[12744,0],[12489,0],[13001,0],]]
[12746,6,14,[[12745,0],[12747,0],[12490,0],[12491,0],[13002,0],]]
[12747,14,14,[[12748,0],[12746,0],[12491,0],[13003,0],]]
[12748,16,14,[[12747,0],[12749,0],[12492,0],[12493,0],[13004,0],]]
[12749,9,14,[[12750,0],[12748,0],[12493,0],[13005,0],]]
[12750,7,14,[[12749,0],[12751,0],[12494,0],[12495,0],[13006,0],]]
[12751,2,14,[[12752,0],[12750,0],[12495,0],[13007,0],]]
[12752,12,14,[[12751,0],[12753,0],[12496,0],[12497,0],[13008,0],]]
[12753,18,14,[[12754,0],[12752,0],[12497,0],[13009,0],]]
[12754,18,14,[[12753,0],[12755,0],[12498,0],[12499,0],[13010,0],]]
[12755,16,14,[[12756,0],[12754,0],[12499,0],[13011,0],]]
[12756,13,14,[[12755,0],[12757,0],[12500,0],[12501,0],[13012,0],]]
[12757,11,14,[[12758,0],[12756,0],[12501,0],[13013,0],]]
[12758,4,14,[[12757,0],[12759,0],[12502,0],[12503,0],[13014,0],]]
[12759,9,14,[[12760,0],[12758,0],[12503,0],[13015,0],]]
[12760,9,14,[[12759,0],[12761,0],[12504,0],[12505,0],[13016,0],]]
[12761,11,14,[[12762,0],[12760,0],[12505,0],[13017,0],]]
[12762,1,14,[[12761,0],[12763,0],[12506,0],[12507,0],[13018,0],]]
[12763,14,14,[[12764,0],[12762,0],[12507,0],[13019,0],]]
[12764,16,14,[[12763,0],[12765,0],[12508,0],[12509,0],[13020,0],]]
[12765,2,14,[[12766,0],[12764,0],[12509,0],[13021,0],]]
[12766,5,14,[[12765,0],[12767,0],[12510,0],[12511,0],[13022,0],]]
[12767,18,14,[[12768,0],[12766,0],[12511,0],[13023,0],]]
[12768,17,15,[[12767,0],[12769,0],[12512,0],[12513,0],[13024,0],]]
[12769,11,15,[[12770,0],[12768,0],[12513,0],[13025,0],]]
[12770,7,15,[[12769,0],[12771,0],[12514,0],[12515,0],[13026,0],]]
[12771,10,15,[[12772,0],[12770,0],[12515,0],[13027,0],]]
[12772,3,15,[[12771,0],[12773,0],[12516,0],[12517,0],[13028,0],]]
[12773,17,15,[[12774,0],[12772,0],[12517,0],[13029,0],]]
[12774,9,15,[[12773,0],[12775,0],[12518,0],[12519,0],[13030,0],]]
[12775,6,15,[[12776,0],[12774,0],[12519,0],[13031,0],]]
[12776,10,15,[[12775,0],[12777,0],[12520,0],[12521,0],[13032,0],]]
[12777,4,15,[[12778,0],[12776,0],[12521,0],[13033,0],]]
[12778,4,15,[[12777,0],[12779,0],[12522,0],[12523,0],[13034,0],]]
[12779,14,15,[[12780,0],[12778,0],[12523,0],[13035,0],]]
[12780,15,15,[[12779,0],[12781,0],[12524,0],[12525,0],[13036,0],]]
[12781,11,15,[[12782,0],[12780,0],[12525,0],[13037,0],]]
[12782,3,15,[[12781,0],[12783,0],[12526,0],[12527,0],[13038,0],]]
[12783,8,15,[[12784,0],[12782,0],[12527,0],[13039,0],]]
[12784,11,15,[[12783,0],[12785,0],[12528,0],[12529,0],[13040,0],]]
[12785,1,15,[[12786,0],[12784,0],[12529,0],[13041,0],]]
[12786,3,15,[[12785,0],[12787,0],[12530,0],[12531,0],[13042,0],]]
[12787,15,15,[[12788,0],[12786,0],[12531,0],[13043,0],]]
[12788,12,15,[[12787,0],[12789,0],[12532,0],[12533,0],[13044,0],]]
[12789,3,15,[[12790,0],[12788,0],[12533,0],[13045,0],]]
[12790,2,15,[[12789,0],[12791,0],[12534,0],[12535,0],[13046,0],]]
[12791,12,15,[[12792,0],[12790,0],[12535,0],[13047,0],]]
[12792,18,15,[[12791,0],[12793,0],[12536,0],[12537,0],[13048,0],]]
[12793,6,15,[[12794,0],[12792,0],[12537,0],[13049,0],]]
[12794,6,15,[[12793,0],[12795,0],[12538,0],[12539,0],[13050,0],]]
[12795,8,15,[[12796,0],[12794,0],[12539,0],[13051,0],]]
[12796,5,15,[[12795,0],[12797,0],[12540,0],[12541,0],[13052,0],]]
[12797,11,15,[[12798,0],[12796,0],[12541,0],[13053,0],]]
[12798,3,15,[[12797,0],[12799,0],[12542,0],[12543,0],[13054,0],]]
[12799,5,15,[[12798,0],[12543,0],[13055,0],]]
[12800,14,8,[[12801,0],[13056,0],[12544,0],]]
[12801,1,8,[[12802,0],[12800,0],[13057,0],[13056,0],[12545,0],]]
[12802,3,8,[[12801,0],[12803,0],[13058,0],[12546,0],]]
[12803,15,8,[[12804,0],[12802,0],[13059,0],[13058,0],[12547,0],]]
[12804,2,8,[[12803,0],[12805,0],[13060,0],[12548,0],]]
[12805,1,8,[[12806,0],[12804,0],[13061,0],[13060,0],[12549,0],]]
[12806,5,8,[[12805,0],[12807,0],[13062,0],[12550,0],]]
[12807,12,8,[[12808,0],[12806,0],[13063,0],[13062,0],[12551,0],]]
[12808,11,8,[[12807,0],[12809,0],[13064,0],[12552,0],]]
[12809,17,8,[[12810,0],[12808,0],[13065,0],[13064,0],[12553,0],]]
[12810,18,8,[[12809,0],[12811,0],[13066,0],[12554,0],]]
[12811,17,8,[[12812,0],[12810,0],[13067,0],[13066,0],[12555,0],]]
[12812,4,8,[[12811,0],[12813,0],[13068,0],[12556,0],]]
[12813,16,8,[[12814,0],[12812,0],[13069,0],[13068,0],[12557,0],]]
[12814,6,8,[[12813,0],[12815,0],[13070,0],[12558,0],]]
[12815,10,8,[[12816,0],[12814,0],[13071,0],[13070,0],[12559,0],]]
[12816,8,8,[[12815,0],[12817,0],[13072,0],[12560,0],]]
[12817,3,8,[[12818,0],[12816,0],[13073,0],[13072,0],[12561,0],]]
[12818,4,8,[[12817,0],[12819,0],[13074,0],[12562,0],]]
[12819,14,8,[[12820,0],[12818,0],[13075,0],[13074,0],[12563,0],]]
[12820,8,8,[[12819,0],[12821,0],[13076,0],[12564,0],]]
[12821,16,8,[[12822,0],[12820,0],[13077,0],[13076,0],[12565,0],]]
[12822,14,8,[[12821,0],[12823,0],[13078,0],[12566,0],]]
[12823,6,8,[[12824,0],[12822,0],[13079,0],[13078,0],[12567,0],]]
[12824,12,8,[[12823,0],[12825,0],[13080,0],[12568,0],]]
[12825,3,8,[[12826,0],[12824,0],[13081,0],[13080,0],[12569,0],]]
[12826,9,8,[[12825,0],[12827,0],[13082,0],[12570,0],]]
[12827,11,8,[[12828,0],[12826,0],[13083,0],[13082,0],[12571,0],]]
[12828,13,8,[[12827,0],[12829,0],[13084,0],[12572,0],]]
[12829,1,8,[[12830,0],[12828,0],[13085,0],[13084,0],[12573,0],]]
[12830,16,8,[[12829,0],[12831,0],[13086,0],[12574,0],]]
[12831,16,8,[[12832,0],[12830,0],[13087,0],[13086,0],[12575,0],]]
[12832,16,9,[[12831,0],[12833,0],[13088,0],[12576,0],]]
[12833,1,9,[[12834,0],[12832,0],[13089,0],[13088,0],[12577,0],]]
[12834,6,9,[[12833,0],[12835,0],[13090,0],[12578,0],]]
[12835,7,9,[[12836,0],[12834,0],[13091,0],[13090,0],[12579,0],]]
[12836,9,9,[[12835,0],[12837,0],[13092,0],[12580,0],]]
[12837,11,9,[[12838,0],[12836,0],[13093,0],[13092,0],[12581,0],]]
[12838,16,9,[[12837,0],[12839,0],[13094,0],[12582,0],]]
[12839,3,9,[[12840,0],[12838,0],[13095,0],[13094,0],[12583,0],]]
[12840,17,9,[[12839,0],[12841,0],[13096,0],[12584,0],]]
[12841,9,9,[[12842,0],[12840,0],[13097,0],[13096,0],[12585,0],]]
[12842,18,9,[[12841,0],[12843,0],[13098,0],[12586,0],]]
[12843,12,9,[[12844,0],[12842,0],[13099,0],[13098,0],[12587,0],]]
[12844,9,9,[[12843,0],[12845,0],[13100,0],[12588,0],]]
[12845,11,9,[[12846,0],[12844,0],[13101,0],[13100,0],[12589,0],]]
[12846,18,9,[[12845,0],[12847,0],[13102,0],[12590,0],]]
[12847,12,9,[[12848,0],[12846,0],[13103,0],[13102,0],[12591,0],]]
[12848,7,9,[[12847,0],[12849,0],[13104,0],[12592,0],]]
[12849,9,9,[[12850,0],[12848,0],[13105,0],[13104,0],[12593,0],]]
[12850,1,9,[[12849,0],[12851,0],[13106,0],[12594,0],]]
[12851,13,9,[[12852,0],[12850,0],[13107,0],[13106,0],[12595,0],]]
[12852,5,9,[[12851,0],[12853,0],[13108,0],[12596,0],]]
[12853,11,9,[[12854,0],[12852,0],[13109,0],[13108,0],[12597,0],]]
[12854,14,9,[[12853,0],[12855,0],[13110,0],[12598,0],]]
[12855,12,9,[[12856,0],[12854,0],[13111,0],[13110,0],[12599,0],]]
[12856,15,9,[[12855,0],[12857,0],[13112,0],[12600,0],]]
[12857,1,9,[[12858,0],[12856,0],[13113,0],[13112,0],[12601,0],]]
[12858,13,9,[[12857,0],[12859,0],[13114,0],[12602,0],]]
[12859,2,9,[[12860,0],[12858,0],[13115,0],[13114,0],[12603,0],]]
[12860,14,9,[[12859,0],[12861,0],[13116,0],[12604,0],]]
[12861,19,9,[[12862,0],[12860,0],[13117,0],[13116,0],[12605,0],]]
[12862,14,9,[[12861,0],[12863,0],[13118,0],[12606,0],]]
[12863,4,9,[[12864,0],[12862,0],[13119,0],[13118,0],[12607,0],]]
[12864,1,10,[[12863,0],[12865,0],[13120,0],[12608,0],]]
[12865,1,10,[[12866,0],[12864,0],[13121,0],[13120,0],[12609,0],]]
[12866,13,10,[[12865,0],[12867,0],[13122,0],[12610,0],]]
[12867,7,10,[[12868,0],[12866,0],[13123,0],[13122,0],[12611,0],]]
[12868,2,10,[[12867,0],[12869,0],[13124,0],[12612,0],]]
[12869,14,10,[[12870,0],[12868,0],[13125,0],[13124,0],[12613,0],]]
[12870,10,10,[[12869,0],[12871,0],[13126,0],[12614,0],]]
[12871,14,10,[[12872,0],[12870,0],[13127,0],[13126,0],[12615,0],]]
[12872,18,10,[[12871,0],[12873,0],[13128,0],[12616,0],]]
[12873,6,10,[[12874,0],[12872,0],[13129,0],[13128,0],[12617,0],]]
[12874,15,10,[[12873,0],[12875,0],[13130,0],[12618,0],]]
[12875,6,10,[[12876,0],[12874,0],[13131,0],[13130,0],[12619,0],]]
[12876,15,10,[[12875,0],[12877,0],[13132,0],[12620,0],]]
[12877,2,10,[[12878,0],[12876,0],[13133,0],[13132,0],[12621,0],]]
[12878,12,10,[[12877,0],[12879,0],[13134,0],[12622,0],]]
[12879,4,10,[[12880,0],[12878,0],[13135,0],[13134,0],[12623,0],]]
[12880,17,10,[[12879,0],[12881,0],[13136,0],[12624,0],]]
[12881,7,10,[[12882,0],[12880,0],[13137,0],[13136,0],[12625,0],]]
[12882,2,10,[[12881,0],[12883,0],[13138,0],[12626,0],]]
[12883,12,10,[[12884,0],[12882,0],[13139,0],[13138,0],[12627,0],]]
[12884,7,10,[[12883,0],[12885,0],[13140,0],[12628,0],]]
[12885,11,10,[[12886,0],[12884,0],[13141,0],[13140,0],[12629,0],]]
[12886,3,10,[[12885,0],[12887,0],[13142,0],[12630,0],]]
[12887,19,10,[[12888,0],[12886,0],[13143,0],[13142,0],[12631,0],]]
[12888,9,10,[[12887,0],[12889,0],[13144,0],[12632,0],]]
[12889,16,10,[[12890,0],[12888,0],[13145,0],[13144,0],[12633,0],]]
[12890,16,10,[[12889,0],[12891,0],[13146,0],[12634,0],]]
[12891,15,10,[[12892,0],[12890,0],[13147,0],[13146,0],[12635,0],]]
[12892,6,10,[[12891,0],[12893,0],[13148,0],[12636,0],]]
[12893,15,10,[[12894,0],[12892,0],[13149,0],[13148,0],[12637,0],]]
[12894,12,10,[[12893,0],[12895,0],[13150,0],[12638,0],]]
[12895,12,10,[[12896,0],[12894,0],[13151,0],[13150,0],[12639,0],]]
[12896,5,11,[[12895,0],[12897,0],[13152,0],[12640,0],]]
[12897,8,11,[[12898,0],[12896,0],[13153,0],[13152,0],[12641,0],]]
[12898,3,11,[[12897,0],[12899,0],[13154,0],[12642,0],]]
[12899,4,11,[[12900,0],[12898,0],[13155,0],[13154,0],[12643,0],]]
[12900,11,11,[[12899,0],[12901,0],[13156,0],[12644,0],]]
[12901,3,11,[[12902,0],[12900,0],[13157,0],[13156,0],[12645,0],]]
[12902,8,11,[[12901,0],[12903,0],[13158,0],[12646,0],]]
[12903,17,11,[[12904,0],[12902,0],[13159,0],[13158,0],[12647,0],]]
[12904,4,11,[[12903,0],[12905,0],[13160,0],[12648,0],]]
[12905,13,11,[[12906,0],[12904,0],[13161,0],[13160,0],[12649,0],]]
[12906,8,11,[[12905,0],[12907,0],[13162,0],[12650,0],]]
[12907,14,11,[[12908,0],[12906,0],[13163,0],[13162,0],[12651,0],]]
[12908,9,11,[[12907,0],[12909,0],[13164,0],[12652,0],]]
[12909,7,11,[[12910,0],[12908,0],[13165,0],[13164,0],[12653,0],]]
[12910,5,11,[[12909,0],[12911,0],[13166,0],[12654,0],]]
[12911,1,11,[[12912,0],[12910,0],[13167,0],[13166,0],[12655,0],]]
[12912,8,11,[[12911,0],[12913,0],[13168,0],[12656,0],]]
[12913,16,11,[[12914,0],[12912,0],[13169,0],[13168,0],[12657,0],]]
[12914,3,11,[[12913,0],[12915,0],[13170,0],[12658,0],]]
[12915,16,11,[[12916,0],[12914,0],[13171,0],[13170,0],[12659,0],]]
[12916,4,11,[[12915,0],[12917,0],[13172,0],[12660,0],]]
[12917,18,11,[[12918,0],[12916,0],[13173,0],[13172,0],[12661,0],]]
[12918,12,11,[[12917,0],[12919,0],[13174,0],[12662,0],]]
[12919,3,11,[[12920,0],[12918,0],[13175,0],[13174,0],[12663,0],]]
[12920,10,11,[[12919,0],[12921,0],[13176,0],[12664,0],]]
[12921,6,11,[[12922,0],[12920,0],[13177,0],[13176,0],[12665,0],]]
[12922,2,11,[[12921,0],[12923,0],[13178,0],[12666,0],]]
[12923,4,11,[[12924,0],[12922,0],[13179,0],[13178,0],[12667,0],]]
[12924,6,11,[[12923,0],[12925,0],[13180,0],[12668,0],]]
[12925,11,11,[[12926,0],[12924,0],[13181,0],[13180,0],[12669,0],]]
[12926,4,11,[[12925,0],[12927,0],[13182,0],[12670,0],]]
[12927,4,11,[[12928,0],[12926,0],[13183,0],[13182,0],[12671,0],]]
[12928,19,12,[[12927,0],[12929,0],[13184,0],[12672,0],]]
[12929,7,12,[[12930,0],[12928,0],[13185,0],[13184,0],[12673,0],]]
[12930,7,12,[[12929,0],[12931,0],[13186,0],[12674,0],]]
[12931,14,12,[[12932,0],[12930,0],[13187,0],[13186,0],[12675,0],]]
[12932,13,12,[[12931,0],[12933,0],[13188,0],[12676,0],]]
[12933,18,12,[[12934,0],[12932,0],[13189,0],[13188,0],[12677,0],]]
[12934,3,12,[[12933,0],[12935,0],[13190,0],[12678,0],]]
[12935,19,12,[[12936,0],[12934,0],[13191,0],[13190,0],[12679,0],]]
[12936,1,12,[[12935,0],[12937,0],[13192,0],[12680,0],]]
[12937,11,12,[[12938,0],[12936,0],[13193,0],[13192,0],[12681,0],]]
[12938,14,12,[[12937,0],[12939,0],[13194,0],[12682,0],]]
[12939,11,12,[[12940,0],[12938,0],[13195,0],[13194,0],[12683,0],]]
[12940,4,12,[[12939,0],[12941,0],[13196,0],[12684,0],]]
[12941,2,12,[[12942,0],[12940,0],[13197,0],[13196,0],[12685,0],]]
[12942,16,12,[[12941,0],[12943,0],[13198,0],[12686,0],]]
[12943,7,12,[[12944,0],[12942,0],[13199,0],[13198,0],[12687,0],]]
[12944,10,12,[[12943,0],[12945,0],[13200,0],[12688,0],]]
[12945,6,12,[[12946,0],[12944,0],[13201,0],[13200,0],[12689,0],]]
[12946,1,12,[[12945,0],[12947,0],[13202,0],[12690,0],]]
[12947,6,12,[[12948,0],[12946,0],[13203,0],[13202,0],[12691,0],]]
[12948,13,12,[[12947,0],[12949,0],[13204,0],[12692,0],]]
[12949,15,12,[[12950,0],[12948,0],[13205,0],[13204,0],[12693,0],]]
[12950,10,12,[[12949,0],[12951,0],[13206,0],[12694,0],]]
[12951,16,12,[[12952,0],[12950,0],[13207,0],[13206,0],[12695,0],]]
[12952,8,12,[[12951,0],[12953,0],[13208,0],[12696,0],]]
[12953,10,12,[[12954,0],[12952,0],[13209,0],[13208,0],[12697,0],]]
[12954,3,12,[[12953,0],[12955,0],[13210,0],[12698,0],]]
[12955,2,12,[[12956,0],[12954,0],[13211,0],[13210,0],[12699,0],]]
[12956,5,12,[[12955,0],[12957,0],[13212,0],[12700,0],]]
[12957,10,12,[[12958,0],[12956,0],[13213,0],[13212,0],[12701,0],]]
[12958,12,12,[[12957,0],[12959,0],[13214,0],[12702,0],]]
[12959,8,12,[[12960,0],[12958,0],[13215,0],[13214,0],[12703,0],]]
[12960,7,13,[[12959,0],[12961,0],[13216,0],[12704,0],]]
[12961,13,13,[[12962,0],[12960,0],[13217,0],[13216,0],[12705,0],]]
[12962,15,13,[[12961,0],[12963,0],[13218,0],[12706,0],]]
[12963,1,13,[[12964,0],[12962,0],[13219,0],[13218,0],[12707,0],]]
[12964,13,13,[[12963,0],[12965,0],[13220,0],[12708,0],]]
[12965,12,13,[[12966,0],[12964,0],[13221,0],[13220,0],[12709,0],]]
[12966,18,13,[[12965,0],[12967,0],[13222,0],[12710,0],]]
[12967,8,13,[[12968,0],[12966,0],[13223,0],[13222,0],[12711,0],]]
[12968,10,13,[[12967,0],[12969,0],[13224,0],[12712,0],]]
[12969,18,13,[[12970,0],[12968,0],[13225,0],[13224,0],[12713,0],]]
[12970,1,13,[[12969,0],[12971,0],[13226,0],[12714,0],]]
[12971,14,13,[[12972,0],[12970,0],[13227,0],[13226,0],[12715,0],]]
[12972,16,13,[[12971,0],[12973,0],[13228,0],[12716,0],]]
[12973,9,13,[[12974,0],[12972,0],[13229,0],[13228,0],[12717,0],]]
[12974,5,13,[[12973,0],[12975,0],[13230,0],[12718,0],]]
[12975,14,13,[[12976,0],[12974,0],[13231,0],[13230,0],[12719,0],]]
[12976,1,13,[[12975,0],[12977,0],[13232,0],[12720,0],]]
[12977,19,13,[[12978,0],[12976,0],[13233,0],[13232,0],[12721,0],]]
[12978,13,13,[[12977,0],[12979,0],[13234,0],[12722,0],]]
[12979,8,13,[[12980,0],[12978,0],[13235,0],[13234,0],[12723,0],]]
[12980,7,13,[[12979,0],[12981,0],[13236,0],[12724,0],]]
[12981,18,13,[[12982,0],[12980,0],[13237,0],[13236,0],[12725,0],]]
[12982,8,13,[[12981,0],[12983,0],[13238,0],[12726,0],]]
[12983,14,13,[[12984,0],[12982,0],[13239,0],[13238,0],[12727,0],]]
[12984,3,13,[[12983,0],[12985,0],[13240,0],[12728,0],]]
[12985,13,13,[[12986,0],[12984,0],[13241,0],[13240,0],[12729,0],]]
[12986,1,13,[[12985,0],[12987,0],[13242,0],[12730,0],]]
[12987,17,13,[[12988,0],[12986,0],[13243,0],[13242,0],[12731,0],]]
[12988,5,13,[[12987,0],[12989,0],[13244,0],[12732,0],]]
[12989,18,13,[[12990,0],[12988,0],[13245,0],[13244,0],[12733,0],]]
[12990,1,13,[[12989,0],[12991,0],[13246,0],[12734,0],]]
[12991,2,13,[[12992,0],[12990,0],[13247,0],[13246,0],[12735,0],]]
[12992,18,14,[[12991,0],[12993,0],[13248,0],[12736,0],]]
[12993,13,14,[[12994,0],[12992,0],[13249,0],[13248,0],[12737,0],]]
[12994,9,14,[[12993,0],[12995,0],[13250,0],[12738,0],]]
[12995,1,14,[[12996,0],[12994,0],[13251,0],[13250,0],[12739,0],]]
[12996,14,14,[[12995,0],[12997,0],[13252,0],[12740,0],]]
[12997,4,14,[[12998,0],[12996,0],[13253,0],[13252,0],[12741,0],]]
[12998,4,14,[[12997,0],[12999,0],[13254,0],[12742,0],]]
[12999,2,14,[[13000,0],[12998,0],[13255,0],[13254,0],[12743,0],]]
[13000,16,14,[[12999,0],[13001,0],[13256,0],[12744,0],]]
[13001,17,14,[[13002,0],[13000,0],[13257,0],[13256,0],[12745,0],]]
[13002,14,14,[[13001,0],[13003,0],[13258,0],[12746,0],]]
[13003,13,14,[[13004,0],[13002,0],[13259,0],[13258,0],[12747,0],]]
[13004,2,14,[[13003,0],[13005,0],[13260,0],[12748,0],]]
[13005,11,14,[[13006,0],[13004,0],[13261,0],[13260,0],[12749,0],]]
[13006,15,14,[[13005,0],[13007,0],[13262,0],[12750,0],]]
[13007,18,14,[[13008,0],[13006,0],[13263,0],[13262,0],[12751,0],]]
[13008,19,14,[[13007,0],[13009,0],[13264,0],[12752,0],]]
[13009,14,14,[[13010,0],[13008,0],[13265,0],[13264,0],[12753,0],]]
[13010,18,14,[[13009,0],[13011,0],[13266,0],[12754,0],]]
[13011,10,14,[[13012,0],[13010,0],[13267,0],[13266,0],[12755,0],]]
[13012,8,14,[[13011,0],[13013,0],[13268,0],[12756,0],]]
[13013,7,14,[[13014,0],[13012,0],[13269,0],[13268,0],[12757,0],]]
[13014,7,14,[[13013,0],[13015,0],[13270,0],[12758,0],]]
[13015,4,14,[[13016,0],[13014,0],[13271,0],[13270,0],[12759,0],]]
[13016,19,14,[[13015,0],[13017,0],[13272,0],[12760,0],]]
[13017,19,14,[[13018,0],[13016,0],[13273,0],[13272,0],[12761,0],]]
[13018,16,14,[[13017,0],[13019,0],[13274,0],[12762,0],]]
[13019,15,14,[[13020,0],[13018,0],[13275,0],[13274,0],[12763,0],]]
[13020,6,14,[[13019,0],[13021,0],[13276,0],[12764,0],]]
[13021,17,14,[[13022,0],[13020,0],[13277,0],[13276,0],[12765,0],]]
[13022,1,14,[[13021,0],[13023,0],[13278,0],[12766,0],]]
[13023,1,14,[[13024,0],[13022,0],[13279,0],[13278,0],[12767,0],]]
[13024,9,15,[[13023,0],[13025,0],[13280,0],[12768,0],]]
[13025,8,15,[[13026,0],[13024,0],[13281,0],[13280,0],[12769,0],]]
[13026,14,15,[[13025,0],[13027,0],[13282,0],[12770,0],]]
[13027,17,15,[[13028,0],[13026,0],[13283,0],[13282,0],[12771,0],]]
[13028,15,15,[[13027,0],[13029,0],[13284,0],[12772,0],]]
[13029,18,15,[[13030,0],[13028,0],[13285,0],[13284,0],[12773,0],]]
[13030,6,15,[[13029,0],[13031,0],[13286,0],[12774,0],]]
[13031,15,15,[[13032,0],[13030,0],[13287,0],[13286,0],[12775,0],]]
[13032,8,15,[[13031,0],[13033,0],[13288,0],[12776,0],]]
[13033,6,15,[[13034,0],[13032,0],[13289,0],[13288,0],[12777,0],]]
[13034,15,15,[[13033,0],[13035,0],[13290,0],[12778,0],]]
[13035,12,15,[[13036,0],[13034,0],[13291,0],[13290,0],[12779,0],]]
[13036,17,15,[[13035,0],[13037,0],[13292,0],[12780,0],]]
[13037,1,15,[[13038,0],[13036,0],[13293,0],[13292,0],[12781,0],]]
[13038,9,15,[[13037,0],[13039,0],[13294,0],[12782,0],]]
[13039,17,15,[[13040,0],[13038,0],[13295,0],[13294,0],[12783,0],]]
[13040,15,15,[[13039,0],[13041,0],[13296,0],[12784,0],]]
[13041,5,15,[[13042,0],[13040,0],[13297,0],[13296,0],[12785,0],]]
[13042,3,15,[[13041,0],[13043,0],[13298,0],[12786,0],]]
[13043,3,15,[[13044,0],[13042,0],[13299,0],[13298,0],[12787,0],]]
[13044,18,15,[[13043,0],[13045,0],[13300,0],[12788,0],]]
[13045,4,15,[[13046,0],[13044,0],[13301,0],[13300,0],[12789,0],]]
[13046,10,15,[[13045,0],[13047,0],[13302,0],[12790,0],]]
[13047,2,15,[[13048,0],[13046,0],[13303,0],[13302,0],[12791,0],]]
[13048,6,15,[[13047,0],[13049,0],[13304,0],[12792,0],]]
[13049,5,15,[[13050,0],[13048,0],[13305,0],[13304,0],[12793,0],]]
[13050,4,15,[[13049,0],[13051,0],[13306,0],[12794,0],]]
[13051,5,15,[[13052,0],[13050,0],[13307,0],[13306,0],[12795,0],]]
[13052,8,15,[[13051,0],[13053,0],[13308,0],[12796,0],]]
[13053,15,15,[[13054,0],[13052,0],[13309,0],[13308,0],[12797,0],]]
[13054,10,15,[[13053,0],[13055,0],[13310,0],[12798,0],]]
[13055,5,15,[[13054,0],[13311,0],[13310,0],[12799,0],]]
[13056,17,8,[[13057,0],[12800,0],[12801,0],[13312,0],]]
[13057,15,8,[[13058,0],[13056,0],[12801,0],[13313,0],]]
[13058,10,8,[[13057,0],[13059,0],[12802,0],[12803,0],[13314,0],]]
[13059,6,8,[[13060,0],[13058,0],[12803,0],[13315,0],]]
[13060,17,8,[[13059,0],[13061,0],[12804,0],[12805,0],[13316,0],]]
[13061,7,8,[[13062,0],[13060,0],[12805,0],[13317,0],]]
[13062,12,8,[[13061,0],[13063,0],[12806,0],[12807,0],[13318,0],]]
[13063,17,8,[[13064,0],[13062,0],[12807,0],[13319,0],]]
[13064,10,8,[[13063,0],[13065,0],[12808,0],[12809,0],[13320,0],]]
[13065,4,8,[[13066,0],[13064,0],[12809,0],[13321,0],]]
[13066,18,8,[[13065,0],[13067,0],[12810,0],[12811,0],[13322,0],]]
[13067,12,8,[[13068,0],[13066,0],[12811,0],[13323,0],]]
[13068,15,8,[[13067,0],[13069,0],[12812,0],[12813,0],[13324,0],]]
[13069,14,8,[[13070,0],[13068,0],[12813,0],[13325,0],]]
[13070,16,8,[[13069,0],[13071,0],[12814,0],[12815,0],[13326,0],]]
[13071,8,8,[[13072,0],[13070,0],[12815,0],[13327,0],]]
[13072,2,8,[[13071,0],[13073,0],[12816,0],[12817,0],[13328,0],]]
[13073,3,8,[[13074,0],[13072,0],[12817,0],[13329,0],]]
[13074,8,8,[[13073,0],[13075,0],[12818,0],[12819,0],[13330,0],]]
[13075,18,8,[[13076,0],[13074,0],[12819,0],[13331,0],]]
[13076,13,8,[[13075,0],[13077,0],[12820,0],[12821,0],[13332,0],]]
[13077,19,8,[[13078,0],[13076,0],[12821,0],[13333,0],]]
[13078,11,8,[[13077,0],[13079,0],[12822,0],[12823,0],[13334,0],]]
[13079,5,8,[[13080,0],[13078,0],[12823,0],[13335,0],]]
[13080,6,8,[[13079,0],[13081,0],[12824,0],[12825,0],[13336,0],]]
[13081,19,8,[[13082,0],[13080,0],[12825,0],[13337,0],]]
[13082,8,8,[[13081,0],[13083,0],[12826,0],[12827,0],[13338,0],]]
[13083,5,8,[[13084,0],[13082,0],[12827,0],[13339,0],]]
[13084,10,8,[[13083,0],[13085,0],[12828,0],[12829,0],[13340,0],]]
[13085,14,8,[[13086,0],[13084,0],[12829,0],[13341,0],]]
[13086,12,8,[[13085,0],[13087,0],[12830,0],[12831,0],[13342,0],]]
[13087,17,8,[[13088,0],[13086,0],[12831,0],[13343,0],]]
[13088,1,9,[[13087,0],[13089,0],[12832,0],[12833,0],[13344,0],]]
[13089,7,9,[[13090,0],[13088,0],[12833,0],[13345,0],]]
[13090,4,9,[[13089,0],[13091,0],[12834,0],[12835,0],[13346,0],]]
[13091,19,9,[[13092,0],[13090,0],[12835,0],[13347,0],]]
[13092,13,9,[[13091,0],[13093,0],[12836,0],[12837,0],[13348,0],]]
[13093,18,9,[[13094,0],[13092,0],[12837,0],[13349,0],]]
[13094,16,9,[[13093,0],[13095,0],[12838,0],[12839,0],[13350,0],]]
[13095,13,9,[[13096,0],[13094,0],[12839,0],[13351,0],]]
[13096,15,9,[[13095,0],[13097,0],[12840,0],[12841,0],[13352,0],]]
[13097,9,9,[[13098,0],[13096,0],[12841,0],[13353,0],]]
[13098,18,9,[[13097,0],[13099,0],[12842,0],[12843,0],[13354,0],]]
[13099,19,9,[[13100,0],[13098,0],[12843,0],[13355,0],]]
[13100,12,9,[[13099,0],[13101,0],[12844,0],[12845,0],[13356,0],]]
[13101,19,9,[[13102,0],[13100,0],[12845,0],[13357,0],]]
[13102,19,9,[[13101,0],[13103,0],[12846,0],[12847,0],[13358,0],]]
[13103,13,9,[[13104,0],[13102,0],[12847,0],[13359,0],]]
[13104,8,9,[[13103,0],[13105,0],[12848,0],[12849,0],[13360,0],]]
[13105,10,9,[[13106,0],[13104,0],[12849,0],[13361,0],]]
[13106,4,9,[[13105,0],[13107,0],[12850,0],[12851,0],[13362,0],]]
