[8519,13,10,[[8520,0],[8518,0],[8263,0],[8775,0],]]
[8520,15,10,[[8519,0],[8521,0],[8264,0],[8265,0],[8776,0],]]
[8521,2,10,[[8522,0],[8520,0],[8265,0],[8777,0],]]
[8522,13,10,[[8521,0],[8523,0],[8266,0],[8267,0],[8778,0],]]
[8523,14,10,[[8524,0],[8522,0],[8267,0],[8779,0],]]
[8524,9,10,[[8523,0],[8525,0],[8268,0],[8269,0],[8780,0],]]
[8525,12,10,[[8526,0],[8524,0],[8269,0],[8781,0],]]
[8526,11,10,[[8525,0],[8527,0],[8270,0],[8271,0],[8782,0],]]
[8527,16,10,[[8528,0],[8526,0],[8271,0],[8783,0],]]
[8528,12,10,[[8527,0],[8529,0],[8272,0],[8273,0],[8784,0],]]
[8529,18,10,[[8530,0],[8528,0],[8273,0],[8785,0],]]
[8530,6,10,[[8529,0],[8531,0],[8274,0],[8275,0],[8786,0],]]
[8531,1,10,[[8532,0],[8530,0],[8275,0],[8787,0],]]
[8532,6,10,[[8531,0],[8533,0],[8276,0],[8277,0],[8788,0],]]
[8533,5,10,[[8534,0],[8532,0],[8277,0],[8789,0],]]
[8534,14,10,[[8533,0],[8535,0],[8278,0],[8279,0],[8790,0],]]
[8535,12,10,[[8536,0],[8534,0],[8279,0],[8791,0],]]
[8536,19,10,[[8535,0],[8537,0],[8280,0],[8281,0],[8792,0],]]
[8537,17,10,[[8538,0],[8536,0],[8281,0],[8793,0],]]
[8538,1,10,[[8537,0],[8539,0],[8282,0],[8283,0],[8794,0],]]
[8539,3,10,[[8540,0],[8538,0],[8283,0],[8795,0],]]
[8540,19,10,[[8539,0],[8541,0],[8284,0],[8285,0],[8796,0],]]
[8541,1,10,[[8542,0],[8540,0],[8285,0],[8797,0],]]
[8542,7,10,[[8541,0],[8543,0],[8286,0],[8287,0],[8798,0],]]
[8543,10,10,[[8544,0],[8542,0],[8287,0],[8799,0],]]
[8544,15,11,[[8543,0],[8545,0],[8288,0],[8289,0],[8800,0],]]
[8545,10,11,[[8546,0],[8544,0],[8289,0],[8801,0],]]
[8546,9,11,[[8545,0],[8547,0],[8290,0],[8291,0],[8802,0],]]
[8547,11,11,[[8548,0],[8546,0],[8291,0],[8803,0],]]
[8548,17,11,[[8547,0],[8549,0],[8292,0],[8293,0],[8804,0],]]
[8549,17,11,[[8550,0],[8548,0],[8293,0],[8805,0],]]
[8550,12,11,[[8549,0],[8551,0],[8294,0],[8295,0],[8806,0],]]
[8551,18,11,[[8552,0],[8550,0],[8295,0],[8807,0],]]
[8552,19,11,[[8551,0],[8553,0],[8296,0],[8297,0],[8808,0],]]
[8553,6,11,[[8554,0],[8552,0],[8297,0],[8809,0],]]
[8554,19,11,[[8553,0],[8555,0],[8298,0],[8299,0],[8810,0],]]
[8555,2,11,[[8556,0],[8554,0],[8299,0],[8811,0],]]
[8556,9,11,[[8555,0],[8557,0],[8300,0],[8301,0],[8812,0],]]
[8557,5,11,[[8558,0],[8556,0],[8301,0],[8813,0],]]
[8558,13,11,[[8557,0],[8559,0],[8302,0],[8303,0],[8814,0],]]
[8559,8,11,[[8560,0],[8558,0],[8303,0],[8815,0],]]
[8560,6,11,[[8559,0],[8561,0],[8304,0],[8305,0],[8816,0],]]
[8561,8,11,[[8562,0],[8560,0],[8305,0],[8817,0],]]
[8562,9,11,[[8561,0],[8563,0],[8306,0],[8307,0],[8818,0],]]
[8563,10,11,[[8564,0],[8562,0],[8307,0],[8819,0],]]
[8564,18,11,[[8563,0],[8565,0],[8308,0],[8309,0],[8820,0],]]
[8565,12,11,[[8566,0],[8564,0],[8309,0],[8821,0],]]
[8566,17,11,[[8565,0],[8567,0],[8310,0],[8311,0],[8822,0],]]
[8567,13,11,[[8568,0],[8566,0],[8311,0],[8823,0],]]
[8568,18,11,[[8567,0],[8569,0],[8312,0],[8313,0],[8824,0],]]
[8569,13,11,[[8570,0],[8568,0],[8313,0],[8825,0],]]
[8570,15,11,[[8569,0],[8571,0],[8314,0],[8315,0],[8826,0],]]
[8571,15,11,[[8572,0],[8570,0],[8315,0],[8827,0],]]
[8572,5,11,[[8571,0],[8573,0],[8316,0],[8317,0],[8828,0],]]
[8573,17,11,[[8574,0],[8572,0],[8317,0],[8829,0],]]
[8574,1,11,[[8573,0],[8575,0],[8318,0],[8319,0],[8830,0],]]
[8575,6,11,[[8576,0],[8574,0],[8319,0],[8831,0],]]
[8576,12,12,[[8575,0],[8577,0],[8320,0],[8321,0],[8832,0],]]
[8577,10,12,[[8578,0],[8576,0],[8321,0],[8833,0],]]
[8578,19,12,[[8577,0],[8579,0],[8322,0],[8323,0],[8834,0],]]
[8579,15,12,[[8580,0],[8578,0],[8323,0],[8835,0],]]
[8580,13,12,[[8579,0],[8581,0],[8324,0],[8325,0],[8836,0],]]
[8581,8,12,[[8582,0],[8580,0],[8325,0],[8837,0],]]
[8582,3,12,[[8581,0],[8583,0],[8326,0],[8327,0],[8838,0],]]
[8583,6,12,[[8584,0],[8582,0],[8327,0],[8839,0],]]
[8584,16,12,[[8583,0],[8585,0],[8328,0],[8329,0],[8840,0],]]
[8585,18,12,[[8586,0],[8584,0],[8329,0],[8841,0],]]
[8586,2,12,[[8585,0],[8587,0],[8330,0],[8331,0],[8842,0],]]
[8587,17,12,[[8588,0],[8586,0],[8331,0],[8843,0],]]
[8588,8,12,[[8587,0],[8589,0],[8332,0],[8333,0],[8844,0],]]
[8589,3,12,[[8590,0],[8588,0],[8333,0],[8845,0],]]
[8590,2,12,[[8589,0],[8591,0],[8334,0],[8335,0],[8846,0],]]
[8591,4,12,[[8592,0],[8590,0],[8335,0],[8847,0],]]
[8592,9,12,[[8591,0],[8593,0],[8336,0],[8337,0],[8848,0],]]
[8593,7,12,[[8594,0],[8592,0],[8337,0],[8849,0],]]
[8594,13,12,[[8593,0],[8595,0],[8338,0],[8339,0],[8850,0],]]
[8595,6,12,[[8596,0],[8594,0],[8339,0],[8851,0],]]
[8596,18,12,[[8595,0],[8597,0],[8340,0],[8341,0],[8852,0],]]
[8597,12,12,[[8598,0],[8596,0],[8341,0],[8853,0],]]
[8598,17,12,[[8597,0],[8599,0],[8342,0],[8343,0],[8854,0],]]
[8599,15,12,[[8600,0],[8598,0],[8343,0],[8855,0],]]
[8600,2,12,[[8599,0],[8601,0],[8344,0],[8345,0],[8856,0],]]
[8601,6,12,[[8602,0],[8600,0],[8345,0],[8857,0],]]
[8602,13,12,[[8601,0],[8603,0],[8346,0],[8347,0],[8858,0],]]
[8603,9,12,[[8604,0],[8602,0],[8347,0],[8859,0],]]
[8604,4,12,[[8603,0],[8605,0],[8348,0],[8349,0],[8860,0],]]
[8605,19,12,[[8606,0],[8604,0],[8349,0],[8861,0],]]
[8606,16,12,[[8605,0],[8607,0],[8350,0],[8351,0],[8862,0],]]
[8607,19,12,[[8608,0],[8606,0],[8351,0],[8863,0],]]
[8608,4,13,[[8607,0],[8609,0],[8352,0],[8353,0],[8864,0],]]
[8609,8,13,[[8610,0],[8608,0],[8353,0],[8865,0],]]
[8610,3,13,[[8609,0],[8611,0],[8354,0],[8355,0],[8866,0],]]
[8611,3,13,[[8612,0],[8610,0],[8355,0],[8867,0],]]
[8612,17,13,[[8611,0],[8613,0],[8356,0],[8357,0],[8868,0],]]
[8613,15,13,[[8614,0],[8612,0],[8357,0],[8869,0],]]
[8614,6,13,[[8613,0],[8615,0],[8358,0],[8359,0],[8870,0],]]
[8615,5,13,[[8616,0],[8614,0],[8359,0],[8871,0],]]
[8616,7,13,[[8615,0],[8617,0],[8360,0],[8361,0],[8872,0],]]
[8617,9,13,[[8618,0],[8616,0],[8361,0],[8873,0],]]
[8618,2,13,[[8617,0],[8619,0],[8362,0],[8363,0],[8874,0],]]
[8619,14,13,[[8620,0],[8618,0],[8363,0],[8875,0],]]
[8620,17,13,[[8619,0],[8621,0],[8364,0],[8365,0],[8876,0],]]
[8621,6,13,[[8622,0],[8620,0],[8365,0],[8877,0],]]
[8622,10,13,[[8621,0],[8623,0],[8366,0],[8367,0],[8878,0],]]
[8623,18,13,[[8624,0],[8622,0],[8367,0],[8879,0],]]
[8624,11,13,[[8623,0],[8625,0],[8368,0],[8369,0],[8880,0],]]
[8625,10,13,[[8626,0],[8624,0],[8369,0],[8881,0],]]
[8626,17,13,[[8625,0],[8627,0],[8370,0],[8371,0],[8882,0],]]
[8627,17,13,[[8628,0],[8626,0],[8371,0],[8883,0],]]
[8628,19,13,[[8627,0],[8629,0],[8372,0],[8373,0],[8884,0],]]
[8629,3,13,[[8630,0],[8628,0],[8373,0],[8885,0],]]
[8630,14,13,[[8629,0],[8631,0],[8374,0],[8375,0],[8886,0],]]
[8631,18,13,[[8632,0],[8630,0],[8375,0],[8887,0],]]
[8632,9,13,[[8631,0],[8633,0],[8376,0],[8377,0],[8888,0],]]
[8633,7,13,[[8634,0],[8632,0],[8377,0],[8889,0],]]
[8634,1,13,[[8633,0],[8635,0],[8378,0],[8379,0],[8890,0],]]
[8635,2,13,[[8636,0],[8634,0],[8379,0],[8891,0],]]
[8636,9,13,[[8635,0],[8637,0],[8380,0],[8381,0],[8892,0],]]
[8637,14,13,[[8638,0],[8636,0],[8381,0],[8893,0],]]
[8638,10,13,[[8637,0],[8639,0],[8382,0],[8383,0],[8894,0],]]
[8639,16,13,[[8640,0],[8638,0],[8383,0],[8895,0],]]
[8640,12,14,[[8639,0],[8641,0],[8384,0],[8385,0],[8896,0],]]
[8641,7,14,[[8642,0],[8640,0],[8385,0],[8897,0],]]
[8642,2,14,[[8641,0],[8643,0],[8386,0],[8387,0],[8898,0],]]
[8643,17,14,[[8644,0],[8642,0],[8387,0],[8899,0],]]
[8644,2,14,[[8643,0],[8645,0],[8388,0],[8389,0],[8900,0],]]
[8645,12,14,[[8646,0],[8644,0],[8389,0],[8901,0],]]
[8646,17,14,[[8645,0],[8647,0],[8390,0],[8391,0],[8902,0],]]
[8647,15,14,[[8648,0],[8646,0],[8391,0],[8903,0],]]
[8648,9,14,[[8647,0],[8649,0],[8392,0],[8393,0],[8904,0],]]
[8649,6,14,[[8650,0],[8648,0],[8393,0],[8905,0],]]
[8650,7,14,[[8649,0],[8651,0],[8394,0],[8395,0],[8906,0],]]
[8651,19,14,[[8652,0],[8650,0],[8395,0],[8907,0],]]
[8652,6,14,[[8651,0],[8653,0],[8396,0],[8397,0],[8908,0],]]
[8653,19,14,[[8654,0],[8652,0],[8397,0],[8909,0],]]
[8654,12,14,[[8653,0],[8655,0],[8398,0],[8399,0],[8910,0],]]
[8655,14,14,[[8656,0],[8654,0],[8399,0],[8911,0],]]
[8656,1,14,[[8655,0],[8657,0],[8400,0],[8401,0],[8912,0],]]
[8657,17,14,[[8658,0],[8656,0],[8401,0],[8913,0],]]
[8658,9,14,[[8657,0],[8659,0],[8402,0],[8403,0],[8914,0],]]
[8659,1,14,[[8660,0],[8658,0],[8403,0],[8915,0],]]
[8660,16,14,[[8659,0],[8661,0],[8404,0],[8405,0],[8916,0],]]
[8661,10,14,[[8662,0],[8660,0],[8405,0],[8917,0],]]
[8662,6,14,[[8661,0],[8663,0],[8406,0],[8407,0],[8918,0],]]
[8663,15,14,[[8664,0],[8662,0],[8407,0],[8919,0],]]
[8664,11,14,[[8663,0],[8665,0],[8408,0],[8409,0],[8920,0],]]
[8665,18,14,[[8666,0],[8664,0],[8409,0],[8921,0],]]
[8666,8,14,[[8665,0],[8667,0],[8410,0],[8411,0],[8922,0],]]
[8667,12,14,[[8668,0],[8666,0],[8411,0],[8923,0],]]
[8668,11,14,[[8667,0],[8669,0],[8412,0],[8413,0],[8924,0],]]
[8669,3,14,[[8670,0],[8668,0],[8413,0],[8925,0],]]
[8670,13,14,[[8669,0],[8671,0],[8414,0],[8415,0],[8926,0],]]
[8671,16,14,[[8672,0],[8670,0],[8415,0],[8927,0],]]
[8672,9,15,[[8671,0],[8673,0],[8416,0],[8417,0],[8928,0],]]
[8673,3,15,[[8674,0],[8672,0],[8417,0],[8929,0],]]
[8674,16,15,[[8673,0],[8675,0],[8418,0],[8419,0],[8930,0],]]
[8675,18,15,[[8676,0],[8674,0],[8419,0],[8931,0],]]
[8676,6,15,[[8675,0],[8677,0],[8420,0],[8421,0],[8932,0],]]
[8677,9,15,[[8678,0],[8676,0],[8421,0],[8933,0],]]
[8678,9,15,[[8677,0],[8679,0],[8422,0],[8423,0],[8934,0],]]
[8679,17,15,[[8680,0],[8678,0],[8423,0],[8935,0],]]
[8680,5,15,[[8679,0],[8681,0],[8424,0],[8425,0],[8936,0],]]
[8681,15,15,[[8682,0],[8680,0],[8425,0],[8937,0],]]
[8682,4,15,[[8681,0],[8683,0],[8426,0],[8427,0],[8938,0],]]
[8683,2,15,[[8684,0],[8682,0],[8427,0],[8939,0],]]
[8684,15,15,[[8683,0],[8685,0],[8428,0],[8429,0],[8940,0],]]
[8685,9,15,[[8686,0],[8684,0],[8429,0],[8941,0],]]
[8686,10,15,[[8685,0],[8687,0],[8430,0],[8431,0],[8942,0],]]
[8687,12,15,[[8688,0],[8686,0],[8431,0],[8943,0],]]
[8688,8,15,[[8687,0],[8689,0],[8432,0],[8433,0],[8944,0],]]
[8689,4,15,[[8690,0],[8688,0],[8433,0],[8945,0],]]
[8690,14,15,[[8689,0],[8691,0],[8434,0],[8435,0],[8946,0],]]
[8691,9,15,[[8692,0],[8690,0],[8435,0],[8947,0],]]
[8692,14,15,[[8691,0],[8693,0],[8436,0],[8437,0],[8948,0],]]
[8693,8,15,[[8694,0],[8692,0],[8437,0],[8949,0],]]
[8694,12,15,[[8693,0],[8695,0],[8438,0],[8439,0],[8950,0],]]
[8695,7,15,[[8696,0],[8694,0],[8439,0],[8951,0],]]
[8696,6,15,[[8695,0],[8697,0],[8440,0],[8441,0],[8952,0],]]
[8697,3,15,[[8698,0],[8696,0],[8441,0],[8953,0],]]
[8698,10,15,[[8697,0],[8699,0],[8442,0],[8443,0],[8954,0],]]
[8699,7,15,[[8700,0],[8698,0],[8443,0],[8955,0],]]
[8700,2,15,[[8699,0],[8701,0],[8444,0],[8445,0],[8956,0],]]
[8701,16,15,[[8702,0],[8700,0],[8445,0],[8957,0],]]
[8702,14,15,[[8701,0],[8703,0],[8446,0],[8447,0],[8958,0],]]
[8703,13,15,[[8702,0],[8447,0],[8959,0],]]
[8704,4,8,[[8705,0],[8960,0],[8448,0],]]
[8705,11,8,[[8706,0],[8704,0],[8961,0],[8960,0],[8449,0],]]
[8706,10,8,[[8705,0],[8707,0],[8962,0],[8450,0],]]
[8707,16,8,[[8708,0],[8706,0],[8963,0],[8962,0],[8451,0],]]
[8708,6,8,[[8707,0],[8709,0],[8964,0],[8452,0],]]
[8709,5,8,[[8710,0],[8708,0],[8965,0],[8964,0],[8453,0],]]
[8710,19,8,[[8709,0],[8711,0],[8966,0],[8454,0],]]
[8711,11,8,[[8712,0],[8710,0],[8967,0],[8966,0],[8455,0],]]
[8712,11,8,[[8711,0],[8713,0],[8968,0],[8456,0],]]
[8713,19,8,[[8714,0],[8712,0],[8969,0],[8968,0],[8457,0],]]
[8714,19,8,[[8713,0],[8715,0],[8970,0],[8458,0],]]
[8715,17,8,[[8716,0],[8714,0],[8971,0],[8970,0],[8459,0],]]
[8716,9,8,[[8715,0],[8717,0],[8972,0],[8460,0],]]
[8717,12,8,[[8718,0],[8716,0],[8973,0],[8972,0],[8461,0],]]
[8718,16,8,[[8717,0],[8719,0],[8974,0],[8462,0],]]
[8719,19,8,[[8720,0],[8718,0],[8975,0],[8974,0],[8463,0],]]
[8720,15,8,[[8719,0],[8721,0],[8976,0],[8464,0],]]
[8721,10,8,[[8722,0],[8720,0],[8977,0],[8976,0],[8465,0],]]
[8722,13,8,[[8721,0],[8723,0],[8978,0],[8466,0],]]
[8723,12,8,[[8724,0],[8722,0],[8979,0],[8978,0],[8467,0],]]
[8724,13,8,[[8723,0],[8725,0],[8980,0],[8468,0],]]
[8725,4,8,[[8726,0],[8724,0],[8981,0],[8980,0],[8469,0],]]
[8726,1,8,[[8725,0],[8727,0],[8982,0],[8470,0],]]
[8727,11,8,[[8728,0],[8726,0],[8983,0],[8982,0],[8471,0],]]
[8728,1,8,[[8727,0],[8729,0],[8984,0],[8472,0],]]
[8729,2,8,[[8730,0],[8728,0],[8985,0],[8984,0],[8473,0],]]
[8730,16,8,[[8729,0],[8731,0],[8986,0],[8474,0],]]
[8731,9,8,[[8732,0],[8730,0],[8987,0],[8986,0],[8475,0],]]
[8732,1,8,[[8731,0],[8733,0],[8988,0],[8476,0],]]
[8733,2,8,[[8734,0],[8732,0],[8989,0],[8988,0],[8477,0],]]
[8734,16,8,[[8733,0],[8735,0],[8990,0],[8478,0],]]
[8735,5,8,[[8736,0],[8734,0],[8991,0],[8990,0],[8479,0],]]
[8736,3,9,[[8735,0],[8737,0],[8992,0],[8480,0],]]
[8737,3,9,[[8738,0],[8736,0],[8993,0],[8992,0],[8481,0],]]
[8738,1,9,[[8737,0],[8739,0],[8994,0],[8482,0],]]
[8739,8,9,[[8740,0],[8738,0],[8995,0],[8994,0],[8483,0],]]
[8740,6,9,[[8739,0],[8741,0],[8996,0],[8484,0],]]
[8741,4,9,[[8742,0],[8740,0],[8997,0],[8996,0],[8485,0],]]
[8742,10,9,[[8741,0],[8743,0],[8998,0],[8486,0],]]
[8743,12,9,[[8744,0],[8742,0],[8999,0],[8998,0],[8487,0],]]
[8744,18,9,[[8743,0],[8745,0],[9000,0],[8488,0],]]
[8745,3,9,[[8746,0],[8744,0],[9001,0],[9000,0],[8489,0],]]
[8746,10,9,[[8745,0],[8747,0],[9002,0],[8490,0],]]
[8747,16,9,[[8748,0],[8746,0],[9003,0],[9002,0],[8491,0],]]
[8748,3,9,[[8747,0],[8749,0],[9004,0],[8492,0],]]
[8749,3,9,[[8750,0],[8748,0],[9005,0],[9004,0],[8493,0],]]
[8750,1,9,[[8749,0],[8751,0],[9006,0],[8494,0],]]
[8751,3,9,[[8752,0],[8750,0],[9007,0],[9006,0],[8495,0],]]
[8752,2,9,[[8751,0],[8753,0],[9008,0],[8496,0],]]
[8753,10,9,[[8754,0],[8752,0],[9009,0],[9008,0],[8497,0],]]
[8754,9,9,[[8753,0],[8755,0],[9010,0],[8498,0],]]
[8755,3,9,[[8756,0],[8754,0],[9011,0],[9010,0],[8499,0],]]
[8756,19,9,[[8755,0],[8757,0],[9012,0],[8500,0],]]
[8757,11,9,[[8758,0],[8756,0],[9013,0],[9012,0],[8501,0],]]
[8758,8,9,[[8757,0],[8759,0],[9014,0],[8502,0],]]
[8759,11,9,[[8760,0],[8758,0],[9015,0],[9014,0],[8503,0],]]
[8760,11,9,[[8759,0],[8761,0],[9016,0],[8504,0],]]
[8761,18,9,[[8762,0],[8760,0],[9017,0],[9016,0],[8505,0],]]
[8762,5,9,[[8761,0],[8763,0],[9018,0],[8506,0],]]
[8763,17,9,[[8764,0],[8762,0],[9019,0],[9018,0],[8507,0],]]
[8764,12,9,[[8763,0],[8765,0],[9020,0],[8508,0],]]
[8765,19,9,[[8766,0],[8764,0],[9021,0],[9020,0],[8509,0],]]
[8766,14,9,[[8765,0],[8767,0],[9022,0],[8510,0],]]
[8767,6,9,[[8768,0],[8766,0],[9023,0],[9022,0],[8511,0],]]
[8768,12,10,[[8767,0],[8769,0],[9024,0],[8512,0],]]
[8769,17,10,[[8770,0],[8768,0],[9025,0],[9024,0],[8513,0],]]
[8770,16,10,[[8769,0],[8771,0],[9026,0],[8514,0],]]
[8771,2,10,[[8772,0],[8770,0],[9027,0],[9026,0],[8515,0],]]
[8772,1,10,[[8771,0],[8773,0],[9028,0],[8516,0],]]
[8773,12,10,[[8774,0],[8772,0],[9029,0],[9028,0],[8517,0],]]
[8774,7,10,[[8773,0],[8775,0],[9030,0],[8518,0],]]
[8775,5,10,[[8776,0],[8774,0],[9031,0],[9030,0],[8519,0],]]
[8776,9,10,[[8775,0],[8777,0],[9032,0],[8520,0],]]
[8777,2,10,[[8778,0],[8776,0],[9033,0],[9032,0],[8521,0],]]
[8778,18,10,[[8777,0],[8779,0],[9034,0],[8522,0],]]
[8779,18,10,[[8780,0],[8778,0],[9035,0],[9034,0],[8523,0],]]
[8780,3,10,[[8779,0],[8781,0],[9036,0],[8524,0],]]
[8781,1,10,[[8782,0],[8780,0],[9037,0],[9036,0],[8525,0],]]
[8782,2,10,[[8781,0],[8783,0],[9038,0],[8526,0],]]
[8783,1,10,[[8784,0],[8782,0],[9039,0],[9038,0],[8527,0],]]
[8784,16,10,[[8783,0],[8785,0],[9040,0],[8528,0],]]
[8785,17,10,[[8786,0],[8784,0],[9041,0],[9040,0],[8529,0],]]
[8786,6,10,[[8785,0],[8787,0],[9042,0],[8530,0],]]
[8787,10,10,[[8788,0],[8786,0],[9043,0],[9042,0],[8531,0],]]
[8788,17,10,[[8787,0],[8789,0],[9044,0],[8532,0],]]
[8789,3,10,[[8790,0],[8788,0],[9045,0],[9044,0],[8533,0],]]
[8790,18,10,[[8789,0],[8791,0],[9046,0],[8534,0],]]
[8791,18,10,[[8792,0],[8790,0],[9047,0],[9046,0],[8535,0],]]
[8792,13,10,[[8791,0],[8793,0],[9048,0],[8536,0],]]
[8793,11,10,[[8794,0],[8792,0],[9049,0],[9048,0],[8537,0],]]
[8794,13,10,[[8793,0],[8795,0],[9050,0],[8538,0],]]
[8795,4,10,[[8796,0],[8794,0],[9051,0],[9050,0],[8539,0],]]
[8796,18,10,[[8795,0],[8797,0],[9052,0],[8540,0],]]
[8797,10,10,[[8798,0],[8796,0],[9053,0],[9052,0],[8541,0],]]
[8798,17,10,[[8797,0],[8799,0],[9054,0],[8542,0],]]
[8799,8,10,[[8800,0],[8798,0],[9055,0],[9054,0],[8543,0],]]
[8800,12,11,[[8799,0],[8801,0],[9056,0],[8544,0],]]
[8801,10,11,[[8802,0],[8800,0],[9057,0],[9056,0],[8545,0],]]
[8802,16,11,[[8801,0],[8803,0],[9058,0],[8546,0],]]
[8803,3,11,[[8804,0],[8802,0],[9059,0],[9058,0],[8547,0],]]
[8804,2,11,[[8803,0],[8805,0],[9060,0],[8548,0],]]
[8805,15,11,[[8806,0],[8804,0],[9061,0],[9060,0],[8549,0],]]
[8806,18,11,[[8805,0],[8807,0],[9062,0],[8550,0],]]
[8807,4,11,[[8808,0],[8806,0],[9063,0],[9062,0],[8551,0],]]
[8808,9,11,[[8807,0],[8809,0],[9064,0],[8552,0],]]
[8809,6,11,[[8810,0],[8808,0],[9065,0],[9064,0],[8553,0],]]
[8810,3,11,[[8809,0],[8811,0],[9066,0],[8554,0],]]
[8811,3,11,[[8812,0],[8810,0],[9067,0],[9066,0],[8555,0],]]
[8812,16,11,[[8811,0],[8813,0],[9068,0],[8556,0],]]
[8813,3,11,[[8814,0],[8812,0],[9069,0],[9068,0],[8557,0],]]
[8814,13,11,[[8813,0],[8815,0],[9070,0],[8558,0],]]
[8815,13,11,[[8816,0],[8814,0],[9071,0],[9070,0],[8559,0],]]
[8816,14,11,[[8815,0],[8817,0],[9072,0],[8560,0],]]
[8817,4,11,[[8818,0],[8816,0],[9073,0],[9072,0],[8561,0],]]
[8818,3,11,[[8817,0],[8819,0],[9074,0],[8562,0],]]
[8819,9,11,[[8820,0],[8818,0],[9075,0],[9074,0],[8563,0],]]
[8820,18,11,[[8819,0],[8821,0],[9076,0],[8564,0],]]
[8821,9,11,[[8822,0],[8820,0],[9077,0],[9076,0],[8565,0],]]
[8822,8,11,[[8821,0],[8823,0],[9078,0],[8566,0],]]
[8823,10,11,[[8824,0],[8822,0],[9079,0],[9078,0],[8567,0],]]
[8824,4,11,[[8823,0],[8825,0],[9080,0],[8568,0],]]
[8825,4,11,[[8826,0],[8824,0],[9081,0],[9080,0],[8569,0],]]
[8826,4,11,[[8825,0],[8827,0],[9082,0],[8570,0],]]
[8827,13,11,[[8828,0],[8826,0],[9083,0],[9082,0],[8571,0],]]
[8828,16,11,[[8827,0],[8829,0],[9084,0],[8572,0],]]
[8829,16,11,[[8830,0],[8828,0],[9085,0],[9084,0],[8573,0],]]
[8830,11,11,[[8829,0],[8831,0],[9086,0],[8574,0],]]
[8831,3,11,[[8832,0],[8830,0],[9087,0],[9086,0],[8575,0],]]
[8832,1,12,[[8831,0],[8833,0],[9088,0],[8576,0],]]
[8833,3,12,[[8834,0],[8832,0],[9089,0],[9088,0],[8577,0],]]
[8834,11,12,[[8833,0],[8835,0],[9090,0],[8578,0],]]
[8835,13,12,[[8836,0],[8834,0],[9091,0],[9090,0],[8579,0],]]
[8836,4,12,[[8835,0],[8837,0],[9092,0],[8580,0],]]
[8837,8,12,[[8838,0],[8836,0],[9093,0],[9092,0],[8581,0],]]
[8838,16,12,[[8837,0],[8839,0],[9094,0],[8582,0],]]
[8839,3,12,[[8840,0],[8838,0],[9095,0],[9094,0],[8583,0],]]
[8840,14,12,[[8839,0],[8841,0],[9096,0],[8584,0],]]
[8841,11,12,[[8842,0],[8840,0],[9097,0],[9096,0],[8585,0],]]
[8842,7,12,[[8841,0],[8843,0],[9098,0],[8586,0],]]
[8843,12,12,[[8844,0],[8842,0],[9099,0],[9098,0],[8587,0],]]
[8844,16,12,[[8843,0],[8845,0],[9100,0],[8588,0],]]
[8845,6,12,[[8846,0],[8844,0],[9101,0],[9100,0],[8589,0],]]
[8846,3,12,[[8845,0],[8847,0],[9102,0],[8590,0],]]
[8847,9,12,[[8848,0],[8846,0],[9103,0],[9102,0],[8591,0],]]
[8848,6,12,[[8847,0],[8849,0],[9104,0],[8592,0],]]
[8849,13,12,[[8850,0],[8848,0],[9105,0],[9104,0],[8593,0],]]
[8850,18,12,[[8849,0],[8851,0],[9106,0],[8594,0],]]
[8851,14,12,[[8852,0],[8850,0],[9107,0],[9106,0],[8595,0],]]
[8852,15,12,[[8851,0],[8853,0],[9108,0],[8596,0],]]
[8853,11,12,[[8854,0],[8852,0],[9109,0],[9108,0],[8597,0],]]
[8854,18,12,[[8853,0],[8855,0],[9110,0],[8598,0],]]
[8855,2,12,[[8856,0],[8854,0],[9111,0],[9110,0],[8599,0],]]
[8856,8,12,[[8855,0],[8857,0],[9112,0],[8600,0],]]
[8857,11,12,[[8858,0],[8856,0],[9113,0],[9112,0],[8601,0],]]
[8858,9,12,[[8857,0],[8859,0],[9114,0],[8602,0],]]
[8859,9,12,[[8860,0],[8858,0],[9115,0],[9114,0],[8603,0],]]
[8860,14,12,[[8859,0],[8861,0],[9116,0],[8604,0],]]
[8861,11,12,[[8862,0],[8860,0],[9117,0],[9116,0],[8605,0],]]
[8862,6,12,[[8861,0],[8863,0],[9118,0],[8606,0],]]
[8863,6,12,[[8864,0],[8862,0],[9119,0],[9118,0],[8607,0],]]
[8864,5,13,[[8863,0],[8865,0],[9120,0],[8608,0],]]
[8865,10,13,[[8866,0],[8864,0],[9121,0],[9120,0],[8609,0],]]
[8866,18,13,[[8865,0],[8867,0],[9122,0],[8610,0],]]
[8867,8,13,[[8868,0],[8866,0],[9123,0],[9122,0],[8611,0],]]
[8868,4,13,[[8867,0],[8869,0],[9124,0],[8612,0],]]
[8869,18,13,[[8870,0],[8868,0],[9125,0],[9124,0],[8613,0],]]
[8870,11,13,[[8869,0],[8871,0],[9126,0],[8614,0],]]
[8871,9,13,[[8872,0],[8870,0],[9127,0],[9126,0],[8615,0],]]
[8872,12,13,[[8871,0],[8873,0],[9128,0],[8616,0],]]
[8873,16,13,[[8874,0],[8872,0],[9129,0],[9128,0],[8617,0],]]
[8874,18,13,[[8873,0],[8875,0],[9130,0],[8618,0],]]
[8875,1,13,[[8876,0],[8874,0],[9131,0],[9130,0],[8619,0],]]
[8876,12,13,[[8875,0],[8877,0],[9132,0],[8620,0],]]
[8877,4,13,[[8878,0],[8876,0],[9133,0],[9132,0],[8621,0],]]
[8878,15,13,[[8877,0],[8879,0],[9134,0],[8622,0],]]
[8879,10,13,[[8880,0],[8878,0],[9135,0],[9134,0],[8623,0],]]
[8880,18,13,[[8879,0],[8881,0],[9136,0],[8624,0],]]
[8881,16,13,[[8882,0],[8880,0],[9137,0],[9136,0],[8625,0],]]
[8882,9,13,[[8881,0],[8883,0],[9138,0],[8626,0],]]
[8883,7,13,[[8884,0],[8882,0],[9139,0],[9138,0],[8627,0],]]
[8884,5,13,[[8883,0],[8885,0],[9140,0],[8628,0],]]
[8885,6,13,[[8886,0],[8884,0],[9141,0],[9140,0],[8629,0],]]
[8886,6,13,[[8885,0],[8887,0],[9142,0],[8630,0],]]
[8887,4,13,[[8888,0],[8886,0],[9143,0],[9142,0],[8631,0],]]
[8888,14,13,[[8887,0],[8889,0],[9144,0],[8632,0],]]
[8889,16,13,[[8890,0],[8888,0],[9145,0],[9144,0],[8633,0],]]
[8890,17,13,[[8889,0],[8891,0],[9146,0],[8634,0],]]
[8891,17,13,[[8892,0],[8890,0],[9147,0],[9146,0],[8635,0],]]
[8892,2,13,[[8891,0],[8893,0],[9148,0],[8636,0],]]
[8893,12,13,[[8894,0],[8892,0],[9149,0],[9148,0],[8637,0],]]
[8894,11,13,[[8893,0],[8895,0],[9150,0],[8638,0],]]
[8895,14,13,[[8896,0],[8894,0],[9151,0],[9150,0],[8639,0],]]
[8896,12,14,[[8895,0],[8897,0],[9152,0],[8640,0],]]
[8897,18,14,[[8898,0],[8896,0],[9153,0],[9152,0],[8641,0],]]
[8898,9,14,[[8897,0],[8899,0],[9154,0],[8642,0],]]
[8899,2,14,[[8900,0],[8898,0],[9155,0],[9154,0],[8643,0],]]
[8900,7,14,[[8899,0],[8901,0],[9156,0],[8644,0],]]
[8901,18,14,[[8902,0],[8900,0],[9157,0],[9156,0],[8645,0],]]
[8902,18,14,[[8901,0],[8903,0],[9158,0],[8646,0],]]
[8903,17,14,[[8904,0],[8902,0],[9159,0],[9158,0],[8647,0],]]
[8904,13,14,[[8903,0],[8905,0],[9160,0],[8648,0],]]
[8905,17,14,[[8906,0],[8904,0],[9161,0],[9160,0],[8649,0],]]
[8906,9,14,[[8905,0],[8907,0],[9162,0],[8650,0],]]
[8907,11,14,[[8908,0],[8906,0],[9163,0],[9162,0],[8651,0],]]
[8908,4,14,[[8907,0],[8909,0],[9164,0],[8652,0],]]
[8909,17,14,[[8910,0],[8908,0],[9165,0],[9164,0],[8653,0],]]
[8910,12,14,[[8909,0],[8911,0],[9166,0],[8654,0],]]
[8911,1,14,[[8912,0],[8910,0],[9167,0],[9166,0],[8655,0],]]
[8912,2,14,[[8911,0],[8913,0],[9168,0],[8656,0],]]
[8913,17,14,[[8914,0],[8912,0],[9169,0],[9168,0],[8657,0],]]
[8914,14,14,[[8913,0],[8915,0],[9170,0],[8658,0],]]
[8915,5,14,[[8916,0],[8914,0],[9171,0],[9170,0],[8659,0],]]
[8916,16,14,[[8915,0],[8917,0],[9172,0],[8660,0],]]
[8917,3,14,[[8918,0],[8916,0],[9173,0],[9172,0],[8661,0],]]
[8918,13,14,[[8917,0],[8919,0],[9174,0],[8662,0],]]
[8919,15,14,[[8920,0],[8918,0],[9175,0],[9174,0],[8663,0],]]
[8920,14,14,[[8919,0],[8921,0],[9176,0],[8664,0],]]
[8921,17,14,[[8922,0],[8920,0],[9177,0],[9176,0],[8665,0],]]
[8922,9,14,[[8921,0],[8923,0],[9178,0],[8666,0],]]
[8923,14,14,[[8924,0],[8922,0],[9179,0],[9178,0],[8667,0],]]
[8924,1,14,[[8923,0],[8925,0],[9180,0],[8668,0],]]
[8925,2,14,[[8926,0],[8924,0],[9181,0],[9180,0],[8669,0],]]
[8926,11,14,[[8925,0],[8927,0],[9182,0],[8670,0],]]
[8927,18,14,[[8928,0],[8926,0],[9183,0],[9182,0],[8671,0],]]
[8928,13,15,[[8927,0],[8929,0],[9184,0],[8672,0],]]
[8929,4,15,[[8930,0],[8928,0],[9185,0],[9184,0],[8673,0],]]
[8930,16,15,[[8929,0],[8931,0],[9186,0],[8674,0],]]
[8931,2,15,[[8932,0],[8930,0],[9187,0],[9186,0],[8675,0],]]
[8932,18,15,[[8931,0],[8933,0],[9188,0],[8676,0],]]
[8933,3,15,[[8934,0],[8932,0],[9189,0],[9188,0],[8677,0],]]
[8934,5,15,[[8933,0],[8935,0],[9190,0],[8678,0],]]
[8935,11,15,[[8936,0],[8934,0],[9191,0],[9190,0],[8679,0],]]
[8936,4,15,[[8935,0],[8937,0],[9192,0],[8680,0],]]
[8937,4,15,[[8938,0],[8936,0],[9193,0],[9192,0],[8681,0],]]
[8938,10,15,[[8937,0],[8939,0],[9194,0],[8682,0],]]
[8939,5,15,[[8940,0],[8938,0],[9195,0],[9194,0],[8683,0],]]
[8940,12,15,[[8939,0],[8941,0],[9196,0],[8684,0],]]
[8941,10,15,[[8942,0],[8940,0],[9197,0],[9196,0],[8685,0],]]
[8942,5,15,[[8941,0],[8943,0],[9198,0],[8686,0],]]
[8943,15,15,[[8944,0],[8942,0],[9199,0],[9198,0],[8687,0],]]
[8944,6,15,[[8943,0],[8945,0],[9200,0],[8688,0],]]
[8945,4,15,[[8946,0],[8944,0],[9201,0],[9200,0],[8689,0],]]
[8946,17,15,[[8945,0],[8947,0],[9202,0],[8690,0],]]
[8947,13,15,[[8948,0],[8946,0],[9203,0],[9202,0],[8691,0],]]
[8948,16,15,[[8947,0],[8949,0],[9204,0],[8692,0],]]
[8949,12,15,[[8950,0],[8948,0],[9205,0],[9204,0],[8693,0],]]
[8950,19,15,[[8949,0],[8951,0],[9206,0],[8694,0],]]
[8951,12,15,[[8952,0],[8950,0],[9207,0],[9206,0],[8695,0],]]
[8952,8,15,[[8951,0],[8953,0],[9208,0],[8696,0],]]
[8953,1,15,[[8954,0],[8952,0],[9209,0],[9208,0],[8697,0],]]
[8954,19,15,[[8953,0],[8955,0],[9210,0],[8698,0],]]
[8955,10,15,[[8956,0],[8954,0],[9211,0],[9210,0],[8699,0],]]
[8956,17,15,[[8955,0],[8957,0],[9212,0],[8700,0],]]
[8957,7,15,[[8958,0],[8956,0],[9213,0],[9212,0],[8701,0],]]
[8958,4,15,[[8957,0],[8959,0],[9214,0],[8702,0],]]
[8959,2,15,[[8958,0],[9215,0],[9214,0],[8703,0],]]
[8960,5,8,[[8961,0],[8704,0],[8705,0],[9216,0],]]
[8961,14,8,[[8962,0],[8960,0],[8705,0],[9217,0],]]
[8962,4,8,[[8961,0],[8963,0],[8706,0],[8707,0],[9218,0],]]
[8963,6,8,[[8964,0],[8962,0],[8707,0],[9219,0],]]
[8964,13,8,[[8963,0],[8965,0],[8708,0],[8709,0],[9220,0],]]
[8965,3,8,[[8966,0],[8964,0],[8709,0],[9221,0],]]
[8966,17,8,[[8965,0],[8967,0],[8710,0],[8711,0],[9222,0],]]
[8967,3,8,[[8968,0],[8966,0],[8711,0],[9223,0],]]
[8968,15,8,[[8967,0],[8969,0],[8712,0],[8713,0],[9224,0],]]
[8969,16,8,[[8970,0],[8968,0],[8713,0],[9225,0],]]
[8970,10,8,[[8969,0],[8971,0],[8714,0],[8715,0],[9226,0],]]
[8971,8,8,[[8972,0],[8970,0],[8715,0],[9227,0],]]
[8972,14,8,[[8971,0],[8973,0],[8716,0],[8717,0],[9228,0],]]
[8973,18,8,[[8974,0],[8972,0],[8717,0],[9229,0],]]
[8974,8,8,[[8973,0],[8975,0],[8718,0],[8719,0],[9230,0],]]
[8975,13,8,[[8976,0],[8974,0],[8719,0],[9231,0],]]
[8976,9,8,[[8975,0],[8977,0],[8720,0],[8721,0],[9232,0],]]
[8977,14,8,[[8978,0],[8976,0],[8721,0],[9233,0],]]
[8978,3,8,[[8977,0],[8979,0],[8722,0],[8723,0],[9234,0],]]
[8979,4,8,[[8980,0],[8978,0],[8723,0],[9235,0],]]
[8980,1,8,[[8979,0],[8981,0],[8724,0],[8725,0],[9236,0],]]
[8981,7,8,[[8982,0],[8980,0],[8725,0],[9237,0],]]
[8982,2,8,[[8981,0],[8983,0],[8726,0],[8727,0],[9238,0],]]
[8983,19,8,[[8984,0],[8982,0],[8727,0],[9239,0],]]
[8984,11,8,[[8983,0],[8985,0],[8728,0],[8729,0],[9240,0],]]
[8985,12,8,[[8986,0],[8984,0],[8729,0],[9241,0],]]
[8986,10,8,[[8985,0],[8987,0],[8730,0],[8731,0],[9242,0],]]
[8987,15,8,[[8988,0],[8986,0],[8731,0],[9243,0],]]
[8988,13,8,[[8987,0],[8989,0],[8732,0],[8733,0],[9244,0],]]
[8989,9,8,[[8990,0],[8988,0],[8733,0],[9245,0],]]
[8990,14,8,[[8989,0],[8991,0],[8734,0],[8735,0],[9246,0],]]
[8991,4,8,[[8992,0],[8990,0],[8735,0],[9247,0],]]
[8992,10,9,[[8991,0],[8993,0],[8736,0],[8737,0],[9248,0],]]
[8993,19,9,[[8994,0],[8992,0],[8737,0],[9249,0],]]
[8994,11,9,[[8993,0],[8995,0],[8738,0],[8739,0],[9250,0],]]
[8995,9,9,[[8996,0],[8994,0],[8739,0],[9251,0],]]
[8996,14,9,[[8995,0],[8997,0],[8740,0],[8741,0],[9252,0],]]
[8997,4,9,[[8998,0],[8996,0],[8741,0],[9253,0],]]
[8998,2,9,[[8997,0],[8999,0],[8742,0],[8743,0],[9254,0],]]
[8999,8,9,[[9000,0],[8998,0],[8743,0],[9255,0],]]
[9000,3,9,[[8999,0],[9001,0],[8744,0],[8745,0],[9256,0],]]
[9001,11,9,[[9002,0],[9000,0],[8745,0],[9257,0],]]
[9002,14,9,[[9001,0],[9003,0],[8746,0],[8747,0],[9258,0],]]
[9003,15,9,[[9004,0],[9002,0],[8747,0],[9259,0],]]
[9004,7,9,[[9003,0],[9005,0],[8748,0],[8749,0],[9260,0],]]
[9005,18,9,[[9006,0],[9004,0],[8749,0],[9261,0],]]
[9006,3,9,[[9005,0],[9007,0],[8750,0],[8751,0],[9262,0],]]
[9007,7,9,[[9008,0],[9006,0],[8751,0],[9263,0],]]
[9008,3,9,[[9007,0],[9009,0],[8752,0],[8753,0],[9264,0],]]
[9009,13,9,[[9010,0],[9008,0],[8753,0],[9265,0],]]
[9010,17,9,[[9009,0],[9011,0],[8754,0],[8755,0],[9266,0],]]
[9011,11,9,[[9012,0],[9010,0],[8755,0],[9267,0],]]
[9012,3,9,[[9011,0],[9013,0],[8756,0],[8757,0],[9268,0],]]
[9013,12,9,[[9014,0],[9012,0],[8757,0],[9269,0],]]
[9014,1,9,[[9013,0],[9015,0],[8758,0],[8759,0],[9270,0],]]
[9015,14,9,[[9016,0],[9014,0],[8759,0],[9271,0],]]
[9016,10,9,[[9015,0],[9017,0],[8760,0],[8761,0],[9272,0],]]
[9017,8,9,[[9018,0],[9016,0],[8761,0],[9273,0],]]
[9018,13,9,[[9017,0],[9019,0],[8762,0],[8763,0],[9274,0],]]
[9019,14,9,[[9020,0],[9018,0],[8763,0],[9275,0],]]
[9020,16,9,[[9019,0],[9021,0],[8764,0],[8765,0],[9276,0],]]
[9021,11,9,[[9022,0],[9020,0],[8765,0],[9277,0],]]
[9022,11,9,[[9021,0],[9023,0],[8766,0],[8767,0],[9278,0],]]
[9023,17,9,[[9024,0],[9022,0],[8767,0],[9279,0],]]
[9024,14,10,[[9023,0],[9025,0],[8768,0],[8769,0],[9280,0],]]
[9025,1,10,[[9026,0],[9024,0],[8769,0],[9281,0],]]
[9026,15,10,[[9025,0],[9027,0],[8770,0],[8771,0],[9282,0],]]
[9027,17,10,[[9028,0],[9026,0],[8771,0],[9283,0],]]
[9028,10,10,[[9027,0],[9029,0],[8772,0],[8773,0],[9284,0],]]
[9029,18,10,[[9030,0],[9028,0],[8773,0],[9285,0],]]
[9030,6,10,[[9029,0],[9031,0],[8774,0],[8775,0],[9286,0],]]
[9031,5,10,[[9032,0],[9030,0],[8775,0],[9287,0],]]
[9032,13,10,[[9031,0],[9033,0],[8776,0],[8777,0],[9288,0],]]
[9033,17,10,[[9034,0],[9032,0],[8777,0],[9289,0],]]
[9034,14,10,[[9033,0],[9035,0],[8778,0],[8779,0],[9290,0],]]
[9035,6,10,[[9036,0],[9034,0],[8779,0],[9291,0],]]
[9036,12,10,[[9035,0],[9037,0],[8780,0],[8781,0],[9292,0],]]
[9037,16,10,[[9038,0],[9036,0],[8781,0],[9293,0],]]
[9038,10,10,[[9037,0],[9039,0],[8782,0],[8783,0],[9294,0],]]
[9039,15,10,[[9040,0],[9038,0],[8783,0],[9295,0],]]
[9040,17,10,[[9039,0],[9041,0],[8784,0],[8785,0],[9296,0],]]
[9041,14,10,[[9042,0],[9040,0],[8785,0],[9297,0],]]
[9042,5,10,[[9041,0],[9043,0],[8786,0],[8787,0],[9298,0],]]
[9043,7,10,[[9044,0],[9042,0],[8787,0],[9299,0],]]
[9044,19,10,[[9043,0],[9045,0],[8788,0],[8789,0],[9300,0],]]
[9045,10,10,[[9046,0],[9044,0],[8789,0],[9301,0],]]
[9046,6,10,[[9045,0],[9047,0],[8790,0],[8791,0],[9302,0],]]
[9047,10,10,[[9048,0],[9046,0],[8791,0],[9303,0],]]
[9048,16,10,[[9047,0],[9049,0],[8792,0],[8793,0],[9304,0],]]
[9049,11,10,[[9050,0],[9048,0],[8793,0],[9305,0],]]
[9050,6,10,[[9049,0],[9051,0],[8794,0],[8795,0],[9306,0],]]
[9051,13,10,[[9052,0],[9050,0],[8795,0],[9307,0],]]
[9052,7,10,[[9051,0],[9053,0],[8796,0],[8797,0],[9308,0],]]
[9053,12,10,[[9054,0],[9052,0],[8797,0],[9309,0],]]
[9054,17,10,[[9053,0],[9055,0],[8798,0],[8799,0],[9310,0],]]
[9055,1,10,[[9056,0],[9054,0],[8799,0],[9311,0],]]
[9056,7,11,[[9055,0],[9057,0],[8800,0],[8801,0],[9312,0],]]
[9057,17,11,[[9058,0],[9056,0],[8801,0],[9313,0],]]
[9058,7,11,[[9057,0],[9059,0],[8802,0],[8803,0],[9314,0],]]
[9059,9,11,[[9060,0],[9058,0],[8803,0],[9315,0],]]
[9060,2,11,[[9059,0],[9061,0],[8804,0],[8805,0],[9316,0],]]
[9061,4,11,[[9062,0],[9060,0],[8805,0],[9317,0],]]
[9062,14,11,[[9061,0],[9063,0],[8806,0],[8807,0],[9318,0],]]
[9063,4,11,[[9064,0],[9062,0],[8807,0],[9319,0],]]
[9064,1,11,[[9063,0],[9065,0],[8808,0],[8809,0],[9320,0],]]
[9065,11,11,[[9066,0],[9064,0],[8809,0],[9321,0],]]
[9066,14,11,[[9065,0],[9067,0],[8810,0],[8811,0],[9322,0],]]
[9067,19,11,[[9068,0],[9066,0],[8811,0],[9323,0],]]
[9068,4,11,[[9067,0],[9069,0],[8812,0],[8813,0],[9324,0],]]
[9069,14,11,[[9070,0],[9068,0],[8813,0],[9325,0],]]
[9070,3,11,[[9069,0],[9071,0],[8814,0],[8815,0],[9326,0],]]
[9071,14,11,[[9072,0],[9070,0],[8815,0],[9327,0],]]
[9072,3,11,[[9071,0],[9073,0],[8816,0],[8817,0],[9328,0],]]
[9073,16,11,[[9074,0],[9072,0],[8817,0],[9329,0],]]
[9074,16,11,[[9073,0],[9075,0],[8818,0],[8819,0],[9330,0],]]
[9075,4,11,[[9076,0],[9074,0],[8819,0],[9331,0],]]
[9076,17,11,[[9075,0],[9077,0],[8820,0],[8821,0],[9332,0],]]
[9077,11,11,[[9078,0],[9076,0],[8821,0],[9333,0],]]
[9078,14,11,[[9077,0],[9079,0],[8822,0],[8823,0],[9334,0],]]
[9079,4,11,[[9080,0],[9078,0],[8823,0],[9335,0],]]
[9080,15,11,[[9079,0],[9081,0],[8824,0],[8825,0],[9336,0],]]
[9081,19,11,[[9082,0],[9080,0],[8825,0],[9337,0],]]
[9082,12,11,[[9081,0],[9083,0],[8826,0],[8827,0],[9338,0],]]
[9083,5,11,[[9084,0],[9082,0],[8827,0],[9339,0],]]
[9084,14,11,[[9083,0],[9085,0],[8828,0],[8829,0],[9340,0],]]
[9085,3,11,[[9086,0],[9084,0],[8829,0],[9341,0],]]
[9086,10,11,[[9085,0],[9087,0],[8830,0],[8831,0],[9342,0],]]
[9087,16,11,[[9088,0],[9086,0],[8831,0],[9343,0],]]
[9088,1,12,[[9087,0],[9089,0],[8832,0],[8833,0],[9344,0],]]
[9089,13,12,[[9090,0],[9088,0],[8833,0],[9345,0],]]
[9090,9,12,[[9089,0],[9091,0],[8834,0],[8835,0],[9346,0],]]
[9091,1,12,[[9092,0],[9090,0],[8835,0],[9347,0],]]
[9092,14,12,[[9091,0],[9093,0],[8836,0],[8837,0],[9348,0],]]
[9093,15,12,[[9094,0],[9092,0],[8837,0],[9349,0],]]
[9094,18,12,[[9093,0],[9095,0],[8838,0],[8839,0],[9350,0],]]
[9095,11,12,[[9096,0],[9094,0],[8839,0],[9351,0],]]
[9096,11,12,[[9095,0],[9097,0],[8840,0],[8841,0],[9352,0],]]
[9097,17,12,[[9098,0],[9096,0],[8841,0],[9353,0],]]
[9098,7,12,[[9097,0],[9099,0],[8842,0],[8843,0],[9354,0],]]
[9099,18,12,[[9100,0],[9098,0],[8843,0],[9355,0],]]
[9100,7,12,[[9099,0],[9101,0],[8844,0],[8845,0],[9356,0],]]
[9101,14,12,[[9102,0],[9100,0],[8845,0],[9357,0],]]
[9102,10,12,[[9101,0],[9103,0],[8846,0],[8847,0],[9358,0],]]
[9103,11,12,[[9104,0],[9102,0],[8847,0],[9359,0],]]
[9104,14,12,[[9103,0],[9105,0],[8848,0],[8849,0],[9360,0],]]
[9105,9,12,[[9106,0],[9104,0],[8849,0],[9361,0],]]
[9106,14,12,[[9105,0],[9107,0],[8850,0],[8851,0],[9362,0],]]
[9107,12,12,[[9108,0],[9106,0],[8851,0],[9363,0],]]
[9108,17,12,[[9107,0],[9109,0],[8852,0],[8853,0],[9364,0],]]
[9109,18,12,[[9110,0],[9108,0],[8853,0],[9365,0],]]
[9110,17,12,[[9109,0],[9111,0],[8854,0],[8855,0],[9366,0],]]
[9111,1,12,[[9112,0],[9110,0],[8855,0],[9367,0],]]
[9112,15,12,[[9111,0],[9113,0],[8856,0],[8857,0],[9368,0],]]
[9113,14,12,[[9114,0],[9112,0],[8857,0],[9369,0],]]
[9114,9,12,[[9113,0],[9115,0],[8858,0],[8859,0],[9370,0],]]
[9115,11,12,[[9116,0],[9114,0],[8859,0],[9371,0],]]
[9116,12,12,[[9115,0],[9117,0],[8860,0],[8861,0],[9372,0],]]
[9117,5,12,[[9118,0],[9116,0],[8861,0],[9373,0],]]
[9118,4,12,[[9117,0],[9119,0],[8862,0],[8863,0],[9374,0],]]
[9119,6,12,[[9120,0],[9118,0],[8863,0],[9375,0],]]
[9120,19,13,[[9119,0],[9121,0],[8864,0],[8865,0],[9376,0],]]
[9121,12,13,[[9122,0],[9120,0],[8865,0],[9377,0],]]
[9122,6,13,[[9121,0],[9123,0],[8866,0],[8867,0],[9378,0],]]
[9123,12,13,[[9124,0],[9122,0],[8867,0],[9379,0],]]
[9124,15,13,[[9123,0],[9125,0],[8868,0],[8869,0],[9380,0],]]
[9125,10,13,[[9126,0],[9124,0],[8869,0],[9381,0],]]
[9126,16,13,[[9125,0],[9127,0],[8870,0],[8871,0],[9382,0],]]
[9127,11,13,[[9128,0],[9126,0],[8871,0],[9383,0],]]
[9128,14,13,[[9127,0],[9129,0],[8872,0],[8873,0],[9384,0],]]
[9129,8,13,[[9130,0],[9128,0],[8873,0],[9385,0],]]
[9130,12,13,[[9129,0],[9131,0],[8874,0],[8875,0],[9386,0],]]
[9131,1,13,[[9132,0],[9130,0],[8875,0],[9387,0],]]
[9132,1,13,[[9131,0],[9133,0],[8876,0],[8877,0],[9388,0],]]
[9133,7,13,[[9134,0],[9132,0],[8877,0],[9389,0],]]
[9134,14,13,[[9133,0],[9135,0],[8878,0],[8879,0],[9390,0],]]
[9135,13,13,[[9136,0],[9134,0],[8879,0],[9391,0],]]
[9136,13,13,[[9135,0],[9137,0],[8880,0],[8881,0],[9392,0],]]
[9137,19,13,[[9138,0],[9136,0],[8881,0],[9393,0],]]
[9138,4,13,[[9137,0],[9139,0],[8882,0],[8883,0],[9394,0],]]
[9139,15,13,[[9140,0],[9138,0],[8883,0],[9395,0],]]
[9140,10,13,[[9139,0],[9141,0],[8884,0],[8885,0],[9396,0],]]
[9141,17,13,[[9142,0],[9140,0],[8885,0],[9397,0],]]
[9142,6,13,[[9141,0],[9143,0],[8886,0],[8887,0],[9398,0],]]
[9143,15,13,[[9144,0],[9142,0],[8887,0],[9399,0],]]
[9144,1,13,[[9143,0],[9145,0],[8888,0],[8889,0],[9400,0],]]
[9145,4,13,[[9146,0],[9144,0],[8889,0],[9401,0],]]
[9146,11,13,[[9145,0],[9147,0],[8890,0],[8891,0],[9402,0],]]
[9147,7,13,[[9148,0],[9146,0],[8891,0],[9403,0],]]
[9148,2,13,[[9147,0],[9149,0],[8892,0],[8893,0],[9404,0],]]
[9149,3,13,[[9150,0],[9148,0],[8893,0],[9405,0],]]
[9150,9,13,[[9149,0],[9151,0],[8894,0],[8895,0],[9406,0],]]
[9151,16,13,[[9152,0],[9150,0],[8895,0],[9407,0],]]
[9152,17,14,[[9151,0],[9153,0],[8896,0],[8897,0],[9408,0],]]
[9153,3,14,[[9154,0],[9152,0],[8897,0],[9409,0],]]
[9154,16,14,[[9153,0],[9155,0],[8898,0],[8899,0],[9410,0],]]
[9155,16,14,[[9156,0],[9154,0],[8899,0],[9411,0],]]
[9156,16,14,[[9155,0],[9157,0],[8900,0],[8901,0],[9412,0],]]
[9157,10,14,[[9158,0],[9156,0],[8901,0],[9413,0],]]
[9158,13,14,[[9157,0],[9159,0],[8902,0],[8903,0],[9414,0],]]
[9159,19,14,[[9160,0],[9158,0],[8903,0],[9415,0],]]
[9160,3,14,[[9159,0],[9161,0],[8904,0],[8905,0],[9416,0],]]
[9161,10,14,[[9162,0],[9160,0],[8905,0],[9417,0],]]
[9162,9,14,[[9161,0],[9163,0],[8906,0],[8907,0],[9418,0],]]
[9163,8,14,[[9164,0],[9162,0],[8907,0],[9419,0],]]
[9164,1,14,[[9163,0],[9165,0],[8908,0],[8909,0],[9420,0],]]
[9165,3,14,[[9166,0],[9164,0],[8909,0],[9421,0],]]
[9166,5,14,[[9165,0],[9167,0],[8910,0],[8911,0],[9422,0],]]
[9167,16,14,[[9168,0],[9166,0],[8911,0],[9423,0],]]
[9168,1,14,[[9167,0],[9169,0],[8912,0],[8913,0],[9424,0],]]
[9169,13,14,[[9170,0],[9168,0],[8913,0],[9425,0],]]
[9170,8,14,[[9169,0],[9171,0],[8914,0],[8915,0],[9426,0],]]
[9171,19,14,[[9172,0],[9170,0],[8915,0],[9427,0],]]
[9172,1,14,[[9171,0],[9173,0],[8916,0],[8917,0],[9428,0],]]
[9173,2,14,[[9174,0],[9172,0],[8917,0],[9429,0],]]
[9174,10,14,[[9173,0],[9175,0],[8918,0],[8919,0],[9430,0],]]
