[11141,19,12,[[11142,0],[11140,0],[10885,0],[11397,0],]]
[11142,7,12,[[11141,0],[11143,0],[10886,0],[10887,0],[11398,0],]]
[11143,16,12,[[11144,0],[11142,0],[10887,0],[11399,0],]]
[11144,5,12,[[11143,0],[11145,0],[10888,0],[10889,0],[11400,0],]]
[11145,10,12,[[11146,0],[11144,0],[10889,0],[11401,0],]]
[11146,6,12,[[11145,0],[11147,0],[10890,0],[10891,0],[11402,0],]]
[11147,15,12,[[11148,0],[11146,0],[10891,0],[11403,0],]]
[11148,16,12,[[11147,0],[11149,0],[10892,0],[10893,0],[11404,0],]]
[11149,18,12,[[11150,0],[11148,0],[10893,0],[11405,0],]]
[11150,17,12,[[11149,0],[11151,0],[10894,0],[10895,0],[11406,0],]]
[11151,19,12,[[11152,0],[11150,0],[10895,0],[11407,0],]]
[11152,18,12,[[11151,0],[11153,0],[10896,0],[10897,0],[11408,0],]]
[11153,9,12,[[11154,0],[11152,0],[10897,0],[11409,0],]]
[11154,6,12,[[11153,0],[11155,0],[10898,0],[10899,0],[11410,0],]]
[11155,5,12,[[11156,0],[11154,0],[10899,0],[11411,0],]]
[11156,15,12,[[11155,0],[11157,0],[10900,0],[10901,0],[11412,0],]]
[11157,12,12,[[11158,0],[11156,0],[10901,0],[11413,0],]]
[11158,16,12,[[11157,0],[11159,0],[10902,0],[10903,0],[11414,0],]]
[11159,10,12,[[11160,0],[11158,0],[10903,0],[11415,0],]]
[11160,4,12,[[11159,0],[11161,0],[10904,0],[10905,0],[11416,0],]]
[11161,11,12,[[11162,0],[11160,0],[10905,0],[11417,0],]]
[11162,4,12,[[11161,0],[11163,0],[10906,0],[10907,0],[11418,0],]]
[11163,15,12,[[11164,0],[11162,0],[10907,0],[11419,0],]]
[11164,12,12,[[11163,0],[11165,0],[10908,0],[10909,0],[11420,0],]]
[11165,19,12,[[11166,0],[11164,0],[10909,0],[11421,0],]]
[11166,3,12,[[11165,0],[11167,0],[10910,0],[10911,0],[11422,0],]]
[11167,8,12,[[11168,0],[11166,0],[10911,0],[11423,0],]]
[11168,5,13,[[11167,0],[11169,0],[10912,0],[10913,0],[11424,0],]]
[11169,10,13,[[11170,0],[11168,0],[10913,0],[11425,0],]]
[11170,2,13,[[11169,0],[11171,0],[10914,0],[10915,0],[11426,0],]]
[11171,8,13,[[11172,0],[11170,0],[10915,0],[11427,0],]]
[11172,14,13,[[11171,0],[11173,0],[10916,0],[10917,0],[11428,0],]]
[11173,17,13,[[11174,0],[11172,0],[10917,0],[11429,0],]]
[11174,16,13,[[11173,0],[11175,0],[10918,0],[10919,0],[11430,0],]]
[11175,11,13,[[11176,0],[11174,0],[10919,0],[11431,0],]]
[11176,17,13,[[11175,0],[11177,0],[10920,0],[10921,0],[11432,0],]]
[11177,8,13,[[11178,0],[11176,0],[10921,0],[11433,0],]]
[11178,5,13,[[11177,0],[11179,0],[10922,0],[10923,0],[11434,0],]]
[11179,7,13,[[11180,0],[11178,0],[10923,0],[11435,0],]]
[11180,7,13,[[11179,0],[11181,0],[10924,0],[10925,0],[11436,0],]]
[11181,4,13,[[11182,0],[11180,0],[10925,0],[11437,0],]]
[11182,12,13,[[11181,0],[11183,0],[10926,0],[10927,0],[11438,0],]]
[11183,8,13,[[11184,0],[11182,0],[10927,0],[11439,0],]]
[11184,8,13,[[11183,0],[11185,0],[10928,0],[10929,0],[11440,0],]]
[11185,1,13,[[11186,0],[11184,0],[10929,0],[11441,0],]]
[11186,13,13,[[11185,0],[11187,0],[10930,0],[10931,0],[11442,0],]]
[11187,6,13,[[11188,0],[11186,0],[10931,0],[11443,0],]]
[11188,18,13,[[11187,0],[11189,0],[10932,0],[10933,0],[11444,0],]]
[11189,14,13,[[11190,0],[11188,0],[10933,0],[11445,0],]]
[11190,19,13,[[11189,0],[11191,0],[10934,0],[10935,0],[11446,0],]]
[11191,13,13,[[11192,0],[11190,0],[10935,0],[11447,0],]]
[11192,6,13,[[11191,0],[11193,0],[10936,0],[10937,0],[11448,0],]]
[11193,3,13,[[11194,0],[11192,0],[10937,0],[11449,0],]]
[11194,10,13,[[11193,0],[11195,0],[10938,0],[10939,0],[11450,0],]]
[11195,2,13,[[11196,0],[11194,0],[10939,0],[11451,0],]]
[11196,14,13,[[11195,0],[11197,0],[10940,0],[10941,0],[11452,0],]]
[11197,11,13,[[11198,0],[11196,0],[10941,0],[11453,0],]]
[11198,4,13,[[11197,0],[11199,0],[10942,0],[10943,0],[11454,0],]]
[11199,10,13,[[11200,0],[11198,0],[10943,0],[11455,0],]]
[11200,14,14,[[11199,0],[11201,0],[10944,0],[10945,0],[11456,0],]]
[11201,2,14,[[11202,0],[11200,0],[10945,0],[11457,0],]]
[11202,13,14,[[11201,0],[11203,0],[10946,0],[10947,0],[11458,0],]]
[11203,17,14,[[11204,0],[11202,0],[10947,0],[11459,0],]]
[11204,15,14,[[11203,0],[11205,0],[10948,0],[10949,0],[11460,0],]]
[11205,14,14,[[11206,0],[11204,0],[10949,0],[11461,0],]]
[11206,13,14,[[11205,0],[11207,0],[10950,0],[10951,0],[11462,0],]]
[11207,5,14,[[11208,0],[11206,0],[10951,0],[11463,0],]]
[11208,17,14,[[11207,0],[11209,0],[10952,0],[10953,0],[11464,0],]]
[11209,19,14,[[11210,0],[11208,0],[10953,0],[11465,0],]]
[11210,8,14,[[11209,0],[11211,0],[10954,0],[10955,0],[11466,0],]]
[11211,16,14,[[11212,0],[11210,0],[10955,0],[11467,0],]]
[11212,18,14,[[11211,0],[11213,0],[10956,0],[10957,0],[11468,0],]]
[11213,2,14,[[11214,0],[11212,0],[10957,0],[11469,0],]]
[11214,4,14,[[11213,0],[11215,0],[10958,0],[10959,0],[11470,0],]]
[11215,14,14,[[11216,0],[11214,0],[10959,0],[11471,0],]]
[11216,16,14,[[11215,0],[11217,0],[10960,0],[10961,0],[11472,0],]]
[11217,8,14,[[11218,0],[11216,0],[10961,0],[11473,0],]]
[11218,2,14,[[11217,0],[11219,0],[10962,0],[10963,0],[11474,0],]]
[11219,8,14,[[11220,0],[11218,0],[10963,0],[11475,0],]]
[11220,1,14,[[11219,0],[11221,0],[10964,0],[10965,0],[11476,0],]]
[11221,18,14,[[11222,0],[11220,0],[10965,0],[11477,0],]]
[11222,9,14,[[11221,0],[11223,0],[10966,0],[10967,0],[11478,0],]]
[11223,16,14,[[11224,0],[11222,0],[10967,0],[11479,0],]]
[11224,3,14,[[11223,0],[11225,0],[10968,0],[10969,0],[11480,0],]]
[11225,4,14,[[11226,0],[11224,0],[10969,0],[11481,0],]]
[11226,13,14,[[11225,0],[11227,0],[10970,0],[10971,0],[11482,0],]]
[11227,14,14,[[11228,0],[11226,0],[10971,0],[11483,0],]]
[11228,3,14,[[11227,0],[11229,0],[10972,0],[10973,0],[11484,0],]]
[11229,13,14,[[11230,0],[11228,0],[10973,0],[11485,0],]]
[11230,2,14,[[11229,0],[11231,0],[10974,0],[10975,0],[11486,0],]]
[11231,16,14,[[11232,0],[11230,0],[10975,0],[11487,0],]]
[11232,17,15,[[11231,0],[11233,0],[10976,0],[10977,0],[11488,0],]]
[11233,15,15,[[11234,0],[11232,0],[10977,0],[11489,0],]]
[11234,13,15,[[11233,0],[11235,0],[10978,0],[10979,0],[11490,0],]]
[11235,17,15,[[11236,0],[11234,0],[10979,0],[11491,0],]]
[11236,3,15,[[11235,0],[11237,0],[10980,0],[10981,0],[11492,0],]]
[11237,1,15,[[11238,0],[11236,0],[10981,0],[11493,0],]]
[11238,16,15,[[11237,0],[11239,0],[10982,0],[10983,0],[11494,0],]]
[11239,12,15,[[11240,0],[11238,0],[10983,0],[11495,0],]]
[11240,7,15,[[11239,0],[11241,0],[10984,0],[10985,0],[11496,0],]]
[11241,2,15,[[11242,0],[11240,0],[10985,0],[11497,0],]]
[11242,17,15,[[11241,0],[11243,0],[10986,0],[10987,0],[11498,0],]]
[11243,6,15,[[11244,0],[11242,0],[10987,0],[11499,0],]]
[11244,9,15,[[11243,0],[11245,0],[10988,0],[10989,0],[11500,0],]]
[11245,5,15,[[11246,0],[11244,0],[10989,0],[11501,0],]]
[11246,11,15,[[11245,0],[11247,0],[10990,0],[10991,0],[11502,0],]]
[11247,15,15,[[11248,0],[11246,0],[10991,0],[11503,0],]]
[11248,1,15,[[11247,0],[11249,0],[10992,0],[10993,0],[11504,0],]]
[11249,17,15,[[11250,0],[11248,0],[10993,0],[11505,0],]]
[11250,8,15,[[11249,0],[11251,0],[10994,0],[10995,0],[11506,0],]]
[11251,10,15,[[11252,0],[11250,0],[10995,0],[11507,0],]]
[11252,8,15,[[11251,0],[11253,0],[10996,0],[10997,0],[11508,0],]]
[11253,18,15,[[11254,0],[11252,0],[10997,0],[11509,0],]]
[11254,2,15,[[11253,0],[11255,0],[10998,0],[10999,0],[11510,0],]]
[11255,4,15,[[11256,0],[11254,0],[10999,0],[11511,0],]]
[11256,5,15,[[11255,0],[11257,0],[11000,0],[11001,0],[11512,0],]]
[11257,9,15,[[11258,0],[11256,0],[11001,0],[11513,0],]]
[11258,5,15,[[11257,0],[11259,0],[11002,0],[11003,0],[11514,0],]]
[11259,16,15,[[11260,0],[11258,0],[11003,0],[11515,0],]]
[11260,13,15,[[11259,0],[11261,0],[11004,0],[11005,0],[11516,0],]]
[11261,8,15,[[11262,0],[11260,0],[11005,0],[11517,0],]]
[11262,3,15,[[11261,0],[11263,0],[11006,0],[11007,0],[11518,0],]]
[11263,7,15,[[11262,0],[11007,0],[11519,0],]]
[11264,13,8,[[11265,0],[11520,0],[11008,0],]]
[11265,16,8,[[11266,0],[11264,0],[11521,0],[11520,0],[11009,0],]]
[11266,13,8,[[11265,0],[11267,0],[11522,0],[11010,0],]]
[11267,14,8,[[11268,0],[11266,0],[11523,0],[11522,0],[11011,0],]]
[11268,6,8,[[11267,0],[11269,0],[11524,0],[11012,0],]]
[11269,1,8,[[11270,0],[11268,0],[11525,0],[11524,0],[11013,0],]]
[11270,11,8,[[11269,0],[11271,0],[11526,0],[11014,0],]]
[11271,10,8,[[11272,0],[11270,0],[11527,0],[11526,0],[11015,0],]]
[11272,8,8,[[11271,0],[11273,0],[11528,0],[11016,0],]]
[11273,10,8,[[11274,0],[11272,0],[11529,0],[11528,0],[11017,0],]]
[11274,15,8,[[11273,0],[11275,0],[11530,0],[11018,0],]]
[11275,12,8,[[11276,0],[11274,0],[11531,0],[11530,0],[11019,0],]]
[11276,18,8,[[11275,0],[11277,0],[11532,0],[11020,0],]]
[11277,12,8,[[11278,0],[11276,0],[11533,0],[11532,0],[11021,0],]]
[11278,18,8,[[11277,0],[11279,0],[11534,0],[11022,0],]]
[11279,6,8,[[11280,0],[11278,0],[11535,0],[11534,0],[11023,0],]]
[11280,16,8,[[11279,0],[11281,0],[11536,0],[11024,0],]]
[11281,16,8,[[11282,0],[11280,0],[11537,0],[11536,0],[11025,0],]]
[11282,8,8,[[11281,0],[11283,0],[11538,0],[11026,0],]]
[11283,15,8,[[11284,0],[11282,0],[11539,0],[11538,0],[11027,0],]]
[11284,1,8,[[11283,0],[11285,0],[11540,0],[11028,0],]]
[11285,16,8,[[11286,0],[11284,0],[11541,0],[11540,0],[11029,0],]]
[11286,7,8,[[11285,0],[11287,0],[11542,0],[11030,0],]]
[11287,6,8,[[11288,0],[11286,0],[11543,0],[11542,0],[11031,0],]]
[11288,7,8,[[11287,0],[11289,0],[11544,0],[11032,0],]]
[11289,17,8,[[11290,0],[11288,0],[11545,0],[11544,0],[11033,0],]]
[11290,12,8,[[11289,0],[11291,0],[11546,0],[11034,0],]]
[11291,16,8,[[11292,0],[11290,0],[11547,0],[11546,0],[11035,0],]]
[11292,4,8,[[11291,0],[11293,0],[11548,0],[11036,0],]]
[11293,18,8,[[11294,0],[11292,0],[11549,0],[11548,0],[11037,0],]]
[11294,8,8,[[11293,0],[11295,0],[11550,0],[11038,0],]]
[11295,17,8,[[11296,0],[11294,0],[11551,0],[11550,0],[11039,0],]]
[11296,6,9,[[11295,0],[11297,0],[11552,0],[11040,0],]]
[11297,14,9,[[11298,0],[11296,0],[11553,0],[11552,0],[11041,0],]]
[11298,16,9,[[11297,0],[11299,0],[11554,0],[11042,0],]]
[11299,10,9,[[11300,0],[11298,0],[11555,0],[11554,0],[11043,0],]]
[11300,5,9,[[11299,0],[11301,0],[11556,0],[11044,0],]]
[11301,17,9,[[11302,0],[11300,0],[11557,0],[11556,0],[11045,0],]]
[11302,8,9,[[11301,0],[11303,0],[11558,0],[11046,0],]]
[11303,4,9,[[11304,0],[11302,0],[11559,0],[11558,0],[11047,0],]]
[11304,15,9,[[11303,0],[11305,0],[11560,0],[11048,0],]]
[11305,16,9,[[11306,0],[11304,0],[11561,0],[11560,0],[11049,0],]]
[11306,16,9,[[11305,0],[11307,0],[11562,0],[11050,0],]]
[11307,15,9,[[11308,0],[11306,0],[11563,0],[11562,0],[11051,0],]]
[11308,14,9,[[11307,0],[11309,0],[11564,0],[11052,0],]]
[11309,3,9,[[11310,0],[11308,0],[11565,0],[11564,0],[11053,0],]]
[11310,16,9,[[11309,0],[11311,0],[11566,0],[11054,0],]]
[11311,4,9,[[11312,0],[11310,0],[11567,0],[11566,0],[11055,0],]]
[11312,1,9,[[11311,0],[11313,0],[11568,0],[11056,0],]]
[11313,16,9,[[11314,0],[11312,0],[11569,0],[11568,0],[11057,0],]]
[11314,10,9,[[11313,0],[11315,0],[11570,0],[11058,0],]]
[11315,7,9,[[11316,0],[11314,0],[11571,0],[11570,0],[11059,0],]]
[11316,11,9,[[11315,0],[11317,0],[11572,0],[11060,0],]]
[11317,8,9,[[11318,0],[11316,0],[11573,0],[11572,0],[11061,0],]]
[11318,18,9,[[11317,0],[11319,0],[11574,0],[11062,0],]]
[11319,16,9,[[11320,0],[11318,0],[11575,0],[11574,0],[11063,0],]]
[11320,3,9,[[11319,0],[11321,0],[11576,0],[11064,0],]]
[11321,8,9,[[11322,0],[11320,0],[11577,0],[11576,0],[11065,0],]]
[11322,7,9,[[11321,0],[11323,0],[11578,0],[11066,0],]]
[11323,5,9,[[11324,0],[11322,0],[11579,0],[11578,0],[11067,0],]]
[11324,10,9,[[11323,0],[11325,0],[11580,0],[11068,0],]]
[11325,5,9,[[11326,0],[11324,0],[11581,0],[11580,0],[11069,0],]]
[11326,9,9,[[11325,0],[11327,0],[11582,0],[11070,0],]]
[11327,2,9,[[11328,0],[11326,0],[11583,0],[11582,0],[11071,0],]]
[11328,8,10,[[11327,0],[11329,0],[11584,0],[11072,0],]]
[11329,2,10,[[11330,0],[11328,0],[11585,0],[11584,0],[11073,0],]]
[11330,3,10,[[11329,0],[11331,0],[11586,0],[11074,0],]]
[11331,1,10,[[11332,0],[11330,0],[11587,0],[11586,0],[11075,0],]]
[11332,15,10,[[11331,0],[11333,0],[11588,0],[11076,0],]]
[11333,9,10,[[11334,0],[11332,0],[11589,0],[11588,0],[11077,0],]]
[11334,5,10,[[11333,0],[11335,0],[11590,0],[11078,0],]]
[11335,10,10,[[11336,0],[11334,0],[11591,0],[11590,0],[11079,0],]]
[11336,19,10,[[11335,0],[11337,0],[11592,0],[11080,0],]]
[11337,7,10,[[11338,0],[11336,0],[11593,0],[11592,0],[11081,0],]]
[11338,17,10,[[11337,0],[11339,0],[11594,0],[11082,0],]]
[11339,16,10,[[11340,0],[11338,0],[11595,0],[11594,0],[11083,0],]]
[11340,11,10,[[11339,0],[11341,0],[11596,0],[11084,0],]]
[11341,4,10,[[11342,0],[11340,0],[11597,0],[11596,0],[11085,0],]]
[11342,16,10,[[11341,0],[11343,0],[11598,0],[11086,0],]]
[11343,13,10,[[11344,0],[11342,0],[11599,0],[11598,0],[11087,0],]]
[11344,18,10,[[11343,0],[11345,0],[11600,0],[11088,0],]]
[11345,2,10,[[11346,0],[11344,0],[11601,0],[11600,0],[11089,0],]]
[11346,15,10,[[11345,0],[11347,0],[11602,0],[11090,0],]]
[11347,6,10,[[11348,0],[11346,0],[11603,0],[11602,0],[11091,0],]]
[11348,12,10,[[11347,0],[11349,0],[11604,0],[11092,0],]]
[11349,9,10,[[11350,0],[11348,0],[11605,0],[11604,0],[11093,0],]]
[11350,9,10,[[11349,0],[11351,0],[11606,0],[11094,0],]]
[11351,14,10,[[11352,0],[11350,0],[11607,0],[11606,0],[11095,0],]]
[11352,16,10,[[11351,0],[11353,0],[11608,0],[11096,0],]]
[11353,16,10,[[11354,0],[11352,0],[11609,0],[11608,0],[11097,0],]]
[11354,7,10,[[11353,0],[11355,0],[11610,0],[11098,0],]]
[11355,11,10,[[11356,0],[11354,0],[11611,0],[11610,0],[11099,0],]]
[11356,12,10,[[11355,0],[11357,0],[11612,0],[11100,0],]]
[11357,16,10,[[11358,0],[11356,0],[11613,0],[11612,0],[11101,0],]]
[11358,10,10,[[11357,0],[11359,0],[11614,0],[11102,0],]]
[11359,11,10,[[11360,0],[11358,0],[11615,0],[11614,0],[11103,0],]]
[11360,16,11,[[11359,0],[11361,0],[11616,0],[11104,0],]]
[11361,6,11,[[11362,0],[11360,0],[11617,0],[11616,0],[11105,0],]]
[11362,1,11,[[11361,0],[11363,0],[11618,0],[11106,0],]]
[11363,6,11,[[11364,0],[11362,0],[11619,0],[11618,0],[11107,0],]]
[11364,17,11,[[11363,0],[11365,0],[11620,0],[11108,0],]]
[11365,5,11,[[11366,0],[11364,0],[11621,0],[11620,0],[11109,0],]]
[11366,3,11,[[11365,0],[11367,0],[11622,0],[11110,0],]]
[11367,13,11,[[11368,0],[11366,0],[11623,0],[11622,0],[11111,0],]]
[11368,15,11,[[11367,0],[11369,0],[11624,0],[11112,0],]]
[11369,6,11,[[11370,0],[11368,0],[11625,0],[11624,0],[11113,0],]]
[11370,6,11,[[11369,0],[11371,0],[11626,0],[11114,0],]]
[11371,11,11,[[11372,0],[11370,0],[11627,0],[11626,0],[11115,0],]]
[11372,13,11,[[11371,0],[11373,0],[11628,0],[11116,0],]]
[11373,12,11,[[11374,0],[11372,0],[11629,0],[11628,0],[11117,0],]]
[11374,10,11,[[11373,0],[11375,0],[11630,0],[11118,0],]]
[11375,6,11,[[11376,0],[11374,0],[11631,0],[11630,0],[11119,0],]]
[11376,13,11,[[11375,0],[11377,0],[11632,0],[11120,0],]]
[11377,8,11,[[11378,0],[11376,0],[11633,0],[11632,0],[11121,0],]]
[11378,1,11,[[11377,0],[11379,0],[11634,0],[11122,0],]]
[11379,11,11,[[11380,0],[11378,0],[11635,0],[11634,0],[11123,0],]]
[11380,6,11,[[11379,0],[11381,0],[11636,0],[11124,0],]]
[11381,10,11,[[11382,0],[11380,0],[11637,0],[11636,0],[11125,0],]]
[11382,16,11,[[11381,0],[11383,0],[11638,0],[11126,0],]]
[11383,19,11,[[11384,0],[11382,0],[11639,0],[11638,0],[11127,0],]]
[11384,10,11,[[11383,0],[11385,0],[11640,0],[11128,0],]]
[11385,4,11,[[11386,0],[11384,0],[11641,0],[11640,0],[11129,0],]]
[11386,19,11,[[11385,0],[11387,0],[11642,0],[11130,0],]]
[11387,6,11,[[11388,0],[11386,0],[11643,0],[11642,0],[11131,0],]]
[11388,7,11,[[11387,0],[11389,0],[11644,0],[11132,0],]]
[11389,14,11,[[11390,0],[11388,0],[11645,0],[11644,0],[11133,0],]]
[11390,2,11,[[11389,0],[11391,0],[11646,0],[11134,0],]]
[11391,8,11,[[11392,0],[11390,0],[11647,0],[11646,0],[11135,0],]]
[11392,9,12,[[11391,0],[11393,0],[11648,0],[11136,0],]]
[11393,17,12,[[11394,0],[11392,0],[11649,0],[11648,0],[11137,0],]]
[11394,7,12,[[11393,0],[11395,0],[11650,0],[11138,0],]]
[11395,19,12,[[11396,0],[11394,0],[11651,0],[11650,0],[11139,0],]]
[11396,6,12,[[11395,0],[11397,0],[11652,0],[11140,0],]]
[11397,14,12,[[11398,0],[11396,0],[11653,0],[11652,0],[11141,0],]]
[11398,9,12,[[11397,0],[11399,0],[11654,0],[11142,0],]]
[11399,7,12,[[11400,0],[11398,0],[11655,0],[11654,0],[11143,0],]]
[11400,5,12,[[11399,0],[11401,0],[11656,0],[11144,0],]]
[11401,2,12,[[11402,0],[11400,0],[11657,0],[11656,0],[11145,0],]]
[11402,10,12,[[11401,0],[11403,0],[11658,0],[11146,0],]]
[11403,16,12,[[11404,0],[11402,0],[11659,0],[11658,0],[11147,0],]]
[11404,2,12,[[11403,0],[11405,0],[11660,0],[11148,0],]]
[11405,14,12,[[11406,0],[11404,0],[11661,0],[11660,0],[11149,0],]]
[11406,19,12,[[11405,0],[11407,0],[11662,0],[11150,0],]]
[11407,2,12,[[11408,0],[11406,0],[11663,0],[11662,0],[11151,0],]]
[11408,9,12,[[11407,0],[11409,0],[11664,0],[11152,0],]]
[11409,10,12,[[11410,0],[11408,0],[11665,0],[11664,0],[11153,0],]]
[11410,16,12,[[11409,0],[11411,0],[11666,0],[11154,0],]]
[11411,9,12,[[11412,0],[11410,0],[11667,0],[11666,0],[11155,0],]]
[11412,19,12,[[11411,0],[11413,0],[11668,0],[11156,0],]]
[11413,5,12,[[11414,0],[11412,0],[11669,0],[11668,0],[11157,0],]]
[11414,14,12,[[11413,0],[11415,0],[11670,0],[11158,0],]]
[11415,7,12,[[11416,0],[11414,0],[11671,0],[11670,0],[11159,0],]]
[11416,15,12,[[11415,0],[11417,0],[11672,0],[11160,0],]]
[11417,13,12,[[11418,0],[11416,0],[11673,0],[11672,0],[11161,0],]]
[11418,2,12,[[11417,0],[11419,0],[11674,0],[11162,0],]]
[11419,18,12,[[11420,0],[11418,0],[11675,0],[11674,0],[11163,0],]]
[11420,4,12,[[11419,0],[11421,0],[11676,0],[11164,0],]]
[11421,7,12,[[11422,0],[11420,0],[11677,0],[11676,0],[11165,0],]]
[11422,8,12,[[11421,0],[11423,0],[11678,0],[11166,0],]]
[11423,17,12,[[11424,0],[11422,0],[11679,0],[11678,0],[11167,0],]]
[11424,13,13,[[11423,0],[11425,0],[11680,0],[11168,0],]]
[11425,16,13,[[11426,0],[11424,0],[11681,0],[11680,0],[11169,0],]]
[11426,11,13,[[11425,0],[11427,0],[11682,0],[11170,0],]]
[11427,9,13,[[11428,0],[11426,0],[11683,0],[11682,0],[11171,0],]]
[11428,18,13,[[11427,0],[11429,0],[11684,0],[11172,0],]]
[11429,10,13,[[11430,0],[11428,0],[11685,0],[11684,0],[11173,0],]]
[11430,2,13,[[11429,0],[11431,0],[11686,0],[11174,0],]]
[11431,13,13,[[11432,0],[11430,0],[11687,0],[11686,0],[11175,0],]]
[11432,8,13,[[11431,0],[11433,0],[11688,0],[11176,0],]]
[11433,4,13,[[11434,0],[11432,0],[11689,0],[11688,0],[11177,0],]]
[11434,12,13,[[11433,0],[11435,0],[11690,0],[11178,0],]]
[11435,10,13,[[11436,0],[11434,0],[11691,0],[11690,0],[11179,0],]]
[11436,11,13,[[11435,0],[11437,0],[11692,0],[11180,0],]]
[11437,11,13,[[11438,0],[11436,0],[11693,0],[11692,0],[11181,0],]]
[11438,13,13,[[11437,0],[11439,0],[11694,0],[11182,0],]]
[11439,7,13,[[11440,0],[11438,0],[11695,0],[11694,0],[11183,0],]]
[11440,6,13,[[11439,0],[11441,0],[11696,0],[11184,0],]]
[11441,7,13,[[11442,0],[11440,0],[11697,0],[11696,0],[11185,0],]]
[11442,8,13,[[11441,0],[11443,0],[11698,0],[11186,0],]]
[11443,10,13,[[11444,0],[11442,0],[11699,0],[11698,0],[11187,0],]]
[11444,7,13,[[11443,0],[11445,0],[11700,0],[11188,0],]]
[11445,9,13,[[11446,0],[11444,0],[11701,0],[11700,0],[11189,0],]]
[11446,14,13,[[11445,0],[11447,0],[11702,0],[11190,0],]]
[11447,12,13,[[11448,0],[11446,0],[11703,0],[11702,0],[11191,0],]]
[11448,4,13,[[11447,0],[11449,0],[11704,0],[11192,0],]]
[11449,2,13,[[11450,0],[11448,0],[11705,0],[11704,0],[11193,0],]]
[11450,4,13,[[11449,0],[11451,0],[11706,0],[11194,0],]]
[11451,9,13,[[11452,0],[11450,0],[11707,0],[11706,0],[11195,0],]]
[11452,8,13,[[11451,0],[11453,0],[11708,0],[11196,0],]]
[11453,8,13,[[11454,0],[11452,0],[11709,0],[11708,0],[11197,0],]]
[11454,3,13,[[11453,0],[11455,0],[11710,0],[11198,0],]]
[11455,2,13,[[11456,0],[11454,0],[11711,0],[11710,0],[11199,0],]]
[11456,19,14,[[11455,0],[11457,0],[11712,0],[11200,0],]]
[11457,14,14,[[11458,0],[11456,0],[11713,0],[11712,0],[11201,0],]]
[11458,1,14,[[11457,0],[11459,0],[11714,0],[11202,0],]]
[11459,6,14,[[11460,0],[11458,0],[11715,0],[11714,0],[11203,0],]]
[11460,14,14,[[11459,0],[11461,0],[11716,0],[11204,0],]]
[11461,18,14,[[11462,0],[11460,0],[11717,0],[11716,0],[11205,0],]]
[11462,5,14,[[11461,0],[11463,0],[11718,0],[11206,0],]]
[11463,11,14,[[11464,0],[11462,0],[11719,0],[11718,0],[11207,0],]]
[11464,12,14,[[11463,0],[11465,0],[11720,0],[11208,0],]]
[11465,9,14,[[11466,0],[11464,0],[11721,0],[11720,0],[11209,0],]]
[11466,3,14,[[11465,0],[11467,0],[11722,0],[11210,0],]]
[11467,17,14,[[11468,0],[11466,0],[11723,0],[11722,0],[11211,0],]]
[11468,18,14,[[11467,0],[11469,0],[11724,0],[11212,0],]]
[11469,16,14,[[11470,0],[11468,0],[11725,0],[11724,0],[11213,0],]]
[11470,4,14,[[11469,0],[11471,0],[11726,0],[11214,0],]]
[11471,9,14,[[11472,0],[11470,0],[11727,0],[11726,0],[11215,0],]]
[11472,12,14,[[11471,0],[11473,0],[11728,0],[11216,0],]]
[11473,12,14,[[11474,0],[11472,0],[11729,0],[11728,0],[11217,0],]]
[11474,6,14,[[11473,0],[11475,0],[11730,0],[11218,0],]]
[11475,12,14,[[11476,0],[11474,0],[11731,0],[11730,0],[11219,0],]]
[11476,2,14,[[11475,0],[11477,0],[11732,0],[11220,0],]]
[11477,15,14,[[11478,0],[11476,0],[11733,0],[11732,0],[11221,0],]]
[11478,16,14,[[11477,0],[11479,0],[11734,0],[11222,0],]]
[11479,4,14,[[11480,0],[11478,0],[11735,0],[11734,0],[11223,0],]]
[11480,3,14,[[11479,0],[11481,0],[11736,0],[11224,0],]]
[11481,5,14,[[11482,0],[11480,0],[11737,0],[11736,0],[11225,0],]]
[11482,2,14,[[11481,0],[11483,0],[11738,0],[11226,0],]]
[11483,16,14,[[11484,0],[11482,0],[11739,0],[11738,0],[11227,0],]]
[11484,4,14,[[11483,0],[11485,0],[11740,0],[11228,0],]]
[11485,13,14,[[11486,0],[11484,0],[11741,0],[11740,0],[11229,0],]]
[11486,19,14,[[11485,0],[11487,0],[11742,0],[11230,0],]]
[11487,13,14,[[11488,0],[11486,0],[11743,0],[11742,0],[11231,0],]]
[11488,19,15,[[11487,0],[11489,0],[11744,0],[11232,0],]]
[11489,7,15,[[11490,0],[11488,0],[11745,0],[11744,0],[11233,0],]]
[11490,8,15,[[11489,0],[11491,0],[11746,0],[11234,0],]]
[11491,12,15,[[11492,0],[11490,0],[11747,0],[11746,0],[11235,0],]]
[11492,4,15,[[11491,0],[11493,0],[11748,0],[11236,0],]]
[11493,7,15,[[11494,0],[11492,0],[11749,0],[11748,0],[11237,0],]]
[11494,11,15,[[11493,0],[11495,0],[11750,0],[11238,0],]]
[11495,19,15,[[11496,0],[11494,0],[11751,0],[11750,0],[11239,0],]]
[11496,10,15,[[11495,0],[11497,0],[11752,0],[11240,0],]]
[11497,2,15,[[11498,0],[11496,0],[11753,0],[11752,0],[11241,0],]]
[11498,6,15,[[11497,0],[11499,0],[11754,0],[11242,0],]]
[11499,19,15,[[11500,0],[11498,0],[11755,0],[11754,0],[11243,0],]]
[11500,10,15,[[11499,0],[11501,0],[11756,0],[11244,0],]]
[11501,9,15,[[11502,0],[11500,0],[11757,0],[11756,0],[11245,0],]]
[11502,3,15,[[11501,0],[11503,0],[11758,0],[11246,0],]]
[11503,2,15,[[11504,0],[11502,0],[11759,0],[11758,0],[11247,0],]]
[11504,7,15,[[11503,0],[11505,0],[11760,0],[11248,0],]]
[11505,4,15,[[11506,0],[11504,0],[11761,0],[11760,0],[11249,0],]]
[11506,15,15,[[11505,0],[11507,0],[11762,0],[11250,0],]]
[11507,10,15,[[11508,0],[11506,0],[11763,0],[11762,0],[11251,0],]]
[11508,12,15,[[11507,0],[11509,0],[11764,0],[11252,0],]]
[11509,3,15,[[11510,0],[11508,0],[11765,0],[11764,0],[11253,0],]]
[11510,2,15,[[11509,0],[11511,0],[11766,0],[11254,0],]]
[11511,15,15,[[11512,0],[11510,0],[11767,0],[11766,0],[11255,0],]]
[11512,11,15,[[11511,0],[11513,0],[11768,0],[11256,0],]]
[11513,11,15,[[11514,0],[11512,0],[11769,0],[11768,0],[11257,0],]]
[11514,3,15,[[11513,0],[11515,0],[11770,0],[11258,0],]]
[11515,11,15,[[11516,0],[11514,0],[11771,0],[11770,0],[11259,0],]]
[11516,2,15,[[11515,0],[11517,0],[11772,0],[11260,0],]]
[11517,13,15,[[11518,0],[11516,0],[11773,0],[11772,0],[11261,0],]]
[11518,8,15,[[11517,0],[11519,0],[11774,0],[11262,0],]]
[11519,9,15,[[11518,0],[11775,0],[11774,0],[11263,0],]]
[11520,1,8,[[11521,0],[11264,0],[11265,0],[11776,0],]]
[11521,15,8,[[11522,0],[11520,0],[11265,0],[11777,0],]]
[11522,4,8,[[11521,0],[11523,0],[11266,0],[11267,0],[11778,0],]]
[11523,11,8,[[11524,0],[11522,0],[11267,0],[11779,0],]]
[11524,18,8,[[11523,0],[11525,0],[11268,0],[11269,0],[11780,0],]]
[11525,16,8,[[11526,0],[11524,0],[11269,0],[11781,0],]]
[11526,11,8,[[11525,0],[11527,0],[11270,0],[11271,0],[11782,0],]]
[11527,9,8,[[11528,0],[11526,0],[11271,0],[11783,0],]]
[11528,10,8,[[11527,0],[11529,0],[11272,0],[11273,0],[11784,0],]]
[11529,16,8,[[11530,0],[11528,0],[11273,0],[11785,0],]]
[11530,3,8,[[11529,0],[11531,0],[11274,0],[11275,0],[11786,0],]]
[11531,18,8,[[11532,0],[11530,0],[11275,0],[11787,0],]]
[11532,4,8,[[11531,0],[11533,0],[11276,0],[11277,0],[11788,0],]]
[11533,15,8,[[11534,0],[11532,0],[11277,0],[11789,0],]]
[11534,7,8,[[11533,0],[11535,0],[11278,0],[11279,0],[11790,0],]]
[11535,16,8,[[11536,0],[11534,0],[11279,0],[11791,0],]]
[11536,11,8,[[11535,0],[11537,0],[11280,0],[11281,0],[11792,0],]]
[11537,8,8,[[11538,0],[11536,0],[11281,0],[11793,0],]]
[11538,10,8,[[11537,0],[11539,0],[11282,0],[11283,0],[11794,0],]]
[11539,7,8,[[11540,0],[11538,0],[11283,0],[11795,0],]]
[11540,12,8,[[11539,0],[11541,0],[11284,0],[11285,0],[11796,0],]]
[11541,8,8,[[11542,0],[11540,0],[11285,0],[11797,0],]]
[11542,10,8,[[11541,0],[11543,0],[11286,0],[11287,0],[11798,0],]]
[11543,14,8,[[11544,0],[11542,0],[11287,0],[11799,0],]]
[11544,18,8,[[11543,0],[11545,0],[11288,0],[11289,0],[11800,0],]]
[11545,6,8,[[11546,0],[11544,0],[11289,0],[11801,0],]]
[11546,17,8,[[11545,0],[11547,0],[11290,0],[11291,0],[11802,0],]]
[11547,8,8,[[11548,0],[11546,0],[11291,0],[11803,0],]]
[11548,2,8,[[11547,0],[11549,0],[11292,0],[11293,0],[11804,0],]]
[11549,14,8,[[11550,0],[11548,0],[11293,0],[11805,0],]]
[11550,17,8,[[11549,0],[11551,0],[11294,0],[11295,0],[11806,0],]]
[11551,9,8,[[11552,0],[11550,0],[11295,0],[11807,0],]]
[11552,17,9,[[11551,0],[11553,0],[11296,0],[11297,0],[11808,0],]]
[11553,5,9,[[11554,0],[11552,0],[11297,0],[11809,0],]]
[11554,16,9,[[11553,0],[11555,0],[11298,0],[11299,0],[11810,0],]]
[11555,6,9,[[11556,0],[11554,0],[11299,0],[11811,0],]]
[11556,17,9,[[11555,0],[11557,0],[11300,0],[11301,0],[11812,0],]]
[11557,19,9,[[11558,0],[11556,0],[11301,0],[11813,0],]]
[11558,13,9,[[11557,0],[11559,0],[11302,0],[11303,0],[11814,0],]]
[11559,19,9,[[11560,0],[11558,0],[11303,0],[11815,0],]]
[11560,1,9,[[11559,0],[11561,0],[11304,0],[11305,0],[11816,0],]]
[11561,17,9,[[11562,0],[11560,0],[11305,0],[11817,0],]]
[11562,12,9,[[11561,0],[11563,0],[11306,0],[11307,0],[11818,0],]]
[11563,4,9,[[11564,0],[11562,0],[11307,0],[11819,0],]]
[11564,13,9,[[11563,0],[11565,0],[11308,0],[11309,0],[11820,0],]]
[11565,18,9,[[11566,0],[11564,0],[11309,0],[11821,0],]]
[11566,6,9,[[11565,0],[11567,0],[11310,0],[11311,0],[11822,0],]]
[11567,14,9,[[11568,0],[11566,0],[11311,0],[11823,0],]]
[11568,15,9,[[11567,0],[11569,0],[11312,0],[11313,0],[11824,0],]]
[11569,1,9,[[11570,0],[11568,0],[11313,0],[11825,0],]]
[11570,12,9,[[11569,0],[11571,0],[11314,0],[11315,0],[11826,0],]]
[11571,18,9,[[11572,0],[11570,0],[11315,0],[11827,0],]]
[11572,3,9,[[11571,0],[11573,0],[11316,0],[11317,0],[11828,0],]]
[11573,15,9,[[11574,0],[11572,0],[11317,0],[11829,0],]]
[11574,19,9,[[11573,0],[11575,0],[11318,0],[11319,0],[11830,0],]]
[11575,10,9,[[11576,0],[11574,0],[11319,0],[11831,0],]]
[11576,10,9,[[11575,0],[11577,0],[11320,0],[11321,0],[11832,0],]]
[11577,16,9,[[11578,0],[11576,0],[11321,0],[11833,0],]]
[11578,7,9,[[11577,0],[11579,0],[11322,0],[11323,0],[11834,0],]]
[11579,10,9,[[11580,0],[11578,0],[11323,0],[11835,0],]]
[11580,18,9,[[11579,0],[11581,0],[11324,0],[11325,0],[11836,0],]]
[11581,3,9,[[11582,0],[11580,0],[11325,0],[11837,0],]]
[11582,17,9,[[11581,0],[11583,0],[11326,0],[11327,0],[11838,0],]]
[11583,10,9,[[11584,0],[11582,0],[11327,0],[11839,0],]]
[11584,19,10,[[11583,0],[11585,0],[11328,0],[11329,0],[11840,0],]]
[11585,10,10,[[11586,0],[11584,0],[11329,0],[11841,0],]]
[11586,8,10,[[11585,0],[11587,0],[11330,0],[11331,0],[11842,0],]]
[11587,6,10,[[11588,0],[11586,0],[11331,0],[11843,0],]]
[11588,10,10,[[11587,0],[11589,0],[11332,0],[11333,0],[11844,0],]]
[11589,17,10,[[11590,0],[11588,0],[11333,0],[11845,0],]]
[11590,3,10,[[11589,0],[11591,0],[11334,0],[11335,0],[11846,0],]]
[11591,17,10,[[11592,0],[11590,0],[11335,0],[11847,0],]]
[11592,11,10,[[11591,0],[11593,0],[11336,0],[11337,0],[11848,0],]]
[11593,15,10,[[11594,0],[11592,0],[11337,0],[11849,0],]]
[11594,9,10,[[11593,0],[11595,0],[11338,0],[11339,0],[11850,0],]]
[11595,6,10,[[11596,0],[11594,0],[11339,0],[11851,0],]]
[11596,17,10,[[11595,0],[11597,0],[11340,0],[11341,0],[11852,0],]]
[11597,11,10,[[11598,0],[11596,0],[11341,0],[11853,0],]]
[11598,4,10,[[11597,0],[11599,0],[11342,0],[11343,0],[11854,0],]]
[11599,5,10,[[11600,0],[11598,0],[11343,0],[11855,0],]]
[11600,13,10,[[11599,0],[11601,0],[11344,0],[11345,0],[11856,0],]]
[11601,12,10,[[11602,0],[11600,0],[11345,0],[11857,0],]]
[11602,12,10,[[11601,0],[11603,0],[11346,0],[11347,0],[11858,0],]]
[11603,12,10,[[11604,0],[11602,0],[11347,0],[11859,0],]]
[11604,15,10,[[11603,0],[11605,0],[11348,0],[11349,0],[11860,0],]]
[11605,2,10,[[11606,0],[11604,0],[11349,0],[11861,0],]]
[11606,11,10,[[11605,0],[11607,0],[11350,0],[11351,0],[11862,0],]]
[11607,13,10,[[11608,0],[11606,0],[11351,0],[11863,0],]]
[11608,12,10,[[11607,0],[11609,0],[11352,0],[11353,0],[11864,0],]]
[11609,7,10,[[11610,0],[11608,0],[11353,0],[11865,0],]]
[11610,19,10,[[11609,0],[11611,0],[11354,0],[11355,0],[11866,0],]]
[11611,1,10,[[11612,0],[11610,0],[11355,0],[11867,0],]]
[11612,2,10,[[11611,0],[11613,0],[11356,0],[11357,0],[11868,0],]]
[11613,8,10,[[11614,0],[11612,0],[11357,0],[11869,0],]]
[11614,13,10,[[11613,0],[11615,0],[11358,0],[11359,0],[11870,0],]]
[11615,19,10,[[11616,0],[11614,0],[11359,0],[11871,0],]]
[11616,1,11,[[11615,0],[11617,0],[11360,0],[11361,0],[11872,0],]]
[11617,3,11,[[11618,0],[11616,0],[11361,0],[11873,0],]]
[11618,4,11,[[11617,0],[11619,0],[11362,0],[11363,0],[11874,0],]]
[11619,10,11,[[11620,0],[11618,0],[11363,0],[11875,0],]]
[11620,19,11,[[11619,0],[11621,0],[11364,0],[11365,0],[11876,0],]]
[11621,11,11,[[11622,0],[11620,0],[11365,0],[11877,0],]]
[11622,1,11,[[11621,0],[11623,0],[11366,0],[11367,0],[11878,0],]]
[11623,16,11,[[11624,0],[11622,0],[11367,0],[11879,0],]]
[11624,11,11,[[11623,0],[11625,0],[11368,0],[11369,0],[11880,0],]]
[11625,15,11,[[11626,0],[11624,0],[11369,0],[11881,0],]]
[11626,3,11,[[11625,0],[11627,0],[11370,0],[11371,0],[11882,0],]]
[11627,17,11,[[11628,0],[11626,0],[11371,0],[11883,0],]]
[11628,16,11,[[11627,0],[11629,0],[11372,0],[11373,0],[11884,0],]]
[11629,10,11,[[11630,0],[11628,0],[11373,0],[11885,0],]]
[11630,19,11,[[11629,0],[11631,0],[11374,0],[11375,0],[11886,0],]]
[11631,3,11,[[11632,0],[11630,0],[11375,0],[11887,0],]]
[11632,4,11,[[11631,0],[11633,0],[11376,0],[11377,0],[11888,0],]]
[11633,18,11,[[11634,0],[11632,0],[11377,0],[11889,0],]]
[11634,3,11,[[11633,0],[11635,0],[11378,0],[11379,0],[11890,0],]]
[11635,10,11,[[11636,0],[11634,0],[11379,0],[11891,0],]]
[11636,1,11,[[11635,0],[11637,0],[11380,0],[11381,0],[11892,0],]]
[11637,15,11,[[11638,0],[11636,0],[11381,0],[11893,0],]]
[11638,2,11,[[11637,0],[11639,0],[11382,0],[11383,0],[11894,0],]]
[11639,8,11,[[11640,0],[11638,0],[11383,0],[11895,0],]]
[11640,13,11,[[11639,0],[11641,0],[11384,0],[11385,0],[11896,0],]]
[11641,6,11,[[11642,0],[11640,0],[11385,0],[11897,0],]]
[11642,7,11,[[11641,0],[11643,0],[11386,0],[11387,0],[11898,0],]]
[11643,16,11,[[11644,0],[11642,0],[11387,0],[11899,0],]]
[11644,13,11,[[11643,0],[11645,0],[11388,0],[11389,0],[11900,0],]]
[11645,13,11,[[11646,0],[11644,0],[11389,0],[11901,0],]]
[11646,14,11,[[11645,0],[11647,0],[11390,0],[11391,0],[11902,0],]]
[11647,17,11,[[11648,0],[11646,0],[11391,0],[11903,0],]]
[11648,2,12,[[11647,0],[11649,0],[11392,0],[11393,0],[11904,0],]]
[11649,5,12,[[11650,0],[11648,0],[11393,0],[11905,0],]]
[11650,2,12,[[11649,0],[11651,0],[11394,0],[11395,0],[11906,0],]]
[11651,6,12,[[11652,0],[11650,0],[11395,0],[11907,0],]]
[11652,1,12,[[11651,0],[11653,0],[11396,0],[11397,0],[11908,0],]]
[11653,7,12,[[11654,0],[11652,0],[11397,0],[11909,0],]]
[11654,11,12,[[11653,0],[11655,0],[11398,0],[11399,0],[11910,0],]]
[11655,9,12,[[11656,0],[11654,0],[11399,0],[11911,0],]]
[11656,2,12,[[11655,0],[11657,0],[11400,0],[11401,0],[11912,0],]]
[11657,7,12,[[11658,0],[11656,0],[11401,0],[11913,0],]]
[11658,9,12,[[11657,0],[11659,0],[11402,0],[11403,0],[11914,0],]]
[11659,6,12,[[11660,0],[11658,0],[11403,0],[11915,0],]]
[11660,17,12,[[11659,0],[11661,0],[11404,0],[11405,0],[11916,0],]]
[11661,8,12,[[11662,0],[11660,0],[11405,0],[11917,0],]]
[11662,11,12,[[11661,0],[11663,0],[11406,0],[11407,0],[11918,0],]]
[11663,3,12,[[11664,0],[11662,0],[11407,0],[11919,0],]]
[11664,11,12,[[11663,0],[11665,0],[11408,0],[11409,0],[11920,0],]]
[11665,3,12,[[11666,0],[11664,0],[11409,0],[11921,0],]]
[11666,3,12,[[11665,0],[11667,0],[11410,0],[11411,0],[11922,0],]]
[11667,7,12,[[11668,0],[11666,0],[11411,0],[11923,0],]]
[11668,11,12,[[11667,0],[11669,0],[11412,0],[11413,0],[11924,0],]]
[11669,15,12,[[11670,0],[11668,0],[11413,0],[11925,0],]]
[11670,4,12,[[11669,0],[11671,0],[11414,0],[11415,0],[11926,0],]]
[11671,5,12,[[11672,0],[11670,0],[11415,0],[11927,0],]]
[11672,7,12,[[11671,0],[11673,0],[11416,0],[11417,0],[11928,0],]]
[11673,15,12,[[11674,0],[11672,0],[11417,0],[11929,0],]]
[11674,11,12,[[11673,0],[11675,0],[11418,0],[11419,0],[11930,0],]]
[11675,6,12,[[11676,0],[11674,0],[11419,0],[11931,0],]]
[11676,1,12,[[11675,0],[11677,0],[11420,0],[11421,0],[11932,0],]]
[11677,15,12,[[11678,0],[11676,0],[11421,0],[11933,0],]]
[11678,14,12,[[11677,0],[11679,0],[11422,0],[11423,0],[11934,0],]]
[11679,10,12,[[11680,0],[11678,0],[11423,0],[11935,0],]]
[11680,8,13,[[11679,0],[11681,0],[11424,0],[11425,0],[11936,0],]]
[11681,5,13,[[11682,0],[11680,0],[11425,0],[11937,0],]]
[11682,5,13,[[11681,0],[11683,0],[11426,0],[11427,0],[11938,0],]]
[11683,6,13,[[11684,0],[11682,0],[11427,0],[11939,0],]]
[11684,5,13,[[11683,0],[11685,0],[11428,0],[11429,0],[11940,0],]]
[11685,12,13,[[11686,0],[11684,0],[11429,0],[11941,0],]]
[11686,18,13,[[11685,0],[11687,0],[11430,0],[11431,0],[11942,0],]]
[11687,13,13,[[11688,0],[11686,0],[11431,0],[11943,0],]]
[11688,14,13,[[11687,0],[11689,0],[11432,0],[11433,0],[11944,0],]]
[11689,10,13,[[11690,0],[11688,0],[11433,0],[11945,0],]]
[11690,8,13,[[11689,0],[11691,0],[11434,0],[11435,0],[11946,0],]]
[11691,5,13,[[11692,0],[11690,0],[11435,0],[11947,0],]]
[11692,10,13,[[11691,0],[11693,0],[11436,0],[11437,0],[11948,0],]]
[11693,10,13,[[11694,0],[11692,0],[11437,0],[11949,0],]]
[11694,15,13,[[11693,0],[11695,0],[11438,0],[11439,0],[11950,0],]]
[11695,7,13,[[11696,0],[11694,0],[11439,0],[11951,0],]]
[11696,3,13,[[11695,0],[11697,0],[11440,0],[11441,0],[11952,0],]]
[11697,19,13,[[11698,0],[11696,0],[11441,0],[11953,0],]]
[11698,8,13,[[11697,0],[11699,0],[11442,0],[11443,0],[11954,0],]]
[11699,8,13,[[11700,0],[11698,0],[11443,0],[11955,0],]]
[11700,7,13,[[11699,0],[11701,0],[11444,0],[11445,0],[11956,0],]]
[11701,10,13,[[11702,0],[11700,0],[11445,0],[11957,0],]]
[11702,8,13,[[11701,0],[11703,0],[11446,0],[11447,0],[11958,0],]]
[11703,16,13,[[11704,0],[11702,0],[11447,0],[11959,0],]]
[11704,16,13,[[11703,0],[11705,0],[11448,0],[11449,0],[11960,0],]]
[11705,15,13,[[11706,0],[11704,0],[11449,0],[11961,0],]]
[11706,6,13,[[11705,0],[11707,0],[11450,0],[11451,0],[11962,0],]]
[11707,2,13,[[11708,0],[11706,0],[11451,0],[11963,0],]]
[11708,10,13,[[11707,0],[11709,0],[11452,0],[11453,0],[11964,0],]]
[11709,2,13,[[11710,0],[11708,0],[11453,0],[11965,0],]]
[11710,15,13,[[11709,0],[11711,0],[11454,0],[11455,0],[11966,0],]]
[11711,12,13,[[11712,0],[11710,0],[11455,0],[11967,0],]]
[11712,4,14,[[11711,0],[11713,0],[11456,0],[11457,0],[11968,0],]]
[11713,19,14,[[11714,0],[11712,0],[11457,0],[11969,0],]]
[11714,14,14,[[11713,0],[11715,0],[11458,0],[11459,0],[11970,0],]]
[11715,9,14,[[11716,0],[11714,0],[11459,0],[11971,0],]]
[11716,14,14,[[11715,0],[11717,0],[11460,0],[11461,0],[11972,0],]]
[11717,2,14,[[11718,0],[11716,0],[11461,0],[11973,0],]]
[11718,17,14,[[11717,0],[11719,0],[11462,0],[11463,0],[11974,0],]]
[11719,8,14,[[11720,0],[11718,0],[11463,0],[11975,0],]]
[11720,9,14,[[11719,0],[11721,0],[11464,0],[11465,0],[11976,0],]]
[11721,5,14,[[11722,0],[11720,0],[11465,0],[11977,0],]]
[11722,7,14,[[11721,0],[11723,0],[11466,0],[11467,0],[11978,0],]]
[11723,17,14,[[11724,0],[11722,0],[11467,0],[11979,0],]]
[11724,2,14,[[11723,0],[11725,0],[11468,0],[11469,0],[11980,0],]]
[11725,9,14,[[11726,0],[11724,0],[11469,0],[11981,0],]]
[11726,3,14,[[11725,0],[11727,0],[11470,0],[11471,0],[11982,0],]]
[11727,14,14,[[11728,0],[11726,0],[11471,0],[11983,0],]]
[11728,4,14,[[11727,0],[11729,0],[11472,0],[11473,0],[11984,0],]]
[11729,5,14,[[11730,0],[11728,0],[11473,0],[11985,0],]]
[11730,2,14,[[11729,0],[11731,0],[11474,0],[11475,0],[11986,0],]]
[11731,7,14,[[11732,0],[11730,0],[11475,0],[11987,0],]]
[11732,8,14,[[11731,0],[11733,0],[11476,0],[11477,0],[11988,0],]]
[11733,10,14,[[11734,0],[11732,0],[11477,0],[11989,0],]]
[11734,6,14,[[11733,0],[11735,0],[11478,0],[11479,0],[11990,0],]]
[11735,1,14,[[11736,0],[11734,0],[11479,0],[11991,0],]]
[11736,5,14,[[11735,0],[11737,0],[11480,0],[11481,0],[11992,0],]]
[11737,2,14,[[11738,0],[11736,0],[11481,0],[11993,0],]]
[11738,5,14,[[11737,0],[11739,0],[11482,0],[11483,0],[11994,0],]]
[11739,18,14,[[11740,0],[11738,0],[11483,0],[11995,0],]]
[11740,19,14,[[11739,0],[11741,0],[11484,0],[11485,0],[11996,0],]]
[11741,1,14,[[11742,0],[11740,0],[11485,0],[11997,0],]]
[11742,4,14,[[11741,0],[11743,0],[11486,0],[11487,0],[11998,0],]]
[11743,7,14,[[11744,0],[11742,0],[11487,0],[11999,0],]]
[11744,12,15,[[11743,0],[11745,0],[11488,0],[11489,0],[12000,0],]]
[11745,8,15,[[11746,0],[11744,0],[11489,0],[12001,0],]]
[11746,11,15,[[11745,0],[11747,0],[11490,0],[11491,0],[12002,0],]]
[11747,4,15,[[11748,0],[11746,0],[11491,0],[12003,0],]]
[11748,15,15,[[11747,0],[11749,0],[11492,0],[11493,0],[12004,0],]]
[11749,16,15,[[11750,0],[11748,0],[11493,0],[12005,0],]]
[11750,7,15,[[11749,0],[11751,0],[11494,0],[11495,0],[12006,0],]]
[11751,13,15,[[11752,0],[11750,0],[11495,0],[12007,0],]]
[11752,13,15,[[11751,0],[11753,0],[11496,0],[11497,0],[12008,0],]]
[11753,6,15,[[11754,0],[11752,0],[11497,0],[12009,0],]]
[11754,14,15,[[11753,0],[11755,0],[11498,0],[11499,0],[12010,0],]]
[11755,6,15,[[11756,0],[11754,0],[11499,0],[12011,0],]]
[11756,5,15,[[11755,0],[11757,0],[11500,0],[11501,0],[12012,0],]]
[11757,2,15,[[11758,0],[11756,0],[11501,0],[12013,0],]]
[11758,1,15,[[11757,0],[11759,0],[11502,0],[11503,0],[12014,0],]]
[11759,9,15,[[11760,0],[11758,0],[11503,0],[12015,0],]]
[11760,14,15,[[11759,0],[11761,0],[11504,0],[11505,0],[12016,0],]]
[11761,15,15,[[11762,0],[11760,0],[11505,0],[12017,0],]]
[11762,3,15,[[11761,0],[11763,0],[11506,0],[11507,0],[12018,0],]]
[11763,13,15,[[11764,0],[11762,0],[11507,0],[12019,0],]]
[11764,5,15,[[11763,0],[11765,0],[11508,0],[11509,0],[12020,0],]]
[11765,9,15,[[11766,0],[11764,0],[11509,0],[12021,0],]]
[11766,17,15,[[11765,0],[11767,0],[11510,0],[11511,0],[12022,0],]]
[11767,1,15,[[11768,0],[11766,0],[11511,0],[12023,0],]]
[11768,1,15,[[11767,0],[11769,0],[11512,0],[11513,0],[12024,0],]]
[11769,14,15,[[11770,0],[11768,0],[11513,0],[12025,0],]]
[11770,13,15,[[11769,0],[11771,0],[11514,0],[11515,0],[12026,0],]]
[11771,12,15,[[11772,0],[11770,0],[11515,0],[12027,0],]]
[11772,11,15,[[11771,0],[11773,0],[11516,0],[11517,0],[12028,0],]]
[11773,18,15,[[11774,0],[11772,0],[11517,0],[12029,0],]]
[11774,16,15,[[11773,0],[11775,0],[11518,0],[11519,0],[12030,0],]]
[11775,19,15,[[11774,0],[11519,0],[12031,0],]]
[11776,13,8,[[11777,0],[12032,0],[11520,0],]]
[11777,4,8,[[11778,0],[11776,0],[12033,0],[12032,0],[11521,0],]]
[11778,5,8,[[11777,0],[11779,0],[12034,0],[11522,0],]]
[11779,10,8,[[11780,0],[11778,0],[12035,0],[12034,0],[11523,0],]]
[11780,2,8,[[11779,0],[11781,0],[12036,0],[11524,0],]]
[11781,5,8,[[11782,0],[11780,0],[12037,0],[12036,0],[11525,0],]]
[11782,12,8,[[11781,0],[11783,0],[12038,0],[11526,0],]]
[11783,14,8,[[11784,0],[11782,0],[12039,0],[12038,0],[11527,0],]]
[11784,15,8,[[11783,0],[11785,0],[12040,0],[11528,0],]]
[11785,6,8,[[11786,0],[11784,0],[12041,0],[12040,0],[11529,0],]]
[11786,19,8,[[11785,0],[11787,0],[12042,0],[11530,0],]]
[11787,2,8,[[11788,0],[11786,0],[12043,0],[12042,0],[11531,0],]]
[11788,10,8,[[11787,0],[11789,0],[12044,0],[11532,0],]]
[11789,4,8,[[11790,0],[11788,0],[12045,0],[12044,0],[11533,0],]]
[11790,16,8,[[11789,0],[11791,0],[12046,0],[11534,0],]]
[11791,11,8,[[11792,0],[11790,0],[12047,0],[12046,0],[11535,0],]]
[11792,12,8,[[11791,0],[11793,0],[12048,0],[11536,0],]]
[11793,17,8,[[11794,0],[11792,0],[12049,0],[12048,0],[11537,0],]]
[11794,16,8,[[11793,0],[11795,0],[12050,0],[11538,0],]]
[11795,12,8,[[11796,0],[11794,0],[12051,0],[12050,0],[11539,0],]]
