[16384,19,16,[[16385,0],[16640,0],[16128,0],]]
[16385,6,16,[[16386,0],[16384,0],[16641,0],[16640,0],[16129,0],]]
[16386,14,16,[[16385,0],[16387,0],[16642,0],[16130,0],]]
[16387,14,16,[[16388,0],[16386,0],[16643,0],[16642,0],[16131,0],]]
[16388,17,16,[[16387,0],[16389,0],[16644,0],[16132,0],]]
[16389,12,16,[[16390,0],[16388,0],[16645,0],[16644,0],[16133,0],]]
[16390,10,16,[[16389,0],[16391,0],[16646,0],[16134,0],]]
[16391,17,16,[[16392,0],[16390,0],[16647,0],[16646,0],[16135,0],]]
[16392,11,16,[[16391,0],[16393,0],[16648,0],[16136,0],]]
[16393,12,16,[[16394,0],[16392,0],[16649,0],[16648,0],[16137,0],]]
[16394,1,16,[[16393,0],[16395,0],[16650,0],[16138,0],]]
[16395,8,16,[[16396,0],[16394,0],[16651,0],[16650,0],[16139,0],]]
[16396,5,16,[[16395,0],[16397,0],[16652,0],[16140,0],]]
[16397,18,16,[[16398,0],[16396,0],[16653,0],[16652,0],[16141,0],]]
[16398,17,16,[[16397,0],[16399,0],[16654,0],[16142,0],]]
[16399,18,16,[[16400,0],[16398,0],[16655,0],[16654,0],[16143,0],]]
[16400,7,16,[[16399,0],[16401,0],[16656,0],[16144,0],]]
[16401,6,16,[[16402,0],[16400,0],[16657,0],[16656,0],[16145,0],]]
[16402,3,16,[[16401,0],[16403,0],[16658,0],[16146,0],]]
[16403,17,16,[[16404,0],[16402,0],[16659,0],[16658,0],[16147,0],]]
[16404,7,16,[[16403,0],[16405,0],[16660,0],[16148,0],]]
[16405,2,16,[[16406,0],[16404,0],[16661,0],[16660,0],[16149,0],]]
[16406,16,16,[[16405,0],[16407,0],[16662,0],[16150,0],]]
[16407,14,16,[[16408,0],[16406,0],[16663,0],[16662,0],[16151,0],]]
[16408,13,16,[[16407,0],[16409,0],[16664,0],[16152,0],]]
[16409,2,16,[[16410,0],[16408,0],[16665,0],[16664,0],[16153,0],]]
[16410,12,16,[[16409,0],[16411,0],[16666,0],[16154,0],]]
[16411,16,16,[[16412,0],[16410,0],[16667,0],[16666,0],[16155,0],]]
[16412,18,16,[[16411,0],[16413,0],[16668,0],[16156,0],]]
[16413,6,16,[[16414,0],[16412,0],[16669,0],[16668,0],[16157,0],]]
[16414,12,16,[[16413,0],[16415,0],[16670,0],[16158,0],]]
[16415,7,16,[[16416,0],[16414,0],[16671,0],[16670,0],[16159,0],]]
[16416,13,17,[[16415,0],[16417,0],[16672,0],[16160,0],]]
[16417,18,17,[[16418,0],[16416,0],[16673,0],[16672,0],[16161,0],]]
[16418,10,17,[[16417,0],[16419,0],[16674,0],[16162,0],]]
[16419,3,17,[[16420,0],[16418,0],[16675,0],[16674,0],[16163,0],]]
[16420,3,17,[[16419,0],[16421,0],[16676,0],[16164,0],]]
[16421,12,17,[[16422,0],[16420,0],[16677,0],[16676,0],[16165,0],]]
[16422,11,17,[[16421,0],[16423,0],[16678,0],[16166,0],]]
[16423,4,17,[[16424,0],[16422,0],[16679,0],[16678,0],[16167,0],]]
[16424,18,17,[[16423,0],[16425,0],[16680,0],[16168,0],]]
[16425,16,17,[[16426,0],[16424,0],[16681,0],[16680,0],[16169,0],]]
[16426,14,17,[[16425,0],[16427,0],[16682,0],[16170,0],]]
[16427,2,17,[[16428,0],[16426,0],[16683,0],[16682,0],[16171,0],]]
[16428,15,17,[[16427,0],[16429,0],[16684,0],[16172,0],]]
[16429,4,17,[[16430,0],[16428,0],[16685,0],[16684,0],[16173,0],]]
[16430,18,17,[[16429,0],[16431,0],[16686,0],[16174,0],]]
[16431,11,17,[[16432,0],[16430,0],[16687,0],[16686,0],[16175,0],]]
[16432,18,17,[[16431,0],[16433,0],[16688,0],[16176,0],]]
[16433,13,17,[[16434,0],[16432,0],[16689,0],[16688,0],[16177,0],]]
[16434,5,17,[[16433,0],[16435,0],[16690,0],[16178,0],]]
[16435,9,17,[[16436,0],[16434,0],[16691,0],[16690,0],[16179,0],]]
[16436,2,17,[[16435,0],[16437,0],[16692,0],[16180,0],]]
[16437,18,17,[[16438,0],[16436,0],[16693,0],[16692,0],[16181,0],]]
[16438,13,17,[[16437,0],[16439,0],[16694,0],[16182,0],]]
[16439,5,17,[[16440,0],[16438,0],[16695,0],[16694,0],[16183,0],]]
[16440,13,17,[[16439,0],[16441,0],[16696,0],[16184,0],]]
[16441,12,17,[[16442,0],[16440,0],[16697,0],[16696,0],[16185,0],]]
[16442,10,17,[[16441,0],[16443,0],[16698,0],[16186,0],]]
[16443,8,17,[[16444,0],[16442,0],[16699,0],[16698,0],[16187,0],]]
[16444,1,17,[[16443,0],[16445,0],[16700,0],[16188,0],]]
[16445,5,17,[[16446,0],[16444,0],[16701,0],[16700,0],[16189,0],]]
[16446,3,17,[[16445,0],[16447,0],[16702,0],[16190,0],]]
[16447,3,17,[[16448,0],[16446,0],[16703,0],[16702,0],[16191,0],]]
[16448,5,18,[[16447,0],[16449,0],[16704,0],[16192,0],]]
[16449,2,18,[[16450,0],[16448,0],[16705,0],[16704,0],[16193,0],]]
[16450,14,18,[[16449,0],[16451,0],[16706,0],[16194,0],]]
[16451,16,18,[[16452,0],[16450,0],[16707,0],[16706,0],[16195,0],]]
[16452,3,18,[[16451,0],[16453,0],[16708,0],[16196,0],]]
[16453,12,18,[[16454,0],[16452,0],[16709,0],[16708,0],[16197,0],]]
[16454,3,18,[[16453,0],[16455,0],[16710,0],[16198,0],]]
[16455,14,18,[[16456,0],[16454,0],[16711,0],[16710,0],[16199,0],]]
[16456,3,18,[[16455,0],[16457,0],[16712,0],[16200,0],]]
[16457,12,18,[[16458,0],[16456,0],[16713,0],[16712,0],[16201,0],]]
[16458,5,18,[[16457,0],[16459,0],[16714,0],[16202,0],]]
[16459,8,18,[[16460,0],[16458,0],[16715,0],[16714,0],[16203,0],]]
[16460,3,18,[[16459,0],[16461,0],[16716,0],[16204,0],]]
[16461,3,18,[[16462,0],[16460,0],[16717,0],[16716,0],[16205,0],]]
[16462,1,18,[[16461,0],[16463,0],[16718,0],[16206,0],]]
[16463,13,18,[[16464,0],[16462,0],[16719,0],[16718,0],[16207,0],]]
[16464,17,18,[[16463,0],[16465,0],[16720,0],[16208,0],]]
[16465,10,18,[[16466,0],[16464,0],[16721,0],[16720,0],[16209,0],]]
[16466,15,18,[[16465,0],[16467,0],[16722,0],[16210,0],]]
[16467,1,18,[[16468,0],[16466,0],[16723,0],[16722,0],[16211,0],]]
[16468,16,18,[[16467,0],[16469,0],[16724,0],[16212,0],]]
[16469,11,18,[[16470,0],[16468,0],[16725,0],[16724,0],[16213,0],]]
[16470,15,18,[[16469,0],[16471,0],[16726,0],[16214,0],]]
[16471,16,18,[[16472,0],[16470,0],[16727,0],[16726,0],[16215,0],]]
[16472,9,18,[[16471,0],[16473,0],[16728,0],[16216,0],]]
[16473,15,18,[[16474,0],[16472,0],[16729,0],[16728,0],[16217,0],]]
[16474,12,18,[[16473,0],[16475,0],[16730,0],[16218,0],]]
[16475,1,18,[[16476,0],[16474,0],[16731,0],[16730,0],[16219,0],]]
[16476,19,18,[[16475,0],[16477,0],[16732,0],[16220,0],]]
[16477,6,18,[[16478,0],[16476,0],[16733,0],[16732,0],[16221,0],]]
[16478,14,18,[[16477,0],[16479,0],[16734,0],[16222,0],]]
[16479,6,18,[[16480,0],[16478,0],[16735,0],[16734,0],[16223,0],]]
[16480,7,19,[[16479,0],[16481,0],[16736,0],[16224,0],]]
[16481,6,19,[[16482,0],[16480,0],[16737,0],[16736,0],[16225,0],]]
[16482,9,19,[[16481,0],[16483,0],[16738,0],[16226,0],]]
[16483,11,19,[[16484,0],[16482,0],[16739,0],[16738,0],[16227,0],]]
[16484,5,19,[[16483,0],[16485,0],[16740,0],[16228,0],]]
[16485,5,19,[[16486,0],[16484,0],[16741,0],[16740,0],[16229,0],]]
[16486,13,19,[[16485,0],[16487,0],[16742,0],[16230,0],]]
[16487,16,19,[[16488,0],[16486,0],[16743,0],[16742,0],[16231,0],]]
[16488,7,19,[[16487,0],[16489,0],[16744,0],[16232,0],]]
[16489,18,19,[[16490,0],[16488,0],[16745,0],[16744,0],[16233,0],]]
[16490,18,19,[[16489,0],[16491,0],[16746,0],[16234,0],]]
[16491,18,19,[[16492,0],[16490,0],[16747,0],[16746,0],[16235,0],]]
[16492,7,19,[[16491,0],[16493,0],[16748,0],[16236,0],]]
[16493,8,19,[[16494,0],[16492,0],[16749,0],[16748,0],[16237,0],]]
[16494,1,19,[[16493,0],[16495,0],[16750,0],[16238,0],]]
[16495,14,19,[[16496,0],[16494,0],[16751,0],[16750,0],[16239,0],]]
[16496,1,19,[[16495,0],[16497,0],[16752,0],[16240,0],]]
[16497,7,19,[[16498,0],[16496,0],[16753,0],[16752,0],[16241,0],]]
[16498,16,19,[[16497,0],[16499,0],[16754,0],[16242,0],]]
[16499,16,19,[[16500,0],[16498,0],[16755,0],[16754,0],[16243,0],]]
[16500,10,19,[[16499,0],[16501,0],[16756,0],[16244,0],]]
[16501,5,19,[[16502,0],[16500,0],[16757,0],[16756,0],[16245,0],]]
[16502,11,19,[[16501,0],[16503,0],[16758,0],[16246,0],]]
[16503,10,19,[[16504,0],[16502,0],[16759,0],[16758,0],[16247,0],]]
[16504,14,19,[[16503,0],[16505,0],[16760,0],[16248,0],]]
[16505,5,19,[[16506,0],[16504,0],[16761,0],[16760,0],[16249,0],]]
[16506,8,19,[[16505,0],[16507,0],[16762,0],[16250,0],]]
[16507,14,19,[[16508,0],[16506,0],[16763,0],[16762,0],[16251,0],]]
[16508,18,19,[[16507,0],[16509,0],[16764,0],[16252,0],]]
[16509,18,19,[[16510,0],[16508,0],[16765,0],[16764,0],[16253,0],]]
[16510,16,19,[[16509,0],[16511,0],[16766,0],[16254,0],]]
[16511,5,19,[[16512,0],[16510,0],[16767,0],[16766,0],[16255,0],]]
[16512,7,20,[[16511,0],[16513,0],[16768,0],[16256,0],]]
[16513,19,20,[[16514,0],[16512,0],[16769,0],[16768,0],[16257,0],]]
[16514,7,20,[[16513,0],[16515,0],[16770,0],[16258,0],]]
[16515,17,20,[[16516,0],[16514,0],[16771,0],[16770,0],[16259,0],]]
[16516,13,20,[[16515,0],[16517,0],[16772,0],[16260,0],]]
[16517,19,20,[[16518,0],[16516,0],[16773,0],[16772,0],[16261,0],]]
[16518,2,20,[[16517,0],[16519,0],[16774,0],[16262,0],]]
[16519,18,20,[[16520,0],[16518,0],[16775,0],[16774,0],[16263,0],]]
[16520,1,20,[[16519,0],[16521,0],[16776,0],[16264,0],]]
[16521,8,20,[[16522,0],[16520,0],[16777,0],[16776,0],[16265,0],]]
[16522,12,20,[[16521,0],[16523,0],[16778,0],[16266,0],]]
[16523,14,20,[[16524,0],[16522,0],[16779,0],[16778,0],[16267,0],]]
[16524,1,20,[[16523,0],[16525,0],[16780,0],[16268,0],]]
[16525,6,20,[[16526,0],[16524,0],[16781,0],[16780,0],[16269,0],]]
[16526,8,20,[[16525,0],[16527,0],[16782,0],[16270,0],]]
[16527,19,20,[[16528,0],[16526,0],[16783,0],[16782,0],[16271,0],]]
[16528,7,20,[[16527,0],[16529,0],[16784,0],[16272,0],]]
[16529,2,20,[[16530,0],[16528,0],[16785,0],[16784,0],[16273,0],]]
[16530,12,20,[[16529,0],[16531,0],[16786,0],[16274,0],]]
[16531,14,20,[[16532,0],[16530,0],[16787,0],[16786,0],[16275,0],]]
[16532,1,20,[[16531,0],[16533,0],[16788,0],[16276,0],]]
[16533,6,20,[[16534,0],[16532,0],[16789,0],[16788,0],[16277,0],]]
[16534,16,20,[[16533,0],[16535,0],[16790,0],[16278,0],]]
[16535,18,20,[[16536,0],[16534,0],[16791,0],[16790,0],[16279,0],]]
[16536,2,20,[[16535,0],[16537,0],[16792,0],[16280,0],]]
[16537,13,20,[[16538,0],[16536,0],[16793,0],[16792,0],[16281,0],]]
[16538,10,20,[[16537,0],[16539,0],[16794,0],[16282,0],]]
[16539,8,20,[[16540,0],[16538,0],[16795,0],[16794,0],[16283,0],]]
[16540,3,20,[[16539,0],[16541,0],[16796,0],[16284,0],]]
[16541,19,20,[[16542,0],[16540,0],[16797,0],[16796,0],[16285,0],]]
[16542,6,20,[[16541,0],[16543,0],[16798,0],[16286,0],]]
[16543,4,20,[[16544,0],[16542,0],[16799,0],[16798,0],[16287,0],]]
[16544,17,21,[[16543,0],[16545,0],[16800,0],[16288,0],]]
[16545,16,21,[[16546,0],[16544,0],[16801,0],[16800,0],[16289,0],]]
[16546,11,21,[[16545,0],[16547,0],[16802,0],[16290,0],]]
[16547,11,21,[[16548,0],[16546,0],[16803,0],[16802,0],[16291,0],]]
[16548,1,21,[[16547,0],[16549,0],[16804,0],[16292,0],]]
[16549,10,21,[[16550,0],[16548,0],[16805,0],[16804,0],[16293,0],]]
[16550,3,21,[[16549,0],[16551,0],[16806,0],[16294,0],]]
[16551,14,21,[[16552,0],[16550,0],[16807,0],[16806,0],[16295,0],]]
[16552,7,21,[[16551,0],[16553,0],[16808,0],[16296,0],]]
[16553,2,21,[[16554,0],[16552,0],[16809,0],[16808,0],[16297,0],]]
[16554,7,21,[[16553,0],[16555,0],[16810,0],[16298,0],]]
[16555,14,21,[[16556,0],[16554,0],[16811,0],[16810,0],[16299,0],]]
[16556,13,21,[[16555,0],[16557,0],[16812,0],[16300,0],]]
[16557,12,21,[[16558,0],[16556,0],[16813,0],[16812,0],[16301,0],]]
[16558,12,21,[[16557,0],[16559,0],[16814,0],[16302,0],]]
[16559,4,21,[[16560,0],[16558,0],[16815,0],[16814,0],[16303,0],]]
[16560,3,21,[[16559,0],[16561,0],[16816,0],[16304,0],]]
[16561,1,21,[[16562,0],[16560,0],[16817,0],[16816,0],[16305,0],]]
[16562,9,21,[[16561,0],[16563,0],[16818,0],[16306,0],]]
[16563,5,21,[[16564,0],[16562,0],[16819,0],[16818,0],[16307,0],]]
[16564,18,21,[[16563,0],[16565,0],[16820,0],[16308,0],]]
[16565,13,21,[[16566,0],[16564,0],[16821,0],[16820,0],[16309,0],]]
[16566,15,21,[[16565,0],[16567,0],[16822,0],[16310,0],]]
[16567,10,21,[[16568,0],[16566,0],[16823,0],[16822,0],[16311,0],]]
[16568,9,21,[[16567,0],[16569,0],[16824,0],[16312,0],]]
[16569,4,21,[[16570,0],[16568,0],[16825,0],[16824,0],[16313,0],]]
[16570,4,21,[[16569,0],[16571,0],[16826,0],[16314,0],]]
[16571,19,21,[[16572,0],[16570,0],[16827,0],[16826,0],[16315,0],]]
[16572,8,21,[[16571,0],[16573,0],[16828,0],[16316,0],]]
[16573,10,21,[[16574,0],[16572,0],[16829,0],[16828,0],[16317,0],]]
[16574,6,21,[[16573,0],[16575,0],[16830,0],[16318,0],]]
[16575,9,21,[[16576,0],[16574,0],[16831,0],[16830,0],[16319,0],]]
[16576,17,22,[[16575,0],[16577,0],[16832,0],[16320,0],]]
[16577,10,22,[[16578,0],[16576,0],[16833,0],[16832,0],[16321,0],]]
[16578,11,22,[[16577,0],[16579,0],[16834,0],[16322,0],]]
[16579,5,22,[[16580,0],[16578,0],[16835,0],[16834,0],[16323,0],]]
[16580,17,22,[[16579,0],[16581,0],[16836,0],[16324,0],]]
[16581,19,22,[[16582,0],[16580,0],[16837,0],[16836,0],[16325,0],]]
[16582,19,22,[[16581,0],[16583,0],[16838,0],[16326,0],]]
[16583,19,22,[[16584,0],[16582,0],[16839,0],[16838,0],[16327,0],]]
[16584,6,22,[[16583,0],[16585,0],[16840,0],[16328,0],]]
[16585,5,22,[[16586,0],[16584,0],[16841,0],[16840,0],[16329,0],]]
[16586,1,22,[[16585,0],[16587,0],[16842,0],[16330,0],]]
[16587,9,22,[[16588,0],[16586,0],[16843,0],[16842,0],[16331,0],]]
[16588,14,22,[[16587,0],[16589,0],[16844,0],[16332,0],]]
[16589,6,22,[[16590,0],[16588,0],[16845,0],[16844,0],[16333,0],]]
[16590,11,22,[[16589,0],[16591,0],[16846,0],[16334,0],]]
[16591,13,22,[[16592,0],[16590,0],[16847,0],[16846,0],[16335,0],]]
[16592,5,22,[[16591,0],[16593,0],[16848,0],[16336,0],]]
[16593,5,22,[[16594,0],[16592,0],[16849,0],[16848,0],[16337,0],]]
[16594,7,22,[[16593,0],[16595,0],[16850,0],[16338,0],]]
[16595,5,22,[[16596,0],[16594,0],[16851,0],[16850,0],[16339,0],]]
[16596,3,22,[[16595,0],[16597,0],[16852,0],[16340,0],]]
[16597,8,22,[[16598,0],[16596,0],[16853,0],[16852,0],[16341,0],]]
[16598,4,22,[[16597,0],[16599,0],[16854,0],[16342,0],]]
[16599,15,22,[[16600,0],[16598,0],[16855,0],[16854,0],[16343,0],]]
[16600,17,22,[[16599,0],[16601,0],[16856,0],[16344,0],]]
[16601,8,22,[[16602,0],[16600,0],[16857,0],[16856,0],[16345,0],]]
[16602,6,22,[[16601,0],[16603,0],[16858,0],[16346,0],]]
[16603,1,22,[[16604,0],[16602,0],[16859,0],[16858,0],[16347,0],]]
[16604,2,22,[[16603,0],[16605,0],[16860,0],[16348,0],]]
[16605,19,22,[[16606,0],[16604,0],[16861,0],[16860,0],[16349,0],]]
[16606,12,22,[[16605,0],[16607,0],[16862,0],[16350,0],]]
[16607,9,22,[[16608,0],[16606,0],[16863,0],[16862,0],[16351,0],]]
[16608,7,23,[[16607,0],[16609,0],[16864,0],[16352,0],]]
[16609,13,23,[[16610,0],[16608,0],[16865,0],[16864,0],[16353,0],]]
[16610,9,23,[[16609,0],[16611,0],[16866,0],[16354,0],]]
[16611,14,23,[[16612,0],[16610,0],[16867,0],[16866,0],[16355,0],]]
[16612,9,23,[[16611,0],[16613,0],[16868,0],[16356,0],]]
[16613,12,23,[[16614,0],[16612,0],[16869,0],[16868,0],[16357,0],]]
[16614,19,23,[[16613,0],[16615,0],[16870,0],[16358,0],]]
[16615,6,23,[[16616,0],[16614,0],[16871,0],[16870,0],[16359,0],]]
[16616,14,23,[[16615,0],[16617,0],[16872,0],[16360,0],]]
[16617,6,23,[[16618,0],[16616,0],[16873,0],[16872,0],[16361,0],]]
[16618,6,23,[[16617,0],[16619,0],[16874,0],[16362,0],]]
[16619,18,23,[[16620,0],[16618,0],[16875,0],[16874,0],[16363,0],]]
[16620,9,23,[[16619,0],[16621,0],[16876,0],[16364,0],]]
[16621,6,23,[[16622,0],[16620,0],[16877,0],[16876,0],[16365,0],]]
[16622,12,23,[[16621,0],[16623,0],[16878,0],[16366,0],]]
[16623,9,23,[[16624,0],[16622,0],[16879,0],[16878,0],[16367,0],]]
[16624,10,23,[[16623,0],[16625,0],[16880,0],[16368,0],]]
[16625,1,23,[[16626,0],[16624,0],[16881,0],[16880,0],[16369,0],]]
[16626,14,23,[[16625,0],[16627,0],[16882,0],[16370,0],]]
[16627,10,23,[[16628,0],[16626,0],[16883,0],[16882,0],[16371,0],]]
[16628,15,23,[[16627,0],[16629,0],[16884,0],[16372,0],]]
[16629,19,23,[[16630,0],[16628,0],[16885,0],[16884,0],[16373,0],]]
[16630,8,23,[[16629,0],[16631,0],[16886,0],[16374,0],]]
[16631,16,23,[[16632,0],[16630,0],[16887,0],[16886,0],[16375,0],]]
[16632,9,23,[[16631,0],[16633,0],[16888,0],[16376,0],]]
[16633,16,23,[[16634,0],[16632,0],[16889,0],[16888,0],[16377,0],]]
[16634,6,23,[[16633,0],[16635,0],[16890,0],[16378,0],]]
[16635,6,23,[[16636,0],[16634,0],[16891,0],[16890,0],[16379,0],]]
[16636,18,23,[[16635,0],[16637,0],[16892,0],[16380,0],]]
[16637,12,23,[[16638,0],[16636,0],[16893,0],[16892,0],[16381,0],]]
[16638,17,23,[[16637,0],[16639,0],[16894,0],[16382,0],]]
[16639,3,23,[[16638,0],[16895,0],[16894,0],[16383,0],]]
[16640,13,16,[[16641,0],[16384,0],[16385,0],[16896,0],]]
[16641,6,16,[[16642,0],[16640,0],[16385,0],[16897,0],]]
[16642,8,16,[[16641,0],[16643,0],[16386,0],[16387,0],[16898,0],]]
[16643,18,16,[[16644,0],[16642,0],[16387,0],[16899,0],]]
[16644,2,16,[[16643,0],[16645,0],[16388,0],[16389,0],[16900,0],]]
[16645,12,16,[[16646,0],[16644,0],[16389,0],[16901,0],]]
[16646,12,16,[[16645,0],[16647,0],[16390,0],[16391,0],[16902,0],]]
[16647,8,16,[[16648,0],[16646,0],[16391,0],[16903,0],]]
[16648,6,16,[[16647,0],[16649,0],[16392,0],[16393,0],[16904,0],]]
[16649,10,16,[[16650,0],[16648,0],[16393,0],[16905,0],]]
[16650,17,16,[[16649,0],[16651,0],[16394,0],[16395,0],[16906,0],]]
[16651,16,16,[[16652,0],[16650,0],[16395,0],[16907,0],]]
[16652,14,16,[[16651,0],[16653,0],[16396,0],[16397,0],[16908,0],]]
[16653,17,16,[[16654,0],[16652,0],[16397,0],[16909,0],]]
[16654,11,16,[[16653,0],[16655,0],[16398,0],[16399,0],[16910,0],]]
[16655,11,16,[[16656,0],[16654,0],[16399,0],[16911,0],]]
[16656,15,16,[[16655,0],[16657,0],[16400,0],[16401,0],[16912,0],]]
[16657,2,16,[[16658,0],[16656,0],[16401,0],[16913,0],]]
[16658,5,16,[[16657,0],[16659,0],[16402,0],[16403,0],[16914,0],]]
[16659,10,16,[[16660,0],[16658,0],[16403,0],[16915,0],]]
[16660,3,16,[[16659,0],[16661,0],[16404,0],[16405,0],[16916,0],]]
[16661,2,16,[[16662,0],[16660,0],[16405,0],[16917,0],]]
[16662,5,16,[[16661,0],[16663,0],[16406,0],[16407,0],[16918,0],]]
[16663,7,16,[[16664,0],[16662,0],[16407,0],[16919,0],]]
[16664,4,16,[[16663,0],[16665,0],[16408,0],[16409,0],[16920,0],]]
[16665,18,16,[[16666,0],[16664,0],[16409,0],[16921,0],]]
[16666,15,16,[[16665,0],[16667,0],[16410,0],[16411,0],[16922,0],]]
[16667,13,16,[[16668,0],[16666,0],[16411,0],[16923,0],]]
[16668,6,16,[[16667,0],[16669,0],[16412,0],[16413,0],[16924,0],]]
[16669,5,16,[[16670,0],[16668,0],[16413,0],[16925,0],]]
[16670,8,16,[[16669,0],[16671,0],[16414,0],[16415,0],[16926,0],]]
[16671,1,16,[[16672,0],[16670,0],[16415,0],[16927,0],]]
[16672,13,17,[[16671,0],[16673,0],[16416,0],[16417,0],[16928,0],]]
[16673,2,17,[[16674,0],[16672,0],[16417,0],[16929,0],]]
[16674,8,17,[[16673,0],[16675,0],[16418,0],[16419,0],[16930,0],]]
[16675,3,17,[[16676,0],[16674,0],[16419,0],[16931,0],]]
[16676,15,17,[[16675,0],[16677,0],[16420,0],[16421,0],[16932,0],]]
[16677,12,17,[[16678,0],[16676,0],[16421,0],[16933,0],]]
[16678,13,17,[[16677,0],[16679,0],[16422,0],[16423,0],[16934,0],]]
[16679,19,17,[[16680,0],[16678,0],[16423,0],[16935,0],]]
[16680,7,17,[[16679,0],[16681,0],[16424,0],[16425,0],[16936,0],]]
[16681,16,17,[[16682,0],[16680,0],[16425,0],[16937,0],]]
[16682,16,17,[[16681,0],[16683,0],[16426,0],[16427,0],[16938,0],]]
[16683,15,17,[[16684,0],[16682,0],[16427,0],[16939,0],]]
[16684,3,17,[[16683,0],[16685,0],[16428,0],[16429,0],[16940,0],]]
[16685,14,17,[[16686,0],[16684,0],[16429,0],[16941,0],]]
[16686,16,17,[[16685,0],[16687,0],[16430,0],[16431,0],[16942,0],]]
[16687,15,17,[[16688,0],[16686,0],[16431,0],[16943,0],]]
[16688,1,17,[[16687,0],[16689,0],[16432,0],[16433,0],[16944,0],]]
[16689,4,17,[[16690,0],[16688,0],[16433,0],[16945,0],]]
[16690,19,17,[[16689,0],[16691,0],[16434,0],[16435,0],[16946,0],]]
[16691,3,17,[[16692,0],[16690,0],[16435,0],[16947,0],]]
[16692,19,17,[[16691,0],[16693,0],[16436,0],[16437,0],[16948,0],]]
[16693,6,17,[[16694,0],[16692,0],[16437,0],[16949,0],]]
[16694,18,17,[[16693,0],[16695,0],[16438,0],[16439,0],[16950,0],]]
[16695,18,17,[[16696,0],[16694,0],[16439,0],[16951,0],]]
[16696,5,17,[[16695,0],[16697,0],[16440,0],[16441,0],[16952,0],]]
[16697,5,17,[[16698,0],[16696,0],[16441,0],[16953,0],]]
[16698,6,17,[[16697,0],[16699,0],[16442,0],[16443,0],[16954,0],]]
[16699,2,17,[[16700,0],[16698,0],[16443,0],[16955,0],]]
[16700,1,17,[[16699,0],[16701,0],[16444,0],[16445,0],[16956,0],]]
[16701,17,17,[[16702,0],[16700,0],[16445,0],[16957,0],]]
[16702,6,17,[[16701,0],[16703,0],[16446,0],[16447,0],[16958,0],]]
[16703,5,17,[[16704,0],[16702,0],[16447,0],[16959,0],]]
[16704,17,18,[[16703,0],[16705,0],[16448,0],[16449,0],[16960,0],]]
[16705,16,18,[[16706,0],[16704,0],[16449,0],[16961,0],]]
[16706,1,18,[[16705,0],[16707,0],[16450,0],[16451,0],[16962,0],]]
[16707,3,18,[[16708,0],[16706,0],[16451,0],[16963,0],]]
[16708,19,18,[[16707,0],[16709,0],[16452,0],[16453,0],[16964,0],]]
[16709,12,18,[[16710,0],[16708,0],[16453,0],[16965,0],]]
[16710,10,18,[[16709,0],[16711,0],[16454,0],[16455,0],[16966,0],]]
[16711,19,18,[[16712,0],[16710,0],[16455,0],[16967,0],]]
[16712,8,18,[[16711,0],[16713,0],[16456,0],[16457,0],[16968,0],]]
[16713,3,18,[[16714,0],[16712,0],[16457,0],[16969,0],]]
[16714,12,18,[[16713,0],[16715,0],[16458,0],[16459,0],[16970,0],]]
[16715,5,18,[[16716,0],[16714,0],[16459,0],[16971,0],]]
[16716,4,18,[[16715,0],[16717,0],[16460,0],[16461,0],[16972,0],]]
[16717,9,18,[[16718,0],[16716,0],[16461,0],[16973,0],]]
[16718,14,18,[[16717,0],[16719,0],[16462,0],[16463,0],[16974,0],]]
[16719,3,18,[[16720,0],[16718,0],[16463,0],[16975,0],]]
[16720,12,18,[[16719,0],[16721,0],[16464,0],[16465,0],[16976,0],]]
[16721,15,18,[[16722,0],[16720,0],[16465,0],[16977,0],]]
[16722,14,18,[[16721,0],[16723,0],[16466,0],[16467,0],[16978,0],]]
[16723,11,18,[[16724,0],[16722,0],[16467,0],[16979,0],]]
[16724,13,18,[[16723,0],[16725,0],[16468,0],[16469,0],[16980,0],]]
[16725,10,18,[[16726,0],[16724,0],[16469,0],[16981,0],]]
[16726,18,18,[[16725,0],[16727,0],[16470,0],[16471,0],[16982,0],]]
[16727,13,18,[[16728,0],[16726,0],[16471,0],[16983,0],]]
[16728,9,18,[[16727,0],[16729,0],[16472,0],[16473,0],[16984,0],]]
[16729,16,18,[[16730,0],[16728,0],[16473,0],[16985,0],]]
[16730,10,18,[[16729,0],[16731,0],[16474,0],[16475,0],[16986,0],]]
[16731,17,18,[[16732,0],[16730,0],[16475,0],[16987,0],]]
[16732,17,18,[[16731,0],[16733,0],[16476,0],[16477,0],[16988,0],]]
[16733,9,18,[[16734,0],[16732,0],[16477,0],[16989,0],]]
[16734,10,18,[[16733,0],[16735,0],[16478,0],[16479,0],[16990,0],]]
[16735,6,18,[[16736,0],[16734,0],[16479,0],[16991,0],]]
[16736,2,19,[[16735,0],[16737,0],[16480,0],[16481,0],[16992,0],]]
[16737,11,19,[[16738,0],[16736,0],[16481,0],[16993,0],]]
[16738,3,19,[[16737,0],[16739,0],[16482,0],[16483,0],[16994,0],]]
[16739,19,19,[[16740,0],[16738,0],[16483,0],[16995,0],]]
[16740,10,19,[[16739,0],[16741,0],[16484,0],[16485,0],[16996,0],]]
[16741,17,19,[[16742,0],[16740,0],[16485,0],[16997,0],]]
[16742,16,19,[[16741,0],[16743,0],[16486,0],[16487,0],[16998,0],]]
[16743,9,19,[[16744,0],[16742,0],[16487,0],[16999,0],]]
[16744,1,19,[[16743,0],[16745,0],[16488,0],[16489,0],[17000,0],]]
[16745,15,19,[[16746,0],[16744,0],[16489,0],[17001,0],]]
[16746,3,19,[[16745,0],[16747,0],[16490,0],[16491,0],[17002,0],]]
[16747,7,19,[[16748,0],[16746,0],[16491,0],[17003,0],]]
[16748,18,19,[[16747,0],[16749,0],[16492,0],[16493,0],[17004,0],]]
[16749,2,19,[[16750,0],[16748,0],[16493,0],[17005,0],]]
[16750,10,19,[[16749,0],[16751,0],[16494,0],[16495,0],[17006,0],]]
[16751,9,19,[[16752,0],[16750,0],[16495,0],[17007,0],]]
[16752,1,19,[[16751,0],[16753,0],[16496,0],[16497,0],[17008,0],]]
[16753,4,19,[[16754,0],[16752,0],[16497,0],[17009,0],]]
[16754,9,19,[[16753,0],[16755,0],[16498,0],[16499,0],[17010,0],]]
[16755,19,19,[[16756,0],[16754,0],[16499,0],[17011,0],]]
[16756,14,19,[[16755,0],[16757,0],[16500,0],[16501,0],[17012,0],]]
[16757,8,19,[[16758,0],[16756,0],[16501,0],[17013,0],]]
[16758,1,19,[[16757,0],[16759,0],[16502,0],[16503,0],[17014,0],]]
[16759,3,19,[[16760,0],[16758,0],[16503,0],[17015,0],]]
[16760,4,19,[[16759,0],[16761,0],[16504,0],[16505,0],[17016,0],]]
[16761,6,19,[[16762,0],[16760,0],[16505,0],[17017,0],]]
[16762,13,19,[[16761,0],[16763,0],[16506,0],[16507,0],[17018,0],]]
[16763,9,19,[[16764,0],[16762,0],[16507,0],[17019,0],]]
[16764,1,19,[[16763,0],[16765,0],[16508,0],[16509,0],[17020,0],]]
[16765,18,19,[[16766,0],[16764,0],[16509,0],[17021,0],]]
[16766,12,19,[[16765,0],[16767,0],[16510,0],[16511,0],[17022,0],]]
[16767,18,19,[[16768,0],[16766,0],[16511,0],[17023,0],]]
[16768,10,20,[[16767,0],[16769,0],[16512,0],[16513,0],[17024,0],]]
[16769,6,20,[[16770,0],[16768,0],[16513,0],[17025,0],]]
[16770,6,20,[[16769,0],[16771,0],[16514,0],[16515,0],[17026,0],]]
[16771,9,20,[[16772,0],[16770,0],[16515,0],[17027,0],]]
[16772,4,20,[[16771,0],[16773,0],[16516,0],[16517,0],[17028,0],]]
[16773,17,20,[[16774,0],[16772,0],[16517,0],[17029,0],]]
[16774,7,20,[[16773,0],[16775,0],[16518,0],[16519,0],[17030,0],]]
[16775,17,20,[[16776,0],[16774,0],[16519,0],[17031,0],]]
[16776,12,20,[[16775,0],[16777,0],[16520,0],[16521,0],[17032,0],]]
[16777,9,20,[[16778,0],[16776,0],[16521,0],[17033,0],]]
[16778,7,20,[[16777,0],[16779,0],[16522,0],[16523,0],[17034,0],]]
[16779,8,20,[[16780,0],[16778,0],[16523,0],[17035,0],]]
[16780,2,20,[[16779,0],[16781,0],[16524,0],[16525,0],[17036,0],]]
[16781,19,20,[[16782,0],[16780,0],[16525,0],[17037,0],]]
[16782,11,20,[[16781,0],[16783,0],[16526,0],[16527,0],[17038,0],]]
[16783,3,20,[[16784,0],[16782,0],[16527,0],[17039,0],]]
[16784,8,20,[[16783,0],[16785,0],[16528,0],[16529,0],[17040,0],]]
[16785,17,20,[[16786,0],[16784,0],[16529,0],[17041,0],]]
[16786,17,20,[[16785,0],[16787,0],[16530,0],[16531,0],[17042,0],]]
[16787,6,20,[[16788,0],[16786,0],[16531,0],[17043,0],]]
[16788,10,20,[[16787,0],[16789,0],[16532,0],[16533,0],[17044,0],]]
[16789,15,20,[[16790,0],[16788,0],[16533,0],[17045,0],]]
[16790,7,20,[[16789,0],[16791,0],[16534,0],[16535,0],[17046,0],]]
[16791,13,20,[[16792,0],[16790,0],[16535,0],[17047,0],]]
[16792,16,20,[[16791,0],[16793,0],[16536,0],[16537,0],[17048,0],]]
[16793,12,20,[[16794,0],[16792,0],[16537,0],[17049,0],]]
[16794,12,20,[[16793,0],[16795,0],[16538,0],[16539,0],[17050,0],]]
[16795,10,20,[[16796,0],[16794,0],[16539,0],[17051,0],]]
[16796,12,20,[[16795,0],[16797,0],[16540,0],[16541,0],[17052,0],]]
[16797,3,20,[[16798,0],[16796,0],[16541,0],[17053,0],]]
[16798,2,20,[[16797,0],[16799,0],[16542,0],[16543,0],[17054,0],]]
[16799,8,20,[[16800,0],[16798,0],[16543,0],[17055,0],]]
[16800,5,21,[[16799,0],[16801,0],[16544,0],[16545,0],[17056,0],]]
[16801,9,21,[[16802,0],[16800,0],[16545,0],[17057,0],]]
[16802,4,21,[[16801,0],[16803,0],[16546,0],[16547,0],[17058,0],]]
[16803,11,21,[[16804,0],[16802,0],[16547,0],[17059,0],]]
[16804,13,21,[[16803,0],[16805,0],[16548,0],[16549,0],[17060,0],]]
[16805,11,21,[[16806,0],[16804,0],[16549,0],[17061,0],]]
[16806,17,21,[[16805,0],[16807,0],[16550,0],[16551,0],[17062,0],]]
[16807,14,21,[[16808,0],[16806,0],[16551,0],[17063,0],]]
[16808,15,21,[[16807,0],[16809,0],[16552,0],[16553,0],[17064,0],]]
[16809,16,21,[[16810,0],[16808,0],[16553,0],[17065,0],]]
[16810,3,21,[[16809,0],[16811,0],[16554,0],[16555,0],[17066,0],]]
[16811,7,21,[[16812,0],[16810,0],[16555,0],[17067,0],]]
[16812,16,21,[[16811,0],[16813,0],[16556,0],[16557,0],[17068,0],]]
[16813,18,21,[[16814,0],[16812,0],[16557,0],[17069,0],]]
[16814,17,21,[[16813,0],[16815,0],[16558,0],[16559,0],[17070,0],]]
[16815,13,21,[[16816,0],[16814,0],[16559,0],[17071,0],]]
[16816,14,21,[[16815,0],[16817,0],[16560,0],[16561,0],[17072,0],]]
[16817,18,21,[[16818,0],[16816,0],[16561,0],[17073,0],]]
[16818,4,21,[[16817,0],[16819,0],[16562,0],[16563,0],[17074,0],]]
[16819,6,21,[[16820,0],[16818,0],[16563,0],[17075,0],]]
[16820,18,21,[[16819,0],[16821,0],[16564,0],[16565,0],[17076,0],]]
[16821,19,21,[[16822,0],[16820,0],[16565,0],[17077,0],]]
[16822,19,21,[[16821,0],[16823,0],[16566,0],[16567,0],[17078,0],]]
[16823,1,21,[[16824,0],[16822,0],[16567,0],[17079,0],]]
[16824,2,21,[[16823,0],[16825,0],[16568,0],[16569,0],[17080,0],]]
[16825,3,21,[[16826,0],[16824,0],[16569,0],[17081,0],]]
[16826,3,21,[[16825,0],[16827,0],[16570,0],[16571,0],[17082,0],]]
[16827,14,21,[[16828,0],[16826,0],[16571,0],[17083,0],]]
[16828,13,21,[[16827,0],[16829,0],[16572,0],[16573,0],[17084,0],]]
[16829,14,21,[[16830,0],[16828,0],[16573,0],[17085,0],]]
[16830,16,21,[[16829,0],[16831,0],[16574,0],[16575,0],[17086,0],]]
[16831,10,21,[[16832,0],[16830,0],[16575,0],[17087,0],]]
[16832,7,22,[[16831,0],[16833,0],[16576,0],[16577,0],[17088,0],]]
[16833,17,22,[[16834,0],[16832,0],[16577,0],[17089,0],]]
[16834,2,22,[[16833,0],[16835,0],[16578,0],[16579,0],[17090,0],]]
[16835,4,22,[[16836,0],[16834,0],[16579,0],[17091,0],]]
[16836,3,22,[[16835,0],[16837,0],[16580,0],[16581,0],[17092,0],]]
[16837,11,22,[[16838,0],[16836,0],[16581,0],[17093,0],]]
[16838,12,22,[[16837,0],[16839,0],[16582,0],[16583,0],[17094,0],]]
[16839,6,22,[[16840,0],[16838,0],[16583,0],[17095,0],]]
[16840,14,22,[[16839,0],[16841,0],[16584,0],[16585,0],[17096,0],]]
[16841,4,22,[[16842,0],[16840,0],[16585,0],[17097,0],]]
[16842,15,22,[[16841,0],[16843,0],[16586,0],[16587,0],[17098,0],]]
[16843,4,22,[[16844,0],[16842,0],[16587,0],[17099,0],]]
[16844,12,22,[[16843,0],[16845,0],[16588,0],[16589,0],[17100,0],]]
[16845,7,22,[[16846,0],[16844,0],[16589,0],[17101,0],]]
[16846,14,22,[[16845,0],[16847,0],[16590,0],[16591,0],[17102,0],]]
[16847,5,22,[[16848,0],[16846,0],[16591,0],[17103,0],]]
[16848,10,22,[[16847,0],[16849,0],[16592,0],[16593,0],[17104,0],]]
[16849,4,22,[[16850,0],[16848,0],[16593,0],[17105,0],]]
[16850,16,22,[[16849,0],[16851,0],[16594,0],[16595,0],[17106,0],]]
[16851,5,22,[[16852,0],[16850,0],[16595,0],[17107,0],]]
[16852,12,22,[[16851,0],[16853,0],[16596,0],[16597,0],[17108,0],]]
[16853,11,22,[[16854,0],[16852,0],[16597,0],[17109,0],]]
[16854,4,22,[[16853,0],[16855,0],[16598,0],[16599,0],[17110,0],]]
[16855,2,22,[[16856,0],[16854,0],[16599,0],[17111,0],]]
[16856,6,22,[[16855,0],[16857,0],[16600,0],[16601,0],[17112,0],]]
[16857,10,22,[[16858,0],[16856,0],[16601,0],[17113,0],]]
[16858,1,22,[[16857,0],[16859,0],[16602,0],[16603,0],[17114,0],]]
[16859,8,22,[[16860,0],[16858,0],[16603,0],[17115,0],]]
[16860,18,22,[[16859,0],[16861,0],[16604,0],[16605,0],[17116,0],]]
[16861,15,22,[[16862,0],[16860,0],[16605,0],[17117,0],]]
[16862,5,22,[[16861,0],[16863,0],[16606,0],[16607,0],[17118,0],]]
[16863,1,22,[[16864,0],[16862,0],[16607,0],[17119,0],]]
[16864,8,23,[[16863,0],[16865,0],[16608,0],[16609,0],[17120,0],]]
[16865,10,23,[[16866,0],[16864,0],[16609,0],[17121,0],]]
[16866,19,23,[[16865,0],[16867,0],[16610,0],[16611,0],[17122,0],]]
[16867,10,23,[[16868,0],[16866,0],[16611,0],[17123,0],]]
[16868,8,23,[[16867,0],[16869,0],[16612,0],[16613,0],[17124,0],]]
[16869,14,23,[[16870,0],[16868,0],[16613,0],[17125,0],]]
[16870,4,23,[[16869,0],[16871,0],[16614,0],[16615,0],[17126,0],]]
[16871,11,23,[[16872,0],[16870,0],[16615,0],[17127,0],]]
[16872,13,23,[[16871,0],[16873,0],[16616,0],[16617,0],[17128,0],]]
[16873,7,23,[[16874,0],[16872,0],[16617,0],[17129,0],]]
[16874,1,23,[[16873,0],[16875,0],[16618,0],[16619,0],[17130,0],]]
[16875,5,23,[[16876,0],[16874,0],[16619,0],[17131,0],]]
[16876,15,23,[[16875,0],[16877,0],[16620,0],[16621,0],[17132,0],]]
[16877,3,23,[[16878,0],[16876,0],[16621,0],[17133,0],]]
[16878,10,23,[[16877,0],[16879,0],[16622,0],[16623,0],[17134,0],]]
[16879,7,23,[[16880,0],[16878,0],[16623,0],[17135,0],]]
[16880,6,23,[[16879,0],[16881,0],[16624,0],[16625,0],[17136,0],]]
[16881,11,23,[[16882,0],[16880,0],[16625,0],[17137,0],]]
[16882,6,23,[[16881,0],[16883,0],[16626,0],[16627,0],[17138,0],]]
[16883,10,23,[[16884,0],[16882,0],[16627,0],[17139,0],]]
[16884,12,23,[[16883,0],[16885,0],[16628,0],[16629,0],[17140,0],]]
[16885,4,23,[[16886,0],[16884,0],[16629,0],[17141,0],]]
[16886,14,23,[[16885,0],[16887,0],[16630,0],[16631,0],[17142,0],]]
[16887,5,23,[[16888,0],[16886,0],[16631,0],[17143,0],]]
[16888,7,23,[[16887,0],[16889,0],[16632,0],[16633,0],[17144,0],]]
[16889,19,23,[[16890,0],[16888,0],[16633,0],[17145,0],]]
[16890,8,23,[[16889,0],[16891,0],[16634,0],[16635,0],[17146,0],]]
[16891,18,23,[[16892,0],[16890,0],[16635,0],[17147,0],]]
[16892,3,23,[[16891,0],[16893,0],[16636,0],[16637,0],[17148,0],]]
[16893,12,23,[[16894,0],[16892,0],[16637,0],[17149,0],]]
[16894,4,23,[[16893,0],[16895,0],[16638,0],[16639,0],[17150,0],]]
[16895,4,23,[[16894,0],[16639,0],[17151,0],]]
[16896,9,16,[[16897,0],[17152,0],[16640,0],]]
[16897,6,16,[[16898,0],[16896,0],[17153,0],[17152,0],[16641,0],]]
[16898,16,16,[[16897,0],[16899,0],[17154,0],[16642,0],]]
[16899,2,16,[[16900,0],[16898,0],[17155,0],[17154,0],[16643,0],]]
[16900,11,16,[[16899,0],[16901,0],[17156,0],[16644,0],]]
[16901,5,16,[[16902,0],[16900,0],[17157,0],[17156,0],[16645,0],]]
[16902,14,16,[[16901,0],[16903,0],[17158,0],[16646,0],]]
[16903,10,16,[[16904,0],[16902,0],[17159,0],[17158,0],[16647,0],]]
[16904,1,16,[[16903,0],[16905,0],[17160,0],[16648,0],]]
[16905,1,16,[[16906,0],[16904,0],[17161,0],[17160,0],[16649,0],]]
[16906,4,16,[[16905,0],[16907,0],[17162,0],[16650,0],]]
[16907,4,16,[[16908,0],[16906,0],[17163,0],[17162,0],[16651,0],]]
[16908,17,16,[[16907,0],[16909,0],[17164,0],[16652,0],]]
[16909,4,16,[[16910,0],[16908,0],[17165,0],[17164,0],[16653,0],]]
[16910,12,16,[[16909,0],[16911,0],[17166,0],[16654,0],]]
[16911,1,16,[[16912,0],[16910,0],[17167,0],[17166,0],[16655,0],]]
[16912,15,16,[[16911,0],[16913,0],[17168,0],[16656,0],]]
[16913,18,16,[[16914,0],[16912,0],[17169,0],[17168,0],[16657,0],]]
[16914,17,16,[[16913,0],[16915,0],[17170,0],[16658,0],]]
[16915,7,16,[[16916,0],[16914,0],[17171,0],[17170,0],[16659,0],]]
[16916,10,16,[[16915,0],[16917,0],[17172,0],[16660,0],]]
[16917,9,16,[[16918,0],[16916,0],[17173,0],[17172,0],[16661,0],]]
[16918,14,16,[[16917,0],[16919,0],[17174,0],[16662,0],]]
[16919,17,16,[[16920,0],[16918,0],[17175,0],[17174,0],[16663,0],]]
[16920,14,16,[[16919,0],[16921,0],[17176,0],[16664,0],]]
[16921,15,16,[[16922,0],[16920,0],[17177,0],[17176,0],[16665,0],]]
[16922,7,16,[[16921,0],[16923,0],[17178,0],[16666,0],]]
[16923,13,16,[[16924,0],[16922,0],[17179,0],[17178,0],[16667,0],]]
[16924,12,16,[[16923,0],[16925,0],[17180,0],[16668,0],]]
[16925,2,16,[[16926,0],[16924,0],[17181,0],[17180,0],[16669,0],]]
[16926,5,16,[[16925,0],[16927,0],[17182,0],[16670,0],]]
[16927,6,16,[[16928,0],[16926,0],[17183,0],[17182,0],[16671,0],]]
[16928,17,17,[[16927,0],[16929,0],[17184,0],[16672,0],]]
[16929,1,17,[[16930,0],[16928,0],[17185,0],[17184,0],[16673,0],]]
[16930,16,17,[[16929,0],[16931,0],[17186,0],[16674,0],]]
[16931,6,17,[[16932,0],[16930,0],[17187,0],[17186,0],[16675,0],]]
[16932,5,17,[[16931,0],[16933,0],[17188,0],[16676,0],]]
[16933,13,17,[[16934,0],[16932,0],[17189,0],[17188,0],[16677,0],]]
[16934,5,17,[[16933,0],[16935,0],[17190,0],[16678,0],]]
[16935,12,17,[[16936,0],[16934,0],[17191,0],[17190,0],[16679,0],]]
[16936,10,17,[[16935,0],[16937,0],[17192,0],[16680,0],]]
[16937,1,17,[[16938,0],[16936,0],[17193,0],[17192,0],[16681,0],]]
[16938,6,17,[[16937,0],[16939,0],[17194,0],[16682,0],]]
[16939,18,17,[[16940,0],[16938,0],[17195,0],[17194,0],[16683,0],]]
[16940,14,17,[[16939,0],[16941,0],[17196,0],[16684,0],]]
[16941,10,17,[[16942,0],[16940,0],[17197,0],[17196,0],[16685,0],]]
[16942,2,17,[[16941,0],[16943,0],[17198,0],[16686,0],]]
[16943,13,17,[[16944,0],[16942,0],[17199,0],[17198,0],[16687,0],]]
[16944,3,17,[[16943,0],[16945,0],[17200,0],[16688,0],]]
[16945,7,17,[[16946,0],[16944,0],[17201,0],[17200,0],[16689,0],]]
[16946,14,17,[[16945,0],[16947,0],[17202,0],[16690,0],]]
[16947,13,17,[[16948,0],[16946,0],[17203,0],[17202,0],[16691,0],]]
[16948,16,17,[[16947,0],[16949,0],[17204,0],[16692,0],]]
[16949,9,17,[[16950,0],[16948,0],[17205,0],[17204,0],[16693,0],]]
[16950,11,17,[[16949,0],[16951,0],[17206,0],[16694,0],]]
[16951,18,17,[[16952,0],[16950,0],[17207,0],[17206,0],[16695,0],]]
[16952,4,17,[[16951,0],[16953,0],[17208,0],[16696,0],]]
[16953,7,17,[[16954,0],[16952,0],[17209,0],[17208,0],[16697,0],]]
[16954,2,17,[[16953,0],[16955,0],[17210,0],[16698,0],]]
[16955,16,17,[[16956,0],[16954,0],[17211,0],[17210,0],[16699,0],]]
[16956,2,17,[[16955,0],[16957,0],[17212,0],[16700,0],]]
[16957,15,17,[[16958,0],[16956,0],[17213,0],[17212,0],[16701,0],]]
[16958,7,17,[[16957,0],[16959,0],[17214,0],[16702,0],]]
[16959,12,17,[[16960,0],[16958,0],[17215,0],[17214,0],[16703,0],]]
[16960,15,18,[[16959,0],[16961,0],[17216,0],[16704,0],]]
[16961,8,18,[[16962,0],[16960,0],[17217,0],[17216,0],[16705,0],]]
[16962,15,18,[[16961,0],[16963,0],[17218,0],[16706,0],]]
[16963,18,18,[[16964,0],[16962,0],[17219,0],[17218,0],[16707,0],]]
[16964,4,18,[[16963,0],[16965,0],[17220,0],[16708,0],]]
[16965,17,18,[[16966,0],[16964,0],[17221,0],[17220,0],[16709,0],]]
[16966,6,18,[[16965,0],[16967,0],[17222,0],[16710,0],]]
[16967,7,18,[[16968,0],[16966,0],[17223,0],[17222,0],[16711,0],]]
[16968,10,18,[[16967,0],[16969,0],[17224,0],[16712,0],]]
[16969,16,18,[[16970,0],[16968,0],[17225,0],[17224,0],[16713,0],]]
[16970,19,18,[[16969,0],[16971,0],[17226,0],[16714,0],]]
[16971,14,18,[[16972,0],[16970,0],[17227,0],[17226,0],[16715,0],]]
[16972,7,18,[[16971,0],[16973,0],[17228,0],[16716,0],]]
[16973,19,18,[[16974,0],[16972,0],[17229,0],[17228,0],[16717,0],]]
[16974,16,18,[[16973,0],[16975,0],[17230,0],[16718,0],]]
[16975,15,18,[[16976,0],[16974,0],[17231,0],[17230,0],[16719,0],]]
[16976,2,18,[[16975,0],[16977,0],[17232,0],[16720,0],]]
[16977,9,18,[[16978,0],[16976,0],[17233,0],[17232,0],[16721,0],]]
[16978,4,18,[[16977,0],[16979,0],[17234,0],[16722,0],]]
[16979,6,18,[[16980,0],[16978,0],[17235,0],[17234,0],[16723,0],]]
[16980,17,18,[[16979,0],[16981,0],[17236,0],[16724,0],]]
[16981,8,18,[[16982,0],[16980,0],[17237,0],[17236,0],[16725,0],]]
[16982,5,18,[[16981,0],[16983,0],[17238,0],[16726,0],]]
[16983,11,18,[[16984,0],[16982,0],[17239,0],[17238,0],[16727,0],]]
[16984,1,18,[[16983,0],[16985,0],[17240,0],[16728,0],]]
[16985,13,18,[[16986,0],[16984,0],[17241,0],[17240,0],[16729,0],]]
[16986,7,18,[[16985,0],[16987,0],[17242,0],[16730,0],]]
[16987,11,18,[[16988,0],[16986,0],[17243,0],[17242,0],[16731,0],]]
[16988,16,18,[[16987,0],[16989,0],[17244,0],[16732,0],]]
[16989,8,18,[[16990,0],[16988,0],[17245,0],[17244,0],[16733,0],]]
[16990,5,18,[[16989,0],[16991,0],[17246,0],[16734,0],]]
[16991,15,18,[[16992,0],[16990,0],[17247,0],[17246,0],[16735,0],]]
[16992,16,19,[[16991,0],[16993,0],[17248,0],[16736,0],]]
[16993,19,19,[[16994,0],[16992,0],[17249,0],[17248,0],[16737,0],]]
[16994,7,19,[[16993,0],[16995,0],[17250,0],[16738,0],]]
[16995,7,19,[[16996,0],[16994,0],[17251,0],[17250,0],[16739,0],]]
[16996,18,19,[[16995,0],[16997,0],[17252,0],[16740,0],]]
[16997,13,19,[[16998,0],[16996,0],[17253,0],[17252,0],[16741,0],]]
[16998,4,19,[[16997,0],[16999,0],[17254,0],[16742,0],]]
[16999,10,19,[[17000,0],[16998,0],[17255,0],[17254,0],[16743,0],]]
[17000,6,19,[[16999,0],[17001,0],[17256,0],[16744,0],]]
[17001,19,19,[[17002,0],[17000,0],[17257,0],[17256,0],[16745,0],]]
[17002,17,19,[[17001,0],[17003,0],[17258,0],[16746,0],]]
[17003,16,19,[[17004,0],[17002,0],[17259,0],[17258,0],[16747,0],]]
[17004,13,19,[[17003,0],[17005,0],[17260,0],[16748,0],]]
[17005,5,19,[[17006,0],[17004,0],[17261,0],[17260,0],[16749,0],]]
[17006,7,19,[[17005,0],[17007,0],[17262,0],[16750,0],]]
[17007,13,19,[[17008,0],[17006,0],[17263,0],[17262,0],[16751,0],]]
[17008,9,19,[[17007,0],[17009,0],[17264,0],[16752,0],]]
[17009,3,19,[[17010,0],[17008,0],[17265,0],[17264,0],[16753,0],]]
[17010,11,19,[[17009,0],[17011,0],[17266,0],[16754,0],]]
[17011,16,19,[[17012,0],[17010,0],[17267,0],[17266,0],[16755,0],]]
[17012,18,19,[[17011,0],[17013,0],[17268,0],[16756,0],]]
[17013,5,19,[[17014,0],[17012,0],[17269,0],[17268,0],[16757,0],]]
[17014,1,19,[[17013,0],[17015,0],[17270,0],[16758,0],]]
[17015,19,19,[[17016,0],[17014,0],[17271,0],[17270,0],[16759,0],]]
[17016,2,19,[[17015,0],[17017,0],[17272,0],[16760,0],]]
[17017,18,19,[[17018,0],[17016,0],[17273,0],[17272,0],[16761,0],]]
[17018,3,19,[[17017,0],[17019,0],[17274,0],[16762,0],]]
[17019,11,19,[[17020,0],[17018,0],[17275,0],[17274,0],[16763,0],]]
[17020,18,19,[[17019,0],[17021,0],[17276,0],[16764,0],]]
[17021,9,19,[[17022,0],[17020,0],[17277,0],[17276,0],[16765,0],]]
[17022,9,19,[[17021,0],[17023,0],[17278,0],[16766,0],]]
[17023,1,19,[[17024,0],[17022,0],[17279,0],[17278,0],[16767,0],]]
[17024,13,20,[[17023,0],[17025,0],[17280,0],[16768,0],]]
[17025,7,20,[[17026,0],[17024,0],[17281,0],[17280,0],[16769,0],]]
[17026,6,20,[[17025,0],[17027,0],[17282,0],[16770,0],]]
[17027,19,20,[[17028,0],[17026,0],[17283,0],[17282,0],[16771,0],]]
[17028,18,20,[[17027,0],[17029,0],[17284,0],[16772,0],]]
[17029,11,20,[[17030,0],[17028,0],[17285,0],[17284,0],[16773,0],]]
[17030,19,20,[[17029,0],[17031,0],[17286,0],[16774,0],]]
[17031,11,20,[[17032,0],[17030,0],[17287,0],[17286,0],[16775,0],]]
[17032,17,20,[[17031,0],[17033,0],[17288,0],[16776,0],]]
[17033,5,20,[[17034,0],[17032,0],[17289,0],[17288,0],[16777,0],]]
[17034,11,20,[[17033,0],[17035,0],[17290,0],[16778,0],]]
[17035,8,20,[[17036,0],[17034,0],[17291,0],[17290,0],[16779,0],]]
[17036,5,20,[[17035,0],[17037,0],[17292,0],[16780,0],]]
[17037,19,20,[[17038,0],[17036,0],[17293,0],[17292,0],[16781,0],]]
[17038,12,20,[[17037,0],[17039,0],[17294,0],[16782,0],]]
