[13762,11,14,[[13761,0],[13763,0],[13506,0],[13507,0],[14018,0],]]
[13763,17,14,[[13764,0],[13762,0],[13507,0],[14019,0],]]
[13764,3,14,[[13763,0],[13765,0],[13508,0],[13509,0],[14020,0],]]
[13765,9,14,[[13766,0],[13764,0],[13509,0],[14021,0],]]
[13766,12,14,[[13765,0],[13767,0],[13510,0],[13511,0],[14022,0],]]
[13767,14,14,[[13768,0],[13766,0],[13511,0],[14023,0],]]
[13768,19,14,[[13767,0],[13769,0],[13512,0],[13513,0],[14024,0],]]
[13769,12,14,[[13770,0],[13768,0],[13513,0],[14025,0],]]
[13770,18,14,[[13769,0],[13771,0],[13514,0],[13515,0],[14026,0],]]
[13771,13,14,[[13772,0],[13770,0],[13515,0],[14027,0],]]
[13772,11,14,[[13771,0],[13773,0],[13516,0],[13517,0],[14028,0],]]
[13773,3,14,[[13774,0],[13772,0],[13517,0],[14029,0],]]
[13774,9,14,[[13773,0],[13775,0],[13518,0],[13519,0],[14030,0],]]
[13775,10,14,[[13776,0],[13774,0],[13519,0],[14031,0],]]
[13776,12,14,[[13775,0],[13777,0],[13520,0],[13521,0],[14032,0],]]
[13777,18,14,[[13778,0],[13776,0],[13521,0],[14033,0],]]
[13778,5,14,[[13777,0],[13779,0],[13522,0],[13523,0],[14034,0],]]
[13779,11,14,[[13780,0],[13778,0],[13523,0],[14035,0],]]
[13780,13,14,[[13779,0],[13781,0],[13524,0],[13525,0],[14036,0],]]
[13781,10,14,[[13782,0],[13780,0],[13525,0],[14037,0],]]
[13782,13,14,[[13781,0],[13783,0],[13526,0],[13527,0],[14038,0],]]
[13783,3,14,[[13784,0],[13782,0],[13527,0],[14039,0],]]
[13784,2,14,[[13783,0],[13785,0],[13528,0],[13529,0],[14040,0],]]
[13785,6,14,[[13786,0],[13784,0],[13529,0],[14041,0],]]
[13786,8,14,[[13785,0],[13787,0],[13530,0],[13531,0],[14042,0],]]
[13787,3,14,[[13788,0],[13786,0],[13531,0],[14043,0],]]
[13788,14,14,[[13787,0],[13789,0],[13532,0],[13533,0],[14044,0],]]
[13789,9,14,[[13790,0],[13788,0],[13533,0],[14045,0],]]
[13790,5,14,[[13789,0],[13791,0],[13534,0],[13535,0],[14046,0],]]
[13791,5,14,[[13792,0],[13790,0],[13535,0],[14047,0],]]
[13792,19,15,[[13791,0],[13793,0],[13536,0],[13537,0],[14048,0],]]
[13793,9,15,[[13794,0],[13792,0],[13537,0],[14049,0],]]
[13794,9,15,[[13793,0],[13795,0],[13538,0],[13539,0],[14050,0],]]
[13795,16,15,[[13796,0],[13794,0],[13539,0],[14051,0],]]
[13796,4,15,[[13795,0],[13797,0],[13540,0],[13541,0],[14052,0],]]
[13797,16,15,[[13798,0],[13796,0],[13541,0],[14053,0],]]
[13798,14,15,[[13797,0],[13799,0],[13542,0],[13543,0],[14054,0],]]
[13799,10,15,[[13800,0],[13798,0],[13543,0],[14055,0],]]
[13800,18,15,[[13799,0],[13801,0],[13544,0],[13545,0],[14056,0],]]
[13801,8,15,[[13802,0],[13800,0],[13545,0],[14057,0],]]
[13802,10,15,[[13801,0],[13803,0],[13546,0],[13547,0],[14058,0],]]
[13803,17,15,[[13804,0],[13802,0],[13547,0],[14059,0],]]
[13804,7,15,[[13803,0],[13805,0],[13548,0],[13549,0],[14060,0],]]
[13805,1,15,[[13806,0],[13804,0],[13549,0],[14061,0],]]
[13806,18,15,[[13805,0],[13807,0],[13550,0],[13551,0],[14062,0],]]
[13807,4,15,[[13808,0],[13806,0],[13551,0],[14063,0],]]
[13808,8,15,[[13807,0],[13809,0],[13552,0],[13553,0],[14064,0],]]
[13809,8,15,[[13810,0],[13808,0],[13553,0],[14065,0],]]
[13810,10,15,[[13809,0],[13811,0],[13554,0],[13555,0],[14066,0],]]
[13811,12,15,[[13812,0],[13810,0],[13555,0],[14067,0],]]
[13812,15,15,[[13811,0],[13813,0],[13556,0],[13557,0],[14068,0],]]
[13813,2,15,[[13814,0],[13812,0],[13557,0],[14069,0],]]
[13814,4,15,[[13813,0],[13815,0],[13558,0],[13559,0],[14070,0],]]
[13815,12,15,[[13816,0],[13814,0],[13559,0],[14071,0],]]
[13816,18,15,[[13815,0],[13817,0],[13560,0],[13561,0],[14072,0],]]
[13817,19,15,[[13818,0],[13816,0],[13561,0],[14073,0],]]
[13818,19,15,[[13817,0],[13819,0],[13562,0],[13563,0],[14074,0],]]
[13819,3,15,[[13820,0],[13818,0],[13563,0],[14075,0],]]
[13820,17,15,[[13819,0],[13821,0],[13564,0],[13565,0],[14076,0],]]
[13821,9,15,[[13822,0],[13820,0],[13565,0],[14077,0],]]
[13822,17,15,[[13821,0],[13823,0],[13566,0],[13567,0],[14078,0],]]
[13823,19,15,[[13822,0],[13567,0],[14079,0],]]
[13824,7,8,[[13825,0],[14080,0],[13568,0],]]
[13825,17,8,[[13826,0],[13824,0],[14081,0],[14080,0],[13569,0],]]
[13826,18,8,[[13825,0],[13827,0],[14082,0],[13570,0],]]
[13827,7,8,[[13828,0],[13826,0],[14083,0],[14082,0],[13571,0],]]
[13828,9,8,[[13827,0],[13829,0],[14084,0],[13572,0],]]
[13829,12,8,[[13830,0],[13828,0],[14085,0],[14084,0],[13573,0],]]
[13830,7,8,[[13829,0],[13831,0],[14086,0],[13574,0],]]
[13831,10,8,[[13832,0],[13830,0],[14087,0],[14086,0],[13575,0],]]
[13832,7,8,[[13831,0],[13833,0],[14088,0],[13576,0],]]
[13833,9,8,[[13834,0],[13832,0],[14089,0],[14088,0],[13577,0],]]
[13834,6,8,[[13833,0],[13835,0],[14090,0],[13578,0],]]
[13835,14,8,[[13836,0],[13834,0],[14091,0],[14090,0],[13579,0],]]
[13836,12,8,[[13835,0],[13837,0],[14092,0],[13580,0],]]
[13837,6,8,[[13838,0],[13836,0],[14093,0],[14092,0],[13581,0],]]
[13838,5,8,[[13837,0],[13839,0],[14094,0],[13582,0],]]
[13839,11,8,[[13840,0],[13838,0],[14095,0],[14094,0],[13583,0],]]
[13840,18,8,[[13839,0],[13841,0],[14096,0],[13584,0],]]
[13841,12,8,[[13842,0],[13840,0],[14097,0],[14096,0],[13585,0],]]
[13842,12,8,[[13841,0],[13843,0],[14098,0],[13586,0],]]
[13843,6,8,[[13844,0],[13842,0],[14099,0],[14098,0],[13587,0],]]
[13844,13,8,[[13843,0],[13845,0],[14100,0],[13588,0],]]
[13845,11,8,[[13846,0],[13844,0],[14101,0],[14100,0],[13589,0],]]
[13846,6,8,[[13845,0],[13847,0],[14102,0],[13590,0],]]
[13847,1,8,[[13848,0],[13846,0],[14103,0],[14102,0],[13591,0],]]
[13848,5,8,[[13847,0],[13849,0],[14104,0],[13592,0],]]
[13849,7,8,[[13850,0],[13848,0],[14105,0],[14104,0],[13593,0],]]
[13850,8,8,[[13849,0],[13851,0],[14106,0],[13594,0],]]
[13851,8,8,[[13852,0],[13850,0],[14107,0],[14106,0],[13595,0],]]
[13852,19,8,[[13851,0],[13853,0],[14108,0],[13596,0],]]
[13853,2,8,[[13854,0],[13852,0],[14109,0],[14108,0],[13597,0],]]
[13854,18,8,[[13853,0],[13855,0],[14110,0],[13598,0],]]
[13855,1,8,[[13856,0],[13854,0],[14111,0],[14110,0],[13599,0],]]
[13856,2,9,[[13855,0],[13857,0],[14112,0],[13600,0],]]
[13857,10,9,[[13858,0],[13856,0],[14113,0],[14112,0],[13601,0],]]
[13858,8,9,[[13857,0],[13859,0],[14114,0],[13602,0],]]
[13859,16,9,[[13860,0],[13858,0],[14115,0],[14114,0],[13603,0],]]
[13860,10,9,[[13859,0],[13861,0],[14116,0],[13604,0],]]
[13861,19,9,[[13862,0],[13860,0],[14117,0],[14116,0],[13605,0],]]
[13862,8,9,[[13861,0],[13863,0],[14118,0],[13606,0],]]
[13863,5,9,[[13864,0],[13862,0],[14119,0],[14118,0],[13607,0],]]
[13864,7,9,[[13863,0],[13865,0],[14120,0],[13608,0],]]
[13865,10,9,[[13866,0],[13864,0],[14121,0],[14120,0],[13609,0],]]
[13866,4,9,[[13865,0],[13867,0],[14122,0],[13610,0],]]
[13867,4,9,[[13868,0],[13866,0],[14123,0],[14122,0],[13611,0],]]
[13868,19,9,[[13867,0],[13869,0],[14124,0],[13612,0],]]
[13869,19,9,[[13870,0],[13868,0],[14125,0],[14124,0],[13613,0],]]
[13870,3,9,[[13869,0],[13871,0],[14126,0],[13614,0],]]
[13871,14,9,[[13872,0],[13870,0],[14127,0],[14126,0],[13615,0],]]
[13872,15,9,[[13871,0],[13873,0],[14128,0],[13616,0],]]
[13873,2,9,[[13874,0],[13872,0],[14129,0],[14128,0],[13617,0],]]
[13874,17,9,[[13873,0],[13875,0],[14130,0],[13618,0],]]
[13875,2,9,[[13876,0],[13874,0],[14131,0],[14130,0],[13619,0],]]
[13876,15,9,[[13875,0],[13877,0],[14132,0],[13620,0],]]
[13877,6,9,[[13878,0],[13876,0],[14133,0],[14132,0],[13621,0],]]
[13878,12,9,[[13877,0],[13879,0],[14134,0],[13622,0],]]
[13879,19,9,[[13880,0],[13878,0],[14135,0],[14134,0],[13623,0],]]
[13880,13,9,[[13879,0],[13881,0],[14136,0],[13624,0],]]
[13881,3,9,[[13882,0],[13880,0],[14137,0],[14136,0],[13625,0],]]
[13882,11,9,[[13881,0],[13883,0],[14138,0],[13626,0],]]
[13883,9,9,[[13884,0],[13882,0],[14139,0],[14138,0],[13627,0],]]
[13884,18,9,[[13883,0],[13885,0],[14140,0],[13628,0],]]
[13885,8,9,[[13886,0],[13884,0],[14141,0],[14140,0],[13629,0],]]
[13886,17,9,[[13885,0],[13887,0],[14142,0],[13630,0],]]
[13887,9,9,[[13888,0],[13886,0],[14143,0],[14142,0],[13631,0],]]
[13888,17,10,[[13887,0],[13889,0],[14144,0],[13632,0],]]
[13889,13,10,[[13890,0],[13888,0],[14145,0],[14144,0],[13633,0],]]
[13890,1,10,[[13889,0],[13891,0],[14146,0],[13634,0],]]
[13891,14,10,[[13892,0],[13890,0],[14147,0],[14146,0],[13635,0],]]
[13892,16,10,[[13891,0],[13893,0],[14148,0],[13636,0],]]
[13893,7,10,[[13894,0],[13892,0],[14149,0],[14148,0],[13637,0],]]
[13894,7,10,[[13893,0],[13895,0],[14150,0],[13638,0],]]
[13895,10,10,[[13896,0],[13894,0],[14151,0],[14150,0],[13639,0],]]
[13896,16,10,[[13895,0],[13897,0],[14152,0],[13640,0],]]
[13897,6,10,[[13898,0],[13896,0],[14153,0],[14152,0],[13641,0],]]
[13898,15,10,[[13897,0],[13899,0],[14154,0],[13642,0],]]
[13899,3,10,[[13900,0],[13898,0],[14155,0],[14154,0],[13643,0],]]
[13900,1,10,[[13899,0],[13901,0],[14156,0],[13644,0],]]
[13901,2,10,[[13902,0],[13900,0],[14157,0],[14156,0],[13645,0],]]
[13902,4,10,[[13901,0],[13903,0],[14158,0],[13646,0],]]
[13903,12,10,[[13904,0],[13902,0],[14159,0],[14158,0],[13647,0],]]
[13904,1,10,[[13903,0],[13905,0],[14160,0],[13648,0],]]
[13905,14,10,[[13906,0],[13904,0],[14161,0],[14160,0],[13649,0],]]
[13906,7,10,[[13905,0],[13907,0],[14162,0],[13650,0],]]
[13907,12,10,[[13908,0],[13906,0],[14163,0],[14162,0],[13651,0],]]
[13908,14,10,[[13907,0],[13909,0],[14164,0],[13652,0],]]
[13909,19,10,[[13910,0],[13908,0],[14165,0],[14164,0],[13653,0],]]
[13910,18,10,[[13909,0],[13911,0],[14166,0],[13654,0],]]
[13911,19,10,[[13912,0],[13910,0],[14167,0],[14166,0],[13655,0],]]
[13912,6,10,[[13911,0],[13913,0],[14168,0],[13656,0],]]
[13913,16,10,[[13914,0],[13912,0],[14169,0],[14168,0],[13657,0],]]
[13914,7,10,[[13913,0],[13915,0],[14170,0],[13658,0],]]
[13915,6,10,[[13916,0],[13914,0],[14171,0],[14170,0],[13659,0],]]
[13916,13,10,[[13915,0],[13917,0],[14172,0],[13660,0],]]
[13917,18,10,[[13918,0],[13916,0],[14173,0],[14172,0],[13661,0],]]
[13918,8,10,[[13917,0],[13919,0],[14174,0],[13662,0],]]
[13919,15,10,[[13920,0],[13918,0],[14175,0],[14174,0],[13663,0],]]
[13920,8,11,[[13919,0],[13921,0],[14176,0],[13664,0],]]
[13921,8,11,[[13922,0],[13920,0],[14177,0],[14176,0],[13665,0],]]
[13922,7,11,[[13921,0],[13923,0],[14178,0],[13666,0],]]
[13923,15,11,[[13924,0],[13922,0],[14179,0],[14178,0],[13667,0],]]
[13924,15,11,[[13923,0],[13925,0],[14180,0],[13668,0],]]
[13925,18,11,[[13926,0],[13924,0],[14181,0],[14180,0],[13669,0],]]
[13926,9,11,[[13925,0],[13927,0],[14182,0],[13670,0],]]
[13927,18,11,[[13928,0],[13926,0],[14183,0],[14182,0],[13671,0],]]
[13928,13,11,[[13927,0],[13929,0],[14184,0],[13672,0],]]
[13929,13,11,[[13930,0],[13928,0],[14185,0],[14184,0],[13673,0],]]
[13930,6,11,[[13929,0],[13931,0],[14186,0],[13674,0],]]
[13931,14,11,[[13932,0],[13930,0],[14187,0],[14186,0],[13675,0],]]
[13932,15,11,[[13931,0],[13933,0],[14188,0],[13676,0],]]
[13933,1,11,[[13934,0],[13932,0],[14189,0],[14188,0],[13677,0],]]
[13934,7,11,[[13933,0],[13935,0],[14190,0],[13678,0],]]
[13935,2,11,[[13936,0],[13934,0],[14191,0],[14190,0],[13679,0],]]
[13936,10,11,[[13935,0],[13937,0],[14192,0],[13680,0],]]
[13937,1,11,[[13938,0],[13936,0],[14193,0],[14192,0],[13681,0],]]
[13938,11,11,[[13937,0],[13939,0],[14194,0],[13682,0],]]
[13939,7,11,[[13940,0],[13938,0],[14195,0],[14194,0],[13683,0],]]
[13940,6,11,[[13939,0],[13941,0],[14196,0],[13684,0],]]
[13941,17,11,[[13942,0],[13940,0],[14197,0],[14196,0],[13685,0],]]
[13942,17,11,[[13941,0],[13943,0],[14198,0],[13686,0],]]
[13943,19,11,[[13944,0],[13942,0],[14199,0],[14198,0],[13687,0],]]
[13944,17,11,[[13943,0],[13945,0],[14200,0],[13688,0],]]
[13945,16,11,[[13946,0],[13944,0],[14201,0],[14200,0],[13689,0],]]
[13946,15,11,[[13945,0],[13947,0],[14202,0],[13690,0],]]
[13947,18,11,[[13948,0],[13946,0],[14203,0],[14202,0],[13691,0],]]
[13948,19,11,[[13947,0],[13949,0],[14204,0],[13692,0],]]
[13949,2,11,[[13950,0],[13948,0],[14205,0],[14204,0],[13693,0],]]
[13950,10,11,[[13949,0],[13951,0],[14206,0],[13694,0],]]
[13951,11,11,[[13952,0],[13950,0],[14207,0],[14206,0],[13695,0],]]
[13952,13,12,[[13951,0],[13953,0],[14208,0],[13696,0],]]
[13953,2,12,[[13954,0],[13952,0],[14209,0],[14208,0],[13697,0],]]
[13954,12,12,[[13953,0],[13955,0],[14210,0],[13698,0],]]
[13955,11,12,[[13956,0],[13954,0],[14211,0],[14210,0],[13699,0],]]
[13956,11,12,[[13955,0],[13957,0],[14212,0],[13700,0],]]
[13957,3,12,[[13958,0],[13956,0],[14213,0],[14212,0],[13701,0],]]
[13958,7,12,[[13957,0],[13959,0],[14214,0],[13702,0],]]
[13959,2,12,[[13960,0],[13958,0],[14215,0],[14214,0],[13703,0],]]
[13960,10,12,[[13959,0],[13961,0],[14216,0],[13704,0],]]
[13961,11,12,[[13962,0],[13960,0],[14217,0],[14216,0],[13705,0],]]
[13962,2,12,[[13961,0],[13963,0],[14218,0],[13706,0],]]
[13963,3,12,[[13964,0],[13962,0],[14219,0],[14218,0],[13707,0],]]
[13964,16,12,[[13963,0],[13965,0],[14220,0],[13708,0],]]
[13965,16,12,[[13966,0],[13964,0],[14221,0],[14220,0],[13709,0],]]
[13966,12,12,[[13965,0],[13967,0],[14222,0],[13710,0],]]
[13967,11,12,[[13968,0],[13966,0],[14223,0],[14222,0],[13711,0],]]
[13968,17,12,[[13967,0],[13969,0],[14224,0],[13712,0],]]
[13969,1,12,[[13970,0],[13968,0],[14225,0],[14224,0],[13713,0],]]
[13970,15,12,[[13969,0],[13971,0],[14226,0],[13714,0],]]
[13971,11,12,[[13972,0],[13970,0],[14227,0],[14226,0],[13715,0],]]
[13972,5,12,[[13971,0],[13973,0],[14228,0],[13716,0],]]
[13973,1,12,[[13974,0],[13972,0],[14229,0],[14228,0],[13717,0],]]
[13974,3,12,[[13973,0],[13975,0],[14230,0],[13718,0],]]
[13975,7,12,[[13976,0],[13974,0],[14231,0],[14230,0],[13719,0],]]
[13976,9,12,[[13975,0],[13977,0],[14232,0],[13720,0],]]
[13977,12,12,[[13978,0],[13976,0],[14233,0],[14232,0],[13721,0],]]
[13978,10,12,[[13977,0],[13979,0],[14234,0],[13722,0],]]
[13979,15,12,[[13980,0],[13978,0],[14235,0],[14234,0],[13723,0],]]
[13980,10,12,[[13979,0],[13981,0],[14236,0],[13724,0],]]
[13981,5,12,[[13982,0],[13980,0],[14237,0],[14236,0],[13725,0],]]
[13982,18,12,[[13981,0],[13983,0],[14238,0],[13726,0],]]
[13983,4,12,[[13984,0],[13982,0],[14239,0],[14238,0],[13727,0],]]
[13984,13,13,[[13983,0],[13985,0],[14240,0],[13728,0],]]
[13985,4,13,[[13986,0],[13984,0],[14241,0],[14240,0],[13729,0],]]
[13986,14,13,[[13985,0],[13987,0],[14242,0],[13730,0],]]
[13987,11,13,[[13988,0],[13986,0],[14243,0],[14242,0],[13731,0],]]
[13988,2,13,[[13987,0],[13989,0],[14244,0],[13732,0],]]
[13989,10,13,[[13990,0],[13988,0],[14245,0],[14244,0],[13733,0],]]
[13990,15,13,[[13989,0],[13991,0],[14246,0],[13734,0],]]
[13991,1,13,[[13992,0],[13990,0],[14247,0],[14246,0],[13735,0],]]
[13992,13,13,[[13991,0],[13993,0],[14248,0],[13736,0],]]
[13993,17,13,[[13994,0],[13992,0],[14249,0],[14248,0],[13737,0],]]
[13994,10,13,[[13993,0],[13995,0],[14250,0],[13738,0],]]
[13995,1,13,[[13996,0],[13994,0],[14251,0],[14250,0],[13739,0],]]
[13996,10,13,[[13995,0],[13997,0],[14252,0],[13740,0],]]
[13997,10,13,[[13998,0],[13996,0],[14253,0],[14252,0],[13741,0],]]
[13998,17,13,[[13997,0],[13999,0],[14254,0],[13742,0],]]
[13999,17,13,[[14000,0],[13998,0],[14255,0],[14254,0],[13743,0],]]
[14000,16,13,[[13999,0],[14001,0],[14256,0],[13744,0],]]
[14001,15,13,[[14002,0],[14000,0],[14257,0],[14256,0],[13745,0],]]
[14002,10,13,[[14001,0],[14003,0],[14258,0],[13746,0],]]
[14003,1,13,[[14004,0],[14002,0],[14259,0],[14258,0],[13747,0],]]
[14004,11,13,[[14003,0],[14005,0],[14260,0],[13748,0],]]
[14005,6,13,[[14006,0],[14004,0],[14261,0],[14260,0],[13749,0],]]
[14006,11,13,[[14005,0],[14007,0],[14262,0],[13750,0],]]
[14007,18,13,[[14008,0],[14006,0],[14263,0],[14262,0],[13751,0],]]
[14008,19,13,[[14007,0],[14009,0],[14264,0],[13752,0],]]
[14009,13,13,[[14010,0],[14008,0],[14265,0],[14264,0],[13753,0],]]
[14010,13,13,[[14009,0],[14011,0],[14266,0],[13754,0],]]
[14011,6,13,[[14012,0],[14010,0],[14267,0],[14266,0],[13755,0],]]
[14012,11,13,[[14011,0],[14013,0],[14268,0],[13756,0],]]
[14013,11,13,[[14014,0],[14012,0],[14269,0],[14268,0],[13757,0],]]
[14014,12,13,[[14013,0],[14015,0],[14270,0],[13758,0],]]
[14015,17,13,[[14016,0],[14014,0],[14271,0],[14270,0],[13759,0],]]
[14016,7,14,[[14015,0],[14017,0],[14272,0],[13760,0],]]
[14017,10,14,[[14018,0],[14016,0],[14273,0],[14272,0],[13761,0],]]
[14018,19,14,[[14017,0],[14019,0],[14274,0],[13762,0],]]
[14019,18,14,[[14020,0],[14018,0],[14275,0],[14274,0],[13763,0],]]
[14020,11,14,[[14019,0],[14021,0],[14276,0],[13764,0],]]
[14021,8,14,[[14022,0],[14020,0],[14277,0],[14276,0],[13765,0],]]
[14022,13,14,[[14021,0],[14023,0],[14278,0],[13766,0],]]
[14023,18,14,[[14024,0],[14022,0],[14279,0],[14278,0],[13767,0],]]
[14024,13,14,[[14023,0],[14025,0],[14280,0],[13768,0],]]
[14025,6,14,[[14026,0],[14024,0],[14281,0],[14280,0],[13769,0],]]
[14026,17,14,[[14025,0],[14027,0],[14282,0],[13770,0],]]
[14027,1,14,[[14028,0],[14026,0],[14283,0],[14282,0],[13771,0],]]
[14028,13,14,[[14027,0],[14029,0],[14284,0],[13772,0],]]
[14029,13,14,[[14030,0],[14028,0],[14285,0],[14284,0],[13773,0],]]
[14030,15,14,[[14029,0],[14031,0],[14286,0],[13774,0],]]
[14031,13,14,[[14032,0],[14030,0],[14287,0],[14286,0],[13775,0],]]
[14032,8,14,[[14031,0],[14033,0],[14288,0],[13776,0],]]
[14033,3,14,[[14034,0],[14032,0],[14289,0],[14288,0],[13777,0],]]
[14034,17,14,[[14033,0],[14035,0],[14290,0],[13778,0],]]
[14035,8,14,[[14036,0],[14034,0],[14291,0],[14290,0],[13779,0],]]
[14036,16,14,[[14035,0],[14037,0],[14292,0],[13780,0],]]
[14037,6,14,[[14038,0],[14036,0],[14293,0],[14292,0],[13781,0],]]
[14038,13,14,[[14037,0],[14039,0],[14294,0],[13782,0],]]
[14039,1,14,[[14040,0],[14038,0],[14295,0],[14294,0],[13783,0],]]
[14040,10,14,[[14039,0],[14041,0],[14296,0],[13784,0],]]
[14041,3,14,[[14042,0],[14040,0],[14297,0],[14296,0],[13785,0],]]
[14042,15,14,[[14041,0],[14043,0],[14298,0],[13786,0],]]
[14043,13,14,[[14044,0],[14042,0],[14299,0],[14298,0],[13787,0],]]
[14044,16,14,[[14043,0],[14045,0],[14300,0],[13788,0],]]
[14045,12,14,[[14046,0],[14044,0],[14301,0],[14300,0],[13789,0],]]
[14046,1,14,[[14045,0],[14047,0],[14302,0],[13790,0],]]
[14047,14,14,[[14048,0],[14046,0],[14303,0],[14302,0],[13791,0],]]
[14048,15,15,[[14047,0],[14049,0],[14304,0],[13792,0],]]
[14049,3,15,[[14050,0],[14048,0],[14305,0],[14304,0],[13793,0],]]
[14050,3,15,[[14049,0],[14051,0],[14306,0],[13794,0],]]
[14051,2,15,[[14052,0],[14050,0],[14307,0],[14306,0],[13795,0],]]
[14052,17,15,[[14051,0],[14053,0],[14308,0],[13796,0],]]
[14053,11,15,[[14054,0],[14052,0],[14309,0],[14308,0],[13797,0],]]
[14054,19,15,[[14053,0],[14055,0],[14310,0],[13798,0],]]
[14055,5,15,[[14056,0],[14054,0],[14311,0],[14310,0],[13799,0],]]
[14056,17,15,[[14055,0],[14057,0],[14312,0],[13800,0],]]
[14057,8,15,[[14058,0],[14056,0],[14313,0],[14312,0],[13801,0],]]
[14058,6,15,[[14057,0],[14059,0],[14314,0],[13802,0],]]
[14059,14,15,[[14060,0],[14058,0],[14315,0],[14314,0],[13803,0],]]
[14060,1,15,[[14059,0],[14061,0],[14316,0],[13804,0],]]
[14061,4,15,[[14062,0],[14060,0],[14317,0],[14316,0],[13805,0],]]
[14062,8,15,[[14061,0],[14063,0],[14318,0],[13806,0],]]
[14063,7,15,[[14064,0],[14062,0],[14319,0],[14318,0],[13807,0],]]
[14064,8,15,[[14063,0],[14065,0],[14320,0],[13808,0],]]
[14065,13,15,[[14066,0],[14064,0],[14321,0],[14320,0],[13809,0],]]
[14066,19,15,[[14065,0],[14067,0],[14322,0],[13810,0],]]
[14067,15,15,[[14068,0],[14066,0],[14323,0],[14322,0],[13811,0],]]
[14068,12,15,[[14067,0],[14069,0],[14324,0],[13812,0],]]
[14069,7,15,[[14070,0],[14068,0],[14325,0],[14324,0],[13813,0],]]
[14070,9,15,[[14069,0],[14071,0],[14326,0],[13814,0],]]
[14071,10,15,[[14072,0],[14070,0],[14327,0],[14326,0],[13815,0],]]
[14072,9,15,[[14071,0],[14073,0],[14328,0],[13816,0],]]
[14073,17,15,[[14074,0],[14072,0],[14329,0],[14328,0],[13817,0],]]
[14074,11,15,[[14073,0],[14075,0],[14330,0],[13818,0],]]
[14075,10,15,[[14076,0],[14074,0],[14331,0],[14330,0],[13819,0],]]
[14076,19,15,[[14075,0],[14077,0],[14332,0],[13820,0],]]
[14077,8,15,[[14078,0],[14076,0],[14333,0],[14332,0],[13821,0],]]
[14078,3,15,[[14077,0],[14079,0],[14334,0],[13822,0],]]
[14079,18,15,[[14078,0],[14335,0],[14334,0],[13823,0],]]
[14080,12,8,[[14081,0],[13824,0],[13825,0],[14336,0],]]
[14081,15,8,[[14082,0],[14080,0],[13825,0],[14337,0],]]
[14082,12,8,[[14081,0],[14083,0],[13826,0],[13827,0],[14338,0],]]
[14083,19,8,[[14084,0],[14082,0],[13827,0],[14339,0],]]
[14084,7,8,[[14083,0],[14085,0],[13828,0],[13829,0],[14340,0],]]
[14085,17,8,[[14086,0],[14084,0],[13829,0],[14341,0],]]
[14086,15,8,[[14085,0],[14087,0],[13830,0],[13831,0],[14342,0],]]
[14087,16,8,[[14088,0],[14086,0],[13831,0],[14343,0],]]
[14088,8,8,[[14087,0],[14089,0],[13832,0],[13833,0],[14344,0],]]
[14089,14,8,[[14090,0],[14088,0],[13833,0],[14345,0],]]
[14090,1,8,[[14089,0],[14091,0],[13834,0],[13835,0],[14346,0],]]
[14091,15,8,[[14092,0],[14090,0],[13835,0],[14347,0],]]
[14092,19,8,[[14091,0],[14093,0],[13836,0],[13837,0],[14348,0],]]
[14093,15,8,[[14094,0],[14092,0],[13837,0],[14349,0],]]
[14094,17,8,[[14093,0],[14095,0],[13838,0],[13839,0],[14350,0],]]
[14095,8,8,[[14096,0],[14094,0],[13839,0],[14351,0],]]
[14096,5,8,[[14095,0],[14097,0],[13840,0],[13841,0],[14352,0],]]
[14097,4,8,[[14098,0],[14096,0],[13841,0],[14353,0],]]
[14098,17,8,[[14097,0],[14099,0],[13842,0],[13843,0],[14354,0],]]
[14099,16,8,[[14100,0],[14098,0],[13843,0],[14355,0],]]
[14100,16,8,[[14099,0],[14101,0],[13844,0],[13845,0],[14356,0],]]
[14101,9,8,[[14102,0],[14100,0],[13845,0],[14357,0],]]
[14102,11,8,[[14101,0],[14103,0],[13846,0],[13847,0],[14358,0],]]
[14103,19,8,[[14104,0],[14102,0],[13847,0],[14359,0],]]
[14104,8,8,[[14103,0],[14105,0],[13848,0],[13849,0],[14360,0],]]
[14105,1,8,[[14106,0],[14104,0],[13849,0],[14361,0],]]
[14106,15,8,[[14105,0],[14107,0],[13850,0],[13851,0],[14362,0],]]
[14107,4,8,[[14108,0],[14106,0],[13851,0],[14363,0],]]
[14108,16,8,[[14107,0],[14109,0],[13852,0],[13853,0],[14364,0],]]
[14109,18,8,[[14110,0],[14108,0],[13853,0],[14365,0],]]
[14110,7,8,[[14109,0],[14111,0],[13854,0],[13855,0],[14366,0],]]
[14111,10,8,[[14112,0],[14110,0],[13855,0],[14367,0],]]
[14112,10,9,[[14111,0],[14113,0],[13856,0],[13857,0],[14368,0],]]
[14113,12,9,[[14114,0],[14112,0],[13857,0],[14369,0],]]
[14114,3,9,[[14113,0],[14115,0],[13858,0],[13859,0],[14370,0],]]
[14115,14,9,[[14116,0],[14114,0],[13859,0],[14371,0],]]
[14116,12,9,[[14115,0],[14117,0],[13860,0],[13861,0],[14372,0],]]
[14117,6,9,[[14118,0],[14116,0],[13861,0],[14373,0],]]
[14118,11,9,[[14117,0],[14119,0],[13862,0],[13863,0],[14374,0],]]
[14119,9,9,[[14120,0],[14118,0],[13863,0],[14375,0],]]
[14120,8,9,[[14119,0],[14121,0],[13864,0],[13865,0],[14376,0],]]
[14121,1,9,[[14122,0],[14120,0],[13865,0],[14377,0],]]
[14122,19,9,[[14121,0],[14123,0],[13866,0],[13867,0],[14378,0],]]
[14123,9,9,[[14124,0],[14122,0],[13867,0],[14379,0],]]
[14124,10,9,[[14123,0],[14125,0],[13868,0],[13869,0],[14380,0],]]
[14125,15,9,[[14126,0],[14124,0],[13869,0],[14381,0],]]
[14126,7,9,[[14125,0],[14127,0],[13870,0],[13871,0],[14382,0],]]
[14127,19,9,[[14128,0],[14126,0],[13871,0],[14383,0],]]
[14128,6,9,[[14127,0],[14129,0],[13872,0],[13873,0],[14384,0],]]
[14129,6,9,[[14130,0],[14128,0],[13873,0],[14385,0],]]
[14130,17,9,[[14129,0],[14131,0],[13874,0],[13875,0],[14386,0],]]
[14131,11,9,[[14132,0],[14130,0],[13875,0],[14387,0],]]
[14132,17,9,[[14131,0],[14133,0],[13876,0],[13877,0],[14388,0],]]
[14133,14,9,[[14134,0],[14132,0],[13877,0],[14389,0],]]
[14134,11,9,[[14133,0],[14135,0],[13878,0],[13879,0],[14390,0],]]
[14135,18,9,[[14136,0],[14134,0],[13879,0],[14391,0],]]
[14136,16,9,[[14135,0],[14137,0],[13880,0],[13881,0],[14392,0],]]
[14137,6,9,[[14138,0],[14136,0],[13881,0],[14393,0],]]
[14138,2,9,[[14137,0],[14139,0],[13882,0],[13883,0],[14394,0],]]
[14139,17,9,[[14140,0],[14138,0],[13883,0],[14395,0],]]
[14140,13,9,[[14139,0],[14141,0],[13884,0],[13885,0],[14396,0],]]
[14141,4,9,[[14142,0],[14140,0],[13885,0],[14397,0],]]
[14142,14,9,[[14141,0],[14143,0],[13886,0],[13887,0],[14398,0],]]
[14143,13,9,[[14144,0],[14142,0],[13887,0],[14399,0],]]
[14144,10,10,[[14143,0],[14145,0],[13888,0],[13889,0],[14400,0],]]
[14145,17,10,[[14146,0],[14144,0],[13889,0],[14401,0],]]
[14146,10,10,[[14145,0],[14147,0],[13890,0],[13891,0],[14402,0],]]
[14147,2,10,[[14148,0],[14146,0],[13891,0],[14403,0],]]
[14148,8,10,[[14147,0],[14149,0],[13892,0],[13893,0],[14404,0],]]
[14149,19,10,[[14150,0],[14148,0],[13893,0],[14405,0],]]
[14150,8,10,[[14149,0],[14151,0],[13894,0],[13895,0],[14406,0],]]
[14151,3,10,[[14152,0],[14150,0],[13895,0],[14407,0],]]
[14152,8,10,[[14151,0],[14153,0],[13896,0],[13897,0],[14408,0],]]
[14153,10,10,[[14154,0],[14152,0],[13897,0],[14409,0],]]
[14154,18,10,[[14153,0],[14155,0],[13898,0],[13899,0],[14410,0],]]
[14155,15,10,[[14156,0],[14154,0],[13899,0],[14411,0],]]
[14156,4,10,[[14155,0],[14157,0],[13900,0],[13901,0],[14412,0],]]
[14157,9,10,[[14158,0],[14156,0],[13901,0],[14413,0],]]
[14158,11,10,[[14157,0],[14159,0],[13902,0],[13903,0],[14414,0],]]
[14159,1,10,[[14160,0],[14158,0],[13903,0],[14415,0],]]
[14160,4,10,[[14159,0],[14161,0],[13904,0],[13905,0],[14416,0],]]
[14161,6,10,[[14162,0],[14160,0],[13905,0],[14417,0],]]
[14162,8,10,[[14161,0],[14163,0],[13906,0],[13907,0],[14418,0],]]
[14163,3,10,[[14164,0],[14162,0],[13907,0],[14419,0],]]
[14164,1,10,[[14163,0],[14165,0],[13908,0],[13909,0],[14420,0],]]
[14165,15,10,[[14166,0],[14164,0],[13909,0],[14421,0],]]
[14166,18,10,[[14165,0],[14167,0],[13910,0],[13911,0],[14422,0],]]
[14167,14,10,[[14168,0],[14166,0],[13911,0],[14423,0],]]
[14168,8,10,[[14167,0],[14169,0],[13912,0],[13913,0],[14424,0],]]
[14169,15,10,[[14170,0],[14168,0],[13913,0],[14425,0],]]
[14170,19,10,[[14169,0],[14171,0],[13914,0],[13915,0],[14426,0],]]
[14171,1,10,[[14172,0],[14170,0],[13915,0],[14427,0],]]
[14172,14,10,[[14171,0],[14173,0],[13916,0],[13917,0],[14428,0],]]
[14173,17,10,[[14174,0],[14172,0],[13917,0],[14429,0],]]
[14174,3,10,[[14173,0],[14175,0],[13918,0],[13919,0],[14430,0],]]
[14175,17,10,[[14176,0],[14174,0],[13919,0],[14431,0],]]
[14176,11,11,[[14175,0],[14177,0],[13920,0],[13921,0],[14432,0],]]
[14177,15,11,[[14178,0],[14176,0],[13921,0],[14433,0],]]
[14178,6,11,[[14177,0],[14179,0],[13922,0],[13923,0],[14434,0],]]
[14179,19,11,[[14180,0],[14178,0],[13923,0],[14435,0],]]
[14180,1,11,[[14179,0],[14181,0],[13924,0],[13925,0],[14436,0],]]
[14181,10,11,[[14182,0],[14180,0],[13925,0],[14437,0],]]
[14182,19,11,[[14181,0],[14183,0],[13926,0],[13927,0],[14438,0],]]
[14183,18,11,[[14184,0],[14182,0],[13927,0],[14439,0],]]
[14184,15,11,[[14183,0],[14185,0],[13928,0],[13929,0],[14440,0],]]
[14185,5,11,[[14186,0],[14184,0],[13929,0],[14441,0],]]
[14186,13,11,[[14185,0],[14187,0],[13930,0],[13931,0],[14442,0],]]
[14187,12,11,[[14188,0],[14186,0],[13931,0],[14443,0],]]
[14188,13,11,[[14187,0],[14189,0],[13932,0],[13933,0],[14444,0],]]
[14189,14,11,[[14190,0],[14188,0],[13933,0],[14445,0],]]
[14190,1,11,[[14189,0],[14191,0],[13934,0],[13935,0],[14446,0],]]
[14191,17,11,[[14192,0],[14190,0],[13935,0],[14447,0],]]
[14192,16,11,[[14191,0],[14193,0],[13936,0],[13937,0],[14448,0],]]
[14193,3,11,[[14194,0],[14192,0],[13937,0],[14449,0],]]
[14194,11,11,[[14193,0],[14195,0],[13938,0],[13939,0],[14450,0],]]
[14195,15,11,[[14196,0],[14194,0],[13939,0],[14451,0],]]
[14196,3,11,[[14195,0],[14197,0],[13940,0],[13941,0],[14452,0],]]
[14197,16,11,[[14198,0],[14196,0],[13941,0],[14453,0],]]
[14198,17,11,[[14197,0],[14199,0],[13942,0],[13943,0],[14454,0],]]
[14199,5,11,[[14200,0],[14198,0],[13943,0],[14455,0],]]
[14200,15,11,[[14199,0],[14201,0],[13944,0],[13945,0],[14456,0],]]
[14201,8,11,[[14202,0],[14200,0],[13945,0],[14457,0],]]
[14202,14,11,[[14201,0],[14203,0],[13946,0],[13947,0],[14458,0],]]
[14203,16,11,[[14204,0],[14202,0],[13947,0],[14459,0],]]
[14204,14,11,[[14203,0],[14205,0],[13948,0],[13949,0],[14460,0],]]
[14205,4,11,[[14206,0],[14204,0],[13949,0],[14461,0],]]
[14206,12,11,[[14205,0],[14207,0],[13950,0],[13951,0],[14462,0],]]
[14207,12,11,[[14208,0],[14206,0],[13951,0],[14463,0],]]
[14208,19,12,[[14207,0],[14209,0],[13952,0],[13953,0],[14464,0],]]
[14209,1,12,[[14210,0],[14208,0],[13953,0],[14465,0],]]
[14210,7,12,[[14209,0],[14211,0],[13954,0],[13955,0],[14466,0],]]
[14211,2,12,[[14212,0],[14210,0],[13955,0],[14467,0],]]
[14212,15,12,[[14211,0],[14213,0],[13956,0],[13957,0],[14468,0],]]
[14213,18,12,[[14214,0],[14212,0],[13957,0],[14469,0],]]
[14214,17,12,[[14213,0],[14215,0],[13958,0],[13959,0],[14470,0],]]
[14215,5,12,[[14216,0],[14214,0],[13959,0],[14471,0],]]
[14216,5,12,[[14215,0],[14217,0],[13960,0],[13961,0],[14472,0],]]
[14217,5,12,[[14218,0],[14216,0],[13961,0],[14473,0],]]
[14218,11,12,[[14217,0],[14219,0],[13962,0],[13963,0],[14474,0],]]
[14219,15,12,[[14220,0],[14218,0],[13963,0],[14475,0],]]
[14220,7,12,[[14219,0],[14221,0],[13964,0],[13965,0],[14476,0],]]
[14221,12,12,[[14222,0],[14220,0],[13965,0],[14477,0],]]
[14222,12,12,[[14221,0],[14223,0],[13966,0],[13967,0],[14478,0],]]
[14223,6,12,[[14224,0],[14222,0],[13967,0],[14479,0],]]
[14224,18,12,[[14223,0],[14225,0],[13968,0],[13969,0],[14480,0],]]
[14225,16,12,[[14226,0],[14224,0],[13969,0],[14481,0],]]
[14226,16,12,[[14225,0],[14227,0],[13970,0],[13971,0],[14482,0],]]
[14227,15,12,[[14228,0],[14226,0],[13971,0],[14483,0],]]
[14228,19,12,[[14227,0],[14229,0],[13972,0],[13973,0],[14484,0],]]
[14229,6,12,[[14230,0],[14228,0],[13973,0],[14485,0],]]
[14230,13,12,[[14229,0],[14231,0],[13974,0],[13975,0],[14486,0],]]
[14231,2,12,[[14232,0],[14230,0],[13975,0],[14487,0],]]
[14232,7,12,[[14231,0],[14233,0],[13976,0],[13977,0],[14488,0],]]
[14233,3,12,[[14234,0],[14232,0],[13977,0],[14489,0],]]
[14234,19,12,[[14233,0],[14235,0],[13978,0],[13979,0],[14490,0],]]
[14235,12,12,[[14236,0],[14234,0],[13979,0],[14491,0],]]
[14236,9,12,[[14235,0],[14237,0],[13980,0],[13981,0],[14492,0],]]
[14237,6,12,[[14238,0],[14236,0],[13981,0],[14493,0],]]
[14238,5,12,[[14237,0],[14239,0],[13982,0],[13983,0],[14494,0],]]
[14239,4,12,[[14240,0],[14238,0],[13983,0],[14495,0],]]
[14240,11,13,[[14239,0],[14241,0],[13984,0],[13985,0],[14496,0],]]
[14241,5,13,[[14242,0],[14240,0],[13985,0],[14497,0],]]
[14242,17,13,[[14241,0],[14243,0],[13986,0],[13987,0],[14498,0],]]
[14243,13,13,[[14244,0],[14242,0],[13987,0],[14499,0],]]
[14244,8,13,[[14243,0],[14245,0],[13988,0],[13989,0],[14500,0],]]
[14245,12,13,[[14246,0],[14244,0],[13989,0],[14501,0],]]
[14246,8,13,[[14245,0],[14247,0],[13990,0],[13991,0],[14502,0],]]
[14247,9,13,[[14248,0],[14246,0],[13991,0],[14503,0],]]
[14248,12,13,[[14247,0],[14249,0],[13992,0],[13993,0],[14504,0],]]
[14249,10,13,[[14250,0],[14248,0],[13993,0],[14505,0],]]
[14250,7,13,[[14249,0],[14251,0],[13994,0],[13995,0],[14506,0],]]
[14251,11,13,[[14252,0],[14250,0],[13995,0],[14507,0],]]
[14252,17,13,[[14251,0],[14253,0],[13996,0],[13997,0],[14508,0],]]
[14253,4,13,[[14254,0],[14252,0],[13997,0],[14509,0],]]
[14254,1,13,[[14253,0],[14255,0],[13998,0],[13999,0],[14510,0],]]
[14255,9,13,[[14256,0],[14254,0],[13999,0],[14511,0],]]
[14256,16,13,[[14255,0],[14257,0],[14000,0],[14001,0],[14512,0],]]
[14257,1,13,[[14258,0],[14256,0],[14001,0],[14513,0],]]
[14258,3,13,[[14257,0],[14259,0],[14002,0],[14003,0],[14514,0],]]
[14259,13,13,[[14260,0],[14258,0],[14003,0],[14515,0],]]
[14260,3,13,[[14259,0],[14261,0],[14004,0],[14005,0],[14516,0],]]
[14261,12,13,[[14262,0],[14260,0],[14005,0],[14517,0],]]
[14262,8,13,[[14261,0],[14263,0],[14006,0],[14007,0],[14518,0],]]
[14263,11,13,[[14264,0],[14262,0],[14007,0],[14519,0],]]
[14264,4,13,[[14263,0],[14265,0],[14008,0],[14009,0],[14520,0],]]
[14265,12,13,[[14266,0],[14264,0],[14009,0],[14521,0],]]
[14266,4,13,[[14265,0],[14267,0],[14010,0],[14011,0],[14522,0],]]
[14267,16,13,[[14268,0],[14266,0],[14011,0],[14523,0],]]
[14268,14,13,[[14267,0],[14269,0],[14012,0],[14013,0],[14524,0],]]
[14269,12,13,[[14270,0],[14268,0],[14013,0],[14525,0],]]
[14270,19,13,[[14269,0],[14271,0],[14014,0],[14015,0],[14526,0],]]
[14271,7,13,[[14272,0],[14270,0],[14015,0],[14527,0],]]
[14272,9,14,[[14271,0],[14273,0],[14016,0],[14017,0],[14528,0],]]
[14273,9,14,[[14274,0],[14272,0],[14017,0],[14529,0],]]
[14274,6,14,[[14273,0],[14275,0],[14018,0],[14019,0],[14530,0],]]
[14275,16,14,[[14276,0],[14274,0],[14019,0],[14531,0],]]
[14276,17,14,[[14275,0],[14277,0],[14020,0],[14021,0],[14532,0],]]
[14277,4,14,[[14278,0],[14276,0],[14021,0],[14533,0],]]
[14278,3,14,[[14277,0],[14279,0],[14022,0],[14023,0],[14534,0],]]
[14279,9,14,[[14280,0],[14278,0],[14023,0],[14535,0],]]
[14280,19,14,[[14279,0],[14281,0],[14024,0],[14025,0],[14536,0],]]
[14281,10,14,[[14282,0],[14280,0],[14025,0],[14537,0],]]
[14282,8,14,[[14281,0],[14283,0],[14026,0],[14027,0],[14538,0],]]
[14283,10,14,[[14284,0],[14282,0],[14027,0],[14539,0],]]
[14284,17,14,[[14283,0],[14285,0],[14028,0],[14029,0],[14540,0],]]
[14285,5,14,[[14286,0],[14284,0],[14029,0],[14541,0],]]
[14286,14,14,[[14285,0],[14287,0],[14030,0],[14031,0],[14542,0],]]
[14287,14,14,[[14288,0],[14286,0],[14031,0],[14543,0],]]
[14288,1,14,[[14287,0],[14289,0],[14032,0],[14033,0],[14544,0],]]
[14289,15,14,[[14290,0],[14288,0],[14033,0],[14545,0],]]
[14290,10,14,[[14289,0],[14291,0],[14034,0],[14035,0],[14546,0],]]
[14291,9,14,[[14292,0],[14290,0],[14035,0],[14547,0],]]
[14292,2,14,[[14291,0],[14293,0],[14036,0],[14037,0],[14548,0],]]
[14293,4,14,[[14294,0],[14292,0],[14037,0],[14549,0],]]
[14294,18,14,[[14293,0],[14295,0],[14038,0],[14039,0],[14550,0],]]
[14295,18,14,[[14296,0],[14294,0],[14039,0],[14551,0],]]
[14296,13,14,[[14295,0],[14297,0],[14040,0],[14041,0],[14552,0],]]
[14297,8,14,[[14298,0],[14296,0],[14041,0],[14553,0],]]
[14298,14,14,[[14297,0],[14299,0],[14042,0],[14043,0],[14554,0],]]
[14299,9,14,[[14300,0],[14298,0],[14043,0],[14555,0],]]
[14300,6,14,[[14299,0],[14301,0],[14044,0],[14045,0],[14556,0],]]
[14301,15,14,[[14302,0],[14300,0],[14045,0],[14557,0],]]
[14302,10,14,[[14301,0],[14303,0],[14046,0],[14047,0],[14558,0],]]
[14303,11,14,[[14304,0],[14302,0],[14047,0],[14559,0],]]
[14304,10,15,[[14303,0],[14305,0],[14048,0],[14049,0],[14560,0],]]
[14305,8,15,[[14306,0],[14304,0],[14049,0],[14561,0],]]
[14306,1,15,[[14305,0],[14307,0],[14050,0],[14051,0],[14562,0],]]
[14307,2,15,[[14308,0],[14306,0],[14051,0],[14563,0],]]
[14308,18,15,[[14307,0],[14309,0],[14052,0],[14053,0],[14564,0],]]
[14309,14,15,[[14310,0],[14308,0],[14053,0],[14565,0],]]
[14310,16,15,[[14309,0],[14311,0],[14054,0],[14055,0],[14566,0],]]
[14311,8,15,[[14312,0],[14310,0],[14055,0],[14567,0],]]
[14312,4,15,[[14311,0],[14313,0],[14056,0],[14057,0],[14568,0],]]
[14313,2,15,[[14314,0],[14312,0],[14057,0],[14569,0],]]
[14314,10,15,[[14313,0],[14315,0],[14058,0],[14059,0],[14570,0],]]
[14315,1,15,[[14316,0],[14314,0],[14059,0],[14571,0],]]
[14316,8,15,[[14315,0],[14317,0],[14060,0],[14061,0],[14572,0],]]
[14317,8,15,[[14318,0],[14316,0],[14061,0],[14573,0],]]
[14318,8,15,[[14317,0],[14319,0],[14062,0],[14063,0],[14574,0],]]
[14319,19,15,[[14320,0],[14318,0],[14063,0],[14575,0],]]
[14320,18,15,[[14319,0],[14321,0],[14064,0],[14065,0],[14576,0],]]
[14321,11,15,[[14322,0],[14320,0],[14065,0],[14577,0],]]
[14322,7,15,[[14321,0],[14323,0],[14066,0],[14067,0],[14578,0],]]
[14323,5,15,[[14324,0],[14322,0],[14067,0],[14579,0],]]
[14324,3,15,[[14323,0],[14325,0],[14068,0],[14069,0],[14580,0],]]
[14325,5,15,[[14326,0],[14324,0],[14069,0],[14581,0],]]
[14326,18,15,[[14325,0],[14327,0],[14070,0],[14071,0],[14582,0],]]
[14327,9,15,[[14328,0],[14326,0],[14071,0],[14583,0],]]
[14328,13,15,[[14327,0],[14329,0],[14072,0],[14073,0],[14584,0],]]
[14329,1,15,[[14330,0],[14328,0],[14073,0],[14585,0],]]
[14330,3,15,[[14329,0],[14331,0],[14074,0],[14075,0],[14586,0],]]
[14331,16,15,[[14332,0],[14330,0],[14075,0],[14587,0],]]
[14332,14,15,[[14331,0],[14333,0],[14076,0],[14077,0],[14588,0],]]
[14333,1,15,[[14334,0],[14332,0],[14077,0],[14589,0],]]
[14334,8,15,[[14333,0],[14335,0],[14078,0],[14079,0],[14590,0],]]
[14335,2,15,[[14334,0],[14079,0],[14591,0],]]
[14336,13,8,[[14337,0],[14592,0],[14080,0],]]
[14337,18,8,[[14338,0],[14336,0],[14593,0],[14592,0],[14081,0],]]
[14338,10,8,[[14337,0],[14339,0],[14594,0],[14082,0],]]
[14339,9,8,[[14340,0],[14338,0],[14595,0],[14594,0],[14083,0],]]
[14340,2,8,[[14339,0],[14341,0],[14596,0],[14084,0],]]
[14341,17,8,[[14342,0],[14340,0],[14597,0],[14596,0],[14085,0],]]
[14342,4,8,[[14341,0],[14343,0],[14598,0],[14086,0],]]
[14343,11,8,[[14344,0],[14342,0],[14599,0],[14598,0],[14087,0],]]
[14344,14,8,[[14343,0],[14345,0],[14600,0],[14088,0],]]
[14345,3,8,[[14346,0],[14344,0],[14601,0],[14600,0],[14089,0],]]
[14346,19,8,[[14345,0],[14347,0],[14602,0],[14090,0],]]
[14347,1,8,[[14348,0],[14346,0],[14603,0],[14602,0],[14091,0],]]
[14348,14,8,[[14347,0],[14349,0],[14604,0],[14092,0],]]
[14349,10,8,[[14350,0],[14348,0],[14605,0],[14604,0],[14093,0],]]
[14350,13,8,[[14349,0],[14351,0],[14606,0],[14094,0],]]
[14351,6,8,[[14352,0],[14350,0],[14607,0],[14606,0],[14095,0],]]
[14352,18,8,[[14351,0],[14353,0],[14608,0],[14096,0],]]
[14353,1,8,[[14354,0],[14352,0],[14609,0],[14608,0],[14097,0],]]
[14354,7,8,[[14353,0],[14355,0],[14610,0],[14098,0],]]
[14355,12,8,[[14356,0],[14354,0],[14611,0],[14610,0],[14099,0],]]
[14356,6,8,[[14355,0],[14357,0],[14612,0],[14100,0],]]
[14357,9,8,[[14358,0],[14356,0],[14613,0],[14612,0],[14101,0],]]
[14358,5,8,[[14357,0],[14359,0],[14614,0],[14102,0],]]
[14359,18,8,[[14360,0],[14358,0],[14615,0],[14614,0],[14103,0],]]
[14360,4,8,[[14359,0],[14361,0],[14616,0],[14104,0],]]
[14361,7,8,[[14362,0],[14360,0],[14617,0],[14616,0],[14105,0],]]
[14362,8,8,[[14361,0],[14363,0],[14618,0],[14106,0],]]
[14363,15,8,[[14364,0],[14362,0],[14619,0],[14618,0],[14107,0],]]
[14364,1,8,[[14363,0],[14365,0],[14620,0],[14108,0],]]
[14365,6,8,[[14366,0],[14364,0],[14621,0],[14620,0],[14109,0],]]
[14366,6,8,[[14365,0],[14367,0],[14622,0],[14110,0],]]
[14367,10,8,[[14368,0],[14366,0],[14623,0],[14622,0],[14111,0],]]
[14368,16,9,[[14367,0],[14369,0],[14624,0],[14112,0],]]
[14369,13,9,[[14370,0],[14368,0],[14625,0],[14624,0],[14113,0],]]
[14370,10,9,[[14369,0],[14371,0],[14626,0],[14114,0],]]
[14371,12,9,[[14372,0],[14370,0],[14627,0],[14626,0],[14115,0],]]
[14372,16,9,[[14371,0],[14373,0],[14628,0],[14116,0],]]
[14373,5,9,[[14374,0],[14372,0],[14629,0],[14628,0],[14117,0],]]
[14374,18,9,[[14373,0],[14375,0],[14630,0],[14118,0],]]
[14375,7,9,[[14376,0],[14374,0],[14631,0],[14630,0],[14119,0],]]
[14376,17,9,[[14375,0],[14377,0],[14632,0],[14120,0],]]
[14377,14,9,[[14378,0],[14376,0],[14633,0],[14632,0],[14121,0],]]
[14378,12,9,[[14377,0],[14379,0],[14634,0],[14122,0],]]
[14379,14,9,[[14380,0],[14378,0],[14635,0],[14634,0],[14123,0],]]
[14380,9,9,[[14379,0],[14381,0],[14636,0],[14124,0],]]
[14381,5,9,[[14382,0],[14380,0],[14637,0],[14636,0],[14125,0],]]
[14382,14,9,[[14381,0],[14383,0],[14638,0],[14126,0],]]
[14383,13,9,[[14384,0],[14382,0],[14639,0],[14638,0],[14127,0],]]
[14384,1,9,[[14383,0],[14385,0],[14640,0],[14128,0],]]
[14385,9,9,[[14386,0],[14384,0],[14641,0],[14640,0],[14129,0],]]
[14386,3,9,[[14385,0],[14387,0],[14642,0],[14130,0],]]
[14387,1,9,[[14388,0],[14386,0],[14643,0],[14642,0],[14131,0],]]
[14388,7,9,[[14387,0],[14389,0],[14644,0],[14132,0],]]
[14389,11,9,[[14390,0],[14388,0],[14645,0],[14644,0],[14133,0],]]
[14390,8,9,[[14389,0],[14391,0],[14646,0],[14134,0],]]
[14391,18,9,[[14392,0],[14390,0],[14647,0],[14646,0],[14135,0],]]
[14392,10,9,[[14391,0],[14393,0],[14648,0],[14136,0],]]
[14393,17,9,[[14394,0],[14392,0],[14649,0],[14648,0],[14137,0],]]
[14394,2,9,[[14393,0],[14395,0],[14650,0],[14138,0],]]
[14395,15,9,[[14396,0],[14394,0],[14651,0],[14650,0],[14139,0],]]
[14396,11,9,[[14395,0],[14397,0],[14652,0],[14140,0],]]
[14397,14,9,[[14398,0],[14396,0],[14653,0],[14652,0],[14141,0],]]
[14398,4,9,[[14397,0],[14399,0],[14654,0],[14142,0],]]
[14399,11,9,[[14400,0],[14398,0],[14655,0],[14654,0],[14143,0],]]
[14400,2,10,[[14399,0],[14401,0],[14656,0],[14144,0],]]
[14401,10,10,[[14402,0],[14400,0],[14657,0],[14656,0],[14145,0],]]
[14402,2,10,[[14401,0],[14403,0],[14658,0],[14146,0],]]
[14403,1,10,[[14404,0],[14402,0],[14659,0],[14658,0],[14147,0],]]
[14404,12,10,[[14403,0],[14405,0],[14660,0],[14148,0],]]
[14405,7,10,[[14406,0],[14404,0],[14661,0],[14660,0],[14149,0],]]
[14406,8,10,[[14405,0],[14407,0],[14662,0],[14150,0],]]
[14407,18,10,[[14408,0],[14406,0],[14663,0],[14662,0],[14151,0],]]
[14408,16,10,[[14407,0],[14409,0],[14664,0],[14152,0],]]
[14409,17,10,[[14410,0],[14408,0],[14665,0],[14664,0],[14153,0],]]
[14410,7,10,[[14409,0],[14411,0],[14666,0],[14154,0],]]
[14411,2,10,[[14412,0],[14410,0],[14667,0],[14666,0],[14155,0],]]
[14412,15,10,[[14411,0],[14413,0],[14668,0],[14156,0],]]
[14413,17,10,[[14414,0],[14412,0],[14669,0],[14668,0],[14157,0],]]
[14414,7,10,[[14413,0],[14415,0],[14670,0],[14158,0],]]
[14415,9,10,[[14416,0],[14414,0],[14671,0],[14670,0],[14159,0],]]
[14416,3,10,[[14415,0],[14417,0],[14672,0],[14160,0],]]
