[1310,3,0,[[1309,0],[1311,0],[1054,0],[1055,0],[1566,0],]]
[1311,2,0,[[1312,0],[1310,0],[1055,0],[1567,0],]]
[1312,12,1,[[1311,0],[1313,0],[1056,0],[1057,0],[1568,0],]]
[1313,6,1,[[1314,0],[1312,0],[1057,0],[1569,0],]]
[1314,14,1,[[1313,0],[1315,0],[1058,0],[1059,0],[1570,0],]]
[1315,3,1,[[1316,0],[1314,0],[1059,0],[1571,0],]]
[1316,9,1,[[1315,0],[1317,0],[1060,0],[1061,0],[1572,0],]]
[1317,15,1,[[1318,0],[1316,0],[1061,0],[1573,0],]]
[1318,14,1,[[1317,0],[1319,0],[1062,0],[1063,0],[1574,0],]]
[1319,17,1,[[1320,0],[1318,0],[1063,0],[1575,0],]]
[1320,16,1,[[1319,0],[1321,0],[1064,0],[1065,0],[1576,0],]]
[1321,14,1,[[1322,0],[1320,0],[1065,0],[1577,0],]]
[1322,11,1,[[1321,0],[1323,0],[1066,0],[1067,0],[1578,0],]]
[1323,3,1,[[1324,0],[1322,0],[1067,0],[1579,0],]]
[1324,1,1,[[1323,0],[1325,0],[1068,0],[1069,0],[1580,0],]]
[1325,17,1,[[1326,0],[1324,0],[1069,0],[1581,0],]]
[1326,9,1,[[1325,0],[1327,0],[1070,0],[1071,0],[1582,0],]]
[1327,14,1,[[1328,0],[1326,0],[1071,0],[1583,0],]]
[1328,16,1,[[1327,0],[1329,0],[1072,0],[1073,0],[1584,0],]]
[1329,5,1,[[1330,0],[1328,0],[1073,0],[1585,0],]]
[1330,7,1,[[1329,0],[1331,0],[1074,0],[1075,0],[1586,0],]]
[1331,15,1,[[1332,0],[1330,0],[1075,0],[1587,0],]]
[1332,14,1,[[1331,0],[1333,0],[1076,0],[1077,0],[1588,0],]]
[1333,14,1,[[1334,0],[1332,0],[1077,0],[1589,0],]]
[1334,4,1,[[1333,0],[1335,0],[1078,0],[1079,0],[1590,0],]]
[1335,12,1,[[1336,0],[1334,0],[1079,0],[1591,0],]]
[1336,19,1,[[1335,0],[1337,0],[1080,0],[1081,0],[1592,0],]]
[1337,18,1,[[1338,0],[1336,0],[1081,0],[1593,0],]]
[1338,19,1,[[1337,0],[1339,0],[1082,0],[1083,0],[1594,0],]]
[1339,10,1,[[1340,0],[1338,0],[1083,0],[1595,0],]]
[1340,16,1,[[1339,0],[1341,0],[1084,0],[1085,0],[1596,0],]]
[1341,5,1,[[1342,0],[1340,0],[1085,0],[1597,0],]]
[1342,4,1,[[1341,0],[1343,0],[1086,0],[1087,0],[1598,0],]]
[1343,10,1,[[1344,0],[1342,0],[1087,0],[1599,0],]]
[1344,2,2,[[1343,0],[1345,0],[1088,0],[1089,0],[1600,0],]]
[1345,12,2,[[1346,0],[1344,0],[1089,0],[1601,0],]]
[1346,1,2,[[1345,0],[1347,0],[1090,0],[1091,0],[1602,0],]]
[1347,9,2,[[1348,0],[1346,0],[1091,0],[1603,0],]]
[1348,13,2,[[1347,0],[1349,0],[1092,0],[1093,0],[1604,0],]]
[1349,4,2,[[1350,0],[1348,0],[1093,0],[1605,0],]]
[1350,7,2,[[1349,0],[1351,0],[1094,0],[1095,0],[1606,0],]]
[1351,14,2,[[1352,0],[1350,0],[1095,0],[1607,0],]]
[1352,6,2,[[1351,0],[1353,0],[1096,0],[1097,0],[1608,0],]]
[1353,1,2,[[1354,0],[1352,0],[1097,0],[1609,0],]]
[1354,3,2,[[1353,0],[1355,0],[1098,0],[1099,0],[1610,0],]]
[1355,4,2,[[1356,0],[1354,0],[1099,0],[1611,0],]]
[1356,18,2,[[1355,0],[1357,0],[1100,0],[1101,0],[1612,0],]]
[1357,11,2,[[1358,0],[1356,0],[1101,0],[1613,0],]]
[1358,11,2,[[1357,0],[1359,0],[1102,0],[1103,0],[1614,0],]]
[1359,15,2,[[1360,0],[1358,0],[1103,0],[1615,0],]]
[1360,3,2,[[1359,0],[1361,0],[1104,0],[1105,0],[1616,0],]]
[1361,6,2,[[1362,0],[1360,0],[1105,0],[1617,0],]]
[1362,8,2,[[1361,0],[1363,0],[1106,0],[1107,0],[1618,0],]]
[1363,6,2,[[1364,0],[1362,0],[1107,0],[1619,0],]]
[1364,13,2,[[1363,0],[1365,0],[1108,0],[1109,0],[1620,0],]]
[1365,15,2,[[1366,0],[1364,0],[1109,0],[1621,0],]]
[1366,15,2,[[1365,0],[1367,0],[1110,0],[1111,0],[1622,0],]]
[1367,8,2,[[1368,0],[1366,0],[1111,0],[1623,0],]]
[1368,1,2,[[1367,0],[1369,0],[1112,0],[1113,0],[1624,0],]]
[1369,9,2,[[1370,0],[1368,0],[1113,0],[1625,0],]]
[1370,12,2,[[1369,0],[1371,0],[1114,0],[1115,0],[1626,0],]]
[1371,2,2,[[1372,0],[1370,0],[1115,0],[1627,0],]]
[1372,4,2,[[1371,0],[1373,0],[1116,0],[1117,0],[1628,0],]]
[1373,19,2,[[1374,0],[1372,0],[1117,0],[1629,0],]]
[1374,14,2,[[1373,0],[1375,0],[1118,0],[1119,0],[1630,0],]]
[1375,1,2,[[1376,0],[1374,0],[1119,0],[1631,0],]]
[1376,18,3,[[1375,0],[1377,0],[1120,0],[1121,0],[1632,0],]]
[1377,3,3,[[1378,0],[1376,0],[1121,0],[1633,0],]]
[1378,16,3,[[1377,0],[1379,0],[1122,0],[1123,0],[1634,0],]]
[1379,5,3,[[1380,0],[1378,0],[1123,0],[1635,0],]]
[1380,18,3,[[1379,0],[1381,0],[1124,0],[1125,0],[1636,0],]]
[1381,10,3,[[1382,0],[1380,0],[1125,0],[1637,0],]]
[1382,2,3,[[1381,0],[1383,0],[1126,0],[1127,0],[1638,0],]]
[1383,12,3,[[1384,0],[1382,0],[1127,0],[1639,0],]]
[1384,15,3,[[1383,0],[1385,0],[1128,0],[1129,0],[1640,0],]]
[1385,19,3,[[1386,0],[1384,0],[1129,0],[1641,0],]]
[1386,16,3,[[1385,0],[1387,0],[1130,0],[1131,0],[1642,0],]]
[1387,11,3,[[1388,0],[1386,0],[1131,0],[1643,0],]]
[1388,18,3,[[1387,0],[1389,0],[1132,0],[1133,0],[1644,0],]]
[1389,18,3,[[1390,0],[1388,0],[1133,0],[1645,0],]]
[1390,7,3,[[1389,0],[1391,0],[1134,0],[1135,0],[1646,0],]]
[1391,10,3,[[1392,0],[1390,0],[1135,0],[1647,0],]]
[1392,14,3,[[1391,0],[1393,0],[1136,0],[1137,0],[1648,0],]]
[1393,16,3,[[1394,0],[1392,0],[1137,0],[1649,0],]]
[1394,9,3,[[1393,0],[1395,0],[1138,0],[1139,0],[1650,0],]]
[1395,6,3,[[1396,0],[1394,0],[1139,0],[1651,0],]]
[1396,2,3,[[1395,0],[1397,0],[1140,0],[1141,0],[1652,0],]]
[1397,4,3,[[1398,0],[1396,0],[1141,0],[1653,0],]]
[1398,3,3,[[1397,0],[1399,0],[1142,0],[1143,0],[1654,0],]]
[1399,12,3,[[1400,0],[1398,0],[1143,0],[1655,0],]]
[1400,10,3,[[1399,0],[1401,0],[1144,0],[1145,0],[1656,0],]]
[1401,5,3,[[1402,0],[1400,0],[1145,0],[1657,0],]]
[1402,15,3,[[1401,0],[1403,0],[1146,0],[1147,0],[1658,0],]]
[1403,3,3,[[1404,0],[1402,0],[1147,0],[1659,0],]]
[1404,3,3,[[1403,0],[1405,0],[1148,0],[1149,0],[1660,0],]]
[1405,11,3,[[1406,0],[1404,0],[1149,0],[1661,0],]]
[1406,6,3,[[1405,0],[1407,0],[1150,0],[1151,0],[1662,0],]]
[1407,2,3,[[1408,0],[1406,0],[1151,0],[1663,0],]]
[1408,12,4,[[1407,0],[1409,0],[1152,0],[1153,0],[1664,0],]]
[1409,13,4,[[1410,0],[1408,0],[1153,0],[1665,0],]]
[1410,2,4,[[1409,0],[1411,0],[1154,0],[1155,0],[1666,0],]]
[1411,3,4,[[1412,0],[1410,0],[1155,0],[1667,0],]]
[1412,10,4,[[1411,0],[1413,0],[1156,0],[1157,0],[1668,0],]]
[1413,4,4,[[1414,0],[1412,0],[1157,0],[1669,0],]]
[1414,7,4,[[1413,0],[1415,0],[1158,0],[1159,0],[1670,0],]]
[1415,15,4,[[1416,0],[1414,0],[1159,0],[1671,0],]]
[1416,6,4,[[1415,0],[1417,0],[1160,0],[1161,0],[1672,0],]]
[1417,7,4,[[1418,0],[1416,0],[1161,0],[1673,0],]]
[1418,8,4,[[1417,0],[1419,0],[1162,0],[1163,0],[1674,0],]]
[1419,19,4,[[1420,0],[1418,0],[1163,0],[1675,0],]]
[1420,15,4,[[1419,0],[1421,0],[1164,0],[1165,0],[1676,0],]]
[1421,19,4,[[1422,0],[1420,0],[1165,0],[1677,0],]]
[1422,12,4,[[1421,0],[1423,0],[1166,0],[1167,0],[1678,0],]]
[1423,10,4,[[1424,0],[1422,0],[1167,0],[1679,0],]]
[1424,11,4,[[1423,0],[1425,0],[1168,0],[1169,0],[1680,0],]]
[1425,17,4,[[1426,0],[1424,0],[1169,0],[1681,0],]]
[1426,6,4,[[1425,0],[1427,0],[1170,0],[1171,0],[1682,0],]]
[1427,15,4,[[1428,0],[1426,0],[1171,0],[1683,0],]]
[1428,4,4,[[1427,0],[1429,0],[1172,0],[1173,0],[1684,0],]]
[1429,14,4,[[1430,0],[1428,0],[1173,0],[1685,0],]]
[1430,16,4,[[1429,0],[1431,0],[1174,0],[1175,0],[1686,0],]]
[1431,2,4,[[1432,0],[1430,0],[1175,0],[1687,0],]]
[1432,4,4,[[1431,0],[1433,0],[1176,0],[1177,0],[1688,0],]]
[1433,16,4,[[1434,0],[1432,0],[1177,0],[1689,0],]]
[1434,7,4,[[1433,0],[1435,0],[1178,0],[1179,0],[1690,0],]]
[1435,18,4,[[1436,0],[1434,0],[1179,0],[1691,0],]]
[1436,12,4,[[1435,0],[1437,0],[1180,0],[1181,0],[1692,0],]]
[1437,17,4,[[1438,0],[1436,0],[1181,0],[1693,0],]]
[1438,17,4,[[1437,0],[1439,0],[1182,0],[1183,0],[1694,0],]]
[1439,11,4,[[1440,0],[1438,0],[1183,0],[1695,0],]]
[1440,6,5,[[1439,0],[1441,0],[1184,0],[1185,0],[1696,0],]]
[1441,19,5,[[1442,0],[1440,0],[1185,0],[1697,0],]]
[1442,2,5,[[1441,0],[1443,0],[1186,0],[1187,0],[1698,0],]]
[1443,16,5,[[1444,0],[1442,0],[1187,0],[1699,0],]]
[1444,8,5,[[1443,0],[1445,0],[1188,0],[1189,0],[1700,0],]]
[1445,16,5,[[1446,0],[1444,0],[1189,0],[1701,0],]]
[1446,19,5,[[1445,0],[1447,0],[1190,0],[1191,0],[1702,0],]]
[1447,14,5,[[1448,0],[1446,0],[1191,0],[1703,0],]]
[1448,13,5,[[1447,0],[1449,0],[1192,0],[1193,0],[1704,0],]]
[1449,16,5,[[1450,0],[1448,0],[1193,0],[1705,0],]]
[1450,4,5,[[1449,0],[1451,0],[1194,0],[1195,0],[1706,0],]]
[1451,15,5,[[1452,0],[1450,0],[1195,0],[1707,0],]]
[1452,9,5,[[1451,0],[1453,0],[1196,0],[1197,0],[1708,0],]]
[1453,13,5,[[1454,0],[1452,0],[1197,0],[1709,0],]]
[1454,5,5,[[1453,0],[1455,0],[1198,0],[1199,0],[1710,0],]]
[1455,17,5,[[1456,0],[1454,0],[1199,0],[1711,0],]]
[1456,13,5,[[1455,0],[1457,0],[1200,0],[1201,0],[1712,0],]]
[1457,2,5,[[1458,0],[1456,0],[1201,0],[1713,0],]]
[1458,16,5,[[1457,0],[1459,0],[1202,0],[1203,0],[1714,0],]]
[1459,3,5,[[1460,0],[1458,0],[1203,0],[1715,0],]]
[1460,18,5,[[1459,0],[1461,0],[1204,0],[1205,0],[1716,0],]]
[1461,2,5,[[1462,0],[1460,0],[1205,0],[1717,0],]]
[1462,9,5,[[1461,0],[1463,0],[1206,0],[1207,0],[1718,0],]]
[1463,14,5,[[1464,0],[1462,0],[1207,0],[1719,0],]]
[1464,7,5,[[1463,0],[1465,0],[1208,0],[1209,0],[1720,0],]]
[1465,11,5,[[1466,0],[1464,0],[1209,0],[1721,0],]]
[1466,15,5,[[1465,0],[1467,0],[1210,0],[1211,0],[1722,0],]]
[1467,9,5,[[1468,0],[1466,0],[1211,0],[1723,0],]]
[1468,15,5,[[1467,0],[1469,0],[1212,0],[1213,0],[1724,0],]]
[1469,3,5,[[1470,0],[1468,0],[1213,0],[1725,0],]]
[1470,8,5,[[1469,0],[1471,0],[1214,0],[1215,0],[1726,0],]]
[1471,16,5,[[1472,0],[1470,0],[1215,0],[1727,0],]]
[1472,1,6,[[1471,0],[1473,0],[1216,0],[1217,0],[1728,0],]]
[1473,10,6,[[1474,0],[1472,0],[1217,0],[1729,0],]]
[1474,3,6,[[1473,0],[1475,0],[1218,0],[1219,0],[1730,0],]]
[1475,8,6,[[1476,0],[1474,0],[1219,0],[1731,0],]]
[1476,8,6,[[1475,0],[1477,0],[1220,0],[1221,0],[1732,0],]]
[1477,16,6,[[1478,0],[1476,0],[1221,0],[1733,0],]]
[1478,6,6,[[1477,0],[1479,0],[1222,0],[1223,0],[1734,0],]]
[1479,12,6,[[1480,0],[1478,0],[1223,0],[1735,0],]]
[1480,19,6,[[1479,0],[1481,0],[1224,0],[1225,0],[1736,0],]]
[1481,9,6,[[1482,0],[1480,0],[1225,0],[1737,0],]]
[1482,12,6,[[1481,0],[1483,0],[1226,0],[1227,0],[1738,0],]]
[1483,8,6,[[1484,0],[1482,0],[1227,0],[1739,0],]]
[1484,2,6,[[1483,0],[1485,0],[1228,0],[1229,0],[1740,0],]]
[1485,6,6,[[1486,0],[1484,0],[1229,0],[1741,0],]]
[1486,9,6,[[1485,0],[1487,0],[1230,0],[1231,0],[1742,0],]]
[1487,2,6,[[1488,0],[1486,0],[1231,0],[1743,0],]]
[1488,11,6,[[1487,0],[1489,0],[1232,0],[1233,0],[1744,0],]]
[1489,1,6,[[1490,0],[1488,0],[1233,0],[1745,0],]]
[1490,7,6,[[1489,0],[1491,0],[1234,0],[1235,0],[1746,0],]]
[1491,6,6,[[1492,0],[1490,0],[1235,0],[1747,0],]]
[1492,2,6,[[1491,0],[1493,0],[1236,0],[1237,0],[1748,0],]]
[1493,8,6,[[1494,0],[1492,0],[1237,0],[1749,0],]]
[1494,17,6,[[1493,0],[1495,0],[1238,0],[1239,0],[1750,0],]]
[1495,16,6,[[1496,0],[1494,0],[1239,0],[1751,0],]]
[1496,3,6,[[1495,0],[1497,0],[1240,0],[1241,0],[1752,0],]]
[1497,18,6,[[1498,0],[1496,0],[1241,0],[1753,0],]]
[1498,12,6,[[1497,0],[1499,0],[1242,0],[1243,0],[1754,0],]]
[1499,1,6,[[1500,0],[1498,0],[1243,0],[1755,0],]]
[1500,12,6,[[1499,0],[1501,0],[1244,0],[1245,0],[1756,0],]]
[1501,7,6,[[1502,0],[1500,0],[1245,0],[1757,0],]]
[1502,11,6,[[1501,0],[1503,0],[1246,0],[1247,0],[1758,0],]]
[1503,1,6,[[1504,0],[1502,0],[1247,0],[1759,0],]]
[1504,16,7,[[1503,0],[1505,0],[1248,0],[1249,0],[1760,0],]]
[1505,18,7,[[1506,0],[1504,0],[1249,0],[1761,0],]]
[1506,13,7,[[1505,0],[1507,0],[1250,0],[1251,0],[1762,0],]]
[1507,3,7,[[1508,0],[1506,0],[1251,0],[1763,0],]]
[1508,17,7,[[1507,0],[1509,0],[1252,0],[1253,0],[1764,0],]]
[1509,14,7,[[1510,0],[1508,0],[1253,0],[1765,0],]]
[1510,11,7,[[1509,0],[1511,0],[1254,0],[1255,0],[1766,0],]]
[1511,7,7,[[1512,0],[1510,0],[1255,0],[1767,0],]]
[1512,15,7,[[1511,0],[1513,0],[1256,0],[1257,0],[1768,0],]]
[1513,1,7,[[1514,0],[1512,0],[1257,0],[1769,0],]]
[1514,14,7,[[1513,0],[1515,0],[1258,0],[1259,0],[1770,0],]]
[1515,11,7,[[1516,0],[1514,0],[1259,0],[1771,0],]]
[1516,3,7,[[1515,0],[1517,0],[1260,0],[1261,0],[1772,0],]]
[1517,15,7,[[1518,0],[1516,0],[1261,0],[1773,0],]]
[1518,3,7,[[1517,0],[1519,0],[1262,0],[1263,0],[1774,0],]]
[1519,7,7,[[1520,0],[1518,0],[1263,0],[1775,0],]]
[1520,13,7,[[1519,0],[1521,0],[1264,0],[1265,0],[1776,0],]]
[1521,11,7,[[1522,0],[1520,0],[1265,0],[1777,0],]]
[1522,14,7,[[1521,0],[1523,0],[1266,0],[1267,0],[1778,0],]]
[1523,19,7,[[1524,0],[1522,0],[1267,0],[1779,0],]]
[1524,4,7,[[1523,0],[1525,0],[1268,0],[1269,0],[1780,0],]]
[1525,17,7,[[1526,0],[1524,0],[1269,0],[1781,0],]]
[1526,8,7,[[1525,0],[1527,0],[1270,0],[1271,0],[1782,0],]]
[1527,12,7,[[1528,0],[1526,0],[1271,0],[1783,0],]]
[1528,18,7,[[1527,0],[1529,0],[1272,0],[1273,0],[1784,0],]]
[1529,16,7,[[1530,0],[1528,0],[1273,0],[1785,0],]]
[1530,12,7,[[1529,0],[1531,0],[1274,0],[1275,0],[1786,0],]]
[1531,17,7,[[1532,0],[1530,0],[1275,0],[1787,0],]]
[1532,3,7,[[1531,0],[1533,0],[1276,0],[1277,0],[1788,0],]]
[1533,10,7,[[1534,0],[1532,0],[1277,0],[1789,0],]]
[1534,6,7,[[1533,0],[1535,0],[1278,0],[1279,0],[1790,0],]]
[1535,7,7,[[1534,0],[1279,0],[1791,0],]]
[1536,6,0,[[1537,0],[1792,0],[1280,0],]]
[1537,4,0,[[1538,0],[1536,0],[1793,0],[1792,0],[1281,0],]]
[1538,9,0,[[1537,0],[1539,0],[1794,0],[1282,0],]]
[1539,12,0,[[1540,0],[1538,0],[1795,0],[1794,0],[1283,0],]]
[1540,16,0,[[1539,0],[1541,0],[1796,0],[1284,0],]]
[1541,2,0,[[1542,0],[1540,0],[1797,0],[1796,0],[1285,0],]]
[1542,8,0,[[1541,0],[1543,0],[1798,0],[1286,0],]]
[1543,17,0,[[1544,0],[1542,0],[1799,0],[1798,0],[1287,0],]]
[1544,7,0,[[1543,0],[1545,0],[1800,0],[1288,0],]]
[1545,10,0,[[1546,0],[1544,0],[1801,0],[1800,0],[1289,0],]]
[1546,12,0,[[1545,0],[1547,0],[1802,0],[1290,0],]]
[1547,1,0,[[1548,0],[1546,0],[1803,0],[1802,0],[1291,0],]]
[1548,13,0,[[1547,0],[1549,0],[1804,0],[1292,0],]]
[1549,9,0,[[1550,0],[1548,0],[1805,0],[1804,0],[1293,0],]]
[1550,7,0,[[1549,0],[1551,0],[1806,0],[1294,0],]]
[1551,14,0,[[1552,0],[1550,0],[1807,0],[1806,0],[1295,0],]]
[1552,17,0,[[1551,0],[1553,0],[1808,0],[1296,0],]]
[1553,15,0,[[1554,0],[1552,0],[1809,0],[1808,0],[1297,0],]]
[1554,15,0,[[1553,0],[1555,0],[1810,0],[1298,0],]]
[1555,17,0,[[1556,0],[1554,0],[1811,0],[1810,0],[1299,0],]]
[1556,17,0,[[1555,0],[1557,0],[1812,0],[1300,0],]]
[1557,10,0,[[1558,0],[1556,0],[1813,0],[1812,0],[1301,0],]]
[1558,15,0,[[1557,0],[1559,0],[1814,0],[1302,0],]]
[1559,14,0,[[1560,0],[1558,0],[1815,0],[1814,0],[1303,0],]]
[1560,14,0,[[1559,0],[1561,0],[1816,0],[1304,0],]]
[1561,11,0,[[1562,0],[1560,0],[1817,0],[1816,0],[1305,0],]]
[1562,4,0,[[1561,0],[1563,0],[1818,0],[1306,0],]]
[1563,18,0,[[1564,0],[1562,0],[1819,0],[1818,0],[1307,0],]]
[1564,12,0,[[1563,0],[1565,0],[1820,0],[1308,0],]]
[1565,17,0,[[1566,0],[1564,0],[1821,0],[1820,0],[1309,0],]]
[1566,17,0,[[1565,0],[1567,0],[1822,0],[1310,0],]]
[1567,9,0,[[1568,0],[1566,0],[1823,0],[1822,0],[1311,0],]]
[1568,11,1,[[1567,0],[1569,0],[1824,0],[1312,0],]]
[1569,2,1,[[1570,0],[1568,0],[1825,0],[1824,0],[1313,0],]]
[1570,17,1,[[1569,0],[1571,0],[1826,0],[1314,0],]]
[1571,8,1,[[1572,0],[1570,0],[1827,0],[1826,0],[1315,0],]]
[1572,19,1,[[1571,0],[1573,0],[1828,0],[1316,0],]]
[1573,18,1,[[1574,0],[1572,0],[1829,0],[1828,0],[1317,0],]]
[1574,15,1,[[1573,0],[1575,0],[1830,0],[1318,0],]]
[1575,9,1,[[1576,0],[1574,0],[1831,0],[1830,0],[1319,0],]]
[1576,4,1,[[1575,0],[1577,0],[1832,0],[1320,0],]]
[1577,19,1,[[1578,0],[1576,0],[1833,0],[1832,0],[1321,0],]]
[1578,7,1,[[1577,0],[1579,0],[1834,0],[1322,0],]]
[1579,18,1,[[1580,0],[1578,0],[1835,0],[1834,0],[1323,0],]]
[1580,13,1,[[1579,0],[1581,0],[1836,0],[1324,0],]]
[1581,13,1,[[1582,0],[1580,0],[1837,0],[1836,0],[1325,0],]]
[1582,3,1,[[1581,0],[1583,0],[1838,0],[1326,0],]]
[1583,1,1,[[1584,0],[1582,0],[1839,0],[1838,0],[1327,0],]]
[1584,14,1,[[1583,0],[1585,0],[1840,0],[1328,0],]]
[1585,9,1,[[1586,0],[1584,0],[1841,0],[1840,0],[1329,0],]]
[1586,18,1,[[1585,0],[1587,0],[1842,0],[1330,0],]]
[1587,16,1,[[1588,0],[1586,0],[1843,0],[1842,0],[1331,0],]]
[1588,15,1,[[1587,0],[1589,0],[1844,0],[1332,0],]]
[1589,12,1,[[1590,0],[1588,0],[1845,0],[1844,0],[1333,0],]]
[1590,5,1,[[1589,0],[1591,0],[1846,0],[1334,0],]]
[1591,10,1,[[1592,0],[1590,0],[1847,0],[1846,0],[1335,0],]]
[1592,11,1,[[1591,0],[1593,0],[1848,0],[1336,0],]]
[1593,18,1,[[1594,0],[1592,0],[1849,0],[1848,0],[1337,0],]]
[1594,18,1,[[1593,0],[1595,0],[1850,0],[1338,0],]]
[1595,16,1,[[1596,0],[1594,0],[1851,0],[1850,0],[1339,0],]]
[1596,19,1,[[1595,0],[1597,0],[1852,0],[1340,0],]]
[1597,7,1,[[1598,0],[1596,0],[1853,0],[1852,0],[1341,0],]]
[1598,14,1,[[1597,0],[1599,0],[1854,0],[1342,0],]]
[1599,1,1,[[1600,0],[1598,0],[1855,0],[1854,0],[1343,0],]]
[1600,11,2,[[1599,0],[1601,0],[1856,0],[1344,0],]]
[1601,18,2,[[1602,0],[1600,0],[1857,0],[1856,0],[1345,0],]]
[1602,14,2,[[1601,0],[1603,0],[1858,0],[1346,0],]]
[1603,1,2,[[1604,0],[1602,0],[1859,0],[1858,0],[1347,0],]]
[1604,10,2,[[1603,0],[1605,0],[1860,0],[1348,0],]]
[1605,5,2,[[1606,0],[1604,0],[1861,0],[1860,0],[1349,0],]]
[1606,18,2,[[1605,0],[1607,0],[1862,0],[1350,0],]]
[1607,2,2,[[1608,0],[1606,0],[1863,0],[1862,0],[1351,0],]]
[1608,11,2,[[1607,0],[1609,0],[1864,0],[1352,0],]]
[1609,1,2,[[1610,0],[1608,0],[1865,0],[1864,0],[1353,0],]]
[1610,17,2,[[1609,0],[1611,0],[1866,0],[1354,0],]]
[1611,10,2,[[1612,0],[1610,0],[1867,0],[1866,0],[1355,0],]]
[1612,3,2,[[1611,0],[1613,0],[1868,0],[1356,0],]]
[1613,8,2,[[1614,0],[1612,0],[1869,0],[1868,0],[1357,0],]]
[1614,17,2,[[1613,0],[1615,0],[1870,0],[1358,0],]]
[1615,16,2,[[1616,0],[1614,0],[1871,0],[1870,0],[1359,0],]]
[1616,4,2,[[1615,0],[1617,0],[1872,0],[1360,0],]]
[1617,15,2,[[1618,0],[1616,0],[1873,0],[1872,0],[1361,0],]]
[1618,8,2,[[1617,0],[1619,0],[1874,0],[1362,0],]]
[1619,1,2,[[1620,0],[1618,0],[1875,0],[1874,0],[1363,0],]]
[1620,12,2,[[1619,0],[1621,0],[1876,0],[1364,0],]]
[1621,18,2,[[1622,0],[1620,0],[1877,0],[1876,0],[1365,0],]]
[1622,5,2,[[1621,0],[1623,0],[1878,0],[1366,0],]]
[1623,18,2,[[1624,0],[1622,0],[1879,0],[1878,0],[1367,0],]]
[1624,10,2,[[1623,0],[1625,0],[1880,0],[1368,0],]]
[1625,10,2,[[1626,0],[1624,0],[1881,0],[1880,0],[1369,0],]]
[1626,6,2,[[1625,0],[1627,0],[1882,0],[1370,0],]]
[1627,3,2,[[1628,0],[1626,0],[1883,0],[1882,0],[1371,0],]]
[1628,5,2,[[1627,0],[1629,0],[1884,0],[1372,0],]]
[1629,19,2,[[1630,0],[1628,0],[1885,0],[1884,0],[1373,0],]]
[1630,12,2,[[1629,0],[1631,0],[1886,0],[1374,0],]]
[1631,7,2,[[1632,0],[1630,0],[1887,0],[1886,0],[1375,0],]]
[1632,6,3,[[1631,0],[1633,0],[1888,0],[1376,0],]]
[1633,8,3,[[1634,0],[1632,0],[1889,0],[1888,0],[1377,0],]]
[1634,14,3,[[1633,0],[1635,0],[1890,0],[1378,0],]]
[1635,6,3,[[1636,0],[1634,0],[1891,0],[1890,0],[1379,0],]]
[1636,5,3,[[1635,0],[1637,0],[1892,0],[1380,0],]]
[1637,16,3,[[1638,0],[1636,0],[1893,0],[1892,0],[1381,0],]]
[1638,12,3,[[1637,0],[1639,0],[1894,0],[1382,0],]]
[1639,6,3,[[1640,0],[1638,0],[1895,0],[1894,0],[1383,0],]]
[1640,5,3,[[1639,0],[1641,0],[1896,0],[1384,0],]]
[1641,6,3,[[1642,0],[1640,0],[1897,0],[1896,0],[1385,0],]]
[1642,2,3,[[1641,0],[1643,0],[1898,0],[1386,0],]]
[1643,2,3,[[1644,0],[1642,0],[1899,0],[1898,0],[1387,0],]]
[1644,16,3,[[1643,0],[1645,0],[1900,0],[1388,0],]]
[1645,3,3,[[1646,0],[1644,0],[1901,0],[1900,0],[1389,0],]]
[1646,15,3,[[1645,0],[1647,0],[1902,0],[1390,0],]]
[1647,4,3,[[1648,0],[1646,0],[1903,0],[1902,0],[1391,0],]]
[1648,5,3,[[1647,0],[1649,0],[1904,0],[1392,0],]]
[1649,2,3,[[1650,0],[1648,0],[1905,0],[1904,0],[1393,0],]]
[1650,8,3,[[1649,0],[1651,0],[1906,0],[1394,0],]]
[1651,10,3,[[1652,0],[1650,0],[1907,0],[1906,0],[1395,0],]]
[1652,15,3,[[1651,0],[1653,0],[1908,0],[1396,0],]]
[1653,16,3,[[1654,0],[1652,0],[1909,0],[1908,0],[1397,0],]]
[1654,2,3,[[1653,0],[1655,0],[1910,0],[1398,0],]]
[1655,16,3,[[1656,0],[1654,0],[1911,0],[1910,0],[1399,0],]]
[1656,6,3,[[1655,0],[1657,0],[1912,0],[1400,0],]]
[1657,14,3,[[1658,0],[1656,0],[1913,0],[1912,0],[1401,0],]]
[1658,8,3,[[1657,0],[1659,0],[1914,0],[1402,0],]]
[1659,10,3,[[1660,0],[1658,0],[1915,0],[1914,0],[1403,0],]]
[1660,11,3,[[1659,0],[1661,0],[1916,0],[1404,0],]]
[1661,3,3,[[1662,0],[1660,0],[1917,0],[1916,0],[1405,0],]]
[1662,10,3,[[1661,0],[1663,0],[1918,0],[1406,0],]]
[1663,10,3,[[1664,0],[1662,0],[1919,0],[1918,0],[1407,0],]]
[1664,11,4,[[1663,0],[1665,0],[1920,0],[1408,0],]]
[1665,10,4,[[1666,0],[1664,0],[1921,0],[1920,0],[1409,0],]]
[1666,10,4,[[1665,0],[1667,0],[1922,0],[1410,0],]]
[1667,5,4,[[1668,0],[1666,0],[1923,0],[1922,0],[1411,0],]]
[1668,1,4,[[1667,0],[1669,0],[1924,0],[1412,0],]]
[1669,2,4,[[1670,0],[1668,0],[1925,0],[1924,0],[1413,0],]]
[1670,11,4,[[1669,0],[1671,0],[1926,0],[1414,0],]]
[1671,12,4,[[1672,0],[1670,0],[1927,0],[1926,0],[1415,0],]]
[1672,16,4,[[1671,0],[1673,0],[1928,0],[1416,0],]]
[1673,8,4,[[1674,0],[1672,0],[1929,0],[1928,0],[1417,0],]]
[1674,7,4,[[1673,0],[1675,0],[1930,0],[1418,0],]]
[1675,11,4,[[1676,0],[1674,0],[1931,0],[1930,0],[1419,0],]]
[1676,7,4,[[1675,0],[1677,0],[1932,0],[1420,0],]]
[1677,8,4,[[1678,0],[1676,0],[1933,0],[1932,0],[1421,0],]]
[1678,2,4,[[1677,0],[1679,0],[1934,0],[1422,0],]]
[1679,8,4,[[1680,0],[1678,0],[1935,0],[1934,0],[1423,0],]]
[1680,9,4,[[1679,0],[1681,0],[1936,0],[1424,0],]]
[1681,6,4,[[1682,0],[1680,0],[1937,0],[1936,0],[1425,0],]]
[1682,4,4,[[1681,0],[1683,0],[1938,0],[1426,0],]]
[1683,15,4,[[1684,0],[1682,0],[1939,0],[1938,0],[1427,0],]]
[1684,19,4,[[1683,0],[1685,0],[1940,0],[1428,0],]]
[1685,11,4,[[1686,0],[1684,0],[1941,0],[1940,0],[1429,0],]]
[1686,6,4,[[1685,0],[1687,0],[1942,0],[1430,0],]]
[1687,14,4,[[1688,0],[1686,0],[1943,0],[1942,0],[1431,0],]]
[1688,16,4,[[1687,0],[1689,0],[1944,0],[1432,0],]]
[1689,15,4,[[1690,0],[1688,0],[1945,0],[1944,0],[1433,0],]]
[1690,18,4,[[1689,0],[1691,0],[1946,0],[1434,0],]]
[1691,5,4,[[1692,0],[1690,0],[1947,0],[1946,0],[1435,0],]]
[1692,4,4,[[1691,0],[1693,0],[1948,0],[1436,0],]]
[1693,6,4,[[1694,0],[1692,0],[1949,0],[1948,0],[1437,0],]]
[1694,17,4,[[1693,0],[1695,0],[1950,0],[1438,0],]]
[1695,6,4,[[1696,0],[1694,0],[1951,0],[1950,0],[1439,0],]]
[1696,18,5,[[1695,0],[1697,0],[1952,0],[1440,0],]]
[1697,15,5,[[1698,0],[1696,0],[1953,0],[1952,0],[1441,0],]]
[1698,6,5,[[1697,0],[1699,0],[1954,0],[1442,0],]]
[1699,16,5,[[1700,0],[1698,0],[1955,0],[1954,0],[1443,0],]]
[1700,15,5,[[1699,0],[1701,0],[1956,0],[1444,0],]]
[1701,8,5,[[1702,0],[1700,0],[1957,0],[1956,0],[1445,0],]]
[1702,19,5,[[1701,0],[1703,0],[1958,0],[1446,0],]]
[1703,12,5,[[1704,0],[1702,0],[1959,0],[1958,0],[1447,0],]]
[1704,13,5,[[1703,0],[1705,0],[1960,0],[1448,0],]]
[1705,6,5,[[1706,0],[1704,0],[1961,0],[1960,0],[1449,0],]]
[1706,5,5,[[1705,0],[1707,0],[1962,0],[1450,0],]]
[1707,18,5,[[1708,0],[1706,0],[1963,0],[1962,0],[1451,0],]]
[1708,1,5,[[1707,0],[1709,0],[1964,0],[1452,0],]]
[1709,18,5,[[1710,0],[1708,0],[1965,0],[1964,0],[1453,0],]]
[1710,14,5,[[1709,0],[1711,0],[1966,0],[1454,0],]]
[1711,15,5,[[1712,0],[1710,0],[1967,0],[1966,0],[1455,0],]]
[1712,9,5,[[1711,0],[1713,0],[1968,0],[1456,0],]]
[1713,17,5,[[1714,0],[1712,0],[1969,0],[1968,0],[1457,0],]]
[1714,13,5,[[1713,0],[1715,0],[1970,0],[1458,0],]]
[1715,13,5,[[1716,0],[1714,0],[1971,0],[1970,0],[1459,0],]]
[1716,12,5,[[1715,0],[1717,0],[1972,0],[1460,0],]]
[1717,9,5,[[1718,0],[1716,0],[1973,0],[1972,0],[1461,0],]]
[1718,13,5,[[1717,0],[1719,0],[1974,0],[1462,0],]]
[1719,14,5,[[1720,0],[1718,0],[1975,0],[1974,0],[1463,0],]]
[1720,16,5,[[1719,0],[1721,0],[1976,0],[1464,0],]]
[1721,10,5,[[1722,0],[1720,0],[1977,0],[1976,0],[1465,0],]]
[1722,3,5,[[1721,0],[1723,0],[1978,0],[1466,0],]]
[1723,1,5,[[1724,0],[1722,0],[1979,0],[1978,0],[1467,0],]]
[1724,12,5,[[1723,0],[1725,0],[1980,0],[1468,0],]]
[1725,14,5,[[1726,0],[1724,0],[1981,0],[1980,0],[1469,0],]]
[1726,12,5,[[1725,0],[1727,0],[1982,0],[1470,0],]]
[1727,8,5,[[1728,0],[1726,0],[1983,0],[1982,0],[1471,0],]]
[1728,15,6,[[1727,0],[1729,0],[1984,0],[1472,0],]]
[1729,17,6,[[1730,0],[1728,0],[1985,0],[1984,0],[1473,0],]]
[1730,10,6,[[1729,0],[1731,0],[1986,0],[1474,0],]]
[1731,2,6,[[1732,0],[1730,0],[1987,0],[1986,0],[1475,0],]]
[1732,5,6,[[1731,0],[1733,0],[1988,0],[1476,0],]]
[1733,5,6,[[1734,0],[1732,0],[1989,0],[1988,0],[1477,0],]]
[1734,6,6,[[1733,0],[1735,0],[1990,0],[1478,0],]]
[1735,7,6,[[1736,0],[1734,0],[1991,0],[1990,0],[1479,0],]]
[1736,10,6,[[1735,0],[1737,0],[1992,0],[1480,0],]]
[1737,7,6,[[1738,0],[1736,0],[1993,0],[1992,0],[1481,0],]]
[1738,10,6,[[1737,0],[1739,0],[1994,0],[1482,0],]]
[1739,8,6,[[1740,0],[1738,0],[1995,0],[1994,0],[1483,0],]]
[1740,19,6,[[1739,0],[1741,0],[1996,0],[1484,0],]]
[1741,5,6,[[1742,0],[1740,0],[1997,0],[1996,0],[1485,0],]]
[1742,6,6,[[1741,0],[1743,0],[1998,0],[1486,0],]]
[1743,17,6,[[1744,0],[1742,0],[1999,0],[1998,0],[1487,0],]]
[1744,14,6,[[1743,0],[1745,0],[2000,0],[1488,0],]]
[1745,3,6,[[1746,0],[1744,0],[2001,0],[2000,0],[1489,0],]]
[1746,6,6,[[1745,0],[1747,0],[2002,0],[1490,0],]]
[1747,17,6,[[1748,0],[1746,0],[2003,0],[2002,0],[1491,0],]]
[1748,5,6,[[1747,0],[1749,0],[2004,0],[1492,0],]]
[1749,16,6,[[1750,0],[1748,0],[2005,0],[2004,0],[1493,0],]]
[1750,8,6,[[1749,0],[1751,0],[2006,0],[1494,0],]]
[1751,5,6,[[1752,0],[1750,0],[2007,0],[2006,0],[1495,0],]]
[1752,7,6,[[1751,0],[1753,0],[2008,0],[1496,0],]]
[1753,11,6,[[1754,0],[1752,0],[2009,0],[2008,0],[1497,0],]]
[1754,15,6,[[1753,0],[1755,0],[2010,0],[1498,0],]]
[1755,1,6,[[1756,0],[1754,0],[2011,0],[2010,0],[1499,0],]]
[1756,2,6,[[1755,0],[1757,0],[2012,0],[1500,0],]]
[1757,18,6,[[1758,0],[1756,0],[2013,0],[2012,0],[1501,0],]]
[1758,13,6,[[1757,0],[1759,0],[2014,0],[1502,0],]]
[1759,4,6,[[1760,0],[1758,0],[2015,0],[2014,0],[1503,0],]]
[1760,13,7,[[1759,0],[1761,0],[2016,0],[1504,0],]]
[1761,6,7,[[1762,0],[1760,0],[2017,0],[2016,0],[1505,0],]]
[1762,14,7,[[1761,0],[1763,0],[2018,0],[1506,0],]]
[1763,12,7,[[1764,0],[1762,0],[2019,0],[2018,0],[1507,0],]]
[1764,12,7,[[1763,0],[1765,0],[2020,0],[1508,0],]]
[1765,5,7,[[1766,0],[1764,0],[2021,0],[2020,0],[1509,0],]]
[1766,4,7,[[1765,0],[1767,0],[2022,0],[1510,0],]]
[1767,18,7,[[1768,0],[1766,0],[2023,0],[2022,0],[1511,0],]]
[1768,4,7,[[1767,0],[1769,0],[2024,0],[1512,0],]]
[1769,5,7,[[1770,0],[1768,0],[2025,0],[2024,0],[1513,0],]]
[1770,14,7,[[1769,0],[1771,0],[2026,0],[1514,0],]]
[1771,8,7,[[1772,0],[1770,0],[2027,0],[2026,0],[1515,0],]]
[1772,4,7,[[1771,0],[1773,0],[2028,0],[1516,0],]]
[1773,9,7,[[1774,0],[1772,0],[2029,0],[2028,0],[1517,0],]]
[1774,4,7,[[1773,0],[1775,0],[2030,0],[1518,0],]]
[1775,10,7,[[1776,0],[1774,0],[2031,0],[2030,0],[1519,0],]]
[1776,1,7,[[1775,0],[1777,0],[2032,0],[1520,0],]]
[1777,12,7,[[1778,0],[1776,0],[2033,0],[2032,0],[1521,0],]]
[1778,14,7,[[1777,0],[1779,0],[2034,0],[1522,0],]]
[1779,9,7,[[1780,0],[1778,0],[2035,0],[2034,0],[1523,0],]]
[1780,14,7,[[1779,0],[1781,0],[2036,0],[1524,0],]]
[1781,4,7,[[1782,0],[1780,0],[2037,0],[2036,0],[1525,0],]]
[1782,14,7,[[1781,0],[1783,0],[2038,0],[1526,0],]]
[1783,11,7,[[1784,0],[1782,0],[2039,0],[2038,0],[1527,0],]]
[1784,15,7,[[1783,0],[1785,0],[2040,0],[1528,0],]]
[1785,9,7,[[1786,0],[1784,0],[2041,0],[2040,0],[1529,0],]]
[1786,1,7,[[1785,0],[1787,0],[2042,0],[1530,0],]]
[1787,1,7,[[1788,0],[1786,0],[2043,0],[2042,0],[1531,0],]]
[1788,18,7,[[1787,0],[1789,0],[2044,0],[1532,0],]]
[1789,17,7,[[1790,0],[1788,0],[2045,0],[2044,0],[1533,0],]]
[1790,18,7,[[1789,0],[1791,0],[2046,0],[1534,0],]]
[1791,9,7,[[1790,0],[2047,0],[2046,0],[1535,0],]]
[1792,18,0,[[1793,0],[1536,0],[1537,0],[2048,0],]]
[1793,19,0,[[1794,0],[1792,0],[1537,0],[2049,0],]]
[1794,12,0,[[1793,0],[1795,0],[1538,0],[1539,0],[2050,0],]]
[1795,8,0,[[1796,0],[1794,0],[1539,0],[2051,0],]]
[1796,2,0,[[1795,0],[1797,0],[1540,0],[1541,0],[2052,0],]]
[1797,9,0,[[1798,0],[1796,0],[1541,0],[2053,0],]]
[1798,11,0,[[1797,0],[1799,0],[1542,0],[1543,0],[2054,0],]]
[1799,12,0,[[1800,0],[1798,0],[1543,0],[2055,0],]]
[1800,15,0,[[1799,0],[1801,0],[1544,0],[1545,0],[2056,0],]]
[1801,6,0,[[1802,0],[1800,0],[1545,0],[2057,0],]]
[1802,2,0,[[1801,0],[1803,0],[1546,0],[1547,0],[2058,0],]]
[1803,7,0,[[1804,0],[1802,0],[1547,0],[2059,0],]]
[1804,6,0,[[1803,0],[1805,0],[1548,0],[1549,0],[2060,0],]]
[1805,10,0,[[1806,0],[1804,0],[1549,0],[2061,0],]]
[1806,4,0,[[1805,0],[1807,0],[1550,0],[1551,0],[2062,0],]]
[1807,17,0,[[1808,0],[1806,0],[1551,0],[2063,0],]]
[1808,8,0,[[1807,0],[1809,0],[1552,0],[1553,0],[2064,0],]]
[1809,5,0,[[1810,0],[1808,0],[1553,0],[2065,0],]]
[1810,9,0,[[1809,0],[1811,0],[1554,0],[1555,0],[2066,0],]]
[1811,11,0,[[1812,0],[1810,0],[1555,0],[2067,0],]]
[1812,7,0,[[1811,0],[1813,0],[1556,0],[1557,0],[2068,0],]]
[1813,19,0,[[1814,0],[1812,0],[1557,0],[2069,0],]]
[1814,7,0,[[1813,0],[1815,0],[1558,0],[1559,0],[2070,0],]]
[1815,19,0,[[1816,0],[1814,0],[1559,0],[2071,0],]]
[1816,17,0,[[1815,0],[1817,0],[1560,0],[1561,0],[2072,0],]]
[1817,9,0,[[1818,0],[1816,0],[1561,0],[2073,0],]]
[1818,2,0,[[1817,0],[1819,0],[1562,0],[1563,0],[2074,0],]]
[1819,14,0,[[1820,0],[1818,0],[1563,0],[2075,0],]]
[1820,2,0,[[1819,0],[1821,0],[1564,0],[1565,0],[2076,0],]]
[1821,16,0,[[1822,0],[1820,0],[1565,0],[2077,0],]]
[1822,16,0,[[1821,0],[1823,0],[1566,0],[1567,0],[2078,0],]]
[1823,10,0,[[1824,0],[1822,0],[1567,0],[2079,0],]]
[1824,4,1,[[1823,0],[1825,0],[1568,0],[1569,0],[2080,0],]]
[1825,1,1,[[1826,0],[1824,0],[1569,0],[2081,0],]]
[1826,3,1,[[1825,0],[1827,0],[1570,0],[1571,0],[2082,0],]]
[1827,12,1,[[1828,0],[1826,0],[1571,0],[2083,0],]]
[1828,7,1,[[1827,0],[1829,0],[1572,0],[1573,0],[2084,0],]]
[1829,12,1,[[1830,0],[1828,0],[1573,0],[2085,0],]]
[1830,1,1,[[1829,0],[1831,0],[1574,0],[1575,0],[2086,0],]]
[1831,6,1,[[1832,0],[1830,0],[1575,0],[2087,0],]]
[1832,13,1,[[1831,0],[1833,0],[1576,0],[1577,0],[2088,0],]]
[1833,19,1,[[1834,0],[1832,0],[1577,0],[2089,0],]]
[1834,14,1,[[1833,0],[1835,0],[1578,0],[1579,0],[2090,0],]]
[1835,18,1,[[1836,0],[1834,0],[1579,0],[2091,0],]]
[1836,9,1,[[1835,0],[1837,0],[1580,0],[1581,0],[2092,0],]]
[1837,5,1,[[1838,0],[1836,0],[1581,0],[2093,0],]]
[1838,4,1,[[1837,0],[1839,0],[1582,0],[1583,0],[2094,0],]]
[1839,17,1,[[1840,0],[1838,0],[1583,0],[2095,0],]]
[1840,7,1,[[1839,0],[1841,0],[1584,0],[1585,0],[2096,0],]]
[1841,10,1,[[1842,0],[1840,0],[1585,0],[2097,0],]]
[1842,16,1,[[1841,0],[1843,0],[1586,0],[1587,0],[2098,0],]]
[1843,3,1,[[1844,0],[1842,0],[1587,0],[2099,0],]]
[1844,14,1,[[1843,0],[1845,0],[1588,0],[1589,0],[2100,0],]]
[1845,14,1,[[1846,0],[1844,0],[1589,0],[2101,0],]]
[1846,11,1,[[1845,0],[1847,0],[1590,0],[1591,0],[2102,0],]]
[1847,17,1,[[1848,0],[1846,0],[1591,0],[2103,0],]]
[1848,13,1,[[1847,0],[1849,0],[1592,0],[1593,0],[2104,0],]]
[1849,15,1,[[1850,0],[1848,0],[1593,0],[2105,0],]]
[1850,12,1,[[1849,0],[1851,0],[1594,0],[1595,0],[2106,0],]]
[1851,12,1,[[1852,0],[1850,0],[1595,0],[2107,0],]]
[1852,18,1,[[1851,0],[1853,0],[1596,0],[1597,0],[2108,0],]]
[1853,4,1,[[1854,0],[1852,0],[1597,0],[2109,0],]]
[1854,4,1,[[1853,0],[1855,0],[1598,0],[1599,0],[2110,0],]]
[1855,19,1,[[1856,0],[1854,0],[1599,0],[2111,0],]]
[1856,6,2,[[1855,0],[1857,0],[1600,0],[1601,0],[2112,0],]]
[1857,9,2,[[1858,0],[1856,0],[1601,0],[2113,0],]]
[1858,6,2,[[1857,0],[1859,0],[1602,0],[1603,0],[2114,0],]]
[1859,15,2,[[1860,0],[1858,0],[1603,0],[2115,0],]]
[1860,7,2,[[1859,0],[1861,0],[1604,0],[1605,0],[2116,0],]]
[1861,7,2,[[1862,0],[1860,0],[1605,0],[2117,0],]]
[1862,6,2,[[1861,0],[1863,0],[1606,0],[1607,0],[2118,0],]]
[1863,9,2,[[1864,0],[1862,0],[1607,0],[2119,0],]]
[1864,13,2,[[1863,0],[1865,0],[1608,0],[1609,0],[2120,0],]]
[1865,12,2,[[1866,0],[1864,0],[1609,0],[2121,0],]]
[1866,14,2,[[1865,0],[1867,0],[1610,0],[1611,0],[2122,0],]]
[1867,15,2,[[1868,0],[1866,0],[1611,0],[2123,0],]]
[1868,17,2,[[1867,0],[1869,0],[1612,0],[1613,0],[2124,0],]]
[1869,17,2,[[1870,0],[1868,0],[1613,0],[2125,0],]]
[1870,3,2,[[1869,0],[1871,0],[1614,0],[1615,0],[2126,0],]]
[1871,19,2,[[1872,0],[1870,0],[1615,0],[2127,0],]]
[1872,9,2,[[1871,0],[1873,0],[1616,0],[1617,0],[2128,0],]]
[1873,15,2,[[1874,0],[1872,0],[1617,0],[2129,0],]]
[1874,2,2,[[1873,0],[1875,0],[1618,0],[1619,0],[2130,0],]]
[1875,19,2,[[1876,0],[1874,0],[1619,0],[2131,0],]]
[1876,17,2,[[1875,0],[1877,0],[1620,0],[1621,0],[2132,0],]]
[1877,14,2,[[1878,0],[1876,0],[1621,0],[2133,0],]]
[1878,12,2,[[1877,0],[1879,0],[1622,0],[1623,0],[2134,0],]]
[1879,5,2,[[1880,0],[1878,0],[1623,0],[2135,0],]]
[1880,3,2,[[1879,0],[1881,0],[1624,0],[1625,0],[2136,0],]]
[1881,12,2,[[1882,0],[1880,0],[1625,0],[2137,0],]]
[1882,13,2,[[1881,0],[1883,0],[1626,0],[1627,0],[2138,0],]]
[1883,3,2,[[1884,0],[1882,0],[1627,0],[2139,0],]]
[1884,18,2,[[1883,0],[1885,0],[1628,0],[1629,0],[2140,0],]]
[1885,1,2,[[1886,0],[1884,0],[1629,0],[2141,0],]]
[1886,10,2,[[1885,0],[1887,0],[1630,0],[1631,0],[2142,0],]]
[1887,5,2,[[1888,0],[1886,0],[1631,0],[2143,0],]]
[1888,14,3,[[1887,0],[1889,0],[1632,0],[1633,0],[2144,0],]]
[1889,2,3,[[1890,0],[1888,0],[1633,0],[2145,0],]]
[1890,5,3,[[1889,0],[1891,0],[1634,0],[1635,0],[2146,0],]]
[1891,11,3,[[1892,0],[1890,0],[1635,0],[2147,0],]]
[1892,10,3,[[1891,0],[1893,0],[1636,0],[1637,0],[2148,0],]]
[1893,16,3,[[1894,0],[1892,0],[1637,0],[2149,0],]]
[1894,16,3,[[1893,0],[1895,0],[1638,0],[1639,0],[2150,0],]]
[1895,8,3,[[1896,0],[1894,0],[1639,0],[2151,0],]]
[1896,4,3,[[1895,0],[1897,0],[1640,0],[1641,0],[2152,0],]]
[1897,19,3,[[1898,0],[1896,0],[1641,0],[2153,0],]]
[1898,9,3,[[1897,0],[1899,0],[1642,0],[1643,0],[2154,0],]]
[1899,13,3,[[1900,0],[1898,0],[1643,0],[2155,0],]]
[1900,18,3,[[1899,0],[1901,0],[1644,0],[1645,0],[2156,0],]]
[1901,16,3,[[1902,0],[1900,0],[1645,0],[2157,0],]]
[1902,12,3,[[1901,0],[1903,0],[1646,0],[1647,0],[2158,0],]]
[1903,15,3,[[1904,0],[1902,0],[1647,0],[2159,0],]]
[1904,9,3,[[1903,0],[1905,0],[1648,0],[1649,0],[2160,0],]]
[1905,13,3,[[1906,0],[1904,0],[1649,0],[2161,0],]]
[1906,9,3,[[1905,0],[1907,0],[1650,0],[1651,0],[2162,0],]]
[1907,5,3,[[1908,0],[1906,0],[1651,0],[2163,0],]]
[1908,15,3,[[1907,0],[1909,0],[1652,0],[1653,0],[2164,0],]]
[1909,3,3,[[1910,0],[1908,0],[1653,0],[2165,0],]]
[1910,4,3,[[1909,0],[1911,0],[1654,0],[1655,0],[2166,0],]]
[1911,11,3,[[1912,0],[1910,0],[1655,0],[2167,0],]]
[1912,13,3,[[1911,0],[1913,0],[1656,0],[1657,0],[2168,0],]]
[1913,6,3,[[1914,0],[1912,0],[1657,0],[2169,0],]]
[1914,8,3,[[1913,0],[1915,0],[1658,0],[1659,0],[2170,0],]]
[1915,14,3,[[1916,0],[1914,0],[1659,0],[2171,0],]]
[1916,19,3,[[1915,0],[1917,0],[1660,0],[1661,0],[2172,0],]]
[1917,8,3,[[1918,0],[1916,0],[1661,0],[2173,0],]]
[1918,14,3,[[1917,0],[1919,0],[1662,0],[1663,0],[2174,0],]]
[1919,1,3,[[1920,0],[1918,0],[1663,0],[2175,0],]]
[1920,16,4,[[1919,0],[1921,0],[1664,0],[1665,0],[2176,0],]]
[1921,13,4,[[1922,0],[1920,0],[1665,0],[2177,0],]]
[1922,19,4,[[1921,0],[1923,0],[1666,0],[1667,0],[2178,0],]]
[1923,2,4,[[1924,0],[1922,0],[1667,0],[2179,0],]]
[1924,2,4,[[1923,0],[1925,0],[1668,0],[1669,0],[2180,0],]]
[1925,3,4,[[1926,0],[1924,0],[1669,0],[2181,0],]]
[1926,7,4,[[1925,0],[1927,0],[1670,0],[1671,0],[2182,0],]]
[1927,6,4,[[1928,0],[1926,0],[1671,0],[2183,0],]]
[1928,18,4,[[1927,0],[1929,0],[1672,0],[1673,0],[2184,0],]]
[1929,2,4,[[1930,0],[1928,0],[1673,0],[2185,0],]]
[1930,11,4,[[1929,0],[1931,0],[1674,0],[1675,0],[2186,0],]]
[1931,13,4,[[1932,0],[1930,0],[1675,0],[2187,0],]]
[1932,8,4,[[1931,0],[1933,0],[1676,0],[1677,0],[2188,0],]]
[1933,3,4,[[1934,0],[1932,0],[1677,0],[2189,0],]]
[1934,12,4,[[1933,0],[1935,0],[1678,0],[1679,0],[2190,0],]]
[1935,10,4,[[1936,0],[1934,0],[1679,0],[2191,0],]]
[1936,16,4,[[1935,0],[1937,0],[1680,0],[1681,0],[2192,0],]]
[1937,9,4,[[1938,0],[1936,0],[1681,0],[2193,0],]]
[1938,8,4,[[1937,0],[1939,0],[1682,0],[1683,0],[2194,0],]]
[1939,10,4,[[1940,0],[1938,0],[1683,0],[2195,0],]]
[1940,10,4,[[1939,0],[1941,0],[1684,0],[1685,0],[2196,0],]]
[1941,9,4,[[1942,0],[1940,0],[1685,0],[2197,0],]]
[1942,17,4,[[1941,0],[1943,0],[1686,0],[1687,0],[2198,0],]]
[1943,15,4,[[1944,0],[1942,0],[1687,0],[2199,0],]]
[1944,18,4,[[1943,0],[1945,0],[1688,0],[1689,0],[2200,0],]]
[1945,16,4,[[1946,0],[1944,0],[1689,0],[2201,0],]]
[1946,19,4,[[1945,0],[1947,0],[1690,0],[1691,0],[2202,0],]]
[1947,7,4,[[1948,0],[1946,0],[1691,0],[2203,0],]]
[1948,19,4,[[1947,0],[1949,0],[1692,0],[1693,0],[2204,0],]]
[1949,15,4,[[1950,0],[1948,0],[1693,0],[2205,0],]]
[1950,2,4,[[1949,0],[1951,0],[1694,0],[1695,0],[2206,0],]]
[1951,1,4,[[1952,0],[1950,0],[1695,0],[2207,0],]]
[1952,4,5,[[1951,0],[1953,0],[1696,0],[1697,0],[2208,0],]]
[1953,18,5,[[1954,0],[1952,0],[1697,0],[2209,0],]]
[1954,8,5,[[1953,0],[1955,0],[1698,0],[1699,0],[2210,0],]]
[1955,1,5,[[1956,0],[1954,0],[1699,0],[2211,0],]]
[1956,16,5,[[1955,0],[1957,0],[1700,0],[1701,0],[2212,0],]]
[1957,15,5,[[1958,0],[1956,0],[1701,0],[2213,0],]]
[1958,14,5,[[1957,0],[1959,0],[1702,0],[1703,0],[2214,0],]]
[1959,1,5,[[1960,0],[1958,0],[1703,0],[2215,0],]]
[1960,12,5,[[1959,0],[1961,0],[1704,0],[1705,0],[2216,0],]]
[1961,9,5,[[1962,0],[1960,0],[1705,0],[2217,0],]]
[1962,15,5,[[1961,0],[1963,0],[1706,0],[1707,0],[2218,0],]]
[1963,18,5,[[1964,0],[1962,0],[1707,0],[2219,0],]]
[1964,17,5,[[1963,0],[1965,0],[1708,0],[1709,0],[2220,0],]]
[1965,15,5,[[1966,0],[1964,0],[1709,0],[2221,0],]]
