[15073,19,15,[[15074,0],[15072,0],[15329,0],[15328,0],[14817,0],]]
[15074,1,15,[[15073,0],[15075,0],[15330,0],[14818,0],]]
[15075,6,15,[[15076,0],[15074,0],[15331,0],[15330,0],[14819,0],]]
[15076,2,15,[[15075,0],[15077,0],[15332,0],[14820,0],]]
[15077,19,15,[[15078,0],[15076,0],[15333,0],[15332,0],[14821,0],]]
[15078,4,15,[[15077,0],[15079,0],[15334,0],[14822,0],]]
[15079,16,15,[[15080,0],[15078,0],[15335,0],[15334,0],[14823,0],]]
[15080,14,15,[[15079,0],[15081,0],[15336,0],[14824,0],]]
[15081,11,15,[[15082,0],[15080,0],[15337,0],[15336,0],[14825,0],]]
[15082,14,15,[[15081,0],[15083,0],[15338,0],[14826,0],]]
[15083,9,15,[[15084,0],[15082,0],[15339,0],[15338,0],[14827,0],]]
[15084,2,15,[[15083,0],[15085,0],[15340,0],[14828,0],]]
[15085,14,15,[[15086,0],[15084,0],[15341,0],[15340,0],[14829,0],]]
[15086,3,15,[[15085,0],[15087,0],[15342,0],[14830,0],]]
[15087,3,15,[[15088,0],[15086,0],[15343,0],[15342,0],[14831,0],]]
[15088,13,15,[[15087,0],[15089,0],[15344,0],[14832,0],]]
[15089,5,15,[[15090,0],[15088,0],[15345,0],[15344,0],[14833,0],]]
[15090,1,15,[[15089,0],[15091,0],[15346,0],[14834,0],]]
[15091,4,15,[[15092,0],[15090,0],[15347,0],[15346,0],[14835,0],]]
[15092,7,15,[[15091,0],[15093,0],[15348,0],[14836,0],]]
[15093,10,15,[[15094,0],[15092,0],[15349,0],[15348,0],[14837,0],]]
[15094,5,15,[[15093,0],[15095,0],[15350,0],[14838,0],]]
[15095,9,15,[[15096,0],[15094,0],[15351,0],[15350,0],[14839,0],]]
[15096,2,15,[[15095,0],[15097,0],[15352,0],[14840,0],]]
[15097,3,15,[[15098,0],[15096,0],[15353,0],[15352,0],[14841,0],]]
[15098,16,15,[[15097,0],[15099,0],[15354,0],[14842,0],]]
[15099,12,15,[[15100,0],[15098,0],[15355,0],[15354,0],[14843,0],]]
[15100,9,15,[[15099,0],[15101,0],[15356,0],[14844,0],]]
[15101,17,15,[[15102,0],[15100,0],[15357,0],[15356,0],[14845,0],]]
[15102,13,15,[[15101,0],[15103,0],[15358,0],[14846,0],]]
[15103,1,15,[[15102,0],[15359,0],[15358,0],[14847,0],]]
[15104,17,8,[[15105,0],[14848,0],[14849,0],[15360,0],]]
[15105,7,8,[[15106,0],[15104,0],[14849,0],[15361,0],]]
[15106,4,8,[[15105,0],[15107,0],[14850,0],[14851,0],[15362,0],]]
[15107,19,8,[[15108,0],[15106,0],[14851,0],[15363,0],]]
[15108,1,8,[[15107,0],[15109,0],[14852,0],[14853,0],[15364,0],]]
[15109,13,8,[[15110,0],[15108,0],[14853,0],[15365,0],]]
[15110,3,8,[[15109,0],[15111,0],[14854,0],[14855,0],[15366,0],]]
[15111,17,8,[[15112,0],[15110,0],[14855,0],[15367,0],]]
[15112,12,8,[[15111,0],[15113,0],[14856,0],[14857,0],[15368,0],]]
[15113,17,8,[[15114,0],[15112,0],[14857,0],[15369,0],]]
[15114,8,8,[[15113,0],[15115,0],[14858,0],[14859,0],[15370,0],]]
[15115,3,8,[[15116,0],[15114,0],[14859,0],[15371,0],]]
[15116,15,8,[[15115,0],[15117,0],[14860,0],[14861,0],[15372,0],]]
[15117,7,8,[[15118,0],[15116,0],[14861,0],[15373,0],]]
[15118,7,8,[[15117,0],[15119,0],[14862,0],[14863,0],[15374,0],]]
[15119,13,8,[[15120,0],[15118,0],[14863,0],[15375,0],]]
[15120,12,8,[[15119,0],[15121,0],[14864,0],[14865,0],[15376,0],]]
[15121,1,8,[[15122,0],[15120,0],[14865,0],[15377,0],]]
[15122,3,8,[[15121,0],[15123,0],[14866,0],[14867,0],[15378,0],]]
[15123,11,8,[[15124,0],[15122,0],[14867,0],[15379,0],]]
[15124,16,8,[[15123,0],[15125,0],[14868,0],[14869,0],[15380,0],]]
[15125,8,8,[[15126,0],[15124,0],[14869,0],[15381,0],]]
[15126,7,8,[[15125,0],[15127,0],[14870,0],[14871,0],[15382,0],]]
[15127,15,8,[[15128,0],[15126,0],[14871,0],[15383,0],]]
[15128,3,8,[[15127,0],[15129,0],[14872,0],[14873,0],[15384,0],]]
[15129,8,8,[[15130,0],[15128,0],[14873,0],[15385,0],]]
[15130,12,8,[[15129,0],[15131,0],[14874,0],[14875,0],[15386,0],]]
[15131,10,8,[[15132,0],[15130,0],[14875,0],[15387,0],]]
[15132,10,8,[[15131,0],[15133,0],[14876,0],[14877,0],[15388,0],]]
[15133,19,8,[[15134,0],[15132,0],[14877,0],[15389,0],]]
[15134,16,8,[[15133,0],[15135,0],[14878,0],[14879,0],[15390,0],]]
[15135,4,8,[[15136,0],[15134,0],[14879,0],[15391,0],]]
[15136,3,9,[[15135,0],[15137,0],[14880,0],[14881,0],[15392,0],]]
[15137,12,9,[[15138,0],[15136,0],[14881,0],[15393,0],]]
[15138,4,9,[[15137,0],[15139,0],[14882,0],[14883,0],[15394,0],]]
[15139,12,9,[[15140,0],[15138,0],[14883,0],[15395,0],]]
[15140,10,9,[[15139,0],[15141,0],[14884,0],[14885,0],[15396,0],]]
[15141,19,9,[[15142,0],[15140,0],[14885,0],[15397,0],]]
[15142,5,9,[[15141,0],[15143,0],[14886,0],[14887,0],[15398,0],]]
[15143,5,9,[[15144,0],[15142,0],[14887,0],[15399,0],]]
[15144,19,9,[[15143,0],[15145,0],[14888,0],[14889,0],[15400,0],]]
[15145,18,9,[[15146,0],[15144,0],[14889,0],[15401,0],]]
[15146,17,9,[[15145,0],[15147,0],[14890,0],[14891,0],[15402,0],]]
[15147,5,9,[[15148,0],[15146,0],[14891,0],[15403,0],]]
[15148,5,9,[[15147,0],[15149,0],[14892,0],[14893,0],[15404,0],]]
[15149,18,9,[[15150,0],[15148,0],[14893,0],[15405,0],]]
[15150,18,9,[[15149,0],[15151,0],[14894,0],[14895,0],[15406,0],]]
[15151,8,9,[[15152,0],[15150,0],[14895,0],[15407,0],]]
[15152,11,9,[[15151,0],[15153,0],[14896,0],[14897,0],[15408,0],]]
[15153,2,9,[[15154,0],[15152,0],[14897,0],[15409,0],]]
[15154,19,9,[[15153,0],[15155,0],[14898,0],[14899,0],[15410,0],]]
[15155,13,9,[[15156,0],[15154,0],[14899,0],[15411,0],]]
[15156,6,9,[[15155,0],[15157,0],[14900,0],[14901,0],[15412,0],]]
[15157,19,9,[[15158,0],[15156,0],[14901,0],[15413,0],]]
[15158,14,9,[[15157,0],[15159,0],[14902,0],[14903,0],[15414,0],]]
[15159,15,9,[[15160,0],[15158,0],[14903,0],[15415,0],]]
[15160,9,9,[[15159,0],[15161,0],[14904,0],[14905,0],[15416,0],]]
[15161,14,9,[[15162,0],[15160,0],[14905,0],[15417,0],]]
[15162,14,9,[[15161,0],[15163,0],[14906,0],[14907,0],[15418,0],]]
[15163,18,9,[[15164,0],[15162,0],[14907,0],[15419,0],]]
[15164,19,9,[[15163,0],[15165,0],[14908,0],[14909,0],[15420,0],]]
[15165,4,9,[[15166,0],[15164,0],[14909,0],[15421,0],]]
[15166,8,9,[[15165,0],[15167,0],[14910,0],[14911,0],[15422,0],]]
[15167,2,9,[[15168,0],[15166,0],[14911,0],[15423,0],]]
[15168,1,10,[[15167,0],[15169,0],[14912,0],[14913,0],[15424,0],]]
[15169,4,10,[[15170,0],[15168,0],[14913,0],[15425,0],]]
[15170,5,10,[[15169,0],[15171,0],[14914,0],[14915,0],[15426,0],]]
[15171,9,10,[[15172,0],[15170,0],[14915,0],[15427,0],]]
[15172,6,10,[[15171,0],[15173,0],[14916,0],[14917,0],[15428,0],]]
[15173,1,10,[[15174,0],[15172,0],[14917,0],[15429,0],]]
[15174,4,10,[[15173,0],[15175,0],[14918,0],[14919,0],[15430,0],]]
[15175,2,10,[[15176,0],[15174,0],[14919,0],[15431,0],]]
[15176,14,10,[[15175,0],[15177,0],[14920,0],[14921,0],[15432,0],]]
[15177,7,10,[[15178,0],[15176,0],[14921,0],[15433,0],]]
[15178,6,10,[[15177,0],[15179,0],[14922,0],[14923,0],[15434,0],]]
[15179,18,10,[[15180,0],[15178,0],[14923,0],[15435,0],]]
[15180,15,10,[[15179,0],[15181,0],[14924,0],[14925,0],[15436,0],]]
[15181,3,10,[[15182,0],[15180,0],[14925,0],[15437,0],]]
[15182,17,10,[[15181,0],[15183,0],[14926,0],[14927,0],[15438,0],]]
[15183,12,10,[[15184,0],[15182,0],[14927,0],[15439,0],]]
[15184,1,10,[[15183,0],[15185,0],[14928,0],[14929,0],[15440,0],]]
[15185,8,10,[[15186,0],[15184,0],[14929,0],[15441,0],]]
[15186,12,10,[[15185,0],[15187,0],[14930,0],[14931,0],[15442,0],]]
[15187,3,10,[[15188,0],[15186,0],[14931,0],[15443,0],]]
[15188,1,10,[[15187,0],[15189,0],[14932,0],[14933,0],[15444,0],]]
[15189,14,10,[[15190,0],[15188,0],[14933,0],[15445,0],]]
[15190,18,10,[[15189,0],[15191,0],[14934,0],[14935,0],[15446,0],]]
[15191,8,10,[[15192,0],[15190,0],[14935,0],[15447,0],]]
[15192,9,10,[[15191,0],[15193,0],[14936,0],[14937,0],[15448,0],]]
[15193,8,10,[[15194,0],[15192,0],[14937,0],[15449,0],]]
[15194,6,10,[[15193,0],[15195,0],[14938,0],[14939,0],[15450,0],]]
[15195,7,10,[[15196,0],[15194,0],[14939,0],[15451,0],]]
[15196,4,10,[[15195,0],[15197,0],[14940,0],[14941,0],[15452,0],]]
[15197,18,10,[[15198,0],[15196,0],[14941,0],[15453,0],]]
[15198,3,10,[[15197,0],[15199,0],[14942,0],[14943,0],[15454,0],]]
[15199,14,10,[[15200,0],[15198,0],[14943,0],[15455,0],]]
[15200,17,11,[[15199,0],[15201,0],[14944,0],[14945,0],[15456,0],]]
[15201,19,11,[[15202,0],[15200,0],[14945,0],[15457,0],]]
[15202,16,11,[[15201,0],[15203,0],[14946,0],[14947,0],[15458,0],]]
[15203,8,11,[[15204,0],[15202,0],[14947,0],[15459,0],]]
[15204,9,11,[[15203,0],[15205,0],[14948,0],[14949,0],[15460,0],]]
[15205,13,11,[[15206,0],[15204,0],[14949,0],[15461,0],]]
[15206,1,11,[[15205,0],[15207,0],[14950,0],[14951,0],[15462,0],]]
[15207,2,11,[[15208,0],[15206,0],[14951,0],[15463,0],]]
[15208,9,11,[[15207,0],[15209,0],[14952,0],[14953,0],[15464,0],]]
[15209,13,11,[[15210,0],[15208,0],[14953,0],[15465,0],]]
[15210,11,11,[[15209,0],[15211,0],[14954,0],[14955,0],[15466,0],]]
[15211,8,11,[[15212,0],[15210,0],[14955,0],[15467,0],]]
[15212,15,11,[[15211,0],[15213,0],[14956,0],[14957,0],[15468,0],]]
[15213,10,11,[[15214,0],[15212,0],[14957,0],[15469,0],]]
[15214,3,11,[[15213,0],[15215,0],[14958,0],[14959,0],[15470,0],]]
[15215,19,11,[[15216,0],[15214,0],[14959,0],[15471,0],]]
[15216,9,11,[[15215,0],[15217,0],[14960,0],[14961,0],[15472,0],]]
[15217,8,11,[[15218,0],[15216,0],[14961,0],[15473,0],]]
[15218,7,11,[[15217,0],[15219,0],[14962,0],[14963,0],[15474,0],]]
[15219,8,11,[[15220,0],[15218,0],[14963,0],[15475,0],]]
[15220,6,11,[[15219,0],[15221,0],[14964,0],[14965,0],[15476,0],]]
[15221,18,11,[[15222,0],[15220,0],[14965,0],[15477,0],]]
[15222,16,11,[[15221,0],[15223,0],[14966,0],[14967,0],[15478,0],]]
[15223,2,11,[[15224,0],[15222,0],[14967,0],[15479,0],]]
[15224,17,11,[[15223,0],[15225,0],[14968,0],[14969,0],[15480,0],]]
[15225,6,11,[[15226,0],[15224,0],[14969,0],[15481,0],]]
[15226,2,11,[[15225,0],[15227,0],[14970,0],[14971,0],[15482,0],]]
[15227,7,11,[[15228,0],[15226,0],[14971,0],[15483,0],]]
[15228,16,11,[[15227,0],[15229,0],[14972,0],[14973,0],[15484,0],]]
[15229,7,11,[[15230,0],[15228,0],[14973,0],[15485,0],]]
[15230,16,11,[[15229,0],[15231,0],[14974,0],[14975,0],[15486,0],]]
[15231,12,11,[[15232,0],[15230,0],[14975,0],[15487,0],]]
[15232,18,12,[[15231,0],[15233,0],[14976,0],[14977,0],[15488,0],]]
[15233,19,12,[[15234,0],[15232,0],[14977,0],[15489,0],]]
[15234,11,12,[[15233,0],[15235,0],[14978,0],[14979,0],[15490,0],]]
[15235,7,12,[[15236,0],[15234,0],[14979,0],[15491,0],]]
[15236,11,12,[[15235,0],[15237,0],[14980,0],[14981,0],[15492,0],]]
[15237,15,12,[[15238,0],[15236,0],[14981,0],[15493,0],]]
[15238,11,12,[[15237,0],[15239,0],[14982,0],[14983,0],[15494,0],]]
[15239,19,12,[[15240,0],[15238,0],[14983,0],[15495,0],]]
[15240,14,12,[[15239,0],[15241,0],[14984,0],[14985,0],[15496,0],]]
[15241,19,12,[[15242,0],[15240,0],[14985,0],[15497,0],]]
[15242,8,12,[[15241,0],[15243,0],[14986,0],[14987,0],[15498,0],]]
[15243,1,12,[[15244,0],[15242,0],[14987,0],[15499,0],]]
[15244,19,12,[[15243,0],[15245,0],[14988,0],[14989,0],[15500,0],]]
[15245,4,12,[[15246,0],[15244,0],[14989,0],[15501,0],]]
[15246,15,12,[[15245,0],[15247,0],[14990,0],[14991,0],[15502,0],]]
[15247,19,12,[[15248,0],[15246,0],[14991,0],[15503,0],]]
[15248,12,12,[[15247,0],[15249,0],[14992,0],[14993,0],[15504,0],]]
[15249,7,12,[[15250,0],[15248,0],[14993,0],[15505,0],]]
[15250,15,12,[[15249,0],[15251,0],[14994,0],[14995,0],[15506,0],]]
[15251,3,12,[[15252,0],[15250,0],[14995,0],[15507,0],]]
[15252,3,12,[[15251,0],[15253,0],[14996,0],[14997,0],[15508,0],]]
[15253,18,12,[[15254,0],[15252,0],[14997,0],[15509,0],]]
[15254,6,12,[[15253,0],[15255,0],[14998,0],[14999,0],[15510,0],]]
[15255,6,12,[[15256,0],[15254,0],[14999,0],[15511,0],]]
[15256,13,12,[[15255,0],[15257,0],[15000,0],[15001,0],[15512,0],]]
[15257,4,12,[[15258,0],[15256,0],[15001,0],[15513,0],]]
[15258,1,12,[[15257,0],[15259,0],[15002,0],[15003,0],[15514,0],]]
[15259,18,12,[[15260,0],[15258,0],[15003,0],[15515,0],]]
[15260,16,12,[[15259,0],[15261,0],[15004,0],[15005,0],[15516,0],]]
[15261,1,12,[[15262,0],[15260,0],[15005,0],[15517,0],]]
[15262,13,12,[[15261,0],[15263,0],[15006,0],[15007,0],[15518,0],]]
[15263,18,12,[[15264,0],[15262,0],[15007,0],[15519,0],]]
[15264,8,13,[[15263,0],[15265,0],[15008,0],[15009,0],[15520,0],]]
[15265,8,13,[[15266,0],[15264,0],[15009,0],[15521,0],]]
[15266,18,13,[[15265,0],[15267,0],[15010,0],[15011,0],[15522,0],]]
[15267,10,13,[[15268,0],[15266,0],[15011,0],[15523,0],]]
[15268,7,13,[[15267,0],[15269,0],[15012,0],[15013,0],[15524,0],]]
[15269,14,13,[[15270,0],[15268,0],[15013,0],[15525,0],]]
[15270,12,13,[[15269,0],[15271,0],[15014,0],[15015,0],[15526,0],]]
[15271,8,13,[[15272,0],[15270,0],[15015,0],[15527,0],]]
[15272,4,13,[[15271,0],[15273,0],[15016,0],[15017,0],[15528,0],]]
[15273,17,13,[[15274,0],[15272,0],[15017,0],[15529,0],]]
[15274,2,13,[[15273,0],[15275,0],[15018,0],[15019,0],[15530,0],]]
[15275,3,13,[[15276,0],[15274,0],[15019,0],[15531,0],]]
[15276,12,13,[[15275,0],[15277,0],[15020,0],[15021,0],[15532,0],]]
[15277,10,13,[[15278,0],[15276,0],[15021,0],[15533,0],]]
[15278,18,13,[[15277,0],[15279,0],[15022,0],[15023,0],[15534,0],]]
[15279,2,13,[[15280,0],[15278,0],[15023,0],[15535,0],]]
[15280,19,13,[[15279,0],[15281,0],[15024,0],[15025,0],[15536,0],]]
[15281,14,13,[[15282,0],[15280,0],[15025,0],[15537,0],]]
[15282,16,13,[[15281,0],[15283,0],[15026,0],[15027,0],[15538,0],]]
[15283,5,13,[[15284,0],[15282,0],[15027,0],[15539,0],]]
[15284,19,13,[[15283,0],[15285,0],[15028,0],[15029,0],[15540,0],]]
[15285,10,13,[[15286,0],[15284,0],[15029,0],[15541,0],]]
[15286,5,13,[[15285,0],[15287,0],[15030,0],[15031,0],[15542,0],]]
[15287,17,13,[[15288,0],[15286,0],[15031,0],[15543,0],]]
[15288,10,13,[[15287,0],[15289,0],[15032,0],[15033,0],[15544,0],]]
[15289,10,13,[[15290,0],[15288,0],[15033,0],[15545,0],]]
[15290,14,13,[[15289,0],[15291,0],[15034,0],[15035,0],[15546,0],]]
[15291,1,13,[[15292,0],[15290,0],[15035,0],[15547,0],]]
[15292,3,13,[[15291,0],[15293,0],[15036,0],[15037,0],[15548,0],]]
[15293,1,13,[[15294,0],[15292,0],[15037,0],[15549,0],]]
[15294,9,13,[[15293,0],[15295,0],[15038,0],[15039,0],[15550,0],]]
[15295,3,13,[[15296,0],[15294,0],[15039,0],[15551,0],]]
[15296,11,14,[[15295,0],[15297,0],[15040,0],[15041,0],[15552,0],]]
[15297,17,14,[[15298,0],[15296,0],[15041,0],[15553,0],]]
[15298,6,14,[[15297,0],[15299,0],[15042,0],[15043,0],[15554,0],]]
[15299,18,14,[[15300,0],[15298,0],[15043,0],[15555,0],]]
[15300,11,14,[[15299,0],[15301,0],[15044,0],[15045,0],[15556,0],]]
[15301,12,14,[[15302,0],[15300,0],[15045,0],[15557,0],]]
[15302,5,14,[[15301,0],[15303,0],[15046,0],[15047,0],[15558,0],]]
[15303,15,14,[[15304,0],[15302,0],[15047,0],[15559,0],]]
[15304,5,14,[[15303,0],[15305,0],[15048,0],[15049,0],[15560,0],]]
[15305,17,14,[[15306,0],[15304,0],[15049,0],[15561,0],]]
[15306,3,14,[[15305,0],[15307,0],[15050,0],[15051,0],[15562,0],]]
[15307,4,14,[[15308,0],[15306,0],[15051,0],[15563,0],]]
[15308,19,14,[[15307,0],[15309,0],[15052,0],[15053,0],[15564,0],]]
[15309,13,14,[[15310,0],[15308,0],[15053,0],[15565,0],]]
[15310,14,14,[[15309,0],[15311,0],[15054,0],[15055,0],[15566,0],]]
[15311,16,14,[[15312,0],[15310,0],[15055,0],[15567,0],]]
[15312,13,14,[[15311,0],[15313,0],[15056,0],[15057,0],[15568,0],]]
[15313,7,14,[[15314,0],[15312,0],[15057,0],[15569,0],]]
[15314,11,14,[[15313,0],[15315,0],[15058,0],[15059,0],[15570,0],]]
[15315,7,14,[[15316,0],[15314,0],[15059,0],[15571,0],]]
[15316,12,14,[[15315,0],[15317,0],[15060,0],[15061,0],[15572,0],]]
[15317,13,14,[[15318,0],[15316,0],[15061,0],[15573,0],]]
[15318,14,14,[[15317,0],[15319,0],[15062,0],[15063,0],[15574,0],]]
[15319,1,14,[[15320,0],[15318,0],[15063,0],[15575,0],]]
[15320,19,14,[[15319,0],[15321,0],[15064,0],[15065,0],[15576,0],]]
[15321,17,14,[[15322,0],[15320,0],[15065,0],[15577,0],]]
[15322,18,14,[[15321,0],[15323,0],[15066,0],[15067,0],[15578,0],]]
[15323,17,14,[[15324,0],[15322,0],[15067,0],[15579,0],]]
[15324,2,14,[[15323,0],[15325,0],[15068,0],[15069,0],[15580,0],]]
[15325,17,14,[[15326,0],[15324,0],[15069,0],[15581,0],]]
[15326,9,14,[[15325,0],[15327,0],[15070,0],[15071,0],[15582,0],]]
[15327,11,14,[[15328,0],[15326,0],[15071,0],[15583,0],]]
[15328,6,15,[[15327,0],[15329,0],[15072,0],[15073,0],[15584,0],]]
[15329,14,15,[[15330,0],[15328,0],[15073,0],[15585,0],]]
[15330,10,15,[[15329,0],[15331,0],[15074,0],[15075,0],[15586,0],]]
[15331,15,15,[[15332,0],[15330,0],[15075,0],[15587,0],]]
[15332,2,15,[[15331,0],[15333,0],[15076,0],[15077,0],[15588,0],]]
[15333,3,15,[[15334,0],[15332,0],[15077,0],[15589,0],]]
[15334,9,15,[[15333,0],[15335,0],[15078,0],[15079,0],[15590,0],]]
[15335,6,15,[[15336,0],[15334,0],[15079,0],[15591,0],]]
[15336,17,15,[[15335,0],[15337,0],[15080,0],[15081,0],[15592,0],]]
[15337,19,15,[[15338,0],[15336,0],[15081,0],[15593,0],]]
[15338,10,15,[[15337,0],[15339,0],[15082,0],[15083,0],[15594,0],]]
[15339,9,15,[[15340,0],[15338,0],[15083,0],[15595,0],]]
[15340,14,15,[[15339,0],[15341,0],[15084,0],[15085,0],[15596,0],]]
[15341,6,15,[[15342,0],[15340,0],[15085,0],[15597,0],]]
[15342,6,15,[[15341,0],[15343,0],[15086,0],[15087,0],[15598,0],]]
[15343,13,15,[[15344,0],[15342,0],[15087,0],[15599,0],]]
[15344,7,15,[[15343,0],[15345,0],[15088,0],[15089,0],[15600,0],]]
[15345,16,15,[[15346,0],[15344,0],[15089,0],[15601,0],]]
[15346,2,15,[[15345,0],[15347,0],[15090,0],[15091,0],[15602,0],]]
[15347,12,15,[[15348,0],[15346,0],[15091,0],[15603,0],]]
[15348,16,15,[[15347,0],[15349,0],[15092,0],[15093,0],[15604,0],]]
[15349,4,15,[[15350,0],[15348,0],[15093,0],[15605,0],]]
[15350,8,15,[[15349,0],[15351,0],[15094,0],[15095,0],[15606,0],]]
[15351,11,15,[[15352,0],[15350,0],[15095,0],[15607,0],]]
[15352,19,15,[[15351,0],[15353,0],[15096,0],[15097,0],[15608,0],]]
[15353,3,15,[[15354,0],[15352,0],[15097,0],[15609,0],]]
[15354,18,15,[[15353,0],[15355,0],[15098,0],[15099,0],[15610,0],]]
[15355,5,15,[[15356,0],[15354,0],[15099,0],[15611,0],]]
[15356,18,15,[[15355,0],[15357,0],[15100,0],[15101,0],[15612,0],]]
[15357,11,15,[[15358,0],[15356,0],[15101,0],[15613,0],]]
[15358,6,15,[[15357,0],[15359,0],[15102,0],[15103,0],[15614,0],]]
[15359,6,15,[[15358,0],[15103,0],[15615,0],]]
[15360,7,8,[[15361,0],[15616,0],[15104,0],]]
[15361,17,8,[[15362,0],[15360,0],[15617,0],[15616,0],[15105,0],]]
[15362,3,8,[[15361,0],[15363,0],[15618,0],[15106,0],]]
[15363,14,8,[[15364,0],[15362,0],[15619,0],[15618,0],[15107,0],]]
[15364,13,8,[[15363,0],[15365,0],[15620,0],[15108,0],]]
[15365,19,8,[[15366,0],[15364,0],[15621,0],[15620,0],[15109,0],]]
[15366,4,8,[[15365,0],[15367,0],[15622,0],[15110,0],]]
[15367,6,8,[[15368,0],[15366,0],[15623,0],[15622,0],[15111,0],]]
[15368,7,8,[[15367,0],[15369,0],[15624,0],[15112,0],]]
[15369,4,8,[[15370,0],[15368,0],[15625,0],[15624,0],[15113,0],]]
[15370,1,8,[[15369,0],[15371,0],[15626,0],[15114,0],]]
[15371,8,8,[[15372,0],[15370,0],[15627,0],[15626,0],[15115,0],]]
[15372,17,8,[[15371,0],[15373,0],[15628,0],[15116,0],]]
[15373,15,8,[[15374,0],[15372,0],[15629,0],[15628,0],[15117,0],]]
[15374,11,8,[[15373,0],[15375,0],[15630,0],[15118,0],]]
[15375,12,8,[[15376,0],[15374,0],[15631,0],[15630,0],[15119,0],]]
[15376,7,8,[[15375,0],[15377,0],[15632,0],[15120,0],]]
[15377,17,8,[[15378,0],[15376,0],[15633,0],[15632,0],[15121,0],]]
[15378,18,8,[[15377,0],[15379,0],[15634,0],[15122,0],]]
[15379,3,8,[[15380,0],[15378,0],[15635,0],[15634,0],[15123,0],]]
[15380,11,8,[[15379,0],[15381,0],[15636,0],[15124,0],]]
[15381,7,8,[[15382,0],[15380,0],[15637,0],[15636,0],[15125,0],]]
[15382,4,8,[[15381,0],[15383,0],[15638,0],[15126,0],]]
[15383,18,8,[[15384,0],[15382,0],[15639,0],[15638,0],[15127,0],]]
[15384,18,8,[[15383,0],[15385,0],[15640,0],[15128,0],]]
[15385,10,8,[[15386,0],[15384,0],[15641,0],[15640,0],[15129,0],]]
[15386,5,8,[[15385,0],[15387,0],[15642,0],[15130,0],]]
[15387,15,8,[[15388,0],[15386,0],[15643,0],[15642,0],[15131,0],]]
[15388,15,8,[[15387,0],[15389,0],[15644,0],[15132,0],]]
[15389,7,8,[[15390,0],[15388,0],[15645,0],[15644,0],[15133,0],]]
[15390,2,8,[[15389,0],[15391,0],[15646,0],[15134,0],]]
[15391,7,8,[[15392,0],[15390,0],[15647,0],[15646,0],[15135,0],]]
[15392,17,9,[[15391,0],[15393,0],[15648,0],[15136,0],]]
[15393,14,9,[[15394,0],[15392,0],[15649,0],[15648,0],[15137,0],]]
[15394,3,9,[[15393,0],[15395,0],[15650,0],[15138,0],]]
[15395,12,9,[[15396,0],[15394,0],[15651,0],[15650,0],[15139,0],]]
[15396,9,9,[[15395,0],[15397,0],[15652,0],[15140,0],]]
[15397,19,9,[[15398,0],[15396,0],[15653,0],[15652,0],[15141,0],]]
[15398,5,9,[[15397,0],[15399,0],[15654,0],[15142,0],]]
[15399,11,9,[[15400,0],[15398,0],[15655,0],[15654,0],[15143,0],]]
[15400,6,9,[[15399,0],[15401,0],[15656,0],[15144,0],]]
[15401,18,9,[[15402,0],[15400,0],[15657,0],[15656,0],[15145,0],]]
[15402,6,9,[[15401,0],[15403,0],[15658,0],[15146,0],]]
[15403,4,9,[[15404,0],[15402,0],[15659,0],[15658,0],[15147,0],]]
[15404,17,9,[[15403,0],[15405,0],[15660,0],[15148,0],]]
[15405,11,9,[[15406,0],[15404,0],[15661,0],[15660,0],[15149,0],]]
[15406,13,9,[[15405,0],[15407,0],[15662,0],[15150,0],]]
[15407,14,9,[[15408,0],[15406,0],[15663,0],[15662,0],[15151,0],]]
[15408,5,9,[[15407,0],[15409,0],[15664,0],[15152,0],]]
[15409,14,9,[[15410,0],[15408,0],[15665,0],[15664,0],[15153,0],]]
[15410,4,9,[[15409,0],[15411,0],[15666,0],[15154,0],]]
[15411,2,9,[[15412,0],[15410,0],[15667,0],[15666,0],[15155,0],]]
[15412,9,9,[[15411,0],[15413,0],[15668,0],[15156,0],]]
[15413,2,9,[[15414,0],[15412,0],[15669,0],[15668,0],[15157,0],]]
[15414,5,9,[[15413,0],[15415,0],[15670,0],[15158,0],]]
[15415,19,9,[[15416,0],[15414,0],[15671,0],[15670,0],[15159,0],]]
[15416,9,9,[[15415,0],[15417,0],[15672,0],[15160,0],]]
[15417,17,9,[[15418,0],[15416,0],[15673,0],[15672,0],[15161,0],]]
[15418,9,9,[[15417,0],[15419,0],[15674,0],[15162,0],]]
[15419,1,9,[[15420,0],[15418,0],[15675,0],[15674,0],[15163,0],]]
[15420,17,9,[[15419,0],[15421,0],[15676,0],[15164,0],]]
[15421,11,9,[[15422,0],[15420,0],[15677,0],[15676,0],[15165,0],]]
[15422,8,9,[[15421,0],[15423,0],[15678,0],[15166,0],]]
[15423,2,9,[[15424,0],[15422,0],[15679,0],[15678,0],[15167,0],]]
[15424,4,10,[[15423,0],[15425,0],[15680,0],[15168,0],]]
[15425,14,10,[[15426,0],[15424,0],[15681,0],[15680,0],[15169,0],]]
[15426,16,10,[[15425,0],[15427,0],[15682,0],[15170,0],]]
[15427,9,10,[[15428,0],[15426,0],[15683,0],[15682,0],[15171,0],]]
[15428,18,10,[[15427,0],[15429,0],[15684,0],[15172,0],]]
[15429,5,10,[[15430,0],[15428,0],[15685,0],[15684,0],[15173,0],]]
[15430,7,10,[[15429,0],[15431,0],[15686,0],[15174,0],]]
[15431,5,10,[[15432,0],[15430,0],[15687,0],[15686,0],[15175,0],]]
[15432,15,10,[[15431,0],[15433,0],[15688,0],[15176,0],]]
[15433,9,10,[[15434,0],[15432,0],[15689,0],[15688,0],[15177,0],]]
[15434,19,10,[[15433,0],[15435,0],[15690,0],[15178,0],]]
[15435,11,10,[[15436,0],[15434,0],[15691,0],[15690,0],[15179,0],]]
[15436,6,10,[[15435,0],[15437,0],[15692,0],[15180,0],]]
[15437,17,10,[[15438,0],[15436,0],[15693,0],[15692,0],[15181,0],]]
[15438,3,10,[[15437,0],[15439,0],[15694,0],[15182,0],]]
[15439,11,10,[[15440,0],[15438,0],[15695,0],[15694,0],[15183,0],]]
[15440,8,10,[[15439,0],[15441,0],[15696,0],[15184,0],]]
[15441,6,10,[[15442,0],[15440,0],[15697,0],[15696,0],[15185,0],]]
[15442,12,10,[[15441,0],[15443,0],[15698,0],[15186,0],]]
[15443,1,10,[[15444,0],[15442,0],[15699,0],[15698,0],[15187,0],]]
[15444,17,10,[[15443,0],[15445,0],[15700,0],[15188,0],]]
[15445,17,10,[[15446,0],[15444,0],[15701,0],[15700,0],[15189,0],]]
[15446,7,10,[[15445,0],[15447,0],[15702,0],[15190,0],]]
[15447,4,10,[[15448,0],[15446,0],[15703,0],[15702,0],[15191,0],]]
[15448,6,10,[[15447,0],[15449,0],[15704,0],[15192,0],]]
[15449,6,10,[[15450,0],[15448,0],[15705,0],[15704,0],[15193,0],]]
[15450,9,10,[[15449,0],[15451,0],[15706,0],[15194,0],]]
[15451,11,10,[[15452,0],[15450,0],[15707,0],[15706,0],[15195,0],]]
[15452,11,10,[[15451,0],[15453,0],[15708,0],[15196,0],]]
[15453,10,10,[[15454,0],[15452,0],[15709,0],[15708,0],[15197,0],]]
[15454,19,10,[[15453,0],[15455,0],[15710,0],[15198,0],]]
[15455,13,10,[[15456,0],[15454,0],[15711,0],[15710,0],[15199,0],]]
[15456,10,11,[[15455,0],[15457,0],[15712,0],[15200,0],]]
[15457,12,11,[[15458,0],[15456,0],[15713,0],[15712,0],[15201,0],]]
[15458,8,11,[[15457,0],[15459,0],[15714,0],[15202,0],]]
[15459,1,11,[[15460,0],[15458,0],[15715,0],[15714,0],[15203,0],]]
[15460,14,11,[[15459,0],[15461,0],[15716,0],[15204,0],]]
[15461,15,11,[[15462,0],[15460,0],[15717,0],[15716,0],[15205,0],]]
[15462,8,11,[[15461,0],[15463,0],[15718,0],[15206,0],]]
[15463,13,11,[[15464,0],[15462,0],[15719,0],[15718,0],[15207,0],]]
[15464,9,11,[[15463,0],[15465,0],[15720,0],[15208,0],]]
[15465,8,11,[[15466,0],[15464,0],[15721,0],[15720,0],[15209,0],]]
[15466,3,11,[[15465,0],[15467,0],[15722,0],[15210,0],]]
[15467,18,11,[[15468,0],[15466,0],[15723,0],[15722,0],[15211,0],]]
[15468,5,11,[[15467,0],[15469,0],[15724,0],[15212,0],]]
[15469,17,11,[[15470,0],[15468,0],[15725,0],[15724,0],[15213,0],]]
[15470,5,11,[[15469,0],[15471,0],[15726,0],[15214,0],]]
[15471,17,11,[[15472,0],[15470,0],[15727,0],[15726,0],[15215,0],]]
[15472,3,11,[[15471,0],[15473,0],[15728,0],[15216,0],]]
[15473,16,11,[[15474,0],[15472,0],[15729,0],[15728,0],[15217,0],]]
[15474,17,11,[[15473,0],[15475,0],[15730,0],[15218,0],]]
[15475,13,11,[[15476,0],[15474,0],[15731,0],[15730,0],[15219,0],]]
[15476,17,11,[[15475,0],[15477,0],[15732,0],[15220,0],]]
[15477,4,11,[[15478,0],[15476,0],[15733,0],[15732,0],[15221,0],]]
[15478,19,11,[[15477,0],[15479,0],[15734,0],[15222,0],]]
[15479,11,11,[[15480,0],[15478,0],[15735,0],[15734,0],[15223,0],]]
[15480,19,11,[[15479,0],[15481,0],[15736,0],[15224,0],]]
[15481,5,11,[[15482,0],[15480,0],[15737,0],[15736,0],[15225,0],]]
[15482,10,11,[[15481,0],[15483,0],[15738,0],[15226,0],]]
[15483,9,11,[[15484,0],[15482,0],[15739,0],[15738,0],[15227,0],]]
[15484,3,11,[[15483,0],[15485,0],[15740,0],[15228,0],]]
[15485,1,11,[[15486,0],[15484,0],[15741,0],[15740,0],[15229,0],]]
[15486,2,11,[[15485,0],[15487,0],[15742,0],[15230,0],]]
[15487,18,11,[[15488,0],[15486,0],[15743,0],[15742,0],[15231,0],]]
[15488,10,12,[[15487,0],[15489,0],[15744,0],[15232,0],]]
[15489,8,12,[[15490,0],[15488,0],[15745,0],[15744,0],[15233,0],]]
[15490,19,12,[[15489,0],[15491,0],[15746,0],[15234,0],]]
[15491,9,12,[[15492,0],[15490,0],[15747,0],[15746,0],[15235,0],]]
[15492,8,12,[[15491,0],[15493,0],[15748,0],[15236,0],]]
[15493,15,12,[[15494,0],[15492,0],[15749,0],[15748,0],[15237,0],]]
[15494,1,12,[[15493,0],[15495,0],[15750,0],[15238,0],]]
[15495,15,12,[[15496,0],[15494,0],[15751,0],[15750,0],[15239,0],]]
[15496,8,12,[[15495,0],[15497,0],[15752,0],[15240,0],]]
[15497,13,12,[[15498,0],[15496,0],[15753,0],[15752,0],[15241,0],]]
[15498,5,12,[[15497,0],[15499,0],[15754,0],[15242,0],]]
[15499,4,12,[[15500,0],[15498,0],[15755,0],[15754,0],[15243,0],]]
[15500,16,12,[[15499,0],[15501,0],[15756,0],[15244,0],]]
[15501,13,12,[[15502,0],[15500,0],[15757,0],[15756,0],[15245,0],]]
[15502,11,12,[[15501,0],[15503,0],[15758,0],[15246,0],]]
[15503,16,12,[[15504,0],[15502,0],[15759,0],[15758,0],[15247,0],]]
[15504,11,12,[[15503,0],[15505,0],[15760,0],[15248,0],]]
[15505,7,12,[[15506,0],[15504,0],[15761,0],[15760,0],[15249,0],]]
[15506,4,12,[[15505,0],[15507,0],[15762,0],[15250,0],]]
[15507,6,12,[[15508,0],[15506,0],[15763,0],[15762,0],[15251,0],]]
[15508,8,12,[[15507,0],[15509,0],[15764,0],[15252,0],]]
[15509,10,12,[[15510,0],[15508,0],[15765,0],[15764,0],[15253,0],]]
[15510,2,12,[[15509,0],[15511,0],[15766,0],[15254,0],]]
[15511,6,12,[[15512,0],[15510,0],[15767,0],[15766,0],[15255,0],]]
[15512,3,12,[[15511,0],[15513,0],[15768,0],[15256,0],]]
[15513,16,12,[[15514,0],[15512,0],[15769,0],[15768,0],[15257,0],]]
[15514,12,12,[[15513,0],[15515,0],[15770,0],[15258,0],]]
[15515,19,12,[[15516,0],[15514,0],[15771,0],[15770,0],[15259,0],]]
[15516,2,12,[[15515,0],[15517,0],[15772,0],[15260,0],]]
[15517,16,12,[[15518,0],[15516,0],[15773,0],[15772,0],[15261,0],]]
[15518,11,12,[[15517,0],[15519,0],[15774,0],[15262,0],]]
[15519,2,12,[[15520,0],[15518,0],[15775,0],[15774,0],[15263,0],]]
[15520,13,13,[[15519,0],[15521,0],[15776,0],[15264,0],]]
[15521,14,13,[[15522,0],[15520,0],[15777,0],[15776,0],[15265,0],]]
[15522,17,13,[[15521,0],[15523,0],[15778,0],[15266,0],]]
[15523,15,13,[[15524,0],[15522,0],[15779,0],[15778,0],[15267,0],]]
[15524,13,13,[[15523,0],[15525,0],[15780,0],[15268,0],]]
[15525,8,13,[[15526,0],[15524,0],[15781,0],[15780,0],[15269,0],]]
[15526,7,13,[[15525,0],[15527,0],[15782,0],[15270,0],]]
[15527,7,13,[[15528,0],[15526,0],[15783,0],[15782,0],[15271,0],]]
[15528,19,13,[[15527,0],[15529,0],[15784,0],[15272,0],]]
[15529,1,13,[[15530,0],[15528,0],[15785,0],[15784,0],[15273,0],]]
[15530,14,13,[[15529,0],[15531,0],[15786,0],[15274,0],]]
[15531,12,13,[[15532,0],[15530,0],[15787,0],[15786,0],[15275,0],]]
[15532,6,13,[[15531,0],[15533,0],[15788,0],[15276,0],]]
[15533,12,13,[[15534,0],[15532,0],[15789,0],[15788,0],[15277,0],]]
[15534,12,13,[[15533,0],[15535,0],[15790,0],[15278,0],]]
[15535,7,13,[[15536,0],[15534,0],[15791,0],[15790,0],[15279,0],]]
[15536,12,13,[[15535,0],[15537,0],[15792,0],[15280,0],]]
[15537,16,13,[[15538,0],[15536,0],[15793,0],[15792,0],[15281,0],]]
[15538,11,13,[[15537,0],[15539,0],[15794,0],[15282,0],]]
[15539,2,13,[[15540,0],[15538,0],[15795,0],[15794,0],[15283,0],]]
[15540,3,13,[[15539,0],[15541,0],[15796,0],[15284,0],]]
[15541,13,13,[[15542,0],[15540,0],[15797,0],[15796,0],[15285,0],]]
[15542,4,13,[[15541,0],[15543,0],[15798,0],[15286,0],]]
[15543,5,13,[[15544,0],[15542,0],[15799,0],[15798,0],[15287,0],]]
[15544,13,13,[[15543,0],[15545,0],[15800,0],[15288,0],]]
[15545,14,13,[[15546,0],[15544,0],[15801,0],[15800,0],[15289,0],]]
[15546,11,13,[[15545,0],[15547,0],[15802,0],[15290,0],]]
[15547,18,13,[[15548,0],[15546,0],[15803,0],[15802,0],[15291,0],]]
[15548,5,13,[[15547,0],[15549,0],[15804,0],[15292,0],]]
[15549,14,13,[[15550,0],[15548,0],[15805,0],[15804,0],[15293,0],]]
[15550,4,13,[[15549,0],[15551,0],[15806,0],[15294,0],]]
[15551,16,13,[[15552,0],[15550,0],[15807,0],[15806,0],[15295,0],]]
[15552,16,14,[[15551,0],[15553,0],[15808,0],[15296,0],]]
[15553,17,14,[[15554,0],[15552,0],[15809,0],[15808,0],[15297,0],]]
[15554,9,14,[[15553,0],[15555,0],[15810,0],[15298,0],]]
[15555,19,14,[[15556,0],[15554,0],[15811,0],[15810,0],[15299,0],]]
[15556,3,14,[[15555,0],[15557,0],[15812,0],[15300,0],]]
[15557,15,14,[[15558,0],[15556,0],[15813,0],[15812,0],[15301,0],]]
[15558,8,14,[[15557,0],[15559,0],[15814,0],[15302,0],]]
[15559,7,14,[[15560,0],[15558,0],[15815,0],[15814,0],[15303,0],]]
[15560,19,14,[[15559,0],[15561,0],[15816,0],[15304,0],]]
[15561,12,14,[[15562,0],[15560,0],[15817,0],[15816,0],[15305,0],]]
[15562,11,14,[[15561,0],[15563,0],[15818,0],[15306,0],]]
[15563,7,14,[[15564,0],[15562,0],[15819,0],[15818,0],[15307,0],]]
[15564,2,14,[[15563,0],[15565,0],[15820,0],[15308,0],]]
[15565,15,14,[[15566,0],[15564,0],[15821,0],[15820,0],[15309,0],]]
[15566,10,14,[[15565,0],[15567,0],[15822,0],[15310,0],]]
[15567,19,14,[[15568,0],[15566,0],[15823,0],[15822,0],[15311,0],]]
[15568,16,14,[[15567,0],[15569,0],[15824,0],[15312,0],]]
[15569,13,14,[[15570,0],[15568,0],[15825,0],[15824,0],[15313,0],]]
[15570,3,14,[[15569,0],[15571,0],[15826,0],[15314,0],]]
[15571,17,14,[[15572,0],[15570,0],[15827,0],[15826,0],[15315,0],]]
[15572,15,14,[[15571,0],[15573,0],[15828,0],[15316,0],]]
[15573,6,14,[[15574,0],[15572,0],[15829,0],[15828,0],[15317,0],]]
[15574,8,14,[[15573,0],[15575,0],[15830,0],[15318,0],]]
[15575,19,14,[[15576,0],[15574,0],[15831,0],[15830,0],[15319,0],]]
[15576,7,14,[[15575,0],[15577,0],[15832,0],[15320,0],]]
[15577,9,14,[[15578,0],[15576,0],[15833,0],[15832,0],[15321,0],]]
[15578,3,14,[[15577,0],[15579,0],[15834,0],[15322,0],]]
[15579,3,14,[[15580,0],[15578,0],[15835,0],[15834,0],[15323,0],]]
[15580,11,14,[[15579,0],[15581,0],[15836,0],[15324,0],]]
[15581,18,14,[[15582,0],[15580,0],[15837,0],[15836,0],[15325,0],]]
[15582,2,14,[[15581,0],[15583,0],[15838,0],[15326,0],]]
[15583,2,14,[[15584,0],[15582,0],[15839,0],[15838,0],[15327,0],]]
[15584,14,15,[[15583,0],[15585,0],[15840,0],[15328,0],]]
[15585,4,15,[[15586,0],[15584,0],[15841,0],[15840,0],[15329,0],]]
[15586,12,15,[[15585,0],[15587,0],[15842,0],[15330,0],]]
[15587,6,15,[[15588,0],[15586,0],[15843,0],[15842,0],[15331,0],]]
[15588,10,15,[[15587,0],[15589,0],[15844,0],[15332,0],]]
[15589,19,15,[[15590,0],[15588,0],[15845,0],[15844,0],[15333,0],]]
[15590,3,15,[[15589,0],[15591,0],[15846,0],[15334,0],]]
[15591,10,15,[[15592,0],[15590,0],[15847,0],[15846,0],[15335,0],]]
[15592,15,15,[[15591,0],[15593,0],[15848,0],[15336,0],]]
[15593,18,15,[[15594,0],[15592,0],[15849,0],[15848,0],[15337,0],]]
[15594,7,15,[[15593,0],[15595,0],[15850,0],[15338,0],]]
[15595,19,15,[[15596,0],[15594,0],[15851,0],[15850,0],[15339,0],]]
[15596,6,15,[[15595,0],[15597,0],[15852,0],[15340,0],]]
[15597,14,15,[[15598,0],[15596,0],[15853,0],[15852,0],[15341,0],]]
[15598,5,15,[[15597,0],[15599,0],[15854,0],[15342,0],]]
[15599,18,15,[[15600,0],[15598,0],[15855,0],[15854,0],[15343,0],]]
[15600,1,15,[[15599,0],[15601,0],[15856,0],[15344,0],]]
[15601,13,15,[[15602,0],[15600,0],[15857,0],[15856,0],[15345,0],]]
[15602,19,15,[[15601,0],[15603,0],[15858,0],[15346,0],]]
[15603,16,15,[[15604,0],[15602,0],[15859,0],[15858,0],[15347,0],]]
[15604,8,15,[[15603,0],[15605,0],[15860,0],[15348,0],]]
[15605,14,15,[[15606,0],[15604,0],[15861,0],[15860,0],[15349,0],]]
[15606,18,15,[[15605,0],[15607,0],[15862,0],[15350,0],]]
[15607,4,15,[[15608,0],[15606,0],[15863,0],[15862,0],[15351,0],]]
[15608,8,15,[[15607,0],[15609,0],[15864,0],[15352,0],]]
[15609,14,15,[[15610,0],[15608,0],[15865,0],[15864,0],[15353,0],]]
[15610,5,15,[[15609,0],[15611,0],[15866,0],[15354,0],]]
[15611,19,15,[[15612,0],[15610,0],[15867,0],[15866,0],[15355,0],]]
[15612,10,15,[[15611,0],[15613,0],[15868,0],[15356,0],]]
[15613,11,15,[[15614,0],[15612,0],[15869,0],[15868,0],[15357,0],]]
[15614,13,15,[[15613,0],[15615,0],[15870,0],[15358,0],]]
[15615,3,15,[[15614,0],[15871,0],[15870,0],[15359,0],]]
[15616,14,8,[[15617,0],[15360,0],[15361,0],[15872,0],]]
[15617,5,8,[[15618,0],[15616,0],[15361,0],[15873,0],]]
[15618,15,8,[[15617,0],[15619,0],[15362,0],[15363,0],[15874,0],]]
[15619,10,8,[[15620,0],[15618,0],[15363,0],[15875,0],]]
[15620,5,8,[[15619,0],[15621,0],[15364,0],[15365,0],[15876,0],]]
[15621,7,8,[[15622,0],[15620,0],[15365,0],[15877,0],]]
[15622,4,8,[[15621,0],[15623,0],[15366,0],[15367,0],[15878,0],]]
[15623,17,8,[[15624,0],[15622,0],[15367,0],[15879,0],]]
[15624,15,8,[[15623,0],[15625,0],[15368,0],[15369,0],[15880,0],]]
[15625,1,8,[[15626,0],[15624,0],[15369,0],[15881,0],]]
[15626,14,8,[[15625,0],[15627,0],[15370,0],[15371,0],[15882,0],]]
[15627,16,8,[[15628,0],[15626,0],[15371,0],[15883,0],]]
[15628,3,8,[[15627,0],[15629,0],[15372,0],[15373,0],[15884,0],]]
[15629,15,8,[[15630,0],[15628,0],[15373,0],[15885,0],]]
[15630,3,8,[[15629,0],[15631,0],[15374,0],[15375,0],[15886,0],]]
[15631,1,8,[[15632,0],[15630,0],[15375,0],[15887,0],]]
[15632,7,8,[[15631,0],[15633,0],[15376,0],[15377,0],[15888,0],]]
[15633,1,8,[[15634,0],[15632,0],[15377,0],[15889,0],]]
[15634,12,8,[[15633,0],[15635,0],[15378,0],[15379,0],[15890,0],]]
[15635,14,8,[[15636,0],[15634,0],[15379,0],[15891,0],]]
[15636,17,8,[[15635,0],[15637,0],[15380,0],[15381,0],[15892,0],]]
[15637,5,8,[[15638,0],[15636,0],[15381,0],[15893,0],]]
[15638,12,8,[[15637,0],[15639,0],[15382,0],[15383,0],[15894,0],]]
[15639,18,8,[[15640,0],[15638,0],[15383,0],[15895,0],]]
[15640,16,8,[[15639,0],[15641,0],[15384,0],[15385,0],[15896,0],]]
[15641,12,8,[[15642,0],[15640,0],[15385,0],[15897,0],]]
[15642,13,8,[[15641,0],[15643,0],[15386,0],[15387,0],[15898,0],]]
[15643,18,8,[[15644,0],[15642,0],[15387,0],[15899,0],]]
[15644,7,8,[[15643,0],[15645,0],[15388,0],[15389,0],[15900,0],]]
[15645,19,8,[[15646,0],[15644,0],[15389,0],[15901,0],]]
[15646,7,8,[[15645,0],[15647,0],[15390,0],[15391,0],[15902,0],]]
[15647,19,8,[[15648,0],[15646,0],[15391,0],[15903,0],]]
[15648,4,9,[[15647,0],[15649,0],[15392,0],[15393,0],[15904,0],]]
[15649,15,9,[[15650,0],[15648,0],[15393,0],[15905,0],]]
[15650,3,9,[[15649,0],[15651,0],[15394,0],[15395,0],[15906,0],]]
[15651,11,9,[[15652,0],[15650,0],[15395,0],[15907,0],]]
[15652,12,9,[[15651,0],[15653,0],[15396,0],[15397,0],[15908,0],]]
[15653,4,9,[[15654,0],[15652,0],[15397,0],[15909,0],]]
[15654,16,9,[[15653,0],[15655,0],[15398,0],[15399,0],[15910,0],]]
[15655,6,9,[[15656,0],[15654,0],[15399,0],[15911,0],]]
[15656,14,9,[[15655,0],[15657,0],[15400,0],[15401,0],[15912,0],]]
[15657,12,9,[[15658,0],[15656,0],[15401,0],[15913,0],]]
[15658,10,9,[[15657,0],[15659,0],[15402,0],[15403,0],[15914,0],]]
[15659,7,9,[[15660,0],[15658,0],[15403,0],[15915,0],]]
[15660,18,9,[[15659,0],[15661,0],[15404,0],[15405,0],[15916,0],]]
[15661,7,9,[[15662,0],[15660,0],[15405,0],[15917,0],]]
[15662,5,9,[[15661,0],[15663,0],[15406,0],[15407,0],[15918,0],]]
[15663,4,9,[[15664,0],[15662,0],[15407,0],[15919,0],]]
[15664,10,9,[[15663,0],[15665,0],[15408,0],[15409,0],[15920,0],]]
[15665,5,9,[[15666,0],[15664,0],[15409,0],[15921,0],]]
[15666,5,9,[[15665,0],[15667,0],[15410,0],[15411,0],[15922,0],]]
[15667,13,9,[[15668,0],[15666,0],[15411,0],[15923,0],]]
[15668,1,9,[[15667,0],[15669,0],[15412,0],[15413,0],[15924,0],]]
[15669,8,9,[[15670,0],[15668,0],[15413,0],[15925,0],]]
[15670,16,9,[[15669,0],[15671,0],[15414,0],[15415,0],[15926,0],]]
[15671,3,9,[[15672,0],[15670,0],[15415,0],[15927,0],]]
[15672,9,9,[[15671,0],[15673,0],[15416,0],[15417,0],[15928,0],]]
[15673,17,9,[[15674,0],[15672,0],[15417,0],[15929,0],]]
[15674,19,9,[[15673,0],[15675,0],[15418,0],[15419,0],[15930,0],]]
[15675,7,9,[[15676,0],[15674,0],[15419,0],[15931,0],]]
[15676,3,9,[[15675,0],[15677,0],[15420,0],[15421,0],[15932,0],]]
[15677,5,9,[[15678,0],[15676,0],[15421,0],[15933,0],]]
[15678,4,9,[[15677,0],[15679,0],[15422,0],[15423,0],[15934,0],]]
[15679,5,9,[[15680,0],[15678,0],[15423,0],[15935,0],]]
[15680,18,10,[[15679,0],[15681,0],[15424,0],[15425,0],[15936,0],]]
[15681,15,10,[[15682,0],[15680,0],[15425,0],[15937,0],]]
[15682,4,10,[[15681,0],[15683,0],[15426,0],[15427,0],[15938,0],]]
[15683,13,10,[[15684,0],[15682,0],[15427,0],[15939,0],]]
[15684,3,10,[[15683,0],[15685,0],[15428,0],[15429,0],[15940,0],]]
[15685,6,10,[[15686,0],[15684,0],[15429,0],[15941,0],]]
[15686,2,10,[[15685,0],[15687,0],[15430,0],[15431,0],[15942,0],]]
[15687,15,10,[[15688,0],[15686,0],[15431,0],[15943,0],]]
[15688,12,10,[[15687,0],[15689,0],[15432,0],[15433,0],[15944,0],]]
[15689,7,10,[[15690,0],[15688,0],[15433,0],[15945,0],]]
[15690,12,10,[[15689,0],[15691,0],[15434,0],[15435,0],[15946,0],]]
[15691,18,10,[[15692,0],[15690,0],[15435,0],[15947,0],]]
[15692,2,10,[[15691,0],[15693,0],[15436,0],[15437,0],[15948,0],]]
[15693,10,10,[[15694,0],[15692,0],[15437,0],[15949,0],]]
[15694,19,10,[[15693,0],[15695,0],[15438,0],[15439,0],[15950,0],]]
[15695,3,10,[[15696,0],[15694,0],[15439,0],[15951,0],]]
[15696,15,10,[[15695,0],[15697,0],[15440,0],[15441,0],[15952,0],]]
[15697,7,10,[[15698,0],[15696,0],[15441,0],[15953,0],]]
[15698,10,10,[[15697,0],[15699,0],[15442,0],[15443,0],[15954,0],]]
[15699,4,10,[[15700,0],[15698,0],[15443,0],[15955,0],]]
[15700,15,10,[[15699,0],[15701,0],[15444,0],[15445,0],[15956,0],]]
[15701,16,10,[[15702,0],[15700,0],[15445,0],[15957,0],]]
[15702,11,10,[[15701,0],[15703,0],[15446,0],[15447,0],[15958,0],]]
[15703,4,10,[[15704,0],[15702,0],[15447,0],[15959,0],]]
[15704,6,10,[[15703,0],[15705,0],[15448,0],[15449,0],[15960,0],]]
[15705,10,10,[[15706,0],[15704,0],[15449,0],[15961,0],]]
[15706,2,10,[[15705,0],[15707,0],[15450,0],[15451,0],[15962,0],]]
[15707,15,10,[[15708,0],[15706,0],[15451,0],[15963,0],]]
[15708,6,10,[[15707,0],[15709,0],[15452,0],[15453,0],[15964,0],]]
[15709,4,10,[[15710,0],[15708,0],[15453,0],[15965,0],]]
[15710,17,10,[[15709,0],[15711,0],[15454,0],[15455,0],[15966,0],]]
[15711,18,10,[[15712,0],[15710,0],[15455,0],[15967,0],]]
[15712,9,11,[[15711,0],[15713,0],[15456,0],[15457,0],[15968,0],]]
[15713,11,11,[[15714,0],[15712,0],[15457,0],[15969,0],]]
[15714,5,11,[[15713,0],[15715,0],[15458,0],[15459,0],[15970,0],]]
[15715,5,11,[[15716,0],[15714,0],[15459,0],[15971,0],]]
[15716,17,11,[[15715,0],[15717,0],[15460,0],[15461,0],[15972,0],]]
[15717,16,11,[[15718,0],[15716,0],[15461,0],[15973,0],]]
[15718,15,11,[[15717,0],[15719,0],[15462,0],[15463,0],[15974,0],]]
[15719,13,11,[[15720,0],[15718,0],[15463,0],[15975,0],]]
[15720,14,11,[[15719,0],[15721,0],[15464,0],[15465,0],[15976,0],]]
[15721,13,11,[[15722,0],[15720,0],[15465,0],[15977,0],]]
[15722,18,11,[[15721,0],[15723,0],[15466,0],[15467,0],[15978,0],]]
[15723,7,11,[[15724,0],[15722,0],[15467,0],[15979,0],]]
[15724,2,11,[[15723,0],[15725,0],[15468,0],[15469,0],[15980,0],]]
[15725,5,11,[[15726,0],[15724,0],[15469,0],[15981,0],]]
[15726,10,11,[[15725,0],[15727,0],[15470,0],[15471,0],[15982,0],]]
[15727,19,11,[[15728,0],[15726,0],[15471,0],[15983,0],]]
