[19005,2,17,[[19006,0],[19004,0],[19261,0],[19260,0],[18749,0],]]
[19006,19,17,[[19005,0],[19007,0],[19262,0],[18750,0],]]
[19007,10,17,[[19008,0],[19006,0],[19263,0],[19262,0],[18751,0],]]
[19008,1,18,[[19007,0],[19009,0],[19264,0],[18752,0],]]
[19009,7,18,[[19010,0],[19008,0],[19265,0],[19264,0],[18753,0],]]
[19010,8,18,[[19009,0],[19011,0],[19266,0],[18754,0],]]
[19011,3,18,[[19012,0],[19010,0],[19267,0],[19266,0],[18755,0],]]
[19012,18,18,[[19011,0],[19013,0],[19268,0],[18756,0],]]
[19013,19,18,[[19014,0],[19012,0],[19269,0],[19268,0],[18757,0],]]
[19014,12,18,[[19013,0],[19015,0],[19270,0],[18758,0],]]
[19015,18,18,[[19016,0],[19014,0],[19271,0],[19270,0],[18759,0],]]
[19016,13,18,[[19015,0],[19017,0],[19272,0],[18760,0],]]
[19017,9,18,[[19018,0],[19016,0],[19273,0],[19272,0],[18761,0],]]
[19018,5,18,[[19017,0],[19019,0],[19274,0],[18762,0],]]
[19019,12,18,[[19020,0],[19018,0],[19275,0],[19274,0],[18763,0],]]
[19020,8,18,[[19019,0],[19021,0],[19276,0],[18764,0],]]
[19021,15,18,[[19022,0],[19020,0],[19277,0],[19276,0],[18765,0],]]
[19022,12,18,[[19021,0],[19023,0],[19278,0],[18766,0],]]
[19023,10,18,[[19024,0],[19022,0],[19279,0],[19278,0],[18767,0],]]
[19024,19,18,[[19023,0],[19025,0],[19280,0],[18768,0],]]
[19025,17,18,[[19026,0],[19024,0],[19281,0],[19280,0],[18769,0],]]
[19026,12,18,[[19025,0],[19027,0],[19282,0],[18770,0],]]
[19027,11,18,[[19028,0],[19026,0],[19283,0],[19282,0],[18771,0],]]
[19028,7,18,[[19027,0],[19029,0],[19284,0],[18772,0],]]
[19029,14,18,[[19030,0],[19028,0],[19285,0],[19284,0],[18773,0],]]
[19030,2,18,[[19029,0],[19031,0],[19286,0],[18774,0],]]
[19031,13,18,[[19032,0],[19030,0],[19287,0],[19286,0],[18775,0],]]
[19032,11,18,[[19031,0],[19033,0],[19288,0],[18776,0],]]
[19033,2,18,[[19034,0],[19032,0],[19289,0],[19288,0],[18777,0],]]
[19034,5,18,[[19033,0],[19035,0],[19290,0],[18778,0],]]
[19035,16,18,[[19036,0],[19034,0],[19291,0],[19290,0],[18779,0],]]
[19036,5,18,[[19035,0],[19037,0],[19292,0],[18780,0],]]
[19037,8,18,[[19038,0],[19036,0],[19293,0],[19292,0],[18781,0],]]
[19038,12,18,[[19037,0],[19039,0],[19294,0],[18782,0],]]
[19039,19,18,[[19040,0],[19038,0],[19295,0],[19294,0],[18783,0],]]
[19040,13,19,[[19039,0],[19041,0],[19296,0],[18784,0],]]
[19041,14,19,[[19042,0],[19040,0],[19297,0],[19296,0],[18785,0],]]
[19042,15,19,[[19041,0],[19043,0],[19298,0],[18786,0],]]
[19043,1,19,[[19044,0],[19042,0],[19299,0],[19298,0],[18787,0],]]
[19044,9,19,[[19043,0],[19045,0],[19300,0],[18788,0],]]
[19045,19,19,[[19046,0],[19044,0],[19301,0],[19300,0],[18789,0],]]
[19046,15,19,[[19045,0],[19047,0],[19302,0],[18790,0],]]
[19047,11,19,[[19048,0],[19046,0],[19303,0],[19302,0],[18791,0],]]
[19048,12,19,[[19047,0],[19049,0],[19304,0],[18792,0],]]
[19049,15,19,[[19050,0],[19048,0],[19305,0],[19304,0],[18793,0],]]
[19050,3,19,[[19049,0],[19051,0],[19306,0],[18794,0],]]
[19051,11,19,[[19052,0],[19050,0],[19307,0],[19306,0],[18795,0],]]
[19052,5,19,[[19051,0],[19053,0],[19308,0],[18796,0],]]
[19053,5,19,[[19054,0],[19052,0],[19309,0],[19308,0],[18797,0],]]
[19054,18,19,[[19053,0],[19055,0],[19310,0],[18798,0],]]
[19055,13,19,[[19056,0],[19054,0],[19311,0],[19310,0],[18799,0],]]
[19056,11,19,[[19055,0],[19057,0],[19312,0],[18800,0],]]
[19057,1,19,[[19058,0],[19056,0],[19313,0],[19312,0],[18801,0],]]
[19058,17,19,[[19057,0],[19059,0],[19314,0],[18802,0],]]
[19059,2,19,[[19060,0],[19058,0],[19315,0],[19314,0],[18803,0],]]
[19060,19,19,[[19059,0],[19061,0],[19316,0],[18804,0],]]
[19061,10,19,[[19062,0],[19060,0],[19317,0],[19316,0],[18805,0],]]
[19062,11,19,[[19061,0],[19063,0],[19318,0],[18806,0],]]
[19063,11,19,[[19064,0],[19062,0],[19319,0],[19318,0],[18807,0],]]
[19064,11,19,[[19063,0],[19065,0],[19320,0],[18808,0],]]
[19065,11,19,[[19066,0],[19064,0],[19321,0],[19320,0],[18809,0],]]
[19066,12,19,[[19065,0],[19067,0],[19322,0],[18810,0],]]
[19067,2,19,[[19068,0],[19066,0],[19323,0],[19322,0],[18811,0],]]
[19068,6,19,[[19067,0],[19069,0],[19324,0],[18812,0],]]
[19069,13,19,[[19070,0],[19068,0],[19325,0],[19324,0],[18813,0],]]
[19070,13,19,[[19069,0],[19071,0],[19326,0],[18814,0],]]
[19071,1,19,[[19072,0],[19070,0],[19327,0],[19326,0],[18815,0],]]
[19072,3,20,[[19071,0],[19073,0],[19328,0],[18816,0],]]
[19073,14,20,[[19074,0],[19072,0],[19329,0],[19328,0],[18817,0],]]
[19074,17,20,[[19073,0],[19075,0],[19330,0],[18818,0],]]
[19075,17,20,[[19076,0],[19074,0],[19331,0],[19330,0],[18819,0],]]
[19076,18,20,[[19075,0],[19077,0],[19332,0],[18820,0],]]
[19077,15,20,[[19078,0],[19076,0],[19333,0],[19332,0],[18821,0],]]
[19078,19,20,[[19077,0],[19079,0],[19334,0],[18822,0],]]
[19079,7,20,[[19080,0],[19078,0],[19335,0],[19334,0],[18823,0],]]
[19080,3,20,[[19079,0],[19081,0],[19336,0],[18824,0],]]
[19081,4,20,[[19082,0],[19080,0],[19337,0],[19336,0],[18825,0],]]
[19082,19,20,[[19081,0],[19083,0],[19338,0],[18826,0],]]
[19083,12,20,[[19084,0],[19082,0],[19339,0],[19338,0],[18827,0],]]
[19084,2,20,[[19083,0],[19085,0],[19340,0],[18828,0],]]
[19085,10,20,[[19086,0],[19084,0],[19341,0],[19340,0],[18829,0],]]
[19086,14,20,[[19085,0],[19087,0],[19342,0],[18830,0],]]
[19087,1,20,[[19088,0],[19086,0],[19343,0],[19342,0],[18831,0],]]
[19088,19,20,[[19087,0],[19089,0],[19344,0],[18832,0],]]
[19089,5,20,[[19090,0],[19088,0],[19345,0],[19344,0],[18833,0],]]
[19090,18,20,[[19089,0],[19091,0],[19346,0],[18834,0],]]
[19091,17,20,[[19092,0],[19090,0],[19347,0],[19346,0],[18835,0],]]
[19092,14,20,[[19091,0],[19093,0],[19348,0],[18836,0],]]
[19093,8,20,[[19094,0],[19092,0],[19349,0],[19348,0],[18837,0],]]
[19094,5,20,[[19093,0],[19095,0],[19350,0],[18838,0],]]
[19095,1,20,[[19096,0],[19094,0],[19351,0],[19350,0],[18839,0],]]
[19096,12,20,[[19095,0],[19097,0],[19352,0],[18840,0],]]
[19097,2,20,[[19098,0],[19096,0],[19353,0],[19352,0],[18841,0],]]
[19098,9,20,[[19097,0],[19099,0],[19354,0],[18842,0],]]
[19099,12,20,[[19100,0],[19098,0],[19355,0],[19354,0],[18843,0],]]
[19100,13,20,[[19099,0],[19101,0],[19356,0],[18844,0],]]
[19101,5,20,[[19102,0],[19100,0],[19357,0],[19356,0],[18845,0],]]
[19102,7,20,[[19101,0],[19103,0],[19358,0],[18846,0],]]
[19103,2,20,[[19104,0],[19102,0],[19359,0],[19358,0],[18847,0],]]
[19104,7,21,[[19103,0],[19105,0],[19360,0],[18848,0],]]
[19105,7,21,[[19106,0],[19104,0],[19361,0],[19360,0],[18849,0],]]
[19106,12,21,[[19105,0],[19107,0],[19362,0],[18850,0],]]
[19107,12,21,[[19108,0],[19106,0],[19363,0],[19362,0],[18851,0],]]
[19108,8,21,[[19107,0],[19109,0],[19364,0],[18852,0],]]
[19109,18,21,[[19110,0],[19108,0],[19365,0],[19364,0],[18853,0],]]
[19110,15,21,[[19109,0],[19111,0],[19366,0],[18854,0],]]
[19111,14,21,[[19112,0],[19110,0],[19367,0],[19366,0],[18855,0],]]
[19112,11,21,[[19111,0],[19113,0],[19368,0],[18856,0],]]
[19113,1,21,[[19114,0],[19112,0],[19369,0],[19368,0],[18857,0],]]
[19114,7,21,[[19113,0],[19115,0],[19370,0],[18858,0],]]
[19115,3,21,[[19116,0],[19114,0],[19371,0],[19370,0],[18859,0],]]
[19116,13,21,[[19115,0],[19117,0],[19372,0],[18860,0],]]
[19117,11,21,[[19118,0],[19116,0],[19373,0],[19372,0],[18861,0],]]
[19118,14,21,[[19117,0],[19119,0],[19374,0],[18862,0],]]
[19119,9,21,[[19120,0],[19118,0],[19375,0],[19374,0],[18863,0],]]
[19120,17,21,[[19119,0],[19121,0],[19376,0],[18864,0],]]
[19121,5,21,[[19122,0],[19120,0],[19377,0],[19376,0],[18865,0],]]
[19122,5,21,[[19121,0],[19123,0],[19378,0],[18866,0],]]
[19123,5,21,[[19124,0],[19122,0],[19379,0],[19378,0],[18867,0],]]
[19124,3,21,[[19123,0],[19125,0],[19380,0],[18868,0],]]
[19125,2,21,[[19126,0],[19124,0],[19381,0],[19380,0],[18869,0],]]
[19126,1,21,[[19125,0],[19127,0],[19382,0],[18870,0],]]
[19127,2,21,[[19128,0],[19126,0],[19383,0],[19382,0],[18871,0],]]
[19128,14,21,[[19127,0],[19129,0],[19384,0],[18872,0],]]
[19129,17,21,[[19130,0],[19128,0],[19385,0],[19384,0],[18873,0],]]
[19130,5,21,[[19129,0],[19131,0],[19386,0],[18874,0],]]
[19131,15,21,[[19132,0],[19130,0],[19387,0],[19386,0],[18875,0],]]
[19132,7,21,[[19131,0],[19133,0],[19388,0],[18876,0],]]
[19133,7,21,[[19134,0],[19132,0],[19389,0],[19388,0],[18877,0],]]
[19134,3,21,[[19133,0],[19135,0],[19390,0],[18878,0],]]
[19135,18,21,[[19136,0],[19134,0],[19391,0],[19390,0],[18879,0],]]
[19136,18,22,[[19135,0],[19137,0],[19392,0],[18880,0],]]
[19137,7,22,[[19138,0],[19136,0],[19393,0],[19392,0],[18881,0],]]
[19138,5,22,[[19137,0],[19139,0],[19394,0],[18882,0],]]
[19139,2,22,[[19140,0],[19138,0],[19395,0],[19394,0],[18883,0],]]
[19140,9,22,[[19139,0],[19141,0],[19396,0],[18884,0],]]
[19141,4,22,[[19142,0],[19140,0],[19397,0],[19396,0],[18885,0],]]
[19142,17,22,[[19141,0],[19143,0],[19398,0],[18886,0],]]
[19143,2,22,[[19144,0],[19142,0],[19399,0],[19398,0],[18887,0],]]
[19144,5,22,[[19143,0],[19145,0],[19400,0],[18888,0],]]
[19145,5,22,[[19146,0],[19144,0],[19401,0],[19400,0],[18889,0],]]
[19146,16,22,[[19145,0],[19147,0],[19402,0],[18890,0],]]
[19147,11,22,[[19148,0],[19146,0],[19403,0],[19402,0],[18891,0],]]
[19148,15,22,[[19147,0],[19149,0],[19404,0],[18892,0],]]
[19149,15,22,[[19150,0],[19148,0],[19405,0],[19404,0],[18893,0],]]
[19150,12,22,[[19149,0],[19151,0],[19406,0],[18894,0],]]
[19151,3,22,[[19152,0],[19150,0],[19407,0],[19406,0],[18895,0],]]
[19152,18,22,[[19151,0],[19153,0],[19408,0],[18896,0],]]
[19153,12,22,[[19154,0],[19152,0],[19409,0],[19408,0],[18897,0],]]
[19154,3,22,[[19153,0],[19155,0],[19410,0],[18898,0],]]
[19155,17,22,[[19156,0],[19154,0],[19411,0],[19410,0],[18899,0],]]
[19156,19,22,[[19155,0],[19157,0],[19412,0],[18900,0],]]
[19157,11,22,[[19158,0],[19156,0],[19413,0],[19412,0],[18901,0],]]
[19158,11,22,[[19157,0],[19159,0],[19414,0],[18902,0],]]
[19159,4,22,[[19160,0],[19158,0],[19415,0],[19414,0],[18903,0],]]
[19160,13,22,[[19159,0],[19161,0],[19416,0],[18904,0],]]
[19161,5,22,[[19162,0],[19160,0],[19417,0],[19416,0],[18905,0],]]
[19162,6,22,[[19161,0],[19163,0],[19418,0],[18906,0],]]
[19163,5,22,[[19164,0],[19162,0],[19419,0],[19418,0],[18907,0],]]
[19164,7,22,[[19163,0],[19165,0],[19420,0],[18908,0],]]
[19165,1,22,[[19166,0],[19164,0],[19421,0],[19420,0],[18909,0],]]
[19166,1,22,[[19165,0],[19167,0],[19422,0],[18910,0],]]
[19167,11,22,[[19168,0],[19166,0],[19423,0],[19422,0],[18911,0],]]
[19168,15,23,[[19167,0],[19169,0],[19424,0],[18912,0],]]
[19169,19,23,[[19170,0],[19168,0],[19425,0],[19424,0],[18913,0],]]
[19170,13,23,[[19169,0],[19171,0],[19426,0],[18914,0],]]
[19171,7,23,[[19172,0],[19170,0],[19427,0],[19426,0],[18915,0],]]
[19172,3,23,[[19171,0],[19173,0],[19428,0],[18916,0],]]
[19173,6,23,[[19174,0],[19172,0],[19429,0],[19428,0],[18917,0],]]
[19174,19,23,[[19173,0],[19175,0],[19430,0],[18918,0],]]
[19175,16,23,[[19176,0],[19174,0],[19431,0],[19430,0],[18919,0],]]
[19176,2,23,[[19175,0],[19177,0],[19432,0],[18920,0],]]
[19177,12,23,[[19178,0],[19176,0],[19433,0],[19432,0],[18921,0],]]
[19178,5,23,[[19177,0],[19179,0],[19434,0],[18922,0],]]
[19179,19,23,[[19180,0],[19178,0],[19435,0],[19434,0],[18923,0],]]
[19180,16,23,[[19179,0],[19181,0],[19436,0],[18924,0],]]
[19181,17,23,[[19182,0],[19180,0],[19437,0],[19436,0],[18925,0],]]
[19182,14,23,[[19181,0],[19183,0],[19438,0],[18926,0],]]
[19183,18,23,[[19184,0],[19182,0],[19439,0],[19438,0],[18927,0],]]
[19184,3,23,[[19183,0],[19185,0],[19440,0],[18928,0],]]
[19185,2,23,[[19186,0],[19184,0],[19441,0],[19440,0],[18929,0],]]
[19186,5,23,[[19185,0],[19187,0],[19442,0],[18930,0],]]
[19187,10,23,[[19188,0],[19186,0],[19443,0],[19442,0],[18931,0],]]
[19188,18,23,[[19187,0],[19189,0],[19444,0],[18932,0],]]
[19189,9,23,[[19190,0],[19188,0],[19445,0],[19444,0],[18933,0],]]
[19190,18,23,[[19189,0],[19191,0],[19446,0],[18934,0],]]
[19191,19,23,[[19192,0],[19190,0],[19447,0],[19446,0],[18935,0],]]
[19192,18,23,[[19191,0],[19193,0],[19448,0],[18936,0],]]
[19193,11,23,[[19194,0],[19192,0],[19449,0],[19448,0],[18937,0],]]
[19194,17,23,[[19193,0],[19195,0],[19450,0],[18938,0],]]
[19195,12,23,[[19196,0],[19194,0],[19451,0],[19450,0],[18939,0],]]
[19196,19,23,[[19195,0],[19197,0],[19452,0],[18940,0],]]
[19197,9,23,[[19198,0],[19196,0],[19453,0],[19452,0],[18941,0],]]
[19198,15,23,[[19197,0],[19199,0],[19454,0],[18942,0],]]
[19199,18,23,[[19198,0],[19455,0],[19454,0],[18943,0],]]
[19200,13,16,[[19201,0],[18944,0],[18945,0],[19456,0],]]
[19201,16,16,[[19202,0],[19200,0],[18945,0],[19457,0],]]
[19202,14,16,[[19201,0],[19203,0],[18946,0],[18947,0],[19458,0],]]
[19203,8,16,[[19204,0],[19202,0],[18947,0],[19459,0],]]
[19204,8,16,[[19203,0],[19205,0],[18948,0],[18949,0],[19460,0],]]
[19205,4,16,[[19206,0],[19204,0],[18949,0],[19461,0],]]
[19206,15,16,[[19205,0],[19207,0],[18950,0],[18951,0],[19462,0],]]
[19207,9,16,[[19208,0],[19206,0],[18951,0],[19463,0],]]
[19208,3,16,[[19207,0],[19209,0],[18952,0],[18953,0],[19464,0],]]
[19209,19,16,[[19210,0],[19208,0],[18953,0],[19465,0],]]
[19210,16,16,[[19209,0],[19211,0],[18954,0],[18955,0],[19466,0],]]
[19211,7,16,[[19212,0],[19210,0],[18955,0],[19467,0],]]
[19212,6,16,[[19211,0],[19213,0],[18956,0],[18957,0],[19468,0],]]
[19213,14,16,[[19214,0],[19212,0],[18957,0],[19469,0],]]
[19214,8,16,[[19213,0],[19215,0],[18958,0],[18959,0],[19470,0],]]
[19215,5,16,[[19216,0],[19214,0],[18959,0],[19471,0],]]
[19216,15,16,[[19215,0],[19217,0],[18960,0],[18961,0],[19472,0],]]
[19217,4,16,[[19218,0],[19216,0],[18961,0],[19473,0],]]
[19218,18,16,[[19217,0],[19219,0],[18962,0],[18963,0],[19474,0],]]
[19219,7,16,[[19220,0],[19218,0],[18963,0],[19475,0],]]
[19220,19,16,[[19219,0],[19221,0],[18964,0],[18965,0],[19476,0],]]
[19221,6,16,[[19222,0],[19220,0],[18965,0],[19477,0],]]
[19222,3,16,[[19221,0],[19223,0],[18966,0],[18967,0],[19478,0],]]
[19223,16,16,[[19224,0],[19222,0],[18967,0],[19479,0],]]
[19224,3,16,[[19223,0],[19225,0],[18968,0],[18969,0],[19480,0],]]
[19225,9,16,[[19226,0],[19224,0],[18969,0],[19481,0],]]
[19226,12,16,[[19225,0],[19227,0],[18970,0],[18971,0],[19482,0],]]
[19227,15,16,[[19228,0],[19226,0],[18971,0],[19483,0],]]
[19228,3,16,[[19227,0],[19229,0],[18972,0],[18973,0],[19484,0],]]
[19229,8,16,[[19230,0],[19228,0],[18973,0],[19485,0],]]
[19230,11,16,[[19229,0],[19231,0],[18974,0],[18975,0],[19486,0],]]
[19231,12,16,[[19232,0],[19230,0],[18975,0],[19487,0],]]
[19232,12,17,[[19231,0],[19233,0],[18976,0],[18977,0],[19488,0],]]
[19233,12,17,[[19234,0],[19232,0],[18977,0],[19489,0],]]
[19234,19,17,[[19233,0],[19235,0],[18978,0],[18979,0],[19490,0],]]
[19235,7,17,[[19236,0],[19234,0],[18979,0],[19491,0],]]
[19236,14,17,[[19235,0],[19237,0],[18980,0],[18981,0],[19492,0],]]
[19237,14,17,[[19238,0],[19236,0],[18981,0],[19493,0],]]
[19238,9,17,[[19237,0],[19239,0],[18982,0],[18983,0],[19494,0],]]
[19239,14,17,[[19240,0],[19238,0],[18983,0],[19495,0],]]
[19240,3,17,[[19239,0],[19241,0],[18984,0],[18985,0],[19496,0],]]
[19241,13,17,[[19242,0],[19240,0],[18985,0],[19497,0],]]
[19242,11,17,[[19241,0],[19243,0],[18986,0],[18987,0],[19498,0],]]
[19243,10,17,[[19244,0],[19242,0],[18987,0],[19499,0],]]
[19244,15,17,[[19243,0],[19245,0],[18988,0],[18989,0],[19500,0],]]
[19245,9,17,[[19246,0],[19244,0],[18989,0],[19501,0],]]
[19246,2,17,[[19245,0],[19247,0],[18990,0],[18991,0],[19502,0],]]
[19247,19,17,[[19248,0],[19246,0],[18991,0],[19503,0],]]
[19248,15,17,[[19247,0],[19249,0],[18992,0],[18993,0],[19504,0],]]
[19249,17,17,[[19250,0],[19248,0],[18993,0],[19505,0],]]
[19250,8,17,[[19249,0],[19251,0],[18994,0],[18995,0],[19506,0],]]
[19251,1,17,[[19252,0],[19250,0],[18995,0],[19507,0],]]
[19252,1,17,[[19251,0],[19253,0],[18996,0],[18997,0],[19508,0],]]
[19253,10,17,[[19254,0],[19252,0],[18997,0],[19509,0],]]
[19254,6,17,[[19253,0],[19255,0],[18998,0],[18999,0],[19510,0],]]
[19255,7,17,[[19256,0],[19254,0],[18999,0],[19511,0],]]
[19256,19,17,[[19255,0],[19257,0],[19000,0],[19001,0],[19512,0],]]
[19257,8,17,[[19258,0],[19256,0],[19001,0],[19513,0],]]
[19258,6,17,[[19257,0],[19259,0],[19002,0],[19003,0],[19514,0],]]
[19259,10,17,[[19260,0],[19258,0],[19003,0],[19515,0],]]
[19260,3,17,[[19259,0],[19261,0],[19004,0],[19005,0],[19516,0],]]
[19261,3,17,[[19262,0],[19260,0],[19005,0],[19517,0],]]
[19262,3,17,[[19261,0],[19263,0],[19006,0],[19007,0],[19518,0],]]
[19263,2,17,[[19264,0],[19262,0],[19007,0],[19519,0],]]
[19264,4,18,[[19263,0],[19265,0],[19008,0],[19009,0],[19520,0],]]
[19265,16,18,[[19266,0],[19264,0],[19009,0],[19521,0],]]
[19266,11,18,[[19265,0],[19267,0],[19010,0],[19011,0],[19522,0],]]
[19267,9,18,[[19268,0],[19266,0],[19011,0],[19523,0],]]
[19268,13,18,[[19267,0],[19269,0],[19012,0],[19013,0],[19524,0],]]
[19269,18,18,[[19270,0],[19268,0],[19013,0],[19525,0],]]
[19270,16,18,[[19269,0],[19271,0],[19014,0],[19015,0],[19526,0],]]
[19271,6,18,[[19272,0],[19270,0],[19015,0],[19527,0],]]
[19272,7,18,[[19271,0],[19273,0],[19016,0],[19017,0],[19528,0],]]
[19273,1,18,[[19274,0],[19272,0],[19017,0],[19529,0],]]
[19274,14,18,[[19273,0],[19275,0],[19018,0],[19019,0],[19530,0],]]
[19275,14,18,[[19276,0],[19274,0],[19019,0],[19531,0],]]
[19276,15,18,[[19275,0],[19277,0],[19020,0],[19021,0],[19532,0],]]
[19277,19,18,[[19278,0],[19276,0],[19021,0],[19533,0],]]
[19278,1,18,[[19277,0],[19279,0],[19022,0],[19023,0],[19534,0],]]
[19279,6,18,[[19280,0],[19278,0],[19023,0],[19535,0],]]
[19280,14,18,[[19279,0],[19281,0],[19024,0],[19025,0],[19536,0],]]
[19281,4,18,[[19282,0],[19280,0],[19025,0],[19537,0],]]
[19282,13,18,[[19281,0],[19283,0],[19026,0],[19027,0],[19538,0],]]
[19283,9,18,[[19284,0],[19282,0],[19027,0],[19539,0],]]
[19284,12,18,[[19283,0],[19285,0],[19028,0],[19029,0],[19540,0],]]
[19285,14,18,[[19286,0],[19284,0],[19029,0],[19541,0],]]
[19286,8,18,[[19285,0],[19287,0],[19030,0],[19031,0],[19542,0],]]
[19287,14,18,[[19288,0],[19286,0],[19031,0],[19543,0],]]
[19288,11,18,[[19287,0],[19289,0],[19032,0],[19033,0],[19544,0],]]
[19289,10,18,[[19290,0],[19288,0],[19033,0],[19545,0],]]
[19290,1,18,[[19289,0],[19291,0],[19034,0],[19035,0],[19546,0],]]
[19291,16,18,[[19292,0],[19290,0],[19035,0],[19547,0],]]
[19292,6,18,[[19291,0],[19293,0],[19036,0],[19037,0],[19548,0],]]
[19293,14,18,[[19294,0],[19292,0],[19037,0],[19549,0],]]
[19294,17,18,[[19293,0],[19295,0],[19038,0],[19039,0],[19550,0],]]
[19295,5,18,[[19296,0],[19294,0],[19039,0],[19551,0],]]
[19296,7,19,[[19295,0],[19297,0],[19040,0],[19041,0],[19552,0],]]
[19297,12,19,[[19298,0],[19296,0],[19041,0],[19553,0],]]
[19298,10,19,[[19297,0],[19299,0],[19042,0],[19043,0],[19554,0],]]
[19299,14,19,[[19300,0],[19298,0],[19043,0],[19555,0],]]
[19300,12,19,[[19299,0],[19301,0],[19044,0],[19045,0],[19556,0],]]
[19301,19,19,[[19302,0],[19300,0],[19045,0],[19557,0],]]
[19302,2,19,[[19301,0],[19303,0],[19046,0],[19047,0],[19558,0],]]
[19303,17,19,[[19304,0],[19302,0],[19047,0],[19559,0],]]
[19304,13,19,[[19303,0],[19305,0],[19048,0],[19049,0],[19560,0],]]
[19305,2,19,[[19306,0],[19304,0],[19049,0],[19561,0],]]
[19306,13,19,[[19305,0],[19307,0],[19050,0],[19051,0],[19562,0],]]
[19307,10,19,[[19308,0],[19306,0],[19051,0],[19563,0],]]
[19308,14,19,[[19307,0],[19309,0],[19052,0],[19053,0],[19564,0],]]
[19309,16,19,[[19310,0],[19308,0],[19053,0],[19565,0],]]
[19310,9,19,[[19309,0],[19311,0],[19054,0],[19055,0],[19566,0],]]
[19311,15,19,[[19312,0],[19310,0],[19055,0],[19567,0],]]
[19312,12,19,[[19311,0],[19313,0],[19056,0],[19057,0],[19568,0],]]
[19313,15,19,[[19314,0],[19312,0],[19057,0],[19569,0],]]
[19314,5,19,[[19313,0],[19315,0],[19058,0],[19059,0],[19570,0],]]
[19315,18,19,[[19316,0],[19314,0],[19059,0],[19571,0],]]
[19316,2,19,[[19315,0],[19317,0],[19060,0],[19061,0],[19572,0],]]
[19317,3,19,[[19318,0],[19316,0],[19061,0],[19573,0],]]
[19318,7,19,[[19317,0],[19319,0],[19062,0],[19063,0],[19574,0],]]
[19319,15,19,[[19320,0],[19318,0],[19063,0],[19575,0],]]
[19320,13,19,[[19319,0],[19321,0],[19064,0],[19065,0],[19576,0],]]
[19321,8,19,[[19322,0],[19320,0],[19065,0],[19577,0],]]
[19322,18,19,[[19321,0],[19323,0],[19066,0],[19067,0],[19578,0],]]
[19323,15,19,[[19324,0],[19322,0],[19067,0],[19579,0],]]
[19324,15,19,[[19323,0],[19325,0],[19068,0],[19069,0],[19580,0],]]
[19325,4,19,[[19326,0],[19324,0],[19069,0],[19581,0],]]
[19326,15,19,[[19325,0],[19327,0],[19070,0],[19071,0],[19582,0],]]
[19327,12,19,[[19328,0],[19326,0],[19071,0],[19583,0],]]
[19328,8,20,[[19327,0],[19329,0],[19072,0],[19073,0],[19584,0],]]
[19329,10,20,[[19330,0],[19328,0],[19073,0],[19585,0],]]
[19330,6,20,[[19329,0],[19331,0],[19074,0],[19075,0],[19586,0],]]
[19331,1,20,[[19332,0],[19330,0],[19075,0],[19587,0],]]
[19332,18,20,[[19331,0],[19333,0],[19076,0],[19077,0],[19588,0],]]
[19333,12,20,[[19334,0],[19332,0],[19077,0],[19589,0],]]
[19334,15,20,[[19333,0],[19335,0],[19078,0],[19079,0],[19590,0],]]
[19335,5,20,[[19336,0],[19334,0],[19079,0],[19591,0],]]
[19336,16,20,[[19335,0],[19337,0],[19080,0],[19081,0],[19592,0],]]
[19337,11,20,[[19338,0],[19336,0],[19081,0],[19593,0],]]
[19338,12,20,[[19337,0],[19339,0],[19082,0],[19083,0],[19594,0],]]
[19339,2,20,[[19340,0],[19338,0],[19083,0],[19595,0],]]
[19340,7,20,[[19339,0],[19341,0],[19084,0],[19085,0],[19596,0],]]
[19341,5,20,[[19342,0],[19340,0],[19085,0],[19597,0],]]
[19342,12,20,[[19341,0],[19343,0],[19086,0],[19087,0],[19598,0],]]
[19343,16,20,[[19344,0],[19342,0],[19087,0],[19599,0],]]
[19344,14,20,[[19343,0],[19345,0],[19088,0],[19089,0],[19600,0],]]
[19345,11,20,[[19346,0],[19344,0],[19089,0],[19601,0],]]
[19346,16,20,[[19345,0],[19347,0],[19090,0],[19091,0],[19602,0],]]
[19347,7,20,[[19348,0],[19346,0],[19091,0],[19603,0],]]
[19348,18,20,[[19347,0],[19349,0],[19092,0],[19093,0],[19604,0],]]
[19349,17,20,[[19350,0],[19348,0],[19093,0],[19605,0],]]
[19350,14,20,[[19349,0],[19351,0],[19094,0],[19095,0],[19606,0],]]
[19351,7,20,[[19352,0],[19350,0],[19095,0],[19607,0],]]
[19352,4,20,[[19351,0],[19353,0],[19096,0],[19097,0],[19608,0],]]
[19353,4,20,[[19354,0],[19352,0],[19097,0],[19609,0],]]
[19354,9,20,[[19353,0],[19355,0],[19098,0],[19099,0],[19610,0],]]
[19355,19,20,[[19356,0],[19354,0],[19099,0],[19611,0],]]
[19356,18,20,[[19355,0],[19357,0],[19100,0],[19101,0],[19612,0],]]
[19357,9,20,[[19358,0],[19356,0],[19101,0],[19613,0],]]
[19358,9,20,[[19357,0],[19359,0],[19102,0],[19103,0],[19614,0],]]
[19359,15,20,[[19360,0],[19358,0],[19103,0],[19615,0],]]
[19360,4,21,[[19359,0],[19361,0],[19104,0],[19105,0],[19616,0],]]
[19361,4,21,[[19362,0],[19360,0],[19105,0],[19617,0],]]
[19362,3,21,[[19361,0],[19363,0],[19106,0],[19107,0],[19618,0],]]
[19363,4,21,[[19364,0],[19362,0],[19107,0],[19619,0],]]
[19364,8,21,[[19363,0],[19365,0],[19108,0],[19109,0],[19620,0],]]
[19365,18,21,[[19366,0],[19364,0],[19109,0],[19621,0],]]
[19366,8,21,[[19365,0],[19367,0],[19110,0],[19111,0],[19622,0],]]
[19367,8,21,[[19368,0],[19366,0],[19111,0],[19623,0],]]
[19368,14,21,[[19367,0],[19369,0],[19112,0],[19113,0],[19624,0],]]
[19369,2,21,[[19370,0],[19368,0],[19113,0],[19625,0],]]
[19370,9,21,[[19369,0],[19371,0],[19114,0],[19115,0],[19626,0],]]
[19371,19,21,[[19372,0],[19370,0],[19115,0],[19627,0],]]
[19372,10,21,[[19371,0],[19373,0],[19116,0],[19117,0],[19628,0],]]
[19373,9,21,[[19374,0],[19372,0],[19117,0],[19629,0],]]
[19374,9,21,[[19373,0],[19375,0],[19118,0],[19119,0],[19630,0],]]
[19375,9,21,[[19376,0],[19374,0],[19119,0],[19631,0],]]
[19376,19,21,[[19375,0],[19377,0],[19120,0],[19121,0],[19632,0],]]
[19377,14,21,[[19378,0],[19376,0],[19121,0],[19633,0],]]
[19378,19,21,[[19377,0],[19379,0],[19122,0],[19123,0],[19634,0],]]
[19379,12,21,[[19380,0],[19378,0],[19123,0],[19635,0],]]
[19380,9,21,[[19379,0],[19381,0],[19124,0],[19125,0],[19636,0],]]
[19381,16,21,[[19382,0],[19380,0],[19125,0],[19637,0],]]
[19382,3,21,[[19381,0],[19383,0],[19126,0],[19127,0],[19638,0],]]
[19383,16,21,[[19384,0],[19382,0],[19127,0],[19639,0],]]
[19384,14,21,[[19383,0],[19385,0],[19128,0],[19129,0],[19640,0],]]
[19385,15,21,[[19386,0],[19384,0],[19129,0],[19641,0],]]
[19386,8,21,[[19385,0],[19387,0],[19130,0],[19131,0],[19642,0],]]
[19387,18,21,[[19388,0],[19386,0],[19131,0],[19643,0],]]
[19388,5,21,[[19387,0],[19389,0],[19132,0],[19133,0],[19644,0],]]
[19389,19,21,[[19390,0],[19388,0],[19133,0],[19645,0],]]
[19390,12,21,[[19389,0],[19391,0],[19134,0],[19135,0],[19646,0],]]
[19391,9,21,[[19392,0],[19390,0],[19135,0],[19647,0],]]
[19392,19,22,[[19391,0],[19393,0],[19136,0],[19137,0],[19648,0],]]
[19393,4,22,[[19394,0],[19392,0],[19137,0],[19649,0],]]
[19394,10,22,[[19393,0],[19395,0],[19138,0],[19139,0],[19650,0],]]
[19395,14,22,[[19396,0],[19394,0],[19139,0],[19651,0],]]
[19396,5,22,[[19395,0],[19397,0],[19140,0],[19141,0],[19652,0],]]
[19397,10,22,[[19398,0],[19396,0],[19141,0],[19653,0],]]
[19398,17,22,[[19397,0],[19399,0],[19142,0],[19143,0],[19654,0],]]
[19399,13,22,[[19400,0],[19398,0],[19143,0],[19655,0],]]
[19400,8,22,[[19399,0],[19401,0],[19144,0],[19145,0],[19656,0],]]
[19401,4,22,[[19402,0],[19400,0],[19145,0],[19657,0],]]
[19402,10,22,[[19401,0],[19403,0],[19146,0],[19147,0],[19658,0],]]
[19403,7,22,[[19404,0],[19402,0],[19147,0],[19659,0],]]
[19404,15,22,[[19403,0],[19405,0],[19148,0],[19149,0],[19660,0],]]
[19405,3,22,[[19406,0],[19404,0],[19149,0],[19661,0],]]
[19406,4,22,[[19405,0],[19407,0],[19150,0],[19151,0],[19662,0],]]
[19407,12,22,[[19408,0],[19406,0],[19151,0],[19663,0],]]
[19408,6,22,[[19407,0],[19409,0],[19152,0],[19153,0],[19664,0],]]
[19409,17,22,[[19410,0],[19408,0],[19153,0],[19665,0],]]
[19410,1,22,[[19409,0],[19411,0],[19154,0],[19155,0],[19666,0],]]
[19411,13,22,[[19412,0],[19410,0],[19155,0],[19667,0],]]
[19412,8,22,[[19411,0],[19413,0],[19156,0],[19157,0],[19668,0],]]
[19413,2,22,[[19414,0],[19412,0],[19157,0],[19669,0],]]
[19414,7,22,[[19413,0],[19415,0],[19158,0],[19159,0],[19670,0],]]
[19415,14,22,[[19416,0],[19414,0],[19159,0],[19671,0],]]
[19416,13,22,[[19415,0],[19417,0],[19160,0],[19161,0],[19672,0],]]
[19417,2,22,[[19418,0],[19416,0],[19161,0],[19673,0],]]
[19418,19,22,[[19417,0],[19419,0],[19162,0],[19163,0],[19674,0],]]
[19419,3,22,[[19420,0],[19418,0],[19163,0],[19675,0],]]
[19420,3,22,[[19419,0],[19421,0],[19164,0],[19165,0],[19676,0],]]
[19421,17,22,[[19422,0],[19420,0],[19165,0],[19677,0],]]
[19422,3,22,[[19421,0],[19423,0],[19166,0],[19167,0],[19678,0],]]
[19423,14,22,[[19424,0],[19422,0],[19167,0],[19679,0],]]
[19424,12,23,[[19423,0],[19425,0],[19168,0],[19169,0],[19680,0],]]
[19425,2,23,[[19426,0],[19424,0],[19169,0],[19681,0],]]
[19426,15,23,[[19425,0],[19427,0],[19170,0],[19171,0],[19682,0],]]
[19427,12,23,[[19428,0],[19426,0],[19171,0],[19683,0],]]
[19428,13,23,[[19427,0],[19429,0],[19172,0],[19173,0],[19684,0],]]
[19429,5,23,[[19430,0],[19428,0],[19173,0],[19685,0],]]
[19430,14,23,[[19429,0],[19431,0],[19174,0],[19175,0],[19686,0],]]
[19431,2,23,[[19432,0],[19430,0],[19175,0],[19687,0],]]
[19432,12,23,[[19431,0],[19433,0],[19176,0],[19177,0],[19688,0],]]
[19433,13,23,[[19434,0],[19432,0],[19177,0],[19689,0],]]
[19434,18,23,[[19433,0],[19435,0],[19178,0],[19179,0],[19690,0],]]
[19435,6,23,[[19436,0],[19434,0],[19179,0],[19691,0],]]
[19436,12,23,[[19435,0],[19437,0],[19180,0],[19181,0],[19692,0],]]
[19437,19,23,[[19438,0],[19436,0],[19181,0],[19693,0],]]
[19438,8,23,[[19437,0],[19439,0],[19182,0],[19183,0],[19694,0],]]
[19439,12,23,[[19440,0],[19438,0],[19183,0],[19695,0],]]
[19440,6,23,[[19439,0],[19441,0],[19184,0],[19185,0],[19696,0],]]
[19441,16,23,[[19442,0],[19440,0],[19185,0],[19697,0],]]
[19442,4,23,[[19441,0],[19443,0],[19186,0],[19187,0],[19698,0],]]
[19443,17,23,[[19444,0],[19442,0],[19187,0],[19699,0],]]
[19444,17,23,[[19443,0],[19445,0],[19188,0],[19189,0],[19700,0],]]
[19445,8,23,[[19446,0],[19444,0],[19189,0],[19701,0],]]
[19446,13,23,[[19445,0],[19447,0],[19190,0],[19191,0],[19702,0],]]
[19447,1,23,[[19448,0],[19446,0],[19191,0],[19703,0],]]
[19448,5,23,[[19447,0],[19449,0],[19192,0],[19193,0],[19704,0],]]
[19449,16,23,[[19450,0],[19448,0],[19193,0],[19705,0],]]
[19450,11,23,[[19449,0],[19451,0],[19194,0],[19195,0],[19706,0],]]
[19451,7,23,[[19452,0],[19450,0],[19195,0],[19707,0],]]
[19452,11,23,[[19451,0],[19453,0],[19196,0],[19197,0],[19708,0],]]
[19453,2,23,[[19454,0],[19452,0],[19197,0],[19709,0],]]
[19454,15,23,[[19453,0],[19455,0],[19198,0],[19199,0],[19710,0],]]
[19455,12,23,[[19454,0],[19199,0],[19711,0],]]
[19456,17,16,[[19457,0],[19712,0],[19200,0],]]
[19457,14,16,[[19458,0],[19456,0],[19713,0],[19712,0],[19201,0],]]
[19458,16,16,[[19457,0],[19459,0],[19714,0],[19202,0],]]
[19459,8,16,[[19460,0],[19458,0],[19715,0],[19714,0],[19203,0],]]
[19460,14,16,[[19459,0],[19461,0],[19716,0],[19204,0],]]
[19461,1,16,[[19462,0],[19460,0],[19717,0],[19716,0],[19205,0],]]
[19462,18,16,[[19461,0],[19463,0],[19718,0],[19206,0],]]
[19463,14,16,[[19464,0],[19462,0],[19719,0],[19718,0],[19207,0],]]
[19464,10,16,[[19463,0],[19465,0],[19720,0],[19208,0],]]
[19465,18,16,[[19466,0],[19464,0],[19721,0],[19720,0],[19209,0],]]
[19466,13,16,[[19465,0],[19467,0],[19722,0],[19210,0],]]
[19467,8,16,[[19468,0],[19466,0],[19723,0],[19722,0],[19211,0],]]
[19468,12,16,[[19467,0],[19469,0],[19724,0],[19212,0],]]
[19469,1,16,[[19470,0],[19468,0],[19725,0],[19724,0],[19213,0],]]
[19470,12,16,[[19469,0],[19471,0],[19726,0],[19214,0],]]
[19471,12,16,[[19472,0],[19470,0],[19727,0],[19726,0],[19215,0],]]
[19472,16,16,[[19471,0],[19473,0],[19728,0],[19216,0],]]
[19473,1,16,[[19474,0],[19472,0],[19729,0],[19728,0],[19217,0],]]
[19474,6,16,[[19473,0],[19475,0],[19730,0],[19218,0],]]
[19475,5,16,[[19476,0],[19474,0],[19731,0],[19730,0],[19219,0],]]
[19476,6,16,[[19475,0],[19477,0],[19732,0],[19220,0],]]
[19477,18,16,[[19478,0],[19476,0],[19733,0],[19732,0],[19221,0],]]
[19478,5,16,[[19477,0],[19479,0],[19734,0],[19222,0],]]
[19479,15,16,[[19480,0],[19478,0],[19735,0],[19734,0],[19223,0],]]
[19480,3,16,[[19479,0],[19481,0],[19736,0],[19224,0],]]
[19481,10,16,[[19482,0],[19480,0],[19737,0],[19736,0],[19225,0],]]
[19482,16,16,[[19481,0],[19483,0],[19738,0],[19226,0],]]
[19483,14,16,[[19484,0],[19482,0],[19739,0],[19738,0],[19227,0],]]
[19484,16,16,[[19483,0],[19485,0],[19740,0],[19228,0],]]
[19485,7,16,[[19486,0],[19484,0],[19741,0],[19740,0],[19229,0],]]
[19486,14,16,[[19485,0],[19487,0],[19742,0],[19230,0],]]
[19487,7,16,[[19488,0],[19486,0],[19743,0],[19742,0],[19231,0],]]
[19488,18,17,[[19487,0],[19489,0],[19744,0],[19232,0],]]
[19489,19,17,[[19490,0],[19488,0],[19745,0],[19744,0],[19233,0],]]
[19490,5,17,[[19489,0],[19491,0],[19746,0],[19234,0],]]
[19491,13,17,[[19492,0],[19490,0],[19747,0],[19746,0],[19235,0],]]
[19492,11,17,[[19491,0],[19493,0],[19748,0],[19236,0],]]
[19493,12,17,[[19494,0],[19492,0],[19749,0],[19748,0],[19237,0],]]
[19494,5,17,[[19493,0],[19495,0],[19750,0],[19238,0],]]
[19495,14,17,[[19496,0],[19494,0],[19751,0],[19750,0],[19239,0],]]
[19496,17,17,[[19495,0],[19497,0],[19752,0],[19240,0],]]
[19497,7,17,[[19498,0],[19496,0],[19753,0],[19752,0],[19241,0],]]
[19498,13,17,[[19497,0],[19499,0],[19754,0],[19242,0],]]
[19499,1,17,[[19500,0],[19498,0],[19755,0],[19754,0],[19243,0],]]
[19500,14,17,[[19499,0],[19501,0],[19756,0],[19244,0],]]
[19501,16,17,[[19502,0],[19500,0],[19757,0],[19756,0],[19245,0],]]
[19502,17,17,[[19501,0],[19503,0],[19758,0],[19246,0],]]
[19503,17,17,[[19504,0],[19502,0],[19759,0],[19758,0],[19247,0],]]
[19504,17,17,[[19503,0],[19505,0],[19760,0],[19248,0],]]
[19505,8,17,[[19506,0],[19504,0],[19761,0],[19760,0],[19249,0],]]
[19506,6,17,[[19505,0],[19507,0],[19762,0],[19250,0],]]
[19507,12,17,[[19508,0],[19506,0],[19763,0],[19762,0],[19251,0],]]
[19508,18,17,[[19507,0],[19509,0],[19764,0],[19252,0],]]
[19509,11,17,[[19510,0],[19508,0],[19765,0],[19764,0],[19253,0],]]
[19510,14,17,[[19509,0],[19511,0],[19766,0],[19254,0],]]
[19511,1,17,[[19512,0],[19510,0],[19767,0],[19766,0],[19255,0],]]
[19512,5,17,[[19511,0],[19513,0],[19768,0],[19256,0],]]
[19513,5,17,[[19514,0],[19512,0],[19769,0],[19768,0],[19257,0],]]
[19514,5,17,[[19513,0],[19515,0],[19770,0],[19258,0],]]
[19515,15,17,[[19516,0],[19514,0],[19771,0],[19770,0],[19259,0],]]
[19516,10,17,[[19515,0],[19517,0],[19772,0],[19260,0],]]
[19517,1,17,[[19518,0],[19516,0],[19773,0],[19772,0],[19261,0],]]
[19518,7,17,[[19517,0],[19519,0],[19774,0],[19262,0],]]
[19519,8,17,[[19520,0],[19518,0],[19775,0],[19774,0],[19263,0],]]
[19520,14,18,[[19519,0],[19521,0],[19776,0],[19264,0],]]
[19521,2,18,[[19522,0],[19520,0],[19777,0],[19776,0],[19265,0],]]
[19522,14,18,[[19521,0],[19523,0],[19778,0],[19266,0],]]
[19523,4,18,[[19524,0],[19522,0],[19779,0],[19778,0],[19267,0],]]
[19524,3,18,[[19523,0],[19525,0],[19780,0],[19268,0],]]
[19525,7,18,[[19526,0],[19524,0],[19781,0],[19780,0],[19269,0],]]
[19526,7,18,[[19525,0],[19527,0],[19782,0],[19270,0],]]
[19527,7,18,[[19528,0],[19526,0],[19783,0],[19782,0],[19271,0],]]
[19528,12,18,[[19527,0],[19529,0],[19784,0],[19272,0],]]
[19529,6,18,[[19530,0],[19528,0],[19785,0],[19784,0],[19273,0],]]
[19530,18,18,[[19529,0],[19531,0],[19786,0],[19274,0],]]
[19531,6,18,[[19532,0],[19530,0],[19787,0],[19786,0],[19275,0],]]
[19532,16,18,[[19531,0],[19533,0],[19788,0],[19276,0],]]
[19533,5,18,[[19534,0],[19532,0],[19789,0],[19788,0],[19277,0],]]
[19534,4,18,[[19533,0],[19535,0],[19790,0],[19278,0],]]
[19535,18,18,[[19536,0],[19534,0],[19791,0],[19790,0],[19279,0],]]
[19536,18,18,[[19535,0],[19537,0],[19792,0],[19280,0],]]
[19537,17,18,[[19538,0],[19536,0],[19793,0],[19792,0],[19281,0],]]
[19538,10,18,[[19537,0],[19539,0],[19794,0],[19282,0],]]
[19539,18,18,[[19540,0],[19538,0],[19795,0],[19794,0],[19283,0],]]
[19540,18,18,[[19539,0],[19541,0],[19796,0],[19284,0],]]
[19541,15,18,[[19542,0],[19540,0],[19797,0],[19796,0],[19285,0],]]
[19542,11,18,[[19541,0],[19543,0],[19798,0],[19286,0],]]
[19543,8,18,[[19544,0],[19542,0],[19799,0],[19798,0],[19287,0],]]
[19544,18,18,[[19543,0],[19545,0],[19800,0],[19288,0],]]
[19545,2,18,[[19546,0],[19544,0],[19801,0],[19800,0],[19289,0],]]
[19546,3,18,[[19545,0],[19547,0],[19802,0],[19290,0],]]
[19547,19,18,[[19548,0],[19546,0],[19803,0],[19802,0],[19291,0],]]
[19548,6,18,[[19547,0],[19549,0],[19804,0],[19292,0],]]
[19549,10,18,[[19550,0],[19548,0],[19805,0],[19804,0],[19293,0],]]
[19550,19,18,[[19549,0],[19551,0],[19806,0],[19294,0],]]
[19551,1,18,[[19552,0],[19550,0],[19807,0],[19806,0],[19295,0],]]
[19552,1,19,[[19551,0],[19553,0],[19808,0],[19296,0],]]
[19553,2,19,[[19554,0],[19552,0],[19809,0],[19808,0],[19297,0],]]
[19554,11,19,[[19553,0],[19555,0],[19810,0],[19298,0],]]
[19555,14,19,[[19556,0],[19554,0],[19811,0],[19810,0],[19299,0],]]
[19556,10,19,[[19555,0],[19557,0],[19812,0],[19300,0],]]
[19557,11,19,[[19558,0],[19556,0],[19813,0],[19812,0],[19301,0],]]
[19558,9,19,[[19557,0],[19559,0],[19814,0],[19302,0],]]
[19559,1,19,[[19560,0],[19558,0],[19815,0],[19814,0],[19303,0],]]
[19560,2,19,[[19559,0],[19561,0],[19816,0],[19304,0],]]
[19561,10,19,[[19562,0],[19560,0],[19817,0],[19816,0],[19305,0],]]
[19562,7,19,[[19561,0],[19563,0],[19818,0],[19306,0],]]
[19563,9,19,[[19564,0],[19562,0],[19819,0],[19818,0],[19307,0],]]
[19564,7,19,[[19563,0],[19565,0],[19820,0],[19308,0],]]
[19565,19,19,[[19566,0],[19564,0],[19821,0],[19820,0],[19309,0],]]
[19566,13,19,[[19565,0],[19567,0],[19822,0],[19310,0],]]
[19567,10,19,[[19568,0],[19566,0],[19823,0],[19822,0],[19311,0],]]
[19568,5,19,[[19567,0],[19569,0],[19824,0],[19312,0],]]
[19569,6,19,[[19570,0],[19568,0],[19825,0],[19824,0],[19313,0],]]
[19570,11,19,[[19569,0],[19571,0],[19826,0],[19314,0],]]
[19571,10,19,[[19572,0],[19570,0],[19827,0],[19826,0],[19315,0],]]
[19572,9,19,[[19571,0],[19573,0],[19828,0],[19316,0],]]
[19573,18,19,[[19574,0],[19572,0],[19829,0],[19828,0],[19317,0],]]
[19574,10,19,[[19573,0],[19575,0],[19830,0],[19318,0],]]
[19575,18,19,[[19576,0],[19574,0],[19831,0],[19830,0],[19319,0],]]
[19576,6,19,[[19575,0],[19577,0],[19832,0],[19320,0],]]
[19577,14,19,[[19578,0],[19576,0],[19833,0],[19832,0],[19321,0],]]
[19578,3,19,[[19577,0],[19579,0],[19834,0],[19322,0],]]
[19579,15,19,[[19580,0],[19578,0],[19835,0],[19834,0],[19323,0],]]
[19580,11,19,[[19579,0],[19581,0],[19836,0],[19324,0],]]
[19581,9,19,[[19582,0],[19580,0],[19837,0],[19836,0],[19325,0],]]
[19582,17,19,[[19581,0],[19583,0],[19838,0],[19326,0],]]
[19583,12,19,[[19584,0],[19582,0],[19839,0],[19838,0],[19327,0],]]
[19584,3,20,[[19583,0],[19585,0],[19840,0],[19328,0],]]
[19585,1,20,[[19586,0],[19584,0],[19841,0],[19840,0],[19329,0],]]
[19586,13,20,[[19585,0],[19587,0],[19842,0],[19330,0],]]
[19587,4,20,[[19588,0],[19586,0],[19843,0],[19842,0],[19331,0],]]
[19588,17,20,[[19587,0],[19589,0],[19844,0],[19332,0],]]
[19589,10,20,[[19590,0],[19588,0],[19845,0],[19844,0],[19333,0],]]
[19590,10,20,[[19589,0],[19591,0],[19846,0],[19334,0],]]
[19591,17,20,[[19592,0],[19590,0],[19847,0],[19846,0],[19335,0],]]
[19592,19,20,[[19591,0],[19593,0],[19848,0],[19336,0],]]
[19593,11,20,[[19594,0],[19592,0],[19849,0],[19848,0],[19337,0],]]
[19594,19,20,[[19593,0],[19595,0],[19850,0],[19338,0],]]
[19595,3,20,[[19596,0],[19594,0],[19851,0],[19850,0],[19339,0],]]
[19596,9,20,[[19595,0],[19597,0],[19852,0],[19340,0],]]
[19597,18,20,[[19598,0],[19596,0],[19853,0],[19852,0],[19341,0],]]
[19598,3,20,[[19597,0],[19599,0],[19854,0],[19342,0],]]
[19599,15,20,[[19600,0],[19598,0],[19855,0],[19854,0],[19343,0],]]
[19600,15,20,[[19599,0],[19601,0],[19856,0],[19344,0],]]
[19601,12,20,[[19602,0],[19600,0],[19857,0],[19856,0],[19345,0],]]
[19602,4,20,[[19601,0],[19603,0],[19858,0],[19346,0],]]
[19603,6,20,[[19604,0],[19602,0],[19859,0],[19858,0],[19347,0],]]
[19604,14,20,[[19603,0],[19605,0],[19860,0],[19348,0],]]
[19605,6,20,[[19606,0],[19604,0],[19861,0],[19860,0],[19349,0],]]
[19606,2,20,[[19605,0],[19607,0],[19862,0],[19350,0],]]
[19607,4,20,[[19608,0],[19606,0],[19863,0],[19862,0],[19351,0],]]
[19608,5,20,[[19607,0],[19609,0],[19864,0],[19352,0],]]
[19609,9,20,[[19610,0],[19608,0],[19865,0],[19864,0],[19353,0],]]
[19610,11,20,[[19609,0],[19611,0],[19866,0],[19354,0],]]
[19611,15,20,[[19612,0],[19610,0],[19867,0],[19866,0],[19355,0],]]
[19612,4,20,[[19611,0],[19613,0],[19868,0],[19356,0],]]
[19613,19,20,[[19614,0],[19612,0],[19869,0],[19868,0],[19357,0],]]
[19614,2,20,[[19613,0],[19615,0],[19870,0],[19358,0],]]
[19615,12,20,[[19616,0],[19614,0],[19871,0],[19870,0],[19359,0],]]
[19616,6,21,[[19615,0],[19617,0],[19872,0],[19360,0],]]
[19617,10,21,[[19618,0],[19616,0],[19873,0],[19872,0],[19361,0],]]
[19618,5,21,[[19617,0],[19619,0],[19874,0],[19362,0],]]
[19619,3,21,[[19620,0],[19618,0],[19875,0],[19874,0],[19363,0],]]
[19620,13,21,[[19619,0],[19621,0],[19876,0],[19364,0],]]
[19621,12,21,[[19622,0],[19620,0],[19877,0],[19876,0],[19365,0],]]
[19622,8,21,[[19621,0],[19623,0],[19878,0],[19366,0],]]
[19623,14,21,[[19624,0],[19622,0],[19879,0],[19878,0],[19367,0],]]
[19624,18,21,[[19623,0],[19625,0],[19880,0],[19368,0],]]
[19625,7,21,[[19626,0],[19624,0],[19881,0],[19880,0],[19369,0],]]
[19626,16,21,[[19625,0],[19627,0],[19882,0],[19370,0],]]
[19627,7,21,[[19628,0],[19626,0],[19883,0],[19882,0],[19371,0],]]
[19628,12,21,[[19627,0],[19629,0],[19884,0],[19372,0],]]
[19629,11,21,[[19630,0],[19628,0],[19885,0],[19884,0],[19373,0],]]
[19630,10,21,[[19629,0],[19631,0],[19886,0],[19374,0],]]
[19631,8,21,[[19632,0],[19630,0],[19887,0],[19886,0],[19375,0],]]
[19632,13,21,[[19631,0],[19633,0],[19888,0],[19376,0],]]
[19633,10,21,[[19634,0],[19632,0],[19889,0],[19888,0],[19377,0],]]
[19634,1,21,[[19633,0],[19635,0],[19890,0],[19378,0],]]
[19635,10,21,[[19636,0],[19634,0],[19891,0],[19890,0],[19379,0],]]
[19636,19,21,[[19635,0],[19637,0],[19892,0],[19380,0],]]
[19637,2,21,[[19638,0],[19636,0],[19893,0],[19892,0],[19381,0],]]
[19638,6,21,[[19637,0],[19639,0],[19894,0],[19382,0],]]
[19639,8,21,[[19640,0],[19638,0],[19895,0],[19894,0],[19383,0],]]
[19640,6,21,[[19639,0],[19641,0],[19896,0],[19384,0],]]
[19641,10,21,[[19642,0],[19640,0],[19897,0],[19896,0],[19385,0],]]
[19642,15,21,[[19641,0],[19643,0],[19898,0],[19386,0],]]
[19643,16,21,[[19644,0],[19642,0],[19899,0],[19898,0],[19387,0],]]
[19644,18,21,[[19643,0],[19645,0],[19900,0],[19388,0],]]
[19645,13,21,[[19646,0],[19644,0],[19901,0],[19900,0],[19389,0],]]
[19646,3,21,[[19645,0],[19647,0],[19902,0],[19390,0],]]
[19647,8,21,[[19648,0],[19646,0],[19903,0],[19902,0],[19391,0],]]
[19648,6,22,[[19647,0],[19649,0],[19904,0],[19392,0],]]
[19649,11,22,[[19650,0],[19648,0],[19905,0],[19904,0],[19393,0],]]
[19650,7,22,[[19649,0],[19651,0],[19906,0],[19394,0],]]
[19651,4,22,[[19652,0],[19650,0],[19907,0],[19906,0],[19395,0],]]
[19652,18,22,[[19651,0],[19653,0],[19908,0],[19396,0],]]
[19653,2,22,[[19654,0],[19652,0],[19909,0],[19908,0],[19397,0],]]
[19654,19,22,[[19653,0],[19655,0],[19910,0],[19398,0],]]
[19655,19,22,[[19656,0],[19654,0],[19911,0],[19910,0],[19399,0],]]
[19656,15,22,[[19655,0],[19657,0],[19912,0],[19400,0],]]
[19657,12,22,[[19658,0],[19656,0],[19913,0],[19912,0],[19401,0],]]
[19658,16,22,[[19657,0],[19659,0],[19914,0],[19402,0],]]
[19659,13,22,[[19660,0],[19658,0],[19915,0],[19914,0],[19403,0],]]
