[18350,2,21,[[18349,0],[18351,0],[18094,0],[18095,0],[18606,0],]]
[18351,9,21,[[18352,0],[18350,0],[18095,0],[18607,0],]]
[18352,4,21,[[18351,0],[18353,0],[18096,0],[18097,0],[18608,0],]]
[18353,9,21,[[18354,0],[18352,0],[18097,0],[18609,0],]]
[18354,7,21,[[18353,0],[18355,0],[18098,0],[18099,0],[18610,0],]]
[18355,6,21,[[18356,0],[18354,0],[18099,0],[18611,0],]]
[18356,12,21,[[18355,0],[18357,0],[18100,0],[18101,0],[18612,0],]]
[18357,8,21,[[18358,0],[18356,0],[18101,0],[18613,0],]]
[18358,18,21,[[18357,0],[18359,0],[18102,0],[18103,0],[18614,0],]]
[18359,12,21,[[18360,0],[18358,0],[18103,0],[18615,0],]]
[18360,11,21,[[18359,0],[18361,0],[18104,0],[18105,0],[18616,0],]]
[18361,8,21,[[18362,0],[18360,0],[18105,0],[18617,0],]]
[18362,12,21,[[18361,0],[18363,0],[18106,0],[18107,0],[18618,0],]]
[18363,5,21,[[18364,0],[18362,0],[18107,0],[18619,0],]]
[18364,14,21,[[18363,0],[18365,0],[18108,0],[18109,0],[18620,0],]]
[18365,4,21,[[18366,0],[18364,0],[18109,0],[18621,0],]]
[18366,17,21,[[18365,0],[18367,0],[18110,0],[18111,0],[18622,0],]]
[18367,12,21,[[18368,0],[18366,0],[18111,0],[18623,0],]]
[18368,1,22,[[18367,0],[18369,0],[18112,0],[18113,0],[18624,0],]]
[18369,14,22,[[18370,0],[18368,0],[18113,0],[18625,0],]]
[18370,5,22,[[18369,0],[18371,0],[18114,0],[18115,0],[18626,0],]]
[18371,4,22,[[18372,0],[18370,0],[18115,0],[18627,0],]]
[18372,19,22,[[18371,0],[18373,0],[18116,0],[18117,0],[18628,0],]]
[18373,5,22,[[18374,0],[18372,0],[18117,0],[18629,0],]]
[18374,3,22,[[18373,0],[18375,0],[18118,0],[18119,0],[18630,0],]]
[18375,10,22,[[18376,0],[18374,0],[18119,0],[18631,0],]]
[18376,3,22,[[18375,0],[18377,0],[18120,0],[18121,0],[18632,0],]]
[18377,5,22,[[18378,0],[18376,0],[18121,0],[18633,0],]]
[18378,8,22,[[18377,0],[18379,0],[18122,0],[18123,0],[18634,0],]]
[18379,13,22,[[18380,0],[18378,0],[18123,0],[18635,0],]]
[18380,7,22,[[18379,0],[18381,0],[18124,0],[18125,0],[18636,0],]]
[18381,12,22,[[18382,0],[18380,0],[18125,0],[18637,0],]]
[18382,14,22,[[18381,0],[18383,0],[18126,0],[18127,0],[18638,0],]]
[18383,10,22,[[18384,0],[18382,0],[18127,0],[18639,0],]]
[18384,12,22,[[18383,0],[18385,0],[18128,0],[18129,0],[18640,0],]]
[18385,11,22,[[18386,0],[18384,0],[18129,0],[18641,0],]]
[18386,9,22,[[18385,0],[18387,0],[18130,0],[18131,0],[18642,0],]]
[18387,18,22,[[18388,0],[18386,0],[18131,0],[18643,0],]]
[18388,12,22,[[18387,0],[18389,0],[18132,0],[18133,0],[18644,0],]]
[18389,14,22,[[18390,0],[18388,0],[18133,0],[18645,0],]]
[18390,7,22,[[18389,0],[18391,0],[18134,0],[18135,0],[18646,0],]]
[18391,10,22,[[18392,0],[18390,0],[18135,0],[18647,0],]]
[18392,9,22,[[18391,0],[18393,0],[18136,0],[18137,0],[18648,0],]]
[18393,6,22,[[18394,0],[18392,0],[18137,0],[18649,0],]]
[18394,12,22,[[18393,0],[18395,0],[18138,0],[18139,0],[18650,0],]]
[18395,10,22,[[18396,0],[18394,0],[18139,0],[18651,0],]]
[18396,13,22,[[18395,0],[18397,0],[18140,0],[18141,0],[18652,0],]]
[18397,7,22,[[18398,0],[18396,0],[18141,0],[18653,0],]]
[18398,4,22,[[18397,0],[18399,0],[18142,0],[18143,0],[18654,0],]]
[18399,1,22,[[18400,0],[18398,0],[18143,0],[18655,0],]]
[18400,1,23,[[18399,0],[18401,0],[18144,0],[18145,0],[18656,0],]]
[18401,6,23,[[18402,0],[18400,0],[18145,0],[18657,0],]]
[18402,14,23,[[18401,0],[18403,0],[18146,0],[18147,0],[18658,0],]]
[18403,18,23,[[18404,0],[18402,0],[18147,0],[18659,0],]]
[18404,14,23,[[18403,0],[18405,0],[18148,0],[18149,0],[18660,0],]]
[18405,18,23,[[18406,0],[18404,0],[18149,0],[18661,0],]]
[18406,16,23,[[18405,0],[18407,0],[18150,0],[18151,0],[18662,0],]]
[18407,13,23,[[18408,0],[18406,0],[18151,0],[18663,0],]]
[18408,17,23,[[18407,0],[18409,0],[18152,0],[18153,0],[18664,0],]]
[18409,13,23,[[18410,0],[18408,0],[18153,0],[18665,0],]]
[18410,19,23,[[18409,0],[18411,0],[18154,0],[18155,0],[18666,0],]]
[18411,3,23,[[18412,0],[18410,0],[18155,0],[18667,0],]]
[18412,13,23,[[18411,0],[18413,0],[18156,0],[18157,0],[18668,0],]]
[18413,16,23,[[18414,0],[18412,0],[18157,0],[18669,0],]]
[18414,2,23,[[18413,0],[18415,0],[18158,0],[18159,0],[18670,0],]]
[18415,18,23,[[18416,0],[18414,0],[18159,0],[18671,0],]]
[18416,10,23,[[18415,0],[18417,0],[18160,0],[18161,0],[18672,0],]]
[18417,8,23,[[18418,0],[18416,0],[18161,0],[18673,0],]]
[18418,14,23,[[18417,0],[18419,0],[18162,0],[18163,0],[18674,0],]]
[18419,1,23,[[18420,0],[18418,0],[18163,0],[18675,0],]]
[18420,5,23,[[18419,0],[18421,0],[18164,0],[18165,0],[18676,0],]]
[18421,1,23,[[18422,0],[18420,0],[18165,0],[18677,0],]]
[18422,12,23,[[18421,0],[18423,0],[18166,0],[18167,0],[18678,0],]]
[18423,15,23,[[18424,0],[18422,0],[18167,0],[18679,0],]]
[18424,10,23,[[18423,0],[18425,0],[18168,0],[18169,0],[18680,0],]]
[18425,12,23,[[18426,0],[18424,0],[18169,0],[18681,0],]]
[18426,13,23,[[18425,0],[18427,0],[18170,0],[18171,0],[18682,0],]]
[18427,7,23,[[18428,0],[18426,0],[18171,0],[18683,0],]]
[18428,11,23,[[18427,0],[18429,0],[18172,0],[18173,0],[18684,0],]]
[18429,14,23,[[18430,0],[18428,0],[18173,0],[18685,0],]]
[18430,11,23,[[18429,0],[18431,0],[18174,0],[18175,0],[18686,0],]]
[18431,18,23,[[18430,0],[18175,0],[18687,0],]]
[18432,4,16,[[18433,0],[18688,0],[18176,0],]]
[18433,15,16,[[18434,0],[18432,0],[18689,0],[18688,0],[18177,0],]]
[18434,18,16,[[18433,0],[18435,0],[18690,0],[18178,0],]]
[18435,13,16,[[18436,0],[18434,0],[18691,0],[18690,0],[18179,0],]]
[18436,11,16,[[18435,0],[18437,0],[18692,0],[18180,0],]]
[18437,16,16,[[18438,0],[18436,0],[18693,0],[18692,0],[18181,0],]]
[18438,8,16,[[18437,0],[18439,0],[18694,0],[18182,0],]]
[18439,19,16,[[18440,0],[18438,0],[18695,0],[18694,0],[18183,0],]]
[18440,16,16,[[18439,0],[18441,0],[18696,0],[18184,0],]]
[18441,7,16,[[18442,0],[18440,0],[18697,0],[18696,0],[18185,0],]]
[18442,12,16,[[18441,0],[18443,0],[18698,0],[18186,0],]]
[18443,18,16,[[18444,0],[18442,0],[18699,0],[18698,0],[18187,0],]]
[18444,13,16,[[18443,0],[18445,0],[18700,0],[18188,0],]]
[18445,8,16,[[18446,0],[18444,0],[18701,0],[18700,0],[18189,0],]]
[18446,15,16,[[18445,0],[18447,0],[18702,0],[18190,0],]]
[18447,17,16,[[18448,0],[18446,0],[18703,0],[18702,0],[18191,0],]]
[18448,18,16,[[18447,0],[18449,0],[18704,0],[18192,0],]]
[18449,15,16,[[18450,0],[18448,0],[18705,0],[18704,0],[18193,0],]]
[18450,16,16,[[18449,0],[18451,0],[18706,0],[18194,0],]]
[18451,15,16,[[18452,0],[18450,0],[18707,0],[18706,0],[18195,0],]]
[18452,17,16,[[18451,0],[18453,0],[18708,0],[18196,0],]]
[18453,4,16,[[18454,0],[18452,0],[18709,0],[18708,0],[18197,0],]]
[18454,8,16,[[18453,0],[18455,0],[18710,0],[18198,0],]]
[18455,13,16,[[18456,0],[18454,0],[18711,0],[18710,0],[18199,0],]]
[18456,16,16,[[18455,0],[18457,0],[18712,0],[18200,0],]]
[18457,13,16,[[18458,0],[18456,0],[18713,0],[18712,0],[18201,0],]]
[18458,2,16,[[18457,0],[18459,0],[18714,0],[18202,0],]]
[18459,3,16,[[18460,0],[18458,0],[18715,0],[18714,0],[18203,0],]]
[18460,12,16,[[18459,0],[18461,0],[18716,0],[18204,0],]]
[18461,1,16,[[18462,0],[18460,0],[18717,0],[18716,0],[18205,0],]]
[18462,8,16,[[18461,0],[18463,0],[18718,0],[18206,0],]]
[18463,12,16,[[18464,0],[18462,0],[18719,0],[18718,0],[18207,0],]]
[18464,12,17,[[18463,0],[18465,0],[18720,0],[18208,0],]]
[18465,10,17,[[18466,0],[18464,0],[18721,0],[18720,0],[18209,0],]]
[18466,3,17,[[18465,0],[18467,0],[18722,0],[18210,0],]]
[18467,16,17,[[18468,0],[18466,0],[18723,0],[18722,0],[18211,0],]]
[18468,15,17,[[18467,0],[18469,0],[18724,0],[18212,0],]]
[18469,8,17,[[18470,0],[18468,0],[18725,0],[18724,0],[18213,0],]]
[18470,5,17,[[18469,0],[18471,0],[18726,0],[18214,0],]]
[18471,6,17,[[18472,0],[18470,0],[18727,0],[18726,0],[18215,0],]]
[18472,8,17,[[18471,0],[18473,0],[18728,0],[18216,0],]]
[18473,4,17,[[18474,0],[18472,0],[18729,0],[18728,0],[18217,0],]]
[18474,10,17,[[18473,0],[18475,0],[18730,0],[18218,0],]]
[18475,5,17,[[18476,0],[18474,0],[18731,0],[18730,0],[18219,0],]]
[18476,18,17,[[18475,0],[18477,0],[18732,0],[18220,0],]]
[18477,7,17,[[18478,0],[18476,0],[18733,0],[18732,0],[18221,0],]]
[18478,8,17,[[18477,0],[18479,0],[18734,0],[18222,0],]]
[18479,10,17,[[18480,0],[18478,0],[18735,0],[18734,0],[18223,0],]]
[18480,3,17,[[18479,0],[18481,0],[18736,0],[18224,0],]]
[18481,6,17,[[18482,0],[18480,0],[18737,0],[18736,0],[18225,0],]]
[18482,9,17,[[18481,0],[18483,0],[18738,0],[18226,0],]]
[18483,10,17,[[18484,0],[18482,0],[18739,0],[18738,0],[18227,0],]]
[18484,2,17,[[18483,0],[18485,0],[18740,0],[18228,0],]]
[18485,7,17,[[18486,0],[18484,0],[18741,0],[18740,0],[18229,0],]]
[18486,9,17,[[18485,0],[18487,0],[18742,0],[18230,0],]]
[18487,4,17,[[18488,0],[18486,0],[18743,0],[18742,0],[18231,0],]]
[18488,13,17,[[18487,0],[18489,0],[18744,0],[18232,0],]]
[18489,19,17,[[18490,0],[18488,0],[18745,0],[18744,0],[18233,0],]]
[18490,2,17,[[18489,0],[18491,0],[18746,0],[18234,0],]]
[18491,6,17,[[18492,0],[18490,0],[18747,0],[18746,0],[18235,0],]]
[18492,11,17,[[18491,0],[18493,0],[18748,0],[18236,0],]]
[18493,12,17,[[18494,0],[18492,0],[18749,0],[18748,0],[18237,0],]]
[18494,17,17,[[18493,0],[18495,0],[18750,0],[18238,0],]]
[18495,8,17,[[18496,0],[18494,0],[18751,0],[18750,0],[18239,0],]]
[18496,8,18,[[18495,0],[18497,0],[18752,0],[18240,0],]]
[18497,15,18,[[18498,0],[18496,0],[18753,0],[18752,0],[18241,0],]]
[18498,4,18,[[18497,0],[18499,0],[18754,0],[18242,0],]]
[18499,4,18,[[18500,0],[18498,0],[18755,0],[18754,0],[18243,0],]]
[18500,4,18,[[18499,0],[18501,0],[18756,0],[18244,0],]]
[18501,9,18,[[18502,0],[18500,0],[18757,0],[18756,0],[18245,0],]]
[18502,9,18,[[18501,0],[18503,0],[18758,0],[18246,0],]]
[18503,17,18,[[18504,0],[18502,0],[18759,0],[18758,0],[18247,0],]]
[18504,17,18,[[18503,0],[18505,0],[18760,0],[18248,0],]]
[18505,19,18,[[18506,0],[18504,0],[18761,0],[18760,0],[18249,0],]]
[18506,16,18,[[18505,0],[18507,0],[18762,0],[18250,0],]]
[18507,10,18,[[18508,0],[18506,0],[18763,0],[18762,0],[18251,0],]]
[18508,18,18,[[18507,0],[18509,0],[18764,0],[18252,0],]]
[18509,13,18,[[18510,0],[18508,0],[18765,0],[18764,0],[18253,0],]]
[18510,11,18,[[18509,0],[18511,0],[18766,0],[18254,0],]]
[18511,6,18,[[18512,0],[18510,0],[18767,0],[18766,0],[18255,0],]]
[18512,7,18,[[18511,0],[18513,0],[18768,0],[18256,0],]]
[18513,16,18,[[18514,0],[18512,0],[18769,0],[18768,0],[18257,0],]]
[18514,18,18,[[18513,0],[18515,0],[18770,0],[18258,0],]]
[18515,8,18,[[18516,0],[18514,0],[18771,0],[18770,0],[18259,0],]]
[18516,1,18,[[18515,0],[18517,0],[18772,0],[18260,0],]]
[18517,5,18,[[18518,0],[18516,0],[18773,0],[18772,0],[18261,0],]]
[18518,9,18,[[18517,0],[18519,0],[18774,0],[18262,0],]]
[18519,11,18,[[18520,0],[18518,0],[18775,0],[18774,0],[18263,0],]]
[18520,18,18,[[18519,0],[18521,0],[18776,0],[18264,0],]]
[18521,7,18,[[18522,0],[18520,0],[18777,0],[18776,0],[18265,0],]]
[18522,4,18,[[18521,0],[18523,0],[18778,0],[18266,0],]]
[18523,17,18,[[18524,0],[18522,0],[18779,0],[18778,0],[18267,0],]]
[18524,6,18,[[18523,0],[18525,0],[18780,0],[18268,0],]]
[18525,5,18,[[18526,0],[18524,0],[18781,0],[18780,0],[18269,0],]]
[18526,16,18,[[18525,0],[18527,0],[18782,0],[18270,0],]]
[18527,5,18,[[18528,0],[18526,0],[18783,0],[18782,0],[18271,0],]]
[18528,11,19,[[18527,0],[18529,0],[18784,0],[18272,0],]]
[18529,2,19,[[18530,0],[18528,0],[18785,0],[18784,0],[18273,0],]]
[18530,17,19,[[18529,0],[18531,0],[18786,0],[18274,0],]]
[18531,7,19,[[18532,0],[18530,0],[18787,0],[18786,0],[18275,0],]]
[18532,16,19,[[18531,0],[18533,0],[18788,0],[18276,0],]]
[18533,18,19,[[18534,0],[18532,0],[18789,0],[18788,0],[18277,0],]]
[18534,15,19,[[18533,0],[18535,0],[18790,0],[18278,0],]]
[18535,12,19,[[18536,0],[18534,0],[18791,0],[18790,0],[18279,0],]]
[18536,14,19,[[18535,0],[18537,0],[18792,0],[18280,0],]]
[18537,9,19,[[18538,0],[18536,0],[18793,0],[18792,0],[18281,0],]]
[18538,6,19,[[18537,0],[18539,0],[18794,0],[18282,0],]]
[18539,6,19,[[18540,0],[18538,0],[18795,0],[18794,0],[18283,0],]]
[18540,7,19,[[18539,0],[18541,0],[18796,0],[18284,0],]]
[18541,15,19,[[18542,0],[18540,0],[18797,0],[18796,0],[18285,0],]]
[18542,5,19,[[18541,0],[18543,0],[18798,0],[18286,0],]]
[18543,8,19,[[18544,0],[18542,0],[18799,0],[18798,0],[18287,0],]]
[18544,6,19,[[18543,0],[18545,0],[18800,0],[18288,0],]]
[18545,8,19,[[18546,0],[18544,0],[18801,0],[18800,0],[18289,0],]]
[18546,4,19,[[18545,0],[18547,0],[18802,0],[18290,0],]]
[18547,3,19,[[18548,0],[18546,0],[18803,0],[18802,0],[18291,0],]]
[18548,13,19,[[18547,0],[18549,0],[18804,0],[18292,0],]]
[18549,12,19,[[18550,0],[18548,0],[18805,0],[18804,0],[18293,0],]]
[18550,12,19,[[18549,0],[18551,0],[18806,0],[18294,0],]]
[18551,4,19,[[18552,0],[18550,0],[18807,0],[18806,0],[18295,0],]]
[18552,2,19,[[18551,0],[18553,0],[18808,0],[18296,0],]]
[18553,15,19,[[18554,0],[18552,0],[18809,0],[18808,0],[18297,0],]]
[18554,14,19,[[18553,0],[18555,0],[18810,0],[18298,0],]]
[18555,11,19,[[18556,0],[18554,0],[18811,0],[18810,0],[18299,0],]]
[18556,8,19,[[18555,0],[18557,0],[18812,0],[18300,0],]]
[18557,11,19,[[18558,0],[18556,0],[18813,0],[18812,0],[18301,0],]]
[18558,5,19,[[18557,0],[18559,0],[18814,0],[18302,0],]]
[18559,13,19,[[18560,0],[18558,0],[18815,0],[18814,0],[18303,0],]]
[18560,2,20,[[18559,0],[18561,0],[18816,0],[18304,0],]]
[18561,9,20,[[18562,0],[18560,0],[18817,0],[18816,0],[18305,0],]]
[18562,2,20,[[18561,0],[18563,0],[18818,0],[18306,0],]]
[18563,14,20,[[18564,0],[18562,0],[18819,0],[18818,0],[18307,0],]]
[18564,1,20,[[18563,0],[18565,0],[18820,0],[18308,0],]]
[18565,6,20,[[18566,0],[18564,0],[18821,0],[18820,0],[18309,0],]]
[18566,11,20,[[18565,0],[18567,0],[18822,0],[18310,0],]]
[18567,9,20,[[18568,0],[18566,0],[18823,0],[18822,0],[18311,0],]]
[18568,14,20,[[18567,0],[18569,0],[18824,0],[18312,0],]]
[18569,3,20,[[18570,0],[18568,0],[18825,0],[18824,0],[18313,0],]]
[18570,8,20,[[18569,0],[18571,0],[18826,0],[18314,0],]]
[18571,5,20,[[18572,0],[18570,0],[18827,0],[18826,0],[18315,0],]]
[18572,5,20,[[18571,0],[18573,0],[18828,0],[18316,0],]]
[18573,17,20,[[18574,0],[18572,0],[18829,0],[18828,0],[18317,0],]]
[18574,4,20,[[18573,0],[18575,0],[18830,0],[18318,0],]]
[18575,17,20,[[18576,0],[18574,0],[18831,0],[18830,0],[18319,0],]]
[18576,3,20,[[18575,0],[18577,0],[18832,0],[18320,0],]]
[18577,18,20,[[18578,0],[18576,0],[18833,0],[18832,0],[18321,0],]]
[18578,7,20,[[18577,0],[18579,0],[18834,0],[18322,0],]]
[18579,4,20,[[18580,0],[18578,0],[18835,0],[18834,0],[18323,0],]]
[18580,16,20,[[18579,0],[18581,0],[18836,0],[18324,0],]]
[18581,4,20,[[18582,0],[18580,0],[18837,0],[18836,0],[18325,0],]]
[18582,3,20,[[18581,0],[18583,0],[18838,0],[18326,0],]]
[18583,4,20,[[18584,0],[18582,0],[18839,0],[18838,0],[18327,0],]]
[18584,9,20,[[18583,0],[18585,0],[18840,0],[18328,0],]]
[18585,7,20,[[18586,0],[18584,0],[18841,0],[18840,0],[18329,0],]]
[18586,16,20,[[18585,0],[18587,0],[18842,0],[18330,0],]]
[18587,2,20,[[18588,0],[18586,0],[18843,0],[18842,0],[18331,0],]]
[18588,19,20,[[18587,0],[18589,0],[18844,0],[18332,0],]]
[18589,2,20,[[18590,0],[18588,0],[18845,0],[18844,0],[18333,0],]]
[18590,18,20,[[18589,0],[18591,0],[18846,0],[18334,0],]]
[18591,12,20,[[18592,0],[18590,0],[18847,0],[18846,0],[18335,0],]]
[18592,16,21,[[18591,0],[18593,0],[18848,0],[18336,0],]]
[18593,17,21,[[18594,0],[18592,0],[18849,0],[18848,0],[18337,0],]]
[18594,15,21,[[18593,0],[18595,0],[18850,0],[18338,0],]]
[18595,16,21,[[18596,0],[18594,0],[18851,0],[18850,0],[18339,0],]]
[18596,2,21,[[18595,0],[18597,0],[18852,0],[18340,0],]]
[18597,16,21,[[18598,0],[18596,0],[18853,0],[18852,0],[18341,0],]]
[18598,14,21,[[18597,0],[18599,0],[18854,0],[18342,0],]]
[18599,19,21,[[18600,0],[18598,0],[18855,0],[18854,0],[18343,0],]]
[18600,9,21,[[18599,0],[18601,0],[18856,0],[18344,0],]]
[18601,10,21,[[18602,0],[18600,0],[18857,0],[18856,0],[18345,0],]]
[18602,16,21,[[18601,0],[18603,0],[18858,0],[18346,0],]]
[18603,11,21,[[18604,0],[18602,0],[18859,0],[18858,0],[18347,0],]]
[18604,15,21,[[18603,0],[18605,0],[18860,0],[18348,0],]]
[18605,12,21,[[18606,0],[18604,0],[18861,0],[18860,0],[18349,0],]]
[18606,11,21,[[18605,0],[18607,0],[18862,0],[18350,0],]]
[18607,17,21,[[18608,0],[18606,0],[18863,0],[18862,0],[18351,0],]]
[18608,17,21,[[18607,0],[18609,0],[18864,0],[18352,0],]]
[18609,19,21,[[18610,0],[18608,0],[18865,0],[18864,0],[18353,0],]]
[18610,6,21,[[18609,0],[18611,0],[18866,0],[18354,0],]]
[18611,8,21,[[18612,0],[18610,0],[18867,0],[18866,0],[18355,0],]]
[18612,14,21,[[18611,0],[18613,0],[18868,0],[18356,0],]]
[18613,6,21,[[18614,0],[18612,0],[18869,0],[18868,0],[18357,0],]]
[18614,18,21,[[18613,0],[18615,0],[18870,0],[18358,0],]]
[18615,17,21,[[18616,0],[18614,0],[18871,0],[18870,0],[18359,0],]]
[18616,2,21,[[18615,0],[18617,0],[18872,0],[18360,0],]]
[18617,18,21,[[18618,0],[18616,0],[18873,0],[18872,0],[18361,0],]]
[18618,8,21,[[18617,0],[18619,0],[18874,0],[18362,0],]]
[18619,17,21,[[18620,0],[18618,0],[18875,0],[18874,0],[18363,0],]]
[18620,12,21,[[18619,0],[18621,0],[18876,0],[18364,0],]]
[18621,17,21,[[18622,0],[18620,0],[18877,0],[18876,0],[18365,0],]]
[18622,18,21,[[18621,0],[18623,0],[18878,0],[18366,0],]]
[18623,18,21,[[18624,0],[18622,0],[18879,0],[18878,0],[18367,0],]]
[18624,4,22,[[18623,0],[18625,0],[18880,0],[18368,0],]]
[18625,10,22,[[18626,0],[18624,0],[18881,0],[18880,0],[18369,0],]]
[18626,15,22,[[18625,0],[18627,0],[18882,0],[18370,0],]]
[18627,17,22,[[18628,0],[18626,0],[18883,0],[18882,0],[18371,0],]]
[18628,19,22,[[18627,0],[18629,0],[18884,0],[18372,0],]]
[18629,18,22,[[18630,0],[18628,0],[18885,0],[18884,0],[18373,0],]]
[18630,15,22,[[18629,0],[18631,0],[18886,0],[18374,0],]]
[18631,18,22,[[18632,0],[18630,0],[18887,0],[18886,0],[18375,0],]]
[18632,1,22,[[18631,0],[18633,0],[18888,0],[18376,0],]]
[18633,7,22,[[18634,0],[18632,0],[18889,0],[18888,0],[18377,0],]]
[18634,17,22,[[18633,0],[18635,0],[18890,0],[18378,0],]]
[18635,10,22,[[18636,0],[18634,0],[18891,0],[18890,0],[18379,0],]]
[18636,4,22,[[18635,0],[18637,0],[18892,0],[18380,0],]]
[18637,7,22,[[18638,0],[18636,0],[18893,0],[18892,0],[18381,0],]]
[18638,1,22,[[18637,0],[18639,0],[18894,0],[18382,0],]]
[18639,1,22,[[18640,0],[18638,0],[18895,0],[18894,0],[18383,0],]]
[18640,5,22,[[18639,0],[18641,0],[18896,0],[18384,0],]]
[18641,7,22,[[18642,0],[18640,0],[18897,0],[18896,0],[18385,0],]]
[18642,2,22,[[18641,0],[18643,0],[18898,0],[18386,0],]]
[18643,18,22,[[18644,0],[18642,0],[18899,0],[18898,0],[18387,0],]]
[18644,10,22,[[18643,0],[18645,0],[18900,0],[18388,0],]]
[18645,2,22,[[18646,0],[18644,0],[18901,0],[18900,0],[18389,0],]]
[18646,5,22,[[18645,0],[18647,0],[18902,0],[18390,0],]]
[18647,14,22,[[18648,0],[18646,0],[18903,0],[18902,0],[18391,0],]]
[18648,16,22,[[18647,0],[18649,0],[18904,0],[18392,0],]]
[18649,8,22,[[18650,0],[18648,0],[18905,0],[18904,0],[18393,0],]]
[18650,15,22,[[18649,0],[18651,0],[18906,0],[18394,0],]]
[18651,15,22,[[18652,0],[18650,0],[18907,0],[18906,0],[18395,0],]]
[18652,9,22,[[18651,0],[18653,0],[18908,0],[18396,0],]]
[18653,18,22,[[18654,0],[18652,0],[18909,0],[18908,0],[18397,0],]]
[18654,17,22,[[18653,0],[18655,0],[18910,0],[18398,0],]]
[18655,6,22,[[18656,0],[18654,0],[18911,0],[18910,0],[18399,0],]]
[18656,19,23,[[18655,0],[18657,0],[18912,0],[18400,0],]]
[18657,18,23,[[18658,0],[18656,0],[18913,0],[18912,0],[18401,0],]]
[18658,7,23,[[18657,0],[18659,0],[18914,0],[18402,0],]]
[18659,14,23,[[18660,0],[18658,0],[18915,0],[18914,0],[18403,0],]]
[18660,8,23,[[18659,0],[18661,0],[18916,0],[18404,0],]]
[18661,7,23,[[18662,0],[18660,0],[18917,0],[18916,0],[18405,0],]]
[18662,19,23,[[18661,0],[18663,0],[18918,0],[18406,0],]]
[18663,15,23,[[18664,0],[18662,0],[18919,0],[18918,0],[18407,0],]]
[18664,3,23,[[18663,0],[18665,0],[18920,0],[18408,0],]]
[18665,4,23,[[18666,0],[18664,0],[18921,0],[18920,0],[18409,0],]]
[18666,10,23,[[18665,0],[18667,0],[18922,0],[18410,0],]]
[18667,8,23,[[18668,0],[18666,0],[18923,0],[18922,0],[18411,0],]]
[18668,11,23,[[18667,0],[18669,0],[18924,0],[18412,0],]]
[18669,8,23,[[18670,0],[18668,0],[18925,0],[18924,0],[18413,0],]]
[18670,18,23,[[18669,0],[18671,0],[18926,0],[18414,0],]]
[18671,10,23,[[18672,0],[18670,0],[18927,0],[18926,0],[18415,0],]]
[18672,17,23,[[18671,0],[18673,0],[18928,0],[18416,0],]]
[18673,6,23,[[18674,0],[18672,0],[18929,0],[18928,0],[18417,0],]]
[18674,17,23,[[18673,0],[18675,0],[18930,0],[18418,0],]]
[18675,17,23,[[18676,0],[18674,0],[18931,0],[18930,0],[18419,0],]]
[18676,11,23,[[18675,0],[18677,0],[18932,0],[18420,0],]]
[18677,5,23,[[18678,0],[18676,0],[18933,0],[18932,0],[18421,0],]]
[18678,3,23,[[18677,0],[18679,0],[18934,0],[18422,0],]]
[18679,1,23,[[18680,0],[18678,0],[18935,0],[18934,0],[18423,0],]]
[18680,2,23,[[18679,0],[18681,0],[18936,0],[18424,0],]]
[18681,17,23,[[18682,0],[18680,0],[18937,0],[18936,0],[18425,0],]]
[18682,10,23,[[18681,0],[18683,0],[18938,0],[18426,0],]]
[18683,13,23,[[18684,0],[18682,0],[18939,0],[18938,0],[18427,0],]]
[18684,10,23,[[18683,0],[18685,0],[18940,0],[18428,0],]]
[18685,15,23,[[18686,0],[18684,0],[18941,0],[18940,0],[18429,0],]]
[18686,19,23,[[18685,0],[18687,0],[18942,0],[18430,0],]]
[18687,8,23,[[18686,0],[18943,0],[18942,0],[18431,0],]]
[18688,10,16,[[18689,0],[18432,0],[18433,0],[18944,0],]]
[18689,14,16,[[18690,0],[18688,0],[18433,0],[18945,0],]]
[18690,13,16,[[18689,0],[18691,0],[18434,0],[18435,0],[18946,0],]]
[18691,5,16,[[18692,0],[18690,0],[18435,0],[18947,0],]]
[18692,11,16,[[18691,0],[18693,0],[18436,0],[18437,0],[18948,0],]]
[18693,1,16,[[18694,0],[18692,0],[18437,0],[18949,0],]]
[18694,11,16,[[18693,0],[18695,0],[18438,0],[18439,0],[18950,0],]]
[18695,8,16,[[18696,0],[18694,0],[18439,0],[18951,0],]]
[18696,9,16,[[18695,0],[18697,0],[18440,0],[18441,0],[18952,0],]]
[18697,13,16,[[18698,0],[18696,0],[18441,0],[18953,0],]]
[18698,6,16,[[18697,0],[18699,0],[18442,0],[18443,0],[18954,0],]]
[18699,11,16,[[18700,0],[18698,0],[18443,0],[18955,0],]]
[18700,3,16,[[18699,0],[18701,0],[18444,0],[18445,0],[18956,0],]]
[18701,15,16,[[18702,0],[18700,0],[18445,0],[18957,0],]]
[18702,2,16,[[18701,0],[18703,0],[18446,0],[18447,0],[18958,0],]]
[18703,15,16,[[18704,0],[18702,0],[18447,0],[18959,0],]]
[18704,1,16,[[18703,0],[18705,0],[18448,0],[18449,0],[18960,0],]]
[18705,19,16,[[18706,0],[18704,0],[18449,0],[18961,0],]]
[18706,6,16,[[18705,0],[18707,0],[18450,0],[18451,0],[18962,0],]]
[18707,4,16,[[18708,0],[18706,0],[18451,0],[18963,0],]]
[18708,17,16,[[18707,0],[18709,0],[18452,0],[18453,0],[18964,0],]]
[18709,12,16,[[18710,0],[18708,0],[18453,0],[18965,0],]]
[18710,6,16,[[18709,0],[18711,0],[18454,0],[18455,0],[18966,0],]]
[18711,7,16,[[18712,0],[18710,0],[18455,0],[18967,0],]]
[18712,14,16,[[18711,0],[18713,0],[18456,0],[18457,0],[18968,0],]]
[18713,14,16,[[18714,0],[18712,0],[18457,0],[18969,0],]]
[18714,11,16,[[18713,0],[18715,0],[18458,0],[18459,0],[18970,0],]]
[18715,19,16,[[18716,0],[18714,0],[18459,0],[18971,0],]]
[18716,12,16,[[18715,0],[18717,0],[18460,0],[18461,0],[18972,0],]]
[18717,8,16,[[18718,0],[18716,0],[18461,0],[18973,0],]]
[18718,12,16,[[18717,0],[18719,0],[18462,0],[18463,0],[18974,0],]]
[18719,13,16,[[18720,0],[18718,0],[18463,0],[18975,0],]]
[18720,7,17,[[18719,0],[18721,0],[18464,0],[18465,0],[18976,0],]]
[18721,6,17,[[18722,0],[18720,0],[18465,0],[18977,0],]]
[18722,10,17,[[18721,0],[18723,0],[18466,0],[18467,0],[18978,0],]]
[18723,16,17,[[18724,0],[18722,0],[18467,0],[18979,0],]]
[18724,9,17,[[18723,0],[18725,0],[18468,0],[18469,0],[18980,0],]]
[18725,12,17,[[18726,0],[18724,0],[18469,0],[18981,0],]]
[18726,2,17,[[18725,0],[18727,0],[18470,0],[18471,0],[18982,0],]]
[18727,15,17,[[18728,0],[18726,0],[18471,0],[18983,0],]]
[18728,14,17,[[18727,0],[18729,0],[18472,0],[18473,0],[18984,0],]]
[18729,4,17,[[18730,0],[18728,0],[18473,0],[18985,0],]]
[18730,6,17,[[18729,0],[18731,0],[18474,0],[18475,0],[18986,0],]]
[18731,5,17,[[18732,0],[18730,0],[18475,0],[18987,0],]]
[18732,12,17,[[18731,0],[18733,0],[18476,0],[18477,0],[18988,0],]]
[18733,5,17,[[18734,0],[18732,0],[18477,0],[18989,0],]]
[18734,1,17,[[18733,0],[18735,0],[18478,0],[18479,0],[18990,0],]]
[18735,18,17,[[18736,0],[18734,0],[18479,0],[18991,0],]]
[18736,9,17,[[18735,0],[18737,0],[18480,0],[18481,0],[18992,0],]]
[18737,18,17,[[18738,0],[18736,0],[18481,0],[18993,0],]]
[18738,6,17,[[18737,0],[18739,0],[18482,0],[18483,0],[18994,0],]]
[18739,15,17,[[18740,0],[18738,0],[18483,0],[18995,0],]]
[18740,16,17,[[18739,0],[18741,0],[18484,0],[18485,0],[18996,0],]]
[18741,6,17,[[18742,0],[18740,0],[18485,0],[18997,0],]]
[18742,13,17,[[18741,0],[18743,0],[18486,0],[18487,0],[18998,0],]]
[18743,8,17,[[18744,0],[18742,0],[18487,0],[18999,0],]]
[18744,3,17,[[18743,0],[18745,0],[18488,0],[18489,0],[19000,0],]]
[18745,1,17,[[18746,0],[18744,0],[18489,0],[19001,0],]]
[18746,5,17,[[18745,0],[18747,0],[18490,0],[18491,0],[19002,0],]]
[18747,5,17,[[18748,0],[18746,0],[18491,0],[19003,0],]]
[18748,17,17,[[18747,0],[18749,0],[18492,0],[18493,0],[19004,0],]]
[18749,5,17,[[18750,0],[18748,0],[18493,0],[19005,0],]]
[18750,19,17,[[18749,0],[18751,0],[18494,0],[18495,0],[19006,0],]]
[18751,15,17,[[18752,0],[18750,0],[18495,0],[19007,0],]]
[18752,14,18,[[18751,0],[18753,0],[18496,0],[18497,0],[19008,0],]]
[18753,11,18,[[18754,0],[18752,0],[18497,0],[19009,0],]]
[18754,14,18,[[18753,0],[18755,0],[18498,0],[18499,0],[19010,0],]]
[18755,16,18,[[18756,0],[18754,0],[18499,0],[19011,0],]]
[18756,4,18,[[18755,0],[18757,0],[18500,0],[18501,0],[19012,0],]]
[18757,16,18,[[18758,0],[18756,0],[18501,0],[19013,0],]]
[18758,2,18,[[18757,0],[18759,0],[18502,0],[18503,0],[19014,0],]]
[18759,18,18,[[18760,0],[18758,0],[18503,0],[19015,0],]]
[18760,8,18,[[18759,0],[18761,0],[18504,0],[18505,0],[19016,0],]]
[18761,6,18,[[18762,0],[18760,0],[18505,0],[19017,0],]]
[18762,13,18,[[18761,0],[18763,0],[18506,0],[18507,0],[19018,0],]]
[18763,18,18,[[18764,0],[18762,0],[18507,0],[19019,0],]]
[18764,15,18,[[18763,0],[18765,0],[18508,0],[18509,0],[19020,0],]]
[18765,3,18,[[18766,0],[18764,0],[18509,0],[19021,0],]]
[18766,11,18,[[18765,0],[18767,0],[18510,0],[18511,0],[19022,0],]]
[18767,11,18,[[18768,0],[18766,0],[18511,0],[19023,0],]]
[18768,16,18,[[18767,0],[18769,0],[18512,0],[18513,0],[19024,0],]]
[18769,12,18,[[18770,0],[18768,0],[18513,0],[19025,0],]]
[18770,6,18,[[18769,0],[18771,0],[18514,0],[18515,0],[19026,0],]]
[18771,2,18,[[18772,0],[18770,0],[18515,0],[19027,0],]]
[18772,4,18,[[18771,0],[18773,0],[18516,0],[18517,0],[19028,0],]]
[18773,1,18,[[18774,0],[18772,0],[18517,0],[19029,0],]]
[18774,17,18,[[18773,0],[18775,0],[18518,0],[18519,0],[19030,0],]]
[18775,16,18,[[18776,0],[18774,0],[18519,0],[19031,0],]]
[18776,1,18,[[18775,0],[18777,0],[18520,0],[18521,0],[19032,0],]]
[18777,6,18,[[18778,0],[18776,0],[18521,0],[19033,0],]]
[18778,16,18,[[18777,0],[18779,0],[18522,0],[18523,0],[19034,0],]]
[18779,5,18,[[18780,0],[18778,0],[18523,0],[19035,0],]]
[18780,8,18,[[18779,0],[18781,0],[18524,0],[18525,0],[19036,0],]]
[18781,7,18,[[18782,0],[18780,0],[18525,0],[19037,0],]]
[18782,16,18,[[18781,0],[18783,0],[18526,0],[18527,0],[19038,0],]]
[18783,16,18,[[18784,0],[18782,0],[18527,0],[19039,0],]]
[18784,1,19,[[18783,0],[18785,0],[18528,0],[18529,0],[19040,0],]]
[18785,5,19,[[18786,0],[18784,0],[18529,0],[19041,0],]]
[18786,18,19,[[18785,0],[18787,0],[18530,0],[18531,0],[19042,0],]]
[18787,13,19,[[18788,0],[18786,0],[18531,0],[19043,0],]]
[18788,17,19,[[18787,0],[18789,0],[18532,0],[18533,0],[19044,0],]]
[18789,2,19,[[18790,0],[18788,0],[18533,0],[19045,0],]]
[18790,2,19,[[18789,0],[18791,0],[18534,0],[18535,0],[19046,0],]]
[18791,15,19,[[18792,0],[18790,0],[18535,0],[19047,0],]]
[18792,10,19,[[18791,0],[18793,0],[18536,0],[18537,0],[19048,0],]]
[18793,18,19,[[18794,0],[18792,0],[18537,0],[19049,0],]]
[18794,16,19,[[18793,0],[18795,0],[18538,0],[18539,0],[19050,0],]]
[18795,4,19,[[18796,0],[18794,0],[18539,0],[19051,0],]]
[18796,15,19,[[18795,0],[18797,0],[18540,0],[18541,0],[19052,0],]]
[18797,15,19,[[18798,0],[18796,0],[18541,0],[19053,0],]]
[18798,13,19,[[18797,0],[18799,0],[18542,0],[18543,0],[19054,0],]]
[18799,8,19,[[18800,0],[18798,0],[18543,0],[19055,0],]]
[18800,8,19,[[18799,0],[18801,0],[18544,0],[18545,0],[19056,0],]]
[18801,5,19,[[18802,0],[18800,0],[18545,0],[19057,0],]]
[18802,1,19,[[18801,0],[18803,0],[18546,0],[18547,0],[19058,0],]]
[18803,8,19,[[18804,0],[18802,0],[18547,0],[19059,0],]]
[18804,3,19,[[18803,0],[18805,0],[18548,0],[18549,0],[19060,0],]]
[18805,3,19,[[18806,0],[18804,0],[18549,0],[19061,0],]]
[18806,5,19,[[18805,0],[18807,0],[18550,0],[18551,0],[19062,0],]]
[18807,9,19,[[18808,0],[18806,0],[18551,0],[19063,0],]]
[18808,13,19,[[18807,0],[18809,0],[18552,0],[18553,0],[19064,0],]]
[18809,17,19,[[18810,0],[18808,0],[18553,0],[19065,0],]]
[18810,8,19,[[18809,0],[18811,0],[18554,0],[18555,0],[19066,0],]]
[18811,16,19,[[18812,0],[18810,0],[18555,0],[19067,0],]]
[18812,17,19,[[18811,0],[18813,0],[18556,0],[18557,0],[19068,0],]]
[18813,5,19,[[18814,0],[18812,0],[18557,0],[19069,0],]]
[18814,11,19,[[18813,0],[18815,0],[18558,0],[18559,0],[19070,0],]]
[18815,13,19,[[18816,0],[18814,0],[18559,0],[19071,0],]]
[18816,12,20,[[18815,0],[18817,0],[18560,0],[18561,0],[19072,0],]]
[18817,5,20,[[18818,0],[18816,0],[18561,0],[19073,0],]]
[18818,3,20,[[18817,0],[18819,0],[18562,0],[18563,0],[19074,0],]]
[18819,16,20,[[18820,0],[18818,0],[18563,0],[19075,0],]]
[18820,18,20,[[18819,0],[18821,0],[18564,0],[18565,0],[19076,0],]]
[18821,8,20,[[18822,0],[18820,0],[18565,0],[19077,0],]]
[18822,12,20,[[18821,0],[18823,0],[18566,0],[18567,0],[19078,0],]]
[18823,18,20,[[18824,0],[18822,0],[18567,0],[19079,0],]]
[18824,18,20,[[18823,0],[18825,0],[18568,0],[18569,0],[19080,0],]]
[18825,6,20,[[18826,0],[18824,0],[18569,0],[19081,0],]]
[18826,7,20,[[18825,0],[18827,0],[18570,0],[18571,0],[19082,0],]]
[18827,4,20,[[18828,0],[18826,0],[18571,0],[19083,0],]]
[18828,6,20,[[18827,0],[18829,0],[18572,0],[18573,0],[19084,0],]]
[18829,12,20,[[18830,0],[18828,0],[18573,0],[19085,0],]]
[18830,18,20,[[18829,0],[18831,0],[18574,0],[18575,0],[19086,0],]]
[18831,15,20,[[18832,0],[18830,0],[18575,0],[19087,0],]]
[18832,13,20,[[18831,0],[18833,0],[18576,0],[18577,0],[19088,0],]]
[18833,16,20,[[18834,0],[18832,0],[18577,0],[19089,0],]]
[18834,13,20,[[18833,0],[18835,0],[18578,0],[18579,0],[19090,0],]]
[18835,11,20,[[18836,0],[18834,0],[18579,0],[19091,0],]]
[18836,5,20,[[18835,0],[18837,0],[18580,0],[18581,0],[19092,0],]]
[18837,19,20,[[18838,0],[18836,0],[18581,0],[19093,0],]]
[18838,15,20,[[18837,0],[18839,0],[18582,0],[18583,0],[19094,0],]]
[18839,3,20,[[18840,0],[18838,0],[18583,0],[19095,0],]]
[18840,4,20,[[18839,0],[18841,0],[18584,0],[18585,0],[19096,0],]]
[18841,17,20,[[18842,0],[18840,0],[18585,0],[19097,0],]]
[18842,9,20,[[18841,0],[18843,0],[18586,0],[18587,0],[19098,0],]]
[18843,17,20,[[18844,0],[18842,0],[18587,0],[19099,0],]]
[18844,3,20,[[18843,0],[18845,0],[18588,0],[18589,0],[19100,0],]]
[18845,17,20,[[18846,0],[18844,0],[18589,0],[19101,0],]]
[18846,17,20,[[18845,0],[18847,0],[18590,0],[18591,0],[19102,0],]]
[18847,18,20,[[18848,0],[18846,0],[18591,0],[19103,0],]]
[18848,6,21,[[18847,0],[18849,0],[18592,0],[18593,0],[19104,0],]]
[18849,5,21,[[18850,0],[18848,0],[18593,0],[19105,0],]]
[18850,10,21,[[18849,0],[18851,0],[18594,0],[18595,0],[19106,0],]]
[18851,13,21,[[18852,0],[18850,0],[18595,0],[19107,0],]]
[18852,3,21,[[18851,0],[18853,0],[18596,0],[18597,0],[19108,0],]]
[18853,8,21,[[18854,0],[18852,0],[18597,0],[19109,0],]]
[18854,16,21,[[18853,0],[18855,0],[18598,0],[18599,0],[19110,0],]]
[18855,5,21,[[18856,0],[18854,0],[18599,0],[19111,0],]]
[18856,1,21,[[18855,0],[18857,0],[18600,0],[18601,0],[19112,0],]]
[18857,3,21,[[18858,0],[18856,0],[18601,0],[19113,0],]]
[18858,11,21,[[18857,0],[18859,0],[18602,0],[18603,0],[19114,0],]]
[18859,2,21,[[18860,0],[18858,0],[18603,0],[19115,0],]]
[18860,16,21,[[18859,0],[18861,0],[18604,0],[18605,0],[19116,0],]]
[18861,6,21,[[18862,0],[18860,0],[18605,0],[19117,0],]]
[18862,8,21,[[18861,0],[18863,0],[18606,0],[18607,0],[19118,0],]]
[18863,5,21,[[18864,0],[18862,0],[18607,0],[19119,0],]]
[18864,18,21,[[18863,0],[18865,0],[18608,0],[18609,0],[19120,0],]]
[18865,11,21,[[18866,0],[18864,0],[18609,0],[19121,0],]]
[18866,4,21,[[18865,0],[18867,0],[18610,0],[18611,0],[19122,0],]]
[18867,5,21,[[18868,0],[18866,0],[18611,0],[19123,0],]]
[18868,2,21,[[18867,0],[18869,0],[18612,0],[18613,0],[19124,0],]]
[18869,11,21,[[18870,0],[18868,0],[18613,0],[19125,0],]]
[18870,3,21,[[18869,0],[18871,0],[18614,0],[18615,0],[19126,0],]]
[18871,11,21,[[18872,0],[18870,0],[18615,0],[19127,0],]]
[18872,15,21,[[18871,0],[18873,0],[18616,0],[18617,0],[19128,0],]]
[18873,19,21,[[18874,0],[18872,0],[18617,0],[19129,0],]]
[18874,8,21,[[18873,0],[18875,0],[18618,0],[18619,0],[19130,0],]]
[18875,9,21,[[18876,0],[18874,0],[18619,0],[19131,0],]]
[18876,2,21,[[18875,0],[18877,0],[18620,0],[18621,0],[19132,0],]]
[18877,9,21,[[18878,0],[18876,0],[18621,0],[19133,0],]]
[18878,2,21,[[18877,0],[18879,0],[18622,0],[18623,0],[19134,0],]]
[18879,15,21,[[18880,0],[18878,0],[18623,0],[19135,0],]]
[18880,15,22,[[18879,0],[18881,0],[18624,0],[18625,0],[19136,0],]]
[18881,8,22,[[18882,0],[18880,0],[18625,0],[19137,0],]]
[18882,3,22,[[18881,0],[18883,0],[18626,0],[18627,0],[19138,0],]]
[18883,8,22,[[18884,0],[18882,0],[18627,0],[19139,0],]]
[18884,2,22,[[18883,0],[18885,0],[18628,0],[18629,0],[19140,0],]]
[18885,16,22,[[18886,0],[18884,0],[18629,0],[19141,0],]]
[18886,10,22,[[18885,0],[18887,0],[18630,0],[18631,0],[19142,0],]]
[18887,16,22,[[18888,0],[18886,0],[18631,0],[19143,0],]]
[18888,13,22,[[18887,0],[18889,0],[18632,0],[18633,0],[19144,0],]]
[18889,1,22,[[18890,0],[18888,0],[18633,0],[19145,0],]]
[18890,5,22,[[18889,0],[18891,0],[18634,0],[18635,0],[19146,0],]]
[18891,3,22,[[18892,0],[18890,0],[18635,0],[19147,0],]]
[18892,8,22,[[18891,0],[18893,0],[18636,0],[18637,0],[19148,0],]]
[18893,13,22,[[18894,0],[18892,0],[18637,0],[19149,0],]]
[18894,9,22,[[18893,0],[18895,0],[18638,0],[18639,0],[19150,0],]]
[18895,11,22,[[18896,0],[18894,0],[18639,0],[19151,0],]]
[18896,6,22,[[18895,0],[18897,0],[18640,0],[18641,0],[19152,0],]]
[18897,12,22,[[18898,0],[18896,0],[18641,0],[19153,0],]]
[18898,4,22,[[18897,0],[18899,0],[18642,0],[18643,0],[19154,0],]]
[18899,4,22,[[18900,0],[18898,0],[18643,0],[19155,0],]]
[18900,4,22,[[18899,0],[18901,0],[18644,0],[18645,0],[19156,0],]]
[18901,12,22,[[18902,0],[18900,0],[18645,0],[19157,0],]]
[18902,12,22,[[18901,0],[18903,0],[18646,0],[18647,0],[19158,0],]]
[18903,1,22,[[18904,0],[18902,0],[18647,0],[19159,0],]]
[18904,11,22,[[18903,0],[18905,0],[18648,0],[18649,0],[19160,0],]]
[18905,16,22,[[18906,0],[18904,0],[18649,0],[19161,0],]]
[18906,7,22,[[18905,0],[18907,0],[18650,0],[18651,0],[19162,0],]]
[18907,2,22,[[18908,0],[18906,0],[18651,0],[19163,0],]]
[18908,9,22,[[18907,0],[18909,0],[18652,0],[18653,0],[19164,0],]]
[18909,15,22,[[18910,0],[18908,0],[18653,0],[19165,0],]]
[18910,12,22,[[18909,0],[18911,0],[18654,0],[18655,0],[19166,0],]]
[18911,8,22,[[18912,0],[18910,0],[18655,0],[19167,0],]]
[18912,17,23,[[18911,0],[18913,0],[18656,0],[18657,0],[19168,0],]]
[18913,3,23,[[18914,0],[18912,0],[18657,0],[19169,0],]]
[18914,16,23,[[18913,0],[18915,0],[18658,0],[18659,0],[19170,0],]]
[18915,18,23,[[18916,0],[18914,0],[18659,0],[19171,0],]]
[18916,19,23,[[18915,0],[18917,0],[18660,0],[18661,0],[19172,0],]]
[18917,5,23,[[18918,0],[18916,0],[18661,0],[19173,0],]]
[18918,16,23,[[18917,0],[18919,0],[18662,0],[18663,0],[19174,0],]]
[18919,10,23,[[18920,0],[18918,0],[18663,0],[19175,0],]]
[18920,15,23,[[18919,0],[18921,0],[18664,0],[18665,0],[19176,0],]]
[18921,2,23,[[18922,0],[18920,0],[18665,0],[19177,0],]]
[18922,16,23,[[18921,0],[18923,0],[18666,0],[18667,0],[19178,0],]]
[18923,9,23,[[18924,0],[18922,0],[18667,0],[19179,0],]]
[18924,4,23,[[18923,0],[18925,0],[18668,0],[18669,0],[19180,0],]]
[18925,1,23,[[18926,0],[18924,0],[18669,0],[19181,0],]]
[18926,17,23,[[18925,0],[18927,0],[18670,0],[18671,0],[19182,0],]]
[18927,9,23,[[18928,0],[18926,0],[18671,0],[19183,0],]]
[18928,4,23,[[18927,0],[18929,0],[18672,0],[18673,0],[19184,0],]]
[18929,14,23,[[18930,0],[18928,0],[18673,0],[19185,0],]]
[18930,18,23,[[18929,0],[18931,0],[18674,0],[18675,0],[19186,0],]]
[18931,3,23,[[18932,0],[18930,0],[18675,0],[19187,0],]]
[18932,1,23,[[18931,0],[18933,0],[18676,0],[18677,0],[19188,0],]]
[18933,7,23,[[18934,0],[18932,0],[18677,0],[19189,0],]]
[18934,14,23,[[18933,0],[18935,0],[18678,0],[18679,0],[19190,0],]]
[18935,17,23,[[18936,0],[18934,0],[18679,0],[19191,0],]]
[18936,11,23,[[18935,0],[18937,0],[18680,0],[18681,0],[19192,0],]]
[18937,18,23,[[18938,0],[18936,0],[18681,0],[19193,0],]]
[18938,16,23,[[18937,0],[18939,0],[18682,0],[18683,0],[19194,0],]]
[18939,6,23,[[18940,0],[18938,0],[18683,0],[19195,0],]]
[18940,2,23,[[18939,0],[18941,0],[18684,0],[18685,0],[19196,0],]]
[18941,13,23,[[18942,0],[18940,0],[18685,0],[19197,0],]]
[18942,10,23,[[18941,0],[18943,0],[18686,0],[18687,0],[19198,0],]]
[18943,19,23,[[18942,0],[18687,0],[19199,0],]]
[18944,16,16,[[18945,0],[19200,0],[18688,0],]]
[18945,15,16,[[18946,0],[18944,0],[19201,0],[19200,0],[18689,0],]]
[18946,3,16,[[18945,0],[18947,0],[19202,0],[18690,0],]]
[18947,9,16,[[18948,0],[18946,0],[19203,0],[19202,0],[18691,0],]]
[18948,6,16,[[18947,0],[18949,0],[19204,0],[18692,0],]]
[18949,18,16,[[18950,0],[18948,0],[19205,0],[19204,0],[18693,0],]]
[18950,10,16,[[18949,0],[18951,0],[19206,0],[18694,0],]]
[18951,15,16,[[18952,0],[18950,0],[19207,0],[19206,0],[18695,0],]]
[18952,16,16,[[18951,0],[18953,0],[19208,0],[18696,0],]]
[18953,13,16,[[18954,0],[18952,0],[19209,0],[19208,0],[18697,0],]]
[18954,4,16,[[18953,0],[18955,0],[19210,0],[18698,0],]]
[18955,8,16,[[18956,0],[18954,0],[19211,0],[19210,0],[18699,0],]]
[18956,15,16,[[18955,0],[18957,0],[19212,0],[18700,0],]]
[18957,2,16,[[18958,0],[18956,0],[19213,0],[19212,0],[18701,0],]]
[18958,14,16,[[18957,0],[18959,0],[19214,0],[18702,0],]]
[18959,11,16,[[18960,0],[18958,0],[19215,0],[19214,0],[18703,0],]]
[18960,19,16,[[18959,0],[18961,0],[19216,0],[18704,0],]]
[18961,12,16,[[18962,0],[18960,0],[19217,0],[19216,0],[18705,0],]]
[18962,7,16,[[18961,0],[18963,0],[19218,0],[18706,0],]]
[18963,9,16,[[18964,0],[18962,0],[19219,0],[19218,0],[18707,0],]]
[18964,13,16,[[18963,0],[18965,0],[19220,0],[18708,0],]]
[18965,2,16,[[18966,0],[18964,0],[19221,0],[19220,0],[18709,0],]]
[18966,9,16,[[18965,0],[18967,0],[19222,0],[18710,0],]]
[18967,2,16,[[18968,0],[18966,0],[19223,0],[19222,0],[18711,0],]]
[18968,11,16,[[18967,0],[18969,0],[19224,0],[18712,0],]]
[18969,7,16,[[18970,0],[18968,0],[19225,0],[19224,0],[18713,0],]]
[18970,15,16,[[18969,0],[18971,0],[19226,0],[18714,0],]]
[18971,8,16,[[18972,0],[18970,0],[19227,0],[19226,0],[18715,0],]]
[18972,3,16,[[18971,0],[18973,0],[19228,0],[18716,0],]]
[18973,9,16,[[18974,0],[18972,0],[19229,0],[19228,0],[18717,0],]]
[18974,11,16,[[18973,0],[18975,0],[19230,0],[18718,0],]]
[18975,9,16,[[18976,0],[18974,0],[19231,0],[19230,0],[18719,0],]]
[18976,14,17,[[18975,0],[18977,0],[19232,0],[18720,0],]]
[18977,11,17,[[18978,0],[18976,0],[19233,0],[19232,0],[18721,0],]]
[18978,7,17,[[18977,0],[18979,0],[19234,0],[18722,0],]]
[18979,10,17,[[18980,0],[18978,0],[19235,0],[19234,0],[18723,0],]]
[18980,10,17,[[18979,0],[18981,0],[19236,0],[18724,0],]]
[18981,8,17,[[18982,0],[18980,0],[19237,0],[19236,0],[18725,0],]]
[18982,10,17,[[18981,0],[18983,0],[19238,0],[18726,0],]]
[18983,12,17,[[18984,0],[18982,0],[19239,0],[19238,0],[18727,0],]]
[18984,5,17,[[18983,0],[18985,0],[19240,0],[18728,0],]]
[18985,16,17,[[18986,0],[18984,0],[19241,0],[19240,0],[18729,0],]]
[18986,11,17,[[18985,0],[18987,0],[19242,0],[18730,0],]]
[18987,4,17,[[18988,0],[18986,0],[19243,0],[19242,0],[18731,0],]]
[18988,13,17,[[18987,0],[18989,0],[19244,0],[18732,0],]]
[18989,16,17,[[18990,0],[18988,0],[19245,0],[19244,0],[18733,0],]]
[18990,9,17,[[18989,0],[18991,0],[19246,0],[18734,0],]]
[18991,1,17,[[18992,0],[18990,0],[19247,0],[19246,0],[18735,0],]]
[18992,1,17,[[18991,0],[18993,0],[19248,0],[18736,0],]]
[18993,11,17,[[18994,0],[18992,0],[19249,0],[19248,0],[18737,0],]]
[18994,2,17,[[18993,0],[18995,0],[19250,0],[18738,0],]]
[18995,10,17,[[18996,0],[18994,0],[19251,0],[19250,0],[18739,0],]]
[18996,9,17,[[18995,0],[18997,0],[19252,0],[18740,0],]]
[18997,14,17,[[18998,0],[18996,0],[19253,0],[19252,0],[18741,0],]]
[18998,10,17,[[18997,0],[18999,0],[19254,0],[18742,0],]]
[18999,4,17,[[19000,0],[18998,0],[19255,0],[19254,0],[18743,0],]]
[19000,8,17,[[18999,0],[19001,0],[19256,0],[18744,0],]]
[19001,5,17,[[19002,0],[19000,0],[19257,0],[19256,0],[18745,0],]]
[19002,1,17,[[19001,0],[19003,0],[19258,0],[18746,0],]]
[19003,18,17,[[19004,0],[19002,0],[19259,0],[19258,0],[18747,0],]]
[19004,2,17,[[19003,0],[19005,0],[19260,0],[18748,0],]]
