[14417,13,10,[[14418,0],[14416,0],[14673,0],[14672,0],[14161,0],]]
[14418,13,10,[[14417,0],[14419,0],[14674,0],[14162,0],]]
[14419,9,10,[[14420,0],[14418,0],[14675,0],[14674,0],[14163,0],]]
[14420,9,10,[[14419,0],[14421,0],[14676,0],[14164,0],]]
[14421,3,10,[[14422,0],[14420,0],[14677,0],[14676,0],[14165,0],]]
[14422,2,10,[[14421,0],[14423,0],[14678,0],[14166,0],]]
[14423,19,10,[[14424,0],[14422,0],[14679,0],[14678,0],[14167,0],]]
[14424,4,10,[[14423,0],[14425,0],[14680,0],[14168,0],]]
[14425,19,10,[[14426,0],[14424,0],[14681,0],[14680,0],[14169,0],]]
[14426,4,10,[[14425,0],[14427,0],[14682,0],[14170,0],]]
[14427,14,10,[[14428,0],[14426,0],[14683,0],[14682,0],[14171,0],]]
[14428,3,10,[[14427,0],[14429,0],[14684,0],[14172,0],]]
[14429,3,10,[[14430,0],[14428,0],[14685,0],[14684,0],[14173,0],]]
[14430,2,10,[[14429,0],[14431,0],[14686,0],[14174,0],]]
[14431,5,10,[[14432,0],[14430,0],[14687,0],[14686,0],[14175,0],]]
[14432,3,11,[[14431,0],[14433,0],[14688,0],[14176,0],]]
[14433,1,11,[[14434,0],[14432,0],[14689,0],[14688,0],[14177,0],]]
[14434,14,11,[[14433,0],[14435,0],[14690,0],[14178,0],]]
[14435,11,11,[[14436,0],[14434,0],[14691,0],[14690,0],[14179,0],]]
[14436,17,11,[[14435,0],[14437,0],[14692,0],[14180,0],]]
[14437,2,11,[[14438,0],[14436,0],[14693,0],[14692,0],[14181,0],]]
[14438,7,11,[[14437,0],[14439,0],[14694,0],[14182,0],]]
[14439,16,11,[[14440,0],[14438,0],[14695,0],[14694,0],[14183,0],]]
[14440,4,11,[[14439,0],[14441,0],[14696,0],[14184,0],]]
[14441,12,11,[[14442,0],[14440,0],[14697,0],[14696,0],[14185,0],]]
[14442,9,11,[[14441,0],[14443,0],[14698,0],[14186,0],]]
[14443,9,11,[[14444,0],[14442,0],[14699,0],[14698,0],[14187,0],]]
[14444,2,11,[[14443,0],[14445,0],[14700,0],[14188,0],]]
[14445,1,11,[[14446,0],[14444,0],[14701,0],[14700,0],[14189,0],]]
[14446,11,11,[[14445,0],[14447,0],[14702,0],[14190,0],]]
[14447,9,11,[[14448,0],[14446,0],[14703,0],[14702,0],[14191,0],]]
[14448,14,11,[[14447,0],[14449,0],[14704,0],[14192,0],]]
[14449,13,11,[[14450,0],[14448,0],[14705,0],[14704,0],[14193,0],]]
[14450,9,11,[[14449,0],[14451,0],[14706,0],[14194,0],]]
[14451,3,11,[[14452,0],[14450,0],[14707,0],[14706,0],[14195,0],]]
[14452,13,11,[[14451,0],[14453,0],[14708,0],[14196,0],]]
[14453,17,11,[[14454,0],[14452,0],[14709,0],[14708,0],[14197,0],]]
[14454,13,11,[[14453,0],[14455,0],[14710,0],[14198,0],]]
[14455,11,11,[[14456,0],[14454,0],[14711,0],[14710,0],[14199,0],]]
[14456,19,11,[[14455,0],[14457,0],[14712,0],[14200,0],]]
[14457,11,11,[[14458,0],[14456,0],[14713,0],[14712,0],[14201,0],]]
[14458,17,11,[[14457,0],[14459,0],[14714,0],[14202,0],]]
[14459,9,11,[[14460,0],[14458,0],[14715,0],[14714,0],[14203,0],]]
[14460,17,11,[[14459,0],[14461,0],[14716,0],[14204,0],]]
[14461,17,11,[[14462,0],[14460,0],[14717,0],[14716,0],[14205,0],]]
[14462,11,11,[[14461,0],[14463,0],[14718,0],[14206,0],]]
[14463,4,11,[[14464,0],[14462,0],[14719,0],[14718,0],[14207,0],]]
[14464,12,12,[[14463,0],[14465,0],[14720,0],[14208,0],]]
[14465,1,12,[[14466,0],[14464,0],[14721,0],[14720,0],[14209,0],]]
[14466,7,12,[[14465,0],[14467,0],[14722,0],[14210,0],]]
[14467,1,12,[[14468,0],[14466,0],[14723,0],[14722,0],[14211,0],]]
[14468,15,12,[[14467,0],[14469,0],[14724,0],[14212,0],]]
[14469,8,12,[[14470,0],[14468,0],[14725,0],[14724,0],[14213,0],]]
[14470,3,12,[[14469,0],[14471,0],[14726,0],[14214,0],]]
[14471,5,12,[[14472,0],[14470,0],[14727,0],[14726,0],[14215,0],]]
[14472,9,12,[[14471,0],[14473,0],[14728,0],[14216,0],]]
[14473,18,12,[[14474,0],[14472,0],[14729,0],[14728,0],[14217,0],]]
[14474,5,12,[[14473,0],[14475,0],[14730,0],[14218,0],]]
[14475,13,12,[[14476,0],[14474,0],[14731,0],[14730,0],[14219,0],]]
[14476,7,12,[[14475,0],[14477,0],[14732,0],[14220,0],]]
[14477,16,12,[[14478,0],[14476,0],[14733,0],[14732,0],[14221,0],]]
[14478,11,12,[[14477,0],[14479,0],[14734,0],[14222,0],]]
[14479,3,12,[[14480,0],[14478,0],[14735,0],[14734,0],[14223,0],]]
[14480,10,12,[[14479,0],[14481,0],[14736,0],[14224,0],]]
[14481,2,12,[[14482,0],[14480,0],[14737,0],[14736,0],[14225,0],]]
[14482,10,12,[[14481,0],[14483,0],[14738,0],[14226,0],]]
[14483,12,12,[[14484,0],[14482,0],[14739,0],[14738,0],[14227,0],]]
[14484,6,12,[[14483,0],[14485,0],[14740,0],[14228,0],]]
[14485,8,12,[[14486,0],[14484,0],[14741,0],[14740,0],[14229,0],]]
[14486,13,12,[[14485,0],[14487,0],[14742,0],[14230,0],]]
[14487,16,12,[[14488,0],[14486,0],[14743,0],[14742,0],[14231,0],]]
[14488,12,12,[[14487,0],[14489,0],[14744,0],[14232,0],]]
[14489,4,12,[[14490,0],[14488,0],[14745,0],[14744,0],[14233,0],]]
[14490,7,12,[[14489,0],[14491,0],[14746,0],[14234,0],]]
[14491,1,12,[[14492,0],[14490,0],[14747,0],[14746,0],[14235,0],]]
[14492,3,12,[[14491,0],[14493,0],[14748,0],[14236,0],]]
[14493,8,12,[[14494,0],[14492,0],[14749,0],[14748,0],[14237,0],]]
[14494,8,12,[[14493,0],[14495,0],[14750,0],[14238,0],]]
[14495,12,12,[[14496,0],[14494,0],[14751,0],[14750,0],[14239,0],]]
[14496,2,13,[[14495,0],[14497,0],[14752,0],[14240,0],]]
[14497,17,13,[[14498,0],[14496,0],[14753,0],[14752,0],[14241,0],]]
[14498,11,13,[[14497,0],[14499,0],[14754,0],[14242,0],]]
[14499,5,13,[[14500,0],[14498,0],[14755,0],[14754,0],[14243,0],]]
[14500,15,13,[[14499,0],[14501,0],[14756,0],[14244,0],]]
[14501,16,13,[[14502,0],[14500,0],[14757,0],[14756,0],[14245,0],]]
[14502,8,13,[[14501,0],[14503,0],[14758,0],[14246,0],]]
[14503,13,13,[[14504,0],[14502,0],[14759,0],[14758,0],[14247,0],]]
[14504,7,13,[[14503,0],[14505,0],[14760,0],[14248,0],]]
[14505,18,13,[[14506,0],[14504,0],[14761,0],[14760,0],[14249,0],]]
[14506,1,13,[[14505,0],[14507,0],[14762,0],[14250,0],]]
[14507,8,13,[[14508,0],[14506,0],[14763,0],[14762,0],[14251,0],]]
[14508,8,13,[[14507,0],[14509,0],[14764,0],[14252,0],]]
[14509,12,13,[[14510,0],[14508,0],[14765,0],[14764,0],[14253,0],]]
[14510,13,13,[[14509,0],[14511,0],[14766,0],[14254,0],]]
[14511,8,13,[[14512,0],[14510,0],[14767,0],[14766,0],[14255,0],]]
[14512,3,13,[[14511,0],[14513,0],[14768,0],[14256,0],]]
[14513,12,13,[[14514,0],[14512,0],[14769,0],[14768,0],[14257,0],]]
[14514,2,13,[[14513,0],[14515,0],[14770,0],[14258,0],]]
[14515,5,13,[[14516,0],[14514,0],[14771,0],[14770,0],[14259,0],]]
[14516,13,13,[[14515,0],[14517,0],[14772,0],[14260,0],]]
[14517,19,13,[[14518,0],[14516,0],[14773,0],[14772,0],[14261,0],]]
[14518,5,13,[[14517,0],[14519,0],[14774,0],[14262,0],]]
[14519,3,13,[[14520,0],[14518,0],[14775,0],[14774,0],[14263,0],]]
[14520,15,13,[[14519,0],[14521,0],[14776,0],[14264,0],]]
[14521,19,13,[[14522,0],[14520,0],[14777,0],[14776,0],[14265,0],]]
[14522,9,13,[[14521,0],[14523,0],[14778,0],[14266,0],]]
[14523,2,13,[[14524,0],[14522,0],[14779,0],[14778,0],[14267,0],]]
[14524,5,13,[[14523,0],[14525,0],[14780,0],[14268,0],]]
[14525,14,13,[[14526,0],[14524,0],[14781,0],[14780,0],[14269,0],]]
[14526,19,13,[[14525,0],[14527,0],[14782,0],[14270,0],]]
[14527,15,13,[[14528,0],[14526,0],[14783,0],[14782,0],[14271,0],]]
[14528,8,14,[[14527,0],[14529,0],[14784,0],[14272,0],]]
[14529,16,14,[[14530,0],[14528,0],[14785,0],[14784,0],[14273,0],]]
[14530,10,14,[[14529,0],[14531,0],[14786,0],[14274,0],]]
[14531,16,14,[[14532,0],[14530,0],[14787,0],[14786,0],[14275,0],]]
[14532,15,14,[[14531,0],[14533,0],[14788,0],[14276,0],]]
[14533,14,14,[[14534,0],[14532,0],[14789,0],[14788,0],[14277,0],]]
[14534,19,14,[[14533,0],[14535,0],[14790,0],[14278,0],]]
[14535,13,14,[[14536,0],[14534,0],[14791,0],[14790,0],[14279,0],]]
[14536,17,14,[[14535,0],[14537,0],[14792,0],[14280,0],]]
[14537,9,14,[[14538,0],[14536,0],[14793,0],[14792,0],[14281,0],]]
[14538,10,14,[[14537,0],[14539,0],[14794,0],[14282,0],]]
[14539,2,14,[[14540,0],[14538,0],[14795,0],[14794,0],[14283,0],]]
[14540,9,14,[[14539,0],[14541,0],[14796,0],[14284,0],]]
[14541,17,14,[[14542,0],[14540,0],[14797,0],[14796,0],[14285,0],]]
[14542,8,14,[[14541,0],[14543,0],[14798,0],[14286,0],]]
[14543,1,14,[[14544,0],[14542,0],[14799,0],[14798,0],[14287,0],]]
[14544,17,14,[[14543,0],[14545,0],[14800,0],[14288,0],]]
[14545,6,14,[[14546,0],[14544,0],[14801,0],[14800,0],[14289,0],]]
[14546,8,14,[[14545,0],[14547,0],[14802,0],[14290,0],]]
[14547,8,14,[[14548,0],[14546,0],[14803,0],[14802,0],[14291,0],]]
[14548,2,14,[[14547,0],[14549,0],[14804,0],[14292,0],]]
[14549,5,14,[[14550,0],[14548,0],[14805,0],[14804,0],[14293,0],]]
[14550,18,14,[[14549,0],[14551,0],[14806,0],[14294,0],]]
[14551,9,14,[[14552,0],[14550,0],[14807,0],[14806,0],[14295,0],]]
[14552,10,14,[[14551,0],[14553,0],[14808,0],[14296,0],]]
[14553,18,14,[[14554,0],[14552,0],[14809,0],[14808,0],[14297,0],]]
[14554,16,14,[[14553,0],[14555,0],[14810,0],[14298,0],]]
[14555,12,14,[[14556,0],[14554,0],[14811,0],[14810,0],[14299,0],]]
[14556,18,14,[[14555,0],[14557,0],[14812,0],[14300,0],]]
[14557,1,14,[[14558,0],[14556,0],[14813,0],[14812,0],[14301,0],]]
[14558,11,14,[[14557,0],[14559,0],[14814,0],[14302,0],]]
[14559,16,14,[[14560,0],[14558,0],[14815,0],[14814,0],[14303,0],]]
[14560,1,15,[[14559,0],[14561,0],[14816,0],[14304,0],]]
[14561,17,15,[[14562,0],[14560,0],[14817,0],[14816,0],[14305,0],]]
[14562,3,15,[[14561,0],[14563,0],[14818,0],[14306,0],]]
[14563,9,15,[[14564,0],[14562,0],[14819,0],[14818,0],[14307,0],]]
[14564,16,15,[[14563,0],[14565,0],[14820,0],[14308,0],]]
[14565,10,15,[[14566,0],[14564,0],[14821,0],[14820,0],[14309,0],]]
[14566,3,15,[[14565,0],[14567,0],[14822,0],[14310,0],]]
[14567,6,15,[[14568,0],[14566,0],[14823,0],[14822,0],[14311,0],]]
[14568,18,15,[[14567,0],[14569,0],[14824,0],[14312,0],]]
[14569,18,15,[[14570,0],[14568,0],[14825,0],[14824,0],[14313,0],]]
[14570,10,15,[[14569,0],[14571,0],[14826,0],[14314,0],]]
[14571,16,15,[[14572,0],[14570,0],[14827,0],[14826,0],[14315,0],]]
[14572,8,15,[[14571,0],[14573,0],[14828,0],[14316,0],]]
[14573,5,15,[[14574,0],[14572,0],[14829,0],[14828,0],[14317,0],]]
[14574,12,15,[[14573,0],[14575,0],[14830,0],[14318,0],]]
[14575,11,15,[[14576,0],[14574,0],[14831,0],[14830,0],[14319,0],]]
[14576,2,15,[[14575,0],[14577,0],[14832,0],[14320,0],]]
[14577,2,15,[[14578,0],[14576,0],[14833,0],[14832,0],[14321,0],]]
[14578,5,15,[[14577,0],[14579,0],[14834,0],[14322,0],]]
[14579,11,15,[[14580,0],[14578,0],[14835,0],[14834,0],[14323,0],]]
[14580,15,15,[[14579,0],[14581,0],[14836,0],[14324,0],]]
[14581,3,15,[[14582,0],[14580,0],[14837,0],[14836,0],[14325,0],]]
[14582,7,15,[[14581,0],[14583,0],[14838,0],[14326,0],]]
[14583,10,15,[[14584,0],[14582,0],[14839,0],[14838,0],[14327,0],]]
[14584,7,15,[[14583,0],[14585,0],[14840,0],[14328,0],]]
[14585,1,15,[[14586,0],[14584,0],[14841,0],[14840,0],[14329,0],]]
[14586,9,15,[[14585,0],[14587,0],[14842,0],[14330,0],]]
[14587,12,15,[[14588,0],[14586,0],[14843,0],[14842,0],[14331,0],]]
[14588,8,15,[[14587,0],[14589,0],[14844,0],[14332,0],]]
[14589,13,15,[[14590,0],[14588,0],[14845,0],[14844,0],[14333,0],]]
[14590,9,15,[[14589,0],[14591,0],[14846,0],[14334,0],]]
[14591,6,15,[[14590,0],[14847,0],[14846,0],[14335,0],]]
[14592,7,8,[[14593,0],[14336,0],[14337,0],[14848,0],]]
[14593,9,8,[[14594,0],[14592,0],[14337,0],[14849,0],]]
[14594,11,8,[[14593,0],[14595,0],[14338,0],[14339,0],[14850,0],]]
[14595,16,8,[[14596,0],[14594,0],[14339,0],[14851,0],]]
[14596,1,8,[[14595,0],[14597,0],[14340,0],[14341,0],[14852,0],]]
[14597,12,8,[[14598,0],[14596,0],[14341,0],[14853,0],]]
[14598,12,8,[[14597,0],[14599,0],[14342,0],[14343,0],[14854,0],]]
[14599,6,8,[[14600,0],[14598,0],[14343,0],[14855,0],]]
[14600,13,8,[[14599,0],[14601,0],[14344,0],[14345,0],[14856,0],]]
[14601,18,8,[[14602,0],[14600,0],[14345,0],[14857,0],]]
[14602,2,8,[[14601,0],[14603,0],[14346,0],[14347,0],[14858,0],]]
[14603,6,8,[[14604,0],[14602,0],[14347,0],[14859,0],]]
[14604,15,8,[[14603,0],[14605,0],[14348,0],[14349,0],[14860,0],]]
[14605,11,8,[[14606,0],[14604,0],[14349,0],[14861,0],]]
[14606,3,8,[[14605,0],[14607,0],[14350,0],[14351,0],[14862,0],]]
[14607,1,8,[[14608,0],[14606,0],[14351,0],[14863,0],]]
[14608,3,8,[[14607,0],[14609,0],[14352,0],[14353,0],[14864,0],]]
[14609,11,8,[[14610,0],[14608,0],[14353,0],[14865,0],]]
[14610,1,8,[[14609,0],[14611,0],[14354,0],[14355,0],[14866,0],]]
[14611,16,8,[[14612,0],[14610,0],[14355,0],[14867,0],]]
[14612,14,8,[[14611,0],[14613,0],[14356,0],[14357,0],[14868,0],]]
[14613,3,8,[[14614,0],[14612,0],[14357,0],[14869,0],]]
[14614,4,8,[[14613,0],[14615,0],[14358,0],[14359,0],[14870,0],]]
[14615,9,8,[[14616,0],[14614,0],[14359,0],[14871,0],]]
[14616,19,8,[[14615,0],[14617,0],[14360,0],[14361,0],[14872,0],]]
[14617,6,8,[[14618,0],[14616,0],[14361,0],[14873,0],]]
[14618,17,8,[[14617,0],[14619,0],[14362,0],[14363,0],[14874,0],]]
[14619,9,8,[[14620,0],[14618,0],[14363,0],[14875,0],]]
[14620,15,8,[[14619,0],[14621,0],[14364,0],[14365,0],[14876,0],]]
[14621,1,8,[[14622,0],[14620,0],[14365,0],[14877,0],]]
[14622,15,8,[[14621,0],[14623,0],[14366,0],[14367,0],[14878,0],]]
[14623,7,8,[[14624,0],[14622,0],[14367,0],[14879,0],]]
[14624,7,9,[[14623,0],[14625,0],[14368,0],[14369,0],[14880,0],]]
[14625,15,9,[[14626,0],[14624,0],[14369,0],[14881,0],]]
[14626,17,9,[[14625,0],[14627,0],[14370,0],[14371,0],[14882,0],]]
[14627,17,9,[[14628,0],[14626,0],[14371,0],[14883,0],]]
[14628,8,9,[[14627,0],[14629,0],[14372,0],[14373,0],[14884,0],]]
[14629,15,9,[[14630,0],[14628,0],[14373,0],[14885,0],]]
[14630,14,9,[[14629,0],[14631,0],[14374,0],[14375,0],[14886,0],]]
[14631,11,9,[[14632,0],[14630,0],[14375,0],[14887,0],]]
[14632,19,9,[[14631,0],[14633,0],[14376,0],[14377,0],[14888,0],]]
[14633,15,9,[[14634,0],[14632,0],[14377,0],[14889,0],]]
[14634,3,9,[[14633,0],[14635,0],[14378,0],[14379,0],[14890,0],]]
[14635,18,9,[[14636,0],[14634,0],[14379,0],[14891,0],]]
[14636,16,9,[[14635,0],[14637,0],[14380,0],[14381,0],[14892,0],]]
[14637,7,9,[[14638,0],[14636,0],[14381,0],[14893,0],]]
[14638,6,9,[[14637,0],[14639,0],[14382,0],[14383,0],[14894,0],]]
[14639,19,9,[[14640,0],[14638,0],[14383,0],[14895,0],]]
[14640,6,9,[[14639,0],[14641,0],[14384,0],[14385,0],[14896,0],]]
[14641,7,9,[[14642,0],[14640,0],[14385,0],[14897,0],]]
[14642,4,9,[[14641,0],[14643,0],[14386,0],[14387,0],[14898,0],]]
[14643,3,9,[[14644,0],[14642,0],[14387,0],[14899,0],]]
[14644,6,9,[[14643,0],[14645,0],[14388,0],[14389,0],[14900,0],]]
[14645,18,9,[[14646,0],[14644,0],[14389,0],[14901,0],]]
[14646,17,9,[[14645,0],[14647,0],[14390,0],[14391,0],[14902,0],]]
[14647,15,9,[[14648,0],[14646,0],[14391,0],[14903,0],]]
[14648,10,9,[[14647,0],[14649,0],[14392,0],[14393,0],[14904,0],]]
[14649,1,9,[[14650,0],[14648,0],[14393,0],[14905,0],]]
[14650,12,9,[[14649,0],[14651,0],[14394,0],[14395,0],[14906,0],]]
[14651,7,9,[[14652,0],[14650,0],[14395,0],[14907,0],]]
[14652,4,9,[[14651,0],[14653,0],[14396,0],[14397,0],[14908,0],]]
[14653,18,9,[[14654,0],[14652,0],[14397,0],[14909,0],]]
[14654,1,9,[[14653,0],[14655,0],[14398,0],[14399,0],[14910,0],]]
[14655,3,9,[[14656,0],[14654,0],[14399,0],[14911,0],]]
[14656,6,10,[[14655,0],[14657,0],[14400,0],[14401,0],[14912,0],]]
[14657,10,10,[[14658,0],[14656,0],[14401,0],[14913,0],]]
[14658,16,10,[[14657,0],[14659,0],[14402,0],[14403,0],[14914,0],]]
[14659,19,10,[[14660,0],[14658,0],[14403,0],[14915,0],]]
[14660,19,10,[[14659,0],[14661,0],[14404,0],[14405,0],[14916,0],]]
[14661,13,10,[[14662,0],[14660,0],[14405,0],[14917,0],]]
[14662,14,10,[[14661,0],[14663,0],[14406,0],[14407,0],[14918,0],]]
[14663,16,10,[[14664,0],[14662,0],[14407,0],[14919,0],]]
[14664,12,10,[[14663,0],[14665,0],[14408,0],[14409,0],[14920,0],]]
[14665,10,10,[[14666,0],[14664,0],[14409,0],[14921,0],]]
[14666,16,10,[[14665,0],[14667,0],[14410,0],[14411,0],[14922,0],]]
[14667,18,10,[[14668,0],[14666,0],[14411,0],[14923,0],]]
[14668,18,10,[[14667,0],[14669,0],[14412,0],[14413,0],[14924,0],]]
[14669,4,10,[[14670,0],[14668,0],[14413,0],[14925,0],]]
[14670,16,10,[[14669,0],[14671,0],[14414,0],[14415,0],[14926,0],]]
[14671,9,10,[[14672,0],[14670,0],[14415,0],[14927,0],]]
[14672,5,10,[[14671,0],[14673,0],[14416,0],[14417,0],[14928,0],]]
[14673,14,10,[[14674,0],[14672,0],[14417,0],[14929,0],]]
[14674,6,10,[[14673,0],[14675,0],[14418,0],[14419,0],[14930,0],]]
[14675,11,10,[[14676,0],[14674,0],[14419,0],[14931,0],]]
[14676,5,10,[[14675,0],[14677,0],[14420,0],[14421,0],[14932,0],]]
[14677,9,10,[[14678,0],[14676,0],[14421,0],[14933,0],]]
[14678,2,10,[[14677,0],[14679,0],[14422,0],[14423,0],[14934,0],]]
[14679,17,10,[[14680,0],[14678,0],[14423,0],[14935,0],]]
[14680,8,10,[[14679,0],[14681,0],[14424,0],[14425,0],[14936,0],]]
[14681,17,10,[[14682,0],[14680,0],[14425,0],[14937,0],]]
[14682,18,10,[[14681,0],[14683,0],[14426,0],[14427,0],[14938,0],]]
[14683,19,10,[[14684,0],[14682,0],[14427,0],[14939,0],]]
[14684,14,10,[[14683,0],[14685,0],[14428,0],[14429,0],[14940,0],]]
[14685,11,10,[[14686,0],[14684,0],[14429,0],[14941,0],]]
[14686,10,10,[[14685,0],[14687,0],[14430,0],[14431,0],[14942,0],]]
[14687,11,10,[[14688,0],[14686,0],[14431,0],[14943,0],]]
[14688,17,11,[[14687,0],[14689,0],[14432,0],[14433,0],[14944,0],]]
[14689,12,11,[[14690,0],[14688,0],[14433,0],[14945,0],]]
[14690,6,11,[[14689,0],[14691,0],[14434,0],[14435,0],[14946,0],]]
[14691,7,11,[[14692,0],[14690,0],[14435,0],[14947,0],]]
[14692,16,11,[[14691,0],[14693,0],[14436,0],[14437,0],[14948,0],]]
[14693,11,11,[[14694,0],[14692,0],[14437,0],[14949,0],]]
[14694,7,11,[[14693,0],[14695,0],[14438,0],[14439,0],[14950,0],]]
[14695,3,11,[[14696,0],[14694,0],[14439,0],[14951,0],]]
[14696,18,11,[[14695,0],[14697,0],[14440,0],[14441,0],[14952,0],]]
[14697,8,11,[[14698,0],[14696,0],[14441,0],[14953,0],]]
[14698,14,11,[[14697,0],[14699,0],[14442,0],[14443,0],[14954,0],]]
[14699,3,11,[[14700,0],[14698,0],[14443,0],[14955,0],]]
[14700,18,11,[[14699,0],[14701,0],[14444,0],[14445,0],[14956,0],]]
[14701,4,11,[[14702,0],[14700,0],[14445,0],[14957,0],]]
[14702,18,11,[[14701,0],[14703,0],[14446,0],[14447,0],[14958,0],]]
[14703,12,11,[[14704,0],[14702,0],[14447,0],[14959,0],]]
[14704,10,11,[[14703,0],[14705,0],[14448,0],[14449,0],[14960,0],]]
[14705,1,11,[[14706,0],[14704,0],[14449,0],[14961,0],]]
[14706,14,11,[[14705,0],[14707,0],[14450,0],[14451,0],[14962,0],]]
[14707,17,11,[[14708,0],[14706,0],[14451,0],[14963,0],]]
[14708,15,11,[[14707,0],[14709,0],[14452,0],[14453,0],[14964,0],]]
[14709,3,11,[[14710,0],[14708,0],[14453,0],[14965,0],]]
[14710,13,11,[[14709,0],[14711,0],[14454,0],[14455,0],[14966,0],]]
[14711,6,11,[[14712,0],[14710,0],[14455,0],[14967,0],]]
[14712,15,11,[[14711,0],[14713,0],[14456,0],[14457,0],[14968,0],]]
[14713,6,11,[[14714,0],[14712,0],[14457,0],[14969,0],]]
[14714,16,11,[[14713,0],[14715,0],[14458,0],[14459,0],[14970,0],]]
[14715,5,11,[[14716,0],[14714,0],[14459,0],[14971,0],]]
[14716,7,11,[[14715,0],[14717,0],[14460,0],[14461,0],[14972,0],]]
[14717,4,11,[[14718,0],[14716,0],[14461,0],[14973,0],]]
[14718,13,11,[[14717,0],[14719,0],[14462,0],[14463,0],[14974,0],]]
[14719,13,11,[[14720,0],[14718,0],[14463,0],[14975,0],]]
[14720,1,12,[[14719,0],[14721,0],[14464,0],[14465,0],[14976,0],]]
[14721,16,12,[[14722,0],[14720,0],[14465,0],[14977,0],]]
[14722,9,12,[[14721,0],[14723,0],[14466,0],[14467,0],[14978,0],]]
[14723,1,12,[[14724,0],[14722,0],[14467,0],[14979,0],]]
[14724,9,12,[[14723,0],[14725,0],[14468,0],[14469,0],[14980,0],]]
[14725,17,12,[[14726,0],[14724,0],[14469,0],[14981,0],]]
[14726,5,12,[[14725,0],[14727,0],[14470,0],[14471,0],[14982,0],]]
[14727,15,12,[[14728,0],[14726,0],[14471,0],[14983,0],]]
[14728,4,12,[[14727,0],[14729,0],[14472,0],[14473,0],[14984,0],]]
[14729,13,12,[[14730,0],[14728,0],[14473,0],[14985,0],]]
[14730,7,12,[[14729,0],[14731,0],[14474,0],[14475,0],[14986,0],]]
[14731,14,12,[[14732,0],[14730,0],[14475,0],[14987,0],]]
[14732,4,12,[[14731,0],[14733,0],[14476,0],[14477,0],[14988,0],]]
[14733,7,12,[[14734,0],[14732,0],[14477,0],[14989,0],]]
[14734,17,12,[[14733,0],[14735,0],[14478,0],[14479,0],[14990,0],]]
[14735,11,12,[[14736,0],[14734,0],[14479,0],[14991,0],]]
[14736,4,12,[[14735,0],[14737,0],[14480,0],[14481,0],[14992,0],]]
[14737,18,12,[[14738,0],[14736,0],[14481,0],[14993,0],]]
[14738,11,12,[[14737,0],[14739,0],[14482,0],[14483,0],[14994,0],]]
[14739,13,12,[[14740,0],[14738,0],[14483,0],[14995,0],]]
[14740,4,12,[[14739,0],[14741,0],[14484,0],[14485,0],[14996,0],]]
[14741,4,12,[[14742,0],[14740,0],[14485,0],[14997,0],]]
[14742,12,12,[[14741,0],[14743,0],[14486,0],[14487,0],[14998,0],]]
[14743,8,12,[[14744,0],[14742,0],[14487,0],[14999,0],]]
[14744,5,12,[[14743,0],[14745,0],[14488,0],[14489,0],[15000,0],]]
[14745,15,12,[[14746,0],[14744,0],[14489,0],[15001,0],]]
[14746,2,12,[[14745,0],[14747,0],[14490,0],[14491,0],[15002,0],]]
[14747,2,12,[[14748,0],[14746,0],[14491,0],[15003,0],]]
[14748,17,12,[[14747,0],[14749,0],[14492,0],[14493,0],[15004,0],]]
[14749,13,12,[[14750,0],[14748,0],[14493,0],[15005,0],]]
[14750,5,12,[[14749,0],[14751,0],[14494,0],[14495,0],[15006,0],]]
[14751,6,12,[[14752,0],[14750,0],[14495,0],[15007,0],]]
[14752,4,13,[[14751,0],[14753,0],[14496,0],[14497,0],[15008,0],]]
[14753,16,13,[[14754,0],[14752,0],[14497,0],[15009,0],]]
[14754,18,13,[[14753,0],[14755,0],[14498,0],[14499,0],[15010,0],]]
[14755,13,13,[[14756,0],[14754,0],[14499,0],[15011,0],]]
[14756,4,13,[[14755,0],[14757,0],[14500,0],[14501,0],[15012,0],]]
[14757,2,13,[[14758,0],[14756,0],[14501,0],[15013,0],]]
[14758,5,13,[[14757,0],[14759,0],[14502,0],[14503,0],[15014,0],]]
[14759,8,13,[[14760,0],[14758,0],[14503,0],[15015,0],]]
[14760,5,13,[[14759,0],[14761,0],[14504,0],[14505,0],[15016,0],]]
[14761,14,13,[[14762,0],[14760,0],[14505,0],[15017,0],]]
[14762,13,13,[[14761,0],[14763,0],[14506,0],[14507,0],[15018,0],]]
[14763,4,13,[[14764,0],[14762,0],[14507,0],[15019,0],]]
[14764,11,13,[[14763,0],[14765,0],[14508,0],[14509,0],[15020,0],]]
[14765,5,13,[[14766,0],[14764,0],[14509,0],[15021,0],]]
[14766,12,13,[[14765,0],[14767,0],[14510,0],[14511,0],[15022,0],]]
[14767,14,13,[[14768,0],[14766,0],[14511,0],[15023,0],]]
[14768,5,13,[[14767,0],[14769,0],[14512,0],[14513,0],[15024,0],]]
[14769,17,13,[[14770,0],[14768,0],[14513,0],[15025,0],]]
[14770,10,13,[[14769,0],[14771,0],[14514,0],[14515,0],[15026,0],]]
[14771,4,13,[[14772,0],[14770,0],[14515,0],[15027,0],]]
[14772,9,13,[[14771,0],[14773,0],[14516,0],[14517,0],[15028,0],]]
[14773,17,13,[[14774,0],[14772,0],[14517,0],[15029,0],]]
[14774,10,13,[[14773,0],[14775,0],[14518,0],[14519,0],[15030,0],]]
[14775,8,13,[[14776,0],[14774,0],[14519,0],[15031,0],]]
[14776,11,13,[[14775,0],[14777,0],[14520,0],[14521,0],[15032,0],]]
[14777,12,13,[[14778,0],[14776,0],[14521,0],[15033,0],]]
[14778,14,13,[[14777,0],[14779,0],[14522,0],[14523,0],[15034,0],]]
[14779,18,13,[[14780,0],[14778,0],[14523,0],[15035,0],]]
[14780,3,13,[[14779,0],[14781,0],[14524,0],[14525,0],[15036,0],]]
[14781,11,13,[[14782,0],[14780,0],[14525,0],[15037,0],]]
[14782,12,13,[[14781,0],[14783,0],[14526,0],[14527,0],[15038,0],]]
[14783,6,13,[[14784,0],[14782,0],[14527,0],[15039,0],]]
[14784,6,14,[[14783,0],[14785,0],[14528,0],[14529,0],[15040,0],]]
[14785,11,14,[[14786,0],[14784,0],[14529,0],[15041,0],]]
[14786,14,14,[[14785,0],[14787,0],[14530,0],[14531,0],[15042,0],]]
[14787,11,14,[[14788,0],[14786,0],[14531,0],[15043,0],]]
[14788,7,14,[[14787,0],[14789,0],[14532,0],[14533,0],[15044,0],]]
[14789,15,14,[[14790,0],[14788,0],[14533,0],[15045,0],]]
[14790,19,14,[[14789,0],[14791,0],[14534,0],[14535,0],[15046,0],]]
[14791,15,14,[[14792,0],[14790,0],[14535,0],[15047,0],]]
[14792,6,14,[[14791,0],[14793,0],[14536,0],[14537,0],[15048,0],]]
[14793,16,14,[[14794,0],[14792,0],[14537,0],[15049,0],]]
[14794,4,14,[[14793,0],[14795,0],[14538,0],[14539,0],[15050,0],]]
[14795,12,14,[[14796,0],[14794,0],[14539,0],[15051,0],]]
[14796,11,14,[[14795,0],[14797,0],[14540,0],[14541,0],[15052,0],]]
[14797,16,14,[[14798,0],[14796,0],[14541,0],[15053,0],]]
[14798,5,14,[[14797,0],[14799,0],[14542,0],[14543,0],[15054,0],]]
[14799,8,14,[[14800,0],[14798,0],[14543,0],[15055,0],]]
[14800,16,14,[[14799,0],[14801,0],[14544,0],[14545,0],[15056,0],]]
[14801,8,14,[[14802,0],[14800,0],[14545,0],[15057,0],]]
[14802,4,14,[[14801,0],[14803,0],[14546,0],[14547,0],[15058,0],]]
[14803,17,14,[[14804,0],[14802,0],[14547,0],[15059,0],]]
[14804,1,14,[[14803,0],[14805,0],[14548,0],[14549,0],[15060,0],]]
[14805,4,14,[[14806,0],[14804,0],[14549,0],[15061,0],]]
[14806,3,14,[[14805,0],[14807,0],[14550,0],[14551,0],[15062,0],]]
[14807,9,14,[[14808,0],[14806,0],[14551,0],[15063,0],]]
[14808,17,14,[[14807,0],[14809,0],[14552,0],[14553,0],[15064,0],]]
[14809,12,14,[[14810,0],[14808,0],[14553,0],[15065,0],]]
[14810,3,14,[[14809,0],[14811,0],[14554,0],[14555,0],[15066,0],]]
[14811,2,14,[[14812,0],[14810,0],[14555,0],[15067,0],]]
[14812,9,14,[[14811,0],[14813,0],[14556,0],[14557,0],[15068,0],]]
[14813,15,14,[[14814,0],[14812,0],[14557,0],[15069,0],]]
[14814,13,14,[[14813,0],[14815,0],[14558,0],[14559,0],[15070,0],]]
[14815,17,14,[[14816,0],[14814,0],[14559,0],[15071,0],]]
[14816,9,15,[[14815,0],[14817,0],[14560,0],[14561,0],[15072,0],]]
[14817,15,15,[[14818,0],[14816,0],[14561,0],[15073,0],]]
[14818,5,15,[[14817,0],[14819,0],[14562,0],[14563,0],[15074,0],]]
[14819,2,15,[[14820,0],[14818,0],[14563,0],[15075,0],]]
[14820,4,15,[[14819,0],[14821,0],[14564,0],[14565,0],[15076,0],]]
[14821,12,15,[[14822,0],[14820,0],[14565,0],[15077,0],]]
[14822,3,15,[[14821,0],[14823,0],[14566,0],[14567,0],[15078,0],]]
[14823,6,15,[[14824,0],[14822,0],[14567,0],[15079,0],]]
[14824,13,15,[[14823,0],[14825,0],[14568,0],[14569,0],[15080,0],]]
[14825,1,15,[[14826,0],[14824,0],[14569,0],[15081,0],]]
[14826,17,15,[[14825,0],[14827,0],[14570,0],[14571,0],[15082,0],]]
[14827,3,15,[[14828,0],[14826,0],[14571,0],[15083,0],]]
[14828,15,15,[[14827,0],[14829,0],[14572,0],[14573,0],[15084,0],]]
[14829,16,15,[[14830,0],[14828,0],[14573,0],[15085,0],]]
[14830,19,15,[[14829,0],[14831,0],[14574,0],[14575,0],[15086,0],]]
[14831,11,15,[[14832,0],[14830,0],[14575,0],[15087,0],]]
[14832,17,15,[[14831,0],[14833,0],[14576,0],[14577,0],[15088,0],]]
[14833,1,15,[[14834,0],[14832,0],[14577,0],[15089,0],]]
[14834,8,15,[[14833,0],[14835,0],[14578,0],[14579,0],[15090,0],]]
[14835,2,15,[[14836,0],[14834,0],[14579,0],[15091,0],]]
[14836,14,15,[[14835,0],[14837,0],[14580,0],[14581,0],[15092,0],]]
[14837,19,15,[[14838,0],[14836,0],[14581,0],[15093,0],]]
[14838,17,15,[[14837,0],[14839,0],[14582,0],[14583,0],[15094,0],]]
[14839,15,15,[[14840,0],[14838,0],[14583,0],[15095,0],]]
[14840,13,15,[[14839,0],[14841,0],[14584,0],[14585,0],[15096,0],]]
[14841,7,15,[[14842,0],[14840,0],[14585,0],[15097,0],]]
[14842,12,15,[[14841,0],[14843,0],[14586,0],[14587,0],[15098,0],]]
[14843,8,15,[[14844,0],[14842,0],[14587,0],[15099,0],]]
[14844,10,15,[[14843,0],[14845,0],[14588,0],[14589,0],[15100,0],]]
[14845,4,15,[[14846,0],[14844,0],[14589,0],[15101,0],]]
[14846,16,15,[[14845,0],[14847,0],[14590,0],[14591,0],[15102,0],]]
[14847,4,15,[[14846,0],[14591,0],[15103,0],]]
[14848,14,8,[[14849,0],[15104,0],[14592,0],]]
[14849,3,8,[[14850,0],[14848,0],[15105,0],[15104,0],[14593,0],]]
[14850,10,8,[[14849,0],[14851,0],[15106,0],[14594,0],]]
[14851,10,8,[[14852,0],[14850,0],[15107,0],[15106,0],[14595,0],]]
[14852,7,8,[[14851,0],[14853,0],[15108,0],[14596,0],]]
[14853,18,8,[[14854,0],[14852,0],[15109,0],[15108,0],[14597,0],]]
[14854,6,8,[[14853,0],[14855,0],[15110,0],[14598,0],]]
[14855,13,8,[[14856,0],[14854,0],[15111,0],[15110,0],[14599,0],]]
[14856,4,8,[[14855,0],[14857,0],[15112,0],[14600,0],]]
[14857,11,8,[[14858,0],[14856,0],[15113,0],[15112,0],[14601,0],]]
[14858,14,8,[[14857,0],[14859,0],[15114,0],[14602,0],]]
[14859,9,8,[[14860,0],[14858,0],[15115,0],[15114,0],[14603,0],]]
[14860,16,8,[[14859,0],[14861,0],[15116,0],[14604,0],]]
[14861,15,8,[[14862,0],[14860,0],[15117,0],[15116,0],[14605,0],]]
[14862,15,8,[[14861,0],[14863,0],[15118,0],[14606,0],]]
[14863,9,8,[[14864,0],[14862,0],[15119,0],[15118,0],[14607,0],]]
[14864,8,8,[[14863,0],[14865,0],[15120,0],[14608,0],]]
[14865,9,8,[[14866,0],[14864,0],[15121,0],[15120,0],[14609,0],]]
[14866,14,8,[[14865,0],[14867,0],[15122,0],[14610,0],]]
[14867,19,8,[[14868,0],[14866,0],[15123,0],[15122,0],[14611,0],]]
[14868,3,8,[[14867,0],[14869,0],[15124,0],[14612,0],]]
[14869,3,8,[[14870,0],[14868,0],[15125,0],[15124,0],[14613,0],]]
[14870,1,8,[[14869,0],[14871,0],[15126,0],[14614,0],]]
[14871,14,8,[[14872,0],[14870,0],[15127,0],[15126,0],[14615,0],]]
[14872,13,8,[[14871,0],[14873,0],[15128,0],[14616,0],]]
[14873,3,8,[[14874,0],[14872,0],[15129,0],[15128,0],[14617,0],]]
[14874,18,8,[[14873,0],[14875,0],[15130,0],[14618,0],]]
[14875,2,8,[[14876,0],[14874,0],[15131,0],[15130,0],[14619,0],]]
[14876,8,8,[[14875,0],[14877,0],[15132,0],[14620,0],]]
[14877,6,8,[[14878,0],[14876,0],[15133,0],[15132,0],[14621,0],]]
[14878,5,8,[[14877,0],[14879,0],[15134,0],[14622,0],]]
[14879,18,8,[[14880,0],[14878,0],[15135,0],[15134,0],[14623,0],]]
[14880,9,9,[[14879,0],[14881,0],[15136,0],[14624,0],]]
[14881,4,9,[[14882,0],[14880,0],[15137,0],[15136,0],[14625,0],]]
[14882,1,9,[[14881,0],[14883,0],[15138,0],[14626,0],]]
[14883,12,9,[[14884,0],[14882,0],[15139,0],[15138,0],[14627,0],]]
[14884,11,9,[[14883,0],[14885,0],[15140,0],[14628,0],]]
[14885,14,9,[[14886,0],[14884,0],[15141,0],[15140,0],[14629,0],]]
[14886,8,9,[[14885,0],[14887,0],[15142,0],[14630,0],]]
[14887,9,9,[[14888,0],[14886,0],[15143,0],[15142,0],[14631,0],]]
[14888,1,9,[[14887,0],[14889,0],[15144,0],[14632,0],]]
[14889,14,9,[[14890,0],[14888,0],[15145,0],[15144,0],[14633,0],]]
[14890,1,9,[[14889,0],[14891,0],[15146,0],[14634,0],]]
[14891,11,9,[[14892,0],[14890,0],[15147,0],[15146,0],[14635,0],]]
[14892,17,9,[[14891,0],[14893,0],[15148,0],[14636,0],]]
[14893,6,9,[[14894,0],[14892,0],[15149,0],[15148,0],[14637,0],]]
[14894,19,9,[[14893,0],[14895,0],[15150,0],[14638,0],]]
[14895,14,9,[[14896,0],[14894,0],[15151,0],[15150,0],[14639,0],]]
[14896,1,9,[[14895,0],[14897,0],[15152,0],[14640,0],]]
[14897,18,9,[[14898,0],[14896,0],[15153,0],[15152,0],[14641,0],]]
[14898,14,9,[[14897,0],[14899,0],[15154,0],[14642,0],]]
[14899,15,9,[[14900,0],[14898,0],[15155,0],[15154,0],[14643,0],]]
[14900,17,9,[[14899,0],[14901,0],[15156,0],[14644,0],]]
[14901,19,9,[[14902,0],[14900,0],[15157,0],[15156,0],[14645,0],]]
[14902,9,9,[[14901,0],[14903,0],[15158,0],[14646,0],]]
[14903,5,9,[[14904,0],[14902,0],[15159,0],[15158,0],[14647,0],]]
[14904,10,9,[[14903,0],[14905,0],[15160,0],[14648,0],]]
[14905,17,9,[[14906,0],[14904,0],[15161,0],[15160,0],[14649,0],]]
[14906,8,9,[[14905,0],[14907,0],[15162,0],[14650,0],]]
[14907,10,9,[[14908,0],[14906,0],[15163,0],[15162,0],[14651,0],]]
[14908,3,9,[[14907,0],[14909,0],[15164,0],[14652,0],]]
[14909,4,9,[[14910,0],[14908,0],[15165,0],[15164,0],[14653,0],]]
[14910,7,9,[[14909,0],[14911,0],[15166,0],[14654,0],]]
[14911,16,9,[[14912,0],[14910,0],[15167,0],[15166,0],[14655,0],]]
[14912,3,10,[[14911,0],[14913,0],[15168,0],[14656,0],]]
[14913,8,10,[[14914,0],[14912,0],[15169,0],[15168,0],[14657,0],]]
[14914,5,10,[[14913,0],[14915,0],[15170,0],[14658,0],]]
[14915,6,10,[[14916,0],[14914,0],[15171,0],[15170,0],[14659,0],]]
[14916,3,10,[[14915,0],[14917,0],[15172,0],[14660,0],]]
[14917,6,10,[[14918,0],[14916,0],[15173,0],[15172,0],[14661,0],]]
[14918,18,10,[[14917,0],[14919,0],[15174,0],[14662,0],]]
[14919,11,10,[[14920,0],[14918,0],[15175,0],[15174,0],[14663,0],]]
[14920,18,10,[[14919,0],[14921,0],[15176,0],[14664,0],]]
[14921,14,10,[[14922,0],[14920,0],[15177,0],[15176,0],[14665,0],]]
[14922,11,10,[[14921,0],[14923,0],[15178,0],[14666,0],]]
[14923,3,10,[[14924,0],[14922,0],[15179,0],[15178,0],[14667,0],]]
[14924,14,10,[[14923,0],[14925,0],[15180,0],[14668,0],]]
[14925,2,10,[[14926,0],[14924,0],[15181,0],[15180,0],[14669,0],]]
[14926,11,10,[[14925,0],[14927,0],[15182,0],[14670,0],]]
[14927,18,10,[[14928,0],[14926,0],[15183,0],[15182,0],[14671,0],]]
[14928,11,10,[[14927,0],[14929,0],[15184,0],[14672,0],]]
[14929,15,10,[[14930,0],[14928,0],[15185,0],[15184,0],[14673,0],]]
[14930,17,10,[[14929,0],[14931,0],[15186,0],[14674,0],]]
[14931,9,10,[[14932,0],[14930,0],[15187,0],[15186,0],[14675,0],]]
[14932,11,10,[[14931,0],[14933,0],[15188,0],[14676,0],]]
[14933,9,10,[[14934,0],[14932,0],[15189,0],[15188,0],[14677,0],]]
[14934,9,10,[[14933,0],[14935,0],[15190,0],[14678,0],]]
[14935,3,10,[[14936,0],[14934,0],[15191,0],[15190,0],[14679,0],]]
[14936,5,10,[[14935,0],[14937,0],[15192,0],[14680,0],]]
[14937,17,10,[[14938,0],[14936,0],[15193,0],[15192,0],[14681,0],]]
[14938,11,10,[[14937,0],[14939,0],[15194,0],[14682,0],]]
[14939,19,10,[[14940,0],[14938,0],[15195,0],[15194,0],[14683,0],]]
[14940,4,10,[[14939,0],[14941,0],[15196,0],[14684,0],]]
[14941,17,10,[[14942,0],[14940,0],[15197,0],[15196,0],[14685,0],]]
[14942,16,10,[[14941,0],[14943,0],[15198,0],[14686,0],]]
[14943,2,10,[[14944,0],[14942,0],[15199,0],[15198,0],[14687,0],]]
[14944,3,11,[[14943,0],[14945,0],[15200,0],[14688,0],]]
[14945,10,11,[[14946,0],[14944,0],[15201,0],[15200,0],[14689,0],]]
[14946,13,11,[[14945,0],[14947,0],[15202,0],[14690,0],]]
[14947,18,11,[[14948,0],[14946,0],[15203,0],[15202,0],[14691,0],]]
[14948,13,11,[[14947,0],[14949,0],[15204,0],[14692,0],]]
[14949,5,11,[[14950,0],[14948,0],[15205,0],[15204,0],[14693,0],]]
[14950,2,11,[[14949,0],[14951,0],[15206,0],[14694,0],]]
[14951,5,11,[[14952,0],[14950,0],[15207,0],[15206,0],[14695,0],]]
[14952,9,11,[[14951,0],[14953,0],[15208,0],[14696,0],]]
[14953,15,11,[[14954,0],[14952,0],[15209,0],[15208,0],[14697,0],]]
[14954,19,11,[[14953,0],[14955,0],[15210,0],[14698,0],]]
[14955,7,11,[[14956,0],[14954,0],[15211,0],[15210,0],[14699,0],]]
[14956,5,11,[[14955,0],[14957,0],[15212,0],[14700,0],]]
[14957,5,11,[[14958,0],[14956,0],[15213,0],[15212,0],[14701,0],]]
[14958,12,11,[[14957,0],[14959,0],[15214,0],[14702,0],]]
[14959,3,11,[[14960,0],[14958,0],[15215,0],[15214,0],[14703,0],]]
[14960,12,11,[[14959,0],[14961,0],[15216,0],[14704,0],]]
[14961,15,11,[[14962,0],[14960,0],[15217,0],[15216,0],[14705,0],]]
[14962,2,11,[[14961,0],[14963,0],[15218,0],[14706,0],]]
[14963,9,11,[[14964,0],[14962,0],[15219,0],[15218,0],[14707,0],]]
[14964,11,11,[[14963,0],[14965,0],[15220,0],[14708,0],]]
[14965,11,11,[[14966,0],[14964,0],[15221,0],[15220,0],[14709,0],]]
[14966,18,11,[[14965,0],[14967,0],[15222,0],[14710,0],]]
[14967,10,11,[[14968,0],[14966,0],[15223,0],[15222,0],[14711,0],]]
[14968,9,11,[[14967,0],[14969,0],[15224,0],[14712,0],]]
[14969,5,11,[[14970,0],[14968,0],[15225,0],[15224,0],[14713,0],]]
[14970,19,11,[[14969,0],[14971,0],[15226,0],[14714,0],]]
[14971,10,11,[[14972,0],[14970,0],[15227,0],[15226,0],[14715,0],]]
[14972,1,11,[[14971,0],[14973,0],[15228,0],[14716,0],]]
[14973,8,11,[[14974,0],[14972,0],[15229,0],[15228,0],[14717,0],]]
[14974,5,11,[[14973,0],[14975,0],[15230,0],[14718,0],]]
[14975,15,11,[[14976,0],[14974,0],[15231,0],[15230,0],[14719,0],]]
[14976,9,12,[[14975,0],[14977,0],[15232,0],[14720,0],]]
[14977,7,12,[[14978,0],[14976,0],[15233,0],[15232,0],[14721,0],]]
[14978,17,12,[[14977,0],[14979,0],[15234,0],[14722,0],]]
[14979,6,12,[[14980,0],[14978,0],[15235,0],[15234,0],[14723,0],]]
[14980,10,12,[[14979,0],[14981,0],[15236,0],[14724,0],]]
[14981,14,12,[[14982,0],[14980,0],[15237,0],[15236,0],[14725,0],]]
[14982,6,12,[[14981,0],[14983,0],[15238,0],[14726,0],]]
[14983,13,12,[[14984,0],[14982,0],[15239,0],[15238,0],[14727,0],]]
[14984,6,12,[[14983,0],[14985,0],[15240,0],[14728,0],]]
[14985,3,12,[[14986,0],[14984,0],[15241,0],[15240,0],[14729,0],]]
[14986,16,12,[[14985,0],[14987,0],[15242,0],[14730,0],]]
[14987,7,12,[[14988,0],[14986,0],[15243,0],[15242,0],[14731,0],]]
[14988,1,12,[[14987,0],[14989,0],[15244,0],[14732,0],]]
[14989,7,12,[[14990,0],[14988,0],[15245,0],[15244,0],[14733,0],]]
[14990,18,12,[[14989,0],[14991,0],[15246,0],[14734,0],]]
[14991,4,12,[[14992,0],[14990,0],[15247,0],[15246,0],[14735,0],]]
[14992,8,12,[[14991,0],[14993,0],[15248,0],[14736,0],]]
[14993,17,12,[[14994,0],[14992,0],[15249,0],[15248,0],[14737,0],]]
[14994,12,12,[[14993,0],[14995,0],[15250,0],[14738,0],]]
[14995,2,12,[[14996,0],[14994,0],[15251,0],[15250,0],[14739,0],]]
[14996,8,12,[[14995,0],[14997,0],[15252,0],[14740,0],]]
[14997,1,12,[[14998,0],[14996,0],[15253,0],[15252,0],[14741,0],]]
[14998,3,12,[[14997,0],[14999,0],[15254,0],[14742,0],]]
[14999,2,12,[[15000,0],[14998,0],[15255,0],[15254,0],[14743,0],]]
[15000,14,12,[[14999,0],[15001,0],[15256,0],[14744,0],]]
[15001,8,12,[[15002,0],[15000,0],[15257,0],[15256,0],[14745,0],]]
[15002,14,12,[[15001,0],[15003,0],[15258,0],[14746,0],]]
[15003,10,12,[[15004,0],[15002,0],[15259,0],[15258,0],[14747,0],]]
[15004,12,12,[[15003,0],[15005,0],[15260,0],[14748,0],]]
[15005,5,12,[[15006,0],[15004,0],[15261,0],[15260,0],[14749,0],]]
[15006,10,12,[[15005,0],[15007,0],[15262,0],[14750,0],]]
[15007,5,12,[[15008,0],[15006,0],[15263,0],[15262,0],[14751,0],]]
[15008,15,13,[[15007,0],[15009,0],[15264,0],[14752,0],]]
[15009,2,13,[[15010,0],[15008,0],[15265,0],[15264,0],[14753,0],]]
[15010,19,13,[[15009,0],[15011,0],[15266,0],[14754,0],]]
[15011,18,13,[[15012,0],[15010,0],[15267,0],[15266,0],[14755,0],]]
[15012,7,13,[[15011,0],[15013,0],[15268,0],[14756,0],]]
[15013,16,13,[[15014,0],[15012,0],[15269,0],[15268,0],[14757,0],]]
[15014,3,13,[[15013,0],[15015,0],[15270,0],[14758,0],]]
[15015,16,13,[[15016,0],[15014,0],[15271,0],[15270,0],[14759,0],]]
[15016,4,13,[[15015,0],[15017,0],[15272,0],[14760,0],]]
[15017,3,13,[[15018,0],[15016,0],[15273,0],[15272,0],[14761,0],]]
[15018,9,13,[[15017,0],[15019,0],[15274,0],[14762,0],]]
[15019,9,13,[[15020,0],[15018,0],[15275,0],[15274,0],[14763,0],]]
[15020,14,13,[[15019,0],[15021,0],[15276,0],[14764,0],]]
[15021,5,13,[[15022,0],[15020,0],[15277,0],[15276,0],[14765,0],]]
[15022,19,13,[[15021,0],[15023,0],[15278,0],[14766,0],]]
[15023,15,13,[[15024,0],[15022,0],[15279,0],[15278,0],[14767,0],]]
[15024,10,13,[[15023,0],[15025,0],[15280,0],[14768,0],]]
[15025,9,13,[[15026,0],[15024,0],[15281,0],[15280,0],[14769,0],]]
[15026,13,13,[[15025,0],[15027,0],[15282,0],[14770,0],]]
[15027,4,13,[[15028,0],[15026,0],[15283,0],[15282,0],[14771,0],]]
[15028,1,13,[[15027,0],[15029,0],[15284,0],[14772,0],]]
[15029,6,13,[[15030,0],[15028,0],[15285,0],[15284,0],[14773,0],]]
[15030,19,13,[[15029,0],[15031,0],[15286,0],[14774,0],]]
[15031,16,13,[[15032,0],[15030,0],[15287,0],[15286,0],[14775,0],]]
[15032,11,13,[[15031,0],[15033,0],[15288,0],[14776,0],]]
[15033,18,13,[[15034,0],[15032,0],[15289,0],[15288,0],[14777,0],]]
[15034,1,13,[[15033,0],[15035,0],[15290,0],[14778,0],]]
[15035,6,13,[[15036,0],[15034,0],[15291,0],[15290,0],[14779,0],]]
[15036,8,13,[[15035,0],[15037,0],[15292,0],[14780,0],]]
[15037,12,13,[[15038,0],[15036,0],[15293,0],[15292,0],[14781,0],]]
[15038,2,13,[[15037,0],[15039,0],[15294,0],[14782,0],]]
[15039,9,13,[[15040,0],[15038,0],[15295,0],[15294,0],[14783,0],]]
[15040,16,14,[[15039,0],[15041,0],[15296,0],[14784,0],]]
[15041,5,14,[[15042,0],[15040,0],[15297,0],[15296,0],[14785,0],]]
[15042,2,14,[[15041,0],[15043,0],[15298,0],[14786,0],]]
[15043,7,14,[[15044,0],[15042,0],[15299,0],[15298,0],[14787,0],]]
[15044,10,14,[[15043,0],[15045,0],[15300,0],[14788,0],]]
[15045,9,14,[[15046,0],[15044,0],[15301,0],[15300,0],[14789,0],]]
[15046,15,14,[[15045,0],[15047,0],[15302,0],[14790,0],]]
[15047,4,14,[[15048,0],[15046,0],[15303,0],[15302,0],[14791,0],]]
[15048,7,14,[[15047,0],[15049,0],[15304,0],[14792,0],]]
[15049,9,14,[[15050,0],[15048,0],[15305,0],[15304,0],[14793,0],]]
[15050,16,14,[[15049,0],[15051,0],[15306,0],[14794,0],]]
[15051,15,14,[[15052,0],[15050,0],[15307,0],[15306,0],[14795,0],]]
[15052,12,14,[[15051,0],[15053,0],[15308,0],[14796,0],]]
[15053,19,14,[[15054,0],[15052,0],[15309,0],[15308,0],[14797,0],]]
[15054,7,14,[[15053,0],[15055,0],[15310,0],[14798,0],]]
[15055,17,14,[[15056,0],[15054,0],[15311,0],[15310,0],[14799,0],]]
[15056,3,14,[[15055,0],[15057,0],[15312,0],[14800,0],]]
[15057,15,14,[[15058,0],[15056,0],[15313,0],[15312,0],[14801,0],]]
[15058,14,14,[[15057,0],[15059,0],[15314,0],[14802,0],]]
[15059,18,14,[[15060,0],[15058,0],[15315,0],[15314,0],[14803,0],]]
[15060,12,14,[[15059,0],[15061,0],[15316,0],[14804,0],]]
[15061,1,14,[[15062,0],[15060,0],[15317,0],[15316,0],[14805,0],]]
[15062,16,14,[[15061,0],[15063,0],[15318,0],[14806,0],]]
[15063,2,14,[[15064,0],[15062,0],[15319,0],[15318,0],[14807,0],]]
[15064,3,14,[[15063,0],[15065,0],[15320,0],[14808,0],]]
[15065,10,14,[[15066,0],[15064,0],[15321,0],[15320,0],[14809,0],]]
[15066,2,14,[[15065,0],[15067,0],[15322,0],[14810,0],]]
[15067,7,14,[[15068,0],[15066,0],[15323,0],[15322,0],[14811,0],]]
[15068,12,14,[[15067,0],[15069,0],[15324,0],[14812,0],]]
[15069,10,14,[[15070,0],[15068,0],[15325,0],[15324,0],[14813,0],]]
[15070,10,14,[[15069,0],[15071,0],[15326,0],[14814,0],]]
[15071,14,14,[[15072,0],[15070,0],[15327,0],[15326,0],[14815,0],]]
[15072,15,15,[[15071,0],[15073,0],[15328,0],[14816,0],]]
