[17694,12,16,[[17693,0],[17695,0],[17438,0],[17439,0],[17950,0],]]
[17695,5,16,[[17696,0],[17694,0],[17439,0],[17951,0],]]
[17696,12,17,[[17695,0],[17697,0],[17440,0],[17441,0],[17952,0],]]
[17697,4,17,[[17698,0],[17696,0],[17441,0],[17953,0],]]
[17698,14,17,[[17697,0],[17699,0],[17442,0],[17443,0],[17954,0],]]
[17699,19,17,[[17700,0],[17698,0],[17443,0],[17955,0],]]
[17700,4,17,[[17699,0],[17701,0],[17444,0],[17445,0],[17956,0],]]
[17701,8,17,[[17702,0],[17700,0],[17445,0],[17957,0],]]
[17702,9,17,[[17701,0],[17703,0],[17446,0],[17447,0],[17958,0],]]
[17703,4,17,[[17704,0],[17702,0],[17447,0],[17959,0],]]
[17704,8,17,[[17703,0],[17705,0],[17448,0],[17449,0],[17960,0],]]
[17705,2,17,[[17706,0],[17704,0],[17449,0],[17961,0],]]
[17706,5,17,[[17705,0],[17707,0],[17450,0],[17451,0],[17962,0],]]
[17707,14,17,[[17708,0],[17706,0],[17451,0],[17963,0],]]
[17708,8,17,[[17707,0],[17709,0],[17452,0],[17453,0],[17964,0],]]
[17709,14,17,[[17710,0],[17708,0],[17453,0],[17965,0],]]
[17710,2,17,[[17709,0],[17711,0],[17454,0],[17455,0],[17966,0],]]
[17711,9,17,[[17712,0],[17710,0],[17455,0],[17967,0],]]
[17712,11,17,[[17711,0],[17713,0],[17456,0],[17457,0],[17968,0],]]
[17713,16,17,[[17714,0],[17712,0],[17457,0],[17969,0],]]
[17714,19,17,[[17713,0],[17715,0],[17458,0],[17459,0],[17970,0],]]
[17715,4,17,[[17716,0],[17714,0],[17459,0],[17971,0],]]
[17716,6,17,[[17715,0],[17717,0],[17460,0],[17461,0],[17972,0],]]
[17717,5,17,[[17718,0],[17716,0],[17461,0],[17973,0],]]
[17718,11,17,[[17717,0],[17719,0],[17462,0],[17463,0],[17974,0],]]
[17719,11,17,[[17720,0],[17718,0],[17463,0],[17975,0],]]
[17720,19,17,[[17719,0],[17721,0],[17464,0],[17465,0],[17976,0],]]
[17721,2,17,[[17722,0],[17720,0],[17465,0],[17977,0],]]
[17722,3,17,[[17721,0],[17723,0],[17466,0],[17467,0],[17978,0],]]
[17723,10,17,[[17724,0],[17722,0],[17467,0],[17979,0],]]
[17724,9,17,[[17723,0],[17725,0],[17468,0],[17469,0],[17980,0],]]
[17725,5,17,[[17726,0],[17724,0],[17469,0],[17981,0],]]
[17726,4,17,[[17725,0],[17727,0],[17470,0],[17471,0],[17982,0],]]
[17727,16,17,[[17728,0],[17726,0],[17471,0],[17983,0],]]
[17728,3,18,[[17727,0],[17729,0],[17472,0],[17473,0],[17984,0],]]
[17729,13,18,[[17730,0],[17728,0],[17473,0],[17985,0],]]
[17730,7,18,[[17729,0],[17731,0],[17474,0],[17475,0],[17986,0],]]
[17731,4,18,[[17732,0],[17730,0],[17475,0],[17987,0],]]
[17732,13,18,[[17731,0],[17733,0],[17476,0],[17477,0],[17988,0],]]
[17733,13,18,[[17734,0],[17732,0],[17477,0],[17989,0],]]
[17734,2,18,[[17733,0],[17735,0],[17478,0],[17479,0],[17990,0],]]
[17735,8,18,[[17736,0],[17734,0],[17479,0],[17991,0],]]
[17736,18,18,[[17735,0],[17737,0],[17480,0],[17481,0],[17992,0],]]
[17737,1,18,[[17738,0],[17736,0],[17481,0],[17993,0],]]
[17738,9,18,[[17737,0],[17739,0],[17482,0],[17483,0],[17994,0],]]
[17739,5,18,[[17740,0],[17738,0],[17483,0],[17995,0],]]
[17740,13,18,[[17739,0],[17741,0],[17484,0],[17485,0],[17996,0],]]
[17741,5,18,[[17742,0],[17740,0],[17485,0],[17997,0],]]
[17742,3,18,[[17741,0],[17743,0],[17486,0],[17487,0],[17998,0],]]
[17743,18,18,[[17744,0],[17742,0],[17487,0],[17999,0],]]
[17744,9,18,[[17743,0],[17745,0],[17488,0],[17489,0],[18000,0],]]
[17745,18,18,[[17746,0],[17744,0],[17489,0],[18001,0],]]
[17746,5,18,[[17745,0],[17747,0],[17490,0],[17491,0],[18002,0],]]
[17747,1,18,[[17748,0],[17746,0],[17491,0],[18003,0],]]
[17748,2,18,[[17747,0],[17749,0],[17492,0],[17493,0],[18004,0],]]
[17749,14,18,[[17750,0],[17748,0],[17493,0],[18005,0],]]
[17750,17,18,[[17749,0],[17751,0],[17494,0],[17495,0],[18006,0],]]
[17751,16,18,[[17752,0],[17750,0],[17495,0],[18007,0],]]
[17752,12,18,[[17751,0],[17753,0],[17496,0],[17497,0],[18008,0],]]
[17753,11,18,[[17754,0],[17752,0],[17497,0],[18009,0],]]
[17754,16,18,[[17753,0],[17755,0],[17498,0],[17499,0],[18010,0],]]
[17755,7,18,[[17756,0],[17754,0],[17499,0],[18011,0],]]
[17756,8,18,[[17755,0],[17757,0],[17500,0],[17501,0],[18012,0],]]
[17757,5,18,[[17758,0],[17756,0],[17501,0],[18013,0],]]
[17758,6,18,[[17757,0],[17759,0],[17502,0],[17503,0],[18014,0],]]
[17759,5,18,[[17760,0],[17758,0],[17503,0],[18015,0],]]
[17760,10,19,[[17759,0],[17761,0],[17504,0],[17505,0],[18016,0],]]
[17761,8,19,[[17762,0],[17760,0],[17505,0],[18017,0],]]
[17762,15,19,[[17761,0],[17763,0],[17506,0],[17507,0],[18018,0],]]
[17763,16,19,[[17764,0],[17762,0],[17507,0],[18019,0],]]
[17764,1,19,[[17763,0],[17765,0],[17508,0],[17509,0],[18020,0],]]
[17765,6,19,[[17766,0],[17764,0],[17509,0],[18021,0],]]
[17766,15,19,[[17765,0],[17767,0],[17510,0],[17511,0],[18022,0],]]
[17767,6,19,[[17768,0],[17766,0],[17511,0],[18023,0],]]
[17768,3,19,[[17767,0],[17769,0],[17512,0],[17513,0],[18024,0],]]
[17769,9,19,[[17770,0],[17768,0],[17513,0],[18025,0],]]
[17770,5,19,[[17769,0],[17771,0],[17514,0],[17515,0],[18026,0],]]
[17771,13,19,[[17772,0],[17770,0],[17515,0],[18027,0],]]
[17772,16,19,[[17771,0],[17773,0],[17516,0],[17517,0],[18028,0],]]
[17773,17,19,[[17774,0],[17772,0],[17517,0],[18029,0],]]
[17774,17,19,[[17773,0],[17775,0],[17518,0],[17519,0],[18030,0],]]
[17775,14,19,[[17776,0],[17774,0],[17519,0],[18031,0],]]
[17776,2,19,[[17775,0],[17777,0],[17520,0],[17521,0],[18032,0],]]
[17777,4,19,[[17778,0],[17776,0],[17521,0],[18033,0],]]
[17778,2,19,[[17777,0],[17779,0],[17522,0],[17523,0],[18034,0],]]
[17779,15,19,[[17780,0],[17778,0],[17523,0],[18035,0],]]
[17780,2,19,[[17779,0],[17781,0],[17524,0],[17525,0],[18036,0],]]
[17781,11,19,[[17782,0],[17780,0],[17525,0],[18037,0],]]
[17782,12,19,[[17781,0],[17783,0],[17526,0],[17527,0],[18038,0],]]
[17783,1,19,[[17784,0],[17782,0],[17527,0],[18039,0],]]
[17784,12,19,[[17783,0],[17785,0],[17528,0],[17529,0],[18040,0],]]
[17785,1,19,[[17786,0],[17784,0],[17529,0],[18041,0],]]
[17786,7,19,[[17785,0],[17787,0],[17530,0],[17531,0],[18042,0],]]
[17787,15,19,[[17788,0],[17786,0],[17531,0],[18043,0],]]
[17788,1,19,[[17787,0],[17789,0],[17532,0],[17533,0],[18044,0],]]
[17789,10,19,[[17790,0],[17788,0],[17533,0],[18045,0],]]
[17790,18,19,[[17789,0],[17791,0],[17534,0],[17535,0],[18046,0],]]
[17791,1,19,[[17792,0],[17790,0],[17535,0],[18047,0],]]
[17792,2,20,[[17791,0],[17793,0],[17536,0],[17537,0],[18048,0],]]
[17793,8,20,[[17794,0],[17792,0],[17537,0],[18049,0],]]
[17794,16,20,[[17793,0],[17795,0],[17538,0],[17539,0],[18050,0],]]
[17795,15,20,[[17796,0],[17794,0],[17539,0],[18051,0],]]
[17796,15,20,[[17795,0],[17797,0],[17540,0],[17541,0],[18052,0],]]
[17797,3,20,[[17798,0],[17796,0],[17541,0],[18053,0],]]
[17798,7,20,[[17797,0],[17799,0],[17542,0],[17543,0],[18054,0],]]
[17799,5,20,[[17800,0],[17798,0],[17543,0],[18055,0],]]
[17800,14,20,[[17799,0],[17801,0],[17544,0],[17545,0],[18056,0],]]
[17801,2,20,[[17802,0],[17800,0],[17545,0],[18057,0],]]
[17802,10,20,[[17801,0],[17803,0],[17546,0],[17547,0],[18058,0],]]
[17803,18,20,[[17804,0],[17802,0],[17547,0],[18059,0],]]
[17804,15,20,[[17803,0],[17805,0],[17548,0],[17549,0],[18060,0],]]
[17805,19,20,[[17806,0],[17804,0],[17549,0],[18061,0],]]
[17806,7,20,[[17805,0],[17807,0],[17550,0],[17551,0],[18062,0],]]
[17807,16,20,[[17808,0],[17806,0],[17551,0],[18063,0],]]
[17808,5,20,[[17807,0],[17809,0],[17552,0],[17553,0],[18064,0],]]
[17809,10,20,[[17810,0],[17808,0],[17553,0],[18065,0],]]
[17810,1,20,[[17809,0],[17811,0],[17554,0],[17555,0],[18066,0],]]
[17811,9,20,[[17812,0],[17810,0],[17555,0],[18067,0],]]
[17812,13,20,[[17811,0],[17813,0],[17556,0],[17557,0],[18068,0],]]
[17813,3,20,[[17814,0],[17812,0],[17557,0],[18069,0],]]
[17814,19,20,[[17813,0],[17815,0],[17558,0],[17559,0],[18070,0],]]
[17815,1,20,[[17816,0],[17814,0],[17559,0],[18071,0],]]
[17816,3,20,[[17815,0],[17817,0],[17560,0],[17561,0],[18072,0],]]
[17817,9,20,[[17818,0],[17816,0],[17561,0],[18073,0],]]
[17818,19,20,[[17817,0],[17819,0],[17562,0],[17563,0],[18074,0],]]
[17819,5,20,[[17820,0],[17818,0],[17563,0],[18075,0],]]
[17820,4,20,[[17819,0],[17821,0],[17564,0],[17565,0],[18076,0],]]
[17821,13,20,[[17822,0],[17820,0],[17565,0],[18077,0],]]
[17822,14,20,[[17821,0],[17823,0],[17566,0],[17567,0],[18078,0],]]
[17823,16,20,[[17824,0],[17822,0],[17567,0],[18079,0],]]
[17824,17,21,[[17823,0],[17825,0],[17568,0],[17569,0],[18080,0],]]
[17825,6,21,[[17826,0],[17824,0],[17569,0],[18081,0],]]
[17826,1,21,[[17825,0],[17827,0],[17570,0],[17571,0],[18082,0],]]
[17827,9,21,[[17828,0],[17826,0],[17571,0],[18083,0],]]
[17828,6,21,[[17827,0],[17829,0],[17572,0],[17573,0],[18084,0],]]
[17829,17,21,[[17830,0],[17828,0],[17573,0],[18085,0],]]
[17830,17,21,[[17829,0],[17831,0],[17574,0],[17575,0],[18086,0],]]
[17831,10,21,[[17832,0],[17830,0],[17575,0],[18087,0],]]
[17832,11,21,[[17831,0],[17833,0],[17576,0],[17577,0],[18088,0],]]
[17833,9,21,[[17834,0],[17832,0],[17577,0],[18089,0],]]
[17834,18,21,[[17833,0],[17835,0],[17578,0],[17579,0],[18090,0],]]
[17835,8,21,[[17836,0],[17834,0],[17579,0],[18091,0],]]
[17836,6,21,[[17835,0],[17837,0],[17580,0],[17581,0],[18092,0],]]
[17837,7,21,[[17838,0],[17836,0],[17581,0],[18093,0],]]
[17838,9,21,[[17837,0],[17839,0],[17582,0],[17583,0],[18094,0],]]
[17839,14,21,[[17840,0],[17838,0],[17583,0],[18095,0],]]
[17840,17,21,[[17839,0],[17841,0],[17584,0],[17585,0],[18096,0],]]
[17841,8,21,[[17842,0],[17840,0],[17585,0],[18097,0],]]
[17842,16,21,[[17841,0],[17843,0],[17586,0],[17587,0],[18098,0],]]
[17843,9,21,[[17844,0],[17842,0],[17587,0],[18099,0],]]
[17844,2,21,[[17843,0],[17845,0],[17588,0],[17589,0],[18100,0],]]
[17845,3,21,[[17846,0],[17844,0],[17589,0],[18101,0],]]
[17846,1,21,[[17845,0],[17847,0],[17590,0],[17591,0],[18102,0],]]
[17847,13,21,[[17848,0],[17846,0],[17591,0],[18103,0],]]
[17848,9,21,[[17847,0],[17849,0],[17592,0],[17593,0],[18104,0],]]
[17849,8,21,[[17850,0],[17848,0],[17593,0],[18105,0],]]
[17850,16,21,[[17849,0],[17851,0],[17594,0],[17595,0],[18106,0],]]
[17851,9,21,[[17852,0],[17850,0],[17595,0],[18107,0],]]
[17852,11,21,[[17851,0],[17853,0],[17596,0],[17597,0],[18108,0],]]
[17853,16,21,[[17854,0],[17852,0],[17597,0],[18109,0],]]
[17854,13,21,[[17853,0],[17855,0],[17598,0],[17599,0],[18110,0],]]
[17855,7,21,[[17856,0],[17854,0],[17599,0],[18111,0],]]
[17856,10,22,[[17855,0],[17857,0],[17600,0],[17601,0],[18112,0],]]
[17857,9,22,[[17858,0],[17856,0],[17601,0],[18113,0],]]
[17858,8,22,[[17857,0],[17859,0],[17602,0],[17603,0],[18114,0],]]
[17859,17,22,[[17860,0],[17858,0],[17603,0],[18115,0],]]
[17860,2,22,[[17859,0],[17861,0],[17604,0],[17605,0],[18116,0],]]
[17861,8,22,[[17862,0],[17860,0],[17605,0],[18117,0],]]
[17862,8,22,[[17861,0],[17863,0],[17606,0],[17607,0],[18118,0],]]
[17863,10,22,[[17864,0],[17862,0],[17607,0],[18119,0],]]
[17864,17,22,[[17863,0],[17865,0],[17608,0],[17609,0],[18120,0],]]
[17865,6,22,[[17866,0],[17864,0],[17609,0],[18121,0],]]
[17866,3,22,[[17865,0],[17867,0],[17610,0],[17611,0],[18122,0],]]
[17867,10,22,[[17868,0],[17866,0],[17611,0],[18123,0],]]
[17868,7,22,[[17867,0],[17869,0],[17612,0],[17613,0],[18124,0],]]
[17869,15,22,[[17870,0],[17868,0],[17613,0],[18125,0],]]
[17870,8,22,[[17869,0],[17871,0],[17614,0],[17615,0],[18126,0],]]
[17871,4,22,[[17872,0],[17870,0],[17615,0],[18127,0],]]
[17872,13,22,[[17871,0],[17873,0],[17616,0],[17617,0],[18128,0],]]
[17873,15,22,[[17874,0],[17872,0],[17617,0],[18129,0],]]
[17874,19,22,[[17873,0],[17875,0],[17618,0],[17619,0],[18130,0],]]
[17875,19,22,[[17876,0],[17874,0],[17619,0],[18131,0],]]
[17876,10,22,[[17875,0],[17877,0],[17620,0],[17621,0],[18132,0],]]
[17877,7,22,[[17878,0],[17876,0],[17621,0],[18133,0],]]
[17878,19,22,[[17877,0],[17879,0],[17622,0],[17623,0],[18134,0],]]
[17879,12,22,[[17880,0],[17878,0],[17623,0],[18135,0],]]
[17880,19,22,[[17879,0],[17881,0],[17624,0],[17625,0],[18136,0],]]
[17881,7,22,[[17882,0],[17880,0],[17625,0],[18137,0],]]
[17882,7,22,[[17881,0],[17883,0],[17626,0],[17627,0],[18138,0],]]
[17883,11,22,[[17884,0],[17882,0],[17627,0],[18139,0],]]
[17884,9,22,[[17883,0],[17885,0],[17628,0],[17629,0],[18140,0],]]
[17885,10,22,[[17886,0],[17884,0],[17629,0],[18141,0],]]
[17886,14,22,[[17885,0],[17887,0],[17630,0],[17631,0],[18142,0],]]
[17887,8,22,[[17888,0],[17886,0],[17631,0],[18143,0],]]
[17888,18,23,[[17887,0],[17889,0],[17632,0],[17633,0],[18144,0],]]
[17889,6,23,[[17890,0],[17888,0],[17633,0],[18145,0],]]
[17890,19,23,[[17889,0],[17891,0],[17634,0],[17635,0],[18146,0],]]
[17891,16,23,[[17892,0],[17890,0],[17635,0],[18147,0],]]
[17892,16,23,[[17891,0],[17893,0],[17636,0],[17637,0],[18148,0],]]
[17893,1,23,[[17894,0],[17892,0],[17637,0],[18149,0],]]
[17894,13,23,[[17893,0],[17895,0],[17638,0],[17639,0],[18150,0],]]
[17895,9,23,[[17896,0],[17894,0],[17639,0],[18151,0],]]
[17896,3,23,[[17895,0],[17897,0],[17640,0],[17641,0],[18152,0],]]
[17897,18,23,[[17898,0],[17896,0],[17641,0],[18153,0],]]
[17898,7,23,[[17897,0],[17899,0],[17642,0],[17643,0],[18154,0],]]
[17899,14,23,[[17900,0],[17898,0],[17643,0],[18155,0],]]
[17900,9,23,[[17899,0],[17901,0],[17644,0],[17645,0],[18156,0],]]
[17901,14,23,[[17902,0],[17900,0],[17645,0],[18157,0],]]
[17902,14,23,[[17901,0],[17903,0],[17646,0],[17647,0],[18158,0],]]
[17903,18,23,[[17904,0],[17902,0],[17647,0],[18159,0],]]
[17904,13,23,[[17903,0],[17905,0],[17648,0],[17649,0],[18160,0],]]
[17905,19,23,[[17906,0],[17904,0],[17649,0],[18161,0],]]
[17906,1,23,[[17905,0],[17907,0],[17650,0],[17651,0],[18162,0],]]
[17907,12,23,[[17908,0],[17906,0],[17651,0],[18163,0],]]
[17908,12,23,[[17907,0],[17909,0],[17652,0],[17653,0],[18164,0],]]
[17909,12,23,[[17910,0],[17908,0],[17653,0],[18165,0],]]
[17910,8,23,[[17909,0],[17911,0],[17654,0],[17655,0],[18166,0],]]
[17911,4,23,[[17912,0],[17910,0],[17655,0],[18167,0],]]
[17912,5,23,[[17911,0],[17913,0],[17656,0],[17657,0],[18168,0],]]
[17913,14,23,[[17914,0],[17912,0],[17657,0],[18169,0],]]
[17914,13,23,[[17913,0],[17915,0],[17658,0],[17659,0],[18170,0],]]
[17915,2,23,[[17916,0],[17914,0],[17659,0],[18171,0],]]
[17916,9,23,[[17915,0],[17917,0],[17660,0],[17661,0],[18172,0],]]
[17917,10,23,[[17918,0],[17916,0],[17661,0],[18173,0],]]
[17918,10,23,[[17917,0],[17919,0],[17662,0],[17663,0],[18174,0],]]
[17919,12,23,[[17918,0],[17663,0],[18175,0],]]
[17920,10,16,[[17921,0],[18176,0],[17664,0],]]
[17921,11,16,[[17922,0],[17920,0],[18177,0],[18176,0],[17665,0],]]
[17922,16,16,[[17921,0],[17923,0],[18178,0],[17666,0],]]
[17923,17,16,[[17924,0],[17922,0],[18179,0],[18178,0],[17667,0],]]
[17924,19,16,[[17923,0],[17925,0],[18180,0],[17668,0],]]
[17925,15,16,[[17926,0],[17924,0],[18181,0],[18180,0],[17669,0],]]
[17926,13,16,[[17925,0],[17927,0],[18182,0],[17670,0],]]
[17927,12,16,[[17928,0],[17926,0],[18183,0],[18182,0],[17671,0],]]
[17928,17,16,[[17927,0],[17929,0],[18184,0],[17672,0],]]
[17929,6,16,[[17930,0],[17928,0],[18185,0],[18184,0],[17673,0],]]
[17930,10,16,[[17929,0],[17931,0],[18186,0],[17674,0],]]
[17931,11,16,[[17932,0],[17930,0],[18187,0],[18186,0],[17675,0],]]
[17932,12,16,[[17931,0],[17933,0],[18188,0],[17676,0],]]
[17933,2,16,[[17934,0],[17932,0],[18189,0],[18188,0],[17677,0],]]
[17934,17,16,[[17933,0],[17935,0],[18190,0],[17678,0],]]
[17935,16,16,[[17936,0],[17934,0],[18191,0],[18190,0],[17679,0],]]
[17936,6,16,[[17935,0],[17937,0],[18192,0],[17680,0],]]
[17937,4,16,[[17938,0],[17936,0],[18193,0],[18192,0],[17681,0],]]
[17938,3,16,[[17937,0],[17939,0],[18194,0],[17682,0],]]
[17939,18,16,[[17940,0],[17938,0],[18195,0],[18194,0],[17683,0],]]
[17940,3,16,[[17939,0],[17941,0],[18196,0],[17684,0],]]
[17941,12,16,[[17942,0],[17940,0],[18197,0],[18196,0],[17685,0],]]
[17942,8,16,[[17941,0],[17943,0],[18198,0],[17686,0],]]
[17943,5,16,[[17944,0],[17942,0],[18199,0],[18198,0],[17687,0],]]
[17944,19,16,[[17943,0],[17945,0],[18200,0],[17688,0],]]
[17945,3,16,[[17946,0],[17944,0],[18201,0],[18200,0],[17689,0],]]
[17946,1,16,[[17945,0],[17947,0],[18202,0],[17690,0],]]
[17947,4,16,[[17948,0],[17946,0],[18203,0],[18202,0],[17691,0],]]
[17948,5,16,[[17947,0],[17949,0],[18204,0],[17692,0],]]
[17949,6,16,[[17950,0],[17948,0],[18205,0],[18204,0],[17693,0],]]
[17950,19,16,[[17949,0],[17951,0],[18206,0],[17694,0],]]
[17951,16,16,[[17952,0],[17950,0],[18207,0],[18206,0],[17695,0],]]
[17952,6,17,[[17951,0],[17953,0],[18208,0],[17696,0],]]
[17953,5,17,[[17954,0],[17952,0],[18209,0],[18208,0],[17697,0],]]
[17954,2,17,[[17953,0],[17955,0],[18210,0],[17698,0],]]
[17955,15,17,[[17956,0],[17954,0],[18211,0],[18210,0],[17699,0],]]
[17956,2,17,[[17955,0],[17957,0],[18212,0],[17700,0],]]
[17957,11,17,[[17958,0],[17956,0],[18213,0],[18212,0],[17701,0],]]
[17958,1,17,[[17957,0],[17959,0],[18214,0],[17702,0],]]
[17959,18,17,[[17960,0],[17958,0],[18215,0],[18214,0],[17703,0],]]
[17960,12,17,[[17959,0],[17961,0],[18216,0],[17704,0],]]
[17961,7,17,[[17962,0],[17960,0],[18217,0],[18216,0],[17705,0],]]
[17962,15,17,[[17961,0],[17963,0],[18218,0],[17706,0],]]
[17963,2,17,[[17964,0],[17962,0],[18219,0],[18218,0],[17707,0],]]
[17964,19,17,[[17963,0],[17965,0],[18220,0],[17708,0],]]
[17965,10,17,[[17966,0],[17964,0],[18221,0],[18220,0],[17709,0],]]
[17966,18,17,[[17965,0],[17967,0],[18222,0],[17710,0],]]
[17967,19,17,[[17968,0],[17966,0],[18223,0],[18222,0],[17711,0],]]
[17968,14,17,[[17967,0],[17969,0],[18224,0],[17712,0],]]
[17969,16,17,[[17970,0],[17968,0],[18225,0],[18224,0],[17713,0],]]
[17970,8,17,[[17969,0],[17971,0],[18226,0],[17714,0],]]
[17971,19,17,[[17972,0],[17970,0],[18227,0],[18226,0],[17715,0],]]
[17972,17,17,[[17971,0],[17973,0],[18228,0],[17716,0],]]
[17973,9,17,[[17974,0],[17972,0],[18229,0],[18228,0],[17717,0],]]
[17974,19,17,[[17973,0],[17975,0],[18230,0],[17718,0],]]
[17975,4,17,[[17976,0],[17974,0],[18231,0],[18230,0],[17719,0],]]
[17976,13,17,[[17975,0],[17977,0],[18232,0],[17720,0],]]
[17977,15,17,[[17978,0],[17976,0],[18233,0],[18232,0],[17721,0],]]
[17978,7,17,[[17977,0],[17979,0],[18234,0],[17722,0],]]
[17979,3,17,[[17980,0],[17978,0],[18235,0],[18234,0],[17723,0],]]
[17980,2,17,[[17979,0],[17981,0],[18236,0],[17724,0],]]
[17981,10,17,[[17982,0],[17980,0],[18237,0],[18236,0],[17725,0],]]
[17982,4,17,[[17981,0],[17983,0],[18238,0],[17726,0],]]
[17983,18,17,[[17984,0],[17982,0],[18239,0],[18238,0],[17727,0],]]
[17984,8,18,[[17983,0],[17985,0],[18240,0],[17728,0],]]
[17985,5,18,[[17986,0],[17984,0],[18241,0],[18240,0],[17729,0],]]
[17986,1,18,[[17985,0],[17987,0],[18242,0],[17730,0],]]
[17987,6,18,[[17988,0],[17986,0],[18243,0],[18242,0],[17731,0],]]
[17988,6,18,[[17987,0],[17989,0],[18244,0],[17732,0],]]
[17989,11,18,[[17990,0],[17988,0],[18245,0],[18244,0],[17733,0],]]
[17990,3,18,[[17989,0],[17991,0],[18246,0],[17734,0],]]
[17991,19,18,[[17992,0],[17990,0],[18247,0],[18246,0],[17735,0],]]
[17992,9,18,[[17991,0],[17993,0],[18248,0],[17736,0],]]
[17993,8,18,[[17994,0],[17992,0],[18249,0],[18248,0],[17737,0],]]
[17994,4,18,[[17993,0],[17995,0],[18250,0],[17738,0],]]
[17995,13,18,[[17996,0],[17994,0],[18251,0],[18250,0],[17739,0],]]
[17996,7,18,[[17995,0],[17997,0],[18252,0],[17740,0],]]
[17997,18,18,[[17998,0],[17996,0],[18253,0],[18252,0],[17741,0],]]
[17998,13,18,[[17997,0],[17999,0],[18254,0],[17742,0],]]
[17999,3,18,[[18000,0],[17998,0],[18255,0],[18254,0],[17743,0],]]
[18000,8,18,[[17999,0],[18001,0],[18256,0],[17744,0],]]
[18001,8,18,[[18002,0],[18000,0],[18257,0],[18256,0],[17745,0],]]
[18002,3,18,[[18001,0],[18003,0],[18258,0],[17746,0],]]
[18003,5,18,[[18004,0],[18002,0],[18259,0],[18258,0],[17747,0],]]
[18004,4,18,[[18003,0],[18005,0],[18260,0],[17748,0],]]
[18005,7,18,[[18006,0],[18004,0],[18261,0],[18260,0],[17749,0],]]
[18006,15,18,[[18005,0],[18007,0],[18262,0],[17750,0],]]
[18007,17,18,[[18008,0],[18006,0],[18263,0],[18262,0],[17751,0],]]
[18008,17,18,[[18007,0],[18009,0],[18264,0],[17752,0],]]
[18009,11,18,[[18010,0],[18008,0],[18265,0],[18264,0],[17753,0],]]
[18010,13,18,[[18009,0],[18011,0],[18266,0],[17754,0],]]
[18011,10,18,[[18012,0],[18010,0],[18267,0],[18266,0],[17755,0],]]
[18012,2,18,[[18011,0],[18013,0],[18268,0],[17756,0],]]
[18013,13,18,[[18014,0],[18012,0],[18269,0],[18268,0],[17757,0],]]
[18014,13,18,[[18013,0],[18015,0],[18270,0],[17758,0],]]
[18015,10,18,[[18016,0],[18014,0],[18271,0],[18270,0],[17759,0],]]
[18016,1,19,[[18015,0],[18017,0],[18272,0],[17760,0],]]
[18017,17,19,[[18018,0],[18016,0],[18273,0],[18272,0],[17761,0],]]
[18018,16,19,[[18017,0],[18019,0],[18274,0],[17762,0],]]
[18019,2,19,[[18020,0],[18018,0],[18275,0],[18274,0],[17763,0],]]
[18020,15,19,[[18019,0],[18021,0],[18276,0],[17764,0],]]
[18021,10,19,[[18022,0],[18020,0],[18277,0],[18276,0],[17765,0],]]
[18022,6,19,[[18021,0],[18023,0],[18278,0],[17766,0],]]
[18023,18,19,[[18024,0],[18022,0],[18279,0],[18278,0],[17767,0],]]
[18024,17,19,[[18023,0],[18025,0],[18280,0],[17768,0],]]
[18025,12,19,[[18026,0],[18024,0],[18281,0],[18280,0],[17769,0],]]
[18026,6,19,[[18025,0],[18027,0],[18282,0],[17770,0],]]
[18027,1,19,[[18028,0],[18026,0],[18283,0],[18282,0],[17771,0],]]
[18028,14,19,[[18027,0],[18029,0],[18284,0],[17772,0],]]
[18029,3,19,[[18030,0],[18028,0],[18285,0],[18284,0],[17773,0],]]
[18030,15,19,[[18029,0],[18031,0],[18286,0],[17774,0],]]
[18031,14,19,[[18032,0],[18030,0],[18287,0],[18286,0],[17775,0],]]
[18032,9,19,[[18031,0],[18033,0],[18288,0],[17776,0],]]
[18033,9,19,[[18034,0],[18032,0],[18289,0],[18288,0],[17777,0],]]
[18034,17,19,[[18033,0],[18035,0],[18290,0],[17778,0],]]
[18035,16,19,[[18036,0],[18034,0],[18291,0],[18290,0],[17779,0],]]
[18036,4,19,[[18035,0],[18037,0],[18292,0],[17780,0],]]
[18037,11,19,[[18038,0],[18036,0],[18293,0],[18292,0],[17781,0],]]
[18038,11,19,[[18037,0],[18039,0],[18294,0],[17782,0],]]
[18039,9,19,[[18040,0],[18038,0],[18295,0],[18294,0],[17783,0],]]
[18040,4,19,[[18039,0],[18041,0],[18296,0],[17784,0],]]
[18041,7,19,[[18042,0],[18040,0],[18297,0],[18296,0],[17785,0],]]
[18042,16,19,[[18041,0],[18043,0],[18298,0],[17786,0],]]
[18043,13,19,[[18044,0],[18042,0],[18299,0],[18298,0],[17787,0],]]
[18044,5,19,[[18043,0],[18045,0],[18300,0],[17788,0],]]
[18045,10,19,[[18046,0],[18044,0],[18301,0],[18300,0],[17789,0],]]
[18046,14,19,[[18045,0],[18047,0],[18302,0],[17790,0],]]
[18047,17,19,[[18048,0],[18046,0],[18303,0],[18302,0],[17791,0],]]
[18048,4,20,[[18047,0],[18049,0],[18304,0],[17792,0],]]
[18049,18,20,[[18050,0],[18048,0],[18305,0],[18304,0],[17793,0],]]
[18050,17,20,[[18049,0],[18051,0],[18306,0],[17794,0],]]
[18051,9,20,[[18052,0],[18050,0],[18307,0],[18306,0],[17795,0],]]
[18052,17,20,[[18051,0],[18053,0],[18308,0],[17796,0],]]
[18053,8,20,[[18054,0],[18052,0],[18309,0],[18308,0],[17797,0],]]
[18054,8,20,[[18053,0],[18055,0],[18310,0],[17798,0],]]
[18055,6,20,[[18056,0],[18054,0],[18311,0],[18310,0],[17799,0],]]
[18056,18,20,[[18055,0],[18057,0],[18312,0],[17800,0],]]
[18057,7,20,[[18058,0],[18056,0],[18313,0],[18312,0],[17801,0],]]
[18058,18,20,[[18057,0],[18059,0],[18314,0],[17802,0],]]
[18059,9,20,[[18060,0],[18058,0],[18315,0],[18314,0],[17803,0],]]
[18060,18,20,[[18059,0],[18061,0],[18316,0],[17804,0],]]
[18061,12,20,[[18062,0],[18060,0],[18317,0],[18316,0],[17805,0],]]
[18062,6,20,[[18061,0],[18063,0],[18318,0],[17806,0],]]
[18063,3,20,[[18064,0],[18062,0],[18319,0],[18318,0],[17807,0],]]
[18064,15,20,[[18063,0],[18065,0],[18320,0],[17808,0],]]
[18065,6,20,[[18066,0],[18064,0],[18321,0],[18320,0],[17809,0],]]
[18066,2,20,[[18065,0],[18067,0],[18322,0],[17810,0],]]
[18067,2,20,[[18068,0],[18066,0],[18323,0],[18322,0],[17811,0],]]
[18068,18,20,[[18067,0],[18069,0],[18324,0],[17812,0],]]
[18069,14,20,[[18070,0],[18068,0],[18325,0],[18324,0],[17813,0],]]
[18070,3,20,[[18069,0],[18071,0],[18326,0],[17814,0],]]
[18071,9,20,[[18072,0],[18070,0],[18327,0],[18326,0],[17815,0],]]
[18072,9,20,[[18071,0],[18073,0],[18328,0],[17816,0],]]
[18073,10,20,[[18074,0],[18072,0],[18329,0],[18328,0],[17817,0],]]
[18074,16,20,[[18073,0],[18075,0],[18330,0],[17818,0],]]
[18075,4,20,[[18076,0],[18074,0],[18331,0],[18330,0],[17819,0],]]
[18076,14,20,[[18075,0],[18077,0],[18332,0],[17820,0],]]
[18077,19,20,[[18078,0],[18076,0],[18333,0],[18332,0],[17821,0],]]
[18078,11,20,[[18077,0],[18079,0],[18334,0],[17822,0],]]
[18079,16,20,[[18080,0],[18078,0],[18335,0],[18334,0],[17823,0],]]
[18080,6,21,[[18079,0],[18081,0],[18336,0],[17824,0],]]
[18081,1,21,[[18082,0],[18080,0],[18337,0],[18336,0],[17825,0],]]
[18082,17,21,[[18081,0],[18083,0],[18338,0],[17826,0],]]
[18083,14,21,[[18084,0],[18082,0],[18339,0],[18338,0],[17827,0],]]
[18084,18,21,[[18083,0],[18085,0],[18340,0],[17828,0],]]
[18085,11,21,[[18086,0],[18084,0],[18341,0],[18340,0],[17829,0],]]
[18086,16,21,[[18085,0],[18087,0],[18342,0],[17830,0],]]
[18087,14,21,[[18088,0],[18086,0],[18343,0],[18342,0],[17831,0],]]
[18088,13,21,[[18087,0],[18089,0],[18344,0],[17832,0],]]
[18089,5,21,[[18090,0],[18088,0],[18345,0],[18344,0],[17833,0],]]
[18090,6,21,[[18089,0],[18091,0],[18346,0],[17834,0],]]
[18091,11,21,[[18092,0],[18090,0],[18347,0],[18346,0],[17835,0],]]
[18092,3,21,[[18091,0],[18093,0],[18348,0],[17836,0],]]
[18093,16,21,[[18094,0],[18092,0],[18349,0],[18348,0],[17837,0],]]
[18094,1,21,[[18093,0],[18095,0],[18350,0],[17838,0],]]
[18095,6,21,[[18096,0],[18094,0],[18351,0],[18350,0],[17839,0],]]
[18096,14,21,[[18095,0],[18097,0],[18352,0],[17840,0],]]
[18097,14,21,[[18098,0],[18096,0],[18353,0],[18352,0],[17841,0],]]
[18098,8,21,[[18097,0],[18099,0],[18354,0],[17842,0],]]
[18099,4,21,[[18100,0],[18098,0],[18355,0],[18354,0],[17843,0],]]
[18100,12,21,[[18099,0],[18101,0],[18356,0],[17844,0],]]
[18101,8,21,[[18102,0],[18100,0],[18357,0],[18356,0],[17845,0],]]
[18102,12,21,[[18101,0],[18103,0],[18358,0],[17846,0],]]
[18103,8,21,[[18104,0],[18102,0],[18359,0],[18358,0],[17847,0],]]
[18104,17,21,[[18103,0],[18105,0],[18360,0],[17848,0],]]
[18105,17,21,[[18106,0],[18104,0],[18361,0],[18360,0],[17849,0],]]
[18106,9,21,[[18105,0],[18107,0],[18362,0],[17850,0],]]
[18107,12,21,[[18108,0],[18106,0],[18363,0],[18362,0],[17851,0],]]
[18108,19,21,[[18107,0],[18109,0],[18364,0],[17852,0],]]
[18109,18,21,[[18110,0],[18108,0],[18365,0],[18364,0],[17853,0],]]
[18110,8,21,[[18109,0],[18111,0],[18366,0],[17854,0],]]
[18111,1,21,[[18112,0],[18110,0],[18367,0],[18366,0],[17855,0],]]
[18112,10,22,[[18111,0],[18113,0],[18368,0],[17856,0],]]
[18113,4,22,[[18114,0],[18112,0],[18369,0],[18368,0],[17857,0],]]
[18114,8,22,[[18113,0],[18115,0],[18370,0],[17858,0],]]
[18115,9,22,[[18116,0],[18114,0],[18371,0],[18370,0],[17859,0],]]
[18116,6,22,[[18115,0],[18117,0],[18372,0],[17860,0],]]
[18117,6,22,[[18118,0],[18116,0],[18373,0],[18372,0],[17861,0],]]
[18118,16,22,[[18117,0],[18119,0],[18374,0],[17862,0],]]
[18119,3,22,[[18120,0],[18118,0],[18375,0],[18374,0],[17863,0],]]
[18120,2,22,[[18119,0],[18121,0],[18376,0],[17864,0],]]
[18121,3,22,[[18122,0],[18120,0],[18377,0],[18376,0],[17865,0],]]
[18122,16,22,[[18121,0],[18123,0],[18378,0],[17866,0],]]
[18123,10,22,[[18124,0],[18122,0],[18379,0],[18378,0],[17867,0],]]
[18124,3,22,[[18123,0],[18125,0],[18380,0],[17868,0],]]
[18125,17,22,[[18126,0],[18124,0],[18381,0],[18380,0],[17869,0],]]
[18126,13,22,[[18125,0],[18127,0],[18382,0],[17870,0],]]
[18127,3,22,[[18128,0],[18126,0],[18383,0],[18382,0],[17871,0],]]
[18128,8,22,[[18127,0],[18129,0],[18384,0],[17872,0],]]
[18129,5,22,[[18130,0],[18128,0],[18385,0],[18384,0],[17873,0],]]
[18130,14,22,[[18129,0],[18131,0],[18386,0],[17874,0],]]
[18131,9,22,[[18132,0],[18130,0],[18387,0],[18386,0],[17875,0],]]
[18132,2,22,[[18131,0],[18133,0],[18388,0],[17876,0],]]
[18133,11,22,[[18134,0],[18132,0],[18389,0],[18388,0],[17877,0],]]
[18134,9,22,[[18133,0],[18135,0],[18390,0],[17878,0],]]
[18135,14,22,[[18136,0],[18134,0],[18391,0],[18390,0],[17879,0],]]
[18136,6,22,[[18135,0],[18137,0],[18392,0],[17880,0],]]
[18137,8,22,[[18138,0],[18136,0],[18393,0],[18392,0],[17881,0],]]
[18138,5,22,[[18137,0],[18139,0],[18394,0],[17882,0],]]
[18139,12,22,[[18140,0],[18138,0],[18395,0],[18394,0],[17883,0],]]
[18140,4,22,[[18139,0],[18141,0],[18396,0],[17884,0],]]
[18141,9,22,[[18142,0],[18140,0],[18397,0],[18396,0],[17885,0],]]
[18142,6,22,[[18141,0],[18143,0],[18398,0],[17886,0],]]
[18143,17,22,[[18144,0],[18142,0],[18399,0],[18398,0],[17887,0],]]
[18144,13,23,[[18143,0],[18145,0],[18400,0],[17888,0],]]
[18145,14,23,[[18146,0],[18144,0],[18401,0],[18400,0],[17889,0],]]
[18146,17,23,[[18145,0],[18147,0],[18402,0],[17890,0],]]
[18147,13,23,[[18148,0],[18146,0],[18403,0],[18402,0],[17891,0],]]
[18148,2,23,[[18147,0],[18149,0],[18404,0],[17892,0],]]
[18149,19,23,[[18150,0],[18148,0],[18405,0],[18404,0],[17893,0],]]
[18150,8,23,[[18149,0],[18151,0],[18406,0],[17894,0],]]
[18151,15,23,[[18152,0],[18150,0],[18407,0],[18406,0],[17895,0],]]
[18152,18,23,[[18151,0],[18153,0],[18408,0],[17896,0],]]
[18153,10,23,[[18154,0],[18152,0],[18409,0],[18408,0],[17897,0],]]
[18154,5,23,[[18153,0],[18155,0],[18410,0],[17898,0],]]
[18155,12,23,[[18156,0],[18154,0],[18411,0],[18410,0],[17899,0],]]
[18156,1,23,[[18155,0],[18157,0],[18412,0],[17900,0],]]
[18157,5,23,[[18158,0],[18156,0],[18413,0],[18412,0],[17901,0],]]
[18158,18,23,[[18157,0],[18159,0],[18414,0],[17902,0],]]
[18159,10,23,[[18160,0],[18158,0],[18415,0],[18414,0],[17903,0],]]
[18160,12,23,[[18159,0],[18161,0],[18416,0],[17904,0],]]
[18161,2,23,[[18162,0],[18160,0],[18417,0],[18416,0],[17905,0],]]
[18162,19,23,[[18161,0],[18163,0],[18418,0],[17906,0],]]
[18163,1,23,[[18164,0],[18162,0],[18419,0],[18418,0],[17907,0],]]
[18164,16,23,[[18163,0],[18165,0],[18420,0],[17908,0],]]
[18165,7,23,[[18166,0],[18164,0],[18421,0],[18420,0],[17909,0],]]
[18166,11,23,[[18165,0],[18167,0],[18422,0],[17910,0],]]
[18167,19,23,[[18168,0],[18166,0],[18423,0],[18422,0],[17911,0],]]
[18168,8,23,[[18167,0],[18169,0],[18424,0],[17912,0],]]
[18169,4,23,[[18170,0],[18168,0],[18425,0],[18424,0],[17913,0],]]
[18170,17,23,[[18169,0],[18171,0],[18426,0],[17914,0],]]
[18171,6,23,[[18172,0],[18170,0],[18427,0],[18426,0],[17915,0],]]
[18172,7,23,[[18171,0],[18173,0],[18428,0],[17916,0],]]
[18173,18,23,[[18174,0],[18172,0],[18429,0],[18428,0],[17917,0],]]
[18174,4,23,[[18173,0],[18175,0],[18430,0],[17918,0],]]
[18175,1,23,[[18174,0],[18431,0],[18430,0],[17919,0],]]
[18176,9,16,[[18177,0],[17920,0],[17921,0],[18432,0],]]
[18177,14,16,[[18178,0],[18176,0],[17921,0],[18433,0],]]
[18178,8,16,[[18177,0],[18179,0],[17922,0],[17923,0],[18434,0],]]
[18179,2,16,[[18180,0],[18178,0],[17923,0],[18435,0],]]
[18180,19,16,[[18179,0],[18181,0],[17924,0],[17925,0],[18436,0],]]
[18181,7,16,[[18182,0],[18180,0],[17925,0],[18437,0],]]
[18182,15,16,[[18181,0],[18183,0],[17926,0],[17927,0],[18438,0],]]
[18183,11,16,[[18184,0],[18182,0],[17927,0],[18439,0],]]
[18184,9,16,[[18183,0],[18185,0],[17928,0],[17929,0],[18440,0],]]
[18185,19,16,[[18186,0],[18184,0],[17929,0],[18441,0],]]
[18186,15,16,[[18185,0],[18187,0],[17930,0],[17931,0],[18442,0],]]
[18187,14,16,[[18188,0],[18186,0],[17931,0],[18443,0],]]
[18188,8,16,[[18187,0],[18189,0],[17932,0],[17933,0],[18444,0],]]
[18189,10,16,[[18190,0],[18188,0],[17933,0],[18445,0],]]
[18190,9,16,[[18189,0],[18191,0],[17934,0],[17935,0],[18446,0],]]
[18191,7,16,[[18192,0],[18190,0],[17935,0],[18447,0],]]
[18192,2,16,[[18191,0],[18193,0],[17936,0],[17937,0],[18448,0],]]
[18193,4,16,[[18194,0],[18192,0],[17937,0],[18449,0],]]
[18194,13,16,[[18193,0],[18195,0],[17938,0],[17939,0],[18450,0],]]
[18195,12,16,[[18196,0],[18194,0],[17939,0],[18451,0],]]
[18196,13,16,[[18195,0],[18197,0],[17940,0],[17941,0],[18452,0],]]
[18197,2,16,[[18198,0],[18196,0],[17941,0],[18453,0],]]
[18198,7,16,[[18197,0],[18199,0],[17942,0],[17943,0],[18454,0],]]
[18199,10,16,[[18200,0],[18198,0],[17943,0],[18455,0],]]
[18200,15,16,[[18199,0],[18201,0],[17944,0],[17945,0],[18456,0],]]
[18201,6,16,[[18202,0],[18200,0],[17945,0],[18457,0],]]
[18202,12,16,[[18201,0],[18203,0],[17946,0],[17947,0],[18458,0],]]
[18203,3,16,[[18204,0],[18202,0],[17947,0],[18459,0],]]
[18204,13,16,[[18203,0],[18205,0],[17948,0],[17949,0],[18460,0],]]
[18205,6,16,[[18206,0],[18204,0],[17949,0],[18461,0],]]
[18206,19,16,[[18205,0],[18207,0],[17950,0],[17951,0],[18462,0],]]
[18207,15,16,[[18208,0],[18206,0],[17951,0],[18463,0],]]
[18208,13,17,[[18207,0],[18209,0],[17952,0],[17953,0],[18464,0],]]
[18209,6,17,[[18210,0],[18208,0],[17953,0],[18465,0],]]
[18210,19,17,[[18209,0],[18211,0],[17954,0],[17955,0],[18466,0],]]
[18211,2,17,[[18212,0],[18210,0],[17955,0],[18467,0],]]
[18212,7,17,[[18211,0],[18213,0],[17956,0],[17957,0],[18468,0],]]
[18213,4,17,[[18214,0],[18212,0],[17957,0],[18469,0],]]
[18214,11,17,[[18213,0],[18215,0],[17958,0],[17959,0],[18470,0],]]
[18215,6,17,[[18216,0],[18214,0],[17959,0],[18471,0],]]
[18216,17,17,[[18215,0],[18217,0],[17960,0],[17961,0],[18472,0],]]
[18217,2,17,[[18218,0],[18216,0],[17961,0],[18473,0],]]
[18218,11,17,[[18217,0],[18219,0],[17962,0],[17963,0],[18474,0],]]
[18219,3,17,[[18220,0],[18218,0],[17963,0],[18475,0],]]
[18220,8,17,[[18219,0],[18221,0],[17964,0],[17965,0],[18476,0],]]
[18221,1,17,[[18222,0],[18220,0],[17965,0],[18477,0],]]
[18222,1,17,[[18221,0],[18223,0],[17966,0],[17967,0],[18478,0],]]
[18223,17,17,[[18224,0],[18222,0],[17967,0],[18479,0],]]
[18224,12,17,[[18223,0],[18225,0],[17968,0],[17969,0],[18480,0],]]
[18225,6,17,[[18226,0],[18224,0],[17969,0],[18481,0],]]
[18226,5,17,[[18225,0],[18227,0],[17970,0],[17971,0],[18482,0],]]
[18227,5,17,[[18228,0],[18226,0],[17971,0],[18483,0],]]
[18228,16,17,[[18227,0],[18229,0],[17972,0],[17973,0],[18484,0],]]
[18229,12,17,[[18230,0],[18228,0],[17973,0],[18485,0],]]
[18230,14,17,[[18229,0],[18231,0],[17974,0],[17975,0],[18486,0],]]
[18231,7,17,[[18232,0],[18230,0],[17975,0],[18487,0],]]
[18232,10,17,[[18231,0],[18233,0],[17976,0],[17977,0],[18488,0],]]
[18233,12,17,[[18234,0],[18232,0],[17977,0],[18489,0],]]
[18234,18,17,[[18233,0],[18235,0],[17978,0],[17979,0],[18490,0],]]
[18235,19,17,[[18236,0],[18234,0],[17979,0],[18491,0],]]
[18236,15,17,[[18235,0],[18237,0],[17980,0],[17981,0],[18492,0],]]
[18237,14,17,[[18238,0],[18236,0],[17981,0],[18493,0],]]
[18238,7,17,[[18237,0],[18239,0],[17982,0],[17983,0],[18494,0],]]
[18239,7,17,[[18240,0],[18238,0],[17983,0],[18495,0],]]
[18240,8,18,[[18239,0],[18241,0],[17984,0],[17985,0],[18496,0],]]
[18241,9,18,[[18242,0],[18240,0],[17985,0],[18497,0],]]
[18242,16,18,[[18241,0],[18243,0],[17986,0],[17987,0],[18498,0],]]
[18243,15,18,[[18244,0],[18242,0],[17987,0],[18499,0],]]
[18244,18,18,[[18243,0],[18245,0],[17988,0],[17989,0],[18500,0],]]
[18245,14,18,[[18246,0],[18244,0],[17989,0],[18501,0],]]
[18246,8,18,[[18245,0],[18247,0],[17990,0],[17991,0],[18502,0],]]
[18247,5,18,[[18248,0],[18246,0],[17991,0],[18503,0],]]
[18248,1,18,[[18247,0],[18249,0],[17992,0],[17993,0],[18504,0],]]
[18249,3,18,[[18250,0],[18248,0],[17993,0],[18505,0],]]
[18250,12,18,[[18249,0],[18251,0],[17994,0],[17995,0],[18506,0],]]
[18251,7,18,[[18252,0],[18250,0],[17995,0],[18507,0],]]
[18252,6,18,[[18251,0],[18253,0],[17996,0],[17997,0],[18508,0],]]
[18253,9,18,[[18254,0],[18252,0],[17997,0],[18509,0],]]
[18254,3,18,[[18253,0],[18255,0],[17998,0],[17999,0],[18510,0],]]
[18255,19,18,[[18256,0],[18254,0],[17999,0],[18511,0],]]
[18256,17,18,[[18255,0],[18257,0],[18000,0],[18001,0],[18512,0],]]
[18257,4,18,[[18258,0],[18256,0],[18001,0],[18513,0],]]
[18258,12,18,[[18257,0],[18259,0],[18002,0],[18003,0],[18514,0],]]
[18259,11,18,[[18260,0],[18258,0],[18003,0],[18515,0],]]
[18260,17,18,[[18259,0],[18261,0],[18004,0],[18005,0],[18516,0],]]
[18261,16,18,[[18262,0],[18260,0],[18005,0],[18517,0],]]
[18262,10,18,[[18261,0],[18263,0],[18006,0],[18007,0],[18518,0],]]
[18263,3,18,[[18264,0],[18262,0],[18007,0],[18519,0],]]
[18264,19,18,[[18263,0],[18265,0],[18008,0],[18009,0],[18520,0],]]
[18265,14,18,[[18266,0],[18264,0],[18009,0],[18521,0],]]
[18266,9,18,[[18265,0],[18267,0],[18010,0],[18011,0],[18522,0],]]
[18267,17,18,[[18268,0],[18266,0],[18011,0],[18523,0],]]
[18268,13,18,[[18267,0],[18269,0],[18012,0],[18013,0],[18524,0],]]
[18269,14,18,[[18270,0],[18268,0],[18013,0],[18525,0],]]
[18270,12,18,[[18269,0],[18271,0],[18014,0],[18015,0],[18526,0],]]
[18271,10,18,[[18272,0],[18270,0],[18015,0],[18527,0],]]
[18272,10,19,[[18271,0],[18273,0],[18016,0],[18017,0],[18528,0],]]
[18273,17,19,[[18274,0],[18272,0],[18017,0],[18529,0],]]
[18274,15,19,[[18273,0],[18275,0],[18018,0],[18019,0],[18530,0],]]
[18275,15,19,[[18276,0],[18274,0],[18019,0],[18531,0],]]
[18276,7,19,[[18275,0],[18277,0],[18020,0],[18021,0],[18532,0],]]
[18277,19,19,[[18278,0],[18276,0],[18021,0],[18533,0],]]
[18278,19,19,[[18277,0],[18279,0],[18022,0],[18023,0],[18534,0],]]
[18279,15,19,[[18280,0],[18278,0],[18023,0],[18535,0],]]
[18280,13,19,[[18279,0],[18281,0],[18024,0],[18025,0],[18536,0],]]
[18281,4,19,[[18282,0],[18280,0],[18025,0],[18537,0],]]
[18282,16,19,[[18281,0],[18283,0],[18026,0],[18027,0],[18538,0],]]
[18283,16,19,[[18284,0],[18282,0],[18027,0],[18539,0],]]
[18284,7,19,[[18283,0],[18285,0],[18028,0],[18029,0],[18540,0],]]
[18285,12,19,[[18286,0],[18284,0],[18029,0],[18541,0],]]
[18286,4,19,[[18285,0],[18287,0],[18030,0],[18031,0],[18542,0],]]
[18287,14,19,[[18288,0],[18286,0],[18031,0],[18543,0],]]
[18288,15,19,[[18287,0],[18289,0],[18032,0],[18033,0],[18544,0],]]
[18289,18,19,[[18290,0],[18288,0],[18033,0],[18545,0],]]
[18290,18,19,[[18289,0],[18291,0],[18034,0],[18035,0],[18546,0],]]
[18291,14,19,[[18292,0],[18290,0],[18035,0],[18547,0],]]
[18292,12,19,[[18291,0],[18293,0],[18036,0],[18037,0],[18548,0],]]
[18293,6,19,[[18294,0],[18292,0],[18037,0],[18549,0],]]
[18294,9,19,[[18293,0],[18295,0],[18038,0],[18039,0],[18550,0],]]
[18295,15,19,[[18296,0],[18294,0],[18039,0],[18551,0],]]
[18296,8,19,[[18295,0],[18297,0],[18040,0],[18041,0],[18552,0],]]
[18297,8,19,[[18298,0],[18296,0],[18041,0],[18553,0],]]
[18298,3,19,[[18297,0],[18299,0],[18042,0],[18043,0],[18554,0],]]
[18299,16,19,[[18300,0],[18298,0],[18043,0],[18555,0],]]
[18300,11,19,[[18299,0],[18301,0],[18044,0],[18045,0],[18556,0],]]
[18301,17,19,[[18302,0],[18300,0],[18045,0],[18557,0],]]
[18302,14,19,[[18301,0],[18303,0],[18046,0],[18047,0],[18558,0],]]
[18303,8,19,[[18304,0],[18302,0],[18047,0],[18559,0],]]
[18304,7,20,[[18303,0],[18305,0],[18048,0],[18049,0],[18560,0],]]
[18305,1,20,[[18306,0],[18304,0],[18049,0],[18561,0],]]
[18306,3,20,[[18305,0],[18307,0],[18050,0],[18051,0],[18562,0],]]
[18307,15,20,[[18308,0],[18306,0],[18051,0],[18563,0],]]
[18308,4,20,[[18307,0],[18309,0],[18052,0],[18053,0],[18564,0],]]
[18309,13,20,[[18310,0],[18308,0],[18053,0],[18565,0],]]
[18310,3,20,[[18309,0],[18311,0],[18054,0],[18055,0],[18566,0],]]
[18311,3,20,[[18312,0],[18310,0],[18055,0],[18567,0],]]
[18312,18,20,[[18311,0],[18313,0],[18056,0],[18057,0],[18568,0],]]
[18313,7,20,[[18314,0],[18312,0],[18057,0],[18569,0],]]
[18314,15,20,[[18313,0],[18315,0],[18058,0],[18059,0],[18570,0],]]
[18315,4,20,[[18316,0],[18314,0],[18059,0],[18571,0],]]
[18316,5,20,[[18315,0],[18317,0],[18060,0],[18061,0],[18572,0],]]
[18317,9,20,[[18318,0],[18316,0],[18061,0],[18573,0],]]
[18318,10,20,[[18317,0],[18319,0],[18062,0],[18063,0],[18574,0],]]
[18319,16,20,[[18320,0],[18318,0],[18063,0],[18575,0],]]
[18320,6,20,[[18319,0],[18321,0],[18064,0],[18065,0],[18576,0],]]
[18321,4,20,[[18322,0],[18320,0],[18065,0],[18577,0],]]
[18322,19,20,[[18321,0],[18323,0],[18066,0],[18067,0],[18578,0],]]
[18323,2,20,[[18324,0],[18322,0],[18067,0],[18579,0],]]
[18324,10,20,[[18323,0],[18325,0],[18068,0],[18069,0],[18580,0],]]
[18325,5,20,[[18326,0],[18324,0],[18069,0],[18581,0],]]
[18326,8,20,[[18325,0],[18327,0],[18070,0],[18071,0],[18582,0],]]
[18327,13,20,[[18328,0],[18326,0],[18071,0],[18583,0],]]
[18328,12,20,[[18327,0],[18329,0],[18072,0],[18073,0],[18584,0],]]
[18329,5,20,[[18330,0],[18328,0],[18073,0],[18585,0],]]
[18330,9,20,[[18329,0],[18331,0],[18074,0],[18075,0],[18586,0],]]
[18331,8,20,[[18332,0],[18330,0],[18075,0],[18587,0],]]
[18332,2,20,[[18331,0],[18333,0],[18076,0],[18077,0],[18588,0],]]
[18333,16,20,[[18334,0],[18332,0],[18077,0],[18589,0],]]
[18334,12,20,[[18333,0],[18335,0],[18078,0],[18079,0],[18590,0],]]
[18335,10,20,[[18336,0],[18334,0],[18079,0],[18591,0],]]
[18336,11,21,[[18335,0],[18337,0],[18080,0],[18081,0],[18592,0],]]
[18337,16,21,[[18338,0],[18336,0],[18081,0],[18593,0],]]
[18338,13,21,[[18337,0],[18339,0],[18082,0],[18083,0],[18594,0],]]
[18339,8,21,[[18340,0],[18338,0],[18083,0],[18595,0],]]
[18340,7,21,[[18339,0],[18341,0],[18084,0],[18085,0],[18596,0],]]
[18341,7,21,[[18342,0],[18340,0],[18085,0],[18597,0],]]
[18342,8,21,[[18341,0],[18343,0],[18086,0],[18087,0],[18598,0],]]
[18343,17,21,[[18344,0],[18342,0],[18087,0],[18599,0],]]
[18344,19,21,[[18343,0],[18345,0],[18088,0],[18089,0],[18600,0],]]
[18345,13,21,[[18346,0],[18344,0],[18089,0],[18601,0],]]
[18346,2,21,[[18345,0],[18347,0],[18090,0],[18091,0],[18602,0],]]
[18347,2,21,[[18348,0],[18346,0],[18091,0],[18603,0],]]
[18348,18,21,[[18347,0],[18349,0],[18092,0],[18093,0],[18604,0],]]
[18349,8,21,[[18350,0],[18348,0],[18093,0],[18605,0],]]
