[17039,16,20,[[17040,0],[17038,0],[17295,0],[17294,0],[16783,0],]]
[17040,1,20,[[17039,0],[17041,0],[17296,0],[16784,0],]]
[17041,18,20,[[17042,0],[17040,0],[17297,0],[17296,0],[16785,0],]]
[17042,2,20,[[17041,0],[17043,0],[17298,0],[16786,0],]]
[17043,14,20,[[17044,0],[17042,0],[17299,0],[17298,0],[16787,0],]]
[17044,16,20,[[17043,0],[17045,0],[17300,0],[16788,0],]]
[17045,12,20,[[17046,0],[17044,0],[17301,0],[17300,0],[16789,0],]]
[17046,12,20,[[17045,0],[17047,0],[17302,0],[16790,0],]]
[17047,12,20,[[17048,0],[17046,0],[17303,0],[17302,0],[16791,0],]]
[17048,7,20,[[17047,0],[17049,0],[17304,0],[16792,0],]]
[17049,17,20,[[17050,0],[17048,0],[17305,0],[17304,0],[16793,0],]]
[17050,15,20,[[17049,0],[17051,0],[17306,0],[16794,0],]]
[17051,6,20,[[17052,0],[17050,0],[17307,0],[17306,0],[16795,0],]]
[17052,12,20,[[17051,0],[17053,0],[17308,0],[16796,0],]]
[17053,17,20,[[17054,0],[17052,0],[17309,0],[17308,0],[16797,0],]]
[17054,11,20,[[17053,0],[17055,0],[17310,0],[16798,0],]]
[17055,16,20,[[17056,0],[17054,0],[17311,0],[17310,0],[16799,0],]]
[17056,1,21,[[17055,0],[17057,0],[17312,0],[16800,0],]]
[17057,2,21,[[17058,0],[17056,0],[17313,0],[17312,0],[16801,0],]]
[17058,19,21,[[17057,0],[17059,0],[17314,0],[16802,0],]]
[17059,13,21,[[17060,0],[17058,0],[17315,0],[17314,0],[16803,0],]]
[17060,13,21,[[17059,0],[17061,0],[17316,0],[16804,0],]]
[17061,19,21,[[17062,0],[17060,0],[17317,0],[17316,0],[16805,0],]]
[17062,17,21,[[17061,0],[17063,0],[17318,0],[16806,0],]]
[17063,4,21,[[17064,0],[17062,0],[17319,0],[17318,0],[16807,0],]]
[17064,1,21,[[17063,0],[17065,0],[17320,0],[16808,0],]]
[17065,14,21,[[17066,0],[17064,0],[17321,0],[17320,0],[16809,0],]]
[17066,2,21,[[17065,0],[17067,0],[17322,0],[16810,0],]]
[17067,10,21,[[17068,0],[17066,0],[17323,0],[17322,0],[16811,0],]]
[17068,11,21,[[17067,0],[17069,0],[17324,0],[16812,0],]]
[17069,10,21,[[17070,0],[17068,0],[17325,0],[17324,0],[16813,0],]]
[17070,6,21,[[17069,0],[17071,0],[17326,0],[16814,0],]]
[17071,6,21,[[17072,0],[17070,0],[17327,0],[17326,0],[16815,0],]]
[17072,6,21,[[17071,0],[17073,0],[17328,0],[16816,0],]]
[17073,19,21,[[17074,0],[17072,0],[17329,0],[17328,0],[16817,0],]]
[17074,7,21,[[17073,0],[17075,0],[17330,0],[16818,0],]]
[17075,19,21,[[17076,0],[17074,0],[17331,0],[17330,0],[16819,0],]]
[17076,1,21,[[17075,0],[17077,0],[17332,0],[16820,0],]]
[17077,5,21,[[17078,0],[17076,0],[17333,0],[17332,0],[16821,0],]]
[17078,15,21,[[17077,0],[17079,0],[17334,0],[16822,0],]]
[17079,4,21,[[17080,0],[17078,0],[17335,0],[17334,0],[16823,0],]]
[17080,16,21,[[17079,0],[17081,0],[17336,0],[16824,0],]]
[17081,14,21,[[17082,0],[17080,0],[17337,0],[17336,0],[16825,0],]]
[17082,11,21,[[17081,0],[17083,0],[17338,0],[16826,0],]]
[17083,11,21,[[17084,0],[17082,0],[17339,0],[17338,0],[16827,0],]]
[17084,17,21,[[17083,0],[17085,0],[17340,0],[16828,0],]]
[17085,16,21,[[17086,0],[17084,0],[17341,0],[17340,0],[16829,0],]]
[17086,7,21,[[17085,0],[17087,0],[17342,0],[16830,0],]]
[17087,7,21,[[17088,0],[17086,0],[17343,0],[17342,0],[16831,0],]]
[17088,2,22,[[17087,0],[17089,0],[17344,0],[16832,0],]]
[17089,15,22,[[17090,0],[17088,0],[17345,0],[17344,0],[16833,0],]]
[17090,2,22,[[17089,0],[17091,0],[17346,0],[16834,0],]]
[17091,1,22,[[17092,0],[17090,0],[17347,0],[17346,0],[16835,0],]]
[17092,10,22,[[17091,0],[17093,0],[17348,0],[16836,0],]]
[17093,9,22,[[17094,0],[17092,0],[17349,0],[17348,0],[16837,0],]]
[17094,6,22,[[17093,0],[17095,0],[17350,0],[16838,0],]]
[17095,6,22,[[17096,0],[17094,0],[17351,0],[17350,0],[16839,0],]]
[17096,10,22,[[17095,0],[17097,0],[17352,0],[16840,0],]]
[17097,1,22,[[17098,0],[17096,0],[17353,0],[17352,0],[16841,0],]]
[17098,13,22,[[17097,0],[17099,0],[17354,0],[16842,0],]]
[17099,9,22,[[17100,0],[17098,0],[17355,0],[17354,0],[16843,0],]]
[17100,10,22,[[17099,0],[17101,0],[17356,0],[16844,0],]]
[17101,18,22,[[17102,0],[17100,0],[17357,0],[17356,0],[16845,0],]]
[17102,10,22,[[17101,0],[17103,0],[17358,0],[16846,0],]]
[17103,9,22,[[17104,0],[17102,0],[17359,0],[17358,0],[16847,0],]]
[17104,3,22,[[17103,0],[17105,0],[17360,0],[16848,0],]]
[17105,2,22,[[17106,0],[17104,0],[17361,0],[17360,0],[16849,0],]]
[17106,16,22,[[17105,0],[17107,0],[17362,0],[16850,0],]]
[17107,13,22,[[17108,0],[17106,0],[17363,0],[17362,0],[16851,0],]]
[17108,19,22,[[17107,0],[17109,0],[17364,0],[16852,0],]]
[17109,1,22,[[17110,0],[17108,0],[17365,0],[17364,0],[16853,0],]]
[17110,4,22,[[17109,0],[17111,0],[17366,0],[16854,0],]]
[17111,9,22,[[17112,0],[17110,0],[17367,0],[17366,0],[16855,0],]]
[17112,9,22,[[17111,0],[17113,0],[17368,0],[16856,0],]]
[17113,3,22,[[17114,0],[17112,0],[17369,0],[17368,0],[16857,0],]]
[17114,16,22,[[17113,0],[17115,0],[17370,0],[16858,0],]]
[17115,3,22,[[17116,0],[17114,0],[17371,0],[17370,0],[16859,0],]]
[17116,14,22,[[17115,0],[17117,0],[17372,0],[16860,0],]]
[17117,8,22,[[17118,0],[17116,0],[17373,0],[17372,0],[16861,0],]]
[17118,14,22,[[17117,0],[17119,0],[17374,0],[16862,0],]]
[17119,11,22,[[17120,0],[17118,0],[17375,0],[17374,0],[16863,0],]]
[17120,4,23,[[17119,0],[17121,0],[17376,0],[16864,0],]]
[17121,10,23,[[17122,0],[17120,0],[17377,0],[17376,0],[16865,0],]]
[17122,13,23,[[17121,0],[17123,0],[17378,0],[16866,0],]]
[17123,2,23,[[17124,0],[17122,0],[17379,0],[17378,0],[16867,0],]]
[17124,17,23,[[17123,0],[17125,0],[17380,0],[16868,0],]]
[17125,4,23,[[17126,0],[17124,0],[17381,0],[17380,0],[16869,0],]]
[17126,1,23,[[17125,0],[17127,0],[17382,0],[16870,0],]]
[17127,2,23,[[17128,0],[17126,0],[17383,0],[17382,0],[16871,0],]]
[17128,10,23,[[17127,0],[17129,0],[17384,0],[16872,0],]]
[17129,13,23,[[17130,0],[17128,0],[17385,0],[17384,0],[16873,0],]]
[17130,16,23,[[17129,0],[17131,0],[17386,0],[16874,0],]]
[17131,7,23,[[17132,0],[17130,0],[17387,0],[17386,0],[16875,0],]]
[17132,18,23,[[17131,0],[17133,0],[17388,0],[16876,0],]]
[17133,7,23,[[17134,0],[17132,0],[17389,0],[17388,0],[16877,0],]]
[17134,13,23,[[17133,0],[17135,0],[17390,0],[16878,0],]]
[17135,3,23,[[17136,0],[17134,0],[17391,0],[17390,0],[16879,0],]]
[17136,16,23,[[17135,0],[17137,0],[17392,0],[16880,0],]]
[17137,16,23,[[17138,0],[17136,0],[17393,0],[17392,0],[16881,0],]]
[17138,17,23,[[17137,0],[17139,0],[17394,0],[16882,0],]]
[17139,4,23,[[17140,0],[17138,0],[17395,0],[17394,0],[16883,0],]]
[17140,8,23,[[17139,0],[17141,0],[17396,0],[16884,0],]]
[17141,9,23,[[17142,0],[17140,0],[17397,0],[17396,0],[16885,0],]]
[17142,14,23,[[17141,0],[17143,0],[17398,0],[16886,0],]]
[17143,4,23,[[17144,0],[17142,0],[17399,0],[17398,0],[16887,0],]]
[17144,1,23,[[17143,0],[17145,0],[17400,0],[16888,0],]]
[17145,1,23,[[17146,0],[17144,0],[17401,0],[17400,0],[16889,0],]]
[17146,2,23,[[17145,0],[17147,0],[17402,0],[16890,0],]]
[17147,5,23,[[17148,0],[17146,0],[17403,0],[17402,0],[16891,0],]]
[17148,5,23,[[17147,0],[17149,0],[17404,0],[16892,0],]]
[17149,13,23,[[17150,0],[17148,0],[17405,0],[17404,0],[16893,0],]]
[17150,10,23,[[17149,0],[17151,0],[17406,0],[16894,0],]]
[17151,16,23,[[17150,0],[17407,0],[17406,0],[16895,0],]]
[17152,10,16,[[17153,0],[16896,0],[16897,0],[17408,0],]]
[17153,19,16,[[17154,0],[17152,0],[16897,0],[17409,0],]]
[17154,15,16,[[17153,0],[17155,0],[16898,0],[16899,0],[17410,0],]]
[17155,9,16,[[17156,0],[17154,0],[16899,0],[17411,0],]]
[17156,18,16,[[17155,0],[17157,0],[16900,0],[16901,0],[17412,0],]]
[17157,10,16,[[17158,0],[17156,0],[16901,0],[17413,0],]]
[17158,15,16,[[17157,0],[17159,0],[16902,0],[16903,0],[17414,0],]]
[17159,14,16,[[17160,0],[17158,0],[16903,0],[17415,0],]]
[17160,19,16,[[17159,0],[17161,0],[16904,0],[16905,0],[17416,0],]]
[17161,18,16,[[17162,0],[17160,0],[16905,0],[17417,0],]]
[17162,7,16,[[17161,0],[17163,0],[16906,0],[16907,0],[17418,0],]]
[17163,1,16,[[17164,0],[17162,0],[16907,0],[17419,0],]]
[17164,7,16,[[17163,0],[17165,0],[16908,0],[16909,0],[17420,0],]]
[17165,4,16,[[17166,0],[17164,0],[16909,0],[17421,0],]]
[17166,9,16,[[17165,0],[17167,0],[16910,0],[16911,0],[17422,0],]]
[17167,10,16,[[17168,0],[17166,0],[16911,0],[17423,0],]]
[17168,4,16,[[17167,0],[17169,0],[16912,0],[16913,0],[17424,0],]]
[17169,11,16,[[17170,0],[17168,0],[16913,0],[17425,0],]]
[17170,15,16,[[17169,0],[17171,0],[16914,0],[16915,0],[17426,0],]]
[17171,15,16,[[17172,0],[17170,0],[16915,0],[17427,0],]]
[17172,1,16,[[17171,0],[17173,0],[16916,0],[16917,0],[17428,0],]]
[17173,14,16,[[17174,0],[17172,0],[16917,0],[17429,0],]]
[17174,4,16,[[17173,0],[17175,0],[16918,0],[16919,0],[17430,0],]]
[17175,14,16,[[17176,0],[17174,0],[16919,0],[17431,0],]]
[17176,10,16,[[17175,0],[17177,0],[16920,0],[16921,0],[17432,0],]]
[17177,4,16,[[17178,0],[17176,0],[16921,0],[17433,0],]]
[17178,17,16,[[17177,0],[17179,0],[16922,0],[16923,0],[17434,0],]]
[17179,4,16,[[17180,0],[17178,0],[16923,0],[17435,0],]]
[17180,16,16,[[17179,0],[17181,0],[16924,0],[16925,0],[17436,0],]]
[17181,13,16,[[17182,0],[17180,0],[16925,0],[17437,0],]]
[17182,17,16,[[17181,0],[17183,0],[16926,0],[16927,0],[17438,0],]]
[17183,2,16,[[17184,0],[17182,0],[16927,0],[17439,0],]]
[17184,10,17,[[17183,0],[17185,0],[16928,0],[16929,0],[17440,0],]]
[17185,15,17,[[17186,0],[17184,0],[16929,0],[17441,0],]]
[17186,16,17,[[17185,0],[17187,0],[16930,0],[16931,0],[17442,0],]]
[17187,3,17,[[17188,0],[17186,0],[16931,0],[17443,0],]]
[17188,11,17,[[17187,0],[17189,0],[16932,0],[16933,0],[17444,0],]]
[17189,16,17,[[17190,0],[17188,0],[16933,0],[17445,0],]]
[17190,2,17,[[17189,0],[17191,0],[16934,0],[16935,0],[17446,0],]]
[17191,18,17,[[17192,0],[17190,0],[16935,0],[17447,0],]]
[17192,4,17,[[17191,0],[17193,0],[16936,0],[16937,0],[17448,0],]]
[17193,5,17,[[17194,0],[17192,0],[16937,0],[17449,0],]]
[17194,3,17,[[17193,0],[17195,0],[16938,0],[16939,0],[17450,0],]]
[17195,11,17,[[17196,0],[17194,0],[16939,0],[17451,0],]]
[17196,5,17,[[17195,0],[17197,0],[16940,0],[16941,0],[17452,0],]]
[17197,3,17,[[17198,0],[17196,0],[16941,0],[17453,0],]]
[17198,15,17,[[17197,0],[17199,0],[16942,0],[16943,0],[17454,0],]]
[17199,3,17,[[17200,0],[17198,0],[16943,0],[17455,0],]]
[17200,14,17,[[17199,0],[17201,0],[16944,0],[16945,0],[17456,0],]]
[17201,13,17,[[17202,0],[17200,0],[16945,0],[17457,0],]]
[17202,1,17,[[17201,0],[17203,0],[16946,0],[16947,0],[17458,0],]]
[17203,9,17,[[17204,0],[17202,0],[16947,0],[17459,0],]]
[17204,19,17,[[17203,0],[17205,0],[16948,0],[16949,0],[17460,0],]]
[17205,15,17,[[17206,0],[17204,0],[16949,0],[17461,0],]]
[17206,10,17,[[17205,0],[17207,0],[16950,0],[16951,0],[17462,0],]]
[17207,4,17,[[17208,0],[17206,0],[16951,0],[17463,0],]]
[17208,5,17,[[17207,0],[17209,0],[16952,0],[16953,0],[17464,0],]]
[17209,4,17,[[17210,0],[17208,0],[16953,0],[17465,0],]]
[17210,13,17,[[17209,0],[17211,0],[16954,0],[16955,0],[17466,0],]]
[17211,15,17,[[17212,0],[17210,0],[16955,0],[17467,0],]]
[17212,15,17,[[17211,0],[17213,0],[16956,0],[16957,0],[17468,0],]]
[17213,17,17,[[17214,0],[17212,0],[16957,0],[17469,0],]]
[17214,16,17,[[17213,0],[17215,0],[16958,0],[16959,0],[17470,0],]]
[17215,12,17,[[17216,0],[17214,0],[16959,0],[17471,0],]]
[17216,16,18,[[17215,0],[17217,0],[16960,0],[16961,0],[17472,0],]]
[17217,7,18,[[17218,0],[17216,0],[16961,0],[17473,0],]]
[17218,19,18,[[17217,0],[17219,0],[16962,0],[16963,0],[17474,0],]]
[17219,9,18,[[17220,0],[17218,0],[16963,0],[17475,0],]]
[17220,17,18,[[17219,0],[17221,0],[16964,0],[16965,0],[17476,0],]]
[17221,5,18,[[17222,0],[17220,0],[16965,0],[17477,0],]]
[17222,4,18,[[17221,0],[17223,0],[16966,0],[16967,0],[17478,0],]]
[17223,6,18,[[17224,0],[17222,0],[16967,0],[17479,0],]]
[17224,9,18,[[17223,0],[17225,0],[16968,0],[16969,0],[17480,0],]]
[17225,12,18,[[17226,0],[17224,0],[16969,0],[17481,0],]]
[17226,1,18,[[17225,0],[17227,0],[16970,0],[16971,0],[17482,0],]]
[17227,16,18,[[17228,0],[17226,0],[16971,0],[17483,0],]]
[17228,9,18,[[17227,0],[17229,0],[16972,0],[16973,0],[17484,0],]]
[17229,13,18,[[17230,0],[17228,0],[16973,0],[17485,0],]]
[17230,11,18,[[17229,0],[17231,0],[16974,0],[16975,0],[17486,0],]]
[17231,14,18,[[17232,0],[17230,0],[16975,0],[17487,0],]]
[17232,8,18,[[17231,0],[17233,0],[16976,0],[16977,0],[17488,0],]]
[17233,3,18,[[17234,0],[17232,0],[16977,0],[17489,0],]]
[17234,18,18,[[17233,0],[17235,0],[16978,0],[16979,0],[17490,0],]]
[17235,2,18,[[17236,0],[17234,0],[16979,0],[17491,0],]]
[17236,1,18,[[17235,0],[17237,0],[16980,0],[16981,0],[17492,0],]]
[17237,14,18,[[17238,0],[17236,0],[16981,0],[17493,0],]]
[17238,18,18,[[17237,0],[17239,0],[16982,0],[16983,0],[17494,0],]]
[17239,6,18,[[17240,0],[17238,0],[16983,0],[17495,0],]]
[17240,8,18,[[17239,0],[17241,0],[16984,0],[16985,0],[17496,0],]]
[17241,7,18,[[17242,0],[17240,0],[16985,0],[17497,0],]]
[17242,7,18,[[17241,0],[17243,0],[16986,0],[16987,0],[17498,0],]]
[17243,6,18,[[17244,0],[17242,0],[16987,0],[17499,0],]]
[17244,3,18,[[17243,0],[17245,0],[16988,0],[16989,0],[17500,0],]]
[17245,13,18,[[17246,0],[17244,0],[16989,0],[17501,0],]]
[17246,1,18,[[17245,0],[17247,0],[16990,0],[16991,0],[17502,0],]]
[17247,18,18,[[17248,0],[17246,0],[16991,0],[17503,0],]]
[17248,13,19,[[17247,0],[17249,0],[16992,0],[16993,0],[17504,0],]]
[17249,5,19,[[17250,0],[17248,0],[16993,0],[17505,0],]]
[17250,1,19,[[17249,0],[17251,0],[16994,0],[16995,0],[17506,0],]]
[17251,10,19,[[17252,0],[17250,0],[16995,0],[17507,0],]]
[17252,19,19,[[17251,0],[17253,0],[16996,0],[16997,0],[17508,0],]]
[17253,6,19,[[17254,0],[17252,0],[16997,0],[17509,0],]]
[17254,11,19,[[17253,0],[17255,0],[16998,0],[16999,0],[17510,0],]]
[17255,5,19,[[17256,0],[17254,0],[16999,0],[17511,0],]]
[17256,16,19,[[17255,0],[17257,0],[17000,0],[17001,0],[17512,0],]]
[17257,5,19,[[17258,0],[17256,0],[17001,0],[17513,0],]]
[17258,6,19,[[17257,0],[17259,0],[17002,0],[17003,0],[17514,0],]]
[17259,11,19,[[17260,0],[17258,0],[17003,0],[17515,0],]]
[17260,7,19,[[17259,0],[17261,0],[17004,0],[17005,0],[17516,0],]]
[17261,14,19,[[17262,0],[17260,0],[17005,0],[17517,0],]]
[17262,4,19,[[17261,0],[17263,0],[17006,0],[17007,0],[17518,0],]]
[17263,3,19,[[17264,0],[17262,0],[17007,0],[17519,0],]]
[17264,1,19,[[17263,0],[17265,0],[17008,0],[17009,0],[17520,0],]]
[17265,17,19,[[17266,0],[17264,0],[17009,0],[17521,0],]]
[17266,1,19,[[17265,0],[17267,0],[17010,0],[17011,0],[17522,0],]]
[17267,6,19,[[17268,0],[17266,0],[17011,0],[17523,0],]]
[17268,16,19,[[17267,0],[17269,0],[17012,0],[17013,0],[17524,0],]]
[17269,16,19,[[17270,0],[17268,0],[17013,0],[17525,0],]]
[17270,10,19,[[17269,0],[17271,0],[17014,0],[17015,0],[17526,0],]]
[17271,8,19,[[17272,0],[17270,0],[17015,0],[17527,0],]]
[17272,18,19,[[17271,0],[17273,0],[17016,0],[17017,0],[17528,0],]]
[17273,17,19,[[17274,0],[17272,0],[17017,0],[17529,0],]]
[17274,18,19,[[17273,0],[17275,0],[17018,0],[17019,0],[17530,0],]]
[17275,7,19,[[17276,0],[17274,0],[17019,0],[17531,0],]]
[17276,1,19,[[17275,0],[17277,0],[17020,0],[17021,0],[17532,0],]]
[17277,8,19,[[17278,0],[17276,0],[17021,0],[17533,0],]]
[17278,12,19,[[17277,0],[17279,0],[17022,0],[17023,0],[17534,0],]]
[17279,18,19,[[17280,0],[17278,0],[17023,0],[17535,0],]]
[17280,8,20,[[17279,0],[17281,0],[17024,0],[17025,0],[17536,0],]]
[17281,16,20,[[17282,0],[17280,0],[17025,0],[17537,0],]]
[17282,6,20,[[17281,0],[17283,0],[17026,0],[17027,0],[17538,0],]]
[17283,17,20,[[17284,0],[17282,0],[17027,0],[17539,0],]]
[17284,7,20,[[17283,0],[17285,0],[17028,0],[17029,0],[17540,0],]]
[17285,8,20,[[17286,0],[17284,0],[17029,0],[17541,0],]]
[17286,9,20,[[17285,0],[17287,0],[17030,0],[17031,0],[17542,0],]]
[17287,18,20,[[17288,0],[17286,0],[17031,0],[17543,0],]]
[17288,13,20,[[17287,0],[17289,0],[17032,0],[17033,0],[17544,0],]]
[17289,2,20,[[17290,0],[17288,0],[17033,0],[17545,0],]]
[17290,17,20,[[17289,0],[17291,0],[17034,0],[17035,0],[17546,0],]]
[17291,1,20,[[17292,0],[17290,0],[17035,0],[17547,0],]]
[17292,2,20,[[17291,0],[17293,0],[17036,0],[17037,0],[17548,0],]]
[17293,11,20,[[17294,0],[17292,0],[17037,0],[17549,0],]]
[17294,9,20,[[17293,0],[17295,0],[17038,0],[17039,0],[17550,0],]]
[17295,10,20,[[17296,0],[17294,0],[17039,0],[17551,0],]]
[17296,18,20,[[17295,0],[17297,0],[17040,0],[17041,0],[17552,0],]]
[17297,5,20,[[17298,0],[17296,0],[17041,0],[17553,0],]]
[17298,19,20,[[17297,0],[17299,0],[17042,0],[17043,0],[17554,0],]]
[17299,8,20,[[17300,0],[17298,0],[17043,0],[17555,0],]]
[17300,19,20,[[17299,0],[17301,0],[17044,0],[17045,0],[17556,0],]]
[17301,10,20,[[17302,0],[17300,0],[17045,0],[17557,0],]]
[17302,13,20,[[17301,0],[17303,0],[17046,0],[17047,0],[17558,0],]]
[17303,4,20,[[17304,0],[17302,0],[17047,0],[17559,0],]]
[17304,15,20,[[17303,0],[17305,0],[17048,0],[17049,0],[17560,0],]]
[17305,6,20,[[17306,0],[17304,0],[17049,0],[17561,0],]]
[17306,19,20,[[17305,0],[17307,0],[17050,0],[17051,0],[17562,0],]]
[17307,1,20,[[17308,0],[17306,0],[17051,0],[17563,0],]]
[17308,9,20,[[17307,0],[17309,0],[17052,0],[17053,0],[17564,0],]]
[17309,3,20,[[17310,0],[17308,0],[17053,0],[17565,0],]]
[17310,6,20,[[17309,0],[17311,0],[17054,0],[17055,0],[17566,0],]]
[17311,1,20,[[17312,0],[17310,0],[17055,0],[17567,0],]]
[17312,11,21,[[17311,0],[17313,0],[17056,0],[17057,0],[17568,0],]]
[17313,5,21,[[17314,0],[17312,0],[17057,0],[17569,0],]]
[17314,8,21,[[17313,0],[17315,0],[17058,0],[17059,0],[17570,0],]]
[17315,3,21,[[17316,0],[17314,0],[17059,0],[17571,0],]]
[17316,11,21,[[17315,0],[17317,0],[17060,0],[17061,0],[17572,0],]]
[17317,10,21,[[17318,0],[17316,0],[17061,0],[17573,0],]]
[17318,4,21,[[17317,0],[17319,0],[17062,0],[17063,0],[17574,0],]]
[17319,5,21,[[17320,0],[17318,0],[17063,0],[17575,0],]]
[17320,5,21,[[17319,0],[17321,0],[17064,0],[17065,0],[17576,0],]]
[17321,6,21,[[17322,0],[17320,0],[17065,0],[17577,0],]]
[17322,11,21,[[17321,0],[17323,0],[17066,0],[17067,0],[17578,0],]]
[17323,9,21,[[17324,0],[17322,0],[17067,0],[17579,0],]]
[17324,17,21,[[17323,0],[17325,0],[17068,0],[17069,0],[17580,0],]]
[17325,19,21,[[17326,0],[17324,0],[17069,0],[17581,0],]]
[17326,7,21,[[17325,0],[17327,0],[17070,0],[17071,0],[17582,0],]]
[17327,9,21,[[17328,0],[17326,0],[17071,0],[17583,0],]]
[17328,14,21,[[17327,0],[17329,0],[17072,0],[17073,0],[17584,0],]]
[17329,5,21,[[17330,0],[17328,0],[17073,0],[17585,0],]]
[17330,6,21,[[17329,0],[17331,0],[17074,0],[17075,0],[17586,0],]]
[17331,7,21,[[17332,0],[17330,0],[17075,0],[17587,0],]]
[17332,10,21,[[17331,0],[17333,0],[17076,0],[17077,0],[17588,0],]]
[17333,10,21,[[17334,0],[17332,0],[17077,0],[17589,0],]]
[17334,1,21,[[17333,0],[17335,0],[17078,0],[17079,0],[17590,0],]]
[17335,3,21,[[17336,0],[17334,0],[17079,0],[17591,0],]]
[17336,3,21,[[17335,0],[17337,0],[17080,0],[17081,0],[17592,0],]]
[17337,12,21,[[17338,0],[17336,0],[17081,0],[17593,0],]]
[17338,7,21,[[17337,0],[17339,0],[17082,0],[17083,0],[17594,0],]]
[17339,2,21,[[17340,0],[17338,0],[17083,0],[17595,0],]]
[17340,5,21,[[17339,0],[17341,0],[17084,0],[17085,0],[17596,0],]]
[17341,15,21,[[17342,0],[17340,0],[17085,0],[17597,0],]]
[17342,15,21,[[17341,0],[17343,0],[17086,0],[17087,0],[17598,0],]]
[17343,12,21,[[17344,0],[17342,0],[17087,0],[17599,0],]]
[17344,13,22,[[17343,0],[17345,0],[17088,0],[17089,0],[17600,0],]]
[17345,6,22,[[17346,0],[17344,0],[17089,0],[17601,0],]]
[17346,1,22,[[17345,0],[17347,0],[17090,0],[17091,0],[17602,0],]]
[17347,17,22,[[17348,0],[17346,0],[17091,0],[17603,0],]]
[17348,4,22,[[17347,0],[17349,0],[17092,0],[17093,0],[17604,0],]]
[17349,12,22,[[17350,0],[17348,0],[17093,0],[17605,0],]]
[17350,16,22,[[17349,0],[17351,0],[17094,0],[17095,0],[17606,0],]]
[17351,2,22,[[17352,0],[17350,0],[17095,0],[17607,0],]]
[17352,11,22,[[17351,0],[17353,0],[17096,0],[17097,0],[17608,0],]]
[17353,15,22,[[17354,0],[17352,0],[17097,0],[17609,0],]]
[17354,8,22,[[17353,0],[17355,0],[17098,0],[17099,0],[17610,0],]]
[17355,1,22,[[17356,0],[17354,0],[17099,0],[17611,0],]]
[17356,12,22,[[17355,0],[17357,0],[17100,0],[17101,0],[17612,0],]]
[17357,19,22,[[17358,0],[17356,0],[17101,0],[17613,0],]]
[17358,14,22,[[17357,0],[17359,0],[17102,0],[17103,0],[17614,0],]]
[17359,6,22,[[17360,0],[17358,0],[17103,0],[17615,0],]]
[17360,8,22,[[17359,0],[17361,0],[17104,0],[17105,0],[17616,0],]]
[17361,19,22,[[17362,0],[17360,0],[17105,0],[17617,0],]]
[17362,7,22,[[17361,0],[17363,0],[17106,0],[17107,0],[17618,0],]]
[17363,18,22,[[17364,0],[17362,0],[17107,0],[17619,0],]]
[17364,7,22,[[17363,0],[17365,0],[17108,0],[17109,0],[17620,0],]]
[17365,6,22,[[17366,0],[17364,0],[17109,0],[17621,0],]]
[17366,16,22,[[17365,0],[17367,0],[17110,0],[17111,0],[17622,0],]]
[17367,2,22,[[17368,0],[17366,0],[17111,0],[17623,0],]]
[17368,7,22,[[17367,0],[17369,0],[17112,0],[17113,0],[17624,0],]]
[17369,13,22,[[17370,0],[17368,0],[17113,0],[17625,0],]]
[17370,2,22,[[17369,0],[17371,0],[17114,0],[17115,0],[17626,0],]]
[17371,5,22,[[17372,0],[17370,0],[17115,0],[17627,0],]]
[17372,14,22,[[17371,0],[17373,0],[17116,0],[17117,0],[17628,0],]]
[17373,15,22,[[17374,0],[17372,0],[17117,0],[17629,0],]]
[17374,15,22,[[17373,0],[17375,0],[17118,0],[17119,0],[17630,0],]]
[17375,1,22,[[17376,0],[17374,0],[17119,0],[17631,0],]]
[17376,10,23,[[17375,0],[17377,0],[17120,0],[17121,0],[17632,0],]]
[17377,1,23,[[17378,0],[17376,0],[17121,0],[17633,0],]]
[17378,6,23,[[17377,0],[17379,0],[17122,0],[17123,0],[17634,0],]]
[17379,5,23,[[17380,0],[17378,0],[17123,0],[17635,0],]]
[17380,6,23,[[17379,0],[17381,0],[17124,0],[17125,0],[17636,0],]]
[17381,1,23,[[17382,0],[17380,0],[17125,0],[17637,0],]]
[17382,18,23,[[17381,0],[17383,0],[17126,0],[17127,0],[17638,0],]]
[17383,16,23,[[17384,0],[17382,0],[17127,0],[17639,0],]]
[17384,10,23,[[17383,0],[17385,0],[17128,0],[17129,0],[17640,0],]]
[17385,12,23,[[17386,0],[17384,0],[17129,0],[17641,0],]]
[17386,5,23,[[17385,0],[17387,0],[17130,0],[17131,0],[17642,0],]]
[17387,2,23,[[17388,0],[17386,0],[17131,0],[17643,0],]]
[17388,14,23,[[17387,0],[17389,0],[17132,0],[17133,0],[17644,0],]]
[17389,10,23,[[17390,0],[17388,0],[17133,0],[17645,0],]]
[17390,19,23,[[17389,0],[17391,0],[17134,0],[17135,0],[17646,0],]]
[17391,18,23,[[17392,0],[17390,0],[17135,0],[17647,0],]]
[17392,15,23,[[17391,0],[17393,0],[17136,0],[17137,0],[17648,0],]]
[17393,16,23,[[17394,0],[17392,0],[17137,0],[17649,0],]]
[17394,18,23,[[17393,0],[17395,0],[17138,0],[17139,0],[17650,0],]]
[17395,18,23,[[17396,0],[17394,0],[17139,0],[17651,0],]]
[17396,19,23,[[17395,0],[17397,0],[17140,0],[17141,0],[17652,0],]]
[17397,18,23,[[17398,0],[17396,0],[17141,0],[17653,0],]]
[17398,6,23,[[17397,0],[17399,0],[17142,0],[17143,0],[17654,0],]]
[17399,1,23,[[17400,0],[17398,0],[17143,0],[17655,0],]]
[17400,10,23,[[17399,0],[17401,0],[17144,0],[17145,0],[17656,0],]]
[17401,3,23,[[17402,0],[17400,0],[17145,0],[17657,0],]]
[17402,14,23,[[17401,0],[17403,0],[17146,0],[17147,0],[17658,0],]]
[17403,16,23,[[17404,0],[17402,0],[17147,0],[17659,0],]]
[17404,11,23,[[17403,0],[17405,0],[17148,0],[17149,0],[17660,0],]]
[17405,5,23,[[17406,0],[17404,0],[17149,0],[17661,0],]]
[17406,7,23,[[17405,0],[17407,0],[17150,0],[17151,0],[17662,0],]]
[17407,1,23,[[17406,0],[17151,0],[17663,0],]]
[17408,9,16,[[17409,0],[17664,0],[17152,0],]]
[17409,8,16,[[17410,0],[17408,0],[17665,0],[17664,0],[17153,0],]]
[17410,7,16,[[17409,0],[17411,0],[17666,0],[17154,0],]]
[17411,2,16,[[17412,0],[17410,0],[17667,0],[17666,0],[17155,0],]]
[17412,12,16,[[17411,0],[17413,0],[17668,0],[17156,0],]]
[17413,14,16,[[17414,0],[17412,0],[17669,0],[17668,0],[17157,0],]]
[17414,9,16,[[17413,0],[17415,0],[17670,0],[17158,0],]]
[17415,4,16,[[17416,0],[17414,0],[17671,0],[17670,0],[17159,0],]]
[17416,17,16,[[17415,0],[17417,0],[17672,0],[17160,0],]]
[17417,1,16,[[17418,0],[17416,0],[17673,0],[17672,0],[17161,0],]]
[17418,17,16,[[17417,0],[17419,0],[17674,0],[17162,0],]]
[17419,4,16,[[17420,0],[17418,0],[17675,0],[17674,0],[17163,0],]]
[17420,10,16,[[17419,0],[17421,0],[17676,0],[17164,0],]]
[17421,5,16,[[17422,0],[17420,0],[17677,0],[17676,0],[17165,0],]]
[17422,16,16,[[17421,0],[17423,0],[17678,0],[17166,0],]]
[17423,2,16,[[17424,0],[17422,0],[17679,0],[17678,0],[17167,0],]]
[17424,11,16,[[17423,0],[17425,0],[17680,0],[17168,0],]]
[17425,4,16,[[17426,0],[17424,0],[17681,0],[17680,0],[17169,0],]]
[17426,18,16,[[17425,0],[17427,0],[17682,0],[17170,0],]]
[17427,7,16,[[17428,0],[17426,0],[17683,0],[17682,0],[17171,0],]]
[17428,2,16,[[17427,0],[17429,0],[17684,0],[17172,0],]]
[17429,4,16,[[17430,0],[17428,0],[17685,0],[17684,0],[17173,0],]]
[17430,19,16,[[17429,0],[17431,0],[17686,0],[17174,0],]]
[17431,14,16,[[17432,0],[17430,0],[17687,0],[17686,0],[17175,0],]]
[17432,17,16,[[17431,0],[17433,0],[17688,0],[17176,0],]]
[17433,18,16,[[17434,0],[17432,0],[17689,0],[17688,0],[17177,0],]]
[17434,17,16,[[17433,0],[17435,0],[17690,0],[17178,0],]]
[17435,5,16,[[17436,0],[17434,0],[17691,0],[17690,0],[17179,0],]]
[17436,7,16,[[17435,0],[17437,0],[17692,0],[17180,0],]]
[17437,3,16,[[17438,0],[17436,0],[17693,0],[17692,0],[17181,0],]]
[17438,4,16,[[17437,0],[17439,0],[17694,0],[17182,0],]]
[17439,2,16,[[17440,0],[17438,0],[17695,0],[17694,0],[17183,0],]]
[17440,3,17,[[17439,0],[17441,0],[17696,0],[17184,0],]]
[17441,14,17,[[17442,0],[17440,0],[17697,0],[17696,0],[17185,0],]]
[17442,18,17,[[17441,0],[17443,0],[17698,0],[17186,0],]]
[17443,10,17,[[17444,0],[17442,0],[17699,0],[17698,0],[17187,0],]]
[17444,10,17,[[17443,0],[17445,0],[17700,0],[17188,0],]]
[17445,10,17,[[17446,0],[17444,0],[17701,0],[17700,0],[17189,0],]]
[17446,2,17,[[17445,0],[17447,0],[17702,0],[17190,0],]]
[17447,14,17,[[17448,0],[17446,0],[17703,0],[17702,0],[17191,0],]]
[17448,16,17,[[17447,0],[17449,0],[17704,0],[17192,0],]]
[17449,15,17,[[17450,0],[17448,0],[17705,0],[17704,0],[17193,0],]]
[17450,10,17,[[17449,0],[17451,0],[17706,0],[17194,0],]]
[17451,14,17,[[17452,0],[17450,0],[17707,0],[17706,0],[17195,0],]]
[17452,4,17,[[17451,0],[17453,0],[17708,0],[17196,0],]]
[17453,3,17,[[17454,0],[17452,0],[17709,0],[17708,0],[17197,0],]]
[17454,11,17,[[17453,0],[17455,0],[17710,0],[17198,0],]]
[17455,9,17,[[17456,0],[17454,0],[17711,0],[17710,0],[17199,0],]]
[17456,2,17,[[17455,0],[17457,0],[17712,0],[17200,0],]]
[17457,12,17,[[17458,0],[17456,0],[17713,0],[17712,0],[17201,0],]]
[17458,11,17,[[17457,0],[17459,0],[17714,0],[17202,0],]]
[17459,9,17,[[17460,0],[17458,0],[17715,0],[17714,0],[17203,0],]]
[17460,7,17,[[17459,0],[17461,0],[17716,0],[17204,0],]]
[17461,2,17,[[17462,0],[17460,0],[17717,0],[17716,0],[17205,0],]]
[17462,9,17,[[17461,0],[17463,0],[17718,0],[17206,0],]]
[17463,9,17,[[17464,0],[17462,0],[17719,0],[17718,0],[17207,0],]]
[17464,19,17,[[17463,0],[17465,0],[17720,0],[17208,0],]]
[17465,13,17,[[17466,0],[17464,0],[17721,0],[17720,0],[17209,0],]]
[17466,15,17,[[17465,0],[17467,0],[17722,0],[17210,0],]]
[17467,3,17,[[17468,0],[17466,0],[17723,0],[17722,0],[17211,0],]]
[17468,4,17,[[17467,0],[17469,0],[17724,0],[17212,0],]]
[17469,16,17,[[17470,0],[17468,0],[17725,0],[17724,0],[17213,0],]]
[17470,10,17,[[17469,0],[17471,0],[17726,0],[17214,0],]]
[17471,7,17,[[17472,0],[17470,0],[17727,0],[17726,0],[17215,0],]]
[17472,4,18,[[17471,0],[17473,0],[17728,0],[17216,0],]]
[17473,19,18,[[17474,0],[17472,0],[17729,0],[17728,0],[17217,0],]]
[17474,2,18,[[17473,0],[17475,0],[17730,0],[17218,0],]]
[17475,17,18,[[17476,0],[17474,0],[17731,0],[17730,0],[17219,0],]]
[17476,16,18,[[17475,0],[17477,0],[17732,0],[17220,0],]]
[17477,12,18,[[17478,0],[17476,0],[17733,0],[17732,0],[17221,0],]]
[17478,4,18,[[17477,0],[17479,0],[17734,0],[17222,0],]]
[17479,18,18,[[17480,0],[17478,0],[17735,0],[17734,0],[17223,0],]]
[17480,8,18,[[17479,0],[17481,0],[17736,0],[17224,0],]]
[17481,17,18,[[17482,0],[17480,0],[17737,0],[17736,0],[17225,0],]]
[17482,12,18,[[17481,0],[17483,0],[17738,0],[17226,0],]]
[17483,4,18,[[17484,0],[17482,0],[17739,0],[17738,0],[17227,0],]]
[17484,12,18,[[17483,0],[17485,0],[17740,0],[17228,0],]]
[17485,7,18,[[17486,0],[17484,0],[17741,0],[17740,0],[17229,0],]]
[17486,11,18,[[17485,0],[17487,0],[17742,0],[17230,0],]]
[17487,11,18,[[17488,0],[17486,0],[17743,0],[17742,0],[17231,0],]]
[17488,13,18,[[17487,0],[17489,0],[17744,0],[17232,0],]]
[17489,16,18,[[17490,0],[17488,0],[17745,0],[17744,0],[17233,0],]]
[17490,14,18,[[17489,0],[17491,0],[17746,0],[17234,0],]]
[17491,17,18,[[17492,0],[17490,0],[17747,0],[17746,0],[17235,0],]]
[17492,2,18,[[17491,0],[17493,0],[17748,0],[17236,0],]]
[17493,4,18,[[17494,0],[17492,0],[17749,0],[17748,0],[17237,0],]]
[17494,10,18,[[17493,0],[17495,0],[17750,0],[17238,0],]]
[17495,16,18,[[17496,0],[17494,0],[17751,0],[17750,0],[17239,0],]]
[17496,6,18,[[17495,0],[17497,0],[17752,0],[17240,0],]]
[17497,1,18,[[17498,0],[17496,0],[17753,0],[17752,0],[17241,0],]]
[17498,6,18,[[17497,0],[17499,0],[17754,0],[17242,0],]]
[17499,13,18,[[17500,0],[17498,0],[17755,0],[17754,0],[17243,0],]]
[17500,3,18,[[17499,0],[17501,0],[17756,0],[17244,0],]]
[17501,10,18,[[17502,0],[17500,0],[17757,0],[17756,0],[17245,0],]]
[17502,11,18,[[17501,0],[17503,0],[17758,0],[17246,0],]]
[17503,5,18,[[17504,0],[17502,0],[17759,0],[17758,0],[17247,0],]]
[17504,1,19,[[17503,0],[17505,0],[17760,0],[17248,0],]]
[17505,1,19,[[17506,0],[17504,0],[17761,0],[17760,0],[17249,0],]]
[17506,5,19,[[17505,0],[17507,0],[17762,0],[17250,0],]]
[17507,6,19,[[17508,0],[17506,0],[17763,0],[17762,0],[17251,0],]]
[17508,18,19,[[17507,0],[17509,0],[17764,0],[17252,0],]]
[17509,5,19,[[17510,0],[17508,0],[17765,0],[17764,0],[17253,0],]]
[17510,12,19,[[17509,0],[17511,0],[17766,0],[17254,0],]]
[17511,11,19,[[17512,0],[17510,0],[17767,0],[17766,0],[17255,0],]]
[17512,12,19,[[17511,0],[17513,0],[17768,0],[17256,0],]]
[17513,14,19,[[17514,0],[17512,0],[17769,0],[17768,0],[17257,0],]]
[17514,17,19,[[17513,0],[17515,0],[17770,0],[17258,0],]]
[17515,6,19,[[17516,0],[17514,0],[17771,0],[17770,0],[17259,0],]]
[17516,3,19,[[17515,0],[17517,0],[17772,0],[17260,0],]]
[17517,3,19,[[17518,0],[17516,0],[17773,0],[17772,0],[17261,0],]]
[17518,15,19,[[17517,0],[17519,0],[17774,0],[17262,0],]]
[17519,7,19,[[17520,0],[17518,0],[17775,0],[17774,0],[17263,0],]]
[17520,1,19,[[17519,0],[17521,0],[17776,0],[17264,0],]]
[17521,7,19,[[17522,0],[17520,0],[17777,0],[17776,0],[17265,0],]]
[17522,15,19,[[17521,0],[17523,0],[17778,0],[17266,0],]]
[17523,4,19,[[17524,0],[17522,0],[17779,0],[17778,0],[17267,0],]]
[17524,8,19,[[17523,0],[17525,0],[17780,0],[17268,0],]]
[17525,19,19,[[17526,0],[17524,0],[17781,0],[17780,0],[17269,0],]]
[17526,6,19,[[17525,0],[17527,0],[17782,0],[17270,0],]]
[17527,3,19,[[17528,0],[17526,0],[17783,0],[17782,0],[17271,0],]]
[17528,13,19,[[17527,0],[17529,0],[17784,0],[17272,0],]]
[17529,9,19,[[17530,0],[17528,0],[17785,0],[17784,0],[17273,0],]]
[17530,1,19,[[17529,0],[17531,0],[17786,0],[17274,0],]]
[17531,1,19,[[17532,0],[17530,0],[17787,0],[17786,0],[17275,0],]]
[17532,5,19,[[17531,0],[17533,0],[17788,0],[17276,0],]]
[17533,3,19,[[17534,0],[17532,0],[17789,0],[17788,0],[17277,0],]]
[17534,9,19,[[17533,0],[17535,0],[17790,0],[17278,0],]]
[17535,19,19,[[17536,0],[17534,0],[17791,0],[17790,0],[17279,0],]]
[17536,4,20,[[17535,0],[17537,0],[17792,0],[17280,0],]]
[17537,3,20,[[17538,0],[17536,0],[17793,0],[17792,0],[17281,0],]]
[17538,16,20,[[17537,0],[17539,0],[17794,0],[17282,0],]]
[17539,1,20,[[17540,0],[17538,0],[17795,0],[17794,0],[17283,0],]]
[17540,2,20,[[17539,0],[17541,0],[17796,0],[17284,0],]]
[17541,9,20,[[17542,0],[17540,0],[17797,0],[17796,0],[17285,0],]]
[17542,14,20,[[17541,0],[17543,0],[17798,0],[17286,0],]]
[17543,12,20,[[17544,0],[17542,0],[17799,0],[17798,0],[17287,0],]]
[17544,10,20,[[17543,0],[17545,0],[17800,0],[17288,0],]]
[17545,4,20,[[17546,0],[17544,0],[17801,0],[17800,0],[17289,0],]]
[17546,5,20,[[17545,0],[17547,0],[17802,0],[17290,0],]]
[17547,8,20,[[17548,0],[17546,0],[17803,0],[17802,0],[17291,0],]]
[17548,10,20,[[17547,0],[17549,0],[17804,0],[17292,0],]]
[17549,7,20,[[17550,0],[17548,0],[17805,0],[17804,0],[17293,0],]]
[17550,6,20,[[17549,0],[17551,0],[17806,0],[17294,0],]]
[17551,4,20,[[17552,0],[17550,0],[17807,0],[17806,0],[17295,0],]]
[17552,5,20,[[17551,0],[17553,0],[17808,0],[17296,0],]]
[17553,12,20,[[17554,0],[17552,0],[17809,0],[17808,0],[17297,0],]]
[17554,5,20,[[17553,0],[17555,0],[17810,0],[17298,0],]]
[17555,13,20,[[17556,0],[17554,0],[17811,0],[17810,0],[17299,0],]]
[17556,2,20,[[17555,0],[17557,0],[17812,0],[17300,0],]]
[17557,11,20,[[17558,0],[17556,0],[17813,0],[17812,0],[17301,0],]]
[17558,19,20,[[17557,0],[17559,0],[17814,0],[17302,0],]]
[17559,12,20,[[17560,0],[17558,0],[17815,0],[17814,0],[17303,0],]]
[17560,19,20,[[17559,0],[17561,0],[17816,0],[17304,0],]]
[17561,14,20,[[17562,0],[17560,0],[17817,0],[17816,0],[17305,0],]]
[17562,1,20,[[17561,0],[17563,0],[17818,0],[17306,0],]]
[17563,14,20,[[17564,0],[17562,0],[17819,0],[17818,0],[17307,0],]]
[17564,15,20,[[17563,0],[17565,0],[17820,0],[17308,0],]]
[17565,15,20,[[17566,0],[17564,0],[17821,0],[17820,0],[17309,0],]]
[17566,12,20,[[17565,0],[17567,0],[17822,0],[17310,0],]]
[17567,19,20,[[17568,0],[17566,0],[17823,0],[17822,0],[17311,0],]]
[17568,4,21,[[17567,0],[17569,0],[17824,0],[17312,0],]]
[17569,18,21,[[17570,0],[17568,0],[17825,0],[17824,0],[17313,0],]]
[17570,6,21,[[17569,0],[17571,0],[17826,0],[17314,0],]]
[17571,2,21,[[17572,0],[17570,0],[17827,0],[17826,0],[17315,0],]]
[17572,6,21,[[17571,0],[17573,0],[17828,0],[17316,0],]]
[17573,15,21,[[17574,0],[17572,0],[17829,0],[17828,0],[17317,0],]]
[17574,12,21,[[17573,0],[17575,0],[17830,0],[17318,0],]]
[17575,12,21,[[17576,0],[17574,0],[17831,0],[17830,0],[17319,0],]]
[17576,17,21,[[17575,0],[17577,0],[17832,0],[17320,0],]]
[17577,5,21,[[17578,0],[17576,0],[17833,0],[17832,0],[17321,0],]]
[17578,12,21,[[17577,0],[17579,0],[17834,0],[17322,0],]]
[17579,15,21,[[17580,0],[17578,0],[17835,0],[17834,0],[17323,0],]]
[17580,5,21,[[17579,0],[17581,0],[17836,0],[17324,0],]]
[17581,18,21,[[17582,0],[17580,0],[17837,0],[17836,0],[17325,0],]]
[17582,10,21,[[17581,0],[17583,0],[17838,0],[17326,0],]]
[17583,2,21,[[17584,0],[17582,0],[17839,0],[17838,0],[17327,0],]]
[17584,14,21,[[17583,0],[17585,0],[17840,0],[17328,0],]]
[17585,6,21,[[17586,0],[17584,0],[17841,0],[17840,0],[17329,0],]]
[17586,8,21,[[17585,0],[17587,0],[17842,0],[17330,0],]]
[17587,4,21,[[17588,0],[17586,0],[17843,0],[17842,0],[17331,0],]]
[17588,3,21,[[17587,0],[17589,0],[17844,0],[17332,0],]]
[17589,13,21,[[17590,0],[17588,0],[17845,0],[17844,0],[17333,0],]]
[17590,10,21,[[17589,0],[17591,0],[17846,0],[17334,0],]]
[17591,4,21,[[17592,0],[17590,0],[17847,0],[17846,0],[17335,0],]]
[17592,10,21,[[17591,0],[17593,0],[17848,0],[17336,0],]]
[17593,18,21,[[17594,0],[17592,0],[17849,0],[17848,0],[17337,0],]]
[17594,19,21,[[17593,0],[17595,0],[17850,0],[17338,0],]]
[17595,3,21,[[17596,0],[17594,0],[17851,0],[17850,0],[17339,0],]]
[17596,9,21,[[17595,0],[17597,0],[17852,0],[17340,0],]]
[17597,18,21,[[17598,0],[17596,0],[17853,0],[17852,0],[17341,0],]]
[17598,5,21,[[17597,0],[17599,0],[17854,0],[17342,0],]]
[17599,19,21,[[17600,0],[17598,0],[17855,0],[17854,0],[17343,0],]]
[17600,8,22,[[17599,0],[17601,0],[17856,0],[17344,0],]]
[17601,12,22,[[17602,0],[17600,0],[17857,0],[17856,0],[17345,0],]]
[17602,7,22,[[17601,0],[17603,0],[17858,0],[17346,0],]]
[17603,4,22,[[17604,0],[17602,0],[17859,0],[17858,0],[17347,0],]]
[17604,3,22,[[17603,0],[17605,0],[17860,0],[17348,0],]]
[17605,17,22,[[17606,0],[17604,0],[17861,0],[17860,0],[17349,0],]]
[17606,9,22,[[17605,0],[17607,0],[17862,0],[17350,0],]]
[17607,7,22,[[17608,0],[17606,0],[17863,0],[17862,0],[17351,0],]]
[17608,11,22,[[17607,0],[17609,0],[17864,0],[17352,0],]]
[17609,9,22,[[17610,0],[17608,0],[17865,0],[17864,0],[17353,0],]]
[17610,4,22,[[17609,0],[17611,0],[17866,0],[17354,0],]]
[17611,12,22,[[17612,0],[17610,0],[17867,0],[17866,0],[17355,0],]]
[17612,2,22,[[17611,0],[17613,0],[17868,0],[17356,0],]]
[17613,7,22,[[17614,0],[17612,0],[17869,0],[17868,0],[17357,0],]]
[17614,5,22,[[17613,0],[17615,0],[17870,0],[17358,0],]]
[17615,13,22,[[17616,0],[17614,0],[17871,0],[17870,0],[17359,0],]]
[17616,3,22,[[17615,0],[17617,0],[17872,0],[17360,0],]]
[17617,3,22,[[17618,0],[17616,0],[17873,0],[17872,0],[17361,0],]]
[17618,6,22,[[17617,0],[17619,0],[17874,0],[17362,0],]]
[17619,8,22,[[17620,0],[17618,0],[17875,0],[17874,0],[17363,0],]]
[17620,4,22,[[17619,0],[17621,0],[17876,0],[17364,0],]]
[17621,4,22,[[17622,0],[17620,0],[17877,0],[17876,0],[17365,0],]]
[17622,17,22,[[17621,0],[17623,0],[17878,0],[17366,0],]]
[17623,8,22,[[17624,0],[17622,0],[17879,0],[17878,0],[17367,0],]]
[17624,19,22,[[17623,0],[17625,0],[17880,0],[17368,0],]]
[17625,14,22,[[17626,0],[17624,0],[17881,0],[17880,0],[17369,0],]]
[17626,15,22,[[17625,0],[17627,0],[17882,0],[17370,0],]]
[17627,18,22,[[17628,0],[17626,0],[17883,0],[17882,0],[17371,0],]]
[17628,17,22,[[17627,0],[17629,0],[17884,0],[17372,0],]]
[17629,10,22,[[17630,0],[17628,0],[17885,0],[17884,0],[17373,0],]]
[17630,4,22,[[17629,0],[17631,0],[17886,0],[17374,0],]]
[17631,14,22,[[17632,0],[17630,0],[17887,0],[17886,0],[17375,0],]]
[17632,12,23,[[17631,0],[17633,0],[17888,0],[17376,0],]]
[17633,11,23,[[17634,0],[17632,0],[17889,0],[17888,0],[17377,0],]]
[17634,8,23,[[17633,0],[17635,0],[17890,0],[17378,0],]]
[17635,9,23,[[17636,0],[17634,0],[17891,0],[17890,0],[17379,0],]]
[17636,4,23,[[17635,0],[17637,0],[17892,0],[17380,0],]]
[17637,14,23,[[17638,0],[17636,0],[17893,0],[17892,0],[17381,0],]]
[17638,9,23,[[17637,0],[17639,0],[17894,0],[17382,0],]]
[17639,3,23,[[17640,0],[17638,0],[17895,0],[17894,0],[17383,0],]]
[17640,10,23,[[17639,0],[17641,0],[17896,0],[17384,0],]]
[17641,15,23,[[17642,0],[17640,0],[17897,0],[17896,0],[17385,0],]]
[17642,8,23,[[17641,0],[17643,0],[17898,0],[17386,0],]]
[17643,4,23,[[17644,0],[17642,0],[17899,0],[17898,0],[17387,0],]]
[17644,11,23,[[17643,0],[17645,0],[17900,0],[17388,0],]]
[17645,17,23,[[17646,0],[17644,0],[17901,0],[17900,0],[17389,0],]]
[17646,19,23,[[17645,0],[17647,0],[17902,0],[17390,0],]]
[17647,11,23,[[17648,0],[17646,0],[17903,0],[17902,0],[17391,0],]]
[17648,9,23,[[17647,0],[17649,0],[17904,0],[17392,0],]]
[17649,15,23,[[17650,0],[17648,0],[17905,0],[17904,0],[17393,0],]]
[17650,10,23,[[17649,0],[17651,0],[17906,0],[17394,0],]]
[17651,2,23,[[17652,0],[17650,0],[17907,0],[17906,0],[17395,0],]]
[17652,15,23,[[17651,0],[17653,0],[17908,0],[17396,0],]]
[17653,15,23,[[17654,0],[17652,0],[17909,0],[17908,0],[17397,0],]]
[17654,9,23,[[17653,0],[17655,0],[17910,0],[17398,0],]]
[17655,10,23,[[17656,0],[17654,0],[17911,0],[17910,0],[17399,0],]]
[17656,1,23,[[17655,0],[17657,0],[17912,0],[17400,0],]]
[17657,2,23,[[17658,0],[17656,0],[17913,0],[17912,0],[17401,0],]]
[17658,3,23,[[17657,0],[17659,0],[17914,0],[17402,0],]]
[17659,6,23,[[17660,0],[17658,0],[17915,0],[17914,0],[17403,0],]]
[17660,10,23,[[17659,0],[17661,0],[17916,0],[17404,0],]]
[17661,18,23,[[17662,0],[17660,0],[17917,0],[17916,0],[17405,0],]]
[17662,19,23,[[17661,0],[17663,0],[17918,0],[17406,0],]]
[17663,15,23,[[17662,0],[17919,0],[17918,0],[17407,0],]]
[17664,7,16,[[17665,0],[17408,0],[17409,0],[17920,0],]]
[17665,4,16,[[17666,0],[17664,0],[17409,0],[17921,0],]]
[17666,14,16,[[17665,0],[17667,0],[17410,0],[17411,0],[17922,0],]]
[17667,11,16,[[17668,0],[17666,0],[17411,0],[17923,0],]]
[17668,16,16,[[17667,0],[17669,0],[17412,0],[17413,0],[17924,0],]]
[17669,4,16,[[17670,0],[17668,0],[17413,0],[17925,0],]]
[17670,2,16,[[17669,0],[17671,0],[17414,0],[17415,0],[17926,0],]]
[17671,17,16,[[17672,0],[17670,0],[17415,0],[17927,0],]]
[17672,19,16,[[17671,0],[17673,0],[17416,0],[17417,0],[17928,0],]]
[17673,16,16,[[17674,0],[17672,0],[17417,0],[17929,0],]]
[17674,13,16,[[17673,0],[17675,0],[17418,0],[17419,0],[17930,0],]]
[17675,15,16,[[17676,0],[17674,0],[17419,0],[17931,0],]]
[17676,10,16,[[17675,0],[17677,0],[17420,0],[17421,0],[17932,0],]]
[17677,19,16,[[17678,0],[17676,0],[17421,0],[17933,0],]]
[17678,16,16,[[17677,0],[17679,0],[17422,0],[17423,0],[17934,0],]]
[17679,18,16,[[17680,0],[17678,0],[17423,0],[17935,0],]]
[17680,14,16,[[17679,0],[17681,0],[17424,0],[17425,0],[17936,0],]]
[17681,3,16,[[17682,0],[17680,0],[17425,0],[17937,0],]]
[17682,4,16,[[17681,0],[17683,0],[17426,0],[17427,0],[17938,0],]]
[17683,14,16,[[17684,0],[17682,0],[17427,0],[17939,0],]]
[17684,17,16,[[17683,0],[17685,0],[17428,0],[17429,0],[17940,0],]]
[17685,13,16,[[17686,0],[17684,0],[17429,0],[17941,0],]]
[17686,12,16,[[17685,0],[17687,0],[17430,0],[17431,0],[17942,0],]]
[17687,8,16,[[17688,0],[17686,0],[17431,0],[17943,0],]]
[17688,4,16,[[17687,0],[17689,0],[17432,0],[17433,0],[17944,0],]]
[17689,16,16,[[17690,0],[17688,0],[17433,0],[17945,0],]]
[17690,10,16,[[17689,0],[17691,0],[17434,0],[17435,0],[17946,0],]]
[17691,16,16,[[17692,0],[17690,0],[17435,0],[17947,0],]]
[17692,17,16,[[17691,0],[17693,0],[17436,0],[17437,0],[17948,0],]]
[17693,5,16,[[17694,0],[17692,0],[17437,0],[17949,0],]]
