[15728,4,11,[[15727,0],[15729,0],[15472,0],[15473,0],[15984,0],]]
[15729,15,11,[[15730,0],[15728,0],[15473,0],[15985,0],]]
[15730,9,11,[[15729,0],[15731,0],[15474,0],[15475,0],[15986,0],]]
[15731,12,11,[[15732,0],[15730,0],[15475,0],[15987,0],]]
[15732,2,11,[[15731,0],[15733,0],[15476,0],[15477,0],[15988,0],]]
[15733,12,11,[[15734,0],[15732,0],[15477,0],[15989,0],]]
[15734,3,11,[[15733,0],[15735,0],[15478,0],[15479,0],[15990,0],]]
[15735,2,11,[[15736,0],[15734,0],[15479,0],[15991,0],]]
[15736,14,11,[[15735,0],[15737,0],[15480,0],[15481,0],[15992,0],]]
[15737,11,11,[[15738,0],[15736,0],[15481,0],[15993,0],]]
[15738,15,11,[[15737,0],[15739,0],[15482,0],[15483,0],[15994,0],]]
[15739,2,11,[[15740,0],[15738,0],[15483,0],[15995,0],]]
[15740,15,11,[[15739,0],[15741,0],[15484,0],[15485,0],[15996,0],]]
[15741,1,11,[[15742,0],[15740,0],[15485,0],[15997,0],]]
[15742,8,11,[[15741,0],[15743,0],[15486,0],[15487,0],[15998,0],]]
[15743,16,11,[[15744,0],[15742,0],[15487,0],[15999,0],]]
[15744,13,12,[[15743,0],[15745,0],[15488,0],[15489,0],[16000,0],]]
[15745,5,12,[[15746,0],[15744,0],[15489,0],[16001,0],]]
[15746,1,12,[[15745,0],[15747,0],[15490,0],[15491,0],[16002,0],]]
[15747,5,12,[[15748,0],[15746,0],[15491,0],[16003,0],]]
[15748,4,12,[[15747,0],[15749,0],[15492,0],[15493,0],[16004,0],]]
[15749,2,12,[[15750,0],[15748,0],[15493,0],[16005,0],]]
[15750,16,12,[[15749,0],[15751,0],[15494,0],[15495,0],[16006,0],]]
[15751,4,12,[[15752,0],[15750,0],[15495,0],[16007,0],]]
[15752,12,12,[[15751,0],[15753,0],[15496,0],[15497,0],[16008,0],]]
[15753,9,12,[[15754,0],[15752,0],[15497,0],[16009,0],]]
[15754,11,12,[[15753,0],[15755,0],[15498,0],[15499,0],[16010,0],]]
[15755,10,12,[[15756,0],[15754,0],[15499,0],[16011,0],]]
[15756,9,12,[[15755,0],[15757,0],[15500,0],[15501,0],[16012,0],]]
[15757,15,12,[[15758,0],[15756,0],[15501,0],[16013,0],]]
[15758,4,12,[[15757,0],[15759,0],[15502,0],[15503,0],[16014,0],]]
[15759,15,12,[[15760,0],[15758,0],[15503,0],[16015,0],]]
[15760,18,12,[[15759,0],[15761,0],[15504,0],[15505,0],[16016,0],]]
[15761,17,12,[[15762,0],[15760,0],[15505,0],[16017,0],]]
[15762,9,12,[[15761,0],[15763,0],[15506,0],[15507,0],[16018,0],]]
[15763,17,12,[[15764,0],[15762,0],[15507,0],[16019,0],]]
[15764,6,12,[[15763,0],[15765,0],[15508,0],[15509,0],[16020,0],]]
[15765,12,12,[[15766,0],[15764,0],[15509,0],[16021,0],]]
[15766,6,12,[[15765,0],[15767,0],[15510,0],[15511,0],[16022,0],]]
[15767,2,12,[[15768,0],[15766,0],[15511,0],[16023,0],]]
[15768,4,12,[[15767,0],[15769,0],[15512,0],[15513,0],[16024,0],]]
[15769,10,12,[[15770,0],[15768,0],[15513,0],[16025,0],]]
[15770,13,12,[[15769,0],[15771,0],[15514,0],[15515,0],[16026,0],]]
[15771,2,12,[[15772,0],[15770,0],[15515,0],[16027,0],]]
[15772,10,12,[[15771,0],[15773,0],[15516,0],[15517,0],[16028,0],]]
[15773,12,12,[[15774,0],[15772,0],[15517,0],[16029,0],]]
[15774,2,12,[[15773,0],[15775,0],[15518,0],[15519,0],[16030,0],]]
[15775,14,12,[[15776,0],[15774,0],[15519,0],[16031,0],]]
[15776,10,13,[[15775,0],[15777,0],[15520,0],[15521,0],[16032,0],]]
[15777,18,13,[[15778,0],[15776,0],[15521,0],[16033,0],]]
[15778,3,13,[[15777,0],[15779,0],[15522,0],[15523,0],[16034,0],]]
[15779,12,13,[[15780,0],[15778,0],[15523,0],[16035,0],]]
[15780,6,13,[[15779,0],[15781,0],[15524,0],[15525,0],[16036,0],]]
[15781,12,13,[[15782,0],[15780,0],[15525,0],[16037,0],]]
[15782,9,13,[[15781,0],[15783,0],[15526,0],[15527,0],[16038,0],]]
[15783,15,13,[[15784,0],[15782,0],[15527,0],[16039,0],]]
[15784,1,13,[[15783,0],[15785,0],[15528,0],[15529,0],[16040,0],]]
[15785,9,13,[[15786,0],[15784,0],[15529,0],[16041,0],]]
[15786,14,13,[[15785,0],[15787,0],[15530,0],[15531,0],[16042,0],]]
[15787,17,13,[[15788,0],[15786,0],[15531,0],[16043,0],]]
[15788,5,13,[[15787,0],[15789,0],[15532,0],[15533,0],[16044,0],]]
[15789,19,13,[[15790,0],[15788,0],[15533,0],[16045,0],]]
[15790,19,13,[[15789,0],[15791,0],[15534,0],[15535,0],[16046,0],]]
[15791,9,13,[[15792,0],[15790,0],[15535,0],[16047,0],]]
[15792,12,13,[[15791,0],[15793,0],[15536,0],[15537,0],[16048,0],]]
[15793,4,13,[[15794,0],[15792,0],[15537,0],[16049,0],]]
[15794,7,13,[[15793,0],[15795,0],[15538,0],[15539,0],[16050,0],]]
[15795,2,13,[[15796,0],[15794,0],[15539,0],[16051,0],]]
[15796,3,13,[[15795,0],[15797,0],[15540,0],[15541,0],[16052,0],]]
[15797,13,13,[[15798,0],[15796,0],[15541,0],[16053,0],]]
[15798,14,13,[[15797,0],[15799,0],[15542,0],[15543,0],[16054,0],]]
[15799,17,13,[[15800,0],[15798,0],[15543,0],[16055,0],]]
[15800,8,13,[[15799,0],[15801,0],[15544,0],[15545,0],[16056,0],]]
[15801,8,13,[[15802,0],[15800,0],[15545,0],[16057,0],]]
[15802,8,13,[[15801,0],[15803,0],[15546,0],[15547,0],[16058,0],]]
[15803,19,13,[[15804,0],[15802,0],[15547,0],[16059,0],]]
[15804,15,13,[[15803,0],[15805,0],[15548,0],[15549,0],[16060,0],]]
[15805,11,13,[[15806,0],[15804,0],[15549,0],[16061,0],]]
[15806,5,13,[[15805,0],[15807,0],[15550,0],[15551,0],[16062,0],]]
[15807,5,13,[[15808,0],[15806,0],[15551,0],[16063,0],]]
[15808,12,14,[[15807,0],[15809,0],[15552,0],[15553,0],[16064,0],]]
[15809,15,14,[[15810,0],[15808,0],[15553,0],[16065,0],]]
[15810,12,14,[[15809,0],[15811,0],[15554,0],[15555,0],[16066,0],]]
[15811,14,14,[[15812,0],[15810,0],[15555,0],[16067,0],]]
[15812,9,14,[[15811,0],[15813,0],[15556,0],[15557,0],[16068,0],]]
[15813,17,14,[[15814,0],[15812,0],[15557,0],[16069,0],]]
[15814,6,14,[[15813,0],[15815,0],[15558,0],[15559,0],[16070,0],]]
[15815,3,14,[[15816,0],[15814,0],[15559,0],[16071,0],]]
[15816,7,14,[[15815,0],[15817,0],[15560,0],[15561,0],[16072,0],]]
[15817,2,14,[[15818,0],[15816,0],[15561,0],[16073,0],]]
[15818,17,14,[[15817,0],[15819,0],[15562,0],[15563,0],[16074,0],]]
[15819,12,14,[[15820,0],[15818,0],[15563,0],[16075,0],]]
[15820,17,14,[[15819,0],[15821,0],[15564,0],[15565,0],[16076,0],]]
[15821,3,14,[[15822,0],[15820,0],[15565,0],[16077,0],]]
[15822,3,14,[[15821,0],[15823,0],[15566,0],[15567,0],[16078,0],]]
[15823,17,14,[[15824,0],[15822,0],[15567,0],[16079,0],]]
[15824,2,14,[[15823,0],[15825,0],[15568,0],[15569,0],[16080,0],]]
[15825,6,14,[[15826,0],[15824,0],[15569,0],[16081,0],]]
[15826,17,14,[[15825,0],[15827,0],[15570,0],[15571,0],[16082,0],]]
[15827,16,14,[[15828,0],[15826,0],[15571,0],[16083,0],]]
[15828,16,14,[[15827,0],[15829,0],[15572,0],[15573,0],[16084,0],]]
[15829,16,14,[[15830,0],[15828,0],[15573,0],[16085,0],]]
[15830,10,14,[[15829,0],[15831,0],[15574,0],[15575,0],[16086,0],]]
[15831,17,14,[[15832,0],[15830,0],[15575,0],[16087,0],]]
[15832,9,14,[[15831,0],[15833,0],[15576,0],[15577,0],[16088,0],]]
[15833,13,14,[[15834,0],[15832,0],[15577,0],[16089,0],]]
[15834,6,14,[[15833,0],[15835,0],[15578,0],[15579,0],[16090,0],]]
[15835,6,14,[[15836,0],[15834,0],[15579,0],[16091,0],]]
[15836,8,14,[[15835,0],[15837,0],[15580,0],[15581,0],[16092,0],]]
[15837,12,14,[[15838,0],[15836,0],[15581,0],[16093,0],]]
[15838,1,14,[[15837,0],[15839,0],[15582,0],[15583,0],[16094,0],]]
[15839,4,14,[[15840,0],[15838,0],[15583,0],[16095,0],]]
[15840,9,15,[[15839,0],[15841,0],[15584,0],[15585,0],[16096,0],]]
[15841,14,15,[[15842,0],[15840,0],[15585,0],[16097,0],]]
[15842,13,15,[[15841,0],[15843,0],[15586,0],[15587,0],[16098,0],]]
[15843,13,15,[[15844,0],[15842,0],[15587,0],[16099,0],]]
[15844,7,15,[[15843,0],[15845,0],[15588,0],[15589,0],[16100,0],]]
[15845,2,15,[[15846,0],[15844,0],[15589,0],[16101,0],]]
[15846,14,15,[[15845,0],[15847,0],[15590,0],[15591,0],[16102,0],]]
[15847,3,15,[[15848,0],[15846,0],[15591,0],[16103,0],]]
[15848,10,15,[[15847,0],[15849,0],[15592,0],[15593,0],[16104,0],]]
[15849,12,15,[[15850,0],[15848,0],[15593,0],[16105,0],]]
[15850,7,15,[[15849,0],[15851,0],[15594,0],[15595,0],[16106,0],]]
[15851,7,15,[[15852,0],[15850,0],[15595,0],[16107,0],]]
[15852,9,15,[[15851,0],[15853,0],[15596,0],[15597,0],[16108,0],]]
[15853,15,15,[[15854,0],[15852,0],[15597,0],[16109,0],]]
[15854,16,15,[[15853,0],[15855,0],[15598,0],[15599,0],[16110,0],]]
[15855,10,15,[[15856,0],[15854,0],[15599,0],[16111,0],]]
[15856,15,15,[[15855,0],[15857,0],[15600,0],[15601,0],[16112,0],]]
[15857,10,15,[[15858,0],[15856,0],[15601,0],[16113,0],]]
[15858,13,15,[[15857,0],[15859,0],[15602,0],[15603,0],[16114,0],]]
[15859,15,15,[[15860,0],[15858,0],[15603,0],[16115,0],]]
[15860,11,15,[[15859,0],[15861,0],[15604,0],[15605,0],[16116,0],]]
[15861,1,15,[[15862,0],[15860,0],[15605,0],[16117,0],]]
[15862,2,15,[[15861,0],[15863,0],[15606,0],[15607,0],[16118,0],]]
[15863,10,15,[[15864,0],[15862,0],[15607,0],[16119,0],]]
[15864,11,15,[[15863,0],[15865,0],[15608,0],[15609,0],[16120,0],]]
[15865,8,15,[[15866,0],[15864,0],[15609,0],[16121,0],]]
[15866,5,15,[[15865,0],[15867,0],[15610,0],[15611,0],[16122,0],]]
[15867,2,15,[[15868,0],[15866,0],[15611,0],[16123,0],]]
[15868,14,15,[[15867,0],[15869,0],[15612,0],[15613,0],[16124,0],]]
[15869,11,15,[[15870,0],[15868,0],[15613,0],[16125,0],]]
[15870,8,15,[[15869,0],[15871,0],[15614,0],[15615,0],[16126,0],]]
[15871,18,15,[[15870,0],[15615,0],[16127,0],]]
[15872,5,8,[[15873,0],[16128,0],[15616,0],]]
[15873,10,8,[[15874,0],[15872,0],[16129,0],[16128,0],[15617,0],]]
[15874,5,8,[[15873,0],[15875,0],[16130,0],[15618,0],]]
[15875,5,8,[[15876,0],[15874,0],[16131,0],[16130,0],[15619,0],]]
[15876,15,8,[[15875,0],[15877,0],[16132,0],[15620,0],]]
[15877,14,8,[[15878,0],[15876,0],[16133,0],[16132,0],[15621,0],]]
[15878,6,8,[[15877,0],[15879,0],[16134,0],[15622,0],]]
[15879,4,8,[[15880,0],[15878,0],[16135,0],[16134,0],[15623,0],]]
[15880,16,8,[[15879,0],[15881,0],[16136,0],[15624,0],]]
[15881,12,8,[[15882,0],[15880,0],[16137,0],[16136,0],[15625,0],]]
[15882,2,8,[[15881,0],[15883,0],[16138,0],[15626,0],]]
[15883,2,8,[[15884,0],[15882,0],[16139,0],[16138,0],[15627,0],]]
[15884,10,8,[[15883,0],[15885,0],[16140,0],[15628,0],]]
[15885,11,8,[[15886,0],[15884,0],[16141,0],[16140,0],[15629,0],]]
[15886,16,8,[[15885,0],[15887,0],[16142,0],[15630,0],]]
[15887,1,8,[[15888,0],[15886,0],[16143,0],[16142,0],[15631,0],]]
[15888,13,8,[[15887,0],[15889,0],[16144,0],[15632,0],]]
[15889,9,8,[[15890,0],[15888,0],[16145,0],[16144,0],[15633,0],]]
[15890,9,8,[[15889,0],[15891,0],[16146,0],[15634,0],]]
[15891,16,8,[[15892,0],[15890,0],[16147,0],[16146,0],[15635,0],]]
[15892,13,8,[[15891,0],[15893,0],[16148,0],[15636,0],]]
[15893,11,8,[[15894,0],[15892,0],[16149,0],[16148,0],[15637,0],]]
[15894,9,8,[[15893,0],[15895,0],[16150,0],[15638,0],]]
[15895,16,8,[[15896,0],[15894,0],[16151,0],[16150,0],[15639,0],]]
[15896,16,8,[[15895,0],[15897,0],[16152,0],[15640,0],]]
[15897,1,8,[[15898,0],[15896,0],[16153,0],[16152,0],[15641,0],]]
[15898,2,8,[[15897,0],[15899,0],[16154,0],[15642,0],]]
[15899,5,8,[[15900,0],[15898,0],[16155,0],[16154,0],[15643,0],]]
[15900,13,8,[[15899,0],[15901,0],[16156,0],[15644,0],]]
[15901,6,8,[[15902,0],[15900,0],[16157,0],[16156,0],[15645,0],]]
[15902,3,8,[[15901,0],[15903,0],[16158,0],[15646,0],]]
[15903,12,8,[[15904,0],[15902,0],[16159,0],[16158,0],[15647,0],]]
[15904,11,9,[[15903,0],[15905,0],[16160,0],[15648,0],]]
[15905,4,9,[[15906,0],[15904,0],[16161,0],[16160,0],[15649,0],]]
[15906,8,9,[[15905,0],[15907,0],[16162,0],[15650,0],]]
[15907,7,9,[[15908,0],[15906,0],[16163,0],[16162,0],[15651,0],]]
[15908,10,9,[[15907,0],[15909,0],[16164,0],[15652,0],]]
[15909,10,9,[[15910,0],[15908,0],[16165,0],[16164,0],[15653,0],]]
[15910,15,9,[[15909,0],[15911,0],[16166,0],[15654,0],]]
[15911,14,9,[[15912,0],[15910,0],[16167,0],[16166,0],[15655,0],]]
[15912,17,9,[[15911,0],[15913,0],[16168,0],[15656,0],]]
[15913,19,9,[[15914,0],[15912,0],[16169,0],[16168,0],[15657,0],]]
[15914,5,9,[[15913,0],[15915,0],[16170,0],[15658,0],]]
[15915,17,9,[[15916,0],[15914,0],[16171,0],[16170,0],[15659,0],]]
[15916,1,9,[[15915,0],[15917,0],[16172,0],[15660,0],]]
[15917,18,9,[[15918,0],[15916,0],[16173,0],[16172,0],[15661,0],]]
[15918,9,9,[[15917,0],[15919,0],[16174,0],[15662,0],]]
[15919,2,9,[[15920,0],[15918,0],[16175,0],[16174,0],[15663,0],]]
[15920,12,9,[[15919,0],[15921,0],[16176,0],[15664,0],]]
[15921,5,9,[[15922,0],[15920,0],[16177,0],[16176,0],[15665,0],]]
[15922,5,9,[[15921,0],[15923,0],[16178,0],[15666,0],]]
[15923,3,9,[[15924,0],[15922,0],[16179,0],[16178,0],[15667,0],]]
[15924,12,9,[[15923,0],[15925,0],[16180,0],[15668,0],]]
[15925,1,9,[[15926,0],[15924,0],[16181,0],[16180,0],[15669,0],]]
[15926,10,9,[[15925,0],[15927,0],[16182,0],[15670,0],]]
[15927,4,9,[[15928,0],[15926,0],[16183,0],[16182,0],[15671,0],]]
[15928,15,9,[[15927,0],[15929,0],[16184,0],[15672,0],]]
[15929,14,9,[[15930,0],[15928,0],[16185,0],[16184,0],[15673,0],]]
[15930,17,9,[[15929,0],[15931,0],[16186,0],[15674,0],]]
[15931,11,9,[[15932,0],[15930,0],[16187,0],[16186,0],[15675,0],]]
[15932,17,9,[[15931,0],[15933,0],[16188,0],[15676,0],]]
[15933,3,9,[[15934,0],[15932,0],[16189,0],[16188,0],[15677,0],]]
[15934,9,9,[[15933,0],[15935,0],[16190,0],[15678,0],]]
[15935,7,9,[[15936,0],[15934,0],[16191,0],[16190,0],[15679,0],]]
[15936,16,10,[[15935,0],[15937,0],[16192,0],[15680,0],]]
[15937,6,10,[[15938,0],[15936,0],[16193,0],[16192,0],[15681,0],]]
[15938,4,10,[[15937,0],[15939,0],[16194,0],[15682,0],]]
[15939,14,10,[[15940,0],[15938,0],[16195,0],[16194,0],[15683,0],]]
[15940,1,10,[[15939,0],[15941,0],[16196,0],[15684,0],]]
[15941,2,10,[[15942,0],[15940,0],[16197,0],[16196,0],[15685,0],]]
[15942,1,10,[[15941,0],[15943,0],[16198,0],[15686,0],]]
[15943,7,10,[[15944,0],[15942,0],[16199,0],[16198,0],[15687,0],]]
[15944,10,10,[[15943,0],[15945,0],[16200,0],[15688,0],]]
[15945,18,10,[[15946,0],[15944,0],[16201,0],[16200,0],[15689,0],]]
[15946,13,10,[[15945,0],[15947,0],[16202,0],[15690,0],]]
[15947,16,10,[[15948,0],[15946,0],[16203,0],[16202,0],[15691,0],]]
[15948,1,10,[[15947,0],[15949,0],[16204,0],[15692,0],]]
[15949,6,10,[[15950,0],[15948,0],[16205,0],[16204,0],[15693,0],]]
[15950,12,10,[[15949,0],[15951,0],[16206,0],[15694,0],]]
[15951,7,10,[[15952,0],[15950,0],[16207,0],[16206,0],[15695,0],]]
[15952,14,10,[[15951,0],[15953,0],[16208,0],[15696,0],]]
[15953,16,10,[[15954,0],[15952,0],[16209,0],[16208,0],[15697,0],]]
[15954,13,10,[[15953,0],[15955,0],[16210,0],[15698,0],]]
[15955,6,10,[[15956,0],[15954,0],[16211,0],[16210,0],[15699,0],]]
[15956,14,10,[[15955,0],[15957,0],[16212,0],[15700,0],]]
[15957,3,10,[[15958,0],[15956,0],[16213,0],[16212,0],[15701,0],]]
[15958,18,10,[[15957,0],[15959,0],[16214,0],[15702,0],]]
[15959,17,10,[[15960,0],[15958,0],[16215,0],[16214,0],[15703,0],]]
[15960,17,10,[[15959,0],[15961,0],[16216,0],[15704,0],]]
[15961,10,10,[[15962,0],[15960,0],[16217,0],[16216,0],[15705,0],]]
[15962,10,10,[[15961,0],[15963,0],[16218,0],[15706,0],]]
[15963,17,10,[[15964,0],[15962,0],[16219,0],[16218,0],[15707,0],]]
[15964,15,10,[[15963,0],[15965,0],[16220,0],[15708,0],]]
[15965,4,10,[[15966,0],[15964,0],[16221,0],[16220,0],[15709,0],]]
[15966,1,10,[[15965,0],[15967,0],[16222,0],[15710,0],]]
[15967,1,10,[[15968,0],[15966,0],[16223,0],[16222,0],[15711,0],]]
[15968,10,11,[[15967,0],[15969,0],[16224,0],[15712,0],]]
[15969,8,11,[[15970,0],[15968,0],[16225,0],[16224,0],[15713,0],]]
[15970,9,11,[[15969,0],[15971,0],[16226,0],[15714,0],]]
[15971,11,11,[[15972,0],[15970,0],[16227,0],[16226,0],[15715,0],]]
[15972,4,11,[[15971,0],[15973,0],[16228,0],[15716,0],]]
[15973,13,11,[[15974,0],[15972,0],[16229,0],[16228,0],[15717,0],]]
[15974,9,11,[[15973,0],[15975,0],[16230,0],[15718,0],]]
[15975,15,11,[[15976,0],[15974,0],[16231,0],[16230,0],[15719,0],]]
[15976,3,11,[[15975,0],[15977,0],[16232,0],[15720,0],]]
[15977,2,11,[[15978,0],[15976,0],[16233,0],[16232,0],[15721,0],]]
[15978,7,11,[[15977,0],[15979,0],[16234,0],[15722,0],]]
[15979,11,11,[[15980,0],[15978,0],[16235,0],[16234,0],[15723,0],]]
[15980,11,11,[[15979,0],[15981,0],[16236,0],[15724,0],]]
[15981,17,11,[[15982,0],[15980,0],[16237,0],[16236,0],[15725,0],]]
[15982,18,11,[[15981,0],[15983,0],[16238,0],[15726,0],]]
[15983,17,11,[[15984,0],[15982,0],[16239,0],[16238,0],[15727,0],]]
[15984,8,11,[[15983,0],[15985,0],[16240,0],[15728,0],]]
[15985,12,11,[[15986,0],[15984,0],[16241,0],[16240,0],[15729,0],]]
[15986,4,11,[[15985,0],[15987,0],[16242,0],[15730,0],]]
[15987,14,11,[[15988,0],[15986,0],[16243,0],[16242,0],[15731,0],]]
[15988,2,11,[[15987,0],[15989,0],[16244,0],[15732,0],]]
[15989,19,11,[[15990,0],[15988,0],[16245,0],[16244,0],[15733,0],]]
[15990,1,11,[[15989,0],[15991,0],[16246,0],[15734,0],]]
[15991,13,11,[[15992,0],[15990,0],[16247,0],[16246,0],[15735,0],]]
[15992,13,11,[[15991,0],[15993,0],[16248,0],[15736,0],]]
[15993,7,11,[[15994,0],[15992,0],[16249,0],[16248,0],[15737,0],]]
[15994,4,11,[[15993,0],[15995,0],[16250,0],[15738,0],]]
[15995,8,11,[[15996,0],[15994,0],[16251,0],[16250,0],[15739,0],]]
[15996,7,11,[[15995,0],[15997,0],[16252,0],[15740,0],]]
[15997,5,11,[[15998,0],[15996,0],[16253,0],[16252,0],[15741,0],]]
[15998,7,11,[[15997,0],[15999,0],[16254,0],[15742,0],]]
[15999,10,11,[[16000,0],[15998,0],[16255,0],[16254,0],[15743,0],]]
[16000,12,12,[[15999,0],[16001,0],[16256,0],[15744,0],]]
[16001,6,12,[[16002,0],[16000,0],[16257,0],[16256,0],[15745,0],]]
[16002,3,12,[[16001,0],[16003,0],[16258,0],[15746,0],]]
[16003,14,12,[[16004,0],[16002,0],[16259,0],[16258,0],[15747,0],]]
[16004,17,12,[[16003,0],[16005,0],[16260,0],[15748,0],]]
[16005,6,12,[[16006,0],[16004,0],[16261,0],[16260,0],[15749,0],]]
[16006,11,12,[[16005,0],[16007,0],[16262,0],[15750,0],]]
[16007,2,12,[[16008,0],[16006,0],[16263,0],[16262,0],[15751,0],]]
[16008,1,12,[[16007,0],[16009,0],[16264,0],[15752,0],]]
[16009,9,12,[[16010,0],[16008,0],[16265,0],[16264,0],[15753,0],]]
[16010,11,12,[[16009,0],[16011,0],[16266,0],[15754,0],]]
[16011,15,12,[[16012,0],[16010,0],[16267,0],[16266,0],[15755,0],]]
[16012,11,12,[[16011,0],[16013,0],[16268,0],[15756,0],]]
[16013,15,12,[[16014,0],[16012,0],[16269,0],[16268,0],[15757,0],]]
[16014,6,12,[[16013,0],[16015,0],[16270,0],[15758,0],]]
[16015,7,12,[[16016,0],[16014,0],[16271,0],[16270,0],[15759,0],]]
[16016,5,12,[[16015,0],[16017,0],[16272,0],[15760,0],]]
[16017,17,12,[[16018,0],[16016,0],[16273,0],[16272,0],[15761,0],]]
[16018,10,12,[[16017,0],[16019,0],[16274,0],[15762,0],]]
[16019,7,12,[[16020,0],[16018,0],[16275,0],[16274,0],[15763,0],]]
[16020,6,12,[[16019,0],[16021,0],[16276,0],[15764,0],]]
[16021,19,12,[[16022,0],[16020,0],[16277,0],[16276,0],[15765,0],]]
[16022,7,12,[[16021,0],[16023,0],[16278,0],[15766,0],]]
[16023,15,12,[[16024,0],[16022,0],[16279,0],[16278,0],[15767,0],]]
[16024,5,12,[[16023,0],[16025,0],[16280,0],[15768,0],]]
[16025,19,12,[[16026,0],[16024,0],[16281,0],[16280,0],[15769,0],]]
[16026,15,12,[[16025,0],[16027,0],[16282,0],[15770,0],]]
[16027,12,12,[[16028,0],[16026,0],[16283,0],[16282,0],[15771,0],]]
[16028,4,12,[[16027,0],[16029,0],[16284,0],[15772,0],]]
[16029,19,12,[[16030,0],[16028,0],[16285,0],[16284,0],[15773,0],]]
[16030,18,12,[[16029,0],[16031,0],[16286,0],[15774,0],]]
[16031,3,12,[[16032,0],[16030,0],[16287,0],[16286,0],[15775,0],]]
[16032,16,13,[[16031,0],[16033,0],[16288,0],[15776,0],]]
[16033,16,13,[[16034,0],[16032,0],[16289,0],[16288,0],[15777,0],]]
[16034,8,13,[[16033,0],[16035,0],[16290,0],[15778,0],]]
[16035,1,13,[[16036,0],[16034,0],[16291,0],[16290,0],[15779,0],]]
[16036,9,13,[[16035,0],[16037,0],[16292,0],[15780,0],]]
[16037,5,13,[[16038,0],[16036,0],[16293,0],[16292,0],[15781,0],]]
[16038,2,13,[[16037,0],[16039,0],[16294,0],[15782,0],]]
[16039,9,13,[[16040,0],[16038,0],[16295,0],[16294,0],[15783,0],]]
[16040,15,13,[[16039,0],[16041,0],[16296,0],[15784,0],]]
[16041,16,13,[[16042,0],[16040,0],[16297,0],[16296,0],[15785,0],]]
[16042,15,13,[[16041,0],[16043,0],[16298,0],[15786,0],]]
[16043,3,13,[[16044,0],[16042,0],[16299,0],[16298,0],[15787,0],]]
[16044,16,13,[[16043,0],[16045,0],[16300,0],[15788,0],]]
[16045,5,13,[[16046,0],[16044,0],[16301,0],[16300,0],[15789,0],]]
[16046,10,13,[[16045,0],[16047,0],[16302,0],[15790,0],]]
[16047,15,13,[[16048,0],[16046,0],[16303,0],[16302,0],[15791,0],]]
[16048,2,13,[[16047,0],[16049,0],[16304,0],[15792,0],]]
[16049,2,13,[[16050,0],[16048,0],[16305,0],[16304,0],[15793,0],]]
[16050,2,13,[[16049,0],[16051,0],[16306,0],[15794,0],]]
[16051,15,13,[[16052,0],[16050,0],[16307,0],[16306,0],[15795,0],]]
[16052,3,13,[[16051,0],[16053,0],[16308,0],[15796,0],]]
[16053,7,13,[[16054,0],[16052,0],[16309,0],[16308,0],[15797,0],]]
[16054,7,13,[[16053,0],[16055,0],[16310,0],[15798,0],]]
[16055,12,13,[[16056,0],[16054,0],[16311,0],[16310,0],[15799,0],]]
[16056,2,13,[[16055,0],[16057,0],[16312,0],[15800,0],]]
[16057,1,13,[[16058,0],[16056,0],[16313,0],[16312,0],[15801,0],]]
[16058,19,13,[[16057,0],[16059,0],[16314,0],[15802,0],]]
[16059,13,13,[[16060,0],[16058,0],[16315,0],[16314,0],[15803,0],]]
[16060,10,13,[[16059,0],[16061,0],[16316,0],[15804,0],]]
[16061,12,13,[[16062,0],[16060,0],[16317,0],[16316,0],[15805,0],]]
[16062,12,13,[[16061,0],[16063,0],[16318,0],[15806,0],]]
[16063,6,13,[[16064,0],[16062,0],[16319,0],[16318,0],[15807,0],]]
[16064,5,14,[[16063,0],[16065,0],[16320,0],[15808,0],]]
[16065,5,14,[[16066,0],[16064,0],[16321,0],[16320,0],[15809,0],]]
[16066,16,14,[[16065,0],[16067,0],[16322,0],[15810,0],]]
[16067,15,14,[[16068,0],[16066,0],[16323,0],[16322,0],[15811,0],]]
[16068,13,14,[[16067,0],[16069,0],[16324,0],[15812,0],]]
[16069,2,14,[[16070,0],[16068,0],[16325,0],[16324,0],[15813,0],]]
[16070,12,14,[[16069,0],[16071,0],[16326,0],[15814,0],]]
[16071,14,14,[[16072,0],[16070,0],[16327,0],[16326,0],[15815,0],]]
[16072,14,14,[[16071,0],[16073,0],[16328,0],[15816,0],]]
[16073,14,14,[[16074,0],[16072,0],[16329,0],[16328,0],[15817,0],]]
[16074,12,14,[[16073,0],[16075,0],[16330,0],[15818,0],]]
[16075,8,14,[[16076,0],[16074,0],[16331,0],[16330,0],[15819,0],]]
[16076,19,14,[[16075,0],[16077,0],[16332,0],[15820,0],]]
[16077,10,14,[[16078,0],[16076,0],[16333,0],[16332,0],[15821,0],]]
[16078,17,14,[[16077,0],[16079,0],[16334,0],[15822,0],]]
[16079,13,14,[[16080,0],[16078,0],[16335,0],[16334,0],[15823,0],]]
[16080,15,14,[[16079,0],[16081,0],[16336,0],[15824,0],]]
[16081,1,14,[[16082,0],[16080,0],[16337,0],[16336,0],[15825,0],]]
[16082,12,14,[[16081,0],[16083,0],[16338,0],[15826,0],]]
[16083,11,14,[[16084,0],[16082,0],[16339,0],[16338,0],[15827,0],]]
[16084,14,14,[[16083,0],[16085,0],[16340,0],[15828,0],]]
[16085,1,14,[[16086,0],[16084,0],[16341,0],[16340,0],[15829,0],]]
[16086,4,14,[[16085,0],[16087,0],[16342,0],[15830,0],]]
[16087,1,14,[[16088,0],[16086,0],[16343,0],[16342,0],[15831,0],]]
[16088,7,14,[[16087,0],[16089,0],[16344,0],[15832,0],]]
[16089,15,14,[[16090,0],[16088,0],[16345,0],[16344,0],[15833,0],]]
[16090,1,14,[[16089,0],[16091,0],[16346,0],[15834,0],]]
[16091,16,14,[[16092,0],[16090,0],[16347,0],[16346,0],[15835,0],]]
[16092,7,14,[[16091,0],[16093,0],[16348,0],[15836,0],]]
[16093,10,14,[[16094,0],[16092,0],[16349,0],[16348,0],[15837,0],]]
[16094,4,14,[[16093,0],[16095,0],[16350,0],[15838,0],]]
[16095,14,14,[[16096,0],[16094,0],[16351,0],[16350,0],[15839,0],]]
[16096,16,15,[[16095,0],[16097,0],[16352,0],[15840,0],]]
[16097,10,15,[[16098,0],[16096,0],[16353,0],[16352,0],[15841,0],]]
[16098,5,15,[[16097,0],[16099,0],[16354,0],[15842,0],]]
[16099,15,15,[[16100,0],[16098,0],[16355,0],[16354,0],[15843,0],]]
[16100,11,15,[[16099,0],[16101,0],[16356,0],[15844,0],]]
[16101,19,15,[[16102,0],[16100,0],[16357,0],[16356,0],[15845,0],]]
[16102,17,15,[[16101,0],[16103,0],[16358,0],[15846,0],]]
[16103,12,15,[[16104,0],[16102,0],[16359,0],[16358,0],[15847,0],]]
[16104,16,15,[[16103,0],[16105,0],[16360,0],[15848,0],]]
[16105,15,15,[[16106,0],[16104,0],[16361,0],[16360,0],[15849,0],]]
[16106,15,15,[[16105,0],[16107,0],[16362,0],[15850,0],]]
[16107,15,15,[[16108,0],[16106,0],[16363,0],[16362,0],[15851,0],]]
[16108,14,15,[[16107,0],[16109,0],[16364,0],[15852,0],]]
[16109,10,15,[[16110,0],[16108,0],[16365,0],[16364,0],[15853,0],]]
[16110,7,15,[[16109,0],[16111,0],[16366,0],[15854,0],]]
[16111,12,15,[[16112,0],[16110,0],[16367,0],[16366,0],[15855,0],]]
[16112,13,15,[[16111,0],[16113,0],[16368,0],[15856,0],]]
[16113,7,15,[[16114,0],[16112,0],[16369,0],[16368,0],[15857,0],]]
[16114,6,15,[[16113,0],[16115,0],[16370,0],[15858,0],]]
[16115,11,15,[[16116,0],[16114,0],[16371,0],[16370,0],[15859,0],]]
[16116,17,15,[[16115,0],[16117,0],[16372,0],[15860,0],]]
[16117,3,15,[[16118,0],[16116,0],[16373,0],[16372,0],[15861,0],]]
[16118,2,15,[[16117,0],[16119,0],[16374,0],[15862,0],]]
[16119,12,15,[[16120,0],[16118,0],[16375,0],[16374,0],[15863,0],]]
[16120,10,15,[[16119,0],[16121,0],[16376,0],[15864,0],]]
[16121,2,15,[[16122,0],[16120,0],[16377,0],[16376,0],[15865,0],]]
[16122,12,15,[[16121,0],[16123,0],[16378,0],[15866,0],]]
[16123,2,15,[[16124,0],[16122,0],[16379,0],[16378,0],[15867,0],]]
[16124,15,15,[[16123,0],[16125,0],[16380,0],[15868,0],]]
[16125,6,15,[[16126,0],[16124,0],[16381,0],[16380,0],[15869,0],]]
[16126,13,15,[[16125,0],[16127,0],[16382,0],[15870,0],]]
[16127,10,15,[[16126,0],[16383,0],[16382,0],[15871,0],]]
[16128,10,8,[[16129,0],[15872,0],[15873,0],[16384,0],]]
[16129,4,8,[[16130,0],[16128,0],[15873,0],[16385,0],]]
[16130,18,8,[[16129,0],[16131,0],[15874,0],[15875,0],[16386,0],]]
[16131,2,8,[[16132,0],[16130,0],[15875,0],[16387,0],]]
[16132,16,8,[[16131,0],[16133,0],[15876,0],[15877,0],[16388,0],]]
[16133,13,8,[[16134,0],[16132,0],[15877,0],[16389,0],]]
[16134,13,8,[[16133,0],[16135,0],[15878,0],[15879,0],[16390,0],]]
[16135,10,8,[[16136,0],[16134,0],[15879,0],[16391,0],]]
[16136,7,8,[[16135,0],[16137,0],[15880,0],[15881,0],[16392,0],]]
[16137,15,8,[[16138,0],[16136,0],[15881,0],[16393,0],]]
[16138,1,8,[[16137,0],[16139,0],[15882,0],[15883,0],[16394,0],]]
[16139,12,8,[[16140,0],[16138,0],[15883,0],[16395,0],]]
[16140,9,8,[[16139,0],[16141,0],[15884,0],[15885,0],[16396,0],]]
[16141,3,8,[[16142,0],[16140,0],[15885,0],[16397,0],]]
[16142,8,8,[[16141,0],[16143,0],[15886,0],[15887,0],[16398,0],]]
[16143,8,8,[[16144,0],[16142,0],[15887,0],[16399,0],]]
[16144,5,8,[[16143,0],[16145,0],[15888,0],[15889,0],[16400,0],]]
[16145,16,8,[[16146,0],[16144,0],[15889,0],[16401,0],]]
[16146,8,8,[[16145,0],[16147,0],[15890,0],[15891,0],[16402,0],]]
[16147,5,8,[[16148,0],[16146,0],[15891,0],[16403,0],]]
[16148,2,8,[[16147,0],[16149,0],[15892,0],[15893,0],[16404,0],]]
[16149,3,8,[[16150,0],[16148,0],[15893,0],[16405,0],]]
[16150,18,8,[[16149,0],[16151,0],[15894,0],[15895,0],[16406,0],]]
[16151,14,8,[[16152,0],[16150,0],[15895,0],[16407,0],]]
[16152,9,8,[[16151,0],[16153,0],[15896,0],[15897,0],[16408,0],]]
[16153,7,8,[[16154,0],[16152,0],[15897,0],[16409,0],]]
[16154,8,8,[[16153,0],[16155,0],[15898,0],[15899,0],[16410,0],]]
[16155,13,8,[[16156,0],[16154,0],[15899,0],[16411,0],]]
[16156,9,8,[[16155,0],[16157,0],[15900,0],[15901,0],[16412,0],]]
[16157,15,8,[[16158,0],[16156,0],[15901,0],[16413,0],]]
[16158,16,8,[[16157,0],[16159,0],[15902,0],[15903,0],[16414,0],]]
[16159,1,8,[[16160,0],[16158,0],[15903,0],[16415,0],]]
[16160,9,9,[[16159,0],[16161,0],[15904,0],[15905,0],[16416,0],]]
[16161,19,9,[[16162,0],[16160,0],[15905,0],[16417,0],]]
[16162,2,9,[[16161,0],[16163,0],[15906,0],[15907,0],[16418,0],]]
[16163,11,9,[[16164,0],[16162,0],[15907,0],[16419,0],]]
[16164,6,9,[[16163,0],[16165,0],[15908,0],[15909,0],[16420,0],]]
[16165,19,9,[[16166,0],[16164,0],[15909,0],[16421,0],]]
[16166,13,9,[[16165,0],[16167,0],[15910,0],[15911,0],[16422,0],]]
[16167,1,9,[[16168,0],[16166,0],[15911,0],[16423,0],]]
[16168,7,9,[[16167,0],[16169,0],[15912,0],[15913,0],[16424,0],]]
[16169,10,9,[[16170,0],[16168,0],[15913,0],[16425,0],]]
[16170,3,9,[[16169,0],[16171,0],[15914,0],[15915,0],[16426,0],]]
[16171,11,9,[[16172,0],[16170,0],[15915,0],[16427,0],]]
[16172,14,9,[[16171,0],[16173,0],[15916,0],[15917,0],[16428,0],]]
[16173,8,9,[[16174,0],[16172,0],[15917,0],[16429,0],]]
[16174,10,9,[[16173,0],[16175,0],[15918,0],[15919,0],[16430,0],]]
[16175,16,9,[[16176,0],[16174,0],[15919,0],[16431,0],]]
[16176,10,9,[[16175,0],[16177,0],[15920,0],[15921,0],[16432,0],]]
[16177,7,9,[[16178,0],[16176,0],[15921,0],[16433,0],]]
[16178,19,9,[[16177,0],[16179,0],[15922,0],[15923,0],[16434,0],]]
[16179,18,9,[[16180,0],[16178,0],[15923,0],[16435,0],]]
[16180,5,9,[[16179,0],[16181,0],[15924,0],[15925,0],[16436,0],]]
[16181,6,9,[[16182,0],[16180,0],[15925,0],[16437,0],]]
[16182,7,9,[[16181,0],[16183,0],[15926,0],[15927,0],[16438,0],]]
[16183,11,9,[[16184,0],[16182,0],[15927,0],[16439,0],]]
[16184,2,9,[[16183,0],[16185,0],[15928,0],[15929,0],[16440,0],]]
[16185,4,9,[[16186,0],[16184,0],[15929,0],[16441,0],]]
[16186,18,9,[[16185,0],[16187,0],[15930,0],[15931,0],[16442,0],]]
[16187,6,9,[[16188,0],[16186,0],[15931,0],[16443,0],]]
[16188,5,9,[[16187,0],[16189,0],[15932,0],[15933,0],[16444,0],]]
[16189,6,9,[[16190,0],[16188,0],[15933,0],[16445,0],]]
[16190,11,9,[[16189,0],[16191,0],[15934,0],[15935,0],[16446,0],]]
[16191,1,9,[[16192,0],[16190,0],[15935,0],[16447,0],]]
[16192,13,10,[[16191,0],[16193,0],[15936,0],[15937,0],[16448,0],]]
[16193,7,10,[[16194,0],[16192,0],[15937,0],[16449,0],]]
[16194,7,10,[[16193,0],[16195,0],[15938,0],[15939,0],[16450,0],]]
[16195,3,10,[[16196,0],[16194,0],[15939,0],[16451,0],]]
[16196,19,10,[[16195,0],[16197,0],[15940,0],[15941,0],[16452,0],]]
[16197,15,10,[[16198,0],[16196,0],[15941,0],[16453,0],]]
[16198,3,10,[[16197,0],[16199,0],[15942,0],[15943,0],[16454,0],]]
[16199,15,10,[[16200,0],[16198,0],[15943,0],[16455,0],]]
[16200,5,10,[[16199,0],[16201,0],[15944,0],[15945,0],[16456,0],]]
[16201,1,10,[[16202,0],[16200,0],[15945,0],[16457,0],]]
[16202,18,10,[[16201,0],[16203,0],[15946,0],[15947,0],[16458,0],]]
[16203,12,10,[[16204,0],[16202,0],[15947,0],[16459,0],]]
[16204,8,10,[[16203,0],[16205,0],[15948,0],[15949,0],[16460,0],]]
[16205,3,10,[[16206,0],[16204,0],[15949,0],[16461,0],]]
[16206,15,10,[[16205,0],[16207,0],[15950,0],[15951,0],[16462,0],]]
[16207,11,10,[[16208,0],[16206,0],[15951,0],[16463,0],]]
[16208,13,10,[[16207,0],[16209,0],[15952,0],[15953,0],[16464,0],]]
[16209,6,10,[[16210,0],[16208,0],[15953,0],[16465,0],]]
[16210,15,10,[[16209,0],[16211,0],[15954,0],[15955,0],[16466,0],]]
[16211,11,10,[[16212,0],[16210,0],[15955,0],[16467,0],]]
[16212,3,10,[[16211,0],[16213,0],[15956,0],[15957,0],[16468,0],]]
[16213,7,10,[[16214,0],[16212,0],[15957,0],[16469,0],]]
[16214,14,10,[[16213,0],[16215,0],[15958,0],[15959,0],[16470,0],]]
[16215,4,10,[[16216,0],[16214,0],[15959,0],[16471,0],]]
[16216,16,10,[[16215,0],[16217,0],[15960,0],[15961,0],[16472,0],]]
[16217,1,10,[[16218,0],[16216,0],[15961,0],[16473,0],]]
[16218,2,10,[[16217,0],[16219,0],[15962,0],[15963,0],[16474,0],]]
[16219,14,10,[[16220,0],[16218,0],[15963,0],[16475,0],]]
[16220,15,10,[[16219,0],[16221,0],[15964,0],[15965,0],[16476,0],]]
[16221,18,10,[[16222,0],[16220,0],[15965,0],[16477,0],]]
[16222,7,10,[[16221,0],[16223,0],[15966,0],[15967,0],[16478,0],]]
[16223,13,10,[[16224,0],[16222,0],[15967,0],[16479,0],]]
[16224,5,11,[[16223,0],[16225,0],[15968,0],[15969,0],[16480,0],]]
[16225,2,11,[[16226,0],[16224,0],[15969,0],[16481,0],]]
[16226,17,11,[[16225,0],[16227,0],[15970,0],[15971,0],[16482,0],]]
[16227,9,11,[[16228,0],[16226,0],[15971,0],[16483,0],]]
[16228,4,11,[[16227,0],[16229,0],[15972,0],[15973,0],[16484,0],]]
[16229,3,11,[[16230,0],[16228,0],[15973,0],[16485,0],]]
[16230,8,11,[[16229,0],[16231,0],[15974,0],[15975,0],[16486,0],]]
[16231,2,11,[[16232,0],[16230,0],[15975,0],[16487,0],]]
[16232,5,11,[[16231,0],[16233,0],[15976,0],[15977,0],[16488,0],]]
[16233,18,11,[[16234,0],[16232,0],[15977,0],[16489,0],]]
[16234,19,11,[[16233,0],[16235,0],[15978,0],[15979,0],[16490,0],]]
[16235,10,11,[[16236,0],[16234,0],[15979,0],[16491,0],]]
[16236,9,11,[[16235,0],[16237,0],[15980,0],[15981,0],[16492,0],]]
[16237,8,11,[[16238,0],[16236,0],[15981,0],[16493,0],]]
[16238,18,11,[[16237,0],[16239,0],[15982,0],[15983,0],[16494,0],]]
[16239,7,11,[[16240,0],[16238,0],[15983,0],[16495,0],]]
[16240,8,11,[[16239,0],[16241,0],[15984,0],[15985,0],[16496,0],]]
[16241,1,11,[[16242,0],[16240,0],[15985,0],[16497,0],]]
[16242,7,11,[[16241,0],[16243,0],[15986,0],[15987,0],[16498,0],]]
[16243,14,11,[[16244,0],[16242,0],[15987,0],[16499,0],]]
[16244,19,11,[[16243,0],[16245,0],[15988,0],[15989,0],[16500,0],]]
[16245,15,11,[[16246,0],[16244,0],[15989,0],[16501,0],]]
[16246,10,11,[[16245,0],[16247,0],[15990,0],[15991,0],[16502,0],]]
[16247,2,11,[[16248,0],[16246,0],[15991,0],[16503,0],]]
[16248,8,11,[[16247,0],[16249,0],[15992,0],[15993,0],[16504,0],]]
[16249,5,11,[[16250,0],[16248,0],[15993,0],[16505,0],]]
[16250,15,11,[[16249,0],[16251,0],[15994,0],[15995,0],[16506,0],]]
[16251,4,11,[[16252,0],[16250,0],[15995,0],[16507,0],]]
[16252,16,11,[[16251,0],[16253,0],[15996,0],[15997,0],[16508,0],]]
[16253,14,11,[[16254,0],[16252,0],[15997,0],[16509,0],]]
[16254,11,11,[[16253,0],[16255,0],[15998,0],[15999,0],[16510,0],]]
[16255,10,11,[[16256,0],[16254,0],[15999,0],[16511,0],]]
[16256,14,12,[[16255,0],[16257,0],[16000,0],[16001,0],[16512,0],]]
[16257,7,12,[[16258,0],[16256,0],[16001,0],[16513,0],]]
[16258,11,12,[[16257,0],[16259,0],[16002,0],[16003,0],[16514,0],]]
[16259,14,12,[[16260,0],[16258,0],[16003,0],[16515,0],]]
[16260,18,12,[[16259,0],[16261,0],[16004,0],[16005,0],[16516,0],]]
[16261,2,12,[[16262,0],[16260,0],[16005,0],[16517,0],]]
[16262,5,12,[[16261,0],[16263,0],[16006,0],[16007,0],[16518,0],]]
[16263,19,12,[[16264,0],[16262,0],[16007,0],[16519,0],]]
[16264,10,12,[[16263,0],[16265,0],[16008,0],[16009,0],[16520,0],]]
[16265,17,12,[[16266,0],[16264,0],[16009,0],[16521,0],]]
[16266,13,12,[[16265,0],[16267,0],[16010,0],[16011,0],[16522,0],]]
[16267,19,12,[[16268,0],[16266,0],[16011,0],[16523,0],]]
[16268,14,12,[[16267,0],[16269,0],[16012,0],[16013,0],[16524,0],]]
[16269,18,12,[[16270,0],[16268,0],[16013,0],[16525,0],]]
[16270,1,12,[[16269,0],[16271,0],[16014,0],[16015,0],[16526,0],]]
[16271,16,12,[[16272,0],[16270,0],[16015,0],[16527,0],]]
[16272,15,12,[[16271,0],[16273,0],[16016,0],[16017,0],[16528,0],]]
[16273,14,12,[[16274,0],[16272,0],[16017,0],[16529,0],]]
[16274,7,12,[[16273,0],[16275,0],[16018,0],[16019,0],[16530,0],]]
[16275,4,12,[[16276,0],[16274,0],[16019,0],[16531,0],]]
[16276,10,12,[[16275,0],[16277,0],[16020,0],[16021,0],[16532,0],]]
[16277,15,12,[[16278,0],[16276,0],[16021,0],[16533,0],]]
[16278,5,12,[[16277,0],[16279,0],[16022,0],[16023,0],[16534,0],]]
[16279,11,12,[[16280,0],[16278,0],[16023,0],[16535,0],]]
[16280,5,12,[[16279,0],[16281,0],[16024,0],[16025,0],[16536,0],]]
[16281,4,12,[[16282,0],[16280,0],[16025,0],[16537,0],]]
[16282,10,12,[[16281,0],[16283,0],[16026,0],[16027,0],[16538,0],]]
[16283,19,12,[[16284,0],[16282,0],[16027,0],[16539,0],]]
[16284,5,12,[[16283,0],[16285,0],[16028,0],[16029,0],[16540,0],]]
[16285,12,12,[[16286,0],[16284,0],[16029,0],[16541,0],]]
[16286,14,12,[[16285,0],[16287,0],[16030,0],[16031,0],[16542,0],]]
[16287,11,12,[[16288,0],[16286,0],[16031,0],[16543,0],]]
[16288,18,13,[[16287,0],[16289,0],[16032,0],[16033,0],[16544,0],]]
[16289,6,13,[[16290,0],[16288,0],[16033,0],[16545,0],]]
[16290,18,13,[[16289,0],[16291,0],[16034,0],[16035,0],[16546,0],]]
[16291,8,13,[[16292,0],[16290,0],[16035,0],[16547,0],]]
[16292,6,13,[[16291,0],[16293,0],[16036,0],[16037,0],[16548,0],]]
[16293,11,13,[[16294,0],[16292,0],[16037,0],[16549,0],]]
[16294,12,13,[[16293,0],[16295,0],[16038,0],[16039,0],[16550,0],]]
[16295,9,13,[[16296,0],[16294,0],[16039,0],[16551,0],]]
[16296,15,13,[[16295,0],[16297,0],[16040,0],[16041,0],[16552,0],]]
[16297,14,13,[[16298,0],[16296,0],[16041,0],[16553,0],]]
[16298,19,13,[[16297,0],[16299,0],[16042,0],[16043,0],[16554,0],]]
[16299,9,13,[[16300,0],[16298,0],[16043,0],[16555,0],]]
[16300,1,13,[[16299,0],[16301,0],[16044,0],[16045,0],[16556,0],]]
[16301,1,13,[[16302,0],[16300,0],[16045,0],[16557,0],]]
[16302,13,13,[[16301,0],[16303,0],[16046,0],[16047,0],[16558,0],]]
[16303,4,13,[[16304,0],[16302,0],[16047,0],[16559,0],]]
[16304,8,13,[[16303,0],[16305,0],[16048,0],[16049,0],[16560,0],]]
[16305,13,13,[[16306,0],[16304,0],[16049,0],[16561,0],]]
[16306,10,13,[[16305,0],[16307,0],[16050,0],[16051,0],[16562,0],]]
[16307,10,13,[[16308,0],[16306,0],[16051,0],[16563,0],]]
[16308,8,13,[[16307,0],[16309,0],[16052,0],[16053,0],[16564,0],]]
[16309,10,13,[[16310,0],[16308,0],[16053,0],[16565,0],]]
[16310,10,13,[[16309,0],[16311,0],[16054,0],[16055,0],[16566,0],]]
[16311,4,13,[[16312,0],[16310,0],[16055,0],[16567,0],]]
[16312,2,13,[[16311,0],[16313,0],[16056,0],[16057,0],[16568,0],]]
[16313,13,13,[[16314,0],[16312,0],[16057,0],[16569,0],]]
[16314,7,13,[[16313,0],[16315,0],[16058,0],[16059,0],[16570,0],]]
[16315,9,13,[[16316,0],[16314,0],[16059,0],[16571,0],]]
[16316,1,13,[[16315,0],[16317,0],[16060,0],[16061,0],[16572,0],]]
[16317,13,13,[[16318,0],[16316,0],[16061,0],[16573,0],]]
[16318,2,13,[[16317,0],[16319,0],[16062,0],[16063,0],[16574,0],]]
[16319,13,13,[[16320,0],[16318,0],[16063,0],[16575,0],]]
[16320,8,14,[[16319,0],[16321,0],[16064,0],[16065,0],[16576,0],]]
[16321,18,14,[[16322,0],[16320,0],[16065,0],[16577,0],]]
[16322,7,14,[[16321,0],[16323,0],[16066,0],[16067,0],[16578,0],]]
[16323,16,14,[[16324,0],[16322,0],[16067,0],[16579,0],]]
[16324,5,14,[[16323,0],[16325,0],[16068,0],[16069,0],[16580,0],]]
[16325,3,14,[[16326,0],[16324,0],[16069,0],[16581,0],]]
[16326,4,14,[[16325,0],[16327,0],[16070,0],[16071,0],[16582,0],]]
[16327,9,14,[[16328,0],[16326,0],[16071,0],[16583,0],]]
[16328,11,14,[[16327,0],[16329,0],[16072,0],[16073,0],[16584,0],]]
[16329,17,14,[[16330,0],[16328,0],[16073,0],[16585,0],]]
[16330,5,14,[[16329,0],[16331,0],[16074,0],[16075,0],[16586,0],]]
[16331,14,14,[[16332,0],[16330,0],[16075,0],[16587,0],]]
[16332,11,14,[[16331,0],[16333,0],[16076,0],[16077,0],[16588,0],]]
[16333,8,14,[[16334,0],[16332,0],[16077,0],[16589,0],]]
[16334,14,14,[[16333,0],[16335,0],[16078,0],[16079,0],[16590,0],]]
[16335,4,14,[[16336,0],[16334,0],[16079,0],[16591,0],]]
[16336,14,14,[[16335,0],[16337,0],[16080,0],[16081,0],[16592,0],]]
[16337,3,14,[[16338,0],[16336,0],[16081,0],[16593,0],]]
[16338,18,14,[[16337,0],[16339,0],[16082,0],[16083,0],[16594,0],]]
[16339,8,14,[[16340,0],[16338,0],[16083,0],[16595,0],]]
[16340,14,14,[[16339,0],[16341,0],[16084,0],[16085,0],[16596,0],]]
[16341,3,14,[[16342,0],[16340,0],[16085,0],[16597,0],]]
[16342,10,14,[[16341,0],[16343,0],[16086,0],[16087,0],[16598,0],]]
[16343,3,14,[[16344,0],[16342,0],[16087,0],[16599,0],]]
[16344,14,14,[[16343,0],[16345,0],[16088,0],[16089,0],[16600,0],]]
[16345,6,14,[[16346,0],[16344,0],[16089,0],[16601,0],]]
[16346,19,14,[[16345,0],[16347,0],[16090,0],[16091,0],[16602,0],]]
[16347,1,14,[[16348,0],[16346,0],[16091,0],[16603,0],]]
[16348,10,14,[[16347,0],[16349,0],[16092,0],[16093,0],[16604,0],]]
[16349,7,14,[[16350,0],[16348,0],[16093,0],[16605,0],]]
[16350,10,14,[[16349,0],[16351,0],[16094,0],[16095,0],[16606,0],]]
[16351,19,14,[[16352,0],[16350,0],[16095,0],[16607,0],]]
[16352,10,15,[[16351,0],[16353,0],[16096,0],[16097,0],[16608,0],]]
[16353,5,15,[[16354,0],[16352,0],[16097,0],[16609,0],]]
[16354,7,15,[[16353,0],[16355,0],[16098,0],[16099,0],[16610,0],]]
[16355,1,15,[[16356,0],[16354,0],[16099,0],[16611,0],]]
[16356,15,15,[[16355,0],[16357,0],[16100,0],[16101,0],[16612,0],]]
[16357,16,15,[[16358,0],[16356,0],[16101,0],[16613,0],]]
[16358,17,15,[[16357,0],[16359,0],[16102,0],[16103,0],[16614,0],]]
[16359,19,15,[[16360,0],[16358,0],[16103,0],[16615,0],]]
[16360,13,15,[[16359,0],[16361,0],[16104,0],[16105,0],[16616,0],]]
[16361,12,15,[[16362,0],[16360,0],[16105,0],[16617,0],]]
[16362,7,15,[[16361,0],[16363,0],[16106,0],[16107,0],[16618,0],]]
[16363,15,15,[[16364,0],[16362,0],[16107,0],[16619,0],]]
[16364,6,15,[[16363,0],[16365,0],[16108,0],[16109,0],[16620,0],]]
[16365,9,15,[[16366,0],[16364,0],[16109,0],[16621,0],]]
[16366,4,15,[[16365,0],[16367,0],[16110,0],[16111,0],[16622,0],]]
[16367,8,15,[[16368,0],[16366,0],[16111,0],[16623,0],]]
[16368,13,15,[[16367,0],[16369,0],[16112,0],[16113,0],[16624,0],]]
[16369,8,15,[[16370,0],[16368,0],[16113,0],[16625,0],]]
[16370,3,15,[[16369,0],[16371,0],[16114,0],[16115,0],[16626,0],]]
[16371,9,15,[[16372,0],[16370,0],[16115,0],[16627,0],]]
[16372,15,15,[[16371,0],[16373,0],[16116,0],[16117,0],[16628,0],]]
[16373,15,15,[[16374,0],[16372,0],[16117,0],[16629,0],]]
[16374,4,15,[[16373,0],[16375,0],[16118,0],[16119,0],[16630,0],]]
[16375,16,15,[[16376,0],[16374,0],[16119,0],[16631,0],]]
[16376,2,15,[[16375,0],[16377,0],[16120,0],[16121,0],[16632,0],]]
[16377,5,15,[[16378,0],[16376,0],[16121,0],[16633,0],]]
[16378,19,15,[[16377,0],[16379,0],[16122,0],[16123,0],[16634,0],]]
[16379,9,15,[[16380,0],[16378,0],[16123,0],[16635,0],]]
[16380,4,15,[[16379,0],[16381,0],[16124,0],[16125,0],[16636,0],]]
[16381,17,15,[[16382,0],[16380,0],[16125,0],[16637,0],]]
[16382,5,15,[[16381,0],[16383,0],[16126,0],[16127,0],[16638,0],]]
[16383,4,15,[[16382,0],[16127,0],[16639,0],]]
