[1966,14,5,[[1965,0],[1967,0],[1710,0],[1711,0],[2222,0],]]
[1967,13,5,[[1968,0],[1966,0],[1711,0],[2223,0],]]
[1968,15,5,[[1967,0],[1969,0],[1712,0],[1713,0],[2224,0],]]
[1969,11,5,[[1970,0],[1968,0],[1713,0],[2225,0],]]
[1970,7,5,[[1969,0],[1971,0],[1714,0],[1715,0],[2226,0],]]
[1971,11,5,[[1972,0],[1970,0],[1715,0],[2227,0],]]
[1972,1,5,[[1971,0],[1973,0],[1716,0],[1717,0],[2228,0],]]
[1973,1,5,[[1974,0],[1972,0],[1717,0],[2229,0],]]
[1974,10,5,[[1973,0],[1975,0],[1718,0],[1719,0],[2230,0],]]
[1975,17,5,[[1976,0],[1974,0],[1719,0],[2231,0],]]
[1976,14,5,[[1975,0],[1977,0],[1720,0],[1721,0],[2232,0],]]
[1977,1,5,[[1978,0],[1976,0],[1721,0],[2233,0],]]
[1978,5,5,[[1977,0],[1979,0],[1722,0],[1723,0],[2234,0],]]
[1979,18,5,[[1980,0],[1978,0],[1723,0],[2235,0],]]
[1980,6,5,[[1979,0],[1981,0],[1724,0],[1725,0],[2236,0],]]
[1981,14,5,[[1982,0],[1980,0],[1725,0],[2237,0],]]
[1982,17,5,[[1981,0],[1983,0],[1726,0],[1727,0],[2238,0],]]
[1983,11,5,[[1984,0],[1982,0],[1727,0],[2239,0],]]
[1984,11,6,[[1983,0],[1985,0],[1728,0],[1729,0],[2240,0],]]
[1985,10,6,[[1986,0],[1984,0],[1729,0],[2241,0],]]
[1986,11,6,[[1985,0],[1987,0],[1730,0],[1731,0],[2242,0],]]
[1987,17,6,[[1988,0],[1986,0],[1731,0],[2243,0],]]
[1988,19,6,[[1987,0],[1989,0],[1732,0],[1733,0],[2244,0],]]
[1989,6,6,[[1990,0],[1988,0],[1733,0],[2245,0],]]
[1990,16,6,[[1989,0],[1991,0],[1734,0],[1735,0],[2246,0],]]
[1991,11,6,[[1992,0],[1990,0],[1735,0],[2247,0],]]
[1992,5,6,[[1991,0],[1993,0],[1736,0],[1737,0],[2248,0],]]
[1993,8,6,[[1994,0],[1992,0],[1737,0],[2249,0],]]
[1994,14,6,[[1993,0],[1995,0],[1738,0],[1739,0],[2250,0],]]
[1995,16,6,[[1996,0],[1994,0],[1739,0],[2251,0],]]
[1996,11,6,[[1995,0],[1997,0],[1740,0],[1741,0],[2252,0],]]
[1997,10,6,[[1998,0],[1996,0],[1741,0],[2253,0],]]
[1998,1,6,[[1997,0],[1999,0],[1742,0],[1743,0],[2254,0],]]
[1999,1,6,[[2000,0],[1998,0],[1743,0],[2255,0],]]
[2000,4,6,[[1999,0],[2001,0],[1744,0],[1745,0],[2256,0],]]
[2001,9,6,[[2002,0],[2000,0],[1745,0],[2257,0],]]
[2002,10,6,[[2001,0],[2003,0],[1746,0],[1747,0],[2258,0],]]
[2003,18,6,[[2004,0],[2002,0],[1747,0],[2259,0],]]
[2004,16,6,[[2003,0],[2005,0],[1748,0],[1749,0],[2260,0],]]
[2005,14,6,[[2006,0],[2004,0],[1749,0],[2261,0],]]
[2006,10,6,[[2005,0],[2007,0],[1750,0],[1751,0],[2262,0],]]
[2007,4,6,[[2008,0],[2006,0],[1751,0],[2263,0],]]
[2008,4,6,[[2007,0],[2009,0],[1752,0],[1753,0],[2264,0],]]
[2009,2,6,[[2010,0],[2008,0],[1753,0],[2265,0],]]
[2010,8,6,[[2009,0],[2011,0],[1754,0],[1755,0],[2266,0],]]
[2011,8,6,[[2012,0],[2010,0],[1755,0],[2267,0],]]
[2012,17,6,[[2011,0],[2013,0],[1756,0],[1757,0],[2268,0],]]
[2013,19,6,[[2014,0],[2012,0],[1757,0],[2269,0],]]
[2014,11,6,[[2013,0],[2015,0],[1758,0],[1759,0],[2270,0],]]
[2015,18,6,[[2016,0],[2014,0],[1759,0],[2271,0],]]
[2016,4,7,[[2015,0],[2017,0],[1760,0],[1761,0],[2272,0],]]
[2017,1,7,[[2018,0],[2016,0],[1761,0],[2273,0],]]
[2018,8,7,[[2017,0],[2019,0],[1762,0],[1763,0],[2274,0],]]
[2019,19,7,[[2020,0],[2018,0],[1763,0],[2275,0],]]
[2020,17,7,[[2019,0],[2021,0],[1764,0],[1765,0],[2276,0],]]
[2021,10,7,[[2022,0],[2020,0],[1765,0],[2277,0],]]
[2022,13,7,[[2021,0],[2023,0],[1766,0],[1767,0],[2278,0],]]
[2023,1,7,[[2024,0],[2022,0],[1767,0],[2279,0],]]
[2024,19,7,[[2023,0],[2025,0],[1768,0],[1769,0],[2280,0],]]
[2025,14,7,[[2026,0],[2024,0],[1769,0],[2281,0],]]
[2026,6,7,[[2025,0],[2027,0],[1770,0],[1771,0],[2282,0],]]
[2027,1,7,[[2028,0],[2026,0],[1771,0],[2283,0],]]
[2028,11,7,[[2027,0],[2029,0],[1772,0],[1773,0],[2284,0],]]
[2029,2,7,[[2030,0],[2028,0],[1773,0],[2285,0],]]
[2030,6,7,[[2029,0],[2031,0],[1774,0],[1775,0],[2286,0],]]
[2031,13,7,[[2032,0],[2030,0],[1775,0],[2287,0],]]
[2032,9,7,[[2031,0],[2033,0],[1776,0],[1777,0],[2288,0],]]
[2033,17,7,[[2034,0],[2032,0],[1777,0],[2289,0],]]
[2034,1,7,[[2033,0],[2035,0],[1778,0],[1779,0],[2290,0],]]
[2035,1,7,[[2036,0],[2034,0],[1779,0],[2291,0],]]
[2036,3,7,[[2035,0],[2037,0],[1780,0],[1781,0],[2292,0],]]
[2037,6,7,[[2038,0],[2036,0],[1781,0],[2293,0],]]
[2038,9,7,[[2037,0],[2039,0],[1782,0],[1783,0],[2294,0],]]
[2039,18,7,[[2040,0],[2038,0],[1783,0],[2295,0],]]
[2040,5,7,[[2039,0],[2041,0],[1784,0],[1785,0],[2296,0],]]
[2041,19,7,[[2042,0],[2040,0],[1785,0],[2297,0],]]
[2042,5,7,[[2041,0],[2043,0],[1786,0],[1787,0],[2298,0],]]
[2043,3,7,[[2044,0],[2042,0],[1787,0],[2299,0],]]
[2044,19,7,[[2043,0],[2045,0],[1788,0],[1789,0],[2300,0],]]
[2045,1,7,[[2046,0],[2044,0],[1789,0],[2301,0],]]
[2046,11,7,[[2045,0],[2047,0],[1790,0],[1791,0],[2302,0],]]
[2047,7,7,[[2046,0],[1791,0],[2303,0],]]
[2048,14,0,[[2049,0],[2304,0],[1792,0],]]
[2049,2,0,[[2050,0],[2048,0],[2305,0],[2304,0],[1793,0],]]
[2050,5,0,[[2049,0],[2051,0],[2306,0],[1794,0],]]
[2051,4,0,[[2052,0],[2050,0],[2307,0],[2306,0],[1795,0],]]
[2052,16,0,[[2051,0],[2053,0],[2308,0],[1796,0],]]
[2053,16,0,[[2054,0],[2052,0],[2309,0],[2308,0],[1797,0],]]
[2054,8,0,[[2053,0],[2055,0],[2310,0],[1798,0],]]
[2055,15,0,[[2056,0],[2054,0],[2311,0],[2310,0],[1799,0],]]
[2056,8,0,[[2055,0],[2057,0],[2312,0],[1800,0],]]
[2057,19,0,[[2058,0],[2056,0],[2313,0],[2312,0],[1801,0],]]
[2058,13,0,[[2057,0],[2059,0],[2314,0],[1802,0],]]
[2059,3,0,[[2060,0],[2058,0],[2315,0],[2314,0],[1803,0],]]
[2060,18,0,[[2059,0],[2061,0],[2316,0],[1804,0],]]
[2061,2,0,[[2062,0],[2060,0],[2317,0],[2316,0],[1805,0],]]
[2062,7,0,[[2061,0],[2063,0],[2318,0],[1806,0],]]
[2063,9,0,[[2064,0],[2062,0],[2319,0],[2318,0],[1807,0],]]
[2064,1,0,[[2063,0],[2065,0],[2320,0],[1808,0],]]
[2065,1,0,[[2066,0],[2064,0],[2321,0],[2320,0],[1809,0],]]
[2066,18,0,[[2065,0],[2067,0],[2322,0],[1810,0],]]
[2067,9,0,[[2068,0],[2066,0],[2323,0],[2322,0],[1811,0],]]
[2068,1,0,[[2067,0],[2069,0],[2324,0],[1812,0],]]
[2069,8,0,[[2070,0],[2068,0],[2325,0],[2324,0],[1813,0],]]
[2070,19,0,[[2069,0],[2071,0],[2326,0],[1814,0],]]
[2071,10,0,[[2072,0],[2070,0],[2327,0],[2326,0],[1815,0],]]
[2072,8,0,[[2071,0],[2073,0],[2328,0],[1816,0],]]
[2073,12,0,[[2074,0],[2072,0],[2329,0],[2328,0],[1817,0],]]
[2074,19,0,[[2073,0],[2075,0],[2330,0],[1818,0],]]
[2075,2,0,[[2076,0],[2074,0],[2331,0],[2330,0],[1819,0],]]
[2076,1,0,[[2075,0],[2077,0],[2332,0],[1820,0],]]
[2077,19,0,[[2078,0],[2076,0],[2333,0],[2332,0],[1821,0],]]
[2078,14,0,[[2077,0],[2079,0],[2334,0],[1822,0],]]
[2079,9,0,[[2080,0],[2078,0],[2335,0],[2334,0],[1823,0],]]
[2080,1,1,[[2079,0],[2081,0],[2336,0],[1824,0],]]
[2081,5,1,[[2082,0],[2080,0],[2337,0],[2336,0],[1825,0],]]
[2082,3,1,[[2081,0],[2083,0],[2338,0],[1826,0],]]
[2083,6,1,[[2084,0],[2082,0],[2339,0],[2338,0],[1827,0],]]
[2084,2,1,[[2083,0],[2085,0],[2340,0],[1828,0],]]
[2085,4,1,[[2086,0],[2084,0],[2341,0],[2340,0],[1829,0],]]
[2086,10,1,[[2085,0],[2087,0],[2342,0],[1830,0],]]
[2087,10,1,[[2088,0],[2086,0],[2343,0],[2342,0],[1831,0],]]
[2088,14,1,[[2087,0],[2089,0],[2344,0],[1832,0],]]
[2089,18,1,[[2090,0],[2088,0],[2345,0],[2344,0],[1833,0],]]
[2090,6,1,[[2089,0],[2091,0],[2346,0],[1834,0],]]
[2091,11,1,[[2092,0],[2090,0],[2347,0],[2346,0],[1835,0],]]
[2092,11,1,[[2091,0],[2093,0],[2348,0],[1836,0],]]
[2093,13,1,[[2094,0],[2092,0],[2349,0],[2348,0],[1837,0],]]
[2094,13,1,[[2093,0],[2095,0],[2350,0],[1838,0],]]
[2095,12,1,[[2096,0],[2094,0],[2351,0],[2350,0],[1839,0],]]
[2096,14,1,[[2095,0],[2097,0],[2352,0],[1840,0],]]
[2097,1,1,[[2098,0],[2096,0],[2353,0],[2352,0],[1841,0],]]
[2098,11,1,[[2097,0],[2099,0],[2354,0],[1842,0],]]
[2099,15,1,[[2100,0],[2098,0],[2355,0],[2354,0],[1843,0],]]
[2100,5,1,[[2099,0],[2101,0],[2356,0],[1844,0],]]
[2101,16,1,[[2102,0],[2100,0],[2357,0],[2356,0],[1845,0],]]
[2102,8,1,[[2101,0],[2103,0],[2358,0],[1846,0],]]
[2103,2,1,[[2104,0],[2102,0],[2359,0],[2358,0],[1847,0],]]
[2104,18,1,[[2103,0],[2105,0],[2360,0],[1848,0],]]
[2105,9,1,[[2106,0],[2104,0],[2361,0],[2360,0],[1849,0],]]
[2106,5,1,[[2105,0],[2107,0],[2362,0],[1850,0],]]
[2107,15,1,[[2108,0],[2106,0],[2363,0],[2362,0],[1851,0],]]
[2108,16,1,[[2107,0],[2109,0],[2364,0],[1852,0],]]
[2109,12,1,[[2110,0],[2108,0],[2365,0],[2364,0],[1853,0],]]
[2110,6,1,[[2109,0],[2111,0],[2366,0],[1854,0],]]
[2111,4,1,[[2112,0],[2110,0],[2367,0],[2366,0],[1855,0],]]
[2112,11,2,[[2111,0],[2113,0],[2368,0],[1856,0],]]
[2113,11,2,[[2114,0],[2112,0],[2369,0],[2368,0],[1857,0],]]
[2114,12,2,[[2113,0],[2115,0],[2370,0],[1858,0],]]
[2115,12,2,[[2116,0],[2114,0],[2371,0],[2370,0],[1859,0],]]
[2116,14,2,[[2115,0],[2117,0],[2372,0],[1860,0],]]
[2117,10,2,[[2118,0],[2116,0],[2373,0],[2372,0],[1861,0],]]
[2118,4,2,[[2117,0],[2119,0],[2374,0],[1862,0],]]
[2119,4,2,[[2120,0],[2118,0],[2375,0],[2374,0],[1863,0],]]
[2120,10,2,[[2119,0],[2121,0],[2376,0],[1864,0],]]
[2121,7,2,[[2122,0],[2120,0],[2377,0],[2376,0],[1865,0],]]
[2122,9,2,[[2121,0],[2123,0],[2378,0],[1866,0],]]
[2123,13,2,[[2124,0],[2122,0],[2379,0],[2378,0],[1867,0],]]
[2124,2,2,[[2123,0],[2125,0],[2380,0],[1868,0],]]
[2125,1,2,[[2126,0],[2124,0],[2381,0],[2380,0],[1869,0],]]
[2126,1,2,[[2125,0],[2127,0],[2382,0],[1870,0],]]
[2127,10,2,[[2128,0],[2126,0],[2383,0],[2382,0],[1871,0],]]
[2128,7,2,[[2127,0],[2129,0],[2384,0],[1872,0],]]
[2129,17,2,[[2130,0],[2128,0],[2385,0],[2384,0],[1873,0],]]
[2130,6,2,[[2129,0],[2131,0],[2386,0],[1874,0],]]
[2131,18,2,[[2132,0],[2130,0],[2387,0],[2386,0],[1875,0],]]
[2132,14,2,[[2131,0],[2133,0],[2388,0],[1876,0],]]
[2133,2,2,[[2134,0],[2132,0],[2389,0],[2388,0],[1877,0],]]
[2134,5,2,[[2133,0],[2135,0],[2390,0],[1878,0],]]
[2135,12,2,[[2136,0],[2134,0],[2391,0],[2390,0],[1879,0],]]
[2136,9,2,[[2135,0],[2137,0],[2392,0],[1880,0],]]
[2137,4,2,[[2138,0],[2136,0],[2393,0],[2392,0],[1881,0],]]
[2138,11,2,[[2137,0],[2139,0],[2394,0],[1882,0],]]
[2139,4,2,[[2140,0],[2138,0],[2395,0],[2394,0],[1883,0],]]
[2140,6,2,[[2139,0],[2141,0],[2396,0],[1884,0],]]
[2141,10,2,[[2142,0],[2140,0],[2397,0],[2396,0],[1885,0],]]
[2142,3,2,[[2141,0],[2143,0],[2398,0],[1886,0],]]
[2143,4,2,[[2144,0],[2142,0],[2399,0],[2398,0],[1887,0],]]
[2144,19,3,[[2143,0],[2145,0],[2400,0],[1888,0],]]
[2145,18,3,[[2146,0],[2144,0],[2401,0],[2400,0],[1889,0],]]
[2146,18,3,[[2145,0],[2147,0],[2402,0],[1890,0],]]
[2147,1,3,[[2148,0],[2146,0],[2403,0],[2402,0],[1891,0],]]
[2148,5,3,[[2147,0],[2149,0],[2404,0],[1892,0],]]
[2149,18,3,[[2150,0],[2148,0],[2405,0],[2404,0],[1893,0],]]
[2150,17,3,[[2149,0],[2151,0],[2406,0],[1894,0],]]
[2151,4,3,[[2152,0],[2150,0],[2407,0],[2406,0],[1895,0],]]
[2152,6,3,[[2151,0],[2153,0],[2408,0],[1896,0],]]
[2153,12,3,[[2154,0],[2152,0],[2409,0],[2408,0],[1897,0],]]
[2154,9,3,[[2153,0],[2155,0],[2410,0],[1898,0],]]
[2155,11,3,[[2156,0],[2154,0],[2411,0],[2410,0],[1899,0],]]
[2156,6,3,[[2155,0],[2157,0],[2412,0],[1900,0],]]
[2157,6,3,[[2158,0],[2156,0],[2413,0],[2412,0],[1901,0],]]
[2158,5,3,[[2157,0],[2159,0],[2414,0],[1902,0],]]
[2159,12,3,[[2160,0],[2158,0],[2415,0],[2414,0],[1903,0],]]
[2160,16,3,[[2159,0],[2161,0],[2416,0],[1904,0],]]
[2161,9,3,[[2162,0],[2160,0],[2417,0],[2416,0],[1905,0],]]
[2162,6,3,[[2161,0],[2163,0],[2418,0],[1906,0],]]
[2163,10,3,[[2164,0],[2162,0],[2419,0],[2418,0],[1907,0],]]
[2164,19,3,[[2163,0],[2165,0],[2420,0],[1908,0],]]
[2165,8,3,[[2166,0],[2164,0],[2421,0],[2420,0],[1909,0],]]
[2166,5,3,[[2165,0],[2167,0],[2422,0],[1910,0],]]
[2167,8,3,[[2168,0],[2166,0],[2423,0],[2422,0],[1911,0],]]
[2168,10,3,[[2167,0],[2169,0],[2424,0],[1912,0],]]
[2169,2,3,[[2170,0],[2168,0],[2425,0],[2424,0],[1913,0],]]
[2170,11,3,[[2169,0],[2171,0],[2426,0],[1914,0],]]
[2171,10,3,[[2172,0],[2170,0],[2427,0],[2426,0],[1915,0],]]
[2172,9,3,[[2171,0],[2173,0],[2428,0],[1916,0],]]
[2173,12,3,[[2174,0],[2172,0],[2429,0],[2428,0],[1917,0],]]
[2174,13,3,[[2173,0],[2175,0],[2430,0],[1918,0],]]
[2175,6,3,[[2176,0],[2174,0],[2431,0],[2430,0],[1919,0],]]
[2176,5,4,[[2175,0],[2177,0],[2432,0],[1920,0],]]
[2177,10,4,[[2178,0],[2176,0],[2433,0],[2432,0],[1921,0],]]
[2178,1,4,[[2177,0],[2179,0],[2434,0],[1922,0],]]
[2179,12,4,[[2180,0],[2178,0],[2435,0],[2434,0],[1923,0],]]
[2180,3,4,[[2179,0],[2181,0],[2436,0],[1924,0],]]
[2181,9,4,[[2182,0],[2180,0],[2437,0],[2436,0],[1925,0],]]
[2182,7,4,[[2181,0],[2183,0],[2438,0],[1926,0],]]
[2183,3,4,[[2184,0],[2182,0],[2439,0],[2438,0],[1927,0],]]
[2184,10,4,[[2183,0],[2185,0],[2440,0],[1928,0],]]
[2185,1,4,[[2186,0],[2184,0],[2441,0],[2440,0],[1929,0],]]
[2186,2,4,[[2185,0],[2187,0],[2442,0],[1930,0],]]
[2187,12,4,[[2188,0],[2186,0],[2443,0],[2442,0],[1931,0],]]
[2188,15,4,[[2187,0],[2189,0],[2444,0],[1932,0],]]
[2189,7,4,[[2190,0],[2188,0],[2445,0],[2444,0],[1933,0],]]
[2190,14,4,[[2189,0],[2191,0],[2446,0],[1934,0],]]
[2191,3,4,[[2192,0],[2190,0],[2447,0],[2446,0],[1935,0],]]
[2192,7,4,[[2191,0],[2193,0],[2448,0],[1936,0],]]
[2193,15,4,[[2194,0],[2192,0],[2449,0],[2448,0],[1937,0],]]
[2194,16,4,[[2193,0],[2195,0],[2450,0],[1938,0],]]
[2195,15,4,[[2196,0],[2194,0],[2451,0],[2450,0],[1939,0],]]
[2196,11,4,[[2195,0],[2197,0],[2452,0],[1940,0],]]
[2197,6,4,[[2198,0],[2196,0],[2453,0],[2452,0],[1941,0],]]
[2198,17,4,[[2197,0],[2199,0],[2454,0],[1942,0],]]
[2199,4,4,[[2200,0],[2198,0],[2455,0],[2454,0],[1943,0],]]
[2200,15,4,[[2199,0],[2201,0],[2456,0],[1944,0],]]
[2201,18,4,[[2202,0],[2200,0],[2457,0],[2456,0],[1945,0],]]
[2202,1,4,[[2201,0],[2203,0],[2458,0],[1946,0],]]
[2203,8,4,[[2204,0],[2202,0],[2459,0],[2458,0],[1947,0],]]
[2204,11,4,[[2203,0],[2205,0],[2460,0],[1948,0],]]
[2205,9,4,[[2206,0],[2204,0],[2461,0],[2460,0],[1949,0],]]
[2206,18,4,[[2205,0],[2207,0],[2462,0],[1950,0],]]
[2207,11,4,[[2208,0],[2206,0],[2463,0],[2462,0],[1951,0],]]
[2208,12,5,[[2207,0],[2209,0],[2464,0],[1952,0],]]
[2209,8,5,[[2210,0],[2208,0],[2465,0],[2464,0],[1953,0],]]
[2210,2,5,[[2209,0],[2211,0],[2466,0],[1954,0],]]
[2211,10,5,[[2212,0],[2210,0],[2467,0],[2466,0],[1955,0],]]
[2212,11,5,[[2211,0],[2213,0],[2468,0],[1956,0],]]
[2213,3,5,[[2214,0],[2212,0],[2469,0],[2468,0],[1957,0],]]
[2214,5,5,[[2213,0],[2215,0],[2470,0],[1958,0],]]
[2215,8,5,[[2216,0],[2214,0],[2471,0],[2470,0],[1959,0],]]
[2216,13,5,[[2215,0],[2217,0],[2472,0],[1960,0],]]
[2217,2,5,[[2218,0],[2216,0],[2473,0],[2472,0],[1961,0],]]
[2218,16,5,[[2217,0],[2219,0],[2474,0],[1962,0],]]
[2219,18,5,[[2220,0],[2218,0],[2475,0],[2474,0],[1963,0],]]
[2220,13,5,[[2219,0],[2221,0],[2476,0],[1964,0],]]
[2221,18,5,[[2222,0],[2220,0],[2477,0],[2476,0],[1965,0],]]
[2222,18,5,[[2221,0],[2223,0],[2478,0],[1966,0],]]
[2223,17,5,[[2224,0],[2222,0],[2479,0],[2478,0],[1967,0],]]
[2224,16,5,[[2223,0],[2225,0],[2480,0],[1968,0],]]
[2225,10,5,[[2226,0],[2224,0],[2481,0],[2480,0],[1969,0],]]
[2226,4,5,[[2225,0],[2227,0],[2482,0],[1970,0],]]
[2227,4,5,[[2228,0],[2226,0],[2483,0],[2482,0],[1971,0],]]
[2228,8,5,[[2227,0],[2229,0],[2484,0],[1972,0],]]
[2229,16,5,[[2230,0],[2228,0],[2485,0],[2484,0],[1973,0],]]
[2230,19,5,[[2229,0],[2231,0],[2486,0],[1974,0],]]
[2231,19,5,[[2232,0],[2230,0],[2487,0],[2486,0],[1975,0],]]
[2232,10,5,[[2231,0],[2233,0],[2488,0],[1976,0],]]
[2233,19,5,[[2234,0],[2232,0],[2489,0],[2488,0],[1977,0],]]
[2234,6,5,[[2233,0],[2235,0],[2490,0],[1978,0],]]
[2235,4,5,[[2236,0],[2234,0],[2491,0],[2490,0],[1979,0],]]
[2236,5,5,[[2235,0],[2237,0],[2492,0],[1980,0],]]
[2237,5,5,[[2238,0],[2236,0],[2493,0],[2492,0],[1981,0],]]
[2238,17,5,[[2237,0],[2239,0],[2494,0],[1982,0],]]
[2239,14,5,[[2240,0],[2238,0],[2495,0],[2494,0],[1983,0],]]
[2240,17,6,[[2239,0],[2241,0],[2496,0],[1984,0],]]
[2241,4,6,[[2242,0],[2240,0],[2497,0],[2496,0],[1985,0],]]
[2242,1,6,[[2241,0],[2243,0],[2498,0],[1986,0],]]
[2243,16,6,[[2244,0],[2242,0],[2499,0],[2498,0],[1987,0],]]
[2244,11,6,[[2243,0],[2245,0],[2500,0],[1988,0],]]
[2245,11,6,[[2246,0],[2244,0],[2501,0],[2500,0],[1989,0],]]
[2246,19,6,[[2245,0],[2247,0],[2502,0],[1990,0],]]
[2247,14,6,[[2248,0],[2246,0],[2503,0],[2502,0],[1991,0],]]
[2248,7,6,[[2247,0],[2249,0],[2504,0],[1992,0],]]
[2249,5,6,[[2250,0],[2248,0],[2505,0],[2504,0],[1993,0],]]
[2250,13,6,[[2249,0],[2251,0],[2506,0],[1994,0],]]
[2251,1,6,[[2252,0],[2250,0],[2507,0],[2506,0],[1995,0],]]
[2252,2,6,[[2251,0],[2253,0],[2508,0],[1996,0],]]
[2253,3,6,[[2254,0],[2252,0],[2509,0],[2508,0],[1997,0],]]
[2254,8,6,[[2253,0],[2255,0],[2510,0],[1998,0],]]
[2255,8,6,[[2256,0],[2254,0],[2511,0],[2510,0],[1999,0],]]
[2256,17,6,[[2255,0],[2257,0],[2512,0],[2000,0],]]
[2257,18,6,[[2258,0],[2256,0],[2513,0],[2512,0],[2001,0],]]
[2258,10,6,[[2257,0],[2259,0],[2514,0],[2002,0],]]
[2259,17,6,[[2260,0],[2258,0],[2515,0],[2514,0],[2003,0],]]
[2260,15,6,[[2259,0],[2261,0],[2516,0],[2004,0],]]
[2261,9,6,[[2262,0],[2260,0],[2517,0],[2516,0],[2005,0],]]
[2262,4,6,[[2261,0],[2263,0],[2518,0],[2006,0],]]
[2263,11,6,[[2264,0],[2262,0],[2519,0],[2518,0],[2007,0],]]
[2264,16,6,[[2263,0],[2265,0],[2520,0],[2008,0],]]
[2265,19,6,[[2266,0],[2264,0],[2521,0],[2520,0],[2009,0],]]
[2266,12,6,[[2265,0],[2267,0],[2522,0],[2010,0],]]
[2267,8,6,[[2268,0],[2266,0],[2523,0],[2522,0],[2011,0],]]
[2268,5,6,[[2267,0],[2269,0],[2524,0],[2012,0],]]
[2269,16,6,[[2270,0],[2268,0],[2525,0],[2524,0],[2013,0],]]
[2270,9,6,[[2269,0],[2271,0],[2526,0],[2014,0],]]
[2271,9,6,[[2272,0],[2270,0],[2527,0],[2526,0],[2015,0],]]
[2272,7,7,[[2271,0],[2273,0],[2528,0],[2016,0],]]
[2273,9,7,[[2274,0],[2272,0],[2529,0],[2528,0],[2017,0],]]
[2274,9,7,[[2273,0],[2275,0],[2530,0],[2018,0],]]
[2275,10,7,[[2276,0],[2274,0],[2531,0],[2530,0],[2019,0],]]
[2276,17,7,[[2275,0],[2277,0],[2532,0],[2020,0],]]
[2277,5,7,[[2278,0],[2276,0],[2533,0],[2532,0],[2021,0],]]
[2278,3,7,[[2277,0],[2279,0],[2534,0],[2022,0],]]
[2279,4,7,[[2280,0],[2278,0],[2535,0],[2534,0],[2023,0],]]
[2280,13,7,[[2279,0],[2281,0],[2536,0],[2024,0],]]
[2281,11,7,[[2282,0],[2280,0],[2537,0],[2536,0],[2025,0],]]
[2282,13,7,[[2281,0],[2283,0],[2538,0],[2026,0],]]
[2283,5,7,[[2284,0],[2282,0],[2539,0],[2538,0],[2027,0],]]
[2284,8,7,[[2283,0],[2285,0],[2540,0],[2028,0],]]
[2285,2,7,[[2286,0],[2284,0],[2541,0],[2540,0],[2029,0],]]
[2286,10,7,[[2285,0],[2287,0],[2542,0],[2030,0],]]
[2287,9,7,[[2288,0],[2286,0],[2543,0],[2542,0],[2031,0],]]
[2288,13,7,[[2287,0],[2289,0],[2544,0],[2032,0],]]
[2289,3,7,[[2290,0],[2288,0],[2545,0],[2544,0],[2033,0],]]
[2290,8,7,[[2289,0],[2291,0],[2546,0],[2034,0],]]
[2291,13,7,[[2292,0],[2290,0],[2547,0],[2546,0],[2035,0],]]
[2292,2,7,[[2291,0],[2293,0],[2548,0],[2036,0],]]
[2293,1,7,[[2294,0],[2292,0],[2549,0],[2548,0],[2037,0],]]
[2294,12,7,[[2293,0],[2295,0],[2550,0],[2038,0],]]
[2295,9,7,[[2296,0],[2294,0],[2551,0],[2550,0],[2039,0],]]
[2296,4,7,[[2295,0],[2297,0],[2552,0],[2040,0],]]
[2297,6,7,[[2298,0],[2296,0],[2553,0],[2552,0],[2041,0],]]
[2298,6,7,[[2297,0],[2299,0],[2554,0],[2042,0],]]
[2299,10,7,[[2300,0],[2298,0],[2555,0],[2554,0],[2043,0],]]
[2300,2,7,[[2299,0],[2301,0],[2556,0],[2044,0],]]
[2301,19,7,[[2302,0],[2300,0],[2557,0],[2556,0],[2045,0],]]
[2302,8,7,[[2301,0],[2303,0],[2558,0],[2046,0],]]
[2303,17,7,[[2302,0],[2559,0],[2558,0],[2047,0],]]
[2304,18,0,[[2305,0],[2048,0],[2049,0],[2560,0],]]
[2305,7,0,[[2306,0],[2304,0],[2049,0],[2561,0],]]
[2306,1,0,[[2305,0],[2307,0],[2050,0],[2051,0],[2562,0],]]
[2307,9,0,[[2308,0],[2306,0],[2051,0],[2563,0],]]
[2308,2,0,[[2307,0],[2309,0],[2052,0],[2053,0],[2564,0],]]
[2309,7,0,[[2310,0],[2308,0],[2053,0],[2565,0],]]
[2310,16,0,[[2309,0],[2311,0],[2054,0],[2055,0],[2566,0],]]
[2311,16,0,[[2312,0],[2310,0],[2055,0],[2567,0],]]
[2312,13,0,[[2311,0],[2313,0],[2056,0],[2057,0],[2568,0],]]
[2313,5,0,[[2314,0],[2312,0],[2057,0],[2569,0],]]
[2314,1,0,[[2313,0],[2315,0],[2058,0],[2059,0],[2570,0],]]
[2315,9,0,[[2316,0],[2314,0],[2059,0],[2571,0],]]
[2316,10,0,[[2315,0],[2317,0],[2060,0],[2061,0],[2572,0],]]
[2317,5,0,[[2318,0],[2316,0],[2061,0],[2573,0],]]
[2318,12,0,[[2317,0],[2319,0],[2062,0],[2063,0],[2574,0],]]
[2319,8,0,[[2320,0],[2318,0],[2063,0],[2575,0],]]
[2320,1,0,[[2319,0],[2321,0],[2064,0],[2065,0],[2576,0],]]
[2321,14,0,[[2322,0],[2320,0],[2065,0],[2577,0],]]
[2322,7,0,[[2321,0],[2323,0],[2066,0],[2067,0],[2578,0],]]
[2323,14,0,[[2324,0],[2322,0],[2067,0],[2579,0],]]
[2324,13,0,[[2323,0],[2325,0],[2068,0],[2069,0],[2580,0],]]
[2325,19,0,[[2326,0],[2324,0],[2069,0],[2581,0],]]
[2326,3,0,[[2325,0],[2327,0],[2070,0],[2071,0],[2582,0],]]
[2327,7,0,[[2328,0],[2326,0],[2071,0],[2583,0],]]
[2328,12,0,[[2327,0],[2329,0],[2072,0],[2073,0],[2584,0],]]
[2329,19,0,[[2330,0],[2328,0],[2073,0],[2585,0],]]
[2330,11,0,[[2329,0],[2331,0],[2074,0],[2075,0],[2586,0],]]
[2331,9,0,[[2332,0],[2330,0],[2075,0],[2587,0],]]
[2332,11,0,[[2331,0],[2333,0],[2076,0],[2077,0],[2588,0],]]
[2333,2,0,[[2334,0],[2332,0],[2077,0],[2589,0],]]
[2334,5,0,[[2333,0],[2335,0],[2078,0],[2079,0],[2590,0],]]
[2335,2,0,[[2336,0],[2334,0],[2079,0],[2591,0],]]
[2336,7,1,[[2335,0],[2337,0],[2080,0],[2081,0],[2592,0],]]
[2337,11,1,[[2338,0],[2336,0],[2081,0],[2593,0],]]
[2338,6,1,[[2337,0],[2339,0],[2082,0],[2083,0],[2594,0],]]
[2339,14,1,[[2340,0],[2338,0],[2083,0],[2595,0],]]
[2340,5,1,[[2339,0],[2341,0],[2084,0],[2085,0],[2596,0],]]
[2341,13,1,[[2342,0],[2340,0],[2085,0],[2597,0],]]
[2342,11,1,[[2341,0],[2343,0],[2086,0],[2087,0],[2598,0],]]
[2343,4,1,[[2344,0],[2342,0],[2087,0],[2599,0],]]
[2344,14,1,[[2343,0],[2345,0],[2088,0],[2089,0],[2600,0],]]
[2345,9,1,[[2346,0],[2344,0],[2089,0],[2601,0],]]
[2346,4,1,[[2345,0],[2347,0],[2090,0],[2091,0],[2602,0],]]
[2347,19,1,[[2348,0],[2346,0],[2091,0],[2603,0],]]
[2348,1,1,[[2347,0],[2349,0],[2092,0],[2093,0],[2604,0],]]
[2349,18,1,[[2350,0],[2348,0],[2093,0],[2605,0],]]
[2350,5,1,[[2349,0],[2351,0],[2094,0],[2095,0],[2606,0],]]
[2351,5,1,[[2352,0],[2350,0],[2095,0],[2607,0],]]
[2352,3,1,[[2351,0],[2353,0],[2096,0],[2097,0],[2608,0],]]
[2353,14,1,[[2354,0],[2352,0],[2097,0],[2609,0],]]
[2354,13,1,[[2353,0],[2355,0],[2098,0],[2099,0],[2610,0],]]
[2355,14,1,[[2356,0],[2354,0],[2099,0],[2611,0],]]
[2356,15,1,[[2355,0],[2357,0],[2100,0],[2101,0],[2612,0],]]
[2357,15,1,[[2358,0],[2356,0],[2101,0],[2613,0],]]
[2358,17,1,[[2357,0],[2359,0],[2102,0],[2103,0],[2614,0],]]
[2359,14,1,[[2360,0],[2358,0],[2103,0],[2615,0],]]
[2360,18,1,[[2359,0],[2361,0],[2104,0],[2105,0],[2616,0],]]
[2361,19,1,[[2362,0],[2360,0],[2105,0],[2617,0],]]
[2362,18,1,[[2361,0],[2363,0],[2106,0],[2107,0],[2618,0],]]
[2363,3,1,[[2364,0],[2362,0],[2107,0],[2619,0],]]
[2364,16,1,[[2363,0],[2365,0],[2108,0],[2109,0],[2620,0],]]
[2365,2,1,[[2366,0],[2364,0],[2109,0],[2621,0],]]
[2366,6,1,[[2365,0],[2367,0],[2110,0],[2111,0],[2622,0],]]
[2367,4,1,[[2368,0],[2366,0],[2111,0],[2623,0],]]
[2368,16,2,[[2367,0],[2369,0],[2112,0],[2113,0],[2624,0],]]
[2369,19,2,[[2370,0],[2368,0],[2113,0],[2625,0],]]
[2370,4,2,[[2369,0],[2371,0],[2114,0],[2115,0],[2626,0],]]
[2371,2,2,[[2372,0],[2370,0],[2115,0],[2627,0],]]
[2372,7,2,[[2371,0],[2373,0],[2116,0],[2117,0],[2628,0],]]
[2373,11,2,[[2374,0],[2372,0],[2117,0],[2629,0],]]
[2374,9,2,[[2373,0],[2375,0],[2118,0],[2119,0],[2630,0],]]
[2375,9,2,[[2376,0],[2374,0],[2119,0],[2631,0],]]
[2376,2,2,[[2375,0],[2377,0],[2120,0],[2121,0],[2632,0],]]
[2377,11,2,[[2378,0],[2376,0],[2121,0],[2633,0],]]
[2378,7,2,[[2377,0],[2379,0],[2122,0],[2123,0],[2634,0],]]
[2379,13,2,[[2380,0],[2378,0],[2123,0],[2635,0],]]
[2380,7,2,[[2379,0],[2381,0],[2124,0],[2125,0],[2636,0],]]
[2381,2,2,[[2382,0],[2380,0],[2125,0],[2637,0],]]
[2382,5,2,[[2381,0],[2383,0],[2126,0],[2127,0],[2638,0],]]
[2383,8,2,[[2384,0],[2382,0],[2127,0],[2639,0],]]
[2384,13,2,[[2383,0],[2385,0],[2128,0],[2129,0],[2640,0],]]
[2385,19,2,[[2386,0],[2384,0],[2129,0],[2641,0],]]
[2386,10,2,[[2385,0],[2387,0],[2130,0],[2131,0],[2642,0],]]
[2387,2,2,[[2388,0],[2386,0],[2131,0],[2643,0],]]
[2388,10,2,[[2387,0],[2389,0],[2132,0],[2133,0],[2644,0],]]
[2389,13,2,[[2390,0],[2388,0],[2133,0],[2645,0],]]
[2390,19,2,[[2389,0],[2391,0],[2134,0],[2135,0],[2646,0],]]
[2391,10,2,[[2392,0],[2390,0],[2135,0],[2647,0],]]
[2392,2,2,[[2391,0],[2393,0],[2136,0],[2137,0],[2648,0],]]
[2393,15,2,[[2394,0],[2392,0],[2137,0],[2649,0],]]
[2394,19,2,[[2393,0],[2395,0],[2138,0],[2139,0],[2650,0],]]
[2395,18,2,[[2396,0],[2394,0],[2139,0],[2651,0],]]
[2396,14,2,[[2395,0],[2397,0],[2140,0],[2141,0],[2652,0],]]
[2397,10,2,[[2398,0],[2396,0],[2141,0],[2653,0],]]
[2398,15,2,[[2397,0],[2399,0],[2142,0],[2143,0],[2654,0],]]
[2399,1,2,[[2400,0],[2398,0],[2143,0],[2655,0],]]
[2400,6,3,[[2399,0],[2401,0],[2144,0],[2145,0],[2656,0],]]
[2401,5,3,[[2402,0],[2400,0],[2145,0],[2657,0],]]
[2402,5,3,[[2401,0],[2403,0],[2146,0],[2147,0],[2658,0],]]
[2403,9,3,[[2404,0],[2402,0],[2147,0],[2659,0],]]
[2404,15,3,[[2403,0],[2405,0],[2148,0],[2149,0],[2660,0],]]
[2405,17,3,[[2406,0],[2404,0],[2149,0],[2661,0],]]
[2406,5,3,[[2405,0],[2407,0],[2150,0],[2151,0],[2662,0],]]
[2407,4,3,[[2408,0],[2406,0],[2151,0],[2663,0],]]
[2408,13,3,[[2407,0],[2409,0],[2152,0],[2153,0],[2664,0],]]
[2409,8,3,[[2410,0],[2408,0],[2153,0],[2665,0],]]
[2410,14,3,[[2409,0],[2411,0],[2154,0],[2155,0],[2666,0],]]
[2411,13,3,[[2412,0],[2410,0],[2155,0],[2667,0],]]
[2412,9,3,[[2411,0],[2413,0],[2156,0],[2157,0],[2668,0],]]
[2413,5,3,[[2414,0],[2412,0],[2157,0],[2669,0],]]
[2414,15,3,[[2413,0],[2415,0],[2158,0],[2159,0],[2670,0],]]
[2415,13,3,[[2416,0],[2414,0],[2159,0],[2671,0],]]
[2416,18,3,[[2415,0],[2417,0],[2160,0],[2161,0],[2672,0],]]
[2417,8,3,[[2418,0],[2416,0],[2161,0],[2673,0],]]
[2418,5,3,[[2417,0],[2419,0],[2162,0],[2163,0],[2674,0],]]
[2419,6,3,[[2420,0],[2418,0],[2163,0],[2675,0],]]
[2420,14,3,[[2419,0],[2421,0],[2164,0],[2165,0],[2676,0],]]
[2421,16,3,[[2422,0],[2420,0],[2165,0],[2677,0],]]
[2422,12,3,[[2421,0],[2423,0],[2166,0],[2167,0],[2678,0],]]
[2423,7,3,[[2424,0],[2422,0],[2167,0],[2679,0],]]
[2424,17,3,[[2423,0],[2425,0],[2168,0],[2169,0],[2680,0],]]
[2425,17,3,[[2426,0],[2424,0],[2169,0],[2681,0],]]
[2426,12,3,[[2425,0],[2427,0],[2170,0],[2171,0],[2682,0],]]
[2427,17,3,[[2428,0],[2426,0],[2171,0],[2683,0],]]
[2428,16,3,[[2427,0],[2429,0],[2172,0],[2173,0],[2684,0],]]
[2429,19,3,[[2430,0],[2428,0],[2173,0],[2685,0],]]
[2430,6,3,[[2429,0],[2431,0],[2174,0],[2175,0],[2686,0],]]
[2431,10,3,[[2432,0],[2430,0],[2175,0],[2687,0],]]
[2432,12,4,[[2431,0],[2433,0],[2176,0],[2177,0],[2688,0],]]
[2433,13,4,[[2434,0],[2432,0],[2177,0],[2689,0],]]
[2434,6,4,[[2433,0],[2435,0],[2178,0],[2179,0],[2690,0],]]
[2435,18,4,[[2436,0],[2434,0],[2179,0],[2691,0],]]
[2436,3,4,[[2435,0],[2437,0],[2180,0],[2181,0],[2692,0],]]
[2437,18,4,[[2438,0],[2436,0],[2181,0],[2693,0],]]
[2438,12,4,[[2437,0],[2439,0],[2182,0],[2183,0],[2694,0],]]
[2439,14,4,[[2440,0],[2438,0],[2183,0],[2695,0],]]
[2440,1,4,[[2439,0],[2441,0],[2184,0],[2185,0],[2696,0],]]
[2441,17,4,[[2442,0],[2440,0],[2185,0],[2697,0],]]
[2442,5,4,[[2441,0],[2443,0],[2186,0],[2187,0],[2698,0],]]
[2443,4,4,[[2444,0],[2442,0],[2187,0],[2699,0],]]
[2444,10,4,[[2443,0],[2445,0],[2188,0],[2189,0],[2700,0],]]
[2445,17,4,[[2446,0],[2444,0],[2189,0],[2701,0],]]
[2446,14,4,[[2445,0],[2447,0],[2190,0],[2191,0],[2702,0],]]
[2447,14,4,[[2448,0],[2446,0],[2191,0],[2703,0],]]
[2448,12,4,[[2447,0],[2449,0],[2192,0],[2193,0],[2704,0],]]
[2449,12,4,[[2450,0],[2448,0],[2193,0],[2705,0],]]
[2450,17,4,[[2449,0],[2451,0],[2194,0],[2195,0],[2706,0],]]
[2451,1,4,[[2452,0],[2450,0],[2195,0],[2707,0],]]
[2452,17,4,[[2451,0],[2453,0],[2196,0],[2197,0],[2708,0],]]
[2453,8,4,[[2454,0],[2452,0],[2197,0],[2709,0],]]
[2454,3,4,[[2453,0],[2455,0],[2198,0],[2199,0],[2710,0],]]
[2455,14,4,[[2456,0],[2454,0],[2199,0],[2711,0],]]
[2456,15,4,[[2455,0],[2457,0],[2200,0],[2201,0],[2712,0],]]
[2457,15,4,[[2458,0],[2456,0],[2201,0],[2713,0],]]
[2458,3,4,[[2457,0],[2459,0],[2202,0],[2203,0],[2714,0],]]
[2459,2,4,[[2460,0],[2458,0],[2203,0],[2715,0],]]
[2460,18,4,[[2459,0],[2461,0],[2204,0],[2205,0],[2716,0],]]
[2461,12,4,[[2462,0],[2460,0],[2205,0],[2717,0],]]
[2462,10,4,[[2461,0],[2463,0],[2206,0],[2207,0],[2718,0],]]
[2463,10,4,[[2464,0],[2462,0],[2207,0],[2719,0],]]
[2464,19,5,[[2463,0],[2465,0],[2208,0],[2209,0],[2720,0],]]
[2465,15,5,[[2466,0],[2464,0],[2209,0],[2721,0],]]
[2466,18,5,[[2465,0],[2467,0],[2210,0],[2211,0],[2722,0],]]
[2467,3,5,[[2468,0],[2466,0],[2211,0],[2723,0],]]
[2468,1,5,[[2467,0],[2469,0],[2212,0],[2213,0],[2724,0],]]
[2469,2,5,[[2470,0],[2468,0],[2213,0],[2725,0],]]
[2470,12,5,[[2469,0],[2471,0],[2214,0],[2215,0],[2726,0],]]
[2471,14,5,[[2472,0],[2470,0],[2215,0],[2727,0],]]
[2472,8,5,[[2471,0],[2473,0],[2216,0],[2217,0],[2728,0],]]
[2473,11,5,[[2474,0],[2472,0],[2217,0],[2729,0],]]
[2474,18,5,[[2473,0],[2475,0],[2218,0],[2219,0],[2730,0],]]
[2475,10,5,[[2476,0],[2474,0],[2219,0],[2731,0],]]
[2476,11,5,[[2475,0],[2477,0],[2220,0],[2221,0],[2732,0],]]
[2477,14,5,[[2478,0],[2476,0],[2221,0],[2733,0],]]
[2478,18,5,[[2477,0],[2479,0],[2222,0],[2223,0],[2734,0],]]
[2479,5,5,[[2480,0],[2478,0],[2223,0],[2735,0],]]
[2480,18,5,[[2479,0],[2481,0],[2224,0],[2225,0],[2736,0],]]
[2481,3,5,[[2482,0],[2480,0],[2225,0],[2737,0],]]
[2482,9,5,[[2481,0],[2483,0],[2226,0],[2227,0],[2738,0],]]
[2483,9,5,[[2484,0],[2482,0],[2227,0],[2739,0],]]
[2484,14,5,[[2483,0],[2485,0],[2228,0],[2229,0],[2740,0],]]
[2485,5,5,[[2486,0],[2484,0],[2229,0],[2741,0],]]
[2486,7,5,[[2485,0],[2487,0],[2230,0],[2231,0],[2742,0],]]
[2487,10,5,[[2488,0],[2486,0],[2231,0],[2743,0],]]
[2488,3,5,[[2487,0],[2489,0],[2232,0],[2233,0],[2744,0],]]
[2489,14,5,[[2490,0],[2488,0],[2233,0],[2745,0],]]
[2490,7,5,[[2489,0],[2491,0],[2234,0],[2235,0],[2746,0],]]
[2491,13,5,[[2492,0],[2490,0],[2235,0],[2747,0],]]
[2492,9,5,[[2491,0],[2493,0],[2236,0],[2237,0],[2748,0],]]
[2493,8,5,[[2494,0],[2492,0],[2237,0],[2749,0],]]
[2494,16,5,[[2493,0],[2495,0],[2238,0],[2239,0],[2750,0],]]
[2495,1,5,[[2496,0],[2494,0],[2239,0],[2751,0],]]
[2496,11,6,[[2495,0],[2497,0],[2240,0],[2241,0],[2752,0],]]
[2497,6,6,[[2498,0],[2496,0],[2241,0],[2753,0],]]
[2498,18,6,[[2497,0],[2499,0],[2242,0],[2243,0],[2754,0],]]
[2499,6,6,[[2500,0],[2498,0],[2243,0],[2755,0],]]
[2500,3,6,[[2499,0],[2501,0],[2244,0],[2245,0],[2756,0],]]
[2501,3,6,[[2502,0],[2500,0],[2245,0],[2757,0],]]
[2502,2,6,[[2501,0],[2503,0],[2246,0],[2247,0],[2758,0],]]
[2503,11,6,[[2504,0],[2502,0],[2247,0],[2759,0],]]
[2504,18,6,[[2503,0],[2505,0],[2248,0],[2249,0],[2760,0],]]
[2505,17,6,[[2506,0],[2504,0],[2249,0],[2761,0],]]
[2506,10,6,[[2505,0],[2507,0],[2250,0],[2251,0],[2762,0],]]
[2507,1,6,[[2508,0],[2506,0],[2251,0],[2763,0],]]
[2508,11,6,[[2507,0],[2509,0],[2252,0],[2253,0],[2764,0],]]
[2509,17,6,[[2510,0],[2508,0],[2253,0],[2765,0],]]
[2510,8,6,[[2509,0],[2511,0],[2254,0],[2255,0],[2766,0],]]
[2511,4,6,[[2512,0],[2510,0],[2255,0],[2767,0],]]
[2512,1,6,[[2511,0],[2513,0],[2256,0],[2257,0],[2768,0],]]
[2513,14,6,[[2514,0],[2512,0],[2257,0],[2769,0],]]
[2514,10,6,[[2513,0],[2515,0],[2258,0],[2259,0],[2770,0],]]
[2515,3,6,[[2516,0],[2514,0],[2259,0],[2771,0],]]
[2516,12,6,[[2515,0],[2517,0],[2260,0],[2261,0],[2772,0],]]
[2517,6,6,[[2518,0],[2516,0],[2261,0],[2773,0],]]
[2518,13,6,[[2517,0],[2519,0],[2262,0],[2263,0],[2774,0],]]
[2519,19,6,[[2520,0],[2518,0],[2263,0],[2775,0],]]
[2520,16,6,[[2519,0],[2521,0],[2264,0],[2265,0],[2776,0],]]
[2521,17,6,[[2522,0],[2520,0],[2265,0],[2777,0],]]
[2522,10,6,[[2521,0],[2523,0],[2266,0],[2267,0],[2778,0],]]
[2523,13,6,[[2524,0],[2522,0],[2267,0],[2779,0],]]
[2524,18,6,[[2523,0],[2525,0],[2268,0],[2269,0],[2780,0],]]
[2525,17,6,[[2526,0],[2524,0],[2269,0],[2781,0],]]
[2526,19,6,[[2525,0],[2527,0],[2270,0],[2271,0],[2782,0],]]
[2527,6,6,[[2528,0],[2526,0],[2271,0],[2783,0],]]
[2528,18,7,[[2527,0],[2529,0],[2272,0],[2273,0],[2784,0],]]
[2529,7,7,[[2530,0],[2528,0],[2273,0],[2785,0],]]
[2530,5,7,[[2529,0],[2531,0],[2274,0],[2275,0],[2786,0],]]
[2531,10,7,[[2532,0],[2530,0],[2275,0],[2787,0],]]
[2532,13,7,[[2531,0],[2533,0],[2276,0],[2277,0],[2788,0],]]
[2533,2,7,[[2534,0],[2532,0],[2277,0],[2789,0],]]
[2534,13,7,[[2533,0],[2535,0],[2278,0],[2279,0],[2790,0],]]
[2535,18,7,[[2536,0],[2534,0],[2279,0],[2791,0],]]
[2536,8,7,[[2535,0],[2537,0],[2280,0],[2281,0],[2792,0],]]
[2537,16,7,[[2538,0],[2536,0],[2281,0],[2793,0],]]
[2538,10,7,[[2537,0],[2539,0],[2282,0],[2283,0],[2794,0],]]
[2539,16,7,[[2540,0],[2538,0],[2283,0],[2795,0],]]
[2540,2,7,[[2539,0],[2541,0],[2284,0],[2285,0],[2796,0],]]
[2541,3,7,[[2542,0],[2540,0],[2285,0],[2797,0],]]
[2542,6,7,[[2541,0],[2543,0],[2286,0],[2287,0],[2798,0],]]
[2543,7,7,[[2544,0],[2542,0],[2287,0],[2799,0],]]
[2544,1,7,[[2543,0],[2545,0],[2288,0],[2289,0],[2800,0],]]
[2545,1,7,[[2546,0],[2544,0],[2289,0],[2801,0],]]
[2546,10,7,[[2545,0],[2547,0],[2290,0],[2291,0],[2802,0],]]
[2547,5,7,[[2548,0],[2546,0],[2291,0],[2803,0],]]
[2548,14,7,[[2547,0],[2549,0],[2292,0],[2293,0],[2804,0],]]
[2549,3,7,[[2550,0],[2548,0],[2293,0],[2805,0],]]
[2550,3,7,[[2549,0],[2551,0],[2294,0],[2295,0],[2806,0],]]
[2551,15,7,[[2552,0],[2550,0],[2295,0],[2807,0],]]
[2552,9,7,[[2551,0],[2553,0],[2296,0],[2297,0],[2808,0],]]
[2553,5,7,[[2554,0],[2552,0],[2297,0],[2809,0],]]
[2554,8,7,[[2553,0],[2555,0],[2298,0],[2299,0],[2810,0],]]
[2555,1,7,[[2556,0],[2554,0],[2299,0],[2811,0],]]
[2556,4,7,[[2555,0],[2557,0],[2300,0],[2301,0],[2812,0],]]
[2557,19,7,[[2558,0],[2556,0],[2301,0],[2813,0],]]
[2558,15,7,[[2557,0],[2559,0],[2302,0],[2303,0],[2814,0],]]
[2559,1,7,[[2558,0],[2303,0],[2815,0],]]
[2560,13,0,[[2561,0],[2816,0],[2304,0],]]
[2561,4,0,[[2562,0],[2560,0],[2817,0],[2816,0],[2305,0],]]
[2562,10,0,[[2561,0],[2563,0],[2818,0],[2306,0],]]
[2563,1,0,[[2564,0],[2562,0],[2819,0],[2818,0],[2307,0],]]
[2564,5,0,[[2563,0],[2565,0],[2820,0],[2308,0],]]
[2565,19,0,[[2566,0],[2564,0],[2821,0],[2820,0],[2309,0],]]
[2566,19,0,[[2565,0],[2567,0],[2822,0],[2310,0],]]
[2567,16,0,[[2568,0],[2566,0],[2823,0],[2822,0],[2311,0],]]
[2568,5,0,[[2567,0],[2569,0],[2824,0],[2312,0],]]
[2569,14,0,[[2570,0],[2568,0],[2825,0],[2824,0],[2313,0],]]
[2570,15,0,[[2569,0],[2571,0],[2826,0],[2314,0],]]
[2571,6,0,[[2572,0],[2570,0],[2827,0],[2826,0],[2315,0],]]
[2572,11,0,[[2571,0],[2573,0],[2828,0],[2316,0],]]
[2573,19,0,[[2574,0],[2572,0],[2829,0],[2828,0],[2317,0],]]
[2574,6,0,[[2573,0],[2575,0],[2830,0],[2318,0],]]
[2575,11,0,[[2576,0],[2574,0],[2831,0],[2830,0],[2319,0],]]
[2576,17,0,[[2575,0],[2577,0],[2832,0],[2320,0],]]
[2577,2,0,[[2578,0],[2576,0],[2833,0],[2832,0],[2321,0],]]
[2578,18,0,[[2577,0],[2579,0],[2834,0],[2322,0],]]
[2579,10,0,[[2580,0],[2578,0],[2835,0],[2834,0],[2323,0],]]
[2580,19,0,[[2579,0],[2581,0],[2836,0],[2324,0],]]
[2581,16,0,[[2582,0],[2580,0],[2837,0],[2836,0],[2325,0],]]
[2582,19,0,[[2581,0],[2583,0],[2838,0],[2326,0],]]
[2583,3,0,[[2584,0],[2582,0],[2839,0],[2838,0],[2327,0],]]
[2584,18,0,[[2583,0],[2585,0],[2840,0],[2328,0],]]
[2585,4,0,[[2586,0],[2584,0],[2841,0],[2840,0],[2329,0],]]
[2586,8,0,[[2585,0],[2587,0],[2842,0],[2330,0],]]
[2587,10,0,[[2588,0],[2586,0],[2843,0],[2842,0],[2331,0],]]
[2588,3,0,[[2587,0],[2589,0],[2844,0],[2332,0],]]
[2589,2,0,[[2590,0],[2588,0],[2845,0],[2844,0],[2333,0],]]
[2590,4,0,[[2589,0],[2591,0],[2846,0],[2334,0],]]
[2591,6,0,[[2592,0],[2590,0],[2847,0],[2846,0],[2335,0],]]
[2592,18,1,[[2591,0],[2593,0],[2848,0],[2336,0],]]
[2593,18,1,[[2594,0],[2592,0],[2849,0],[2848,0],[2337,0],]]
[2594,17,1,[[2593,0],[2595,0],[2850,0],[2338,0],]]
[2595,5,1,[[2596,0],[2594,0],[2851,0],[2850,0],[2339,0],]]
[2596,2,1,[[2595,0],[2597,0],[2852,0],[2340,0],]]
[2597,1,1,[[2598,0],[2596,0],[2853,0],[2852,0],[2341,0],]]
[2598,15,1,[[2597,0],[2599,0],[2854,0],[2342,0],]]
[2599,17,1,[[2600,0],[2598,0],[2855,0],[2854,0],[2343,0],]]
[2600,11,1,[[2599,0],[2601,0],[2856,0],[2344,0],]]
[2601,14,1,[[2602,0],[2600,0],[2857,0],[2856,0],[2345,0],]]
[2602,1,1,[[2601,0],[2603,0],[2858,0],[2346,0],]]
[2603,8,1,[[2604,0],[2602,0],[2859,0],[2858,0],[2347,0],]]
[2604,7,1,[[2603,0],[2605,0],[2860,0],[2348,0],]]
[2605,2,1,[[2606,0],[2604,0],[2861,0],[2860,0],[2349,0],]]
[2606,15,1,[[2605,0],[2607,0],[2862,0],[2350,0],]]
[2607,7,1,[[2608,0],[2606,0],[2863,0],[2862,0],[2351,0],]]
[2608,3,1,[[2607,0],[2609,0],[2864,0],[2352,0],]]
[2609,9,1,[[2610,0],[2608,0],[2865,0],[2864,0],[2353,0],]]
[2610,6,1,[[2609,0],[2611,0],[2866,0],[2354,0],]]
[2611,6,1,[[2612,0],[2610,0],[2867,0],[2866,0],[2355,0],]]
[2612,9,1,[[2611,0],[2613,0],[2868,0],[2356,0],]]
[2613,6,1,[[2614,0],[2612,0],[2869,0],[2868,0],[2357,0],]]
[2614,19,1,[[2613,0],[2615,0],[2870,0],[2358,0],]]
[2615,1,1,[[2616,0],[2614,0],[2871,0],[2870,0],[2359,0],]]
[2616,19,1,[[2615,0],[2617,0],[2872,0],[2360,0],]]
[2617,13,1,[[2618,0],[2616,0],[2873,0],[2872,0],[2361,0],]]
[2618,7,1,[[2617,0],[2619,0],[2874,0],[2362,0],]]
[2619,19,1,[[2620,0],[2618,0],[2875,0],[2874,0],[2363,0],]]
[2620,4,1,[[2619,0],[2621,0],[2876,0],[2364,0],]]
