[22937,16,20,[[22938,0],[22936,0],[22681,0],[23193,0],]]
[22938,5,20,[[22937,0],[22939,0],[22682,0],[22683,0],[23194,0],]]
[22939,17,20,[[22940,0],[22938,0],[22683,0],[23195,0],]]
[22940,18,20,[[22939,0],[22941,0],[22684,0],[22685,0],[23196,0],]]
[22941,17,20,[[22942,0],[22940,0],[22685,0],[23197,0],]]
[22942,16,20,[[22941,0],[22943,0],[22686,0],[22687,0],[23198,0],]]
[22943,6,20,[[22944,0],[22942,0],[22687,0],[23199,0],]]
[22944,16,21,[[22943,0],[22945,0],[22688,0],[22689,0],[23200,0],]]
[22945,2,21,[[22946,0],[22944,0],[22689,0],[23201,0],]]
[22946,2,21,[[22945,0],[22947,0],[22690,0],[22691,0],[23202,0],]]
[22947,17,21,[[22948,0],[22946,0],[22691,0],[23203,0],]]
[22948,1,21,[[22947,0],[22949,0],[22692,0],[22693,0],[23204,0],]]
[22949,10,21,[[22950,0],[22948,0],[22693,0],[23205,0],]]
[22950,5,21,[[22949,0],[22951,0],[22694,0],[22695,0],[23206,0],]]
[22951,19,21,[[22952,0],[22950,0],[22695,0],[23207,0],]]
[22952,6,21,[[22951,0],[22953,0],[22696,0],[22697,0],[23208,0],]]
[22953,11,21,[[22954,0],[22952,0],[22697,0],[23209,0],]]
[22954,1,21,[[22953,0],[22955,0],[22698,0],[22699,0],[23210,0],]]
[22955,16,21,[[22956,0],[22954,0],[22699,0],[23211,0],]]
[22956,3,21,[[22955,0],[22957,0],[22700,0],[22701,0],[23212,0],]]
[22957,1,21,[[22958,0],[22956,0],[22701,0],[23213,0],]]
[22958,18,21,[[22957,0],[22959,0],[22702,0],[22703,0],[23214,0],]]
[22959,10,21,[[22960,0],[22958,0],[22703,0],[23215,0],]]
[22960,18,21,[[22959,0],[22961,0],[22704,0],[22705,0],[23216,0],]]
[22961,8,21,[[22962,0],[22960,0],[22705,0],[23217,0],]]
[22962,15,21,[[22961,0],[22963,0],[22706,0],[22707,0],[23218,0],]]
[22963,12,21,[[22964,0],[22962,0],[22707,0],[23219,0],]]
[22964,19,21,[[22963,0],[22965,0],[22708,0],[22709,0],[23220,0],]]
[22965,19,21,[[22966,0],[22964,0],[22709,0],[23221,0],]]
[22966,9,21,[[22965,0],[22967,0],[22710,0],[22711,0],[23222,0],]]
[22967,2,21,[[22968,0],[22966,0],[22711,0],[23223,0],]]
[22968,9,21,[[22967,0],[22969,0],[22712,0],[22713,0],[23224,0],]]
[22969,1,21,[[22970,0],[22968,0],[22713,0],[23225,0],]]
[22970,12,21,[[22969,0],[22971,0],[22714,0],[22715,0],[23226,0],]]
[22971,6,21,[[22972,0],[22970,0],[22715,0],[23227,0],]]
[22972,8,21,[[22971,0],[22973,0],[22716,0],[22717,0],[23228,0],]]
[22973,17,21,[[22974,0],[22972,0],[22717,0],[23229,0],]]
[22974,19,21,[[22973,0],[22975,0],[22718,0],[22719,0],[23230,0],]]
[22975,6,21,[[22976,0],[22974,0],[22719,0],[23231,0],]]
[22976,12,22,[[22975,0],[22977,0],[22720,0],[22721,0],[23232,0],]]
[22977,19,22,[[22978,0],[22976,0],[22721,0],[23233,0],]]
[22978,4,22,[[22977,0],[22979,0],[22722,0],[22723,0],[23234,0],]]
[22979,10,22,[[22980,0],[22978,0],[22723,0],[23235,0],]]
[22980,5,22,[[22979,0],[22981,0],[22724,0],[22725,0],[23236,0],]]
[22981,2,22,[[22982,0],[22980,0],[22725,0],[23237,0],]]
[22982,15,22,[[22981,0],[22983,0],[22726,0],[22727,0],[23238,0],]]
[22983,17,22,[[22984,0],[22982,0],[22727,0],[23239,0],]]
[22984,13,22,[[22983,0],[22985,0],[22728,0],[22729,0],[23240,0],]]
[22985,19,22,[[22986,0],[22984,0],[22729,0],[23241,0],]]
[22986,1,22,[[22985,0],[22987,0],[22730,0],[22731,0],[23242,0],]]
[22987,3,22,[[22988,0],[22986,0],[22731,0],[23243,0],]]
[22988,12,22,[[22987,0],[22989,0],[22732,0],[22733,0],[23244,0],]]
[22989,12,22,[[22990,0],[22988,0],[22733,0],[23245,0],]]
[22990,10,22,[[22989,0],[22991,0],[22734,0],[22735,0],[23246,0],]]
[22991,11,22,[[22992,0],[22990,0],[22735,0],[23247,0],]]
[22992,11,22,[[22991,0],[22993,0],[22736,0],[22737,0],[23248,0],]]
[22993,16,22,[[22994,0],[22992,0],[22737,0],[23249,0],]]
[22994,5,22,[[22993,0],[22995,0],[22738,0],[22739,0],[23250,0],]]
[22995,3,22,[[22996,0],[22994,0],[22739,0],[23251,0],]]
[22996,18,22,[[22995,0],[22997,0],[22740,0],[22741,0],[23252,0],]]
[22997,19,22,[[22998,0],[22996,0],[22741,0],[23253,0],]]
[22998,6,22,[[22997,0],[22999,0],[22742,0],[22743,0],[23254,0],]]
[22999,16,22,[[23000,0],[22998,0],[22743,0],[23255,0],]]
[23000,12,22,[[22999,0],[23001,0],[22744,0],[22745,0],[23256,0],]]
[23001,2,22,[[23002,0],[23000,0],[22745,0],[23257,0],]]
[23002,13,22,[[23001,0],[23003,0],[22746,0],[22747,0],[23258,0],]]
[23003,15,22,[[23004,0],[23002,0],[22747,0],[23259,0],]]
[23004,9,22,[[23003,0],[23005,0],[22748,0],[22749,0],[23260,0],]]
[23005,18,22,[[23006,0],[23004,0],[22749,0],[23261,0],]]
[23006,13,22,[[23005,0],[23007,0],[22750,0],[22751,0],[23262,0],]]
[23007,6,22,[[23008,0],[23006,0],[22751,0],[23263,0],]]
[23008,3,23,[[23007,0],[23009,0],[22752,0],[22753,0],[23264,0],]]
[23009,3,23,[[23010,0],[23008,0],[22753,0],[23265,0],]]
[23010,1,23,[[23009,0],[23011,0],[22754,0],[22755,0],[23266,0],]]
[23011,8,23,[[23012,0],[23010,0],[22755,0],[23267,0],]]
[23012,1,23,[[23011,0],[23013,0],[22756,0],[22757,0],[23268,0],]]
[23013,14,23,[[23014,0],[23012,0],[22757,0],[23269,0],]]
[23014,7,23,[[23013,0],[23015,0],[22758,0],[22759,0],[23270,0],]]
[23015,3,23,[[23016,0],[23014,0],[22759,0],[23271,0],]]
[23016,16,23,[[23015,0],[23017,0],[22760,0],[22761,0],[23272,0],]]
[23017,19,23,[[23018,0],[23016,0],[22761,0],[23273,0],]]
[23018,10,23,[[23017,0],[23019,0],[22762,0],[22763,0],[23274,0],]]
[23019,10,23,[[23020,0],[23018,0],[22763,0],[23275,0],]]
[23020,11,23,[[23019,0],[23021,0],[22764,0],[22765,0],[23276,0],]]
[23021,17,23,[[23022,0],[23020,0],[22765,0],[23277,0],]]
[23022,19,23,[[23021,0],[23023,0],[22766,0],[22767,0],[23278,0],]]
[23023,16,23,[[23024,0],[23022,0],[22767,0],[23279,0],]]
[23024,16,23,[[23023,0],[23025,0],[22768,0],[22769,0],[23280,0],]]
[23025,17,23,[[23026,0],[23024,0],[22769,0],[23281,0],]]
[23026,4,23,[[23025,0],[23027,0],[22770,0],[22771,0],[23282,0],]]
[23027,18,23,[[23028,0],[23026,0],[22771,0],[23283,0],]]
[23028,9,23,[[23027,0],[23029,0],[22772,0],[22773,0],[23284,0],]]
[23029,2,23,[[23030,0],[23028,0],[22773,0],[23285,0],]]
[23030,16,23,[[23029,0],[23031,0],[22774,0],[22775,0],[23286,0],]]
[23031,2,23,[[23032,0],[23030,0],[22775,0],[23287,0],]]
[23032,11,23,[[23031,0],[23033,0],[22776,0],[22777,0],[23288,0],]]
[23033,3,23,[[23034,0],[23032,0],[22777,0],[23289,0],]]
[23034,12,23,[[23033,0],[23035,0],[22778,0],[22779,0],[23290,0],]]
[23035,12,23,[[23036,0],[23034,0],[22779,0],[23291,0],]]
[23036,15,23,[[23035,0],[23037,0],[22780,0],[22781,0],[23292,0],]]
[23037,17,23,[[23038,0],[23036,0],[22781,0],[23293,0],]]
[23038,18,23,[[23037,0],[23039,0],[22782,0],[22783,0],[23294,0],]]
[23039,8,23,[[23038,0],[22783,0],[23295,0],]]
[23040,10,16,[[23041,0],[23296,0],[22784,0],]]
[23041,6,16,[[23042,0],[23040,0],[23297,0],[23296,0],[22785,0],]]
[23042,14,16,[[23041,0],[23043,0],[23298,0],[22786,0],]]
[23043,8,16,[[23044,0],[23042,0],[23299,0],[23298,0],[22787,0],]]
[23044,5,16,[[23043,0],[23045,0],[23300,0],[22788,0],]]
[23045,16,16,[[23046,0],[23044,0],[23301,0],[23300,0],[22789,0],]]
[23046,1,16,[[23045,0],[23047,0],[23302,0],[22790,0],]]
[23047,12,16,[[23048,0],[23046,0],[23303,0],[23302,0],[22791,0],]]
[23048,19,16,[[23047,0],[23049,0],[23304,0],[22792,0],]]
[23049,1,16,[[23050,0],[23048,0],[23305,0],[23304,0],[22793,0],]]
[23050,8,16,[[23049,0],[23051,0],[23306,0],[22794,0],]]
[23051,19,16,[[23052,0],[23050,0],[23307,0],[23306,0],[22795,0],]]
[23052,5,16,[[23051,0],[23053,0],[23308,0],[22796,0],]]
[23053,3,16,[[23054,0],[23052,0],[23309,0],[23308,0],[22797,0],]]
[23054,6,16,[[23053,0],[23055,0],[23310,0],[22798,0],]]
[23055,15,16,[[23056,0],[23054,0],[23311,0],[23310,0],[22799,0],]]
[23056,2,16,[[23055,0],[23057,0],[23312,0],[22800,0],]]
[23057,13,16,[[23058,0],[23056,0],[23313,0],[23312,0],[22801,0],]]
[23058,9,16,[[23057,0],[23059,0],[23314,0],[22802,0],]]
[23059,7,16,[[23060,0],[23058,0],[23315,0],[23314,0],[22803,0],]]
[23060,1,16,[[23059,0],[23061,0],[23316,0],[22804,0],]]
[23061,18,16,[[23062,0],[23060,0],[23317,0],[23316,0],[22805,0],]]
[23062,11,16,[[23061,0],[23063,0],[23318,0],[22806,0],]]
[23063,8,16,[[23064,0],[23062,0],[23319,0],[23318,0],[22807,0],]]
[23064,11,16,[[23063,0],[23065,0],[23320,0],[22808,0],]]
[23065,9,16,[[23066,0],[23064,0],[23321,0],[23320,0],[22809,0],]]
[23066,12,16,[[23065,0],[23067,0],[23322,0],[22810,0],]]
[23067,4,16,[[23068,0],[23066,0],[23323,0],[23322,0],[22811,0],]]
[23068,18,16,[[23067,0],[23069,0],[23324,0],[22812,0],]]
[23069,11,16,[[23070,0],[23068,0],[23325,0],[23324,0],[22813,0],]]
[23070,13,16,[[23069,0],[23071,0],[23326,0],[22814,0],]]
[23071,19,16,[[23072,0],[23070,0],[23327,0],[23326,0],[22815,0],]]
[23072,16,17,[[23071,0],[23073,0],[23328,0],[22816,0],]]
[23073,9,17,[[23074,0],[23072,0],[23329,0],[23328,0],[22817,0],]]
[23074,11,17,[[23073,0],[23075,0],[23330,0],[22818,0],]]
[23075,11,17,[[23076,0],[23074,0],[23331,0],[23330,0],[22819,0],]]
[23076,10,17,[[23075,0],[23077,0],[23332,0],[22820,0],]]
[23077,2,17,[[23078,0],[23076,0],[23333,0],[23332,0],[22821,0],]]
[23078,3,17,[[23077,0],[23079,0],[23334,0],[22822,0],]]
[23079,14,17,[[23080,0],[23078,0],[23335,0],[23334,0],[22823,0],]]
[23080,3,17,[[23079,0],[23081,0],[23336,0],[22824,0],]]
[23081,1,17,[[23082,0],[23080,0],[23337,0],[23336,0],[22825,0],]]
[23082,18,17,[[23081,0],[23083,0],[23338,0],[22826,0],]]
[23083,14,17,[[23084,0],[23082,0],[23339,0],[23338,0],[22827,0],]]
[23084,11,17,[[23083,0],[23085,0],[23340,0],[22828,0],]]
[23085,5,17,[[23086,0],[23084,0],[23341,0],[23340,0],[22829,0],]]
[23086,12,17,[[23085,0],[23087,0],[23342,0],[22830,0],]]
[23087,7,17,[[23088,0],[23086,0],[23343,0],[23342,0],[22831,0],]]
[23088,12,17,[[23087,0],[23089,0],[23344,0],[22832,0],]]
[23089,9,17,[[23090,0],[23088,0],[23345,0],[23344,0],[22833,0],]]
[23090,11,17,[[23089,0],[23091,0],[23346,0],[22834,0],]]
[23091,17,17,[[23092,0],[23090,0],[23347,0],[23346,0],[22835,0],]]
[23092,16,17,[[23091,0],[23093,0],[23348,0],[22836,0],]]
[23093,9,17,[[23094,0],[23092,0],[23349,0],[23348,0],[22837,0],]]
[23094,2,17,[[23093,0],[23095,0],[23350,0],[22838,0],]]
[23095,5,17,[[23096,0],[23094,0],[23351,0],[23350,0],[22839,0],]]
[23096,4,17,[[23095,0],[23097,0],[23352,0],[22840,0],]]
[23097,15,17,[[23098,0],[23096,0],[23353,0],[23352,0],[22841,0],]]
[23098,10,17,[[23097,0],[23099,0],[23354,0],[22842,0],]]
[23099,14,17,[[23100,0],[23098,0],[23355,0],[23354,0],[22843,0],]]
[23100,16,17,[[23099,0],[23101,0],[23356,0],[22844,0],]]
[23101,5,17,[[23102,0],[23100,0],[23357,0],[23356,0],[22845,0],]]
[23102,3,17,[[23101,0],[23103,0],[23358,0],[22846,0],]]
[23103,1,17,[[23104,0],[23102,0],[23359,0],[23358,0],[22847,0],]]
[23104,6,18,[[23103,0],[23105,0],[23360,0],[22848,0],]]
[23105,4,18,[[23106,0],[23104,0],[23361,0],[23360,0],[22849,0],]]
[23106,2,18,[[23105,0],[23107,0],[23362,0],[22850,0],]]
[23107,15,18,[[23108,0],[23106,0],[23363,0],[23362,0],[22851,0],]]
[23108,17,18,[[23107,0],[23109,0],[23364,0],[22852,0],]]
[23109,16,18,[[23110,0],[23108,0],[23365,0],[23364,0],[22853,0],]]
[23110,6,18,[[23109,0],[23111,0],[23366,0],[22854,0],]]
[23111,8,18,[[23112,0],[23110,0],[23367,0],[23366,0],[22855,0],]]
[23112,12,18,[[23111,0],[23113,0],[23368,0],[22856,0],]]
[23113,16,18,[[23114,0],[23112,0],[23369,0],[23368,0],[22857,0],]]
[23114,10,18,[[23113,0],[23115,0],[23370,0],[22858,0],]]
[23115,15,18,[[23116,0],[23114,0],[23371,0],[23370,0],[22859,0],]]
[23116,17,18,[[23115,0],[23117,0],[23372,0],[22860,0],]]
[23117,3,18,[[23118,0],[23116,0],[23373,0],[23372,0],[22861,0],]]
[23118,5,18,[[23117,0],[23119,0],[23374,0],[22862,0],]]
[23119,7,18,[[23120,0],[23118,0],[23375,0],[23374,0],[22863,0],]]
[23120,2,18,[[23119,0],[23121,0],[23376,0],[22864,0],]]
[23121,2,18,[[23122,0],[23120,0],[23377,0],[23376,0],[22865,0],]]
[23122,7,18,[[23121,0],[23123,0],[23378,0],[22866,0],]]
[23123,14,18,[[23124,0],[23122,0],[23379,0],[23378,0],[22867,0],]]
[23124,19,18,[[23123,0],[23125,0],[23380,0],[22868,0],]]
[23125,13,18,[[23126,0],[23124,0],[23381,0],[23380,0],[22869,0],]]
[23126,5,18,[[23125,0],[23127,0],[23382,0],[22870,0],]]
[23127,17,18,[[23128,0],[23126,0],[23383,0],[23382,0],[22871,0],]]
[23128,11,18,[[23127,0],[23129,0],[23384,0],[22872,0],]]
[23129,11,18,[[23130,0],[23128,0],[23385,0],[23384,0],[22873,0],]]
[23130,18,18,[[23129,0],[23131,0],[23386,0],[22874,0],]]
[23131,12,18,[[23132,0],[23130,0],[23387,0],[23386,0],[22875,0],]]
[23132,2,18,[[23131,0],[23133,0],[23388,0],[22876,0],]]
[23133,11,18,[[23134,0],[23132,0],[23389,0],[23388,0],[22877,0],]]
[23134,6,18,[[23133,0],[23135,0],[23390,0],[22878,0],]]
[23135,11,18,[[23136,0],[23134,0],[23391,0],[23390,0],[22879,0],]]
[23136,10,19,[[23135,0],[23137,0],[23392,0],[22880,0],]]
[23137,2,19,[[23138,0],[23136,0],[23393,0],[23392,0],[22881,0],]]
[23138,4,19,[[23137,0],[23139,0],[23394,0],[22882,0],]]
[23139,1,19,[[23140,0],[23138,0],[23395,0],[23394,0],[22883,0],]]
[23140,19,19,[[23139,0],[23141,0],[23396,0],[22884,0],]]
[23141,16,19,[[23142,0],[23140,0],[23397,0],[23396,0],[22885,0],]]
[23142,2,19,[[23141,0],[23143,0],[23398,0],[22886,0],]]
[23143,2,19,[[23144,0],[23142,0],[23399,0],[23398,0],[22887,0],]]
[23144,12,19,[[23143,0],[23145,0],[23400,0],[22888,0],]]
[23145,11,19,[[23146,0],[23144,0],[23401,0],[23400,0],[22889,0],]]
[23146,10,19,[[23145,0],[23147,0],[23402,0],[22890,0],]]
[23147,9,19,[[23148,0],[23146,0],[23403,0],[23402,0],[22891,0],]]
[23148,7,19,[[23147,0],[23149,0],[23404,0],[22892,0],]]
[23149,12,19,[[23150,0],[23148,0],[23405,0],[23404,0],[22893,0],]]
[23150,18,19,[[23149,0],[23151,0],[23406,0],[22894,0],]]
[23151,15,19,[[23152,0],[23150,0],[23407,0],[23406,0],[22895,0],]]
[23152,18,19,[[23151,0],[23153,0],[23408,0],[22896,0],]]
[23153,8,19,[[23154,0],[23152,0],[23409,0],[23408,0],[22897,0],]]
[23154,16,19,[[23153,0],[23155,0],[23410,0],[22898,0],]]
[23155,4,19,[[23156,0],[23154,0],[23411,0],[23410,0],[22899,0],]]
[23156,4,19,[[23155,0],[23157,0],[23412,0],[22900,0],]]
[23157,19,19,[[23158,0],[23156,0],[23413,0],[23412,0],[22901,0],]]
[23158,5,19,[[23157,0],[23159,0],[23414,0],[22902,0],]]
[23159,2,19,[[23160,0],[23158,0],[23415,0],[23414,0],[22903,0],]]
[23160,15,19,[[23159,0],[23161,0],[23416,0],[22904,0],]]
[23161,5,19,[[23162,0],[23160,0],[23417,0],[23416,0],[22905,0],]]
[23162,12,19,[[23161,0],[23163,0],[23418,0],[22906,0],]]
[23163,17,19,[[23164,0],[23162,0],[23419,0],[23418,0],[22907,0],]]
[23164,17,19,[[23163,0],[23165,0],[23420,0],[22908,0],]]
[23165,17,19,[[23166,0],[23164,0],[23421,0],[23420,0],[22909,0],]]
[23166,11,19,[[23165,0],[23167,0],[23422,0],[22910,0],]]
[23167,3,19,[[23168,0],[23166,0],[23423,0],[23422,0],[22911,0],]]
[23168,14,20,[[23167,0],[23169,0],[23424,0],[22912,0],]]
[23169,18,20,[[23170,0],[23168,0],[23425,0],[23424,0],[22913,0],]]
[23170,2,20,[[23169,0],[23171,0],[23426,0],[22914,0],]]
[23171,15,20,[[23172,0],[23170,0],[23427,0],[23426,0],[22915,0],]]
[23172,7,20,[[23171,0],[23173,0],[23428,0],[22916,0],]]
[23173,2,20,[[23174,0],[23172,0],[23429,0],[23428,0],[22917,0],]]
[23174,15,20,[[23173,0],[23175,0],[23430,0],[22918,0],]]
[23175,16,20,[[23176,0],[23174,0],[23431,0],[23430,0],[22919,0],]]
[23176,3,20,[[23175,0],[23177,0],[23432,0],[22920,0],]]
[23177,10,20,[[23178,0],[23176,0],[23433,0],[23432,0],[22921,0],]]
[23178,14,20,[[23177,0],[23179,0],[23434,0],[22922,0],]]
[23179,4,20,[[23180,0],[23178,0],[23435,0],[23434,0],[22923,0],]]
[23180,12,20,[[23179,0],[23181,0],[23436,0],[22924,0],]]
[23181,17,20,[[23182,0],[23180,0],[23437,0],[23436,0],[22925,0],]]
[23182,9,20,[[23181,0],[23183,0],[23438,0],[22926,0],]]
[23183,17,20,[[23184,0],[23182,0],[23439,0],[23438,0],[22927,0],]]
[23184,10,20,[[23183,0],[23185,0],[23440,0],[22928,0],]]
[23185,5,20,[[23186,0],[23184,0],[23441,0],[23440,0],[22929,0],]]
[23186,14,20,[[23185,0],[23187,0],[23442,0],[22930,0],]]
[23187,3,20,[[23188,0],[23186,0],[23443,0],[23442,0],[22931,0],]]
[23188,9,20,[[23187,0],[23189,0],[23444,0],[22932,0],]]
[23189,4,20,[[23190,0],[23188,0],[23445,0],[23444,0],[22933,0],]]
[23190,15,20,[[23189,0],[23191,0],[23446,0],[22934,0],]]
[23191,6,20,[[23192,0],[23190,0],[23447,0],[23446,0],[22935,0],]]
[23192,17,20,[[23191,0],[23193,0],[23448,0],[22936,0],]]
[23193,14,20,[[23194,0],[23192,0],[23449,0],[23448,0],[22937,0],]]
[23194,10,20,[[23193,0],[23195,0],[23450,0],[22938,0],]]
[23195,7,20,[[23196,0],[23194,0],[23451,0],[23450,0],[22939,0],]]
[23196,16,20,[[23195,0],[23197,0],[23452,0],[22940,0],]]
[23197,1,20,[[23198,0],[23196,0],[23453,0],[23452,0],[22941,0],]]
[23198,11,20,[[23197,0],[23199,0],[23454,0],[22942,0],]]
[23199,11,20,[[23200,0],[23198,0],[23455,0],[23454,0],[22943,0],]]
[23200,9,21,[[23199,0],[23201,0],[23456,0],[22944,0],]]
[23201,4,21,[[23202,0],[23200,0],[23457,0],[23456,0],[22945,0],]]
[23202,2,21,[[23201,0],[23203,0],[23458,0],[22946,0],]]
[23203,16,21,[[23204,0],[23202,0],[23459,0],[23458,0],[22947,0],]]
[23204,7,21,[[23203,0],[23205,0],[23460,0],[22948,0],]]
[23205,19,21,[[23206,0],[23204,0],[23461,0],[23460,0],[22949,0],]]
[23206,13,21,[[23205,0],[23207,0],[23462,0],[22950,0],]]
[23207,7,21,[[23208,0],[23206,0],[23463,0],[23462,0],[22951,0],]]
[23208,12,21,[[23207,0],[23209,0],[23464,0],[22952,0],]]
[23209,13,21,[[23210,0],[23208,0],[23465,0],[23464,0],[22953,0],]]
[23210,9,21,[[23209,0],[23211,0],[23466,0],[22954,0],]]
[23211,16,21,[[23212,0],[23210,0],[23467,0],[23466,0],[22955,0],]]
[23212,15,21,[[23211,0],[23213,0],[23468,0],[22956,0],]]
[23213,1,21,[[23214,0],[23212,0],[23469,0],[23468,0],[22957,0],]]
[23214,19,21,[[23213,0],[23215,0],[23470,0],[22958,0],]]
[23215,16,21,[[23216,0],[23214,0],[23471,0],[23470,0],[22959,0],]]
[23216,12,21,[[23215,0],[23217,0],[23472,0],[22960,0],]]
[23217,19,21,[[23218,0],[23216,0],[23473,0],[23472,0],[22961,0],]]
[23218,8,21,[[23217,0],[23219,0],[23474,0],[22962,0],]]
[23219,3,21,[[23220,0],[23218,0],[23475,0],[23474,0],[22963,0],]]
[23220,13,21,[[23219,0],[23221,0],[23476,0],[22964,0],]]
[23221,14,21,[[23222,0],[23220,0],[23477,0],[23476,0],[22965,0],]]
[23222,19,21,[[23221,0],[23223,0],[23478,0],[22966,0],]]
[23223,4,21,[[23224,0],[23222,0],[23479,0],[23478,0],[22967,0],]]
[23224,19,21,[[23223,0],[23225,0],[23480,0],[22968,0],]]
[23225,5,21,[[23226,0],[23224,0],[23481,0],[23480,0],[22969,0],]]
[23226,14,21,[[23225,0],[23227,0],[23482,0],[22970,0],]]
[23227,9,21,[[23228,0],[23226,0],[23483,0],[23482,0],[22971,0],]]
[23228,11,21,[[23227,0],[23229,0],[23484,0],[22972,0],]]
[23229,4,21,[[23230,0],[23228,0],[23485,0],[23484,0],[22973,0],]]
[23230,16,21,[[23229,0],[23231,0],[23486,0],[22974,0],]]
[23231,5,21,[[23232,0],[23230,0],[23487,0],[23486,0],[22975,0],]]
[23232,14,22,[[23231,0],[23233,0],[23488,0],[22976,0],]]
[23233,4,22,[[23234,0],[23232,0],[23489,0],[23488,0],[22977,0],]]
[23234,13,22,[[23233,0],[23235,0],[23490,0],[22978,0],]]
[23235,4,22,[[23236,0],[23234,0],[23491,0],[23490,0],[22979,0],]]
[23236,1,22,[[23235,0],[23237,0],[23492,0],[22980,0],]]
[23237,11,22,[[23238,0],[23236,0],[23493,0],[23492,0],[22981,0],]]
[23238,7,22,[[23237,0],[23239,0],[23494,0],[22982,0],]]
[23239,9,22,[[23240,0],[23238,0],[23495,0],[23494,0],[22983,0],]]
[23240,1,22,[[23239,0],[23241,0],[23496,0],[22984,0],]]
[23241,17,22,[[23242,0],[23240,0],[23497,0],[23496,0],[22985,0],]]
[23242,10,22,[[23241,0],[23243,0],[23498,0],[22986,0],]]
[23243,2,22,[[23244,0],[23242,0],[23499,0],[23498,0],[22987,0],]]
[23244,8,22,[[23243,0],[23245,0],[23500,0],[22988,0],]]
[23245,3,22,[[23246,0],[23244,0],[23501,0],[23500,0],[22989,0],]]
[23246,8,22,[[23245,0],[23247,0],[23502,0],[22990,0],]]
[23247,5,22,[[23248,0],[23246,0],[23503,0],[23502,0],[22991,0],]]
[23248,1,22,[[23247,0],[23249,0],[23504,0],[22992,0],]]
[23249,2,22,[[23250,0],[23248,0],[23505,0],[23504,0],[22993,0],]]
[23250,9,22,[[23249,0],[23251,0],[23506,0],[22994,0],]]
[23251,3,22,[[23252,0],[23250,0],[23507,0],[23506,0],[22995,0],]]
[23252,16,22,[[23251,0],[23253,0],[23508,0],[22996,0],]]
[23253,11,22,[[23254,0],[23252,0],[23509,0],[23508,0],[22997,0],]]
[23254,9,22,[[23253,0],[23255,0],[23510,0],[22998,0],]]
[23255,12,22,[[23256,0],[23254,0],[23511,0],[23510,0],[22999,0],]]
[23256,12,22,[[23255,0],[23257,0],[23512,0],[23000,0],]]
[23257,1,22,[[23258,0],[23256,0],[23513,0],[23512,0],[23001,0],]]
[23258,13,22,[[23257,0],[23259,0],[23514,0],[23002,0],]]
[23259,10,22,[[23260,0],[23258,0],[23515,0],[23514,0],[23003,0],]]
[23260,8,22,[[23259,0],[23261,0],[23516,0],[23004,0],]]
[23261,10,22,[[23262,0],[23260,0],[23517,0],[23516,0],[23005,0],]]
[23262,3,22,[[23261,0],[23263,0],[23518,0],[23006,0],]]
[23263,9,22,[[23264,0],[23262,0],[23519,0],[23518,0],[23007,0],]]
[23264,16,23,[[23263,0],[23265,0],[23520,0],[23008,0],]]
[23265,1,23,[[23266,0],[23264,0],[23521,0],[23520,0],[23009,0],]]
[23266,7,23,[[23265,0],[23267,0],[23522,0],[23010,0],]]
[23267,18,23,[[23268,0],[23266,0],[23523,0],[23522,0],[23011,0],]]
[23268,15,23,[[23267,0],[23269,0],[23524,0],[23012,0],]]
[23269,2,23,[[23270,0],[23268,0],[23525,0],[23524,0],[23013,0],]]
[23270,11,23,[[23269,0],[23271,0],[23526,0],[23014,0],]]
[23271,14,23,[[23272,0],[23270,0],[23527,0],[23526,0],[23015,0],]]
[23272,9,23,[[23271,0],[23273,0],[23528,0],[23016,0],]]
[23273,2,23,[[23274,0],[23272,0],[23529,0],[23528,0],[23017,0],]]
[23274,11,23,[[23273,0],[23275,0],[23530,0],[23018,0],]]
[23275,6,23,[[23276,0],[23274,0],[23531,0],[23530,0],[23019,0],]]
[23276,18,23,[[23275,0],[23277,0],[23532,0],[23020,0],]]
[23277,15,23,[[23278,0],[23276,0],[23533,0],[23532,0],[23021,0],]]
[23278,7,23,[[23277,0],[23279,0],[23534,0],[23022,0],]]
[23279,9,23,[[23280,0],[23278,0],[23535,0],[23534,0],[23023,0],]]
[23280,9,23,[[23279,0],[23281,0],[23536,0],[23024,0],]]
[23281,7,23,[[23282,0],[23280,0],[23537,0],[23536,0],[23025,0],]]
[23282,13,23,[[23281,0],[23283,0],[23538,0],[23026,0],]]
[23283,8,23,[[23284,0],[23282,0],[23539,0],[23538,0],[23027,0],]]
[23284,5,23,[[23283,0],[23285,0],[23540,0],[23028,0],]]
[23285,3,23,[[23286,0],[23284,0],[23541,0],[23540,0],[23029,0],]]
[23286,4,23,[[23285,0],[23287,0],[23542,0],[23030,0],]]
[23287,19,23,[[23288,0],[23286,0],[23543,0],[23542,0],[23031,0],]]
[23288,12,23,[[23287,0],[23289,0],[23544,0],[23032,0],]]
[23289,19,23,[[23290,0],[23288,0],[23545,0],[23544,0],[23033,0],]]
[23290,12,23,[[23289,0],[23291,0],[23546,0],[23034,0],]]
[23291,16,23,[[23292,0],[23290,0],[23547,0],[23546,0],[23035,0],]]
[23292,14,23,[[23291,0],[23293,0],[23548,0],[23036,0],]]
[23293,12,23,[[23294,0],[23292,0],[23549,0],[23548,0],[23037,0],]]
[23294,15,23,[[23293,0],[23295,0],[23550,0],[23038,0],]]
[23295,10,23,[[23294,0],[23551,0],[23550,0],[23039,0],]]
[23296,9,16,[[23297,0],[23040,0],[23041,0],[23552,0],]]
[23297,13,16,[[23298,0],[23296,0],[23041,0],[23553,0],]]
[23298,10,16,[[23297,0],[23299,0],[23042,0],[23043,0],[23554,0],]]
[23299,8,16,[[23300,0],[23298,0],[23043,0],[23555,0],]]
[23300,17,16,[[23299,0],[23301,0],[23044,0],[23045,0],[23556,0],]]
[23301,7,16,[[23302,0],[23300,0],[23045,0],[23557,0],]]
[23302,7,16,[[23301,0],[23303,0],[23046,0],[23047,0],[23558,0],]]
[23303,10,16,[[23304,0],[23302,0],[23047,0],[23559,0],]]
[23304,19,16,[[23303,0],[23305,0],[23048,0],[23049,0],[23560,0],]]
[23305,7,16,[[23306,0],[23304,0],[23049,0],[23561,0],]]
[23306,19,16,[[23305,0],[23307,0],[23050,0],[23051,0],[23562,0],]]
[23307,15,16,[[23308,0],[23306,0],[23051,0],[23563,0],]]
[23308,1,16,[[23307,0],[23309,0],[23052,0],[23053,0],[23564,0],]]
[23309,10,16,[[23310,0],[23308,0],[23053,0],[23565,0],]]
[23310,11,16,[[23309,0],[23311,0],[23054,0],[23055,0],[23566,0],]]
[23311,3,16,[[23312,0],[23310,0],[23055,0],[23567,0],]]
[23312,18,16,[[23311,0],[23313,0],[23056,0],[23057,0],[23568,0],]]
[23313,6,16,[[23314,0],[23312,0],[23057,0],[23569,0],]]
[23314,7,16,[[23313,0],[23315,0],[23058,0],[23059,0],[23570,0],]]
[23315,13,16,[[23316,0],[23314,0],[23059,0],[23571,0],]]
[23316,9,16,[[23315,0],[23317,0],[23060,0],[23061,0],[23572,0],]]
[23317,11,16,[[23318,0],[23316,0],[23061,0],[23573,0],]]
[23318,2,16,[[23317,0],[23319,0],[23062,0],[23063,0],[23574,0],]]
[23319,17,16,[[23320,0],[23318,0],[23063,0],[23575,0],]]
[23320,10,16,[[23319,0],[23321,0],[23064,0],[23065,0],[23576,0],]]
[23321,5,16,[[23322,0],[23320,0],[23065,0],[23577,0],]]
[23322,11,16,[[23321,0],[23323,0],[23066,0],[23067,0],[23578,0],]]
[23323,6,16,[[23324,0],[23322,0],[23067,0],[23579,0],]]
[23324,11,16,[[23323,0],[23325,0],[23068,0],[23069,0],[23580,0],]]
[23325,6,16,[[23326,0],[23324,0],[23069,0],[23581,0],]]
[23326,4,16,[[23325,0],[23327,0],[23070,0],[23071,0],[23582,0],]]
[23327,2,16,[[23328,0],[23326,0],[23071,0],[23583,0],]]
[23328,10,17,[[23327,0],[23329,0],[23072,0],[23073,0],[23584,0],]]
[23329,16,17,[[23330,0],[23328,0],[23073,0],[23585,0],]]
[23330,18,17,[[23329,0],[23331,0],[23074,0],[23075,0],[23586,0],]]
[23331,9,17,[[23332,0],[23330,0],[23075,0],[23587,0],]]
[23332,16,17,[[23331,0],[23333,0],[23076,0],[23077,0],[23588,0],]]
[23333,4,17,[[23334,0],[23332,0],[23077,0],[23589,0],]]
[23334,6,17,[[23333,0],[23335,0],[23078,0],[23079,0],[23590,0],]]
[23335,16,17,[[23336,0],[23334,0],[23079,0],[23591,0],]]
[23336,9,17,[[23335,0],[23337,0],[23080,0],[23081,0],[23592,0],]]
[23337,11,17,[[23338,0],[23336,0],[23081,0],[23593,0],]]
[23338,10,17,[[23337,0],[23339,0],[23082,0],[23083,0],[23594,0],]]
[23339,16,17,[[23340,0],[23338,0],[23083,0],[23595,0],]]
[23340,4,17,[[23339,0],[23341,0],[23084,0],[23085,0],[23596,0],]]
[23341,13,17,[[23342,0],[23340,0],[23085,0],[23597,0],]]
[23342,15,17,[[23341,0],[23343,0],[23086,0],[23087,0],[23598,0],]]
[23343,8,17,[[23344,0],[23342,0],[23087,0],[23599,0],]]
[23344,8,17,[[23343,0],[23345,0],[23088,0],[23089,0],[23600,0],]]
[23345,8,17,[[23346,0],[23344,0],[23089,0],[23601,0],]]
[23346,3,17,[[23345,0],[23347,0],[23090,0],[23091,0],[23602,0],]]
[23347,15,17,[[23348,0],[23346,0],[23091,0],[23603,0],]]
[23348,6,17,[[23347,0],[23349,0],[23092,0],[23093,0],[23604,0],]]
[23349,17,17,[[23350,0],[23348,0],[23093,0],[23605,0],]]
[23350,18,17,[[23349,0],[23351,0],[23094,0],[23095,0],[23606,0],]]
[23351,10,17,[[23352,0],[23350,0],[23095,0],[23607,0],]]
[23352,10,17,[[23351,0],[23353,0],[23096,0],[23097,0],[23608,0],]]
[23353,2,17,[[23354,0],[23352,0],[23097,0],[23609,0],]]
[23354,6,17,[[23353,0],[23355,0],[23098,0],[23099,0],[23610,0],]]
[23355,16,17,[[23356,0],[23354,0],[23099,0],[23611,0],]]
[23356,8,17,[[23355,0],[23357,0],[23100,0],[23101,0],[23612,0],]]
[23357,3,17,[[23358,0],[23356,0],[23101,0],[23613,0],]]
[23358,1,17,[[23357,0],[23359,0],[23102,0],[23103,0],[23614,0],]]
[23359,19,17,[[23360,0],[23358,0],[23103,0],[23615,0],]]
[23360,2,18,[[23359,0],[23361,0],[23104,0],[23105,0],[23616,0],]]
[23361,10,18,[[23362,0],[23360,0],[23105,0],[23617,0],]]
[23362,18,18,[[23361,0],[23363,0],[23106,0],[23107,0],[23618,0],]]
[23363,18,18,[[23364,0],[23362,0],[23107,0],[23619,0],]]
[23364,15,18,[[23363,0],[23365,0],[23108,0],[23109,0],[23620,0],]]
[23365,7,18,[[23366,0],[23364,0],[23109,0],[23621,0],]]
[23366,17,18,[[23365,0],[23367,0],[23110,0],[23111,0],[23622,0],]]
[23367,7,18,[[23368,0],[23366,0],[23111,0],[23623,0],]]
[23368,10,18,[[23367,0],[23369,0],[23112,0],[23113,0],[23624,0],]]
[23369,4,18,[[23370,0],[23368,0],[23113,0],[23625,0],]]
[23370,18,18,[[23369,0],[23371,0],[23114,0],[23115,0],[23626,0],]]
[23371,10,18,[[23372,0],[23370,0],[23115,0],[23627,0],]]
[23372,16,18,[[23371,0],[23373,0],[23116,0],[23117,0],[23628,0],]]
[23373,2,18,[[23374,0],[23372,0],[23117,0],[23629,0],]]
[23374,14,18,[[23373,0],[23375,0],[23118,0],[23119,0],[23630,0],]]
[23375,6,18,[[23376,0],[23374,0],[23119,0],[23631,0],]]
[23376,1,18,[[23375,0],[23377,0],[23120,0],[23121,0],[23632,0],]]
[23377,5,18,[[23378,0],[23376,0],[23121,0],[23633,0],]]
[23378,12,18,[[23377,0],[23379,0],[23122,0],[23123,0],[23634,0],]]
[23379,16,18,[[23380,0],[23378,0],[23123,0],[23635,0],]]
[23380,3,18,[[23379,0],[23381,0],[23124,0],[23125,0],[23636,0],]]
[23381,19,18,[[23382,0],[23380,0],[23125,0],[23637,0],]]
[23382,10,18,[[23381,0],[23383,0],[23126,0],[23127,0],[23638,0],]]
[23383,11,18,[[23384,0],[23382,0],[23127,0],[23639,0],]]
[23384,4,18,[[23383,0],[23385,0],[23128,0],[23129,0],[23640,0],]]
[23385,16,18,[[23386,0],[23384,0],[23129,0],[23641,0],]]
[23386,11,18,[[23385,0],[23387,0],[23130,0],[23131,0],[23642,0],]]
[23387,18,18,[[23388,0],[23386,0],[23131,0],[23643,0],]]
[23388,11,18,[[23387,0],[23389,0],[23132,0],[23133,0],[23644,0],]]
[23389,9,18,[[23390,0],[23388,0],[23133,0],[23645,0],]]
[23390,14,18,[[23389,0],[23391,0],[23134,0],[23135,0],[23646,0],]]
[23391,13,18,[[23392,0],[23390,0],[23135,0],[23647,0],]]
[23392,6,19,[[23391,0],[23393,0],[23136,0],[23137,0],[23648,0],]]
[23393,14,19,[[23394,0],[23392,0],[23137,0],[23649,0],]]
[23394,13,19,[[23393,0],[23395,0],[23138,0],[23139,0],[23650,0],]]
[23395,10,19,[[23396,0],[23394,0],[23139,0],[23651,0],]]
[23396,1,19,[[23395,0],[23397,0],[23140,0],[23141,0],[23652,0],]]
[23397,3,19,[[23398,0],[23396,0],[23141,0],[23653,0],]]
[23398,2,19,[[23397,0],[23399,0],[23142,0],[23143,0],[23654,0],]]
[23399,19,19,[[23400,0],[23398,0],[23143,0],[23655,0],]]
[23400,10,19,[[23399,0],[23401,0],[23144,0],[23145,0],[23656,0],]]
[23401,7,19,[[23402,0],[23400,0],[23145,0],[23657,0],]]
[23402,4,19,[[23401,0],[23403,0],[23146,0],[23147,0],[23658,0],]]
[23403,17,19,[[23404,0],[23402,0],[23147,0],[23659,0],]]
[23404,1,19,[[23403,0],[23405,0],[23148,0],[23149,0],[23660,0],]]
[23405,8,19,[[23406,0],[23404,0],[23149,0],[23661,0],]]
[23406,7,19,[[23405,0],[23407,0],[23150,0],[23151,0],[23662,0],]]
[23407,15,19,[[23408,0],[23406,0],[23151,0],[23663,0],]]
[23408,14,19,[[23407,0],[23409,0],[23152,0],[23153,0],[23664,0],]]
[23409,4,19,[[23410,0],[23408,0],[23153,0],[23665,0],]]
[23410,2,19,[[23409,0],[23411,0],[23154,0],[23155,0],[23666,0],]]
[23411,19,19,[[23412,0],[23410,0],[23155,0],[23667,0],]]
[23412,17,19,[[23411,0],[23413,0],[23156,0],[23157,0],[23668,0],]]
[23413,2,19,[[23414,0],[23412,0],[23157,0],[23669,0],]]
[23414,9,19,[[23413,0],[23415,0],[23158,0],[23159,0],[23670,0],]]
[23415,16,19,[[23416,0],[23414,0],[23159,0],[23671,0],]]
[23416,10,19,[[23415,0],[23417,0],[23160,0],[23161,0],[23672,0],]]
[23417,1,19,[[23418,0],[23416,0],[23161,0],[23673,0],]]
[23418,1,19,[[23417,0],[23419,0],[23162,0],[23163,0],[23674,0],]]
[23419,5,19,[[23420,0],[23418,0],[23163,0],[23675,0],]]
[23420,7,19,[[23419,0],[23421,0],[23164,0],[23165,0],[23676,0],]]
[23421,1,19,[[23422,0],[23420,0],[23165,0],[23677,0],]]
[23422,14,19,[[23421,0],[23423,0],[23166,0],[23167,0],[23678,0],]]
[23423,13,19,[[23424,0],[23422,0],[23167,0],[23679,0],]]
[23424,19,20,[[23423,0],[23425,0],[23168,0],[23169,0],[23680,0],]]
[23425,12,20,[[23426,0],[23424,0],[23169,0],[23681,0],]]
[23426,2,20,[[23425,0],[23427,0],[23170,0],[23171,0],[23682,0],]]
[23427,17,20,[[23428,0],[23426,0],[23171,0],[23683,0],]]
[23428,19,20,[[23427,0],[23429,0],[23172,0],[23173,0],[23684,0],]]
[23429,19,20,[[23430,0],[23428,0],[23173,0],[23685,0],]]
[23430,16,20,[[23429,0],[23431,0],[23174,0],[23175,0],[23686,0],]]
[23431,16,20,[[23432,0],[23430,0],[23175,0],[23687,0],]]
[23432,9,20,[[23431,0],[23433,0],[23176,0],[23177,0],[23688,0],]]
[23433,17,20,[[23434,0],[23432,0],[23177,0],[23689,0],]]
[23434,8,20,[[23433,0],[23435,0],[23178,0],[23179,0],[23690,0],]]
[23435,17,20,[[23436,0],[23434,0],[23179,0],[23691,0],]]
[23436,6,20,[[23435,0],[23437,0],[23180,0],[23181,0],[23692,0],]]
[23437,5,20,[[23438,0],[23436,0],[23181,0],[23693,0],]]
[23438,9,20,[[23437,0],[23439,0],[23182,0],[23183,0],[23694,0],]]
[23439,19,20,[[23440,0],[23438,0],[23183,0],[23695,0],]]
[23440,2,20,[[23439,0],[23441,0],[23184,0],[23185,0],[23696,0],]]
[23441,12,20,[[23442,0],[23440,0],[23185,0],[23697,0],]]
[23442,16,20,[[23441,0],[23443,0],[23186,0],[23187,0],[23698,0],]]
[23443,7,20,[[23444,0],[23442,0],[23187,0],[23699,0],]]
[23444,9,20,[[23443,0],[23445,0],[23188,0],[23189,0],[23700,0],]]
[23445,13,20,[[23446,0],[23444,0],[23189,0],[23701,0],]]
[23446,5,20,[[23445,0],[23447,0],[23190,0],[23191,0],[23702,0],]]
[23447,2,20,[[23448,0],[23446,0],[23191,0],[23703,0],]]
[23448,12,20,[[23447,0],[23449,0],[23192,0],[23193,0],[23704,0],]]
[23449,11,20,[[23450,0],[23448,0],[23193,0],[23705,0],]]
[23450,9,20,[[23449,0],[23451,0],[23194,0],[23195,0],[23706,0],]]
[23451,13,20,[[23452,0],[23450,0],[23195,0],[23707,0],]]
[23452,6,20,[[23451,0],[23453,0],[23196,0],[23197,0],[23708,0],]]
[23453,15,20,[[23454,0],[23452,0],[23197,0],[23709,0],]]
[23454,11,20,[[23453,0],[23455,0],[23198,0],[23199,0],[23710,0],]]
[23455,1,20,[[23456,0],[23454,0],[23199,0],[23711,0],]]
[23456,12,21,[[23455,0],[23457,0],[23200,0],[23201,0],[23712,0],]]
[23457,18,21,[[23458,0],[23456,0],[23201,0],[23713,0],]]
[23458,10,21,[[23457,0],[23459,0],[23202,0],[23203,0],[23714,0],]]
[23459,2,21,[[23460,0],[23458,0],[23203,0],[23715,0],]]
[23460,18,21,[[23459,0],[23461,0],[23204,0],[23205,0],[23716,0],]]
[23461,13,21,[[23462,0],[23460,0],[23205,0],[23717,0],]]
[23462,2,21,[[23461,0],[23463,0],[23206,0],[23207,0],[23718,0],]]
[23463,15,21,[[23464,0],[23462,0],[23207,0],[23719,0],]]
[23464,10,21,[[23463,0],[23465,0],[23208,0],[23209,0],[23720,0],]]
[23465,7,21,[[23466,0],[23464,0],[23209,0],[23721,0],]]
[23466,2,21,[[23465,0],[23467,0],[23210,0],[23211,0],[23722,0],]]
[23467,16,21,[[23468,0],[23466,0],[23211,0],[23723,0],]]
[23468,8,21,[[23467,0],[23469,0],[23212,0],[23213,0],[23724,0],]]
[23469,2,21,[[23470,0],[23468,0],[23213,0],[23725,0],]]
[23470,16,21,[[23469,0],[23471,0],[23214,0],[23215,0],[23726,0],]]
[23471,8,21,[[23472,0],[23470,0],[23215,0],[23727,0],]]
[23472,7,21,[[23471,0],[23473,0],[23216,0],[23217,0],[23728,0],]]
[23473,13,21,[[23474,0],[23472,0],[23217,0],[23729,0],]]
[23474,13,21,[[23473,0],[23475,0],[23218,0],[23219,0],[23730,0],]]
[23475,6,21,[[23476,0],[23474,0],[23219,0],[23731,0],]]
[23476,2,21,[[23475,0],[23477,0],[23220,0],[23221,0],[23732,0],]]
[23477,1,21,[[23478,0],[23476,0],[23221,0],[23733,0],]]
[23478,2,21,[[23477,0],[23479,0],[23222,0],[23223,0],[23734,0],]]
[23479,14,21,[[23480,0],[23478,0],[23223,0],[23735,0],]]
[23480,10,21,[[23479,0],[23481,0],[23224,0],[23225,0],[23736,0],]]
[23481,12,21,[[23482,0],[23480,0],[23225,0],[23737,0],]]
[23482,14,21,[[23481,0],[23483,0],[23226,0],[23227,0],[23738,0],]]
[23483,3,21,[[23484,0],[23482,0],[23227,0],[23739,0],]]
[23484,15,21,[[23483,0],[23485,0],[23228,0],[23229,0],[23740,0],]]
[23485,19,21,[[23486,0],[23484,0],[23229,0],[23741,0],]]
[23486,2,21,[[23485,0],[23487,0],[23230,0],[23231,0],[23742,0],]]
[23487,14,21,[[23488,0],[23486,0],[23231,0],[23743,0],]]
[23488,13,22,[[23487,0],[23489,0],[23232,0],[23233,0],[23744,0],]]
[23489,7,22,[[23490,0],[23488,0],[23233,0],[23745,0],]]
[23490,6,22,[[23489,0],[23491,0],[23234,0],[23235,0],[23746,0],]]
[23491,13,22,[[23492,0],[23490,0],[23235,0],[23747,0],]]
[23492,12,22,[[23491,0],[23493,0],[23236,0],[23237,0],[23748,0],]]
[23493,7,22,[[23494,0],[23492,0],[23237,0],[23749,0],]]
[23494,17,22,[[23493,0],[23495,0],[23238,0],[23239,0],[23750,0],]]
[23495,14,22,[[23496,0],[23494,0],[23239,0],[23751,0],]]
[23496,8,22,[[23495,0],[23497,0],[23240,0],[23241,0],[23752,0],]]
[23497,8,22,[[23498,0],[23496,0],[23241,0],[23753,0],]]
[23498,18,22,[[23497,0],[23499,0],[23242,0],[23243,0],[23754,0],]]
[23499,19,22,[[23500,0],[23498,0],[23243,0],[23755,0],]]
[23500,7,22,[[23499,0],[23501,0],[23244,0],[23245,0],[23756,0],]]
[23501,10,22,[[23502,0],[23500,0],[23245,0],[23757,0],]]
[23502,6,22,[[23501,0],[23503,0],[23246,0],[23247,0],[23758,0],]]
[23503,6,22,[[23504,0],[23502,0],[23247,0],[23759,0],]]
[23504,1,22,[[23503,0],[23505,0],[23248,0],[23249,0],[23760,0],]]
[23505,5,22,[[23506,0],[23504,0],[23249,0],[23761,0],]]
[23506,11,22,[[23505,0],[23507,0],[23250,0],[23251,0],[23762,0],]]
[23507,7,22,[[23508,0],[23506,0],[23251,0],[23763,0],]]
[23508,2,22,[[23507,0],[23509,0],[23252,0],[23253,0],[23764,0],]]
[23509,17,22,[[23510,0],[23508,0],[23253,0],[23765,0],]]
[23510,19,22,[[23509,0],[23511,0],[23254,0],[23255,0],[23766,0],]]
[23511,8,22,[[23512,0],[23510,0],[23255,0],[23767,0],]]
[23512,19,22,[[23511,0],[23513,0],[23256,0],[23257,0],[23768,0],]]
[23513,5,22,[[23514,0],[23512,0],[23257,0],[23769,0],]]
[23514,12,22,[[23513,0],[23515,0],[23258,0],[23259,0],[23770,0],]]
[23515,18,22,[[23516,0],[23514,0],[23259,0],[23771,0],]]
[23516,12,22,[[23515,0],[23517,0],[23260,0],[23261,0],[23772,0],]]
[23517,5,22,[[23518,0],[23516,0],[23261,0],[23773,0],]]
[23518,1,22,[[23517,0],[23519,0],[23262,0],[23263,0],[23774,0],]]
[23519,17,22,[[23520,0],[23518,0],[23263,0],[23775,0],]]
[23520,17,23,[[23519,0],[23521,0],[23264,0],[23265,0],[23776,0],]]
[23521,17,23,[[23522,0],[23520,0],[23265,0],[23777,0],]]
[23522,2,23,[[23521,0],[23523,0],[23266,0],[23267,0],[23778,0],]]
[23523,11,23,[[23524,0],[23522,0],[23267,0],[23779,0],]]
[23524,2,23,[[23523,0],[23525,0],[23268,0],[23269,0],[23780,0],]]
[23525,15,23,[[23526,0],[23524,0],[23269,0],[23781,0],]]
[23526,1,23,[[23525,0],[23527,0],[23270,0],[23271,0],[23782,0],]]
[23527,17,23,[[23528,0],[23526,0],[23271,0],[23783,0],]]
[23528,3,23,[[23527,0],[23529,0],[23272,0],[23273,0],[23784,0],]]
[23529,14,23,[[23530,0],[23528,0],[23273,0],[23785,0],]]
[23530,10,23,[[23529,0],[23531,0],[23274,0],[23275,0],[23786,0],]]
[23531,1,23,[[23532,0],[23530,0],[23275,0],[23787,0],]]
[23532,4,23,[[23531,0],[23533,0],[23276,0],[23277,0],[23788,0],]]
[23533,15,23,[[23534,0],[23532,0],[23277,0],[23789,0],]]
[23534,19,23,[[23533,0],[23535,0],[23278,0],[23279,0],[23790,0],]]
[23535,19,23,[[23536,0],[23534,0],[23279,0],[23791,0],]]
[23536,2,23,[[23535,0],[23537,0],[23280,0],[23281,0],[23792,0],]]
[23537,8,23,[[23538,0],[23536,0],[23281,0],[23793,0],]]
[23538,13,23,[[23537,0],[23539,0],[23282,0],[23283,0],[23794,0],]]
[23539,16,23,[[23540,0],[23538,0],[23283,0],[23795,0],]]
[23540,8,23,[[23539,0],[23541,0],[23284,0],[23285,0],[23796,0],]]
[23541,19,23,[[23542,0],[23540,0],[23285,0],[23797,0],]]
[23542,7,23,[[23541,0],[23543,0],[23286,0],[23287,0],[23798,0],]]
[23543,7,23,[[23544,0],[23542,0],[23287,0],[23799,0],]]
[23544,11,23,[[23543,0],[23545,0],[23288,0],[23289,0],[23800,0],]]
[23545,9,23,[[23546,0],[23544,0],[23289,0],[23801,0],]]
[23546,14,23,[[23545,0],[23547,0],[23290,0],[23291,0],[23802,0],]]
[23547,15,23,[[23548,0],[23546,0],[23291,0],[23803,0],]]
[23548,16,23,[[23547,0],[23549,0],[23292,0],[23293,0],[23804,0],]]
[23549,7,23,[[23550,0],[23548,0],[23293,0],[23805,0],]]
[23550,6,23,[[23549,0],[23551,0],[23294,0],[23295,0],[23806,0],]]
[23551,15,23,[[23550,0],[23295,0],[23807,0],]]
[23552,15,16,[[23553,0],[23808,0],[23296,0],]]
[23553,9,16,[[23554,0],[23552,0],[23809,0],[23808,0],[23297,0],]]
[23554,9,16,[[23553,0],[23555,0],[23810,0],[23298,0],]]
[23555,5,16,[[23556,0],[23554,0],[23811,0],[23810,0],[23299,0],]]
[23556,17,16,[[23555,0],[23557,0],[23812,0],[23300,0],]]
[23557,13,16,[[23558,0],[23556,0],[23813,0],[23812,0],[23301,0],]]
[23558,4,16,[[23557,0],[23559,0],[23814,0],[23302,0],]]
[23559,16,16,[[23560,0],[23558,0],[23815,0],[23814,0],[23303,0],]]
[23560,3,16,[[23559,0],[23561,0],[23816,0],[23304,0],]]
[23561,14,16,[[23562,0],[23560,0],[23817,0],[23816,0],[23305,0],]]
[23562,13,16,[[23561,0],[23563,0],[23818,0],[23306,0],]]
[23563,11,16,[[23564,0],[23562,0],[23819,0],[23818,0],[23307,0],]]
[23564,12,16,[[23563,0],[23565,0],[23820,0],[23308,0],]]
[23565,1,16,[[23566,0],[23564,0],[23821,0],[23820,0],[23309,0],]]
[23566,13,16,[[23565,0],[23567,0],[23822,0],[23310,0],]]
[23567,10,16,[[23568,0],[23566,0],[23823,0],[23822,0],[23311,0],]]
[23568,4,16,[[23567,0],[23569,0],[23824,0],[23312,0],]]
[23569,11,16,[[23570,0],[23568,0],[23825,0],[23824,0],[23313,0],]]
[23570,18,16,[[23569,0],[23571,0],[23826,0],[23314,0],]]
[23571,7,16,[[23572,0],[23570,0],[23827,0],[23826,0],[23315,0],]]
[23572,5,16,[[23571,0],[23573,0],[23828,0],[23316,0],]]
[23573,4,16,[[23574,0],[23572,0],[23829,0],[23828,0],[23317,0],]]
[23574,12,16,[[23573,0],[23575,0],[23830,0],[23318,0],]]
[23575,9,16,[[23576,0],[23574,0],[23831,0],[23830,0],[23319,0],]]
[23576,3,16,[[23575,0],[23577,0],[23832,0],[23320,0],]]
[23577,13,16,[[23578,0],[23576,0],[23833,0],[23832,0],[23321,0],]]
[23578,2,16,[[23577,0],[23579,0],[23834,0],[23322,0],]]
[23579,14,16,[[23580,0],[23578,0],[23835,0],[23834,0],[23323,0],]]
[23580,19,16,[[23579,0],[23581,0],[23836,0],[23324,0],]]
[23581,14,16,[[23582,0],[23580,0],[23837,0],[23836,0],[23325,0],]]
[23582,2,16,[[23581,0],[23583,0],[23838,0],[23326,0],]]
[23583,3,16,[[23584,0],[23582,0],[23839,0],[23838,0],[23327,0],]]
[23584,12,17,[[23583,0],[23585,0],[23840,0],[23328,0],]]
[23585,4,17,[[23586,0],[23584,0],[23841,0],[23840,0],[23329,0],]]
[23586,6,17,[[23585,0],[23587,0],[23842,0],[23330,0],]]
[23587,11,17,[[23588,0],[23586,0],[23843,0],[23842,0],[23331,0],]]
[23588,14,17,[[23587,0],[23589,0],[23844,0],[23332,0],]]
[23589,11,17,[[23590,0],[23588,0],[23845,0],[23844,0],[23333,0],]]
[23590,6,17,[[23589,0],[23591,0],[23846,0],[23334,0],]]
[23591,2,17,[[23592,0],[23590,0],[23847,0],[23846,0],[23335,0],]]
