[24248,2,21,[[24247,0],[24249,0],[24504,0],[23992,0],]]
[24249,10,21,[[24250,0],[24248,0],[24505,0],[24504,0],[23993,0],]]
[24250,14,21,[[24249,0],[24251,0],[24506,0],[23994,0],]]
[24251,7,21,[[24252,0],[24250,0],[24507,0],[24506,0],[23995,0],]]
[24252,16,21,[[24251,0],[24253,0],[24508,0],[23996,0],]]
[24253,4,21,[[24254,0],[24252,0],[24509,0],[24508,0],[23997,0],]]
[24254,3,21,[[24253,0],[24255,0],[24510,0],[23998,0],]]
[24255,11,21,[[24256,0],[24254,0],[24511,0],[24510,0],[23999,0],]]
[24256,13,22,[[24255,0],[24257,0],[24512,0],[24000,0],]]
[24257,9,22,[[24258,0],[24256,0],[24513,0],[24512,0],[24001,0],]]
[24258,12,22,[[24257,0],[24259,0],[24514,0],[24002,0],]]
[24259,4,22,[[24260,0],[24258,0],[24515,0],[24514,0],[24003,0],]]
[24260,18,22,[[24259,0],[24261,0],[24516,0],[24004,0],]]
[24261,18,22,[[24262,0],[24260,0],[24517,0],[24516,0],[24005,0],]]
[24262,14,22,[[24261,0],[24263,0],[24518,0],[24006,0],]]
[24263,15,22,[[24264,0],[24262,0],[24519,0],[24518,0],[24007,0],]]
[24264,2,22,[[24263,0],[24265,0],[24520,0],[24008,0],]]
[24265,5,22,[[24266,0],[24264,0],[24521,0],[24520,0],[24009,0],]]
[24266,14,22,[[24265,0],[24267,0],[24522,0],[24010,0],]]
[24267,18,22,[[24268,0],[24266,0],[24523,0],[24522,0],[24011,0],]]
[24268,14,22,[[24267,0],[24269,0],[24524,0],[24012,0],]]
[24269,10,22,[[24270,0],[24268,0],[24525,0],[24524,0],[24013,0],]]
[24270,16,22,[[24269,0],[24271,0],[24526,0],[24014,0],]]
[24271,17,22,[[24272,0],[24270,0],[24527,0],[24526,0],[24015,0],]]
[24272,16,22,[[24271,0],[24273,0],[24528,0],[24016,0],]]
[24273,15,22,[[24274,0],[24272,0],[24529,0],[24528,0],[24017,0],]]
[24274,11,22,[[24273,0],[24275,0],[24530,0],[24018,0],]]
[24275,1,22,[[24276,0],[24274,0],[24531,0],[24530,0],[24019,0],]]
[24276,19,22,[[24275,0],[24277,0],[24532,0],[24020,0],]]
[24277,3,22,[[24278,0],[24276,0],[24533,0],[24532,0],[24021,0],]]
[24278,13,22,[[24277,0],[24279,0],[24534,0],[24022,0],]]
[24279,1,22,[[24280,0],[24278,0],[24535,0],[24534,0],[24023,0],]]
[24280,14,22,[[24279,0],[24281,0],[24536,0],[24024,0],]]
[24281,13,22,[[24282,0],[24280,0],[24537,0],[24536,0],[24025,0],]]
[24282,6,22,[[24281,0],[24283,0],[24538,0],[24026,0],]]
[24283,8,22,[[24284,0],[24282,0],[24539,0],[24538,0],[24027,0],]]
[24284,17,22,[[24283,0],[24285,0],[24540,0],[24028,0],]]
[24285,5,22,[[24286,0],[24284,0],[24541,0],[24540,0],[24029,0],]]
[24286,8,22,[[24285,0],[24287,0],[24542,0],[24030,0],]]
[24287,16,22,[[24288,0],[24286,0],[24543,0],[24542,0],[24031,0],]]
[24288,10,23,[[24287,0],[24289,0],[24544,0],[24032,0],]]
[24289,19,23,[[24290,0],[24288,0],[24545,0],[24544,0],[24033,0],]]
[24290,10,23,[[24289,0],[24291,0],[24546,0],[24034,0],]]
[24291,14,23,[[24292,0],[24290,0],[24547,0],[24546,0],[24035,0],]]
[24292,9,23,[[24291,0],[24293,0],[24548,0],[24036,0],]]
[24293,2,23,[[24294,0],[24292,0],[24549,0],[24548,0],[24037,0],]]
[24294,15,23,[[24293,0],[24295,0],[24550,0],[24038,0],]]
[24295,2,23,[[24296,0],[24294,0],[24551,0],[24550,0],[24039,0],]]
[24296,16,23,[[24295,0],[24297,0],[24552,0],[24040,0],]]
[24297,5,23,[[24298,0],[24296,0],[24553,0],[24552,0],[24041,0],]]
[24298,1,23,[[24297,0],[24299,0],[24554,0],[24042,0],]]
[24299,1,23,[[24300,0],[24298,0],[24555,0],[24554,0],[24043,0],]]
[24300,16,23,[[24299,0],[24301,0],[24556,0],[24044,0],]]
[24301,9,23,[[24302,0],[24300,0],[24557,0],[24556,0],[24045,0],]]
[24302,19,23,[[24301,0],[24303,0],[24558,0],[24046,0],]]
[24303,6,23,[[24304,0],[24302,0],[24559,0],[24558,0],[24047,0],]]
[24304,14,23,[[24303,0],[24305,0],[24560,0],[24048,0],]]
[24305,15,23,[[24306,0],[24304,0],[24561,0],[24560,0],[24049,0],]]
[24306,13,23,[[24305,0],[24307,0],[24562,0],[24050,0],]]
[24307,11,23,[[24308,0],[24306,0],[24563,0],[24562,0],[24051,0],]]
[24308,13,23,[[24307,0],[24309,0],[24564,0],[24052,0],]]
[24309,5,23,[[24310,0],[24308,0],[24565,0],[24564,0],[24053,0],]]
[24310,5,23,[[24309,0],[24311,0],[24566,0],[24054,0],]]
[24311,19,23,[[24312,0],[24310,0],[24567,0],[24566,0],[24055,0],]]
[24312,11,23,[[24311,0],[24313,0],[24568,0],[24056,0],]]
[24313,6,23,[[24314,0],[24312,0],[24569,0],[24568,0],[24057,0],]]
[24314,16,23,[[24313,0],[24315,0],[24570,0],[24058,0],]]
[24315,15,23,[[24316,0],[24314,0],[24571,0],[24570,0],[24059,0],]]
[24316,3,23,[[24315,0],[24317,0],[24572,0],[24060,0],]]
[24317,16,23,[[24318,0],[24316,0],[24573,0],[24572,0],[24061,0],]]
[24318,19,23,[[24317,0],[24319,0],[24574,0],[24062,0],]]
[24319,8,23,[[24318,0],[24575,0],[24574,0],[24063,0],]]
[24320,19,16,[[24321,0],[24064,0],[24065,0],[24576,0],]]
[24321,10,16,[[24322,0],[24320,0],[24065,0],[24577,0],]]
[24322,18,16,[[24321,0],[24323,0],[24066,0],[24067,0],[24578,0],]]
[24323,18,16,[[24324,0],[24322,0],[24067,0],[24579,0],]]
[24324,2,16,[[24323,0],[24325,0],[24068,0],[24069,0],[24580,0],]]
[24325,10,16,[[24326,0],[24324,0],[24069,0],[24581,0],]]
[24326,10,16,[[24325,0],[24327,0],[24070,0],[24071,0],[24582,0],]]
[24327,3,16,[[24328,0],[24326,0],[24071,0],[24583,0],]]
[24328,2,16,[[24327,0],[24329,0],[24072,0],[24073,0],[24584,0],]]
[24329,18,16,[[24330,0],[24328,0],[24073,0],[24585,0],]]
[24330,7,16,[[24329,0],[24331,0],[24074,0],[24075,0],[24586,0],]]
[24331,14,16,[[24332,0],[24330,0],[24075,0],[24587,0],]]
[24332,5,16,[[24331,0],[24333,0],[24076,0],[24077,0],[24588,0],]]
[24333,17,16,[[24334,0],[24332,0],[24077,0],[24589,0],]]
[24334,3,16,[[24333,0],[24335,0],[24078,0],[24079,0],[24590,0],]]
[24335,5,16,[[24336,0],[24334,0],[24079,0],[24591,0],]]
[24336,13,16,[[24335,0],[24337,0],[24080,0],[24081,0],[24592,0],]]
[24337,12,16,[[24338,0],[24336,0],[24081,0],[24593,0],]]
[24338,19,16,[[24337,0],[24339,0],[24082,0],[24083,0],[24594,0],]]
[24339,18,16,[[24340,0],[24338,0],[24083,0],[24595,0],]]
[24340,5,16,[[24339,0],[24341,0],[24084,0],[24085,0],[24596,0],]]
[24341,3,16,[[24342,0],[24340,0],[24085,0],[24597,0],]]
[24342,6,16,[[24341,0],[24343,0],[24086,0],[24087,0],[24598,0],]]
[24343,5,16,[[24344,0],[24342,0],[24087,0],[24599,0],]]
[24344,9,16,[[24343,0],[24345,0],[24088,0],[24089,0],[24600,0],]]
[24345,17,16,[[24346,0],[24344,0],[24089,0],[24601,0],]]
[24346,19,16,[[24345,0],[24347,0],[24090,0],[24091,0],[24602,0],]]
[24347,1,16,[[24348,0],[24346,0],[24091,0],[24603,0],]]
[24348,6,16,[[24347,0],[24349,0],[24092,0],[24093,0],[24604,0],]]
[24349,12,16,[[24350,0],[24348,0],[24093,0],[24605,0],]]
[24350,10,16,[[24349,0],[24351,0],[24094,0],[24095,0],[24606,0],]]
[24351,3,16,[[24352,0],[24350,0],[24095,0],[24607,0],]]
[24352,1,17,[[24351,0],[24353,0],[24096,0],[24097,0],[24608,0],]]
[24353,9,17,[[24354,0],[24352,0],[24097,0],[24609,0],]]
[24354,2,17,[[24353,0],[24355,0],[24098,0],[24099,0],[24610,0],]]
[24355,11,17,[[24356,0],[24354,0],[24099,0],[24611,0],]]
[24356,17,17,[[24355,0],[24357,0],[24100,0],[24101,0],[24612,0],]]
[24357,10,17,[[24358,0],[24356,0],[24101,0],[24613,0],]]
[24358,10,17,[[24357,0],[24359,0],[24102,0],[24103,0],[24614,0],]]
[24359,3,17,[[24360,0],[24358,0],[24103,0],[24615,0],]]
[24360,4,17,[[24359,0],[24361,0],[24104,0],[24105,0],[24616,0],]]
[24361,1,17,[[24362,0],[24360,0],[24105,0],[24617,0],]]
[24362,11,17,[[24361,0],[24363,0],[24106,0],[24107,0],[24618,0],]]
[24363,3,17,[[24364,0],[24362,0],[24107,0],[24619,0],]]
[24364,15,17,[[24363,0],[24365,0],[24108,0],[24109,0],[24620,0],]]
[24365,4,17,[[24366,0],[24364,0],[24109,0],[24621,0],]]
[24366,12,17,[[24365,0],[24367,0],[24110,0],[24111,0],[24622,0],]]
[24367,16,17,[[24368,0],[24366,0],[24111,0],[24623,0],]]
[24368,16,17,[[24367,0],[24369,0],[24112,0],[24113,0],[24624,0],]]
[24369,8,17,[[24370,0],[24368,0],[24113,0],[24625,0],]]
[24370,10,17,[[24369,0],[24371,0],[24114,0],[24115,0],[24626,0],]]
[24371,9,17,[[24372,0],[24370,0],[24115,0],[24627,0],]]
[24372,4,17,[[24371,0],[24373,0],[24116,0],[24117,0],[24628,0],]]
[24373,8,17,[[24374,0],[24372,0],[24117,0],[24629,0],]]
[24374,1,17,[[24373,0],[24375,0],[24118,0],[24119,0],[24630,0],]]
[24375,14,17,[[24376,0],[24374,0],[24119,0],[24631,0],]]
[24376,15,17,[[24375,0],[24377,0],[24120,0],[24121,0],[24632,0],]]
[24377,5,17,[[24378,0],[24376,0],[24121,0],[24633,0],]]
[24378,19,17,[[24377,0],[24379,0],[24122,0],[24123,0],[24634,0],]]
[24379,7,17,[[24380,0],[24378,0],[24123,0],[24635,0],]]
[24380,11,17,[[24379,0],[24381,0],[24124,0],[24125,0],[24636,0],]]
[24381,17,17,[[24382,0],[24380,0],[24125,0],[24637,0],]]
[24382,17,17,[[24381,0],[24383,0],[24126,0],[24127,0],[24638,0],]]
[24383,6,17,[[24384,0],[24382,0],[24127,0],[24639,0],]]
[24384,2,18,[[24383,0],[24385,0],[24128,0],[24129,0],[24640,0],]]
[24385,2,18,[[24386,0],[24384,0],[24129,0],[24641,0],]]
[24386,9,18,[[24385,0],[24387,0],[24130,0],[24131,0],[24642,0],]]
[24387,10,18,[[24388,0],[24386,0],[24131,0],[24643,0],]]
[24388,7,18,[[24387,0],[24389,0],[24132,0],[24133,0],[24644,0],]]
[24389,17,18,[[24390,0],[24388,0],[24133,0],[24645,0],]]
[24390,16,18,[[24389,0],[24391,0],[24134,0],[24135,0],[24646,0],]]
[24391,13,18,[[24392,0],[24390,0],[24135,0],[24647,0],]]
[24392,3,18,[[24391,0],[24393,0],[24136,0],[24137,0],[24648,0],]]
[24393,12,18,[[24394,0],[24392,0],[24137,0],[24649,0],]]
[24394,16,18,[[24393,0],[24395,0],[24138,0],[24139,0],[24650,0],]]
[24395,11,18,[[24396,0],[24394,0],[24139,0],[24651,0],]]
[24396,3,18,[[24395,0],[24397,0],[24140,0],[24141,0],[24652,0],]]
[24397,3,18,[[24398,0],[24396,0],[24141,0],[24653,0],]]
[24398,18,18,[[24397,0],[24399,0],[24142,0],[24143,0],[24654,0],]]
[24399,6,18,[[24400,0],[24398,0],[24143,0],[24655,0],]]
[24400,15,18,[[24399,0],[24401,0],[24144,0],[24145,0],[24656,0],]]
[24401,13,18,[[24402,0],[24400,0],[24145,0],[24657,0],]]
[24402,19,18,[[24401,0],[24403,0],[24146,0],[24147,0],[24658,0],]]
[24403,12,18,[[24404,0],[24402,0],[24147,0],[24659,0],]]
[24404,4,18,[[24403,0],[24405,0],[24148,0],[24149,0],[24660,0],]]
[24405,3,18,[[24406,0],[24404,0],[24149,0],[24661,0],]]
[24406,10,18,[[24405,0],[24407,0],[24150,0],[24151,0],[24662,0],]]
[24407,3,18,[[24408,0],[24406,0],[24151,0],[24663,0],]]
[24408,9,18,[[24407,0],[24409,0],[24152,0],[24153,0],[24664,0],]]
[24409,15,18,[[24410,0],[24408,0],[24153,0],[24665,0],]]
[24410,12,18,[[24409,0],[24411,0],[24154,0],[24155,0],[24666,0],]]
[24411,14,18,[[24412,0],[24410,0],[24155,0],[24667,0],]]
[24412,14,18,[[24411,0],[24413,0],[24156,0],[24157,0],[24668,0],]]
[24413,3,18,[[24414,0],[24412,0],[24157,0],[24669,0],]]
[24414,13,18,[[24413,0],[24415,0],[24158,0],[24159,0],[24670,0],]]
[24415,3,18,[[24416,0],[24414,0],[24159,0],[24671,0],]]
[24416,19,19,[[24415,0],[24417,0],[24160,0],[24161,0],[24672,0],]]
[24417,11,19,[[24418,0],[24416,0],[24161,0],[24673,0],]]
[24418,17,19,[[24417,0],[24419,0],[24162,0],[24163,0],[24674,0],]]
[24419,12,19,[[24420,0],[24418,0],[24163,0],[24675,0],]]
[24420,2,19,[[24419,0],[24421,0],[24164,0],[24165,0],[24676,0],]]
[24421,17,19,[[24422,0],[24420,0],[24165,0],[24677,0],]]
[24422,11,19,[[24421,0],[24423,0],[24166,0],[24167,0],[24678,0],]]
[24423,17,19,[[24424,0],[24422,0],[24167,0],[24679,0],]]
[24424,6,19,[[24423,0],[24425,0],[24168,0],[24169,0],[24680,0],]]
[24425,5,19,[[24426,0],[24424,0],[24169,0],[24681,0],]]
[24426,7,19,[[24425,0],[24427,0],[24170,0],[24171,0],[24682,0],]]
[24427,19,19,[[24428,0],[24426,0],[24171,0],[24683,0],]]
[24428,19,19,[[24427,0],[24429,0],[24172,0],[24173,0],[24684,0],]]
[24429,2,19,[[24430,0],[24428,0],[24173,0],[24685,0],]]
[24430,8,19,[[24429,0],[24431,0],[24174,0],[24175,0],[24686,0],]]
[24431,2,19,[[24432,0],[24430,0],[24175,0],[24687,0],]]
[24432,18,19,[[24431,0],[24433,0],[24176,0],[24177,0],[24688,0],]]
[24433,10,19,[[24434,0],[24432,0],[24177,0],[24689,0],]]
[24434,2,19,[[24433,0],[24435,0],[24178,0],[24179,0],[24690,0],]]
[24435,16,19,[[24436,0],[24434,0],[24179,0],[24691,0],]]
[24436,10,19,[[24435,0],[24437,0],[24180,0],[24181,0],[24692,0],]]
[24437,9,19,[[24438,0],[24436,0],[24181,0],[24693,0],]]
[24438,7,19,[[24437,0],[24439,0],[24182,0],[24183,0],[24694,0],]]
[24439,15,19,[[24440,0],[24438,0],[24183,0],[24695,0],]]
[24440,17,19,[[24439,0],[24441,0],[24184,0],[24185,0],[24696,0],]]
[24441,10,19,[[24442,0],[24440,0],[24185,0],[24697,0],]]
[24442,7,19,[[24441,0],[24443,0],[24186,0],[24187,0],[24698,0],]]
[24443,17,19,[[24444,0],[24442,0],[24187,0],[24699,0],]]
[24444,11,19,[[24443,0],[24445,0],[24188,0],[24189,0],[24700,0],]]
[24445,9,19,[[24446,0],[24444,0],[24189,0],[24701,0],]]
[24446,10,19,[[24445,0],[24447,0],[24190,0],[24191,0],[24702,0],]]
[24447,5,19,[[24448,0],[24446,0],[24191,0],[24703,0],]]
[24448,1,20,[[24447,0],[24449,0],[24192,0],[24193,0],[24704,0],]]
[24449,10,20,[[24450,0],[24448,0],[24193,0],[24705,0],]]
[24450,4,20,[[24449,0],[24451,0],[24194,0],[24195,0],[24706,0],]]
[24451,10,20,[[24452,0],[24450,0],[24195,0],[24707,0],]]
[24452,1,20,[[24451,0],[24453,0],[24196,0],[24197,0],[24708,0],]]
[24453,12,20,[[24454,0],[24452,0],[24197,0],[24709,0],]]
[24454,13,20,[[24453,0],[24455,0],[24198,0],[24199,0],[24710,0],]]
[24455,7,20,[[24456,0],[24454,0],[24199,0],[24711,0],]]
[24456,7,20,[[24455,0],[24457,0],[24200,0],[24201,0],[24712,0],]]
[24457,2,20,[[24458,0],[24456,0],[24201,0],[24713,0],]]
[24458,18,20,[[24457,0],[24459,0],[24202,0],[24203,0],[24714,0],]]
[24459,12,20,[[24460,0],[24458,0],[24203,0],[24715,0],]]
[24460,13,20,[[24459,0],[24461,0],[24204,0],[24205,0],[24716,0],]]
[24461,6,20,[[24462,0],[24460,0],[24205,0],[24717,0],]]
[24462,4,20,[[24461,0],[24463,0],[24206,0],[24207,0],[24718,0],]]
[24463,9,20,[[24464,0],[24462,0],[24207,0],[24719,0],]]
[24464,11,20,[[24463,0],[24465,0],[24208,0],[24209,0],[24720,0],]]
[24465,2,20,[[24466,0],[24464,0],[24209,0],[24721,0],]]
[24466,8,20,[[24465,0],[24467,0],[24210,0],[24211,0],[24722,0],]]
[24467,4,20,[[24468,0],[24466,0],[24211,0],[24723,0],]]
[24468,10,20,[[24467,0],[24469,0],[24212,0],[24213,0],[24724,0],]]
[24469,6,20,[[24470,0],[24468,0],[24213,0],[24725,0],]]
[24470,6,20,[[24469,0],[24471,0],[24214,0],[24215,0],[24726,0],]]
[24471,1,20,[[24472,0],[24470,0],[24215,0],[24727,0],]]
[24472,13,20,[[24471,0],[24473,0],[24216,0],[24217,0],[24728,0],]]
[24473,13,20,[[24474,0],[24472,0],[24217,0],[24729,0],]]
[24474,9,20,[[24473,0],[24475,0],[24218,0],[24219,0],[24730,0],]]
[24475,11,20,[[24476,0],[24474,0],[24219,0],[24731,0],]]
[24476,10,20,[[24475,0],[24477,0],[24220,0],[24221,0],[24732,0],]]
[24477,18,20,[[24478,0],[24476,0],[24221,0],[24733,0],]]
[24478,7,20,[[24477,0],[24479,0],[24222,0],[24223,0],[24734,0],]]
[24479,2,20,[[24480,0],[24478,0],[24223,0],[24735,0],]]
[24480,3,21,[[24479,0],[24481,0],[24224,0],[24225,0],[24736,0],]]
[24481,18,21,[[24482,0],[24480,0],[24225,0],[24737,0],]]
[24482,14,21,[[24481,0],[24483,0],[24226,0],[24227,0],[24738,0],]]
[24483,15,21,[[24484,0],[24482,0],[24227,0],[24739,0],]]
[24484,18,21,[[24483,0],[24485,0],[24228,0],[24229,0],[24740,0],]]
[24485,13,21,[[24486,0],[24484,0],[24229,0],[24741,0],]]
[24486,4,21,[[24485,0],[24487,0],[24230,0],[24231,0],[24742,0],]]
[24487,12,21,[[24488,0],[24486,0],[24231,0],[24743,0],]]
[24488,13,21,[[24487,0],[24489,0],[24232,0],[24233,0],[24744,0],]]
[24489,3,21,[[24490,0],[24488,0],[24233,0],[24745,0],]]
[24490,15,21,[[24489,0],[24491,0],[24234,0],[24235,0],[24746,0],]]
[24491,12,21,[[24492,0],[24490,0],[24235,0],[24747,0],]]
[24492,13,21,[[24491,0],[24493,0],[24236,0],[24237,0],[24748,0],]]
[24493,17,21,[[24494,0],[24492,0],[24237,0],[24749,0],]]
[24494,6,21,[[24493,0],[24495,0],[24238,0],[24239,0],[24750,0],]]
[24495,16,21,[[24496,0],[24494,0],[24239,0],[24751,0],]]
[24496,17,21,[[24495,0],[24497,0],[24240,0],[24241,0],[24752,0],]]
[24497,13,21,[[24498,0],[24496,0],[24241,0],[24753,0],]]
[24498,8,21,[[24497,0],[24499,0],[24242,0],[24243,0],[24754,0],]]
[24499,10,21,[[24500,0],[24498,0],[24243,0],[24755,0],]]
[24500,7,21,[[24499,0],[24501,0],[24244,0],[24245,0],[24756,0],]]
[24501,14,21,[[24502,0],[24500,0],[24245,0],[24757,0],]]
[24502,2,21,[[24501,0],[24503,0],[24246,0],[24247,0],[24758,0],]]
[24503,14,21,[[24504,0],[24502,0],[24247,0],[24759,0],]]
[24504,6,21,[[24503,0],[24505,0],[24248,0],[24249,0],[24760,0],]]
[24505,11,21,[[24506,0],[24504,0],[24249,0],[24761,0],]]
[24506,17,21,[[24505,0],[24507,0],[24250,0],[24251,0],[24762,0],]]
[24507,6,21,[[24508,0],[24506,0],[24251,0],[24763,0],]]
[24508,10,21,[[24507,0],[24509,0],[24252,0],[24253,0],[24764,0],]]
[24509,10,21,[[24510,0],[24508,0],[24253,0],[24765,0],]]
[24510,17,21,[[24509,0],[24511,0],[24254,0],[24255,0],[24766,0],]]
[24511,1,21,[[24512,0],[24510,0],[24255,0],[24767,0],]]
[24512,1,22,[[24511,0],[24513,0],[24256,0],[24257,0],[24768,0],]]
[24513,6,22,[[24514,0],[24512,0],[24257,0],[24769,0],]]
[24514,5,22,[[24513,0],[24515,0],[24258,0],[24259,0],[24770,0],]]
[24515,3,22,[[24516,0],[24514,0],[24259,0],[24771,0],]]
[24516,13,22,[[24515,0],[24517,0],[24260,0],[24261,0],[24772,0],]]
[24517,19,22,[[24518,0],[24516,0],[24261,0],[24773,0],]]
[24518,2,22,[[24517,0],[24519,0],[24262,0],[24263,0],[24774,0],]]
[24519,2,22,[[24520,0],[24518,0],[24263,0],[24775,0],]]
[24520,16,22,[[24519,0],[24521,0],[24264,0],[24265,0],[24776,0],]]
[24521,1,22,[[24522,0],[24520,0],[24265,0],[24777,0],]]
[24522,4,22,[[24521,0],[24523,0],[24266,0],[24267,0],[24778,0],]]
[24523,1,22,[[24524,0],[24522,0],[24267,0],[24779,0],]]
[24524,4,22,[[24523,0],[24525,0],[24268,0],[24269,0],[24780,0],]]
[24525,19,22,[[24526,0],[24524,0],[24269,0],[24781,0],]]
[24526,15,22,[[24525,0],[24527,0],[24270,0],[24271,0],[24782,0],]]
[24527,4,22,[[24528,0],[24526,0],[24271,0],[24783,0],]]
[24528,9,22,[[24527,0],[24529,0],[24272,0],[24273,0],[24784,0],]]
[24529,9,22,[[24530,0],[24528,0],[24273,0],[24785,0],]]
[24530,14,22,[[24529,0],[24531,0],[24274,0],[24275,0],[24786,0],]]
[24531,17,22,[[24532,0],[24530,0],[24275,0],[24787,0],]]
[24532,2,22,[[24531,0],[24533,0],[24276,0],[24277,0],[24788,0],]]
[24533,10,22,[[24534,0],[24532,0],[24277,0],[24789,0],]]
[24534,17,22,[[24533,0],[24535,0],[24278,0],[24279,0],[24790,0],]]
[24535,6,22,[[24536,0],[24534,0],[24279,0],[24791,0],]]
[24536,10,22,[[24535,0],[24537,0],[24280,0],[24281,0],[24792,0],]]
[24537,8,22,[[24538,0],[24536,0],[24281,0],[24793,0],]]
[24538,10,22,[[24537,0],[24539,0],[24282,0],[24283,0],[24794,0],]]
[24539,14,22,[[24540,0],[24538,0],[24283,0],[24795,0],]]
[24540,3,22,[[24539,0],[24541,0],[24284,0],[24285,0],[24796,0],]]
[24541,12,22,[[24542,0],[24540,0],[24285,0],[24797,0],]]
[24542,7,22,[[24541,0],[24543,0],[24286,0],[24287,0],[24798,0],]]
[24543,17,22,[[24544,0],[24542,0],[24287,0],[24799,0],]]
[24544,3,23,[[24543,0],[24545,0],[24288,0],[24289,0],[24800,0],]]
[24545,10,23,[[24546,0],[24544,0],[24289,0],[24801,0],]]
[24546,2,23,[[24545,0],[24547,0],[24290,0],[24291,0],[24802,0],]]
[24547,18,23,[[24548,0],[24546,0],[24291,0],[24803,0],]]
[24548,3,23,[[24547,0],[24549,0],[24292,0],[24293,0],[24804,0],]]
[24549,13,23,[[24550,0],[24548,0],[24293,0],[24805,0],]]
[24550,2,23,[[24549,0],[24551,0],[24294,0],[24295,0],[24806,0],]]
[24551,5,23,[[24552,0],[24550,0],[24295,0],[24807,0],]]
[24552,3,23,[[24551,0],[24553,0],[24296,0],[24297,0],[24808,0],]]
[24553,11,23,[[24554,0],[24552,0],[24297,0],[24809,0],]]
[24554,17,23,[[24553,0],[24555,0],[24298,0],[24299,0],[24810,0],]]
[24555,10,23,[[24556,0],[24554,0],[24299,0],[24811,0],]]
[24556,17,23,[[24555,0],[24557,0],[24300,0],[24301,0],[24812,0],]]
[24557,18,23,[[24558,0],[24556,0],[24301,0],[24813,0],]]
[24558,6,23,[[24557,0],[24559,0],[24302,0],[24303,0],[24814,0],]]
[24559,16,23,[[24560,0],[24558,0],[24303,0],[24815,0],]]
[24560,10,23,[[24559,0],[24561,0],[24304,0],[24305,0],[24816,0],]]
[24561,7,23,[[24562,0],[24560,0],[24305,0],[24817,0],]]
[24562,1,23,[[24561,0],[24563,0],[24306,0],[24307,0],[24818,0],]]
[24563,15,23,[[24564,0],[24562,0],[24307,0],[24819,0],]]
[24564,7,23,[[24563,0],[24565,0],[24308,0],[24309,0],[24820,0],]]
[24565,17,23,[[24566,0],[24564,0],[24309,0],[24821,0],]]
[24566,8,23,[[24565,0],[24567,0],[24310,0],[24311,0],[24822,0],]]
[24567,11,23,[[24568,0],[24566,0],[24311,0],[24823,0],]]
[24568,9,23,[[24567,0],[24569,0],[24312,0],[24313,0],[24824,0],]]
[24569,10,23,[[24570,0],[24568,0],[24313,0],[24825,0],]]
[24570,8,23,[[24569,0],[24571,0],[24314,0],[24315,0],[24826,0],]]
[24571,11,23,[[24572,0],[24570,0],[24315,0],[24827,0],]]
[24572,7,23,[[24571,0],[24573,0],[24316,0],[24317,0],[24828,0],]]
[24573,14,23,[[24574,0],[24572,0],[24317,0],[24829,0],]]
[24574,3,23,[[24573,0],[24575,0],[24318,0],[24319,0],[24830,0],]]
[24575,10,23,[[24574,0],[24319,0],[24831,0],]]
[24576,13,24,[[24577,0],[24832,0],[24320,0],]]
[24577,18,24,[[24578,0],[24576,0],[24833,0],[24832,0],[24321,0],]]
[24578,11,24,[[24577,0],[24579,0],[24834,0],[24322,0],]]
[24579,7,24,[[24580,0],[24578,0],[24835,0],[24834,0],[24323,0],]]
[24580,3,24,[[24579,0],[24581,0],[24836,0],[24324,0],]]
[24581,17,24,[[24582,0],[24580,0],[24837,0],[24836,0],[24325,0],]]
[24582,10,24,[[24581,0],[24583,0],[24838,0],[24326,0],]]
[24583,11,24,[[24584,0],[24582,0],[24839,0],[24838,0],[24327,0],]]
[24584,16,24,[[24583,0],[24585,0],[24840,0],[24328,0],]]
[24585,8,24,[[24586,0],[24584,0],[24841,0],[24840,0],[24329,0],]]
[24586,9,24,[[24585,0],[24587,0],[24842,0],[24330,0],]]
[24587,1,24,[[24588,0],[24586,0],[24843,0],[24842,0],[24331,0],]]
[24588,4,24,[[24587,0],[24589,0],[24844,0],[24332,0],]]
[24589,13,24,[[24590,0],[24588,0],[24845,0],[24844,0],[24333,0],]]
[24590,2,24,[[24589,0],[24591,0],[24846,0],[24334,0],]]
[24591,11,24,[[24592,0],[24590,0],[24847,0],[24846,0],[24335,0],]]
[24592,15,24,[[24591,0],[24593,0],[24848,0],[24336,0],]]
[24593,16,24,[[24594,0],[24592,0],[24849,0],[24848,0],[24337,0],]]
[24594,5,24,[[24593,0],[24595,0],[24850,0],[24338,0],]]
[24595,12,24,[[24596,0],[24594,0],[24851,0],[24850,0],[24339,0],]]
[24596,5,24,[[24595,0],[24597,0],[24852,0],[24340,0],]]
[24597,3,24,[[24598,0],[24596,0],[24853,0],[24852,0],[24341,0],]]
[24598,6,24,[[24597,0],[24599,0],[24854,0],[24342,0],]]
[24599,4,24,[[24600,0],[24598,0],[24855,0],[24854,0],[24343,0],]]
[24600,6,24,[[24599,0],[24601,0],[24856,0],[24344,0],]]
[24601,4,24,[[24602,0],[24600,0],[24857,0],[24856,0],[24345,0],]]
[24602,16,24,[[24601,0],[24603,0],[24858,0],[24346,0],]]
[24603,7,24,[[24604,0],[24602,0],[24859,0],[24858,0],[24347,0],]]
[24604,17,24,[[24603,0],[24605,0],[24860,0],[24348,0],]]
[24605,1,24,[[24606,0],[24604,0],[24861,0],[24860,0],[24349,0],]]
[24606,9,24,[[24605,0],[24607,0],[24862,0],[24350,0],]]
[24607,18,24,[[24608,0],[24606,0],[24863,0],[24862,0],[24351,0],]]
[24608,2,25,[[24607,0],[24609,0],[24864,0],[24352,0],]]
[24609,13,25,[[24610,0],[24608,0],[24865,0],[24864,0],[24353,0],]]
[24610,1,25,[[24609,0],[24611,0],[24866,0],[24354,0],]]
[24611,13,25,[[24612,0],[24610,0],[24867,0],[24866,0],[24355,0],]]
[24612,9,25,[[24611,0],[24613,0],[24868,0],[24356,0],]]
[24613,19,25,[[24614,0],[24612,0],[24869,0],[24868,0],[24357,0],]]
[24614,4,25,[[24613,0],[24615,0],[24870,0],[24358,0],]]
[24615,6,25,[[24616,0],[24614,0],[24871,0],[24870,0],[24359,0],]]
[24616,12,25,[[24615,0],[24617,0],[24872,0],[24360,0],]]
[24617,16,25,[[24618,0],[24616,0],[24873,0],[24872,0],[24361,0],]]
[24618,16,25,[[24617,0],[24619,0],[24874,0],[24362,0],]]
[24619,4,25,[[24620,0],[24618,0],[24875,0],[24874,0],[24363,0],]]
[24620,10,25,[[24619,0],[24621,0],[24876,0],[24364,0],]]
[24621,6,25,[[24622,0],[24620,0],[24877,0],[24876,0],[24365,0],]]
[24622,19,25,[[24621,0],[24623,0],[24878,0],[24366,0],]]
[24623,6,25,[[24624,0],[24622,0],[24879,0],[24878,0],[24367,0],]]
[24624,15,25,[[24623,0],[24625,0],[24880,0],[24368,0],]]
[24625,18,25,[[24626,0],[24624,0],[24881,0],[24880,0],[24369,0],]]
[24626,14,25,[[24625,0],[24627,0],[24882,0],[24370,0],]]
[24627,3,25,[[24628,0],[24626,0],[24883,0],[24882,0],[24371,0],]]
[24628,16,25,[[24627,0],[24629,0],[24884,0],[24372,0],]]
[24629,6,25,[[24630,0],[24628,0],[24885,0],[24884,0],[24373,0],]]
[24630,12,25,[[24629,0],[24631,0],[24886,0],[24374,0],]]
[24631,11,25,[[24632,0],[24630,0],[24887,0],[24886,0],[24375,0],]]
[24632,11,25,[[24631,0],[24633,0],[24888,0],[24376,0],]]
[24633,4,25,[[24634,0],[24632,0],[24889,0],[24888,0],[24377,0],]]
[24634,8,25,[[24633,0],[24635,0],[24890,0],[24378,0],]]
[24635,18,25,[[24636,0],[24634,0],[24891,0],[24890,0],[24379,0],]]
[24636,13,25,[[24635,0],[24637,0],[24892,0],[24380,0],]]
[24637,1,25,[[24638,0],[24636,0],[24893,0],[24892,0],[24381,0],]]
[24638,18,25,[[24637,0],[24639,0],[24894,0],[24382,0],]]
[24639,13,25,[[24640,0],[24638,0],[24895,0],[24894,0],[24383,0],]]
[24640,11,26,[[24639,0],[24641,0],[24896,0],[24384,0],]]
[24641,9,26,[[24642,0],[24640,0],[24897,0],[24896,0],[24385,0],]]
[24642,11,26,[[24641,0],[24643,0],[24898,0],[24386,0],]]
[24643,7,26,[[24644,0],[24642,0],[24899,0],[24898,0],[24387,0],]]
[24644,3,26,[[24643,0],[24645,0],[24900,0],[24388,0],]]
[24645,17,26,[[24646,0],[24644,0],[24901,0],[24900,0],[24389,0],]]
[24646,17,26,[[24645,0],[24647,0],[24902,0],[24390,0],]]
[24647,8,26,[[24648,0],[24646,0],[24903,0],[24902,0],[24391,0],]]
[24648,18,26,[[24647,0],[24649,0],[24904,0],[24392,0],]]
[24649,12,26,[[24650,0],[24648,0],[24905,0],[24904,0],[24393,0],]]
[24650,1,26,[[24649,0],[24651,0],[24906,0],[24394,0],]]
[24651,7,26,[[24652,0],[24650,0],[24907,0],[24906,0],[24395,0],]]
[24652,9,26,[[24651,0],[24653,0],[24908,0],[24396,0],]]
[24653,10,26,[[24654,0],[24652,0],[24909,0],[24908,0],[24397,0],]]
[24654,7,26,[[24653,0],[24655,0],[24910,0],[24398,0],]]
[24655,6,26,[[24656,0],[24654,0],[24911,0],[24910,0],[24399,0],]]
[24656,2,26,[[24655,0],[24657,0],[24912,0],[24400,0],]]
[24657,4,26,[[24658,0],[24656,0],[24913,0],[24912,0],[24401,0],]]
[24658,10,26,[[24657,0],[24659,0],[24914,0],[24402,0],]]
[24659,9,26,[[24660,0],[24658,0],[24915,0],[24914,0],[24403,0],]]
[24660,4,26,[[24659,0],[24661,0],[24916,0],[24404,0],]]
[24661,15,26,[[24662,0],[24660,0],[24917,0],[24916,0],[24405,0],]]
[24662,5,26,[[24661,0],[24663,0],[24918,0],[24406,0],]]
[24663,13,26,[[24664,0],[24662,0],[24919,0],[24918,0],[24407,0],]]
[24664,11,26,[[24663,0],[24665,0],[24920,0],[24408,0],]]
[24665,9,26,[[24666,0],[24664,0],[24921,0],[24920,0],[24409,0],]]
[24666,12,26,[[24665,0],[24667,0],[24922,0],[24410,0],]]
[24667,3,26,[[24668,0],[24666,0],[24923,0],[24922,0],[24411,0],]]
[24668,6,26,[[24667,0],[24669,0],[24924,0],[24412,0],]]
[24669,14,26,[[24670,0],[24668,0],[24925,0],[24924,0],[24413,0],]]
[24670,9,26,[[24669,0],[24671,0],[24926,0],[24414,0],]]
[24671,1,26,[[24672,0],[24670,0],[24927,0],[24926,0],[24415,0],]]
[24672,10,27,[[24671,0],[24673,0],[24928,0],[24416,0],]]
[24673,8,27,[[24674,0],[24672,0],[24929,0],[24928,0],[24417,0],]]
[24674,18,27,[[24673,0],[24675,0],[24930,0],[24418,0],]]
[24675,8,27,[[24676,0],[24674,0],[24931,0],[24930,0],[24419,0],]]
[24676,7,27,[[24675,0],[24677,0],[24932,0],[24420,0],]]
[24677,6,27,[[24678,0],[24676,0],[24933,0],[24932,0],[24421,0],]]
[24678,17,27,[[24677,0],[24679,0],[24934,0],[24422,0],]]
[24679,12,27,[[24680,0],[24678,0],[24935,0],[24934,0],[24423,0],]]
[24680,14,27,[[24679,0],[24681,0],[24936,0],[24424,0],]]
[24681,7,27,[[24682,0],[24680,0],[24937,0],[24936,0],[24425,0],]]
[24682,8,27,[[24681,0],[24683,0],[24938,0],[24426,0],]]
[24683,18,27,[[24684,0],[24682,0],[24939,0],[24938,0],[24427,0],]]
[24684,10,27,[[24683,0],[24685,0],[24940,0],[24428,0],]]
[24685,17,27,[[24686,0],[24684,0],[24941,0],[24940,0],[24429,0],]]
[24686,19,27,[[24685,0],[24687,0],[24942,0],[24430,0],]]
[24687,7,27,[[24688,0],[24686,0],[24943,0],[24942,0],[24431,0],]]
[24688,7,27,[[24687,0],[24689,0],[24944,0],[24432,0],]]
[24689,5,27,[[24690,0],[24688,0],[24945,0],[24944,0],[24433,0],]]
[24690,9,27,[[24689,0],[24691,0],[24946,0],[24434,0],]]
[24691,8,27,[[24692,0],[24690,0],[24947,0],[24946,0],[24435,0],]]
[24692,11,27,[[24691,0],[24693,0],[24948,0],[24436,0],]]
[24693,4,27,[[24694,0],[24692,0],[24949,0],[24948,0],[24437,0],]]
[24694,10,27,[[24693,0],[24695,0],[24950,0],[24438,0],]]
[24695,2,27,[[24696,0],[24694,0],[24951,0],[24950,0],[24439,0],]]
[24696,4,27,[[24695,0],[24697,0],[24952,0],[24440,0],]]
[24697,15,27,[[24698,0],[24696,0],[24953,0],[24952,0],[24441,0],]]
[24698,9,27,[[24697,0],[24699,0],[24954,0],[24442,0],]]
[24699,1,27,[[24700,0],[24698,0],[24955,0],[24954,0],[24443,0],]]
[24700,4,27,[[24699,0],[24701,0],[24956,0],[24444,0],]]
[24701,7,27,[[24702,0],[24700,0],[24957,0],[24956,0],[24445,0],]]
[24702,3,27,[[24701,0],[24703,0],[24958,0],[24446,0],]]
[24703,8,27,[[24704,0],[24702,0],[24959,0],[24958,0],[24447,0],]]
[24704,17,28,[[24703,0],[24705,0],[24960,0],[24448,0],]]
[24705,9,28,[[24706,0],[24704,0],[24961,0],[24960,0],[24449,0],]]
[24706,12,28,[[24705,0],[24707,0],[24962,0],[24450,0],]]
[24707,5,28,[[24708,0],[24706,0],[24963,0],[24962,0],[24451,0],]]
[24708,9,28,[[24707,0],[24709,0],[24964,0],[24452,0],]]
[24709,4,28,[[24710,0],[24708,0],[24965,0],[24964,0],[24453,0],]]
[24710,18,28,[[24709,0],[24711,0],[24966,0],[24454,0],]]
[24711,7,28,[[24712,0],[24710,0],[24967,0],[24966,0],[24455,0],]]
[24712,13,28,[[24711,0],[24713,0],[24968,0],[24456,0],]]
[24713,4,28,[[24714,0],[24712,0],[24969,0],[24968,0],[24457,0],]]
[24714,9,28,[[24713,0],[24715,0],[24970,0],[24458,0],]]
[24715,10,28,[[24716,0],[24714,0],[24971,0],[24970,0],[24459,0],]]
[24716,1,28,[[24715,0],[24717,0],[24972,0],[24460,0],]]
[24717,3,28,[[24718,0],[24716,0],[24973,0],[24972,0],[24461,0],]]
[24718,1,28,[[24717,0],[24719,0],[24974,0],[24462,0],]]
[24719,12,28,[[24720,0],[24718,0],[24975,0],[24974,0],[24463,0],]]
[24720,17,28,[[24719,0],[24721,0],[24976,0],[24464,0],]]
[24721,3,28,[[24722,0],[24720,0],[24977,0],[24976,0],[24465,0],]]
[24722,3,28,[[24721,0],[24723,0],[24978,0],[24466,0],]]
[24723,3,28,[[24724,0],[24722,0],[24979,0],[24978,0],[24467,0],]]
[24724,2,28,[[24723,0],[24725,0],[24980,0],[24468,0],]]
[24725,1,28,[[24726,0],[24724,0],[24981,0],[24980,0],[24469,0],]]
[24726,18,28,[[24725,0],[24727,0],[24982,0],[24470,0],]]
[24727,16,28,[[24728,0],[24726,0],[24983,0],[24982,0],[24471,0],]]
[24728,14,28,[[24727,0],[24729,0],[24984,0],[24472,0],]]
[24729,6,28,[[24730,0],[24728,0],[24985,0],[24984,0],[24473,0],]]
[24730,11,28,[[24729,0],[24731,0],[24986,0],[24474,0],]]
[24731,3,28,[[24732,0],[24730,0],[24987,0],[24986,0],[24475,0],]]
[24732,11,28,[[24731,0],[24733,0],[24988,0],[24476,0],]]
[24733,10,28,[[24734,0],[24732,0],[24989,0],[24988,0],[24477,0],]]
[24734,16,28,[[24733,0],[24735,0],[24990,0],[24478,0],]]
[24735,12,28,[[24736,0],[24734,0],[24991,0],[24990,0],[24479,0],]]
[24736,4,29,[[24735,0],[24737,0],[24992,0],[24480,0],]]
[24737,6,29,[[24738,0],[24736,0],[24993,0],[24992,0],[24481,0],]]
[24738,14,29,[[24737,0],[24739,0],[24994,0],[24482,0],]]
[24739,12,29,[[24740,0],[24738,0],[24995,0],[24994,0],[24483,0],]]
[24740,2,29,[[24739,0],[24741,0],[24996,0],[24484,0],]]
[24741,19,29,[[24742,0],[24740,0],[24997,0],[24996,0],[24485,0],]]
[24742,9,29,[[24741,0],[24743,0],[24998,0],[24486,0],]]
[24743,2,29,[[24744,0],[24742,0],[24999,0],[24998,0],[24487,0],]]
[24744,12,29,[[24743,0],[24745,0],[25000,0],[24488,0],]]
[24745,19,29,[[24746,0],[24744,0],[25001,0],[25000,0],[24489,0],]]
[24746,15,29,[[24745,0],[24747,0],[25002,0],[24490,0],]]
[24747,9,29,[[24748,0],[24746,0],[25003,0],[25002,0],[24491,0],]]
[24748,8,29,[[24747,0],[24749,0],[25004,0],[24492,0],]]
[24749,15,29,[[24750,0],[24748,0],[25005,0],[25004,0],[24493,0],]]
[24750,3,29,[[24749,0],[24751,0],[25006,0],[24494,0],]]
[24751,6,29,[[24752,0],[24750,0],[25007,0],[25006,0],[24495,0],]]
[24752,17,29,[[24751,0],[24753,0],[25008,0],[24496,0],]]
[24753,7,29,[[24754,0],[24752,0],[25009,0],[25008,0],[24497,0],]]
[24754,11,29,[[24753,0],[24755,0],[25010,0],[24498,0],]]
[24755,3,29,[[24756,0],[24754,0],[25011,0],[25010,0],[24499,0],]]
[24756,8,29,[[24755,0],[24757,0],[25012,0],[24500,0],]]
[24757,2,29,[[24758,0],[24756,0],[25013,0],[25012,0],[24501,0],]]
[24758,10,29,[[24757,0],[24759,0],[25014,0],[24502,0],]]
[24759,4,29,[[24760,0],[24758,0],[25015,0],[25014,0],[24503,0],]]
[24760,7,29,[[24759,0],[24761,0],[25016,0],[24504,0],]]
[24761,17,29,[[24762,0],[24760,0],[25017,0],[25016,0],[24505,0],]]
[24762,6,29,[[24761,0],[24763,0],[25018,0],[24506,0],]]
[24763,1,29,[[24764,0],[24762,0],[25019,0],[25018,0],[24507,0],]]
[24764,5,29,[[24763,0],[24765,0],[25020,0],[24508,0],]]
[24765,14,29,[[24766,0],[24764,0],[25021,0],[25020,0],[24509,0],]]
[24766,11,29,[[24765,0],[24767,0],[25022,0],[24510,0],]]
[24767,18,29,[[24768,0],[24766,0],[25023,0],[25022,0],[24511,0],]]
[24768,16,30,[[24767,0],[24769,0],[25024,0],[24512,0],]]
[24769,8,30,[[24770,0],[24768,0],[25025,0],[25024,0],[24513,0],]]
[24770,7,30,[[24769,0],[24771,0],[25026,0],[24514,0],]]
[24771,10,30,[[24772,0],[24770,0],[25027,0],[25026,0],[24515,0],]]
[24772,14,30,[[24771,0],[24773,0],[25028,0],[24516,0],]]
[24773,8,30,[[24774,0],[24772,0],[25029,0],[25028,0],[24517,0],]]
[24774,2,30,[[24773,0],[24775,0],[25030,0],[24518,0],]]
[24775,1,30,[[24776,0],[24774,0],[25031,0],[25030,0],[24519,0],]]
[24776,2,30,[[24775,0],[24777,0],[25032,0],[24520,0],]]
[24777,3,30,[[24778,0],[24776,0],[25033,0],[25032,0],[24521,0],]]
[24778,11,30,[[24777,0],[24779,0],[25034,0],[24522,0],]]
[24779,11,30,[[24780,0],[24778,0],[25035,0],[25034,0],[24523,0],]]
[24780,17,30,[[24779,0],[24781,0],[25036,0],[24524,0],]]
[24781,14,30,[[24782,0],[24780,0],[25037,0],[25036,0],[24525,0],]]
[24782,5,30,[[24781,0],[24783,0],[25038,0],[24526,0],]]
[24783,16,30,[[24784,0],[24782,0],[25039,0],[25038,0],[24527,0],]]
[24784,13,30,[[24783,0],[24785,0],[25040,0],[24528,0],]]
[24785,1,30,[[24786,0],[24784,0],[25041,0],[25040,0],[24529,0],]]
[24786,12,30,[[24785,0],[24787,0],[25042,0],[24530,0],]]
[24787,8,30,[[24788,0],[24786,0],[25043,0],[25042,0],[24531,0],]]
[24788,19,30,[[24787,0],[24789,0],[25044,0],[24532,0],]]
[24789,5,30,[[24790,0],[24788,0],[25045,0],[25044,0],[24533,0],]]
[24790,19,30,[[24789,0],[24791,0],[25046,0],[24534,0],]]
[24791,8,30,[[24792,0],[24790,0],[25047,0],[25046,0],[24535,0],]]
[24792,15,30,[[24791,0],[24793,0],[25048,0],[24536,0],]]
[24793,14,30,[[24794,0],[24792,0],[25049,0],[25048,0],[24537,0],]]
[24794,2,30,[[24793,0],[24795,0],[25050,0],[24538,0],]]
[24795,10,30,[[24796,0],[24794,0],[25051,0],[25050,0],[24539,0],]]
[24796,10,30,[[24795,0],[24797,0],[25052,0],[24540,0],]]
[24797,19,30,[[24798,0],[24796,0],[25053,0],[25052,0],[24541,0],]]
[24798,14,30,[[24797,0],[24799,0],[25054,0],[24542,0],]]
[24799,8,30,[[24800,0],[24798,0],[25055,0],[25054,0],[24543,0],]]
[24800,18,31,[[24799,0],[24801,0],[25056,0],[24544,0],]]
[24801,8,31,[[24802,0],[24800,0],[25057,0],[25056,0],[24545,0],]]
[24802,12,31,[[24801,0],[24803,0],[25058,0],[24546,0],]]
[24803,18,31,[[24804,0],[24802,0],[25059,0],[25058,0],[24547,0],]]
[24804,10,31,[[24803,0],[24805,0],[25060,0],[24548,0],]]
[24805,15,31,[[24806,0],[24804,0],[25061,0],[25060,0],[24549,0],]]
[24806,9,31,[[24805,0],[24807,0],[25062,0],[24550,0],]]
[24807,1,31,[[24808,0],[24806,0],[25063,0],[25062,0],[24551,0],]]
[24808,15,31,[[24807,0],[24809,0],[25064,0],[24552,0],]]
[24809,8,31,[[24810,0],[24808,0],[25065,0],[25064,0],[24553,0],]]
[24810,6,31,[[24809,0],[24811,0],[25066,0],[24554,0],]]
[24811,17,31,[[24812,0],[24810,0],[25067,0],[25066,0],[24555,0],]]
[24812,9,31,[[24811,0],[24813,0],[25068,0],[24556,0],]]
[24813,9,31,[[24814,0],[24812,0],[25069,0],[25068,0],[24557,0],]]
[24814,18,31,[[24813,0],[24815,0],[25070,0],[24558,0],]]
[24815,9,31,[[24816,0],[24814,0],[25071,0],[25070,0],[24559,0],]]
[24816,8,31,[[24815,0],[24817,0],[25072,0],[24560,0],]]
[24817,17,31,[[24818,0],[24816,0],[25073,0],[25072,0],[24561,0],]]
[24818,9,31,[[24817,0],[24819,0],[25074,0],[24562,0],]]
[24819,4,31,[[24820,0],[24818,0],[25075,0],[25074,0],[24563,0],]]
[24820,16,31,[[24819,0],[24821,0],[25076,0],[24564,0],]]
[24821,15,31,[[24822,0],[24820,0],[25077,0],[25076,0],[24565,0],]]
[24822,1,31,[[24821,0],[24823,0],[25078,0],[24566,0],]]
[24823,16,31,[[24824,0],[24822,0],[25079,0],[25078,0],[24567,0],]]
[24824,3,31,[[24823,0],[24825,0],[25080,0],[24568,0],]]
[24825,9,31,[[24826,0],[24824,0],[25081,0],[25080,0],[24569,0],]]
[24826,11,31,[[24825,0],[24827,0],[25082,0],[24570,0],]]
[24827,7,31,[[24828,0],[24826,0],[25083,0],[25082,0],[24571,0],]]
[24828,1,31,[[24827,0],[24829,0],[25084,0],[24572,0],]]
[24829,18,31,[[24830,0],[24828,0],[25085,0],[25084,0],[24573,0],]]
[24830,4,31,[[24829,0],[24831,0],[25086,0],[24574,0],]]
[24831,16,31,[[24830,0],[25087,0],[25086,0],[24575,0],]]
[24832,1,24,[[24833,0],[24576,0],[24577,0],[25088,0],]]
[24833,16,24,[[24834,0],[24832,0],[24577,0],[25089,0],]]
[24834,16,24,[[24833,0],[24835,0],[24578,0],[24579,0],[25090,0],]]
[24835,12,24,[[24836,0],[24834,0],[24579,0],[25091,0],]]
[24836,7,24,[[24835,0],[24837,0],[24580,0],[24581,0],[25092,0],]]
[24837,9,24,[[24838,0],[24836,0],[24581,0],[25093,0],]]
[24838,19,24,[[24837,0],[24839,0],[24582,0],[24583,0],[25094,0],]]
[24839,11,24,[[24840,0],[24838,0],[24583,0],[25095,0],]]
[24840,12,24,[[24839,0],[24841,0],[24584,0],[24585,0],[25096,0],]]
[24841,9,24,[[24842,0],[24840,0],[24585,0],[25097,0],]]
[24842,10,24,[[24841,0],[24843,0],[24586,0],[24587,0],[25098,0],]]
[24843,3,24,[[24844,0],[24842,0],[24587,0],[25099,0],]]
[24844,8,24,[[24843,0],[24845,0],[24588,0],[24589,0],[25100,0],]]
[24845,16,24,[[24846,0],[24844,0],[24589,0],[25101,0],]]
[24846,2,24,[[24845,0],[24847,0],[24590,0],[24591,0],[25102,0],]]
[24847,13,24,[[24848,0],[24846,0],[24591,0],[25103,0],]]
[24848,9,24,[[24847,0],[24849,0],[24592,0],[24593,0],[25104,0],]]
[24849,17,24,[[24850,0],[24848,0],[24593,0],[25105,0],]]
[24850,18,24,[[24849,0],[24851,0],[24594,0],[24595,0],[25106,0],]]
[24851,5,24,[[24852,0],[24850,0],[24595,0],[25107,0],]]
[24852,5,24,[[24851,0],[24853,0],[24596,0],[24597,0],[25108,0],]]
[24853,3,24,[[24854,0],[24852,0],[24597,0],[25109,0],]]
[24854,7,24,[[24853,0],[24855,0],[24598,0],[24599,0],[25110,0],]]
[24855,17,24,[[24856,0],[24854,0],[24599,0],[25111,0],]]
[24856,13,24,[[24855,0],[24857,0],[24600,0],[24601,0],[25112,0],]]
[24857,6,24,[[24858,0],[24856,0],[24601,0],[25113,0],]]
[24858,8,24,[[24857,0],[24859,0],[24602,0],[24603,0],[25114,0],]]
[24859,10,24,[[24860,0],[24858,0],[24603,0],[25115,0],]]
[24860,5,24,[[24859,0],[24861,0],[24604,0],[24605,0],[25116,0],]]
[24861,6,24,[[24862,0],[24860,0],[24605,0],[25117,0],]]
[24862,3,24,[[24861,0],[24863,0],[24606,0],[24607,0],[25118,0],]]
[24863,12,24,[[24864,0],[24862,0],[24607,0],[25119,0],]]
[24864,19,25,[[24863,0],[24865,0],[24608,0],[24609,0],[25120,0],]]
[24865,1,25,[[24866,0],[24864,0],[24609,0],[25121,0],]]
[24866,9,25,[[24865,0],[24867,0],[24610,0],[24611,0],[25122,0],]]
[24867,9,25,[[24868,0],[24866,0],[24611,0],[25123,0],]]
[24868,2,25,[[24867,0],[24869,0],[24612,0],[24613,0],[25124,0],]]
[24869,11,25,[[24870,0],[24868,0],[24613,0],[25125,0],]]
[24870,13,25,[[24869,0],[24871,0],[24614,0],[24615,0],[25126,0],]]
[24871,11,25,[[24872,0],[24870,0],[24615,0],[25127,0],]]
[24872,6,25,[[24871,0],[24873,0],[24616,0],[24617,0],[25128,0],]]
[24873,7,25,[[24874,0],[24872,0],[24617,0],[25129,0],]]
[24874,14,25,[[24873,0],[24875,0],[24618,0],[24619,0],[25130,0],]]
[24875,7,25,[[24876,0],[24874,0],[24619,0],[25131,0],]]
[24876,2,25,[[24875,0],[24877,0],[24620,0],[24621,0],[25132,0],]]
[24877,12,25,[[24878,0],[24876,0],[24621,0],[25133,0],]]
[24878,17,25,[[24877,0],[24879,0],[24622,0],[24623,0],[25134,0],]]
[24879,4,25,[[24880,0],[24878,0],[24623,0],[25135,0],]]
[24880,16,25,[[24879,0],[24881,0],[24624,0],[24625,0],[25136,0],]]
[24881,4,25,[[24882,0],[24880,0],[24625,0],[25137,0],]]
[24882,8,25,[[24881,0],[24883,0],[24626,0],[24627,0],[25138,0],]]
[24883,18,25,[[24884,0],[24882,0],[24627,0],[25139,0],]]
[24884,1,25,[[24883,0],[24885,0],[24628,0],[24629,0],[25140,0],]]
[24885,13,25,[[24886,0],[24884,0],[24629,0],[25141,0],]]
[24886,7,25,[[24885,0],[24887,0],[24630,0],[24631,0],[25142,0],]]
[24887,11,25,[[24888,0],[24886,0],[24631,0],[25143,0],]]
[24888,6,25,[[24887,0],[24889,0],[24632,0],[24633,0],[25144,0],]]
[24889,2,25,[[24890,0],[24888,0],[24633,0],[25145,0],]]
[24890,2,25,[[24889,0],[24891,0],[24634,0],[24635,0],[25146,0],]]
[24891,2,25,[[24892,0],[24890,0],[24635,0],[25147,0],]]
[24892,15,25,[[24891,0],[24893,0],[24636,0],[24637,0],[25148,0],]]
[24893,4,25,[[24894,0],[24892,0],[24637,0],[25149,0],]]
[24894,2,25,[[24893,0],[24895,0],[24638,0],[24639,0],[25150,0],]]
[24895,16,25,[[24896,0],[24894,0],[24639,0],[25151,0],]]
[24896,16,26,[[24895,0],[24897,0],[24640,0],[24641,0],[25152,0],]]
[24897,14,26,[[24898,0],[24896,0],[24641,0],[25153,0],]]
[24898,14,26,[[24897,0],[24899,0],[24642,0],[24643,0],[25154,0],]]
[24899,19,26,[[24900,0],[24898,0],[24643,0],[25155,0],]]
[24900,19,26,[[24899,0],[24901,0],[24644,0],[24645,0],[25156,0],]]
[24901,3,26,[[24902,0],[24900,0],[24645,0],[25157,0],]]
[24902,17,26,[[24901,0],[24903,0],[24646,0],[24647,0],[25158,0],]]
