[22282,17,16,[[22281,0],[22283,0],[22026,0],[22027,0],[22538,0],]]
[22283,9,16,[[22284,0],[22282,0],[22027,0],[22539,0],]]
[22284,4,16,[[22283,0],[22285,0],[22028,0],[22029,0],[22540,0],]]
[22285,1,16,[[22286,0],[22284,0],[22029,0],[22541,0],]]
[22286,3,16,[[22285,0],[22287,0],[22030,0],[22031,0],[22542,0],]]
[22287,12,16,[[22288,0],[22286,0],[22031,0],[22543,0],]]
[22288,10,16,[[22287,0],[22289,0],[22032,0],[22033,0],[22544,0],]]
[22289,1,16,[[22290,0],[22288,0],[22033,0],[22545,0],]]
[22290,1,16,[[22289,0],[22291,0],[22034,0],[22035,0],[22546,0],]]
[22291,5,16,[[22292,0],[22290,0],[22035,0],[22547,0],]]
[22292,10,16,[[22291,0],[22293,0],[22036,0],[22037,0],[22548,0],]]
[22293,11,16,[[22294,0],[22292,0],[22037,0],[22549,0],]]
[22294,16,16,[[22293,0],[22295,0],[22038,0],[22039,0],[22550,0],]]
[22295,7,16,[[22296,0],[22294,0],[22039,0],[22551,0],]]
[22296,12,16,[[22295,0],[22297,0],[22040,0],[22041,0],[22552,0],]]
[22297,8,16,[[22298,0],[22296,0],[22041,0],[22553,0],]]
[22298,16,16,[[22297,0],[22299,0],[22042,0],[22043,0],[22554,0],]]
[22299,6,16,[[22300,0],[22298,0],[22043,0],[22555,0],]]
[22300,10,16,[[22299,0],[22301,0],[22044,0],[22045,0],[22556,0],]]
[22301,8,16,[[22302,0],[22300,0],[22045,0],[22557,0],]]
[22302,17,16,[[22301,0],[22303,0],[22046,0],[22047,0],[22558,0],]]
[22303,11,16,[[22304,0],[22302,0],[22047,0],[22559,0],]]
[22304,9,17,[[22303,0],[22305,0],[22048,0],[22049,0],[22560,0],]]
[22305,15,17,[[22306,0],[22304,0],[22049,0],[22561,0],]]
[22306,16,17,[[22305,0],[22307,0],[22050,0],[22051,0],[22562,0],]]
[22307,15,17,[[22308,0],[22306,0],[22051,0],[22563,0],]]
[22308,13,17,[[22307,0],[22309,0],[22052,0],[22053,0],[22564,0],]]
[22309,14,17,[[22310,0],[22308,0],[22053,0],[22565,0],]]
[22310,16,17,[[22309,0],[22311,0],[22054,0],[22055,0],[22566,0],]]
[22311,4,17,[[22312,0],[22310,0],[22055,0],[22567,0],]]
[22312,3,17,[[22311,0],[22313,0],[22056,0],[22057,0],[22568,0],]]
[22313,9,17,[[22314,0],[22312,0],[22057,0],[22569,0],]]
[22314,6,17,[[22313,0],[22315,0],[22058,0],[22059,0],[22570,0],]]
[22315,11,17,[[22316,0],[22314,0],[22059,0],[22571,0],]]
[22316,2,17,[[22315,0],[22317,0],[22060,0],[22061,0],[22572,0],]]
[22317,13,17,[[22318,0],[22316,0],[22061,0],[22573,0],]]
[22318,3,17,[[22317,0],[22319,0],[22062,0],[22063,0],[22574,0],]]
[22319,17,17,[[22320,0],[22318,0],[22063,0],[22575,0],]]
[22320,3,17,[[22319,0],[22321,0],[22064,0],[22065,0],[22576,0],]]
[22321,16,17,[[22322,0],[22320,0],[22065,0],[22577,0],]]
[22322,18,17,[[22321,0],[22323,0],[22066,0],[22067,0],[22578,0],]]
[22323,15,17,[[22324,0],[22322,0],[22067,0],[22579,0],]]
[22324,16,17,[[22323,0],[22325,0],[22068,0],[22069,0],[22580,0],]]
[22325,2,17,[[22326,0],[22324,0],[22069,0],[22581,0],]]
[22326,10,17,[[22325,0],[22327,0],[22070,0],[22071,0],[22582,0],]]
[22327,11,17,[[22328,0],[22326,0],[22071,0],[22583,0],]]
[22328,15,17,[[22327,0],[22329,0],[22072,0],[22073,0],[22584,0],]]
[22329,4,17,[[22330,0],[22328,0],[22073,0],[22585,0],]]
[22330,2,17,[[22329,0],[22331,0],[22074,0],[22075,0],[22586,0],]]
[22331,1,17,[[22332,0],[22330,0],[22075,0],[22587,0],]]
[22332,5,17,[[22331,0],[22333,0],[22076,0],[22077,0],[22588,0],]]
[22333,7,17,[[22334,0],[22332,0],[22077,0],[22589,0],]]
[22334,7,17,[[22333,0],[22335,0],[22078,0],[22079,0],[22590,0],]]
[22335,4,17,[[22336,0],[22334,0],[22079,0],[22591,0],]]
[22336,3,18,[[22335,0],[22337,0],[22080,0],[22081,0],[22592,0],]]
[22337,10,18,[[22338,0],[22336,0],[22081,0],[22593,0],]]
[22338,9,18,[[22337,0],[22339,0],[22082,0],[22083,0],[22594,0],]]
[22339,13,18,[[22340,0],[22338,0],[22083,0],[22595,0],]]
[22340,14,18,[[22339,0],[22341,0],[22084,0],[22085,0],[22596,0],]]
[22341,2,18,[[22342,0],[22340,0],[22085,0],[22597,0],]]
[22342,15,18,[[22341,0],[22343,0],[22086,0],[22087,0],[22598,0],]]
[22343,19,18,[[22344,0],[22342,0],[22087,0],[22599,0],]]
[22344,10,18,[[22343,0],[22345,0],[22088,0],[22089,0],[22600,0],]]
[22345,9,18,[[22346,0],[22344,0],[22089,0],[22601,0],]]
[22346,3,18,[[22345,0],[22347,0],[22090,0],[22091,0],[22602,0],]]
[22347,17,18,[[22348,0],[22346,0],[22091,0],[22603,0],]]
[22348,9,18,[[22347,0],[22349,0],[22092,0],[22093,0],[22604,0],]]
[22349,7,18,[[22350,0],[22348,0],[22093,0],[22605,0],]]
[22350,19,18,[[22349,0],[22351,0],[22094,0],[22095,0],[22606,0],]]
[22351,18,18,[[22352,0],[22350,0],[22095,0],[22607,0],]]
[22352,5,18,[[22351,0],[22353,0],[22096,0],[22097,0],[22608,0],]]
[22353,13,18,[[22354,0],[22352,0],[22097,0],[22609,0],]]
[22354,3,18,[[22353,0],[22355,0],[22098,0],[22099,0],[22610,0],]]
[22355,15,18,[[22356,0],[22354,0],[22099,0],[22611,0],]]
[22356,9,18,[[22355,0],[22357,0],[22100,0],[22101,0],[22612,0],]]
[22357,15,18,[[22358,0],[22356,0],[22101,0],[22613,0],]]
[22358,12,18,[[22357,0],[22359,0],[22102,0],[22103,0],[22614,0],]]
[22359,19,18,[[22360,0],[22358,0],[22103,0],[22615,0],]]
[22360,4,18,[[22359,0],[22361,0],[22104,0],[22105,0],[22616,0],]]
[22361,3,18,[[22362,0],[22360,0],[22105,0],[22617,0],]]
[22362,9,18,[[22361,0],[22363,0],[22106,0],[22107,0],[22618,0],]]
[22363,8,18,[[22364,0],[22362,0],[22107,0],[22619,0],]]
[22364,16,18,[[22363,0],[22365,0],[22108,0],[22109,0],[22620,0],]]
[22365,2,18,[[22366,0],[22364,0],[22109,0],[22621,0],]]
[22366,10,18,[[22365,0],[22367,0],[22110,0],[22111,0],[22622,0],]]
[22367,9,18,[[22368,0],[22366,0],[22111,0],[22623,0],]]
[22368,15,19,[[22367,0],[22369,0],[22112,0],[22113,0],[22624,0],]]
[22369,19,19,[[22370,0],[22368,0],[22113,0],[22625,0],]]
[22370,13,19,[[22369,0],[22371,0],[22114,0],[22115,0],[22626,0],]]
[22371,11,19,[[22372,0],[22370,0],[22115,0],[22627,0],]]
[22372,12,19,[[22371,0],[22373,0],[22116,0],[22117,0],[22628,0],]]
[22373,3,19,[[22374,0],[22372,0],[22117,0],[22629,0],]]
[22374,11,19,[[22373,0],[22375,0],[22118,0],[22119,0],[22630,0],]]
[22375,6,19,[[22376,0],[22374,0],[22119,0],[22631,0],]]
[22376,18,19,[[22375,0],[22377,0],[22120,0],[22121,0],[22632,0],]]
[22377,12,19,[[22378,0],[22376,0],[22121,0],[22633,0],]]
[22378,8,19,[[22377,0],[22379,0],[22122,0],[22123,0],[22634,0],]]
[22379,10,19,[[22380,0],[22378,0],[22123,0],[22635,0],]]
[22380,2,19,[[22379,0],[22381,0],[22124,0],[22125,0],[22636,0],]]
[22381,17,19,[[22382,0],[22380,0],[22125,0],[22637,0],]]
[22382,19,19,[[22381,0],[22383,0],[22126,0],[22127,0],[22638,0],]]
[22383,18,19,[[22384,0],[22382,0],[22127,0],[22639,0],]]
[22384,18,19,[[22383,0],[22385,0],[22128,0],[22129,0],[22640,0],]]
[22385,16,19,[[22386,0],[22384,0],[22129,0],[22641,0],]]
[22386,7,19,[[22385,0],[22387,0],[22130,0],[22131,0],[22642,0],]]
[22387,2,19,[[22388,0],[22386,0],[22131,0],[22643,0],]]
[22388,12,19,[[22387,0],[22389,0],[22132,0],[22133,0],[22644,0],]]
[22389,5,19,[[22390,0],[22388,0],[22133,0],[22645,0],]]
[22390,5,19,[[22389,0],[22391,0],[22134,0],[22135,0],[22646,0],]]
[22391,5,19,[[22392,0],[22390,0],[22135,0],[22647,0],]]
[22392,13,19,[[22391,0],[22393,0],[22136,0],[22137,0],[22648,0],]]
[22393,11,19,[[22394,0],[22392,0],[22137,0],[22649,0],]]
[22394,13,19,[[22393,0],[22395,0],[22138,0],[22139,0],[22650,0],]]
[22395,2,19,[[22396,0],[22394,0],[22139,0],[22651,0],]]
[22396,13,19,[[22395,0],[22397,0],[22140,0],[22141,0],[22652,0],]]
[22397,16,19,[[22398,0],[22396,0],[22141,0],[22653,0],]]
[22398,17,19,[[22397,0],[22399,0],[22142,0],[22143,0],[22654,0],]]
[22399,16,19,[[22400,0],[22398,0],[22143,0],[22655,0],]]
[22400,8,20,[[22399,0],[22401,0],[22144,0],[22145,0],[22656,0],]]
[22401,14,20,[[22402,0],[22400,0],[22145,0],[22657,0],]]
[22402,2,20,[[22401,0],[22403,0],[22146,0],[22147,0],[22658,0],]]
[22403,19,20,[[22404,0],[22402,0],[22147,0],[22659,0],]]
[22404,17,20,[[22403,0],[22405,0],[22148,0],[22149,0],[22660,0],]]
[22405,5,20,[[22406,0],[22404,0],[22149,0],[22661,0],]]
[22406,16,20,[[22405,0],[22407,0],[22150,0],[22151,0],[22662,0],]]
[22407,13,20,[[22408,0],[22406,0],[22151,0],[22663,0],]]
[22408,2,20,[[22407,0],[22409,0],[22152,0],[22153,0],[22664,0],]]
[22409,1,20,[[22410,0],[22408,0],[22153,0],[22665,0],]]
[22410,1,20,[[22409,0],[22411,0],[22154,0],[22155,0],[22666,0],]]
[22411,11,20,[[22412,0],[22410,0],[22155,0],[22667,0],]]
[22412,19,20,[[22411,0],[22413,0],[22156,0],[22157,0],[22668,0],]]
[22413,7,20,[[22414,0],[22412,0],[22157,0],[22669,0],]]
[22414,4,20,[[22413,0],[22415,0],[22158,0],[22159,0],[22670,0],]]
[22415,12,20,[[22416,0],[22414,0],[22159,0],[22671,0],]]
[22416,2,20,[[22415,0],[22417,0],[22160,0],[22161,0],[22672,0],]]
[22417,2,20,[[22418,0],[22416,0],[22161,0],[22673,0],]]
[22418,2,20,[[22417,0],[22419,0],[22162,0],[22163,0],[22674,0],]]
[22419,18,20,[[22420,0],[22418,0],[22163,0],[22675,0],]]
[22420,11,20,[[22419,0],[22421,0],[22164,0],[22165,0],[22676,0],]]
[22421,17,20,[[22422,0],[22420,0],[22165,0],[22677,0],]]
[22422,15,20,[[22421,0],[22423,0],[22166,0],[22167,0],[22678,0],]]
[22423,3,20,[[22424,0],[22422,0],[22167,0],[22679,0],]]
[22424,13,20,[[22423,0],[22425,0],[22168,0],[22169,0],[22680,0],]]
[22425,17,20,[[22426,0],[22424,0],[22169,0],[22681,0],]]
[22426,5,20,[[22425,0],[22427,0],[22170,0],[22171,0],[22682,0],]]
[22427,7,20,[[22428,0],[22426,0],[22171,0],[22683,0],]]
[22428,14,20,[[22427,0],[22429,0],[22172,0],[22173,0],[22684,0],]]
[22429,7,20,[[22430,0],[22428,0],[22173,0],[22685,0],]]
[22430,11,20,[[22429,0],[22431,0],[22174,0],[22175,0],[22686,0],]]
[22431,6,20,[[22432,0],[22430,0],[22175,0],[22687,0],]]
[22432,12,21,[[22431,0],[22433,0],[22176,0],[22177,0],[22688,0],]]
[22433,6,21,[[22434,0],[22432,0],[22177,0],[22689,0],]]
[22434,12,21,[[22433,0],[22435,0],[22178,0],[22179,0],[22690,0],]]
[22435,14,21,[[22436,0],[22434,0],[22179,0],[22691,0],]]
[22436,1,21,[[22435,0],[22437,0],[22180,0],[22181,0],[22692,0],]]
[22437,14,21,[[22438,0],[22436,0],[22181,0],[22693,0],]]
[22438,18,21,[[22437,0],[22439,0],[22182,0],[22183,0],[22694,0],]]
[22439,10,21,[[22440,0],[22438,0],[22183,0],[22695,0],]]
[22440,16,21,[[22439,0],[22441,0],[22184,0],[22185,0],[22696,0],]]
[22441,5,21,[[22442,0],[22440,0],[22185,0],[22697,0],]]
[22442,5,21,[[22441,0],[22443,0],[22186,0],[22187,0],[22698,0],]]
[22443,2,21,[[22444,0],[22442,0],[22187,0],[22699,0],]]
[22444,18,21,[[22443,0],[22445,0],[22188,0],[22189,0],[22700,0],]]
[22445,15,21,[[22446,0],[22444,0],[22189,0],[22701,0],]]
[22446,1,21,[[22445,0],[22447,0],[22190,0],[22191,0],[22702,0],]]
[22447,8,21,[[22448,0],[22446,0],[22191,0],[22703,0],]]
[22448,12,21,[[22447,0],[22449,0],[22192,0],[22193,0],[22704,0],]]
[22449,2,21,[[22450,0],[22448,0],[22193,0],[22705,0],]]
[22450,14,21,[[22449,0],[22451,0],[22194,0],[22195,0],[22706,0],]]
[22451,7,21,[[22452,0],[22450,0],[22195,0],[22707,0],]]
[22452,1,21,[[22451,0],[22453,0],[22196,0],[22197,0],[22708,0],]]
[22453,6,21,[[22454,0],[22452,0],[22197,0],[22709,0],]]
[22454,14,21,[[22453,0],[22455,0],[22198,0],[22199,0],[22710,0],]]
[22455,6,21,[[22456,0],[22454,0],[22199,0],[22711,0],]]
[22456,13,21,[[22455,0],[22457,0],[22200,0],[22201,0],[22712,0],]]
[22457,15,21,[[22458,0],[22456,0],[22201,0],[22713,0],]]
[22458,13,21,[[22457,0],[22459,0],[22202,0],[22203,0],[22714,0],]]
[22459,8,21,[[22460,0],[22458,0],[22203,0],[22715,0],]]
[22460,16,21,[[22459,0],[22461,0],[22204,0],[22205,0],[22716,0],]]
[22461,8,21,[[22462,0],[22460,0],[22205,0],[22717,0],]]
[22462,3,21,[[22461,0],[22463,0],[22206,0],[22207,0],[22718,0],]]
[22463,9,21,[[22464,0],[22462,0],[22207,0],[22719,0],]]
[22464,10,22,[[22463,0],[22465,0],[22208,0],[22209,0],[22720,0],]]
[22465,2,22,[[22466,0],[22464,0],[22209,0],[22721,0],]]
[22466,9,22,[[22465,0],[22467,0],[22210,0],[22211,0],[22722,0],]]
[22467,8,22,[[22468,0],[22466,0],[22211,0],[22723,0],]]
[22468,11,22,[[22467,0],[22469,0],[22212,0],[22213,0],[22724,0],]]
[22469,6,22,[[22470,0],[22468,0],[22213,0],[22725,0],]]
[22470,5,22,[[22469,0],[22471,0],[22214,0],[22215,0],[22726,0],]]
[22471,6,22,[[22472,0],[22470,0],[22215,0],[22727,0],]]
[22472,19,22,[[22471,0],[22473,0],[22216,0],[22217,0],[22728,0],]]
[22473,1,22,[[22474,0],[22472,0],[22217,0],[22729,0],]]
[22474,16,22,[[22473,0],[22475,0],[22218,0],[22219,0],[22730,0],]]
[22475,9,22,[[22476,0],[22474,0],[22219,0],[22731,0],]]
[22476,14,22,[[22475,0],[22477,0],[22220,0],[22221,0],[22732,0],]]
[22477,3,22,[[22478,0],[22476,0],[22221,0],[22733,0],]]
[22478,17,22,[[22477,0],[22479,0],[22222,0],[22223,0],[22734,0],]]
[22479,13,22,[[22480,0],[22478,0],[22223,0],[22735,0],]]
[22480,18,22,[[22479,0],[22481,0],[22224,0],[22225,0],[22736,0],]]
[22481,16,22,[[22482,0],[22480,0],[22225,0],[22737,0],]]
[22482,11,22,[[22481,0],[22483,0],[22226,0],[22227,0],[22738,0],]]
[22483,16,22,[[22484,0],[22482,0],[22227,0],[22739,0],]]
[22484,5,22,[[22483,0],[22485,0],[22228,0],[22229,0],[22740,0],]]
[22485,5,22,[[22486,0],[22484,0],[22229,0],[22741,0],]]
[22486,4,22,[[22485,0],[22487,0],[22230,0],[22231,0],[22742,0],]]
[22487,2,22,[[22488,0],[22486,0],[22231,0],[22743,0],]]
[22488,14,22,[[22487,0],[22489,0],[22232,0],[22233,0],[22744,0],]]
[22489,19,22,[[22490,0],[22488,0],[22233,0],[22745,0],]]
[22490,11,22,[[22489,0],[22491,0],[22234,0],[22235,0],[22746,0],]]
[22491,10,22,[[22492,0],[22490,0],[22235,0],[22747,0],]]
[22492,7,22,[[22491,0],[22493,0],[22236,0],[22237,0],[22748,0],]]
[22493,2,22,[[22494,0],[22492,0],[22237,0],[22749,0],]]
[22494,5,22,[[22493,0],[22495,0],[22238,0],[22239,0],[22750,0],]]
[22495,3,22,[[22496,0],[22494,0],[22239,0],[22751,0],]]
[22496,4,23,[[22495,0],[22497,0],[22240,0],[22241,0],[22752,0],]]
[22497,12,23,[[22498,0],[22496,0],[22241,0],[22753,0],]]
[22498,7,23,[[22497,0],[22499,0],[22242,0],[22243,0],[22754,0],]]
[22499,13,23,[[22500,0],[22498,0],[22243,0],[22755,0],]]
[22500,14,23,[[22499,0],[22501,0],[22244,0],[22245,0],[22756,0],]]
[22501,9,23,[[22502,0],[22500,0],[22245,0],[22757,0],]]
[22502,15,23,[[22501,0],[22503,0],[22246,0],[22247,0],[22758,0],]]
[22503,1,23,[[22504,0],[22502,0],[22247,0],[22759,0],]]
[22504,3,23,[[22503,0],[22505,0],[22248,0],[22249,0],[22760,0],]]
[22505,8,23,[[22506,0],[22504,0],[22249,0],[22761,0],]]
[22506,11,23,[[22505,0],[22507,0],[22250,0],[22251,0],[22762,0],]]
[22507,5,23,[[22508,0],[22506,0],[22251,0],[22763,0],]]
[22508,3,23,[[22507,0],[22509,0],[22252,0],[22253,0],[22764,0],]]
[22509,16,23,[[22510,0],[22508,0],[22253,0],[22765,0],]]
[22510,13,23,[[22509,0],[22511,0],[22254,0],[22255,0],[22766,0],]]
[22511,10,23,[[22512,0],[22510,0],[22255,0],[22767,0],]]
[22512,16,23,[[22511,0],[22513,0],[22256,0],[22257,0],[22768,0],]]
[22513,13,23,[[22514,0],[22512,0],[22257,0],[22769,0],]]
[22514,19,23,[[22513,0],[22515,0],[22258,0],[22259,0],[22770,0],]]
[22515,1,23,[[22516,0],[22514,0],[22259,0],[22771,0],]]
[22516,11,23,[[22515,0],[22517,0],[22260,0],[22261,0],[22772,0],]]
[22517,8,23,[[22518,0],[22516,0],[22261,0],[22773,0],]]
[22518,2,23,[[22517,0],[22519,0],[22262,0],[22263,0],[22774,0],]]
[22519,14,23,[[22520,0],[22518,0],[22263,0],[22775,0],]]
[22520,8,23,[[22519,0],[22521,0],[22264,0],[22265,0],[22776,0],]]
[22521,18,23,[[22522,0],[22520,0],[22265,0],[22777,0],]]
[22522,7,23,[[22521,0],[22523,0],[22266,0],[22267,0],[22778,0],]]
[22523,1,23,[[22524,0],[22522,0],[22267,0],[22779,0],]]
[22524,14,23,[[22523,0],[22525,0],[22268,0],[22269,0],[22780,0],]]
[22525,5,23,[[22526,0],[22524,0],[22269,0],[22781,0],]]
[22526,1,23,[[22525,0],[22527,0],[22270,0],[22271,0],[22782,0],]]
[22527,6,23,[[22526,0],[22271,0],[22783,0],]]
[22528,3,16,[[22529,0],[22784,0],[22272,0],]]
[22529,15,16,[[22530,0],[22528,0],[22785,0],[22784,0],[22273,0],]]
[22530,10,16,[[22529,0],[22531,0],[22786,0],[22274,0],]]
[22531,19,16,[[22532,0],[22530,0],[22787,0],[22786,0],[22275,0],]]
[22532,10,16,[[22531,0],[22533,0],[22788,0],[22276,0],]]
[22533,17,16,[[22534,0],[22532,0],[22789,0],[22788,0],[22277,0],]]
[22534,10,16,[[22533,0],[22535,0],[22790,0],[22278,0],]]
[22535,5,16,[[22536,0],[22534,0],[22791,0],[22790,0],[22279,0],]]
[22536,15,16,[[22535,0],[22537,0],[22792,0],[22280,0],]]
[22537,11,16,[[22538,0],[22536,0],[22793,0],[22792,0],[22281,0],]]
[22538,2,16,[[22537,0],[22539,0],[22794,0],[22282,0],]]
[22539,1,16,[[22540,0],[22538,0],[22795,0],[22794,0],[22283,0],]]
[22540,15,16,[[22539,0],[22541,0],[22796,0],[22284,0],]]
[22541,11,16,[[22542,0],[22540,0],[22797,0],[22796,0],[22285,0],]]
[22542,5,16,[[22541,0],[22543,0],[22798,0],[22286,0],]]
[22543,3,16,[[22544,0],[22542,0],[22799,0],[22798,0],[22287,0],]]
[22544,11,16,[[22543,0],[22545,0],[22800,0],[22288,0],]]
[22545,19,16,[[22546,0],[22544,0],[22801,0],[22800,0],[22289,0],]]
[22546,11,16,[[22545,0],[22547,0],[22802,0],[22290,0],]]
[22547,9,16,[[22548,0],[22546,0],[22803,0],[22802,0],[22291,0],]]
[22548,14,16,[[22547,0],[22549,0],[22804,0],[22292,0],]]
[22549,16,16,[[22550,0],[22548,0],[22805,0],[22804,0],[22293,0],]]
[22550,5,16,[[22549,0],[22551,0],[22806,0],[22294,0],]]
[22551,8,16,[[22552,0],[22550,0],[22807,0],[22806,0],[22295,0],]]
[22552,11,16,[[22551,0],[22553,0],[22808,0],[22296,0],]]
[22553,5,16,[[22554,0],[22552,0],[22809,0],[22808,0],[22297,0],]]
[22554,9,16,[[22553,0],[22555,0],[22810,0],[22298,0],]]
[22555,8,16,[[22556,0],[22554,0],[22811,0],[22810,0],[22299,0],]]
[22556,14,16,[[22555,0],[22557,0],[22812,0],[22300,0],]]
[22557,17,16,[[22558,0],[22556,0],[22813,0],[22812,0],[22301,0],]]
[22558,19,16,[[22557,0],[22559,0],[22814,0],[22302,0],]]
[22559,1,16,[[22560,0],[22558,0],[22815,0],[22814,0],[22303,0],]]
[22560,4,17,[[22559,0],[22561,0],[22816,0],[22304,0],]]
[22561,13,17,[[22562,0],[22560,0],[22817,0],[22816,0],[22305,0],]]
[22562,6,17,[[22561,0],[22563,0],[22818,0],[22306,0],]]
[22563,6,17,[[22564,0],[22562,0],[22819,0],[22818,0],[22307,0],]]
[22564,7,17,[[22563,0],[22565,0],[22820,0],[22308,0],]]
[22565,13,17,[[22566,0],[22564,0],[22821,0],[22820,0],[22309,0],]]
[22566,2,17,[[22565,0],[22567,0],[22822,0],[22310,0],]]
[22567,19,17,[[22568,0],[22566,0],[22823,0],[22822,0],[22311,0],]]
[22568,17,17,[[22567,0],[22569,0],[22824,0],[22312,0],]]
[22569,8,17,[[22570,0],[22568,0],[22825,0],[22824,0],[22313,0],]]
[22570,11,17,[[22569,0],[22571,0],[22826,0],[22314,0],]]
[22571,8,17,[[22572,0],[22570,0],[22827,0],[22826,0],[22315,0],]]
[22572,14,17,[[22571,0],[22573,0],[22828,0],[22316,0],]]
[22573,15,17,[[22574,0],[22572,0],[22829,0],[22828,0],[22317,0],]]
[22574,13,17,[[22573,0],[22575,0],[22830,0],[22318,0],]]
[22575,8,17,[[22576,0],[22574,0],[22831,0],[22830,0],[22319,0],]]
[22576,15,17,[[22575,0],[22577,0],[22832,0],[22320,0],]]
[22577,3,17,[[22578,0],[22576,0],[22833,0],[22832,0],[22321,0],]]
[22578,3,17,[[22577,0],[22579,0],[22834,0],[22322,0],]]
[22579,11,17,[[22580,0],[22578,0],[22835,0],[22834,0],[22323,0],]]
[22580,5,17,[[22579,0],[22581,0],[22836,0],[22324,0],]]
[22581,3,17,[[22582,0],[22580,0],[22837,0],[22836,0],[22325,0],]]
[22582,9,17,[[22581,0],[22583,0],[22838,0],[22326,0],]]
[22583,17,17,[[22584,0],[22582,0],[22839,0],[22838,0],[22327,0],]]
[22584,8,17,[[22583,0],[22585,0],[22840,0],[22328,0],]]
[22585,18,17,[[22586,0],[22584,0],[22841,0],[22840,0],[22329,0],]]
[22586,4,17,[[22585,0],[22587,0],[22842,0],[22330,0],]]
[22587,13,17,[[22588,0],[22586,0],[22843,0],[22842,0],[22331,0],]]
[22588,6,17,[[22587,0],[22589,0],[22844,0],[22332,0],]]
[22589,11,17,[[22590,0],[22588,0],[22845,0],[22844,0],[22333,0],]]
[22590,4,17,[[22589,0],[22591,0],[22846,0],[22334,0],]]
[22591,2,17,[[22592,0],[22590,0],[22847,0],[22846,0],[22335,0],]]
[22592,15,18,[[22591,0],[22593,0],[22848,0],[22336,0],]]
[22593,1,18,[[22594,0],[22592,0],[22849,0],[22848,0],[22337,0],]]
[22594,16,18,[[22593,0],[22595,0],[22850,0],[22338,0],]]
[22595,16,18,[[22596,0],[22594,0],[22851,0],[22850,0],[22339,0],]]
[22596,3,18,[[22595,0],[22597,0],[22852,0],[22340,0],]]
[22597,3,18,[[22598,0],[22596,0],[22853,0],[22852,0],[22341,0],]]
[22598,2,18,[[22597,0],[22599,0],[22854,0],[22342,0],]]
[22599,2,18,[[22600,0],[22598,0],[22855,0],[22854,0],[22343,0],]]
[22600,8,18,[[22599,0],[22601,0],[22856,0],[22344,0],]]
[22601,11,18,[[22602,0],[22600,0],[22857,0],[22856,0],[22345,0],]]
[22602,16,18,[[22601,0],[22603,0],[22858,0],[22346,0],]]
[22603,1,18,[[22604,0],[22602,0],[22859,0],[22858,0],[22347,0],]]
[22604,16,18,[[22603,0],[22605,0],[22860,0],[22348,0],]]
[22605,2,18,[[22606,0],[22604,0],[22861,0],[22860,0],[22349,0],]]
[22606,4,18,[[22605,0],[22607,0],[22862,0],[22350,0],]]
[22607,7,18,[[22608,0],[22606,0],[22863,0],[22862,0],[22351,0],]]
[22608,9,18,[[22607,0],[22609,0],[22864,0],[22352,0],]]
[22609,7,18,[[22610,0],[22608,0],[22865,0],[22864,0],[22353,0],]]
[22610,19,18,[[22609,0],[22611,0],[22866,0],[22354,0],]]
[22611,5,18,[[22612,0],[22610,0],[22867,0],[22866,0],[22355,0],]]
[22612,18,18,[[22611,0],[22613,0],[22868,0],[22356,0],]]
[22613,15,18,[[22614,0],[22612,0],[22869,0],[22868,0],[22357,0],]]
[22614,1,18,[[22613,0],[22615,0],[22870,0],[22358,0],]]
[22615,13,18,[[22616,0],[22614,0],[22871,0],[22870,0],[22359,0],]]
[22616,16,18,[[22615,0],[22617,0],[22872,0],[22360,0],]]
[22617,14,18,[[22618,0],[22616,0],[22873,0],[22872,0],[22361,0],]]
[22618,17,18,[[22617,0],[22619,0],[22874,0],[22362,0],]]
[22619,14,18,[[22620,0],[22618,0],[22875,0],[22874,0],[22363,0],]]
[22620,16,18,[[22619,0],[22621,0],[22876,0],[22364,0],]]
[22621,1,18,[[22622,0],[22620,0],[22877,0],[22876,0],[22365,0],]]
[22622,17,18,[[22621,0],[22623,0],[22878,0],[22366,0],]]
[22623,18,18,[[22624,0],[22622,0],[22879,0],[22878,0],[22367,0],]]
[22624,18,19,[[22623,0],[22625,0],[22880,0],[22368,0],]]
[22625,1,19,[[22626,0],[22624,0],[22881,0],[22880,0],[22369,0],]]
[22626,11,19,[[22625,0],[22627,0],[22882,0],[22370,0],]]
[22627,13,19,[[22628,0],[22626,0],[22883,0],[22882,0],[22371,0],]]
[22628,9,19,[[22627,0],[22629,0],[22884,0],[22372,0],]]
[22629,19,19,[[22630,0],[22628,0],[22885,0],[22884,0],[22373,0],]]
[22630,12,19,[[22629,0],[22631,0],[22886,0],[22374,0],]]
[22631,13,19,[[22632,0],[22630,0],[22887,0],[22886,0],[22375,0],]]
[22632,4,19,[[22631,0],[22633,0],[22888,0],[22376,0],]]
[22633,1,19,[[22634,0],[22632,0],[22889,0],[22888,0],[22377,0],]]
[22634,18,19,[[22633,0],[22635,0],[22890,0],[22378,0],]]
[22635,12,19,[[22636,0],[22634,0],[22891,0],[22890,0],[22379,0],]]
[22636,18,19,[[22635,0],[22637,0],[22892,0],[22380,0],]]
[22637,4,19,[[22638,0],[22636,0],[22893,0],[22892,0],[22381,0],]]
[22638,19,19,[[22637,0],[22639,0],[22894,0],[22382,0],]]
[22639,16,19,[[22640,0],[22638,0],[22895,0],[22894,0],[22383,0],]]
[22640,15,19,[[22639,0],[22641,0],[22896,0],[22384,0],]]
[22641,12,19,[[22642,0],[22640,0],[22897,0],[22896,0],[22385,0],]]
[22642,8,19,[[22641,0],[22643,0],[22898,0],[22386,0],]]
[22643,14,19,[[22644,0],[22642,0],[22899,0],[22898,0],[22387,0],]]
[22644,15,19,[[22643,0],[22645,0],[22900,0],[22388,0],]]
[22645,10,19,[[22646,0],[22644,0],[22901,0],[22900,0],[22389,0],]]
[22646,8,19,[[22645,0],[22647,0],[22902,0],[22390,0],]]
[22647,17,19,[[22648,0],[22646,0],[22903,0],[22902,0],[22391,0],]]
[22648,19,19,[[22647,0],[22649,0],[22904,0],[22392,0],]]
[22649,7,19,[[22650,0],[22648,0],[22905,0],[22904,0],[22393,0],]]
[22650,10,19,[[22649,0],[22651,0],[22906,0],[22394,0],]]
[22651,16,19,[[22652,0],[22650,0],[22907,0],[22906,0],[22395,0],]]
[22652,7,19,[[22651,0],[22653,0],[22908,0],[22396,0],]]
[22653,5,19,[[22654,0],[22652,0],[22909,0],[22908,0],[22397,0],]]
[22654,1,19,[[22653,0],[22655,0],[22910,0],[22398,0],]]
[22655,2,19,[[22656,0],[22654,0],[22911,0],[22910,0],[22399,0],]]
[22656,7,20,[[22655,0],[22657,0],[22912,0],[22400,0],]]
[22657,11,20,[[22658,0],[22656,0],[22913,0],[22912,0],[22401,0],]]
[22658,11,20,[[22657,0],[22659,0],[22914,0],[22402,0],]]
[22659,6,20,[[22660,0],[22658,0],[22915,0],[22914,0],[22403,0],]]
[22660,2,20,[[22659,0],[22661,0],[22916,0],[22404,0],]]
[22661,10,20,[[22662,0],[22660,0],[22917,0],[22916,0],[22405,0],]]
[22662,16,20,[[22661,0],[22663,0],[22918,0],[22406,0],]]
[22663,13,20,[[22664,0],[22662,0],[22919,0],[22918,0],[22407,0],]]
[22664,14,20,[[22663,0],[22665,0],[22920,0],[22408,0],]]
[22665,2,20,[[22666,0],[22664,0],[22921,0],[22920,0],[22409,0],]]
[22666,1,20,[[22665,0],[22667,0],[22922,0],[22410,0],]]
[22667,1,20,[[22668,0],[22666,0],[22923,0],[22922,0],[22411,0],]]
[22668,10,20,[[22667,0],[22669,0],[22924,0],[22412,0],]]
[22669,6,20,[[22670,0],[22668,0],[22925,0],[22924,0],[22413,0],]]
[22670,9,20,[[22669,0],[22671,0],[22926,0],[22414,0],]]
[22671,18,20,[[22672,0],[22670,0],[22927,0],[22926,0],[22415,0],]]
[22672,3,20,[[22671,0],[22673,0],[22928,0],[22416,0],]]
[22673,2,20,[[22674,0],[22672,0],[22929,0],[22928,0],[22417,0],]]
[22674,14,20,[[22673,0],[22675,0],[22930,0],[22418,0],]]
[22675,12,20,[[22676,0],[22674,0],[22931,0],[22930,0],[22419,0],]]
[22676,1,20,[[22675,0],[22677,0],[22932,0],[22420,0],]]
[22677,13,20,[[22678,0],[22676,0],[22933,0],[22932,0],[22421,0],]]
[22678,8,20,[[22677,0],[22679,0],[22934,0],[22422,0],]]
[22679,19,20,[[22680,0],[22678,0],[22935,0],[22934,0],[22423,0],]]
[22680,10,20,[[22679,0],[22681,0],[22936,0],[22424,0],]]
[22681,11,20,[[22682,0],[22680,0],[22937,0],[22936,0],[22425,0],]]
[22682,10,20,[[22681,0],[22683,0],[22938,0],[22426,0],]]
[22683,18,20,[[22684,0],[22682,0],[22939,0],[22938,0],[22427,0],]]
[22684,12,20,[[22683,0],[22685,0],[22940,0],[22428,0],]]
[22685,18,20,[[22686,0],[22684,0],[22941,0],[22940,0],[22429,0],]]
[22686,6,20,[[22685,0],[22687,0],[22942,0],[22430,0],]]
[22687,9,20,[[22688,0],[22686,0],[22943,0],[22942,0],[22431,0],]]
[22688,7,21,[[22687,0],[22689,0],[22944,0],[22432,0],]]
[22689,11,21,[[22690,0],[22688,0],[22945,0],[22944,0],[22433,0],]]
[22690,4,21,[[22689,0],[22691,0],[22946,0],[22434,0],]]
[22691,17,21,[[22692,0],[22690,0],[22947,0],[22946,0],[22435,0],]]
[22692,18,21,[[22691,0],[22693,0],[22948,0],[22436,0],]]
[22693,6,21,[[22694,0],[22692,0],[22949,0],[22948,0],[22437,0],]]
[22694,11,21,[[22693,0],[22695,0],[22950,0],[22438,0],]]
[22695,4,21,[[22696,0],[22694,0],[22951,0],[22950,0],[22439,0],]]
[22696,14,21,[[22695,0],[22697,0],[22952,0],[22440,0],]]
[22697,6,21,[[22698,0],[22696,0],[22953,0],[22952,0],[22441,0],]]
[22698,15,21,[[22697,0],[22699,0],[22954,0],[22442,0],]]
[22699,9,21,[[22700,0],[22698,0],[22955,0],[22954,0],[22443,0],]]
[22700,1,21,[[22699,0],[22701,0],[22956,0],[22444,0],]]
[22701,16,21,[[22702,0],[22700,0],[22957,0],[22956,0],[22445,0],]]
[22702,1,21,[[22701,0],[22703,0],[22958,0],[22446,0],]]
[22703,4,21,[[22704,0],[22702,0],[22959,0],[22958,0],[22447,0],]]
[22704,15,21,[[22703,0],[22705,0],[22960,0],[22448,0],]]
[22705,17,21,[[22706,0],[22704,0],[22961,0],[22960,0],[22449,0],]]
[22706,6,21,[[22705,0],[22707,0],[22962,0],[22450,0],]]
[22707,4,21,[[22708,0],[22706,0],[22963,0],[22962,0],[22451,0],]]
[22708,6,21,[[22707,0],[22709,0],[22964,0],[22452,0],]]
[22709,1,21,[[22710,0],[22708,0],[22965,0],[22964,0],[22453,0],]]
[22710,17,21,[[22709,0],[22711,0],[22966,0],[22454,0],]]
[22711,12,21,[[22712,0],[22710,0],[22967,0],[22966,0],[22455,0],]]
[22712,11,21,[[22711,0],[22713,0],[22968,0],[22456,0],]]
[22713,1,21,[[22714,0],[22712,0],[22969,0],[22968,0],[22457,0],]]
[22714,3,21,[[22713,0],[22715,0],[22970,0],[22458,0],]]
[22715,5,21,[[22716,0],[22714,0],[22971,0],[22970,0],[22459,0],]]
[22716,5,21,[[22715,0],[22717,0],[22972,0],[22460,0],]]
[22717,6,21,[[22718,0],[22716,0],[22973,0],[22972,0],[22461,0],]]
[22718,5,21,[[22717,0],[22719,0],[22974,0],[22462,0],]]
[22719,4,21,[[22720,0],[22718,0],[22975,0],[22974,0],[22463,0],]]
[22720,18,22,[[22719,0],[22721,0],[22976,0],[22464,0],]]
[22721,7,22,[[22722,0],[22720,0],[22977,0],[22976,0],[22465,0],]]
[22722,9,22,[[22721,0],[22723,0],[22978,0],[22466,0],]]
[22723,9,22,[[22724,0],[22722,0],[22979,0],[22978,0],[22467,0],]]
[22724,15,22,[[22723,0],[22725,0],[22980,0],[22468,0],]]
[22725,1,22,[[22726,0],[22724,0],[22981,0],[22980,0],[22469,0],]]
[22726,11,22,[[22725,0],[22727,0],[22982,0],[22470,0],]]
[22727,1,22,[[22728,0],[22726,0],[22983,0],[22982,0],[22471,0],]]
[22728,17,22,[[22727,0],[22729,0],[22984,0],[22472,0],]]
[22729,10,22,[[22730,0],[22728,0],[22985,0],[22984,0],[22473,0],]]
[22730,9,22,[[22729,0],[22731,0],[22986,0],[22474,0],]]
[22731,6,22,[[22732,0],[22730,0],[22987,0],[22986,0],[22475,0],]]
[22732,2,22,[[22731,0],[22733,0],[22988,0],[22476,0],]]
[22733,13,22,[[22734,0],[22732,0],[22989,0],[22988,0],[22477,0],]]
[22734,8,22,[[22733,0],[22735,0],[22990,0],[22478,0],]]
[22735,15,22,[[22736,0],[22734,0],[22991,0],[22990,0],[22479,0],]]
[22736,5,22,[[22735,0],[22737,0],[22992,0],[22480,0],]]
[22737,18,22,[[22738,0],[22736,0],[22993,0],[22992,0],[22481,0],]]
[22738,2,22,[[22737,0],[22739,0],[22994,0],[22482,0],]]
[22739,13,22,[[22740,0],[22738,0],[22995,0],[22994,0],[22483,0],]]
[22740,2,22,[[22739,0],[22741,0],[22996,0],[22484,0],]]
[22741,19,22,[[22742,0],[22740,0],[22997,0],[22996,0],[22485,0],]]
[22742,2,22,[[22741,0],[22743,0],[22998,0],[22486,0],]]
[22743,12,22,[[22744,0],[22742,0],[22999,0],[22998,0],[22487,0],]]
[22744,6,22,[[22743,0],[22745,0],[23000,0],[22488,0],]]
[22745,6,22,[[22746,0],[22744,0],[23001,0],[23000,0],[22489,0],]]
[22746,5,22,[[22745,0],[22747,0],[23002,0],[22490,0],]]
[22747,6,22,[[22748,0],[22746,0],[23003,0],[23002,0],[22491,0],]]
[22748,8,22,[[22747,0],[22749,0],[23004,0],[22492,0],]]
[22749,9,22,[[22750,0],[22748,0],[23005,0],[23004,0],[22493,0],]]
[22750,15,22,[[22749,0],[22751,0],[23006,0],[22494,0],]]
[22751,3,22,[[22752,0],[22750,0],[23007,0],[23006,0],[22495,0],]]
[22752,16,23,[[22751,0],[22753,0],[23008,0],[22496,0],]]
[22753,8,23,[[22754,0],[22752,0],[23009,0],[23008,0],[22497,0],]]
[22754,18,23,[[22753,0],[22755,0],[23010,0],[22498,0],]]
[22755,8,23,[[22756,0],[22754,0],[23011,0],[23010,0],[22499,0],]]
[22756,16,23,[[22755,0],[22757,0],[23012,0],[22500,0],]]
[22757,18,23,[[22758,0],[22756,0],[23013,0],[23012,0],[22501,0],]]
[22758,16,23,[[22757,0],[22759,0],[23014,0],[22502,0],]]
[22759,1,23,[[22760,0],[22758,0],[23015,0],[23014,0],[22503,0],]]
[22760,1,23,[[22759,0],[22761,0],[23016,0],[22504,0],]]
[22761,19,23,[[22762,0],[22760,0],[23017,0],[23016,0],[22505,0],]]
[22762,17,23,[[22761,0],[22763,0],[23018,0],[22506,0],]]
[22763,16,23,[[22764,0],[22762,0],[23019,0],[23018,0],[22507,0],]]
[22764,16,23,[[22763,0],[22765,0],[23020,0],[22508,0],]]
[22765,9,23,[[22766,0],[22764,0],[23021,0],[23020,0],[22509,0],]]
[22766,3,23,[[22765,0],[22767,0],[23022,0],[22510,0],]]
[22767,7,23,[[22768,0],[22766,0],[23023,0],[23022,0],[22511,0],]]
[22768,1,23,[[22767,0],[22769,0],[23024,0],[22512,0],]]
[22769,1,23,[[22770,0],[22768,0],[23025,0],[23024,0],[22513,0],]]
[22770,4,23,[[22769,0],[22771,0],[23026,0],[22514,0],]]
[22771,5,23,[[22772,0],[22770,0],[23027,0],[23026,0],[22515,0],]]
[22772,14,23,[[22771,0],[22773,0],[23028,0],[22516,0],]]
[22773,3,23,[[22774,0],[22772,0],[23029,0],[23028,0],[22517,0],]]
[22774,10,23,[[22773,0],[22775,0],[23030,0],[22518,0],]]
[22775,5,23,[[22776,0],[22774,0],[23031,0],[23030,0],[22519,0],]]
[22776,16,23,[[22775,0],[22777,0],[23032,0],[22520,0],]]
[22777,15,23,[[22778,0],[22776,0],[23033,0],[23032,0],[22521,0],]]
[22778,3,23,[[22777,0],[22779,0],[23034,0],[22522,0],]]
[22779,3,23,[[22780,0],[22778,0],[23035,0],[23034,0],[22523,0],]]
[22780,3,23,[[22779,0],[22781,0],[23036,0],[22524,0],]]
[22781,7,23,[[22782,0],[22780,0],[23037,0],[23036,0],[22525,0],]]
[22782,14,23,[[22781,0],[22783,0],[23038,0],[22526,0],]]
[22783,3,23,[[22782,0],[23039,0],[23038,0],[22527,0],]]
[22784,2,16,[[22785,0],[22528,0],[22529,0],[23040,0],]]
[22785,10,16,[[22786,0],[22784,0],[22529,0],[23041,0],]]
[22786,1,16,[[22785,0],[22787,0],[22530,0],[22531,0],[23042,0],]]
[22787,4,16,[[22788,0],[22786,0],[22531,0],[23043,0],]]
[22788,14,16,[[22787,0],[22789,0],[22532,0],[22533,0],[23044,0],]]
[22789,8,16,[[22790,0],[22788,0],[22533,0],[23045,0],]]
[22790,15,16,[[22789,0],[22791,0],[22534,0],[22535,0],[23046,0],]]
[22791,2,16,[[22792,0],[22790,0],[22535,0],[23047,0],]]
[22792,16,16,[[22791,0],[22793,0],[22536,0],[22537,0],[23048,0],]]
[22793,6,16,[[22794,0],[22792,0],[22537,0],[23049,0],]]
[22794,3,16,[[22793,0],[22795,0],[22538,0],[22539,0],[23050,0],]]
[22795,5,16,[[22796,0],[22794,0],[22539,0],[23051,0],]]
[22796,15,16,[[22795,0],[22797,0],[22540,0],[22541,0],[23052,0],]]
[22797,5,16,[[22798,0],[22796,0],[22541,0],[23053,0],]]
[22798,13,16,[[22797,0],[22799,0],[22542,0],[22543,0],[23054,0],]]
[22799,9,16,[[22800,0],[22798,0],[22543,0],[23055,0],]]
[22800,15,16,[[22799,0],[22801,0],[22544,0],[22545,0],[23056,0],]]
[22801,17,16,[[22802,0],[22800,0],[22545,0],[23057,0],]]
[22802,9,16,[[22801,0],[22803,0],[22546,0],[22547,0],[23058,0],]]
[22803,15,16,[[22804,0],[22802,0],[22547,0],[23059,0],]]
[22804,9,16,[[22803,0],[22805,0],[22548,0],[22549,0],[23060,0],]]
[22805,14,16,[[22806,0],[22804,0],[22549,0],[23061,0],]]
[22806,11,16,[[22805,0],[22807,0],[22550,0],[22551,0],[23062,0],]]
[22807,5,16,[[22808,0],[22806,0],[22551,0],[23063,0],]]
[22808,12,16,[[22807,0],[22809,0],[22552,0],[22553,0],[23064,0],]]
[22809,16,16,[[22810,0],[22808,0],[22553,0],[23065,0],]]
[22810,13,16,[[22809,0],[22811,0],[22554,0],[22555,0],[23066,0],]]
[22811,11,16,[[22812,0],[22810,0],[22555,0],[23067,0],]]
[22812,4,16,[[22811,0],[22813,0],[22556,0],[22557,0],[23068,0],]]
[22813,5,16,[[22814,0],[22812,0],[22557,0],[23069,0],]]
[22814,18,16,[[22813,0],[22815,0],[22558,0],[22559,0],[23070,0],]]
[22815,8,16,[[22816,0],[22814,0],[22559,0],[23071,0],]]
[22816,11,17,[[22815,0],[22817,0],[22560,0],[22561,0],[23072,0],]]
[22817,4,17,[[22818,0],[22816,0],[22561,0],[23073,0],]]
[22818,5,17,[[22817,0],[22819,0],[22562,0],[22563,0],[23074,0],]]
[22819,6,17,[[22820,0],[22818,0],[22563,0],[23075,0],]]
[22820,2,17,[[22819,0],[22821,0],[22564,0],[22565,0],[23076,0],]]
[22821,7,17,[[22822,0],[22820,0],[22565,0],[23077,0],]]
[22822,4,17,[[22821,0],[22823,0],[22566,0],[22567,0],[23078,0],]]
[22823,13,17,[[22824,0],[22822,0],[22567,0],[23079,0],]]
[22824,3,17,[[22823,0],[22825,0],[22568,0],[22569,0],[23080,0],]]
[22825,6,17,[[22826,0],[22824,0],[22569,0],[23081,0],]]
[22826,3,17,[[22825,0],[22827,0],[22570,0],[22571,0],[23082,0],]]
[22827,11,17,[[22828,0],[22826,0],[22571,0],[23083,0],]]
[22828,11,17,[[22827,0],[22829,0],[22572,0],[22573,0],[23084,0],]]
[22829,7,17,[[22830,0],[22828,0],[22573,0],[23085,0],]]
[22830,16,17,[[22829,0],[22831,0],[22574,0],[22575,0],[23086,0],]]
[22831,15,17,[[22832,0],[22830,0],[22575,0],[23087,0],]]
[22832,5,17,[[22831,0],[22833,0],[22576,0],[22577,0],[23088,0],]]
[22833,8,17,[[22834,0],[22832,0],[22577,0],[23089,0],]]
[22834,12,17,[[22833,0],[22835,0],[22578,0],[22579,0],[23090,0],]]
[22835,16,17,[[22836,0],[22834,0],[22579,0],[23091,0],]]
[22836,17,17,[[22835,0],[22837,0],[22580,0],[22581,0],[23092,0],]]
[22837,12,17,[[22838,0],[22836,0],[22581,0],[23093,0],]]
[22838,4,17,[[22837,0],[22839,0],[22582,0],[22583,0],[23094,0],]]
[22839,6,17,[[22840,0],[22838,0],[22583,0],[23095,0],]]
[22840,8,17,[[22839,0],[22841,0],[22584,0],[22585,0],[23096,0],]]
[22841,11,17,[[22842,0],[22840,0],[22585,0],[23097,0],]]
[22842,16,17,[[22841,0],[22843,0],[22586,0],[22587,0],[23098,0],]]
[22843,13,17,[[22844,0],[22842,0],[22587,0],[23099,0],]]
[22844,3,17,[[22843,0],[22845,0],[22588,0],[22589,0],[23100,0],]]
[22845,10,17,[[22846,0],[22844,0],[22589,0],[23101,0],]]
[22846,13,17,[[22845,0],[22847,0],[22590,0],[22591,0],[23102,0],]]
[22847,8,17,[[22848,0],[22846,0],[22591,0],[23103,0],]]
[22848,6,18,[[22847,0],[22849,0],[22592,0],[22593,0],[23104,0],]]
[22849,10,18,[[22850,0],[22848,0],[22593,0],[23105,0],]]
[22850,18,18,[[22849,0],[22851,0],[22594,0],[22595,0],[23106,0],]]
[22851,14,18,[[22852,0],[22850,0],[22595,0],[23107,0],]]
[22852,5,18,[[22851,0],[22853,0],[22596,0],[22597,0],[23108,0],]]
[22853,18,18,[[22854,0],[22852,0],[22597,0],[23109,0],]]
[22854,18,18,[[22853,0],[22855,0],[22598,0],[22599,0],[23110,0],]]
[22855,9,18,[[22856,0],[22854,0],[22599,0],[23111,0],]]
[22856,11,18,[[22855,0],[22857,0],[22600,0],[22601,0],[23112,0],]]
[22857,2,18,[[22858,0],[22856,0],[22601,0],[23113,0],]]
[22858,10,18,[[22857,0],[22859,0],[22602,0],[22603,0],[23114,0],]]
[22859,9,18,[[22860,0],[22858,0],[22603,0],[23115,0],]]
[22860,14,18,[[22859,0],[22861,0],[22604,0],[22605,0],[23116,0],]]
[22861,10,18,[[22862,0],[22860,0],[22605,0],[23117,0],]]
[22862,2,18,[[22861,0],[22863,0],[22606,0],[22607,0],[23118,0],]]
[22863,7,18,[[22864,0],[22862,0],[22607,0],[23119,0],]]
[22864,18,18,[[22863,0],[22865,0],[22608,0],[22609,0],[23120,0],]]
[22865,4,18,[[22866,0],[22864,0],[22609,0],[23121,0],]]
[22866,5,18,[[22865,0],[22867,0],[22610,0],[22611,0],[23122,0],]]
[22867,2,18,[[22868,0],[22866,0],[22611,0],[23123,0],]]
[22868,16,18,[[22867,0],[22869,0],[22612,0],[22613,0],[23124,0],]]
[22869,13,18,[[22870,0],[22868,0],[22613,0],[23125,0],]]
[22870,5,18,[[22869,0],[22871,0],[22614,0],[22615,0],[23126,0],]]
[22871,2,18,[[22872,0],[22870,0],[22615,0],[23127,0],]]
[22872,8,18,[[22871,0],[22873,0],[22616,0],[22617,0],[23128,0],]]
[22873,13,18,[[22874,0],[22872,0],[22617,0],[23129,0],]]
[22874,17,18,[[22873,0],[22875,0],[22618,0],[22619,0],[23130,0],]]
[22875,4,18,[[22876,0],[22874,0],[22619,0],[23131,0],]]
[22876,7,18,[[22875,0],[22877,0],[22620,0],[22621,0],[23132,0],]]
[22877,3,18,[[22878,0],[22876,0],[22621,0],[23133,0],]]
[22878,13,18,[[22877,0],[22879,0],[22622,0],[22623,0],[23134,0],]]
[22879,6,18,[[22880,0],[22878,0],[22623,0],[23135,0],]]
[22880,1,19,[[22879,0],[22881,0],[22624,0],[22625,0],[23136,0],]]
[22881,3,19,[[22882,0],[22880,0],[22625,0],[23137,0],]]
[22882,5,19,[[22881,0],[22883,0],[22626,0],[22627,0],[23138,0],]]
[22883,5,19,[[22884,0],[22882,0],[22627,0],[23139,0],]]
[22884,16,19,[[22883,0],[22885,0],[22628,0],[22629,0],[23140,0],]]
[22885,11,19,[[22886,0],[22884,0],[22629,0],[23141,0],]]
[22886,15,19,[[22885,0],[22887,0],[22630,0],[22631,0],[23142,0],]]
[22887,13,19,[[22888,0],[22886,0],[22631,0],[23143,0],]]
[22888,17,19,[[22887,0],[22889,0],[22632,0],[22633,0],[23144,0],]]
[22889,4,19,[[22890,0],[22888,0],[22633,0],[23145,0],]]
[22890,14,19,[[22889,0],[22891,0],[22634,0],[22635,0],[23146,0],]]
[22891,12,19,[[22892,0],[22890,0],[22635,0],[23147,0],]]
[22892,3,19,[[22891,0],[22893,0],[22636,0],[22637,0],[23148,0],]]
[22893,11,19,[[22894,0],[22892,0],[22637,0],[23149,0],]]
[22894,9,19,[[22893,0],[22895,0],[22638,0],[22639,0],[23150,0],]]
[22895,14,19,[[22896,0],[22894,0],[22639,0],[23151,0],]]
[22896,9,19,[[22895,0],[22897,0],[22640,0],[22641,0],[23152,0],]]
[22897,16,19,[[22898,0],[22896,0],[22641,0],[23153,0],]]
[22898,9,19,[[22897,0],[22899,0],[22642,0],[22643,0],[23154,0],]]
[22899,16,19,[[22900,0],[22898,0],[22643,0],[23155,0],]]
[22900,3,19,[[22899,0],[22901,0],[22644,0],[22645,0],[23156,0],]]
[22901,15,19,[[22902,0],[22900,0],[22645,0],[23157,0],]]
[22902,5,19,[[22901,0],[22903,0],[22646,0],[22647,0],[23158,0],]]
[22903,15,19,[[22904,0],[22902,0],[22647,0],[23159,0],]]
[22904,15,19,[[22903,0],[22905,0],[22648,0],[22649,0],[23160,0],]]
[22905,18,19,[[22906,0],[22904,0],[22649,0],[23161,0],]]
[22906,1,19,[[22905,0],[22907,0],[22650,0],[22651,0],[23162,0],]]
[22907,8,19,[[22908,0],[22906,0],[22651,0],[23163,0],]]
[22908,1,19,[[22907,0],[22909,0],[22652,0],[22653,0],[23164,0],]]
[22909,16,19,[[22910,0],[22908,0],[22653,0],[23165,0],]]
[22910,3,19,[[22909,0],[22911,0],[22654,0],[22655,0],[23166,0],]]
[22911,12,19,[[22912,0],[22910,0],[22655,0],[23167,0],]]
[22912,13,20,[[22911,0],[22913,0],[22656,0],[22657,0],[23168,0],]]
[22913,6,20,[[22914,0],[22912,0],[22657,0],[23169,0],]]
[22914,14,20,[[22913,0],[22915,0],[22658,0],[22659,0],[23170,0],]]
[22915,7,20,[[22916,0],[22914,0],[22659,0],[23171,0],]]
[22916,17,20,[[22915,0],[22917,0],[22660,0],[22661,0],[23172,0],]]
[22917,8,20,[[22918,0],[22916,0],[22661,0],[23173,0],]]
[22918,17,20,[[22917,0],[22919,0],[22662,0],[22663,0],[23174,0],]]
[22919,4,20,[[22920,0],[22918,0],[22663,0],[23175,0],]]
[22920,11,20,[[22919,0],[22921,0],[22664,0],[22665,0],[23176,0],]]
[22921,1,20,[[22922,0],[22920,0],[22665,0],[23177,0],]]
[22922,2,20,[[22921,0],[22923,0],[22666,0],[22667,0],[23178,0],]]
[22923,5,20,[[22924,0],[22922,0],[22667,0],[23179,0],]]
[22924,15,20,[[22923,0],[22925,0],[22668,0],[22669,0],[23180,0],]]
[22925,1,20,[[22926,0],[22924,0],[22669,0],[23181,0],]]
[22926,18,20,[[22925,0],[22927,0],[22670,0],[22671,0],[23182,0],]]
[22927,1,20,[[22928,0],[22926,0],[22671,0],[23183,0],]]
[22928,19,20,[[22927,0],[22929,0],[22672,0],[22673,0],[23184,0],]]
[22929,19,20,[[22930,0],[22928,0],[22673,0],[23185,0],]]
[22930,9,20,[[22929,0],[22931,0],[22674,0],[22675,0],[23186,0],]]
[22931,12,20,[[22932,0],[22930,0],[22675,0],[23187,0],]]
[22932,12,20,[[22931,0],[22933,0],[22676,0],[22677,0],[23188,0],]]
[22933,5,20,[[22934,0],[22932,0],[22677,0],[23189,0],]]
[22934,18,20,[[22933,0],[22935,0],[22678,0],[22679,0],[23190,0],]]
[22935,10,20,[[22936,0],[22934,0],[22679,0],[23191,0],]]
[22936,1,20,[[22935,0],[22937,0],[22680,0],[22681,0],[23192,0],]]
