[20316,3,18,[[20315,0],[20317,0],[20060,0],[20061,0],[20572,0],]]
[20317,15,18,[[20318,0],[20316,0],[20061,0],[20573,0],]]
[20318,8,18,[[20317,0],[20319,0],[20062,0],[20063,0],[20574,0],]]
[20319,13,18,[[20320,0],[20318,0],[20063,0],[20575,0],]]
[20320,6,19,[[20319,0],[20321,0],[20064,0],[20065,0],[20576,0],]]
[20321,15,19,[[20322,0],[20320,0],[20065,0],[20577,0],]]
[20322,16,19,[[20321,0],[20323,0],[20066,0],[20067,0],[20578,0],]]
[20323,13,19,[[20324,0],[20322,0],[20067,0],[20579,0],]]
[20324,7,19,[[20323,0],[20325,0],[20068,0],[20069,0],[20580,0],]]
[20325,17,19,[[20326,0],[20324,0],[20069,0],[20581,0],]]
[20326,9,19,[[20325,0],[20327,0],[20070,0],[20071,0],[20582,0],]]
[20327,3,19,[[20328,0],[20326,0],[20071,0],[20583,0],]]
[20328,10,19,[[20327,0],[20329,0],[20072,0],[20073,0],[20584,0],]]
[20329,14,19,[[20330,0],[20328,0],[20073,0],[20585,0],]]
[20330,7,19,[[20329,0],[20331,0],[20074,0],[20075,0],[20586,0],]]
[20331,6,19,[[20332,0],[20330,0],[20075,0],[20587,0],]]
[20332,18,19,[[20331,0],[20333,0],[20076,0],[20077,0],[20588,0],]]
[20333,8,19,[[20334,0],[20332,0],[20077,0],[20589,0],]]
[20334,6,19,[[20333,0],[20335,0],[20078,0],[20079,0],[20590,0],]]
[20335,11,19,[[20336,0],[20334,0],[20079,0],[20591,0],]]
[20336,3,19,[[20335,0],[20337,0],[20080,0],[20081,0],[20592,0],]]
[20337,7,19,[[20338,0],[20336,0],[20081,0],[20593,0],]]
[20338,17,19,[[20337,0],[20339,0],[20082,0],[20083,0],[20594,0],]]
[20339,11,19,[[20340,0],[20338,0],[20083,0],[20595,0],]]
[20340,13,19,[[20339,0],[20341,0],[20084,0],[20085,0],[20596,0],]]
[20341,12,19,[[20342,0],[20340,0],[20085,0],[20597,0],]]
[20342,6,19,[[20341,0],[20343,0],[20086,0],[20087,0],[20598,0],]]
[20343,4,19,[[20344,0],[20342,0],[20087,0],[20599,0],]]
[20344,19,19,[[20343,0],[20345,0],[20088,0],[20089,0],[20600,0],]]
[20345,11,19,[[20346,0],[20344,0],[20089,0],[20601,0],]]
[20346,16,19,[[20345,0],[20347,0],[20090,0],[20091,0],[20602,0],]]
[20347,19,19,[[20348,0],[20346,0],[20091,0],[20603,0],]]
[20348,1,19,[[20347,0],[20349,0],[20092,0],[20093,0],[20604,0],]]
[20349,11,19,[[20350,0],[20348,0],[20093,0],[20605,0],]]
[20350,13,19,[[20349,0],[20351,0],[20094,0],[20095,0],[20606,0],]]
[20351,14,19,[[20352,0],[20350,0],[20095,0],[20607,0],]]
[20352,18,20,[[20351,0],[20353,0],[20096,0],[20097,0],[20608,0],]]
[20353,14,20,[[20354,0],[20352,0],[20097,0],[20609,0],]]
[20354,8,20,[[20353,0],[20355,0],[20098,0],[20099,0],[20610,0],]]
[20355,15,20,[[20356,0],[20354,0],[20099,0],[20611,0],]]
[20356,11,20,[[20355,0],[20357,0],[20100,0],[20101,0],[20612,0],]]
[20357,15,20,[[20358,0],[20356,0],[20101,0],[20613,0],]]
[20358,11,20,[[20357,0],[20359,0],[20102,0],[20103,0],[20614,0],]]
[20359,15,20,[[20360,0],[20358,0],[20103,0],[20615,0],]]
[20360,12,20,[[20359,0],[20361,0],[20104,0],[20105,0],[20616,0],]]
[20361,19,20,[[20362,0],[20360,0],[20105,0],[20617,0],]]
[20362,5,20,[[20361,0],[20363,0],[20106,0],[20107,0],[20618,0],]]
[20363,19,20,[[20364,0],[20362,0],[20107,0],[20619,0],]]
[20364,9,20,[[20363,0],[20365,0],[20108,0],[20109,0],[20620,0],]]
[20365,18,20,[[20366,0],[20364,0],[20109,0],[20621,0],]]
[20366,18,20,[[20365,0],[20367,0],[20110,0],[20111,0],[20622,0],]]
[20367,10,20,[[20368,0],[20366,0],[20111,0],[20623,0],]]
[20368,9,20,[[20367,0],[20369,0],[20112,0],[20113,0],[20624,0],]]
[20369,5,20,[[20370,0],[20368,0],[20113,0],[20625,0],]]
[20370,15,20,[[20369,0],[20371,0],[20114,0],[20115,0],[20626,0],]]
[20371,5,20,[[20372,0],[20370,0],[20115,0],[20627,0],]]
[20372,2,20,[[20371,0],[20373,0],[20116,0],[20117,0],[20628,0],]]
[20373,14,20,[[20374,0],[20372,0],[20117,0],[20629,0],]]
[20374,17,20,[[20373,0],[20375,0],[20118,0],[20119,0],[20630,0],]]
[20375,1,20,[[20376,0],[20374,0],[20119,0],[20631,0],]]
[20376,4,20,[[20375,0],[20377,0],[20120,0],[20121,0],[20632,0],]]
[20377,6,20,[[20378,0],[20376,0],[20121,0],[20633,0],]]
[20378,7,20,[[20377,0],[20379,0],[20122,0],[20123,0],[20634,0],]]
[20379,19,20,[[20380,0],[20378,0],[20123,0],[20635,0],]]
[20380,8,20,[[20379,0],[20381,0],[20124,0],[20125,0],[20636,0],]]
[20381,18,20,[[20382,0],[20380,0],[20125,0],[20637,0],]]
[20382,19,20,[[20381,0],[20383,0],[20126,0],[20127,0],[20638,0],]]
[20383,6,20,[[20384,0],[20382,0],[20127,0],[20639,0],]]
[20384,3,21,[[20383,0],[20385,0],[20128,0],[20129,0],[20640,0],]]
[20385,3,21,[[20386,0],[20384,0],[20129,0],[20641,0],]]
[20386,10,21,[[20385,0],[20387,0],[20130,0],[20131,0],[20642,0],]]
[20387,14,21,[[20388,0],[20386,0],[20131,0],[20643,0],]]
[20388,12,21,[[20387,0],[20389,0],[20132,0],[20133,0],[20644,0],]]
[20389,1,21,[[20390,0],[20388,0],[20133,0],[20645,0],]]
[20390,14,21,[[20389,0],[20391,0],[20134,0],[20135,0],[20646,0],]]
[20391,15,21,[[20392,0],[20390,0],[20135,0],[20647,0],]]
[20392,1,21,[[20391,0],[20393,0],[20136,0],[20137,0],[20648,0],]]
[20393,15,21,[[20394,0],[20392,0],[20137,0],[20649,0],]]
[20394,9,21,[[20393,0],[20395,0],[20138,0],[20139,0],[20650,0],]]
[20395,7,21,[[20396,0],[20394,0],[20139,0],[20651,0],]]
[20396,4,21,[[20395,0],[20397,0],[20140,0],[20141,0],[20652,0],]]
[20397,10,21,[[20398,0],[20396,0],[20141,0],[20653,0],]]
[20398,14,21,[[20397,0],[20399,0],[20142,0],[20143,0],[20654,0],]]
[20399,10,21,[[20400,0],[20398,0],[20143,0],[20655,0],]]
[20400,14,21,[[20399,0],[20401,0],[20144,0],[20145,0],[20656,0],]]
[20401,3,21,[[20402,0],[20400,0],[20145,0],[20657,0],]]
[20402,10,21,[[20401,0],[20403,0],[20146,0],[20147,0],[20658,0],]]
[20403,3,21,[[20404,0],[20402,0],[20147,0],[20659,0],]]
[20404,16,21,[[20403,0],[20405,0],[20148,0],[20149,0],[20660,0],]]
[20405,2,21,[[20406,0],[20404,0],[20149,0],[20661,0],]]
[20406,10,21,[[20405,0],[20407,0],[20150,0],[20151,0],[20662,0],]]
[20407,1,21,[[20408,0],[20406,0],[20151,0],[20663,0],]]
[20408,12,21,[[20407,0],[20409,0],[20152,0],[20153,0],[20664,0],]]
[20409,18,21,[[20410,0],[20408,0],[20153,0],[20665,0],]]
[20410,7,21,[[20409,0],[20411,0],[20154,0],[20155,0],[20666,0],]]
[20411,10,21,[[20412,0],[20410,0],[20155,0],[20667,0],]]
[20412,2,21,[[20411,0],[20413,0],[20156,0],[20157,0],[20668,0],]]
[20413,3,21,[[20414,0],[20412,0],[20157,0],[20669,0],]]
[20414,5,21,[[20413,0],[20415,0],[20158,0],[20159,0],[20670,0],]]
[20415,19,21,[[20416,0],[20414,0],[20159,0],[20671,0],]]
[20416,11,22,[[20415,0],[20417,0],[20160,0],[20161,0],[20672,0],]]
[20417,7,22,[[20418,0],[20416,0],[20161,0],[20673,0],]]
[20418,11,22,[[20417,0],[20419,0],[20162,0],[20163,0],[20674,0],]]
[20419,15,22,[[20420,0],[20418,0],[20163,0],[20675,0],]]
[20420,15,22,[[20419,0],[20421,0],[20164,0],[20165,0],[20676,0],]]
[20421,13,22,[[20422,0],[20420,0],[20165,0],[20677,0],]]
[20422,8,22,[[20421,0],[20423,0],[20166,0],[20167,0],[20678,0],]]
[20423,18,22,[[20424,0],[20422,0],[20167,0],[20679,0],]]
[20424,12,22,[[20423,0],[20425,0],[20168,0],[20169,0],[20680,0],]]
[20425,15,22,[[20426,0],[20424,0],[20169,0],[20681,0],]]
[20426,2,22,[[20425,0],[20427,0],[20170,0],[20171,0],[20682,0],]]
[20427,11,22,[[20428,0],[20426,0],[20171,0],[20683,0],]]
[20428,12,22,[[20427,0],[20429,0],[20172,0],[20173,0],[20684,0],]]
[20429,9,22,[[20430,0],[20428,0],[20173,0],[20685,0],]]
[20430,15,22,[[20429,0],[20431,0],[20174,0],[20175,0],[20686,0],]]
[20431,6,22,[[20432,0],[20430,0],[20175,0],[20687,0],]]
[20432,11,22,[[20431,0],[20433,0],[20176,0],[20177,0],[20688,0],]]
[20433,15,22,[[20434,0],[20432,0],[20177,0],[20689,0],]]
[20434,8,22,[[20433,0],[20435,0],[20178,0],[20179,0],[20690,0],]]
[20435,4,22,[[20436,0],[20434,0],[20179,0],[20691,0],]]
[20436,6,22,[[20435,0],[20437,0],[20180,0],[20181,0],[20692,0],]]
[20437,9,22,[[20438,0],[20436,0],[20181,0],[20693,0],]]
[20438,16,22,[[20437,0],[20439,0],[20182,0],[20183,0],[20694,0],]]
[20439,19,22,[[20440,0],[20438,0],[20183,0],[20695,0],]]
[20440,7,22,[[20439,0],[20441,0],[20184,0],[20185,0],[20696,0],]]
[20441,13,22,[[20442,0],[20440,0],[20185,0],[20697,0],]]
[20442,15,22,[[20441,0],[20443,0],[20186,0],[20187,0],[20698,0],]]
[20443,10,22,[[20444,0],[20442,0],[20187,0],[20699,0],]]
[20444,2,22,[[20443,0],[20445,0],[20188,0],[20189,0],[20700,0],]]
[20445,8,22,[[20446,0],[20444,0],[20189,0],[20701,0],]]
[20446,17,22,[[20445,0],[20447,0],[20190,0],[20191,0],[20702,0],]]
[20447,2,22,[[20448,0],[20446,0],[20191,0],[20703,0],]]
[20448,11,23,[[20447,0],[20449,0],[20192,0],[20193,0],[20704,0],]]
[20449,7,23,[[20450,0],[20448,0],[20193,0],[20705,0],]]
[20450,4,23,[[20449,0],[20451,0],[20194,0],[20195,0],[20706,0],]]
[20451,11,23,[[20452,0],[20450,0],[20195,0],[20707,0],]]
[20452,3,23,[[20451,0],[20453,0],[20196,0],[20197,0],[20708,0],]]
[20453,2,23,[[20454,0],[20452,0],[20197,0],[20709,0],]]
[20454,12,23,[[20453,0],[20455,0],[20198,0],[20199,0],[20710,0],]]
[20455,14,23,[[20456,0],[20454,0],[20199,0],[20711,0],]]
[20456,18,23,[[20455,0],[20457,0],[20200,0],[20201,0],[20712,0],]]
[20457,9,23,[[20458,0],[20456,0],[20201,0],[20713,0],]]
[20458,16,23,[[20457,0],[20459,0],[20202,0],[20203,0],[20714,0],]]
[20459,16,23,[[20460,0],[20458,0],[20203,0],[20715,0],]]
[20460,2,23,[[20459,0],[20461,0],[20204,0],[20205,0],[20716,0],]]
[20461,15,23,[[20462,0],[20460,0],[20205,0],[20717,0],]]
[20462,2,23,[[20461,0],[20463,0],[20206,0],[20207,0],[20718,0],]]
[20463,17,23,[[20464,0],[20462,0],[20207,0],[20719,0],]]
[20464,8,23,[[20463,0],[20465,0],[20208,0],[20209,0],[20720,0],]]
[20465,14,23,[[20466,0],[20464,0],[20209,0],[20721,0],]]
[20466,3,23,[[20465,0],[20467,0],[20210,0],[20211,0],[20722,0],]]
[20467,16,23,[[20468,0],[20466,0],[20211,0],[20723,0],]]
[20468,6,23,[[20467,0],[20469,0],[20212,0],[20213,0],[20724,0],]]
[20469,2,23,[[20470,0],[20468,0],[20213,0],[20725,0],]]
[20470,17,23,[[20469,0],[20471,0],[20214,0],[20215,0],[20726,0],]]
[20471,2,23,[[20472,0],[20470,0],[20215,0],[20727,0],]]
[20472,13,23,[[20471,0],[20473,0],[20216,0],[20217,0],[20728,0],]]
[20473,2,23,[[20474,0],[20472,0],[20217,0],[20729,0],]]
[20474,14,23,[[20473,0],[20475,0],[20218,0],[20219,0],[20730,0],]]
[20475,19,23,[[20476,0],[20474,0],[20219,0],[20731,0],]]
[20476,1,23,[[20475,0],[20477,0],[20220,0],[20221,0],[20732,0],]]
[20477,11,23,[[20478,0],[20476,0],[20221,0],[20733,0],]]
[20478,8,23,[[20477,0],[20479,0],[20222,0],[20223,0],[20734,0],]]
[20479,8,23,[[20478,0],[20223,0],[20735,0],]]
[20480,4,16,[[20481,0],[20736,0],[20224,0],]]
[20481,12,16,[[20482,0],[20480,0],[20737,0],[20736,0],[20225,0],]]
[20482,2,16,[[20481,0],[20483,0],[20738,0],[20226,0],]]
[20483,19,16,[[20484,0],[20482,0],[20739,0],[20738,0],[20227,0],]]
[20484,17,16,[[20483,0],[20485,0],[20740,0],[20228,0],]]
[20485,2,16,[[20486,0],[20484,0],[20741,0],[20740,0],[20229,0],]]
[20486,6,16,[[20485,0],[20487,0],[20742,0],[20230,0],]]
[20487,4,16,[[20488,0],[20486,0],[20743,0],[20742,0],[20231,0],]]
[20488,3,16,[[20487,0],[20489,0],[20744,0],[20232,0],]]
[20489,7,16,[[20490,0],[20488,0],[20745,0],[20744,0],[20233,0],]]
[20490,5,16,[[20489,0],[20491,0],[20746,0],[20234,0],]]
[20491,6,16,[[20492,0],[20490,0],[20747,0],[20746,0],[20235,0],]]
[20492,6,16,[[20491,0],[20493,0],[20748,0],[20236,0],]]
[20493,4,16,[[20494,0],[20492,0],[20749,0],[20748,0],[20237,0],]]
[20494,7,16,[[20493,0],[20495,0],[20750,0],[20238,0],]]
[20495,7,16,[[20496,0],[20494,0],[20751,0],[20750,0],[20239,0],]]
[20496,3,16,[[20495,0],[20497,0],[20752,0],[20240,0],]]
[20497,12,16,[[20498,0],[20496,0],[20753,0],[20752,0],[20241,0],]]
[20498,19,16,[[20497,0],[20499,0],[20754,0],[20242,0],]]
[20499,5,16,[[20500,0],[20498,0],[20755,0],[20754,0],[20243,0],]]
[20500,8,16,[[20499,0],[20501,0],[20756,0],[20244,0],]]
[20501,9,16,[[20502,0],[20500,0],[20757,0],[20756,0],[20245,0],]]
[20502,18,16,[[20501,0],[20503,0],[20758,0],[20246,0],]]
[20503,10,16,[[20504,0],[20502,0],[20759,0],[20758,0],[20247,0],]]
[20504,3,16,[[20503,0],[20505,0],[20760,0],[20248,0],]]
[20505,7,16,[[20506,0],[20504,0],[20761,0],[20760,0],[20249,0],]]
[20506,12,16,[[20505,0],[20507,0],[20762,0],[20250,0],]]
[20507,18,16,[[20508,0],[20506,0],[20763,0],[20762,0],[20251,0],]]
[20508,6,16,[[20507,0],[20509,0],[20764,0],[20252,0],]]
[20509,10,16,[[20510,0],[20508,0],[20765,0],[20764,0],[20253,0],]]
[20510,2,16,[[20509,0],[20511,0],[20766,0],[20254,0],]]
[20511,17,16,[[20512,0],[20510,0],[20767,0],[20766,0],[20255,0],]]
[20512,2,17,[[20511,0],[20513,0],[20768,0],[20256,0],]]
[20513,8,17,[[20514,0],[20512,0],[20769,0],[20768,0],[20257,0],]]
[20514,9,17,[[20513,0],[20515,0],[20770,0],[20258,0],]]
[20515,6,17,[[20516,0],[20514,0],[20771,0],[20770,0],[20259,0],]]
[20516,12,17,[[20515,0],[20517,0],[20772,0],[20260,0],]]
[20517,1,17,[[20518,0],[20516,0],[20773,0],[20772,0],[20261,0],]]
[20518,11,17,[[20517,0],[20519,0],[20774,0],[20262,0],]]
[20519,17,17,[[20520,0],[20518,0],[20775,0],[20774,0],[20263,0],]]
[20520,10,17,[[20519,0],[20521,0],[20776,0],[20264,0],]]
[20521,12,17,[[20522,0],[20520,0],[20777,0],[20776,0],[20265,0],]]
[20522,12,17,[[20521,0],[20523,0],[20778,0],[20266,0],]]
[20523,8,17,[[20524,0],[20522,0],[20779,0],[20778,0],[20267,0],]]
[20524,15,17,[[20523,0],[20525,0],[20780,0],[20268,0],]]
[20525,6,17,[[20526,0],[20524,0],[20781,0],[20780,0],[20269,0],]]
[20526,14,17,[[20525,0],[20527,0],[20782,0],[20270,0],]]
[20527,16,17,[[20528,0],[20526,0],[20783,0],[20782,0],[20271,0],]]
[20528,17,17,[[20527,0],[20529,0],[20784,0],[20272,0],]]
[20529,5,17,[[20530,0],[20528,0],[20785,0],[20784,0],[20273,0],]]
[20530,9,17,[[20529,0],[20531,0],[20786,0],[20274,0],]]
[20531,19,17,[[20532,0],[20530,0],[20787,0],[20786,0],[20275,0],]]
[20532,14,17,[[20531,0],[20533,0],[20788,0],[20276,0],]]
[20533,12,17,[[20534,0],[20532,0],[20789,0],[20788,0],[20277,0],]]
[20534,14,17,[[20533,0],[20535,0],[20790,0],[20278,0],]]
[20535,7,17,[[20536,0],[20534,0],[20791,0],[20790,0],[20279,0],]]
[20536,16,17,[[20535,0],[20537,0],[20792,0],[20280,0],]]
[20537,3,17,[[20538,0],[20536,0],[20793,0],[20792,0],[20281,0],]]
[20538,18,17,[[20537,0],[20539,0],[20794,0],[20282,0],]]
[20539,1,17,[[20540,0],[20538,0],[20795,0],[20794,0],[20283,0],]]
[20540,4,17,[[20539,0],[20541,0],[20796,0],[20284,0],]]
[20541,14,17,[[20542,0],[20540,0],[20797,0],[20796,0],[20285,0],]]
[20542,9,17,[[20541,0],[20543,0],[20798,0],[20286,0],]]
[20543,13,17,[[20544,0],[20542,0],[20799,0],[20798,0],[20287,0],]]
[20544,14,18,[[20543,0],[20545,0],[20800,0],[20288,0],]]
[20545,17,18,[[20546,0],[20544,0],[20801,0],[20800,0],[20289,0],]]
[20546,1,18,[[20545,0],[20547,0],[20802,0],[20290,0],]]
[20547,17,18,[[20548,0],[20546,0],[20803,0],[20802,0],[20291,0],]]
[20548,5,18,[[20547,0],[20549,0],[20804,0],[20292,0],]]
[20549,4,18,[[20550,0],[20548,0],[20805,0],[20804,0],[20293,0],]]
[20550,10,18,[[20549,0],[20551,0],[20806,0],[20294,0],]]
[20551,5,18,[[20552,0],[20550,0],[20807,0],[20806,0],[20295,0],]]
[20552,3,18,[[20551,0],[20553,0],[20808,0],[20296,0],]]
[20553,11,18,[[20554,0],[20552,0],[20809,0],[20808,0],[20297,0],]]
[20554,3,18,[[20553,0],[20555,0],[20810,0],[20298,0],]]
[20555,16,18,[[20556,0],[20554,0],[20811,0],[20810,0],[20299,0],]]
[20556,6,18,[[20555,0],[20557,0],[20812,0],[20300,0],]]
[20557,18,18,[[20558,0],[20556,0],[20813,0],[20812,0],[20301,0],]]
[20558,5,18,[[20557,0],[20559,0],[20814,0],[20302,0],]]
[20559,11,18,[[20560,0],[20558,0],[20815,0],[20814,0],[20303,0],]]
[20560,10,18,[[20559,0],[20561,0],[20816,0],[20304,0],]]
[20561,17,18,[[20562,0],[20560,0],[20817,0],[20816,0],[20305,0],]]
[20562,15,18,[[20561,0],[20563,0],[20818,0],[20306,0],]]
[20563,17,18,[[20564,0],[20562,0],[20819,0],[20818,0],[20307,0],]]
[20564,17,18,[[20563,0],[20565,0],[20820,0],[20308,0],]]
[20565,12,18,[[20566,0],[20564,0],[20821,0],[20820,0],[20309,0],]]
[20566,18,18,[[20565,0],[20567,0],[20822,0],[20310,0],]]
[20567,9,18,[[20568,0],[20566,0],[20823,0],[20822,0],[20311,0],]]
[20568,12,18,[[20567,0],[20569,0],[20824,0],[20312,0],]]
[20569,1,18,[[20570,0],[20568,0],[20825,0],[20824,0],[20313,0],]]
[20570,1,18,[[20569,0],[20571,0],[20826,0],[20314,0],]]
[20571,3,18,[[20572,0],[20570,0],[20827,0],[20826,0],[20315,0],]]
[20572,17,18,[[20571,0],[20573,0],[20828,0],[20316,0],]]
[20573,7,18,[[20574,0],[20572,0],[20829,0],[20828,0],[20317,0],]]
[20574,8,18,[[20573,0],[20575,0],[20830,0],[20318,0],]]
[20575,5,18,[[20576,0],[20574,0],[20831,0],[20830,0],[20319,0],]]
[20576,3,19,[[20575,0],[20577,0],[20832,0],[20320,0],]]
[20577,10,19,[[20578,0],[20576,0],[20833,0],[20832,0],[20321,0],]]
[20578,1,19,[[20577,0],[20579,0],[20834,0],[20322,0],]]
[20579,5,19,[[20580,0],[20578,0],[20835,0],[20834,0],[20323,0],]]
[20580,18,19,[[20579,0],[20581,0],[20836,0],[20324,0],]]
[20581,1,19,[[20582,0],[20580,0],[20837,0],[20836,0],[20325,0],]]
[20582,9,19,[[20581,0],[20583,0],[20838,0],[20326,0],]]
[20583,11,19,[[20584,0],[20582,0],[20839,0],[20838,0],[20327,0],]]
[20584,15,19,[[20583,0],[20585,0],[20840,0],[20328,0],]]
[20585,4,19,[[20586,0],[20584,0],[20841,0],[20840,0],[20329,0],]]
[20586,7,19,[[20585,0],[20587,0],[20842,0],[20330,0],]]
[20587,4,19,[[20588,0],[20586,0],[20843,0],[20842,0],[20331,0],]]
[20588,6,19,[[20587,0],[20589,0],[20844,0],[20332,0],]]
[20589,7,19,[[20590,0],[20588,0],[20845,0],[20844,0],[20333,0],]]
[20590,14,19,[[20589,0],[20591,0],[20846,0],[20334,0],]]
[20591,11,19,[[20592,0],[20590,0],[20847,0],[20846,0],[20335,0],]]
[20592,7,19,[[20591,0],[20593,0],[20848,0],[20336,0],]]
[20593,9,19,[[20594,0],[20592,0],[20849,0],[20848,0],[20337,0],]]
[20594,15,19,[[20593,0],[20595,0],[20850,0],[20338,0],]]
[20595,6,19,[[20596,0],[20594,0],[20851,0],[20850,0],[20339,0],]]
[20596,2,19,[[20595,0],[20597,0],[20852,0],[20340,0],]]
[20597,12,19,[[20598,0],[20596,0],[20853,0],[20852,0],[20341,0],]]
[20598,7,19,[[20597,0],[20599,0],[20854,0],[20342,0],]]
[20599,7,19,[[20600,0],[20598,0],[20855,0],[20854,0],[20343,0],]]
[20600,11,19,[[20599,0],[20601,0],[20856,0],[20344,0],]]
[20601,18,19,[[20602,0],[20600,0],[20857,0],[20856,0],[20345,0],]]
[20602,3,19,[[20601,0],[20603,0],[20858,0],[20346,0],]]
[20603,16,19,[[20604,0],[20602,0],[20859,0],[20858,0],[20347,0],]]
[20604,6,19,[[20603,0],[20605,0],[20860,0],[20348,0],]]
[20605,8,19,[[20606,0],[20604,0],[20861,0],[20860,0],[20349,0],]]
[20606,16,19,[[20605,0],[20607,0],[20862,0],[20350,0],]]
[20607,14,19,[[20608,0],[20606,0],[20863,0],[20862,0],[20351,0],]]
[20608,8,20,[[20607,0],[20609,0],[20864,0],[20352,0],]]
[20609,17,20,[[20610,0],[20608,0],[20865,0],[20864,0],[20353,0],]]
[20610,15,20,[[20609,0],[20611,0],[20866,0],[20354,0],]]
[20611,19,20,[[20612,0],[20610,0],[20867,0],[20866,0],[20355,0],]]
[20612,8,20,[[20611,0],[20613,0],[20868,0],[20356,0],]]
[20613,10,20,[[20614,0],[20612,0],[20869,0],[20868,0],[20357,0],]]
[20614,9,20,[[20613,0],[20615,0],[20870,0],[20358,0],]]
[20615,3,20,[[20616,0],[20614,0],[20871,0],[20870,0],[20359,0],]]
[20616,11,20,[[20615,0],[20617,0],[20872,0],[20360,0],]]
[20617,17,20,[[20618,0],[20616,0],[20873,0],[20872,0],[20361,0],]]
[20618,16,20,[[20617,0],[20619,0],[20874,0],[20362,0],]]
[20619,17,20,[[20620,0],[20618,0],[20875,0],[20874,0],[20363,0],]]
[20620,18,20,[[20619,0],[20621,0],[20876,0],[20364,0],]]
[20621,6,20,[[20622,0],[20620,0],[20877,0],[20876,0],[20365,0],]]
[20622,8,20,[[20621,0],[20623,0],[20878,0],[20366,0],]]
[20623,15,20,[[20624,0],[20622,0],[20879,0],[20878,0],[20367,0],]]
[20624,17,20,[[20623,0],[20625,0],[20880,0],[20368,0],]]
[20625,18,20,[[20626,0],[20624,0],[20881,0],[20880,0],[20369,0],]]
[20626,2,20,[[20625,0],[20627,0],[20882,0],[20370,0],]]
[20627,17,20,[[20628,0],[20626,0],[20883,0],[20882,0],[20371,0],]]
[20628,16,20,[[20627,0],[20629,0],[20884,0],[20372,0],]]
[20629,5,20,[[20630,0],[20628,0],[20885,0],[20884,0],[20373,0],]]
[20630,15,20,[[20629,0],[20631,0],[20886,0],[20374,0],]]
[20631,17,20,[[20632,0],[20630,0],[20887,0],[20886,0],[20375,0],]]
[20632,11,20,[[20631,0],[20633,0],[20888,0],[20376,0],]]
[20633,13,20,[[20634,0],[20632,0],[20889,0],[20888,0],[20377,0],]]
[20634,15,20,[[20633,0],[20635,0],[20890,0],[20378,0],]]
[20635,16,20,[[20636,0],[20634,0],[20891,0],[20890,0],[20379,0],]]
[20636,11,20,[[20635,0],[20637,0],[20892,0],[20380,0],]]
[20637,1,20,[[20638,0],[20636,0],[20893,0],[20892,0],[20381,0],]]
[20638,18,20,[[20637,0],[20639,0],[20894,0],[20382,0],]]
[20639,12,20,[[20640,0],[20638,0],[20895,0],[20894,0],[20383,0],]]
[20640,9,21,[[20639,0],[20641,0],[20896,0],[20384,0],]]
[20641,13,21,[[20642,0],[20640,0],[20897,0],[20896,0],[20385,0],]]
[20642,17,21,[[20641,0],[20643,0],[20898,0],[20386,0],]]
[20643,5,21,[[20644,0],[20642,0],[20899,0],[20898,0],[20387,0],]]
[20644,18,21,[[20643,0],[20645,0],[20900,0],[20388,0],]]
[20645,15,21,[[20646,0],[20644,0],[20901,0],[20900,0],[20389,0],]]
[20646,14,21,[[20645,0],[20647,0],[20902,0],[20390,0],]]
[20647,17,21,[[20648,0],[20646,0],[20903,0],[20902,0],[20391,0],]]
[20648,9,21,[[20647,0],[20649,0],[20904,0],[20392,0],]]
[20649,14,21,[[20650,0],[20648,0],[20905,0],[20904,0],[20393,0],]]
[20650,17,21,[[20649,0],[20651,0],[20906,0],[20394,0],]]
[20651,12,21,[[20652,0],[20650,0],[20907,0],[20906,0],[20395,0],]]
[20652,4,21,[[20651,0],[20653,0],[20908,0],[20396,0],]]
[20653,1,21,[[20654,0],[20652,0],[20909,0],[20908,0],[20397,0],]]
[20654,2,21,[[20653,0],[20655,0],[20910,0],[20398,0],]]
[20655,9,21,[[20656,0],[20654,0],[20911,0],[20910,0],[20399,0],]]
[20656,5,21,[[20655,0],[20657,0],[20912,0],[20400,0],]]
[20657,9,21,[[20658,0],[20656,0],[20913,0],[20912,0],[20401,0],]]
[20658,11,21,[[20657,0],[20659,0],[20914,0],[20402,0],]]
[20659,10,21,[[20660,0],[20658,0],[20915,0],[20914,0],[20403,0],]]
[20660,19,21,[[20659,0],[20661,0],[20916,0],[20404,0],]]
[20661,17,21,[[20662,0],[20660,0],[20917,0],[20916,0],[20405,0],]]
[20662,12,21,[[20661,0],[20663,0],[20918,0],[20406,0],]]
[20663,16,21,[[20664,0],[20662,0],[20919,0],[20918,0],[20407,0],]]
[20664,8,21,[[20663,0],[20665,0],[20920,0],[20408,0],]]
[20665,19,21,[[20666,0],[20664,0],[20921,0],[20920,0],[20409,0],]]
[20666,5,21,[[20665,0],[20667,0],[20922,0],[20410,0],]]
[20667,3,21,[[20668,0],[20666,0],[20923,0],[20922,0],[20411,0],]]
[20668,15,21,[[20667,0],[20669,0],[20924,0],[20412,0],]]
[20669,17,21,[[20670,0],[20668,0],[20925,0],[20924,0],[20413,0],]]
[20670,11,21,[[20669,0],[20671,0],[20926,0],[20414,0],]]
[20671,7,21,[[20672,0],[20670,0],[20927,0],[20926,0],[20415,0],]]
[20672,12,22,[[20671,0],[20673,0],[20928,0],[20416,0],]]
[20673,4,22,[[20674,0],[20672,0],[20929,0],[20928,0],[20417,0],]]
[20674,6,22,[[20673,0],[20675,0],[20930,0],[20418,0],]]
[20675,19,22,[[20676,0],[20674,0],[20931,0],[20930,0],[20419,0],]]
[20676,6,22,[[20675,0],[20677,0],[20932,0],[20420,0],]]
[20677,15,22,[[20678,0],[20676,0],[20933,0],[20932,0],[20421,0],]]
[20678,14,22,[[20677,0],[20679,0],[20934,0],[20422,0],]]
[20679,16,22,[[20680,0],[20678,0],[20935,0],[20934,0],[20423,0],]]
[20680,12,22,[[20679,0],[20681,0],[20936,0],[20424,0],]]
[20681,12,22,[[20682,0],[20680,0],[20937,0],[20936,0],[20425,0],]]
[20682,17,22,[[20681,0],[20683,0],[20938,0],[20426,0],]]
[20683,13,22,[[20684,0],[20682,0],[20939,0],[20938,0],[20427,0],]]
[20684,9,22,[[20683,0],[20685,0],[20940,0],[20428,0],]]
[20685,11,22,[[20686,0],[20684,0],[20941,0],[20940,0],[20429,0],]]
[20686,8,22,[[20685,0],[20687,0],[20942,0],[20430,0],]]
[20687,18,22,[[20688,0],[20686,0],[20943,0],[20942,0],[20431,0],]]
[20688,13,22,[[20687,0],[20689,0],[20944,0],[20432,0],]]
[20689,18,22,[[20690,0],[20688,0],[20945,0],[20944,0],[20433,0],]]
[20690,10,22,[[20689,0],[20691,0],[20946,0],[20434,0],]]
[20691,10,22,[[20692,0],[20690,0],[20947,0],[20946,0],[20435,0],]]
[20692,1,22,[[20691,0],[20693,0],[20948,0],[20436,0],]]
[20693,6,22,[[20694,0],[20692,0],[20949,0],[20948,0],[20437,0],]]
[20694,1,22,[[20693,0],[20695,0],[20950,0],[20438,0],]]
[20695,14,22,[[20696,0],[20694,0],[20951,0],[20950,0],[20439,0],]]
[20696,6,22,[[20695,0],[20697,0],[20952,0],[20440,0],]]
[20697,7,22,[[20698,0],[20696,0],[20953,0],[20952,0],[20441,0],]]
[20698,1,22,[[20697,0],[20699,0],[20954,0],[20442,0],]]
[20699,4,22,[[20700,0],[20698,0],[20955,0],[20954,0],[20443,0],]]
[20700,19,22,[[20699,0],[20701,0],[20956,0],[20444,0],]]
[20701,12,22,[[20702,0],[20700,0],[20957,0],[20956,0],[20445,0],]]
[20702,12,22,[[20701,0],[20703,0],[20958,0],[20446,0],]]
[20703,3,22,[[20704,0],[20702,0],[20959,0],[20958,0],[20447,0],]]
[20704,14,23,[[20703,0],[20705,0],[20960,0],[20448,0],]]
[20705,5,23,[[20706,0],[20704,0],[20961,0],[20960,0],[20449,0],]]
[20706,13,23,[[20705,0],[20707,0],[20962,0],[20450,0],]]
[20707,8,23,[[20708,0],[20706,0],[20963,0],[20962,0],[20451,0],]]
[20708,9,23,[[20707,0],[20709,0],[20964,0],[20452,0],]]
[20709,13,23,[[20710,0],[20708,0],[20965,0],[20964,0],[20453,0],]]
[20710,19,23,[[20709,0],[20711,0],[20966,0],[20454,0],]]
[20711,3,23,[[20712,0],[20710,0],[20967,0],[20966,0],[20455,0],]]
[20712,14,23,[[20711,0],[20713,0],[20968,0],[20456,0],]]
[20713,2,23,[[20714,0],[20712,0],[20969,0],[20968,0],[20457,0],]]
[20714,19,23,[[20713,0],[20715,0],[20970,0],[20458,0],]]
[20715,8,23,[[20716,0],[20714,0],[20971,0],[20970,0],[20459,0],]]
[20716,3,23,[[20715,0],[20717,0],[20972,0],[20460,0],]]
[20717,5,23,[[20718,0],[20716,0],[20973,0],[20972,0],[20461,0],]]
[20718,12,23,[[20717,0],[20719,0],[20974,0],[20462,0],]]
[20719,15,23,[[20720,0],[20718,0],[20975,0],[20974,0],[20463,0],]]
[20720,13,23,[[20719,0],[20721,0],[20976,0],[20464,0],]]
[20721,4,23,[[20722,0],[20720,0],[20977,0],[20976,0],[20465,0],]]
[20722,18,23,[[20721,0],[20723,0],[20978,0],[20466,0],]]
[20723,17,23,[[20724,0],[20722,0],[20979,0],[20978,0],[20467,0],]]
[20724,10,23,[[20723,0],[20725,0],[20980,0],[20468,0],]]
[20725,6,23,[[20726,0],[20724,0],[20981,0],[20980,0],[20469,0],]]
[20726,17,23,[[20725,0],[20727,0],[20982,0],[20470,0],]]
[20727,15,23,[[20728,0],[20726,0],[20983,0],[20982,0],[20471,0],]]
[20728,7,23,[[20727,0],[20729,0],[20984,0],[20472,0],]]
[20729,15,23,[[20730,0],[20728,0],[20985,0],[20984,0],[20473,0],]]
[20730,8,23,[[20729,0],[20731,0],[20986,0],[20474,0],]]
[20731,10,23,[[20732,0],[20730,0],[20987,0],[20986,0],[20475,0],]]
[20732,8,23,[[20731,0],[20733,0],[20988,0],[20476,0],]]
[20733,4,23,[[20734,0],[20732,0],[20989,0],[20988,0],[20477,0],]]
[20734,2,23,[[20733,0],[20735,0],[20990,0],[20478,0],]]
[20735,11,23,[[20734,0],[20991,0],[20990,0],[20479,0],]]
[20736,18,16,[[20737,0],[20480,0],[20481,0],[20992,0],]]
[20737,19,16,[[20738,0],[20736,0],[20481,0],[20993,0],]]
[20738,11,16,[[20737,0],[20739,0],[20482,0],[20483,0],[20994,0],]]
[20739,11,16,[[20740,0],[20738,0],[20483,0],[20995,0],]]
[20740,19,16,[[20739,0],[20741,0],[20484,0],[20485,0],[20996,0],]]
[20741,17,16,[[20742,0],[20740,0],[20485,0],[20997,0],]]
[20742,13,16,[[20741,0],[20743,0],[20486,0],[20487,0],[20998,0],]]
[20743,5,16,[[20744,0],[20742,0],[20487,0],[20999,0],]]
[20744,4,16,[[20743,0],[20745,0],[20488,0],[20489,0],[21000,0],]]
[20745,19,16,[[20746,0],[20744,0],[20489,0],[21001,0],]]
[20746,12,16,[[20745,0],[20747,0],[20490,0],[20491,0],[21002,0],]]
[20747,2,16,[[20748,0],[20746,0],[20491,0],[21003,0],]]
[20748,15,16,[[20747,0],[20749,0],[20492,0],[20493,0],[21004,0],]]
[20749,7,16,[[20750,0],[20748,0],[20493,0],[21005,0],]]
[20750,17,16,[[20749,0],[20751,0],[20494,0],[20495,0],[21006,0],]]
[20751,12,16,[[20752,0],[20750,0],[20495,0],[21007,0],]]
[20752,1,16,[[20751,0],[20753,0],[20496,0],[20497,0],[21008,0],]]
[20753,18,16,[[20754,0],[20752,0],[20497,0],[21009,0],]]
[20754,6,16,[[20753,0],[20755,0],[20498,0],[20499,0],[21010,0],]]
[20755,15,16,[[20756,0],[20754,0],[20499,0],[21011,0],]]
[20756,12,16,[[20755,0],[20757,0],[20500,0],[20501,0],[21012,0],]]
[20757,2,16,[[20758,0],[20756,0],[20501,0],[21013,0],]]
[20758,11,16,[[20757,0],[20759,0],[20502,0],[20503,0],[21014,0],]]
[20759,18,16,[[20760,0],[20758,0],[20503,0],[21015,0],]]
[20760,1,16,[[20759,0],[20761,0],[20504,0],[20505,0],[21016,0],]]
[20761,7,16,[[20762,0],[20760,0],[20505,0],[21017,0],]]
[20762,5,16,[[20761,0],[20763,0],[20506,0],[20507,0],[21018,0],]]
[20763,6,16,[[20764,0],[20762,0],[20507,0],[21019,0],]]
[20764,7,16,[[20763,0],[20765,0],[20508,0],[20509,0],[21020,0],]]
[20765,5,16,[[20766,0],[20764,0],[20509,0],[21021,0],]]
[20766,4,16,[[20765,0],[20767,0],[20510,0],[20511,0],[21022,0],]]
[20767,10,16,[[20768,0],[20766,0],[20511,0],[21023,0],]]
[20768,14,17,[[20767,0],[20769,0],[20512,0],[20513,0],[21024,0],]]
[20769,8,17,[[20770,0],[20768,0],[20513,0],[21025,0],]]
[20770,10,17,[[20769,0],[20771,0],[20514,0],[20515,0],[21026,0],]]
[20771,4,17,[[20772,0],[20770,0],[20515,0],[21027,0],]]
[20772,6,17,[[20771,0],[20773,0],[20516,0],[20517,0],[21028,0],]]
[20773,7,17,[[20774,0],[20772,0],[20517,0],[21029,0],]]
[20774,2,17,[[20773,0],[20775,0],[20518,0],[20519,0],[21030,0],]]
[20775,17,17,[[20776,0],[20774,0],[20519,0],[21031,0],]]
[20776,12,17,[[20775,0],[20777,0],[20520,0],[20521,0],[21032,0],]]
[20777,14,17,[[20778,0],[20776,0],[20521,0],[21033,0],]]
[20778,11,17,[[20777,0],[20779,0],[20522,0],[20523,0],[21034,0],]]
[20779,10,17,[[20780,0],[20778,0],[20523,0],[21035,0],]]
[20780,19,17,[[20779,0],[20781,0],[20524,0],[20525,0],[21036,0],]]
[20781,15,17,[[20782,0],[20780,0],[20525,0],[21037,0],]]
[20782,6,17,[[20781,0],[20783,0],[20526,0],[20527,0],[21038,0],]]
[20783,5,17,[[20784,0],[20782,0],[20527,0],[21039,0],]]
[20784,8,17,[[20783,0],[20785,0],[20528,0],[20529,0],[21040,0],]]
[20785,7,17,[[20786,0],[20784,0],[20529,0],[21041,0],]]
[20786,13,17,[[20785,0],[20787,0],[20530,0],[20531,0],[21042,0],]]
[20787,1,17,[[20788,0],[20786,0],[20531,0],[21043,0],]]
[20788,11,17,[[20787,0],[20789,0],[20532,0],[20533,0],[21044,0],]]
[20789,19,17,[[20790,0],[20788,0],[20533,0],[21045,0],]]
[20790,9,17,[[20789,0],[20791,0],[20534,0],[20535,0],[21046,0],]]
[20791,12,17,[[20792,0],[20790,0],[20535,0],[21047,0],]]
[20792,15,17,[[20791,0],[20793,0],[20536,0],[20537,0],[21048,0],]]
[20793,16,17,[[20794,0],[20792,0],[20537,0],[21049,0],]]
[20794,3,17,[[20793,0],[20795,0],[20538,0],[20539,0],[21050,0],]]
[20795,1,17,[[20796,0],[20794,0],[20539,0],[21051,0],]]
[20796,8,17,[[20795,0],[20797,0],[20540,0],[20541,0],[21052,0],]]
[20797,4,17,[[20798,0],[20796,0],[20541,0],[21053,0],]]
[20798,9,17,[[20797,0],[20799,0],[20542,0],[20543,0],[21054,0],]]
[20799,1,17,[[20800,0],[20798,0],[20543,0],[21055,0],]]
[20800,18,18,[[20799,0],[20801,0],[20544,0],[20545,0],[21056,0],]]
[20801,3,18,[[20802,0],[20800,0],[20545,0],[21057,0],]]
[20802,6,18,[[20801,0],[20803,0],[20546,0],[20547,0],[21058,0],]]
[20803,2,18,[[20804,0],[20802,0],[20547,0],[21059,0],]]
[20804,16,18,[[20803,0],[20805,0],[20548,0],[20549,0],[21060,0],]]
[20805,11,18,[[20806,0],[20804,0],[20549,0],[21061,0],]]
[20806,19,18,[[20805,0],[20807,0],[20550,0],[20551,0],[21062,0],]]
[20807,9,18,[[20808,0],[20806,0],[20551,0],[21063,0],]]
[20808,1,18,[[20807,0],[20809,0],[20552,0],[20553,0],[21064,0],]]
[20809,3,18,[[20810,0],[20808,0],[20553,0],[21065,0],]]
[20810,15,18,[[20809,0],[20811,0],[20554,0],[20555,0],[21066,0],]]
[20811,11,18,[[20812,0],[20810,0],[20555,0],[21067,0],]]
[20812,9,18,[[20811,0],[20813,0],[20556,0],[20557,0],[21068,0],]]
[20813,2,18,[[20814,0],[20812,0],[20557,0],[21069,0],]]
[20814,13,18,[[20813,0],[20815,0],[20558,0],[20559,0],[21070,0],]]
[20815,5,18,[[20816,0],[20814,0],[20559,0],[21071,0],]]
[20816,11,18,[[20815,0],[20817,0],[20560,0],[20561,0],[21072,0],]]
[20817,19,18,[[20818,0],[20816,0],[20561,0],[21073,0],]]
[20818,3,18,[[20817,0],[20819,0],[20562,0],[20563,0],[21074,0],]]
[20819,1,18,[[20820,0],[20818,0],[20563,0],[21075,0],]]
[20820,3,18,[[20819,0],[20821,0],[20564,0],[20565,0],[21076,0],]]
[20821,14,18,[[20822,0],[20820,0],[20565,0],[21077,0],]]
[20822,10,18,[[20821,0],[20823,0],[20566,0],[20567,0],[21078,0],]]
[20823,17,18,[[20824,0],[20822,0],[20567,0],[21079,0],]]
[20824,16,18,[[20823,0],[20825,0],[20568,0],[20569,0],[21080,0],]]
[20825,14,18,[[20826,0],[20824,0],[20569,0],[21081,0],]]
[20826,12,18,[[20825,0],[20827,0],[20570,0],[20571,0],[21082,0],]]
[20827,3,18,[[20828,0],[20826,0],[20571,0],[21083,0],]]
[20828,2,18,[[20827,0],[20829,0],[20572,0],[20573,0],[21084,0],]]
[20829,1,18,[[20830,0],[20828,0],[20573,0],[21085,0],]]
[20830,13,18,[[20829,0],[20831,0],[20574,0],[20575,0],[21086,0],]]
[20831,16,18,[[20832,0],[20830,0],[20575,0],[21087,0],]]
[20832,19,19,[[20831,0],[20833,0],[20576,0],[20577,0],[21088,0],]]
[20833,2,19,[[20834,0],[20832,0],[20577,0],[21089,0],]]
[20834,2,19,[[20833,0],[20835,0],[20578,0],[20579,0],[21090,0],]]
[20835,9,19,[[20836,0],[20834,0],[20579,0],[21091,0],]]
[20836,17,19,[[20835,0],[20837,0],[20580,0],[20581,0],[21092,0],]]
[20837,11,19,[[20838,0],[20836,0],[20581,0],[21093,0],]]
[20838,8,19,[[20837,0],[20839,0],[20582,0],[20583,0],[21094,0],]]
[20839,3,19,[[20840,0],[20838,0],[20583,0],[21095,0],]]
[20840,14,19,[[20839,0],[20841,0],[20584,0],[20585,0],[21096,0],]]
[20841,7,19,[[20842,0],[20840,0],[20585,0],[21097,0],]]
[20842,15,19,[[20841,0],[20843,0],[20586,0],[20587,0],[21098,0],]]
[20843,9,19,[[20844,0],[20842,0],[20587,0],[21099,0],]]
[20844,3,19,[[20843,0],[20845,0],[20588,0],[20589,0],[21100,0],]]
[20845,12,19,[[20846,0],[20844,0],[20589,0],[21101,0],]]
[20846,18,19,[[20845,0],[20847,0],[20590,0],[20591,0],[21102,0],]]
[20847,4,19,[[20848,0],[20846,0],[20591,0],[21103,0],]]
[20848,1,19,[[20847,0],[20849,0],[20592,0],[20593,0],[21104,0],]]
[20849,6,19,[[20850,0],[20848,0],[20593,0],[21105,0],]]
[20850,17,19,[[20849,0],[20851,0],[20594,0],[20595,0],[21106,0],]]
[20851,17,19,[[20852,0],[20850,0],[20595,0],[21107,0],]]
[20852,2,19,[[20851,0],[20853,0],[20596,0],[20597,0],[21108,0],]]
[20853,15,19,[[20854,0],[20852,0],[20597,0],[21109,0],]]
[20854,4,19,[[20853,0],[20855,0],[20598,0],[20599,0],[21110,0],]]
[20855,9,19,[[20856,0],[20854,0],[20599,0],[21111,0],]]
[20856,6,19,[[20855,0],[20857,0],[20600,0],[20601,0],[21112,0],]]
[20857,2,19,[[20858,0],[20856,0],[20601,0],[21113,0],]]
[20858,15,19,[[20857,0],[20859,0],[20602,0],[20603,0],[21114,0],]]
[20859,2,19,[[20860,0],[20858,0],[20603,0],[21115,0],]]
[20860,15,19,[[20859,0],[20861,0],[20604,0],[20605,0],[21116,0],]]
[20861,5,19,[[20862,0],[20860,0],[20605,0],[21117,0],]]
[20862,2,19,[[20861,0],[20863,0],[20606,0],[20607,0],[21118,0],]]
[20863,5,19,[[20864,0],[20862,0],[20607,0],[21119,0],]]
[20864,18,20,[[20863,0],[20865,0],[20608,0],[20609,0],[21120,0],]]
[20865,15,20,[[20866,0],[20864,0],[20609,0],[21121,0],]]
[20866,9,20,[[20865,0],[20867,0],[20610,0],[20611,0],[21122,0],]]
[20867,19,20,[[20868,0],[20866,0],[20611,0],[21123,0],]]
[20868,17,20,[[20867,0],[20869,0],[20612,0],[20613,0],[21124,0],]]
[20869,17,20,[[20870,0],[20868,0],[20613,0],[21125,0],]]
[20870,18,20,[[20869,0],[20871,0],[20614,0],[20615,0],[21126,0],]]
[20871,5,20,[[20872,0],[20870,0],[20615,0],[21127,0],]]
[20872,1,20,[[20871,0],[20873,0],[20616,0],[20617,0],[21128,0],]]
[20873,13,20,[[20874,0],[20872,0],[20617,0],[21129,0],]]
[20874,5,20,[[20873,0],[20875,0],[20618,0],[20619,0],[21130,0],]]
[20875,2,20,[[20876,0],[20874,0],[20619,0],[21131,0],]]
[20876,10,20,[[20875,0],[20877,0],[20620,0],[20621,0],[21132,0],]]
[20877,13,20,[[20878,0],[20876,0],[20621,0],[21133,0],]]
[20878,2,20,[[20877,0],[20879,0],[20622,0],[20623,0],[21134,0],]]
[20879,7,20,[[20880,0],[20878,0],[20623,0],[21135,0],]]
[20880,15,20,[[20879,0],[20881,0],[20624,0],[20625,0],[21136,0],]]
[20881,7,20,[[20882,0],[20880,0],[20625,0],[21137,0],]]
[20882,14,20,[[20881,0],[20883,0],[20626,0],[20627,0],[21138,0],]]
[20883,14,20,[[20884,0],[20882,0],[20627,0],[21139,0],]]
[20884,2,20,[[20883,0],[20885,0],[20628,0],[20629,0],[21140,0],]]
[20885,18,20,[[20886,0],[20884,0],[20629,0],[21141,0],]]
[20886,7,20,[[20885,0],[20887,0],[20630,0],[20631,0],[21142,0],]]
[20887,19,20,[[20888,0],[20886,0],[20631,0],[21143,0],]]
[20888,4,20,[[20887,0],[20889,0],[20632,0],[20633,0],[21144,0],]]
[20889,3,20,[[20890,0],[20888,0],[20633,0],[21145,0],]]
[20890,3,20,[[20889,0],[20891,0],[20634,0],[20635,0],[21146,0],]]
[20891,18,20,[[20892,0],[20890,0],[20635,0],[21147,0],]]
[20892,13,20,[[20891,0],[20893,0],[20636,0],[20637,0],[21148,0],]]
[20893,17,20,[[20894,0],[20892,0],[20637,0],[21149,0],]]
[20894,18,20,[[20893,0],[20895,0],[20638,0],[20639,0],[21150,0],]]
[20895,15,20,[[20896,0],[20894,0],[20639,0],[21151,0],]]
[20896,12,21,[[20895,0],[20897,0],[20640,0],[20641,0],[21152,0],]]
[20897,13,21,[[20898,0],[20896,0],[20641,0],[21153,0],]]
[20898,17,21,[[20897,0],[20899,0],[20642,0],[20643,0],[21154,0],]]
[20899,10,21,[[20900,0],[20898,0],[20643,0],[21155,0],]]
[20900,5,21,[[20899,0],[20901,0],[20644,0],[20645,0],[21156,0],]]
[20901,12,21,[[20902,0],[20900,0],[20645,0],[21157,0],]]
[20902,2,21,[[20901,0],[20903,0],[20646,0],[20647,0],[21158,0],]]
[20903,12,21,[[20904,0],[20902,0],[20647,0],[21159,0],]]
[20904,1,21,[[20903,0],[20905,0],[20648,0],[20649,0],[21160,0],]]
[20905,3,21,[[20906,0],[20904,0],[20649,0],[21161,0],]]
[20906,8,21,[[20905,0],[20907,0],[20650,0],[20651,0],[21162,0],]]
[20907,11,21,[[20908,0],[20906,0],[20651,0],[21163,0],]]
[20908,9,21,[[20907,0],[20909,0],[20652,0],[20653,0],[21164,0],]]
[20909,17,21,[[20910,0],[20908,0],[20653,0],[21165,0],]]
[20910,12,21,[[20909,0],[20911,0],[20654,0],[20655,0],[21166,0],]]
[20911,12,21,[[20912,0],[20910,0],[20655,0],[21167,0],]]
[20912,4,21,[[20911,0],[20913,0],[20656,0],[20657,0],[21168,0],]]
[20913,4,21,[[20914,0],[20912,0],[20657,0],[21169,0],]]
[20914,9,21,[[20913,0],[20915,0],[20658,0],[20659,0],[21170,0],]]
[20915,16,21,[[20916,0],[20914,0],[20659,0],[21171,0],]]
[20916,3,21,[[20915,0],[20917,0],[20660,0],[20661,0],[21172,0],]]
[20917,2,21,[[20918,0],[20916,0],[20661,0],[21173,0],]]
[20918,4,21,[[20917,0],[20919,0],[20662,0],[20663,0],[21174,0],]]
[20919,16,21,[[20920,0],[20918,0],[20663,0],[21175,0],]]
[20920,19,21,[[20919,0],[20921,0],[20664,0],[20665,0],[21176,0],]]
[20921,11,21,[[20922,0],[20920,0],[20665,0],[21177,0],]]
[20922,17,21,[[20921,0],[20923,0],[20666,0],[20667,0],[21178,0],]]
[20923,1,21,[[20924,0],[20922,0],[20667,0],[21179,0],]]
[20924,14,21,[[20923,0],[20925,0],[20668,0],[20669,0],[21180,0],]]
[20925,4,21,[[20926,0],[20924,0],[20669,0],[21181,0],]]
[20926,8,21,[[20925,0],[20927,0],[20670,0],[20671,0],[21182,0],]]
[20927,17,21,[[20928,0],[20926,0],[20671,0],[21183,0],]]
[20928,17,22,[[20927,0],[20929,0],[20672,0],[20673,0],[21184,0],]]
[20929,15,22,[[20930,0],[20928,0],[20673,0],[21185,0],]]
[20930,12,22,[[20929,0],[20931,0],[20674,0],[20675,0],[21186,0],]]
[20931,18,22,[[20932,0],[20930,0],[20675,0],[21187,0],]]
[20932,11,22,[[20931,0],[20933,0],[20676,0],[20677,0],[21188,0],]]
[20933,17,22,[[20934,0],[20932,0],[20677,0],[21189,0],]]
[20934,16,22,[[20933,0],[20935,0],[20678,0],[20679,0],[21190,0],]]
[20935,4,22,[[20936,0],[20934,0],[20679,0],[21191,0],]]
[20936,8,22,[[20935,0],[20937,0],[20680,0],[20681,0],[21192,0],]]
[20937,7,22,[[20938,0],[20936,0],[20681,0],[21193,0],]]
[20938,10,22,[[20937,0],[20939,0],[20682,0],[20683,0],[21194,0],]]
[20939,2,22,[[20940,0],[20938,0],[20683,0],[21195,0],]]
[20940,12,22,[[20939,0],[20941,0],[20684,0],[20685,0],[21196,0],]]
[20941,1,22,[[20942,0],[20940,0],[20685,0],[21197,0],]]
[20942,13,22,[[20941,0],[20943,0],[20686,0],[20687,0],[21198,0],]]
[20943,5,22,[[20944,0],[20942,0],[20687,0],[21199,0],]]
[20944,8,22,[[20943,0],[20945,0],[20688,0],[20689,0],[21200,0],]]
[20945,19,22,[[20946,0],[20944,0],[20689,0],[21201,0],]]
[20946,9,22,[[20945,0],[20947,0],[20690,0],[20691,0],[21202,0],]]
[20947,15,22,[[20948,0],[20946,0],[20691,0],[21203,0],]]
[20948,19,22,[[20947,0],[20949,0],[20692,0],[20693,0],[21204,0],]]
[20949,12,22,[[20950,0],[20948,0],[20693,0],[21205,0],]]
[20950,1,22,[[20949,0],[20951,0],[20694,0],[20695,0],[21206,0],]]
[20951,3,22,[[20952,0],[20950,0],[20695,0],[21207,0],]]
[20952,10,22,[[20951,0],[20953,0],[20696,0],[20697,0],[21208,0],]]
[20953,8,22,[[20954,0],[20952,0],[20697,0],[21209,0],]]
[20954,5,22,[[20953,0],[20955,0],[20698,0],[20699,0],[21210,0],]]
[20955,1,22,[[20956,0],[20954,0],[20699,0],[21211,0],]]
[20956,14,22,[[20955,0],[20957,0],[20700,0],[20701,0],[21212,0],]]
[20957,16,22,[[20958,0],[20956,0],[20701,0],[21213,0],]]
[20958,2,22,[[20957,0],[20959,0],[20702,0],[20703,0],[21214,0],]]
[20959,6,22,[[20960,0],[20958,0],[20703,0],[21215,0],]]
[20960,16,23,[[20959,0],[20961,0],[20704,0],[20705,0],[21216,0],]]
[20961,3,23,[[20962,0],[20960,0],[20705,0],[21217,0],]]
[20962,11,23,[[20961,0],[20963,0],[20706,0],[20707,0],[21218,0],]]
[20963,15,23,[[20964,0],[20962,0],[20707,0],[21219,0],]]
[20964,6,23,[[20963,0],[20965,0],[20708,0],[20709,0],[21220,0],]]
[20965,2,23,[[20966,0],[20964,0],[20709,0],[21221,0],]]
[20966,17,23,[[20965,0],[20967,0],[20710,0],[20711,0],[21222,0],]]
[20967,14,23,[[20968,0],[20966,0],[20711,0],[21223,0],]]
[20968,3,23,[[20967,0],[20969,0],[20712,0],[20713,0],[21224,0],]]
[20969,16,23,[[20970,0],[20968,0],[20713,0],[21225,0],]]
[20970,1,23,[[20969,0],[20971,0],[20714,0],[20715,0],[21226,0],]]
