[20971,3,23,[[20972,0],[20970,0],[20715,0],[21227,0],]]
[20972,16,23,[[20971,0],[20973,0],[20716,0],[20717,0],[21228,0],]]
[20973,19,23,[[20974,0],[20972,0],[20717,0],[21229,0],]]
[20974,16,23,[[20973,0],[20975,0],[20718,0],[20719,0],[21230,0],]]
[20975,6,23,[[20976,0],[20974,0],[20719,0],[21231,0],]]
[20976,17,23,[[20975,0],[20977,0],[20720,0],[20721,0],[21232,0],]]
[20977,8,23,[[20978,0],[20976,0],[20721,0],[21233,0],]]
[20978,3,23,[[20977,0],[20979,0],[20722,0],[20723,0],[21234,0],]]
[20979,18,23,[[20980,0],[20978,0],[20723,0],[21235,0],]]
[20980,10,23,[[20979,0],[20981,0],[20724,0],[20725,0],[21236,0],]]
[20981,4,23,[[20982,0],[20980,0],[20725,0],[21237,0],]]
[20982,13,23,[[20981,0],[20983,0],[20726,0],[20727,0],[21238,0],]]
[20983,11,23,[[20984,0],[20982,0],[20727,0],[21239,0],]]
[20984,3,23,[[20983,0],[20985,0],[20728,0],[20729,0],[21240,0],]]
[20985,9,23,[[20986,0],[20984,0],[20729,0],[21241,0],]]
[20986,4,23,[[20985,0],[20987,0],[20730,0],[20731,0],[21242,0],]]
[20987,19,23,[[20988,0],[20986,0],[20731,0],[21243,0],]]
[20988,17,23,[[20987,0],[20989,0],[20732,0],[20733,0],[21244,0],]]
[20989,4,23,[[20990,0],[20988,0],[20733,0],[21245,0],]]
[20990,19,23,[[20989,0],[20991,0],[20734,0],[20735,0],[21246,0],]]
[20991,13,23,[[20990,0],[20735,0],[21247,0],]]
[20992,14,16,[[20993,0],[21248,0],[20736,0],]]
[20993,16,16,[[20994,0],[20992,0],[21249,0],[21248,0],[20737,0],]]
[20994,4,16,[[20993,0],[20995,0],[21250,0],[20738,0],]]
[20995,11,16,[[20996,0],[20994,0],[21251,0],[21250,0],[20739,0],]]
[20996,9,16,[[20995,0],[20997,0],[21252,0],[20740,0],]]
[20997,2,16,[[20998,0],[20996,0],[21253,0],[21252,0],[20741,0],]]
[20998,5,16,[[20997,0],[20999,0],[21254,0],[20742,0],]]
[20999,16,16,[[21000,0],[20998,0],[21255,0],[21254,0],[20743,0],]]
[21000,15,16,[[20999,0],[21001,0],[21256,0],[20744,0],]]
[21001,4,16,[[21002,0],[21000,0],[21257,0],[21256,0],[20745,0],]]
[21002,14,16,[[21001,0],[21003,0],[21258,0],[20746,0],]]
[21003,15,16,[[21004,0],[21002,0],[21259,0],[21258,0],[20747,0],]]
[21004,8,16,[[21003,0],[21005,0],[21260,0],[20748,0],]]
[21005,2,16,[[21006,0],[21004,0],[21261,0],[21260,0],[20749,0],]]
[21006,16,16,[[21005,0],[21007,0],[21262,0],[20750,0],]]
[21007,15,16,[[21008,0],[21006,0],[21263,0],[21262,0],[20751,0],]]
[21008,4,16,[[21007,0],[21009,0],[21264,0],[20752,0],]]
[21009,7,16,[[21010,0],[21008,0],[21265,0],[21264,0],[20753,0],]]
[21010,1,16,[[21009,0],[21011,0],[21266,0],[20754,0],]]
[21011,17,16,[[21012,0],[21010,0],[21267,0],[21266,0],[20755,0],]]
[21012,6,16,[[21011,0],[21013,0],[21268,0],[20756,0],]]
[21013,18,16,[[21014,0],[21012,0],[21269,0],[21268,0],[20757,0],]]
[21014,3,16,[[21013,0],[21015,0],[21270,0],[20758,0],]]
[21015,8,16,[[21016,0],[21014,0],[21271,0],[21270,0],[20759,0],]]
[21016,14,16,[[21015,0],[21017,0],[21272,0],[20760,0],]]
[21017,4,16,[[21018,0],[21016,0],[21273,0],[21272,0],[20761,0],]]
[21018,18,16,[[21017,0],[21019,0],[21274,0],[20762,0],]]
[21019,15,16,[[21020,0],[21018,0],[21275,0],[21274,0],[20763,0],]]
[21020,11,16,[[21019,0],[21021,0],[21276,0],[20764,0],]]
[21021,10,16,[[21022,0],[21020,0],[21277,0],[21276,0],[20765,0],]]
[21022,9,16,[[21021,0],[21023,0],[21278,0],[20766,0],]]
[21023,3,16,[[21024,0],[21022,0],[21279,0],[21278,0],[20767,0],]]
[21024,17,17,[[21023,0],[21025,0],[21280,0],[20768,0],]]
[21025,2,17,[[21026,0],[21024,0],[21281,0],[21280,0],[20769,0],]]
[21026,4,17,[[21025,0],[21027,0],[21282,0],[20770,0],]]
[21027,1,17,[[21028,0],[21026,0],[21283,0],[21282,0],[20771,0],]]
[21028,9,17,[[21027,0],[21029,0],[21284,0],[20772,0],]]
[21029,8,17,[[21030,0],[21028,0],[21285,0],[21284,0],[20773,0],]]
[21030,15,17,[[21029,0],[21031,0],[21286,0],[20774,0],]]
[21031,3,17,[[21032,0],[21030,0],[21287,0],[21286,0],[20775,0],]]
[21032,4,17,[[21031,0],[21033,0],[21288,0],[20776,0],]]
[21033,13,17,[[21034,0],[21032,0],[21289,0],[21288,0],[20777,0],]]
[21034,10,17,[[21033,0],[21035,0],[21290,0],[20778,0],]]
[21035,11,17,[[21036,0],[21034,0],[21291,0],[21290,0],[20779,0],]]
[21036,1,17,[[21035,0],[21037,0],[21292,0],[20780,0],]]
[21037,17,17,[[21038,0],[21036,0],[21293,0],[21292,0],[20781,0],]]
[21038,8,17,[[21037,0],[21039,0],[21294,0],[20782,0],]]
[21039,2,17,[[21040,0],[21038,0],[21295,0],[21294,0],[20783,0],]]
[21040,18,17,[[21039,0],[21041,0],[21296,0],[20784,0],]]
[21041,6,17,[[21042,0],[21040,0],[21297,0],[21296,0],[20785,0],]]
[21042,17,17,[[21041,0],[21043,0],[21298,0],[20786,0],]]
[21043,12,17,[[21044,0],[21042,0],[21299,0],[21298,0],[20787,0],]]
[21044,3,17,[[21043,0],[21045,0],[21300,0],[20788,0],]]
[21045,12,17,[[21046,0],[21044,0],[21301,0],[21300,0],[20789,0],]]
[21046,5,17,[[21045,0],[21047,0],[21302,0],[20790,0],]]
[21047,1,17,[[21048,0],[21046,0],[21303,0],[21302,0],[20791,0],]]
[21048,1,17,[[21047,0],[21049,0],[21304,0],[20792,0],]]
[21049,5,17,[[21050,0],[21048,0],[21305,0],[21304,0],[20793,0],]]
[21050,16,17,[[21049,0],[21051,0],[21306,0],[20794,0],]]
[21051,14,17,[[21052,0],[21050,0],[21307,0],[21306,0],[20795,0],]]
[21052,16,17,[[21051,0],[21053,0],[21308,0],[20796,0],]]
[21053,3,17,[[21054,0],[21052,0],[21309,0],[21308,0],[20797,0],]]
[21054,4,17,[[21053,0],[21055,0],[21310,0],[20798,0],]]
[21055,16,17,[[21056,0],[21054,0],[21311,0],[21310,0],[20799,0],]]
[21056,3,18,[[21055,0],[21057,0],[21312,0],[20800,0],]]
[21057,17,18,[[21058,0],[21056,0],[21313,0],[21312,0],[20801,0],]]
[21058,19,18,[[21057,0],[21059,0],[21314,0],[20802,0],]]
[21059,1,18,[[21060,0],[21058,0],[21315,0],[21314,0],[20803,0],]]
[21060,1,18,[[21059,0],[21061,0],[21316,0],[20804,0],]]
[21061,19,18,[[21062,0],[21060,0],[21317,0],[21316,0],[20805,0],]]
[21062,17,18,[[21061,0],[21063,0],[21318,0],[20806,0],]]
[21063,6,18,[[21064,0],[21062,0],[21319,0],[21318,0],[20807,0],]]
[21064,2,18,[[21063,0],[21065,0],[21320,0],[20808,0],]]
[21065,4,18,[[21066,0],[21064,0],[21321,0],[21320,0],[20809,0],]]
[21066,10,18,[[21065,0],[21067,0],[21322,0],[20810,0],]]
[21067,3,18,[[21068,0],[21066,0],[21323,0],[21322,0],[20811,0],]]
[21068,16,18,[[21067,0],[21069,0],[21324,0],[20812,0],]]
[21069,18,18,[[21070,0],[21068,0],[21325,0],[21324,0],[20813,0],]]
[21070,10,18,[[21069,0],[21071,0],[21326,0],[20814,0],]]
[21071,16,18,[[21072,0],[21070,0],[21327,0],[21326,0],[20815,0],]]
[21072,8,18,[[21071,0],[21073,0],[21328,0],[20816,0],]]
[21073,2,18,[[21074,0],[21072,0],[21329,0],[21328,0],[20817,0],]]
[21074,2,18,[[21073,0],[21075,0],[21330,0],[20818,0],]]
[21075,4,18,[[21076,0],[21074,0],[21331,0],[21330,0],[20819,0],]]
[21076,4,18,[[21075,0],[21077,0],[21332,0],[20820,0],]]
[21077,2,18,[[21078,0],[21076,0],[21333,0],[21332,0],[20821,0],]]
[21078,3,18,[[21077,0],[21079,0],[21334,0],[20822,0],]]
[21079,9,18,[[21080,0],[21078,0],[21335,0],[21334,0],[20823,0],]]
[21080,13,18,[[21079,0],[21081,0],[21336,0],[20824,0],]]
[21081,6,18,[[21082,0],[21080,0],[21337,0],[21336,0],[20825,0],]]
[21082,5,18,[[21081,0],[21083,0],[21338,0],[20826,0],]]
[21083,8,18,[[21084,0],[21082,0],[21339,0],[21338,0],[20827,0],]]
[21084,2,18,[[21083,0],[21085,0],[21340,0],[20828,0],]]
[21085,14,18,[[21086,0],[21084,0],[21341,0],[21340,0],[20829,0],]]
[21086,3,18,[[21085,0],[21087,0],[21342,0],[20830,0],]]
[21087,9,18,[[21088,0],[21086,0],[21343,0],[21342,0],[20831,0],]]
[21088,19,19,[[21087,0],[21089,0],[21344,0],[20832,0],]]
[21089,19,19,[[21090,0],[21088,0],[21345,0],[21344,0],[20833,0],]]
[21090,9,19,[[21089,0],[21091,0],[21346,0],[20834,0],]]
[21091,16,19,[[21092,0],[21090,0],[21347,0],[21346,0],[20835,0],]]
[21092,16,19,[[21091,0],[21093,0],[21348,0],[20836,0],]]
[21093,9,19,[[21094,0],[21092,0],[21349,0],[21348,0],[20837,0],]]
[21094,12,19,[[21093,0],[21095,0],[21350,0],[20838,0],]]
[21095,13,19,[[21096,0],[21094,0],[21351,0],[21350,0],[20839,0],]]
[21096,15,19,[[21095,0],[21097,0],[21352,0],[20840,0],]]
[21097,17,19,[[21098,0],[21096,0],[21353,0],[21352,0],[20841,0],]]
[21098,3,19,[[21097,0],[21099,0],[21354,0],[20842,0],]]
[21099,15,19,[[21100,0],[21098,0],[21355,0],[21354,0],[20843,0],]]
[21100,15,19,[[21099,0],[21101,0],[21356,0],[20844,0],]]
[21101,1,19,[[21102,0],[21100,0],[21357,0],[21356,0],[20845,0],]]
[21102,1,19,[[21101,0],[21103,0],[21358,0],[20846,0],]]
[21103,5,19,[[21104,0],[21102,0],[21359,0],[21358,0],[20847,0],]]
[21104,11,19,[[21103,0],[21105,0],[21360,0],[20848,0],]]
[21105,4,19,[[21106,0],[21104,0],[21361,0],[21360,0],[20849,0],]]
[21106,12,19,[[21105,0],[21107,0],[21362,0],[20850,0],]]
[21107,4,19,[[21108,0],[21106,0],[21363,0],[21362,0],[20851,0],]]
[21108,7,19,[[21107,0],[21109,0],[21364,0],[20852,0],]]
[21109,2,19,[[21110,0],[21108,0],[21365,0],[21364,0],[20853,0],]]
[21110,10,19,[[21109,0],[21111,0],[21366,0],[20854,0],]]
[21111,7,19,[[21112,0],[21110,0],[21367,0],[21366,0],[20855,0],]]
[21112,3,19,[[21111,0],[21113,0],[21368,0],[20856,0],]]
[21113,4,19,[[21114,0],[21112,0],[21369,0],[21368,0],[20857,0],]]
[21114,4,19,[[21113,0],[21115,0],[21370,0],[20858,0],]]
[21115,9,19,[[21116,0],[21114,0],[21371,0],[21370,0],[20859,0],]]
[21116,2,19,[[21115,0],[21117,0],[21372,0],[20860,0],]]
[21117,19,19,[[21118,0],[21116,0],[21373,0],[21372,0],[20861,0],]]
[21118,2,19,[[21117,0],[21119,0],[21374,0],[20862,0],]]
[21119,6,19,[[21120,0],[21118,0],[21375,0],[21374,0],[20863,0],]]
[21120,2,20,[[21119,0],[21121,0],[21376,0],[20864,0],]]
[21121,13,20,[[21122,0],[21120,0],[21377,0],[21376,0],[20865,0],]]
[21122,17,20,[[21121,0],[21123,0],[21378,0],[20866,0],]]
[21123,5,20,[[21124,0],[21122,0],[21379,0],[21378,0],[20867,0],]]
[21124,5,20,[[21123,0],[21125,0],[21380,0],[20868,0],]]
[21125,19,20,[[21126,0],[21124,0],[21381,0],[21380,0],[20869,0],]]
[21126,2,20,[[21125,0],[21127,0],[21382,0],[20870,0],]]
[21127,6,20,[[21128,0],[21126,0],[21383,0],[21382,0],[20871,0],]]
[21128,8,20,[[21127,0],[21129,0],[21384,0],[20872,0],]]
[21129,4,20,[[21130,0],[21128,0],[21385,0],[21384,0],[20873,0],]]
[21130,7,20,[[21129,0],[21131,0],[21386,0],[20874,0],]]
[21131,18,20,[[21132,0],[21130,0],[21387,0],[21386,0],[20875,0],]]
[21132,18,20,[[21131,0],[21133,0],[21388,0],[20876,0],]]
[21133,15,20,[[21134,0],[21132,0],[21389,0],[21388,0],[20877,0],]]
[21134,2,20,[[21133,0],[21135,0],[21390,0],[20878,0],]]
[21135,19,20,[[21136,0],[21134,0],[21391,0],[21390,0],[20879,0],]]
[21136,16,20,[[21135,0],[21137,0],[21392,0],[20880,0],]]
[21137,8,20,[[21138,0],[21136,0],[21393,0],[21392,0],[20881,0],]]
[21138,19,20,[[21137,0],[21139,0],[21394,0],[20882,0],]]
[21139,17,20,[[21140,0],[21138,0],[21395,0],[21394,0],[20883,0],]]
[21140,15,20,[[21139,0],[21141,0],[21396,0],[20884,0],]]
[21141,8,20,[[21142,0],[21140,0],[21397,0],[21396,0],[20885,0],]]
[21142,14,20,[[21141,0],[21143,0],[21398,0],[20886,0],]]
[21143,18,20,[[21144,0],[21142,0],[21399,0],[21398,0],[20887,0],]]
[21144,18,20,[[21143,0],[21145,0],[21400,0],[20888,0],]]
[21145,10,20,[[21146,0],[21144,0],[21401,0],[21400,0],[20889,0],]]
[21146,8,20,[[21145,0],[21147,0],[21402,0],[20890,0],]]
[21147,17,20,[[21148,0],[21146,0],[21403,0],[21402,0],[20891,0],]]
[21148,1,20,[[21147,0],[21149,0],[21404,0],[20892,0],]]
[21149,9,20,[[21150,0],[21148,0],[21405,0],[21404,0],[20893,0],]]
[21150,13,20,[[21149,0],[21151,0],[21406,0],[20894,0],]]
[21151,13,20,[[21152,0],[21150,0],[21407,0],[21406,0],[20895,0],]]
[21152,3,21,[[21151,0],[21153,0],[21408,0],[20896,0],]]
[21153,1,21,[[21154,0],[21152,0],[21409,0],[21408,0],[20897,0],]]
[21154,11,21,[[21153,0],[21155,0],[21410,0],[20898,0],]]
[21155,15,21,[[21156,0],[21154,0],[21411,0],[21410,0],[20899,0],]]
[21156,2,21,[[21155,0],[21157,0],[21412,0],[20900,0],]]
[21157,7,21,[[21158,0],[21156,0],[21413,0],[21412,0],[20901,0],]]
[21158,15,21,[[21157,0],[21159,0],[21414,0],[20902,0],]]
[21159,13,21,[[21160,0],[21158,0],[21415,0],[21414,0],[20903,0],]]
[21160,19,21,[[21159,0],[21161,0],[21416,0],[20904,0],]]
[21161,8,21,[[21162,0],[21160,0],[21417,0],[21416,0],[20905,0],]]
[21162,10,21,[[21161,0],[21163,0],[21418,0],[20906,0],]]
[21163,4,21,[[21164,0],[21162,0],[21419,0],[21418,0],[20907,0],]]
[21164,4,21,[[21163,0],[21165,0],[21420,0],[20908,0],]]
[21165,3,21,[[21166,0],[21164,0],[21421,0],[21420,0],[20909,0],]]
[21166,4,21,[[21165,0],[21167,0],[21422,0],[20910,0],]]
[21167,8,21,[[21168,0],[21166,0],[21423,0],[21422,0],[20911,0],]]
[21168,10,21,[[21167,0],[21169,0],[21424,0],[20912,0],]]
[21169,13,21,[[21170,0],[21168,0],[21425,0],[21424,0],[20913,0],]]
[21170,13,21,[[21169,0],[21171,0],[21426,0],[20914,0],]]
[21171,1,21,[[21172,0],[21170,0],[21427,0],[21426,0],[20915,0],]]
[21172,6,21,[[21171,0],[21173,0],[21428,0],[20916,0],]]
[21173,7,21,[[21174,0],[21172,0],[21429,0],[21428,0],[20917,0],]]
[21174,7,21,[[21173,0],[21175,0],[21430,0],[20918,0],]]
[21175,11,21,[[21176,0],[21174,0],[21431,0],[21430,0],[20919,0],]]
[21176,18,21,[[21175,0],[21177,0],[21432,0],[20920,0],]]
[21177,19,21,[[21178,0],[21176,0],[21433,0],[21432,0],[20921,0],]]
[21178,10,21,[[21177,0],[21179,0],[21434,0],[20922,0],]]
[21179,15,21,[[21180,0],[21178,0],[21435,0],[21434,0],[20923,0],]]
[21180,11,21,[[21179,0],[21181,0],[21436,0],[20924,0],]]
[21181,1,21,[[21182,0],[21180,0],[21437,0],[21436,0],[20925,0],]]
[21182,4,21,[[21181,0],[21183,0],[21438,0],[20926,0],]]
[21183,5,21,[[21184,0],[21182,0],[21439,0],[21438,0],[20927,0],]]
[21184,17,22,[[21183,0],[21185,0],[21440,0],[20928,0],]]
[21185,14,22,[[21186,0],[21184,0],[21441,0],[21440,0],[20929,0],]]
[21186,9,22,[[21185,0],[21187,0],[21442,0],[20930,0],]]
[21187,2,22,[[21188,0],[21186,0],[21443,0],[21442,0],[20931,0],]]
[21188,9,22,[[21187,0],[21189,0],[21444,0],[20932,0],]]
[21189,17,22,[[21190,0],[21188,0],[21445,0],[21444,0],[20933,0],]]
[21190,12,22,[[21189,0],[21191,0],[21446,0],[20934,0],]]
[21191,17,22,[[21192,0],[21190,0],[21447,0],[21446,0],[20935,0],]]
[21192,8,22,[[21191,0],[21193,0],[21448,0],[20936,0],]]
[21193,3,22,[[21194,0],[21192,0],[21449,0],[21448,0],[20937,0],]]
[21194,7,22,[[21193,0],[21195,0],[21450,0],[20938,0],]]
[21195,12,22,[[21196,0],[21194,0],[21451,0],[21450,0],[20939,0],]]
[21196,3,22,[[21195,0],[21197,0],[21452,0],[20940,0],]]
[21197,9,22,[[21198,0],[21196,0],[21453,0],[21452,0],[20941,0],]]
[21198,16,22,[[21197,0],[21199,0],[21454,0],[20942,0],]]
[21199,5,22,[[21200,0],[21198,0],[21455,0],[21454,0],[20943,0],]]
[21200,7,22,[[21199,0],[21201,0],[21456,0],[20944,0],]]
[21201,12,22,[[21202,0],[21200,0],[21457,0],[21456,0],[20945,0],]]
[21202,17,22,[[21201,0],[21203,0],[21458,0],[20946,0],]]
[21203,5,22,[[21204,0],[21202,0],[21459,0],[21458,0],[20947,0],]]
[21204,8,22,[[21203,0],[21205,0],[21460,0],[20948,0],]]
[21205,4,22,[[21206,0],[21204,0],[21461,0],[21460,0],[20949,0],]]
[21206,2,22,[[21205,0],[21207,0],[21462,0],[20950,0],]]
[21207,6,22,[[21208,0],[21206,0],[21463,0],[21462,0],[20951,0],]]
[21208,1,22,[[21207,0],[21209,0],[21464,0],[20952,0],]]
[21209,14,22,[[21210,0],[21208,0],[21465,0],[21464,0],[20953,0],]]
[21210,17,22,[[21209,0],[21211,0],[21466,0],[20954,0],]]
[21211,1,22,[[21212,0],[21210,0],[21467,0],[21466,0],[20955,0],]]
[21212,19,22,[[21211,0],[21213,0],[21468,0],[20956,0],]]
[21213,17,22,[[21214,0],[21212,0],[21469,0],[21468,0],[20957,0],]]
[21214,4,22,[[21213,0],[21215,0],[21470,0],[20958,0],]]
[21215,18,22,[[21216,0],[21214,0],[21471,0],[21470,0],[20959,0],]]
[21216,13,23,[[21215,0],[21217,0],[21472,0],[20960,0],]]
[21217,4,23,[[21218,0],[21216,0],[21473,0],[21472,0],[20961,0],]]
[21218,10,23,[[21217,0],[21219,0],[21474,0],[20962,0],]]
[21219,3,23,[[21220,0],[21218,0],[21475,0],[21474,0],[20963,0],]]
[21220,16,23,[[21219,0],[21221,0],[21476,0],[20964,0],]]
[21221,11,23,[[21222,0],[21220,0],[21477,0],[21476,0],[20965,0],]]
[21222,16,23,[[21221,0],[21223,0],[21478,0],[20966,0],]]
[21223,2,23,[[21224,0],[21222,0],[21479,0],[21478,0],[20967,0],]]
[21224,1,23,[[21223,0],[21225,0],[21480,0],[20968,0],]]
[21225,1,23,[[21226,0],[21224,0],[21481,0],[21480,0],[20969,0],]]
[21226,13,23,[[21225,0],[21227,0],[21482,0],[20970,0],]]
[21227,19,23,[[21228,0],[21226,0],[21483,0],[21482,0],[20971,0],]]
[21228,3,23,[[21227,0],[21229,0],[21484,0],[20972,0],]]
[21229,13,23,[[21230,0],[21228,0],[21485,0],[21484,0],[20973,0],]]
[21230,3,23,[[21229,0],[21231,0],[21486,0],[20974,0],]]
[21231,5,23,[[21232,0],[21230,0],[21487,0],[21486,0],[20975,0],]]
[21232,4,23,[[21231,0],[21233,0],[21488,0],[20976,0],]]
[21233,19,23,[[21234,0],[21232,0],[21489,0],[21488,0],[20977,0],]]
[21234,10,23,[[21233,0],[21235,0],[21490,0],[20978,0],]]
[21235,2,23,[[21236,0],[21234,0],[21491,0],[21490,0],[20979,0],]]
[21236,14,23,[[21235,0],[21237,0],[21492,0],[20980,0],]]
[21237,19,23,[[21238,0],[21236,0],[21493,0],[21492,0],[20981,0],]]
[21238,6,23,[[21237,0],[21239,0],[21494,0],[20982,0],]]
[21239,5,23,[[21240,0],[21238,0],[21495,0],[21494,0],[20983,0],]]
[21240,12,23,[[21239,0],[21241,0],[21496,0],[20984,0],]]
[21241,7,23,[[21242,0],[21240,0],[21497,0],[21496,0],[20985,0],]]
[21242,8,23,[[21241,0],[21243,0],[21498,0],[20986,0],]]
[21243,3,23,[[21244,0],[21242,0],[21499,0],[21498,0],[20987,0],]]
[21244,5,23,[[21243,0],[21245,0],[21500,0],[20988,0],]]
[21245,8,23,[[21246,0],[21244,0],[21501,0],[21500,0],[20989,0],]]
[21246,11,23,[[21245,0],[21247,0],[21502,0],[20990,0],]]
[21247,9,23,[[21246,0],[21503,0],[21502,0],[20991,0],]]
[21248,13,16,[[21249,0],[20992,0],[20993,0],[21504,0],]]
[21249,16,16,[[21250,0],[21248,0],[20993,0],[21505,0],]]
[21250,9,16,[[21249,0],[21251,0],[20994,0],[20995,0],[21506,0],]]
[21251,9,16,[[21252,0],[21250,0],[20995,0],[21507,0],]]
[21252,17,16,[[21251,0],[21253,0],[20996,0],[20997,0],[21508,0],]]
[21253,1,16,[[21254,0],[21252,0],[20997,0],[21509,0],]]
[21254,9,16,[[21253,0],[21255,0],[20998,0],[20999,0],[21510,0],]]
[21255,1,16,[[21256,0],[21254,0],[20999,0],[21511,0],]]
[21256,7,16,[[21255,0],[21257,0],[21000,0],[21001,0],[21512,0],]]
[21257,12,16,[[21258,0],[21256,0],[21001,0],[21513,0],]]
[21258,1,16,[[21257,0],[21259,0],[21002,0],[21003,0],[21514,0],]]
[21259,14,16,[[21260,0],[21258,0],[21003,0],[21515,0],]]
[21260,12,16,[[21259,0],[21261,0],[21004,0],[21005,0],[21516,0],]]
[21261,2,16,[[21262,0],[21260,0],[21005,0],[21517,0],]]
[21262,14,16,[[21261,0],[21263,0],[21006,0],[21007,0],[21518,0],]]
[21263,6,16,[[21264,0],[21262,0],[21007,0],[21519,0],]]
[21264,3,16,[[21263,0],[21265,0],[21008,0],[21009,0],[21520,0],]]
[21265,13,16,[[21266,0],[21264,0],[21009,0],[21521,0],]]
[21266,12,16,[[21265,0],[21267,0],[21010,0],[21011,0],[21522,0],]]
[21267,10,16,[[21268,0],[21266,0],[21011,0],[21523,0],]]
[21268,16,16,[[21267,0],[21269,0],[21012,0],[21013,0],[21524,0],]]
[21269,3,16,[[21270,0],[21268,0],[21013,0],[21525,0],]]
[21270,6,16,[[21269,0],[21271,0],[21014,0],[21015,0],[21526,0],]]
[21271,15,16,[[21272,0],[21270,0],[21015,0],[21527,0],]]
[21272,7,16,[[21271,0],[21273,0],[21016,0],[21017,0],[21528,0],]]
[21273,11,16,[[21274,0],[21272,0],[21017,0],[21529,0],]]
[21274,8,16,[[21273,0],[21275,0],[21018,0],[21019,0],[21530,0],]]
[21275,3,16,[[21276,0],[21274,0],[21019,0],[21531,0],]]
[21276,7,16,[[21275,0],[21277,0],[21020,0],[21021,0],[21532,0],]]
[21277,7,16,[[21278,0],[21276,0],[21021,0],[21533,0],]]
[21278,16,16,[[21277,0],[21279,0],[21022,0],[21023,0],[21534,0],]]
[21279,2,16,[[21280,0],[21278,0],[21023,0],[21535,0],]]
[21280,7,17,[[21279,0],[21281,0],[21024,0],[21025,0],[21536,0],]]
[21281,5,17,[[21282,0],[21280,0],[21025,0],[21537,0],]]
[21282,2,17,[[21281,0],[21283,0],[21026,0],[21027,0],[21538,0],]]
[21283,14,17,[[21284,0],[21282,0],[21027,0],[21539,0],]]
[21284,4,17,[[21283,0],[21285,0],[21028,0],[21029,0],[21540,0],]]
[21285,18,17,[[21286,0],[21284,0],[21029,0],[21541,0],]]
[21286,18,17,[[21285,0],[21287,0],[21030,0],[21031,0],[21542,0],]]
[21287,15,17,[[21288,0],[21286,0],[21031,0],[21543,0],]]
[21288,2,17,[[21287,0],[21289,0],[21032,0],[21033,0],[21544,0],]]
[21289,3,17,[[21290,0],[21288,0],[21033,0],[21545,0],]]
[21290,16,17,[[21289,0],[21291,0],[21034,0],[21035,0],[21546,0],]]
[21291,13,17,[[21292,0],[21290,0],[21035,0],[21547,0],]]
[21292,17,17,[[21291,0],[21293,0],[21036,0],[21037,0],[21548,0],]]
[21293,1,17,[[21294,0],[21292,0],[21037,0],[21549,0],]]
[21294,13,17,[[21293,0],[21295,0],[21038,0],[21039,0],[21550,0],]]
[21295,17,17,[[21296,0],[21294,0],[21039,0],[21551,0],]]
[21296,12,17,[[21295,0],[21297,0],[21040,0],[21041,0],[21552,0],]]
[21297,10,17,[[21298,0],[21296,0],[21041,0],[21553,0],]]
[21298,15,17,[[21297,0],[21299,0],[21042,0],[21043,0],[21554,0],]]
[21299,10,17,[[21300,0],[21298,0],[21043,0],[21555,0],]]
[21300,2,17,[[21299,0],[21301,0],[21044,0],[21045,0],[21556,0],]]
[21301,7,17,[[21302,0],[21300,0],[21045,0],[21557,0],]]
[21302,16,17,[[21301,0],[21303,0],[21046,0],[21047,0],[21558,0],]]
[21303,19,17,[[21304,0],[21302,0],[21047,0],[21559,0],]]
[21304,14,17,[[21303,0],[21305,0],[21048,0],[21049,0],[21560,0],]]
[21305,18,17,[[21306,0],[21304,0],[21049,0],[21561,0],]]
[21306,19,17,[[21305,0],[21307,0],[21050,0],[21051,0],[21562,0],]]
[21307,16,17,[[21308,0],[21306,0],[21051,0],[21563,0],]]
[21308,4,17,[[21307,0],[21309,0],[21052,0],[21053,0],[21564,0],]]
[21309,12,17,[[21310,0],[21308,0],[21053,0],[21565,0],]]
[21310,10,17,[[21309,0],[21311,0],[21054,0],[21055,0],[21566,0],]]
[21311,17,17,[[21312,0],[21310,0],[21055,0],[21567,0],]]
[21312,15,18,[[21311,0],[21313,0],[21056,0],[21057,0],[21568,0],]]
[21313,8,18,[[21314,0],[21312,0],[21057,0],[21569,0],]]
[21314,5,18,[[21313,0],[21315,0],[21058,0],[21059,0],[21570,0],]]
[21315,9,18,[[21316,0],[21314,0],[21059,0],[21571,0],]]
[21316,11,18,[[21315,0],[21317,0],[21060,0],[21061,0],[21572,0],]]
[21317,4,18,[[21318,0],[21316,0],[21061,0],[21573,0],]]
[21318,13,18,[[21317,0],[21319,0],[21062,0],[21063,0],[21574,0],]]
[21319,5,18,[[21320,0],[21318,0],[21063,0],[21575,0],]]
[21320,13,18,[[21319,0],[21321,0],[21064,0],[21065,0],[21576,0],]]
[21321,19,18,[[21322,0],[21320,0],[21065,0],[21577,0],]]
[21322,1,18,[[21321,0],[21323,0],[21066,0],[21067,0],[21578,0],]]
[21323,9,18,[[21324,0],[21322,0],[21067,0],[21579,0],]]
[21324,16,18,[[21323,0],[21325,0],[21068,0],[21069,0],[21580,0],]]
[21325,6,18,[[21326,0],[21324,0],[21069,0],[21581,0],]]
[21326,18,18,[[21325,0],[21327,0],[21070,0],[21071,0],[21582,0],]]
[21327,3,18,[[21328,0],[21326,0],[21071,0],[21583,0],]]
[21328,5,18,[[21327,0],[21329,0],[21072,0],[21073,0],[21584,0],]]
[21329,10,18,[[21330,0],[21328,0],[21073,0],[21585,0],]]
[21330,10,18,[[21329,0],[21331,0],[21074,0],[21075,0],[21586,0],]]
[21331,11,18,[[21332,0],[21330,0],[21075,0],[21587,0],]]
[21332,13,18,[[21331,0],[21333,0],[21076,0],[21077,0],[21588,0],]]
[21333,5,18,[[21334,0],[21332,0],[21077,0],[21589,0],]]
[21334,1,18,[[21333,0],[21335,0],[21078,0],[21079,0],[21590,0],]]
[21335,19,18,[[21336,0],[21334,0],[21079,0],[21591,0],]]
[21336,19,18,[[21335,0],[21337,0],[21080,0],[21081,0],[21592,0],]]
[21337,8,18,[[21338,0],[21336,0],[21081,0],[21593,0],]]
[21338,4,18,[[21337,0],[21339,0],[21082,0],[21083,0],[21594,0],]]
[21339,7,18,[[21340,0],[21338,0],[21083,0],[21595,0],]]
[21340,4,18,[[21339,0],[21341,0],[21084,0],[21085,0],[21596,0],]]
[21341,9,18,[[21342,0],[21340,0],[21085,0],[21597,0],]]
[21342,5,18,[[21341,0],[21343,0],[21086,0],[21087,0],[21598,0],]]
[21343,5,18,[[21344,0],[21342,0],[21087,0],[21599,0],]]
[21344,16,19,[[21343,0],[21345,0],[21088,0],[21089,0],[21600,0],]]
[21345,6,19,[[21346,0],[21344,0],[21089,0],[21601,0],]]
[21346,2,19,[[21345,0],[21347,0],[21090,0],[21091,0],[21602,0],]]
[21347,11,19,[[21348,0],[21346,0],[21091,0],[21603,0],]]
[21348,3,19,[[21347,0],[21349,0],[21092,0],[21093,0],[21604,0],]]
[21349,18,19,[[21350,0],[21348,0],[21093,0],[21605,0],]]
[21350,1,19,[[21349,0],[21351,0],[21094,0],[21095,0],[21606,0],]]
[21351,3,19,[[21352,0],[21350,0],[21095,0],[21607,0],]]
[21352,1,19,[[21351,0],[21353,0],[21096,0],[21097,0],[21608,0],]]
[21353,6,19,[[21354,0],[21352,0],[21097,0],[21609,0],]]
[21354,13,19,[[21353,0],[21355,0],[21098,0],[21099,0],[21610,0],]]
[21355,17,19,[[21356,0],[21354,0],[21099,0],[21611,0],]]
[21356,6,19,[[21355,0],[21357,0],[21100,0],[21101,0],[21612,0],]]
[21357,8,19,[[21358,0],[21356,0],[21101,0],[21613,0],]]
[21358,6,19,[[21357,0],[21359,0],[21102,0],[21103,0],[21614,0],]]
[21359,19,19,[[21360,0],[21358,0],[21103,0],[21615,0],]]
[21360,4,19,[[21359,0],[21361,0],[21104,0],[21105,0],[21616,0],]]
[21361,2,19,[[21362,0],[21360,0],[21105,0],[21617,0],]]
[21362,10,19,[[21361,0],[21363,0],[21106,0],[21107,0],[21618,0],]]
[21363,13,19,[[21364,0],[21362,0],[21107,0],[21619,0],]]
[21364,5,19,[[21363,0],[21365,0],[21108,0],[21109,0],[21620,0],]]
[21365,10,19,[[21366,0],[21364,0],[21109,0],[21621,0],]]
[21366,1,19,[[21365,0],[21367,0],[21110,0],[21111,0],[21622,0],]]
[21367,17,19,[[21368,0],[21366,0],[21111,0],[21623,0],]]
[21368,3,19,[[21367,0],[21369,0],[21112,0],[21113,0],[21624,0],]]
[21369,6,19,[[21370,0],[21368,0],[21113,0],[21625,0],]]
[21370,13,19,[[21369,0],[21371,0],[21114,0],[21115,0],[21626,0],]]
[21371,5,19,[[21372,0],[21370,0],[21115,0],[21627,0],]]
[21372,10,19,[[21371,0],[21373,0],[21116,0],[21117,0],[21628,0],]]
[21373,19,19,[[21374,0],[21372,0],[21117,0],[21629,0],]]
[21374,10,19,[[21373,0],[21375,0],[21118,0],[21119,0],[21630,0],]]
[21375,3,19,[[21376,0],[21374,0],[21119,0],[21631,0],]]
[21376,4,20,[[21375,0],[21377,0],[21120,0],[21121,0],[21632,0],]]
[21377,5,20,[[21378,0],[21376,0],[21121,0],[21633,0],]]
[21378,11,20,[[21377,0],[21379,0],[21122,0],[21123,0],[21634,0],]]
[21379,18,20,[[21380,0],[21378,0],[21123,0],[21635,0],]]
[21380,16,20,[[21379,0],[21381,0],[21124,0],[21125,0],[21636,0],]]
[21381,9,20,[[21382,0],[21380,0],[21125,0],[21637,0],]]
[21382,1,20,[[21381,0],[21383,0],[21126,0],[21127,0],[21638,0],]]
[21383,13,20,[[21384,0],[21382,0],[21127,0],[21639,0],]]
[21384,1,20,[[21383,0],[21385,0],[21128,0],[21129,0],[21640,0],]]
[21385,9,20,[[21386,0],[21384,0],[21129,0],[21641,0],]]
[21386,8,20,[[21385,0],[21387,0],[21130,0],[21131,0],[21642,0],]]
[21387,4,20,[[21388,0],[21386,0],[21131,0],[21643,0],]]
[21388,17,20,[[21387,0],[21389,0],[21132,0],[21133,0],[21644,0],]]
[21389,10,20,[[21390,0],[21388,0],[21133,0],[21645,0],]]
[21390,12,20,[[21389,0],[21391,0],[21134,0],[21135,0],[21646,0],]]
[21391,19,20,[[21392,0],[21390,0],[21135,0],[21647,0],]]
[21392,12,20,[[21391,0],[21393,0],[21136,0],[21137,0],[21648,0],]]
[21393,15,20,[[21394,0],[21392,0],[21137,0],[21649,0],]]
[21394,5,20,[[21393,0],[21395,0],[21138,0],[21139,0],[21650,0],]]
[21395,18,20,[[21396,0],[21394,0],[21139,0],[21651,0],]]
[21396,2,20,[[21395,0],[21397,0],[21140,0],[21141,0],[21652,0],]]
[21397,5,20,[[21398,0],[21396,0],[21141,0],[21653,0],]]
[21398,17,20,[[21397,0],[21399,0],[21142,0],[21143,0],[21654,0],]]
[21399,7,20,[[21400,0],[21398,0],[21143,0],[21655,0],]]
[21400,17,20,[[21399,0],[21401,0],[21144,0],[21145,0],[21656,0],]]
[21401,3,20,[[21402,0],[21400,0],[21145,0],[21657,0],]]
[21402,3,20,[[21401,0],[21403,0],[21146,0],[21147,0],[21658,0],]]
[21403,2,20,[[21404,0],[21402,0],[21147,0],[21659,0],]]
[21404,16,20,[[21403,0],[21405,0],[21148,0],[21149,0],[21660,0],]]
[21405,6,20,[[21406,0],[21404,0],[21149,0],[21661,0],]]
[21406,18,20,[[21405,0],[21407,0],[21150,0],[21151,0],[21662,0],]]
[21407,7,20,[[21408,0],[21406,0],[21151,0],[21663,0],]]
[21408,4,21,[[21407,0],[21409,0],[21152,0],[21153,0],[21664,0],]]
[21409,1,21,[[21410,0],[21408,0],[21153,0],[21665,0],]]
[21410,13,21,[[21409,0],[21411,0],[21154,0],[21155,0],[21666,0],]]
[21411,9,21,[[21412,0],[21410,0],[21155,0],[21667,0],]]
[21412,14,21,[[21411,0],[21413,0],[21156,0],[21157,0],[21668,0],]]
[21413,12,21,[[21414,0],[21412,0],[21157,0],[21669,0],]]
[21414,19,21,[[21413,0],[21415,0],[21158,0],[21159,0],[21670,0],]]
[21415,10,21,[[21416,0],[21414,0],[21159,0],[21671,0],]]
[21416,15,21,[[21415,0],[21417,0],[21160,0],[21161,0],[21672,0],]]
[21417,6,21,[[21418,0],[21416,0],[21161,0],[21673,0],]]
[21418,12,21,[[21417,0],[21419,0],[21162,0],[21163,0],[21674,0],]]
[21419,2,21,[[21420,0],[21418,0],[21163,0],[21675,0],]]
[21420,17,21,[[21419,0],[21421,0],[21164,0],[21165,0],[21676,0],]]
[21421,3,21,[[21422,0],[21420,0],[21165,0],[21677,0],]]
[21422,8,21,[[21421,0],[21423,0],[21166,0],[21167,0],[21678,0],]]
[21423,15,21,[[21424,0],[21422,0],[21167,0],[21679,0],]]
[21424,7,21,[[21423,0],[21425,0],[21168,0],[21169,0],[21680,0],]]
[21425,7,21,[[21426,0],[21424,0],[21169,0],[21681,0],]]
[21426,11,21,[[21425,0],[21427,0],[21170,0],[21171,0],[21682,0],]]
[21427,7,21,[[21428,0],[21426,0],[21171,0],[21683,0],]]
[21428,8,21,[[21427,0],[21429,0],[21172,0],[21173,0],[21684,0],]]
[21429,3,21,[[21430,0],[21428,0],[21173,0],[21685,0],]]
[21430,10,21,[[21429,0],[21431,0],[21174,0],[21175,0],[21686,0],]]
[21431,7,21,[[21432,0],[21430,0],[21175,0],[21687,0],]]
[21432,16,21,[[21431,0],[21433,0],[21176,0],[21177,0],[21688,0],]]
[21433,13,21,[[21434,0],[21432,0],[21177,0],[21689,0],]]
[21434,7,21,[[21433,0],[21435,0],[21178,0],[21179,0],[21690,0],]]
[21435,13,21,[[21436,0],[21434,0],[21179,0],[21691,0],]]
[21436,9,21,[[21435,0],[21437,0],[21180,0],[21181,0],[21692,0],]]
[21437,4,21,[[21438,0],[21436,0],[21181,0],[21693,0],]]
[21438,18,21,[[21437,0],[21439,0],[21182,0],[21183,0],[21694,0],]]
[21439,3,21,[[21440,0],[21438,0],[21183,0],[21695,0],]]
[21440,7,22,[[21439,0],[21441,0],[21184,0],[21185,0],[21696,0],]]
[21441,17,22,[[21442,0],[21440,0],[21185,0],[21697,0],]]
[21442,5,22,[[21441,0],[21443,0],[21186,0],[21187,0],[21698,0],]]
[21443,4,22,[[21444,0],[21442,0],[21187,0],[21699,0],]]
[21444,18,22,[[21443,0],[21445,0],[21188,0],[21189,0],[21700,0],]]
[21445,7,22,[[21446,0],[21444,0],[21189,0],[21701,0],]]
[21446,16,22,[[21445,0],[21447,0],[21190,0],[21191,0],[21702,0],]]
[21447,2,22,[[21448,0],[21446,0],[21191,0],[21703,0],]]
[21448,19,22,[[21447,0],[21449,0],[21192,0],[21193,0],[21704,0],]]
[21449,12,22,[[21450,0],[21448,0],[21193,0],[21705,0],]]
[21450,9,22,[[21449,0],[21451,0],[21194,0],[21195,0],[21706,0],]]
[21451,1,22,[[21452,0],[21450,0],[21195,0],[21707,0],]]
[21452,16,22,[[21451,0],[21453,0],[21196,0],[21197,0],[21708,0],]]
[21453,8,22,[[21454,0],[21452,0],[21197,0],[21709,0],]]
[21454,7,22,[[21453,0],[21455,0],[21198,0],[21199,0],[21710,0],]]
[21455,8,22,[[21456,0],[21454,0],[21199,0],[21711,0],]]
[21456,4,22,[[21455,0],[21457,0],[21200,0],[21201,0],[21712,0],]]
[21457,13,22,[[21458,0],[21456,0],[21201,0],[21713,0],]]
[21458,7,22,[[21457,0],[21459,0],[21202,0],[21203,0],[21714,0],]]
[21459,3,22,[[21460,0],[21458,0],[21203,0],[21715,0],]]
[21460,12,22,[[21459,0],[21461,0],[21204,0],[21205,0],[21716,0],]]
[21461,9,22,[[21462,0],[21460,0],[21205,0],[21717,0],]]
[21462,5,22,[[21461,0],[21463,0],[21206,0],[21207,0],[21718,0],]]
[21463,1,22,[[21464,0],[21462,0],[21207,0],[21719,0],]]
[21464,14,22,[[21463,0],[21465,0],[21208,0],[21209,0],[21720,0],]]
[21465,1,22,[[21466,0],[21464,0],[21209,0],[21721,0],]]
[21466,4,22,[[21465,0],[21467,0],[21210,0],[21211,0],[21722,0],]]
[21467,10,22,[[21468,0],[21466,0],[21211,0],[21723,0],]]
[21468,2,22,[[21467,0],[21469,0],[21212,0],[21213,0],[21724,0],]]
[21469,16,22,[[21470,0],[21468,0],[21213,0],[21725,0],]]
[21470,12,22,[[21469,0],[21471,0],[21214,0],[21215,0],[21726,0],]]
[21471,10,22,[[21472,0],[21470,0],[21215,0],[21727,0],]]
[21472,5,23,[[21471,0],[21473,0],[21216,0],[21217,0],[21728,0],]]
[21473,3,23,[[21474,0],[21472,0],[21217,0],[21729,0],]]
[21474,5,23,[[21473,0],[21475,0],[21218,0],[21219,0],[21730,0],]]
[21475,10,23,[[21476,0],[21474,0],[21219,0],[21731,0],]]
[21476,1,23,[[21475,0],[21477,0],[21220,0],[21221,0],[21732,0],]]
[21477,3,23,[[21478,0],[21476,0],[21221,0],[21733,0],]]
[21478,15,23,[[21477,0],[21479,0],[21222,0],[21223,0],[21734,0],]]
[21479,12,23,[[21480,0],[21478,0],[21223,0],[21735,0],]]
[21480,13,23,[[21479,0],[21481,0],[21224,0],[21225,0],[21736,0],]]
[21481,4,23,[[21482,0],[21480,0],[21225,0],[21737,0],]]
[21482,17,23,[[21481,0],[21483,0],[21226,0],[21227,0],[21738,0],]]
[21483,11,23,[[21484,0],[21482,0],[21227,0],[21739,0],]]
[21484,16,23,[[21483,0],[21485,0],[21228,0],[21229,0],[21740,0],]]
[21485,11,23,[[21486,0],[21484,0],[21229,0],[21741,0],]]
[21486,16,23,[[21485,0],[21487,0],[21230,0],[21231,0],[21742,0],]]
[21487,12,23,[[21488,0],[21486,0],[21231,0],[21743,0],]]
[21488,16,23,[[21487,0],[21489,0],[21232,0],[21233,0],[21744,0],]]
[21489,11,23,[[21490,0],[21488,0],[21233,0],[21745,0],]]
[21490,12,23,[[21489,0],[21491,0],[21234,0],[21235,0],[21746,0],]]
[21491,2,23,[[21492,0],[21490,0],[21235,0],[21747,0],]]
[21492,6,23,[[21491,0],[21493,0],[21236,0],[21237,0],[21748,0],]]
[21493,15,23,[[21494,0],[21492,0],[21237,0],[21749,0],]]
[21494,13,23,[[21493,0],[21495,0],[21238,0],[21239,0],[21750,0],]]
[21495,6,23,[[21496,0],[21494,0],[21239,0],[21751,0],]]
[21496,9,23,[[21495,0],[21497,0],[21240,0],[21241,0],[21752,0],]]
[21497,8,23,[[21498,0],[21496,0],[21241,0],[21753,0],]]
[21498,1,23,[[21497,0],[21499,0],[21242,0],[21243,0],[21754,0],]]
[21499,18,23,[[21500,0],[21498,0],[21243,0],[21755,0],]]
[21500,17,23,[[21499,0],[21501,0],[21244,0],[21245,0],[21756,0],]]
[21501,12,23,[[21502,0],[21500,0],[21245,0],[21757,0],]]
[21502,14,23,[[21501,0],[21503,0],[21246,0],[21247,0],[21758,0],]]
[21503,5,23,[[21502,0],[21247,0],[21759,0],]]
[21504,3,16,[[21505,0],[21760,0],[21248,0],]]
[21505,5,16,[[21506,0],[21504,0],[21761,0],[21760,0],[21249,0],]]
[21506,11,16,[[21505,0],[21507,0],[21762,0],[21250,0],]]
[21507,3,16,[[21508,0],[21506,0],[21763,0],[21762,0],[21251,0],]]
[21508,9,16,[[21507,0],[21509,0],[21764,0],[21252,0],]]
[21509,8,16,[[21510,0],[21508,0],[21765,0],[21764,0],[21253,0],]]
[21510,13,16,[[21509,0],[21511,0],[21766,0],[21254,0],]]
[21511,3,16,[[21512,0],[21510,0],[21767,0],[21766,0],[21255,0],]]
[21512,6,16,[[21511,0],[21513,0],[21768,0],[21256,0],]]
[21513,4,16,[[21514,0],[21512,0],[21769,0],[21768,0],[21257,0],]]
[21514,15,16,[[21513,0],[21515,0],[21770,0],[21258,0],]]
[21515,12,16,[[21516,0],[21514,0],[21771,0],[21770,0],[21259,0],]]
[21516,3,16,[[21515,0],[21517,0],[21772,0],[21260,0],]]
[21517,18,16,[[21518,0],[21516,0],[21773,0],[21772,0],[21261,0],]]
[21518,7,16,[[21517,0],[21519,0],[21774,0],[21262,0],]]
[21519,17,16,[[21520,0],[21518,0],[21775,0],[21774,0],[21263,0],]]
[21520,11,16,[[21519,0],[21521,0],[21776,0],[21264,0],]]
[21521,11,16,[[21522,0],[21520,0],[21777,0],[21776,0],[21265,0],]]
[21522,10,16,[[21521,0],[21523,0],[21778,0],[21266,0],]]
[21523,5,16,[[21524,0],[21522,0],[21779,0],[21778,0],[21267,0],]]
[21524,12,16,[[21523,0],[21525,0],[21780,0],[21268,0],]]
[21525,18,16,[[21526,0],[21524,0],[21781,0],[21780,0],[21269,0],]]
[21526,12,16,[[21525,0],[21527,0],[21782,0],[21270,0],]]
[21527,1,16,[[21528,0],[21526,0],[21783,0],[21782,0],[21271,0],]]
[21528,18,16,[[21527,0],[21529,0],[21784,0],[21272,0],]]
[21529,14,16,[[21530,0],[21528,0],[21785,0],[21784,0],[21273,0],]]
[21530,9,16,[[21529,0],[21531,0],[21786,0],[21274,0],]]
[21531,8,16,[[21532,0],[21530,0],[21787,0],[21786,0],[21275,0],]]
[21532,16,16,[[21531,0],[21533,0],[21788,0],[21276,0],]]
[21533,2,16,[[21534,0],[21532,0],[21789,0],[21788,0],[21277,0],]]
[21534,7,16,[[21533,0],[21535,0],[21790,0],[21278,0],]]
[21535,4,16,[[21536,0],[21534,0],[21791,0],[21790,0],[21279,0],]]
[21536,8,17,[[21535,0],[21537,0],[21792,0],[21280,0],]]
[21537,5,17,[[21538,0],[21536,0],[21793,0],[21792,0],[21281,0],]]
[21538,11,17,[[21537,0],[21539,0],[21794,0],[21282,0],]]
[21539,8,17,[[21540,0],[21538,0],[21795,0],[21794,0],[21283,0],]]
[21540,2,17,[[21539,0],[21541,0],[21796,0],[21284,0],]]
[21541,11,17,[[21542,0],[21540,0],[21797,0],[21796,0],[21285,0],]]
[21542,7,17,[[21541,0],[21543,0],[21798,0],[21286,0],]]
[21543,3,17,[[21544,0],[21542,0],[21799,0],[21798,0],[21287,0],]]
[21544,15,17,[[21543,0],[21545,0],[21800,0],[21288,0],]]
[21545,18,17,[[21546,0],[21544,0],[21801,0],[21800,0],[21289,0],]]
[21546,4,17,[[21545,0],[21547,0],[21802,0],[21290,0],]]
[21547,13,17,[[21548,0],[21546,0],[21803,0],[21802,0],[21291,0],]]
[21548,9,17,[[21547,0],[21549,0],[21804,0],[21292,0],]]
[21549,4,17,[[21550,0],[21548,0],[21805,0],[21804,0],[21293,0],]]
[21550,7,17,[[21549,0],[21551,0],[21806,0],[21294,0],]]
[21551,12,17,[[21552,0],[21550,0],[21807,0],[21806,0],[21295,0],]]
[21552,15,17,[[21551,0],[21553,0],[21808,0],[21296,0],]]
[21553,15,17,[[21554,0],[21552,0],[21809,0],[21808,0],[21297,0],]]
[21554,9,17,[[21553,0],[21555,0],[21810,0],[21298,0],]]
[21555,2,17,[[21556,0],[21554,0],[21811,0],[21810,0],[21299,0],]]
[21556,4,17,[[21555,0],[21557,0],[21812,0],[21300,0],]]
[21557,15,17,[[21558,0],[21556,0],[21813,0],[21812,0],[21301,0],]]
[21558,5,17,[[21557,0],[21559,0],[21814,0],[21302,0],]]
[21559,5,17,[[21560,0],[21558,0],[21815,0],[21814,0],[21303,0],]]
[21560,3,17,[[21559,0],[21561,0],[21816,0],[21304,0],]]
[21561,10,17,[[21562,0],[21560,0],[21817,0],[21816,0],[21305,0],]]
[21562,19,17,[[21561,0],[21563,0],[21818,0],[21306,0],]]
[21563,1,17,[[21564,0],[21562,0],[21819,0],[21818,0],[21307,0],]]
[21564,4,17,[[21563,0],[21565,0],[21820,0],[21308,0],]]
[21565,9,17,[[21566,0],[21564,0],[21821,0],[21820,0],[21309,0],]]
[21566,16,17,[[21565,0],[21567,0],[21822,0],[21310,0],]]
[21567,19,17,[[21568,0],[21566,0],[21823,0],[21822,0],[21311,0],]]
[21568,16,18,[[21567,0],[21569,0],[21824,0],[21312,0],]]
[21569,18,18,[[21570,0],[21568,0],[21825,0],[21824,0],[21313,0],]]
[21570,8,18,[[21569,0],[21571,0],[21826,0],[21314,0],]]
[21571,10,18,[[21572,0],[21570,0],[21827,0],[21826,0],[21315,0],]]
[21572,12,18,[[21571,0],[21573,0],[21828,0],[21316,0],]]
[21573,4,18,[[21574,0],[21572,0],[21829,0],[21828,0],[21317,0],]]
[21574,6,18,[[21573,0],[21575,0],[21830,0],[21318,0],]]
[21575,8,18,[[21576,0],[21574,0],[21831,0],[21830,0],[21319,0],]]
[21576,13,18,[[21575,0],[21577,0],[21832,0],[21320,0],]]
[21577,13,18,[[21578,0],[21576,0],[21833,0],[21832,0],[21321,0],]]
[21578,4,18,[[21577,0],[21579,0],[21834,0],[21322,0],]]
[21579,11,18,[[21580,0],[21578,0],[21835,0],[21834,0],[21323,0],]]
[21580,9,18,[[21579,0],[21581,0],[21836,0],[21324,0],]]
[21581,1,18,[[21582,0],[21580,0],[21837,0],[21836,0],[21325,0],]]
[21582,9,18,[[21581,0],[21583,0],[21838,0],[21326,0],]]
[21583,16,18,[[21584,0],[21582,0],[21839,0],[21838,0],[21327,0],]]
[21584,18,18,[[21583,0],[21585,0],[21840,0],[21328,0],]]
[21585,13,18,[[21586,0],[21584,0],[21841,0],[21840,0],[21329,0],]]
[21586,2,18,[[21585,0],[21587,0],[21842,0],[21330,0],]]
[21587,1,18,[[21588,0],[21586,0],[21843,0],[21842,0],[21331,0],]]
[21588,7,18,[[21587,0],[21589,0],[21844,0],[21332,0],]]
[21589,14,18,[[21590,0],[21588,0],[21845,0],[21844,0],[21333,0],]]
[21590,6,18,[[21589,0],[21591,0],[21846,0],[21334,0],]]
[21591,14,18,[[21592,0],[21590,0],[21847,0],[21846,0],[21335,0],]]
[21592,13,18,[[21591,0],[21593,0],[21848,0],[21336,0],]]
[21593,18,18,[[21594,0],[21592,0],[21849,0],[21848,0],[21337,0],]]
[21594,19,18,[[21593,0],[21595,0],[21850,0],[21338,0],]]
[21595,15,18,[[21596,0],[21594,0],[21851,0],[21850,0],[21339,0],]]
[21596,9,18,[[21595,0],[21597,0],[21852,0],[21340,0],]]
[21597,5,18,[[21598,0],[21596,0],[21853,0],[21852,0],[21341,0],]]
[21598,3,18,[[21597,0],[21599,0],[21854,0],[21342,0],]]
[21599,13,18,[[21600,0],[21598,0],[21855,0],[21854,0],[21343,0],]]
[21600,9,19,[[21599,0],[21601,0],[21856,0],[21344,0],]]
[21601,10,19,[[21602,0],[21600,0],[21857,0],[21856,0],[21345,0],]]
[21602,17,19,[[21601,0],[21603,0],[21858,0],[21346,0],]]
[21603,19,19,[[21604,0],[21602,0],[21859,0],[21858,0],[21347,0],]]
[21604,1,19,[[21603,0],[21605,0],[21860,0],[21348,0],]]
[21605,7,19,[[21606,0],[21604,0],[21861,0],[21860,0],[21349,0],]]
[21606,9,19,[[21605,0],[21607,0],[21862,0],[21350,0],]]
[21607,8,19,[[21608,0],[21606,0],[21863,0],[21862,0],[21351,0],]]
[21608,11,19,[[21607,0],[21609,0],[21864,0],[21352,0],]]
[21609,4,19,[[21610,0],[21608,0],[21865,0],[21864,0],[21353,0],]]
[21610,9,19,[[21609,0],[21611,0],[21866,0],[21354,0],]]
[21611,10,19,[[21612,0],[21610,0],[21867,0],[21866,0],[21355,0],]]
[21612,13,19,[[21611,0],[21613,0],[21868,0],[21356,0],]]
[21613,16,19,[[21614,0],[21612,0],[21869,0],[21868,0],[21357,0],]]
[21614,16,19,[[21613,0],[21615,0],[21870,0],[21358,0],]]
[21615,1,19,[[21616,0],[21614,0],[21871,0],[21870,0],[21359,0],]]
[21616,17,19,[[21615,0],[21617,0],[21872,0],[21360,0],]]
[21617,2,19,[[21618,0],[21616,0],[21873,0],[21872,0],[21361,0],]]
[21618,12,19,[[21617,0],[21619,0],[21874,0],[21362,0],]]
[21619,9,19,[[21620,0],[21618,0],[21875,0],[21874,0],[21363,0],]]
[21620,13,19,[[21619,0],[21621,0],[21876,0],[21364,0],]]
[21621,14,19,[[21622,0],[21620,0],[21877,0],[21876,0],[21365,0],]]
[21622,14,19,[[21621,0],[21623,0],[21878,0],[21366,0],]]
[21623,6,19,[[21624,0],[21622,0],[21879,0],[21878,0],[21367,0],]]
[21624,14,19,[[21623,0],[21625,0],[21880,0],[21368,0],]]
[21625,7,19,[[21626,0],[21624,0],[21881,0],[21880,0],[21369,0],]]
