[24903,4,26,[[24904,0],[24902,0],[24647,0],[25159,0],]]
[24904,13,26,[[24903,0],[24905,0],[24648,0],[24649,0],[25160,0],]]
[24905,8,26,[[24906,0],[24904,0],[24649,0],[25161,0],]]
[24906,8,26,[[24905,0],[24907,0],[24650,0],[24651,0],[25162,0],]]
[24907,17,26,[[24908,0],[24906,0],[24651,0],[25163,0],]]
[24908,5,26,[[24907,0],[24909,0],[24652,0],[24653,0],[25164,0],]]
[24909,3,26,[[24910,0],[24908,0],[24653,0],[25165,0],]]
[24910,9,26,[[24909,0],[24911,0],[24654,0],[24655,0],[25166,0],]]
[24911,6,26,[[24912,0],[24910,0],[24655,0],[25167,0],]]
[24912,2,26,[[24911,0],[24913,0],[24656,0],[24657,0],[25168,0],]]
[24913,16,26,[[24914,0],[24912,0],[24657,0],[25169,0],]]
[24914,18,26,[[24913,0],[24915,0],[24658,0],[24659,0],[25170,0],]]
[24915,1,26,[[24916,0],[24914,0],[24659,0],[25171,0],]]
[24916,15,26,[[24915,0],[24917,0],[24660,0],[24661,0],[25172,0],]]
[24917,8,26,[[24918,0],[24916,0],[24661,0],[25173,0],]]
[24918,15,26,[[24917,0],[24919,0],[24662,0],[24663,0],[25174,0],]]
[24919,17,26,[[24920,0],[24918,0],[24663,0],[25175,0],]]
[24920,6,26,[[24919,0],[24921,0],[24664,0],[24665,0],[25176,0],]]
[24921,19,26,[[24922,0],[24920,0],[24665,0],[25177,0],]]
[24922,6,26,[[24921,0],[24923,0],[24666,0],[24667,0],[25178,0],]]
[24923,7,26,[[24924,0],[24922,0],[24667,0],[25179,0],]]
[24924,4,26,[[24923,0],[24925,0],[24668,0],[24669,0],[25180,0],]]
[24925,18,26,[[24926,0],[24924,0],[24669,0],[25181,0],]]
[24926,8,26,[[24925,0],[24927,0],[24670,0],[24671,0],[25182,0],]]
[24927,18,26,[[24928,0],[24926,0],[24671,0],[25183,0],]]
[24928,15,27,[[24927,0],[24929,0],[24672,0],[24673,0],[25184,0],]]
[24929,1,27,[[24930,0],[24928,0],[24673,0],[25185,0],]]
[24930,6,27,[[24929,0],[24931,0],[24674,0],[24675,0],[25186,0],]]
[24931,3,27,[[24932,0],[24930,0],[24675,0],[25187,0],]]
[24932,14,27,[[24931,0],[24933,0],[24676,0],[24677,0],[25188,0],]]
[24933,3,27,[[24934,0],[24932,0],[24677,0],[25189,0],]]
[24934,18,27,[[24933,0],[24935,0],[24678,0],[24679,0],[25190,0],]]
[24935,5,27,[[24936,0],[24934,0],[24679,0],[25191,0],]]
[24936,15,27,[[24935,0],[24937,0],[24680,0],[24681,0],[25192,0],]]
[24937,2,27,[[24938,0],[24936,0],[24681,0],[25193,0],]]
[24938,13,27,[[24937,0],[24939,0],[24682,0],[24683,0],[25194,0],]]
[24939,19,27,[[24940,0],[24938,0],[24683,0],[25195,0],]]
[24940,1,27,[[24939,0],[24941,0],[24684,0],[24685,0],[25196,0],]]
[24941,18,27,[[24942,0],[24940,0],[24685,0],[25197,0],]]
[24942,8,27,[[24941,0],[24943,0],[24686,0],[24687,0],[25198,0],]]
[24943,2,27,[[24944,0],[24942,0],[24687,0],[25199,0],]]
[24944,14,27,[[24943,0],[24945,0],[24688,0],[24689,0],[25200,0],]]
[24945,16,27,[[24946,0],[24944,0],[24689,0],[25201,0],]]
[24946,3,27,[[24945,0],[24947,0],[24690,0],[24691,0],[25202,0],]]
[24947,18,27,[[24948,0],[24946,0],[24691,0],[25203,0],]]
[24948,11,27,[[24947,0],[24949,0],[24692,0],[24693,0],[25204,0],]]
[24949,19,27,[[24950,0],[24948,0],[24693,0],[25205,0],]]
[24950,2,27,[[24949,0],[24951,0],[24694,0],[24695,0],[25206,0],]]
[24951,5,27,[[24952,0],[24950,0],[24695,0],[25207,0],]]
[24952,13,27,[[24951,0],[24953,0],[24696,0],[24697,0],[25208,0],]]
[24953,16,27,[[24954,0],[24952,0],[24697,0],[25209,0],]]
[24954,14,27,[[24953,0],[24955,0],[24698,0],[24699,0],[25210,0],]]
[24955,8,27,[[24956,0],[24954,0],[24699,0],[25211,0],]]
[24956,15,27,[[24955,0],[24957,0],[24700,0],[24701,0],[25212,0],]]
[24957,19,27,[[24958,0],[24956,0],[24701,0],[25213,0],]]
[24958,3,27,[[24957,0],[24959,0],[24702,0],[24703,0],[25214,0],]]
[24959,13,27,[[24960,0],[24958,0],[24703,0],[25215,0],]]
[24960,2,28,[[24959,0],[24961,0],[24704,0],[24705,0],[25216,0],]]
[24961,8,28,[[24962,0],[24960,0],[24705,0],[25217,0],]]
[24962,8,28,[[24961,0],[24963,0],[24706,0],[24707,0],[25218,0],]]
[24963,18,28,[[24964,0],[24962,0],[24707,0],[25219,0],]]
[24964,18,28,[[24963,0],[24965,0],[24708,0],[24709,0],[25220,0],]]
[24965,16,28,[[24966,0],[24964,0],[24709,0],[25221,0],]]
[24966,9,28,[[24965,0],[24967,0],[24710,0],[24711,0],[25222,0],]]
[24967,3,28,[[24968,0],[24966,0],[24711,0],[25223,0],]]
[24968,5,28,[[24967,0],[24969,0],[24712,0],[24713,0],[25224,0],]]
[24969,1,28,[[24970,0],[24968,0],[24713,0],[25225,0],]]
[24970,13,28,[[24969,0],[24971,0],[24714,0],[24715,0],[25226,0],]]
[24971,12,28,[[24972,0],[24970,0],[24715,0],[25227,0],]]
[24972,2,28,[[24971,0],[24973,0],[24716,0],[24717,0],[25228,0],]]
[24973,7,28,[[24974,0],[24972,0],[24717,0],[25229,0],]]
[24974,13,28,[[24973,0],[24975,0],[24718,0],[24719,0],[25230,0],]]
[24975,10,28,[[24976,0],[24974,0],[24719,0],[25231,0],]]
[24976,8,28,[[24975,0],[24977,0],[24720,0],[24721,0],[25232,0],]]
[24977,8,28,[[24978,0],[24976,0],[24721,0],[25233,0],]]
[24978,4,28,[[24977,0],[24979,0],[24722,0],[24723,0],[25234,0],]]
[24979,18,28,[[24980,0],[24978,0],[24723,0],[25235,0],]]
[24980,1,28,[[24979,0],[24981,0],[24724,0],[24725,0],[25236,0],]]
[24981,5,28,[[24982,0],[24980,0],[24725,0],[25237,0],]]
[24982,1,28,[[24981,0],[24983,0],[24726,0],[24727,0],[25238,0],]]
[24983,2,28,[[24984,0],[24982,0],[24727,0],[25239,0],]]
[24984,15,28,[[24983,0],[24985,0],[24728,0],[24729,0],[25240,0],]]
[24985,17,28,[[24986,0],[24984,0],[24729,0],[25241,0],]]
[24986,7,28,[[24985,0],[24987,0],[24730,0],[24731,0],[25242,0],]]
[24987,12,28,[[24988,0],[24986,0],[24731,0],[25243,0],]]
[24988,14,28,[[24987,0],[24989,0],[24732,0],[24733,0],[25244,0],]]
[24989,8,28,[[24990,0],[24988,0],[24733,0],[25245,0],]]
[24990,5,28,[[24989,0],[24991,0],[24734,0],[24735,0],[25246,0],]]
[24991,15,28,[[24992,0],[24990,0],[24735,0],[25247,0],]]
[24992,11,29,[[24991,0],[24993,0],[24736,0],[24737,0],[25248,0],]]
[24993,15,29,[[24994,0],[24992,0],[24737,0],[25249,0],]]
[24994,7,29,[[24993,0],[24995,0],[24738,0],[24739,0],[25250,0],]]
[24995,19,29,[[24996,0],[24994,0],[24739,0],[25251,0],]]
[24996,14,29,[[24995,0],[24997,0],[24740,0],[24741,0],[25252,0],]]
[24997,8,29,[[24998,0],[24996,0],[24741,0],[25253,0],]]
[24998,7,29,[[24997,0],[24999,0],[24742,0],[24743,0],[25254,0],]]
[24999,5,29,[[25000,0],[24998,0],[24743,0],[25255,0],]]
[25000,10,29,[[24999,0],[25001,0],[24744,0],[24745,0],[25256,0],]]
[25001,4,29,[[25002,0],[25000,0],[24745,0],[25257,0],]]
[25002,18,29,[[25001,0],[25003,0],[24746,0],[24747,0],[25258,0],]]
[25003,7,29,[[25004,0],[25002,0],[24747,0],[25259,0],]]
[25004,9,29,[[25003,0],[25005,0],[24748,0],[24749,0],[25260,0],]]
[25005,10,29,[[25006,0],[25004,0],[24749,0],[25261,0],]]
[25006,6,29,[[25005,0],[25007,0],[24750,0],[24751,0],[25262,0],]]
[25007,11,29,[[25008,0],[25006,0],[24751,0],[25263,0],]]
[25008,7,29,[[25007,0],[25009,0],[24752,0],[24753,0],[25264,0],]]
[25009,3,29,[[25010,0],[25008,0],[24753,0],[25265,0],]]
[25010,11,29,[[25009,0],[25011,0],[24754,0],[24755,0],[25266,0],]]
[25011,7,29,[[25012,0],[25010,0],[24755,0],[25267,0],]]
[25012,16,29,[[25011,0],[25013,0],[24756,0],[24757,0],[25268,0],]]
[25013,4,29,[[25014,0],[25012,0],[24757,0],[25269,0],]]
[25014,11,29,[[25013,0],[25015,0],[24758,0],[24759,0],[25270,0],]]
[25015,5,29,[[25016,0],[25014,0],[24759,0],[25271,0],]]
[25016,15,29,[[25015,0],[25017,0],[24760,0],[24761,0],[25272,0],]]
[25017,19,29,[[25018,0],[25016,0],[24761,0],[25273,0],]]
[25018,1,29,[[25017,0],[25019,0],[24762,0],[24763,0],[25274,0],]]
[25019,16,29,[[25020,0],[25018,0],[24763,0],[25275,0],]]
[25020,16,29,[[25019,0],[25021,0],[24764,0],[24765,0],[25276,0],]]
[25021,5,29,[[25022,0],[25020,0],[24765,0],[25277,0],]]
[25022,15,29,[[25021,0],[25023,0],[24766,0],[24767,0],[25278,0],]]
[25023,3,29,[[25024,0],[25022,0],[24767,0],[25279,0],]]
[25024,10,30,[[25023,0],[25025,0],[24768,0],[24769,0],[25280,0],]]
[25025,8,30,[[25026,0],[25024,0],[24769,0],[25281,0],]]
[25026,19,30,[[25025,0],[25027,0],[24770,0],[24771,0],[25282,0],]]
[25027,5,30,[[25028,0],[25026,0],[24771,0],[25283,0],]]
[25028,12,30,[[25027,0],[25029,0],[24772,0],[24773,0],[25284,0],]]
[25029,8,30,[[25030,0],[25028,0],[24773,0],[25285,0],]]
[25030,18,30,[[25029,0],[25031,0],[24774,0],[24775,0],[25286,0],]]
[25031,11,30,[[25032,0],[25030,0],[24775,0],[25287,0],]]
[25032,18,30,[[25031,0],[25033,0],[24776,0],[24777,0],[25288,0],]]
[25033,19,30,[[25034,0],[25032,0],[24777,0],[25289,0],]]
[25034,6,30,[[25033,0],[25035,0],[24778,0],[24779,0],[25290,0],]]
[25035,2,30,[[25036,0],[25034,0],[24779,0],[25291,0],]]
[25036,10,30,[[25035,0],[25037,0],[24780,0],[24781,0],[25292,0],]]
[25037,4,30,[[25038,0],[25036,0],[24781,0],[25293,0],]]
[25038,8,30,[[25037,0],[25039,0],[24782,0],[24783,0],[25294,0],]]
[25039,3,30,[[25040,0],[25038,0],[24783,0],[25295,0],]]
[25040,6,30,[[25039,0],[25041,0],[24784,0],[24785,0],[25296,0],]]
[25041,15,30,[[25042,0],[25040,0],[24785,0],[25297,0],]]
[25042,14,30,[[25041,0],[25043,0],[24786,0],[24787,0],[25298,0],]]
[25043,12,30,[[25044,0],[25042,0],[24787,0],[25299,0],]]
[25044,4,30,[[25043,0],[25045,0],[24788,0],[24789,0],[25300,0],]]
[25045,6,30,[[25046,0],[25044,0],[24789,0],[25301,0],]]
[25046,12,30,[[25045,0],[25047,0],[24790,0],[24791,0],[25302,0],]]
[25047,6,30,[[25048,0],[25046,0],[24791,0],[25303,0],]]
[25048,6,30,[[25047,0],[25049,0],[24792,0],[24793,0],[25304,0],]]
[25049,6,30,[[25050,0],[25048,0],[24793,0],[25305,0],]]
[25050,6,30,[[25049,0],[25051,0],[24794,0],[24795,0],[25306,0],]]
[25051,9,30,[[25052,0],[25050,0],[24795,0],[25307,0],]]
[25052,3,30,[[25051,0],[25053,0],[24796,0],[24797,0],[25308,0],]]
[25053,19,30,[[25054,0],[25052,0],[24797,0],[25309,0],]]
[25054,9,30,[[25053,0],[25055,0],[24798,0],[24799,0],[25310,0],]]
[25055,6,30,[[25056,0],[25054,0],[24799,0],[25311,0],]]
[25056,5,31,[[25055,0],[25057,0],[24800,0],[24801,0],[25312,0],]]
[25057,19,31,[[25058,0],[25056,0],[24801,0],[25313,0],]]
[25058,14,31,[[25057,0],[25059,0],[24802,0],[24803,0],[25314,0],]]
[25059,6,31,[[25060,0],[25058,0],[24803,0],[25315,0],]]
[25060,14,31,[[25059,0],[25061,0],[24804,0],[24805,0],[25316,0],]]
[25061,4,31,[[25062,0],[25060,0],[24805,0],[25317,0],]]
[25062,13,31,[[25061,0],[25063,0],[24806,0],[24807,0],[25318,0],]]
[25063,15,31,[[25064,0],[25062,0],[24807,0],[25319,0],]]
[25064,17,31,[[25063,0],[25065,0],[24808,0],[24809,0],[25320,0],]]
[25065,12,31,[[25066,0],[25064,0],[24809,0],[25321,0],]]
[25066,8,31,[[25065,0],[25067,0],[24810,0],[24811,0],[25322,0],]]
[25067,9,31,[[25068,0],[25066,0],[24811,0],[25323,0],]]
[25068,7,31,[[25067,0],[25069,0],[24812,0],[24813,0],[25324,0],]]
[25069,19,31,[[25070,0],[25068,0],[24813,0],[25325,0],]]
[25070,5,31,[[25069,0],[25071,0],[24814,0],[24815,0],[25326,0],]]
[25071,1,31,[[25072,0],[25070,0],[24815,0],[25327,0],]]
[25072,16,31,[[25071,0],[25073,0],[24816,0],[24817,0],[25328,0],]]
[25073,5,31,[[25074,0],[25072,0],[24817,0],[25329,0],]]
[25074,13,31,[[25073,0],[25075,0],[24818,0],[24819,0],[25330,0],]]
[25075,11,31,[[25076,0],[25074,0],[24819,0],[25331,0],]]
[25076,13,31,[[25075,0],[25077,0],[24820,0],[24821,0],[25332,0],]]
[25077,19,31,[[25078,0],[25076,0],[24821,0],[25333,0],]]
[25078,9,31,[[25077,0],[25079,0],[24822,0],[24823,0],[25334,0],]]
[25079,9,31,[[25080,0],[25078,0],[24823,0],[25335,0],]]
[25080,15,31,[[25079,0],[25081,0],[24824,0],[24825,0],[25336,0],]]
[25081,9,31,[[25082,0],[25080,0],[24825,0],[25337,0],]]
[25082,16,31,[[25081,0],[25083,0],[24826,0],[24827,0],[25338,0],]]
[25083,16,31,[[25084,0],[25082,0],[24827,0],[25339,0],]]
[25084,2,31,[[25083,0],[25085,0],[24828,0],[24829,0],[25340,0],]]
[25085,17,31,[[25086,0],[25084,0],[24829,0],[25341,0],]]
[25086,2,31,[[25085,0],[25087,0],[24830,0],[24831,0],[25342,0],]]
[25087,17,31,[[25086,0],[24831,0],[25343,0],]]
[25088,16,24,[[25089,0],[25344,0],[24832,0],]]
[25089,2,24,[[25090,0],[25088,0],[25345,0],[25344,0],[24833,0],]]
[25090,3,24,[[25089,0],[25091,0],[25346,0],[24834,0],]]
[25091,8,24,[[25092,0],[25090,0],[25347,0],[25346,0],[24835,0],]]
[25092,18,24,[[25091,0],[25093,0],[25348,0],[24836,0],]]
[25093,16,24,[[25094,0],[25092,0],[25349,0],[25348,0],[24837,0],]]
[25094,8,24,[[25093,0],[25095,0],[25350,0],[24838,0],]]
[25095,19,24,[[25096,0],[25094,0],[25351,0],[25350,0],[24839,0],]]
[25096,3,24,[[25095,0],[25097,0],[25352,0],[24840,0],]]
[25097,3,24,[[25098,0],[25096,0],[25353,0],[25352,0],[24841,0],]]
[25098,4,24,[[25097,0],[25099,0],[25354,0],[24842,0],]]
[25099,12,24,[[25100,0],[25098,0],[25355,0],[25354,0],[24843,0],]]
[25100,12,24,[[25099,0],[25101,0],[25356,0],[24844,0],]]
[25101,1,24,[[25102,0],[25100,0],[25357,0],[25356,0],[24845,0],]]
[25102,16,24,[[25101,0],[25103,0],[25358,0],[24846,0],]]
[25103,1,24,[[25104,0],[25102,0],[25359,0],[25358,0],[24847,0],]]
[25104,3,24,[[25103,0],[25105,0],[25360,0],[24848,0],]]
[25105,13,24,[[25106,0],[25104,0],[25361,0],[25360,0],[24849,0],]]
[25106,12,24,[[25105,0],[25107,0],[25362,0],[24850,0],]]
[25107,5,24,[[25108,0],[25106,0],[25363,0],[25362,0],[24851,0],]]
[25108,15,24,[[25107,0],[25109,0],[25364,0],[24852,0],]]
[25109,3,24,[[25110,0],[25108,0],[25365,0],[25364,0],[24853,0],]]
[25110,4,24,[[25109,0],[25111,0],[25366,0],[24854,0],]]
[25111,14,24,[[25112,0],[25110,0],[25367,0],[25366,0],[24855,0],]]
[25112,8,24,[[25111,0],[25113,0],[25368,0],[24856,0],]]
[25113,15,24,[[25114,0],[25112,0],[25369,0],[25368,0],[24857,0],]]
[25114,14,24,[[25113,0],[25115,0],[25370,0],[24858,0],]]
[25115,16,24,[[25116,0],[25114,0],[25371,0],[25370,0],[24859,0],]]
[25116,18,24,[[25115,0],[25117,0],[25372,0],[24860,0],]]
[25117,7,24,[[25118,0],[25116,0],[25373,0],[25372,0],[24861,0],]]
[25118,12,24,[[25117,0],[25119,0],[25374,0],[24862,0],]]
[25119,6,24,[[25120,0],[25118,0],[25375,0],[25374,0],[24863,0],]]
[25120,7,25,[[25119,0],[25121,0],[25376,0],[24864,0],]]
[25121,13,25,[[25122,0],[25120,0],[25377,0],[25376,0],[24865,0],]]
[25122,13,25,[[25121,0],[25123,0],[25378,0],[24866,0],]]
[25123,6,25,[[25124,0],[25122,0],[25379,0],[25378,0],[24867,0],]]
[25124,4,25,[[25123,0],[25125,0],[25380,0],[24868,0],]]
[25125,11,25,[[25126,0],[25124,0],[25381,0],[25380,0],[24869,0],]]
[25126,18,25,[[25125,0],[25127,0],[25382,0],[24870,0],]]
[25127,2,25,[[25128,0],[25126,0],[25383,0],[25382,0],[24871,0],]]
[25128,8,25,[[25127,0],[25129,0],[25384,0],[24872,0],]]
[25129,19,25,[[25130,0],[25128,0],[25385,0],[25384,0],[24873,0],]]
[25130,17,25,[[25129,0],[25131,0],[25386,0],[24874,0],]]
[25131,1,25,[[25132,0],[25130,0],[25387,0],[25386,0],[24875,0],]]
[25132,10,25,[[25131,0],[25133,0],[25388,0],[24876,0],]]
[25133,17,25,[[25134,0],[25132,0],[25389,0],[25388,0],[24877,0],]]
[25134,17,25,[[25133,0],[25135,0],[25390,0],[24878,0],]]
[25135,6,25,[[25136,0],[25134,0],[25391,0],[25390,0],[24879,0],]]
[25136,2,25,[[25135,0],[25137,0],[25392,0],[24880,0],]]
[25137,17,25,[[25138,0],[25136,0],[25393,0],[25392,0],[24881,0],]]
[25138,9,25,[[25137,0],[25139,0],[25394,0],[24882,0],]]
[25139,11,25,[[25140,0],[25138,0],[25395,0],[25394,0],[24883,0],]]
[25140,10,25,[[25139,0],[25141,0],[25396,0],[24884,0],]]
[25141,11,25,[[25142,0],[25140,0],[25397,0],[25396,0],[24885,0],]]
[25142,4,25,[[25141,0],[25143,0],[25398,0],[24886,0],]]
[25143,3,25,[[25144,0],[25142,0],[25399,0],[25398,0],[24887,0],]]
[25144,18,25,[[25143,0],[25145,0],[25400,0],[24888,0],]]
[25145,14,25,[[25146,0],[25144,0],[25401,0],[25400,0],[24889,0],]]
[25146,11,25,[[25145,0],[25147,0],[25402,0],[24890,0],]]
[25147,16,25,[[25148,0],[25146,0],[25403,0],[25402,0],[24891,0],]]
[25148,6,25,[[25147,0],[25149,0],[25404,0],[24892,0],]]
[25149,17,25,[[25150,0],[25148,0],[25405,0],[25404,0],[24893,0],]]
[25150,5,25,[[25149,0],[25151,0],[25406,0],[24894,0],]]
[25151,3,25,[[25152,0],[25150,0],[25407,0],[25406,0],[24895,0],]]
[25152,8,26,[[25151,0],[25153,0],[25408,0],[24896,0],]]
[25153,15,26,[[25154,0],[25152,0],[25409,0],[25408,0],[24897,0],]]
[25154,7,26,[[25153,0],[25155,0],[25410,0],[24898,0],]]
[25155,12,26,[[25156,0],[25154,0],[25411,0],[25410,0],[24899,0],]]
[25156,15,26,[[25155,0],[25157,0],[25412,0],[24900,0],]]
[25157,8,26,[[25158,0],[25156,0],[25413,0],[25412,0],[24901,0],]]
[25158,18,26,[[25157,0],[25159,0],[25414,0],[24902,0],]]
[25159,13,26,[[25160,0],[25158,0],[25415,0],[25414,0],[24903,0],]]
[25160,7,26,[[25159,0],[25161,0],[25416,0],[24904,0],]]
[25161,5,26,[[25162,0],[25160,0],[25417,0],[25416,0],[24905,0],]]
[25162,13,26,[[25161,0],[25163,0],[25418,0],[24906,0],]]
[25163,1,26,[[25164,0],[25162,0],[25419,0],[25418,0],[24907,0],]]
[25164,19,26,[[25163,0],[25165,0],[25420,0],[24908,0],]]
[25165,10,26,[[25166,0],[25164,0],[25421,0],[25420,0],[24909,0],]]
[25166,6,26,[[25165,0],[25167,0],[25422,0],[24910,0],]]
[25167,15,26,[[25168,0],[25166,0],[25423,0],[25422,0],[24911,0],]]
[25168,11,26,[[25167,0],[25169,0],[25424,0],[24912,0],]]
[25169,15,26,[[25170,0],[25168,0],[25425,0],[25424,0],[24913,0],]]
[25170,8,26,[[25169,0],[25171,0],[25426,0],[24914,0],]]
[25171,1,26,[[25172,0],[25170,0],[25427,0],[25426,0],[24915,0],]]
[25172,6,26,[[25171,0],[25173,0],[25428,0],[24916,0],]]
[25173,3,26,[[25174,0],[25172,0],[25429,0],[25428,0],[24917,0],]]
[25174,4,26,[[25173,0],[25175,0],[25430,0],[24918,0],]]
[25175,6,26,[[25176,0],[25174,0],[25431,0],[25430,0],[24919,0],]]
[25176,16,26,[[25175,0],[25177,0],[25432,0],[24920,0],]]
[25177,12,26,[[25178,0],[25176,0],[25433,0],[25432,0],[24921,0],]]
[25178,15,26,[[25177,0],[25179,0],[25434,0],[24922,0],]]
[25179,17,26,[[25180,0],[25178,0],[25435,0],[25434,0],[24923,0],]]
[25180,3,26,[[25179,0],[25181,0],[25436,0],[24924,0],]]
[25181,19,26,[[25182,0],[25180,0],[25437,0],[25436,0],[24925,0],]]
[25182,14,26,[[25181,0],[25183,0],[25438,0],[24926,0],]]
[25183,3,26,[[25184,0],[25182,0],[25439,0],[25438,0],[24927,0],]]
[25184,8,27,[[25183,0],[25185,0],[25440,0],[24928,0],]]
[25185,6,27,[[25186,0],[25184,0],[25441,0],[25440,0],[24929,0],]]
[25186,7,27,[[25185,0],[25187,0],[25442,0],[24930,0],]]
[25187,16,27,[[25188,0],[25186,0],[25443,0],[25442,0],[24931,0],]]
[25188,1,27,[[25187,0],[25189,0],[25444,0],[24932,0],]]
[25189,4,27,[[25190,0],[25188,0],[25445,0],[25444,0],[24933,0],]]
[25190,11,27,[[25189,0],[25191,0],[25446,0],[24934,0],]]
[25191,7,27,[[25192,0],[25190,0],[25447,0],[25446,0],[24935,0],]]
[25192,18,27,[[25191,0],[25193,0],[25448,0],[24936,0],]]
[25193,2,27,[[25194,0],[25192,0],[25449,0],[25448,0],[24937,0],]]
[25194,2,27,[[25193,0],[25195,0],[25450,0],[24938,0],]]
[25195,8,27,[[25196,0],[25194,0],[25451,0],[25450,0],[24939,0],]]
[25196,7,27,[[25195,0],[25197,0],[25452,0],[24940,0],]]
[25197,1,27,[[25198,0],[25196,0],[25453,0],[25452,0],[24941,0],]]
[25198,19,27,[[25197,0],[25199,0],[25454,0],[24942,0],]]
[25199,15,27,[[25200,0],[25198,0],[25455,0],[25454,0],[24943,0],]]
[25200,2,27,[[25199,0],[25201,0],[25456,0],[24944,0],]]
[25201,19,27,[[25202,0],[25200,0],[25457,0],[25456,0],[24945,0],]]
[25202,5,27,[[25201,0],[25203,0],[25458,0],[24946,0],]]
[25203,6,27,[[25204,0],[25202,0],[25459,0],[25458,0],[24947,0],]]
[25204,8,27,[[25203,0],[25205,0],[25460,0],[24948,0],]]
[25205,5,27,[[25206,0],[25204,0],[25461,0],[25460,0],[24949,0],]]
[25206,14,27,[[25205,0],[25207,0],[25462,0],[24950,0],]]
[25207,15,27,[[25208,0],[25206,0],[25463,0],[25462,0],[24951,0],]]
[25208,10,27,[[25207,0],[25209,0],[25464,0],[24952,0],]]
[25209,19,27,[[25210,0],[25208,0],[25465,0],[25464,0],[24953,0],]]
[25210,9,27,[[25209,0],[25211,0],[25466,0],[24954,0],]]
[25211,6,27,[[25212,0],[25210,0],[25467,0],[25466,0],[24955,0],]]
[25212,15,27,[[25211,0],[25213,0],[25468,0],[24956,0],]]
[25213,5,27,[[25214,0],[25212,0],[25469,0],[25468,0],[24957,0],]]
[25214,19,27,[[25213,0],[25215,0],[25470,0],[24958,0],]]
[25215,12,27,[[25216,0],[25214,0],[25471,0],[25470,0],[24959,0],]]
[25216,9,28,[[25215,0],[25217,0],[25472,0],[24960,0],]]
[25217,13,28,[[25218,0],[25216,0],[25473,0],[25472,0],[24961,0],]]
[25218,3,28,[[25217,0],[25219,0],[25474,0],[24962,0],]]
[25219,12,28,[[25220,0],[25218,0],[25475,0],[25474,0],[24963,0],]]
[25220,9,28,[[25219,0],[25221,0],[25476,0],[24964,0],]]
[25221,13,28,[[25222,0],[25220,0],[25477,0],[25476,0],[24965,0],]]
[25222,16,28,[[25221,0],[25223,0],[25478,0],[24966,0],]]
[25223,15,28,[[25224,0],[25222,0],[25479,0],[25478,0],[24967,0],]]
[25224,9,28,[[25223,0],[25225,0],[25480,0],[24968,0],]]
[25225,1,28,[[25226,0],[25224,0],[25481,0],[25480,0],[24969,0],]]
[25226,15,28,[[25225,0],[25227,0],[25482,0],[24970,0],]]
[25227,16,28,[[25228,0],[25226,0],[25483,0],[25482,0],[24971,0],]]
[25228,14,28,[[25227,0],[25229,0],[25484,0],[24972,0],]]
[25229,2,28,[[25230,0],[25228,0],[25485,0],[25484,0],[24973,0],]]
[25230,11,28,[[25229,0],[25231,0],[25486,0],[24974,0],]]
[25231,1,28,[[25232,0],[25230,0],[25487,0],[25486,0],[24975,0],]]
[25232,15,28,[[25231,0],[25233,0],[25488,0],[24976,0],]]
[25233,14,28,[[25234,0],[25232,0],[25489,0],[25488,0],[24977,0],]]
[25234,7,28,[[25233,0],[25235,0],[25490,0],[24978,0],]]
[25235,12,28,[[25236,0],[25234,0],[25491,0],[25490,0],[24979,0],]]
[25236,12,28,[[25235,0],[25237,0],[25492,0],[24980,0],]]
[25237,16,28,[[25238,0],[25236,0],[25493,0],[25492,0],[24981,0],]]
[25238,14,28,[[25237,0],[25239,0],[25494,0],[24982,0],]]
[25239,1,28,[[25240,0],[25238,0],[25495,0],[25494,0],[24983,0],]]
[25240,13,28,[[25239,0],[25241,0],[25496,0],[24984,0],]]
[25241,16,28,[[25242,0],[25240,0],[25497,0],[25496,0],[24985,0],]]
[25242,12,28,[[25241,0],[25243,0],[25498,0],[24986,0],]]
[25243,8,28,[[25244,0],[25242,0],[25499,0],[25498,0],[24987,0],]]
[25244,13,28,[[25243,0],[25245,0],[25500,0],[24988,0],]]
[25245,12,28,[[25246,0],[25244,0],[25501,0],[25500,0],[24989,0],]]
[25246,14,28,[[25245,0],[25247,0],[25502,0],[24990,0],]]
[25247,8,28,[[25248,0],[25246,0],[25503,0],[25502,0],[24991,0],]]
[25248,3,29,[[25247,0],[25249,0],[25504,0],[24992,0],]]
[25249,14,29,[[25250,0],[25248,0],[25505,0],[25504,0],[24993,0],]]
[25250,11,29,[[25249,0],[25251,0],[25506,0],[24994,0],]]
[25251,18,29,[[25252,0],[25250,0],[25507,0],[25506,0],[24995,0],]]
[25252,7,29,[[25251,0],[25253,0],[25508,0],[24996,0],]]
[25253,6,29,[[25254,0],[25252,0],[25509,0],[25508,0],[24997,0],]]
[25254,4,29,[[25253,0],[25255,0],[25510,0],[24998,0],]]
[25255,5,29,[[25256,0],[25254,0],[25511,0],[25510,0],[24999,0],]]
[25256,7,29,[[25255,0],[25257,0],[25512,0],[25000,0],]]
[25257,5,29,[[25258,0],[25256,0],[25513,0],[25512,0],[25001,0],]]
[25258,10,29,[[25257,0],[25259,0],[25514,0],[25002,0],]]
[25259,14,29,[[25260,0],[25258,0],[25515,0],[25514,0],[25003,0],]]
[25260,18,29,[[25259,0],[25261,0],[25516,0],[25004,0],]]
[25261,19,29,[[25262,0],[25260,0],[25517,0],[25516,0],[25005,0],]]
[25262,11,29,[[25261,0],[25263,0],[25518,0],[25006,0],]]
[25263,4,29,[[25264,0],[25262,0],[25519,0],[25518,0],[25007,0],]]
[25264,17,29,[[25263,0],[25265,0],[25520,0],[25008,0],]]
[25265,2,29,[[25266,0],[25264,0],[25521,0],[25520,0],[25009,0],]]
[25266,7,29,[[25265,0],[25267,0],[25522,0],[25010,0],]]
[25267,17,29,[[25268,0],[25266,0],[25523,0],[25522,0],[25011,0],]]
[25268,5,29,[[25267,0],[25269,0],[25524,0],[25012,0],]]
[25269,17,29,[[25270,0],[25268,0],[25525,0],[25524,0],[25013,0],]]
[25270,16,29,[[25269,0],[25271,0],[25526,0],[25014,0],]]
[25271,11,29,[[25272,0],[25270,0],[25527,0],[25526,0],[25015,0],]]
[25272,18,29,[[25271,0],[25273,0],[25528,0],[25016,0],]]
[25273,8,29,[[25274,0],[25272,0],[25529,0],[25528,0],[25017,0],]]
[25274,13,29,[[25273,0],[25275,0],[25530,0],[25018,0],]]
[25275,15,29,[[25276,0],[25274,0],[25531,0],[25530,0],[25019,0],]]
[25276,3,29,[[25275,0],[25277,0],[25532,0],[25020,0],]]
[25277,10,29,[[25278,0],[25276,0],[25533,0],[25532,0],[25021,0],]]
[25278,1,29,[[25277,0],[25279,0],[25534,0],[25022,0],]]
[25279,18,29,[[25280,0],[25278,0],[25535,0],[25534,0],[25023,0],]]
[25280,17,30,[[25279,0],[25281,0],[25536,0],[25024,0],]]
[25281,13,30,[[25282,0],[25280,0],[25537,0],[25536,0],[25025,0],]]
[25282,8,30,[[25281,0],[25283,0],[25538,0],[25026,0],]]
[25283,10,30,[[25284,0],[25282,0],[25539,0],[25538,0],[25027,0],]]
[25284,5,30,[[25283,0],[25285,0],[25540,0],[25028,0],]]
[25285,2,30,[[25286,0],[25284,0],[25541,0],[25540,0],[25029,0],]]
[25286,11,30,[[25285,0],[25287,0],[25542,0],[25030,0],]]
[25287,1,30,[[25288,0],[25286,0],[25543,0],[25542,0],[25031,0],]]
[25288,19,30,[[25287,0],[25289,0],[25544,0],[25032,0],]]
[25289,5,30,[[25290,0],[25288,0],[25545,0],[25544,0],[25033,0],]]
[25290,17,30,[[25289,0],[25291,0],[25546,0],[25034,0],]]
[25291,9,30,[[25292,0],[25290,0],[25547,0],[25546,0],[25035,0],]]
[25292,4,30,[[25291,0],[25293,0],[25548,0],[25036,0],]]
[25293,17,30,[[25294,0],[25292,0],[25549,0],[25548,0],[25037,0],]]
[25294,15,30,[[25293,0],[25295,0],[25550,0],[25038,0],]]
[25295,1,30,[[25296,0],[25294,0],[25551,0],[25550,0],[25039,0],]]
[25296,3,30,[[25295,0],[25297,0],[25552,0],[25040,0],]]
[25297,9,30,[[25298,0],[25296,0],[25553,0],[25552,0],[25041,0],]]
[25298,7,30,[[25297,0],[25299,0],[25554,0],[25042,0],]]
[25299,17,30,[[25300,0],[25298,0],[25555,0],[25554,0],[25043,0],]]
[25300,10,30,[[25299,0],[25301,0],[25556,0],[25044,0],]]
[25301,17,30,[[25302,0],[25300,0],[25557,0],[25556,0],[25045,0],]]
[25302,10,30,[[25301,0],[25303,0],[25558,0],[25046,0],]]
[25303,19,30,[[25304,0],[25302,0],[25559,0],[25558,0],[25047,0],]]
[25304,6,30,[[25303,0],[25305,0],[25560,0],[25048,0],]]
[25305,1,30,[[25306,0],[25304,0],[25561,0],[25560,0],[25049,0],]]
[25306,4,30,[[25305,0],[25307,0],[25562,0],[25050,0],]]
[25307,7,30,[[25308,0],[25306,0],[25563,0],[25562,0],[25051,0],]]
[25308,14,30,[[25307,0],[25309,0],[25564,0],[25052,0],]]
[25309,19,30,[[25310,0],[25308,0],[25565,0],[25564,0],[25053,0],]]
[25310,11,30,[[25309,0],[25311,0],[25566,0],[25054,0],]]
[25311,11,30,[[25312,0],[25310,0],[25567,0],[25566,0],[25055,0],]]
[25312,6,31,[[25311,0],[25313,0],[25568,0],[25056,0],]]
[25313,18,31,[[25314,0],[25312,0],[25569,0],[25568,0],[25057,0],]]
[25314,12,31,[[25313,0],[25315,0],[25570,0],[25058,0],]]
[25315,3,31,[[25316,0],[25314,0],[25571,0],[25570,0],[25059,0],]]
[25316,17,31,[[25315,0],[25317,0],[25572,0],[25060,0],]]
[25317,2,31,[[25318,0],[25316,0],[25573,0],[25572,0],[25061,0],]]
[25318,1,31,[[25317,0],[25319,0],[25574,0],[25062,0],]]
[25319,6,31,[[25320,0],[25318,0],[25575,0],[25574,0],[25063,0],]]
[25320,4,31,[[25319,0],[25321,0],[25576,0],[25064,0],]]
[25321,18,31,[[25322,0],[25320,0],[25577,0],[25576,0],[25065,0],]]
[25322,1,31,[[25321,0],[25323,0],[25578,0],[25066,0],]]
[25323,19,31,[[25324,0],[25322,0],[25579,0],[25578,0],[25067,0],]]
[25324,12,31,[[25323,0],[25325,0],[25580,0],[25068,0],]]
[25325,18,31,[[25326,0],[25324,0],[25581,0],[25580,0],[25069,0],]]
[25326,13,31,[[25325,0],[25327,0],[25582,0],[25070,0],]]
[25327,5,31,[[25328,0],[25326,0],[25583,0],[25582,0],[25071,0],]]
[25328,13,31,[[25327,0],[25329,0],[25584,0],[25072,0],]]
[25329,12,31,[[25330,0],[25328,0],[25585,0],[25584,0],[25073,0],]]
[25330,14,31,[[25329,0],[25331,0],[25586,0],[25074,0],]]
[25331,12,31,[[25332,0],[25330,0],[25587,0],[25586,0],[25075,0],]]
[25332,19,31,[[25331,0],[25333,0],[25588,0],[25076,0],]]
[25333,6,31,[[25334,0],[25332,0],[25589,0],[25588,0],[25077,0],]]
[25334,9,31,[[25333,0],[25335,0],[25590,0],[25078,0],]]
[25335,13,31,[[25336,0],[25334,0],[25591,0],[25590,0],[25079,0],]]
[25336,15,31,[[25335,0],[25337,0],[25592,0],[25080,0],]]
[25337,10,31,[[25338,0],[25336,0],[25593,0],[25592,0],[25081,0],]]
[25338,15,31,[[25337,0],[25339,0],[25594,0],[25082,0],]]
[25339,12,31,[[25340,0],[25338,0],[25595,0],[25594,0],[25083,0],]]
[25340,16,31,[[25339,0],[25341,0],[25596,0],[25084,0],]]
[25341,6,31,[[25342,0],[25340,0],[25597,0],[25596,0],[25085,0],]]
[25342,1,31,[[25341,0],[25343,0],[25598,0],[25086,0],]]
[25343,18,31,[[25342,0],[25599,0],[25598,0],[25087,0],]]
[25344,4,24,[[25345,0],[25088,0],[25089,0],[25600,0],]]
[25345,6,24,[[25346,0],[25344,0],[25089,0],[25601,0],]]
[25346,17,24,[[25345,0],[25347,0],[25090,0],[25091,0],[25602,0],]]
[25347,13,24,[[25348,0],[25346,0],[25091,0],[25603,0],]]
[25348,11,24,[[25347,0],[25349,0],[25092,0],[25093,0],[25604,0],]]
[25349,19,24,[[25350,0],[25348,0],[25093,0],[25605,0],]]
[25350,15,24,[[25349,0],[25351,0],[25094,0],[25095,0],[25606,0],]]
[25351,13,24,[[25352,0],[25350,0],[25095,0],[25607,0],]]
[25352,1,24,[[25351,0],[25353,0],[25096,0],[25097,0],[25608,0],]]
[25353,2,24,[[25354,0],[25352,0],[25097,0],[25609,0],]]
[25354,8,24,[[25353,0],[25355,0],[25098,0],[25099,0],[25610,0],]]
[25355,10,24,[[25356,0],[25354,0],[25099,0],[25611,0],]]
[25356,15,24,[[25355,0],[25357,0],[25100,0],[25101,0],[25612,0],]]
[25357,12,24,[[25358,0],[25356,0],[25101,0],[25613,0],]]
[25358,6,24,[[25357,0],[25359,0],[25102,0],[25103,0],[25614,0],]]
[25359,8,24,[[25360,0],[25358,0],[25103,0],[25615,0],]]
[25360,19,24,[[25359,0],[25361,0],[25104,0],[25105,0],[25616,0],]]
[25361,1,24,[[25362,0],[25360,0],[25105,0],[25617,0],]]
[25362,12,24,[[25361,0],[25363,0],[25106,0],[25107,0],[25618,0],]]
[25363,9,24,[[25364,0],[25362,0],[25107,0],[25619,0],]]
[25364,4,24,[[25363,0],[25365,0],[25108,0],[25109,0],[25620,0],]]
[25365,16,24,[[25366,0],[25364,0],[25109,0],[25621,0],]]
[25366,18,24,[[25365,0],[25367,0],[25110,0],[25111,0],[25622,0],]]
[25367,11,24,[[25368,0],[25366,0],[25111,0],[25623,0],]]
[25368,3,24,[[25367,0],[25369,0],[25112,0],[25113,0],[25624,0],]]
[25369,12,24,[[25370,0],[25368,0],[25113,0],[25625,0],]]
[25370,17,24,[[25369,0],[25371,0],[25114,0],[25115,0],[25626,0],]]
[25371,11,24,[[25372,0],[25370,0],[25115,0],[25627,0],]]
[25372,9,24,[[25371,0],[25373,0],[25116,0],[25117,0],[25628,0],]]
[25373,2,24,[[25374,0],[25372,0],[25117,0],[25629,0],]]
[25374,1,24,[[25373,0],[25375,0],[25118,0],[25119,0],[25630,0],]]
[25375,1,24,[[25376,0],[25374,0],[25119,0],[25631,0],]]
[25376,8,25,[[25375,0],[25377,0],[25120,0],[25121,0],[25632,0],]]
[25377,5,25,[[25378,0],[25376,0],[25121,0],[25633,0],]]
[25378,6,25,[[25377,0],[25379,0],[25122,0],[25123,0],[25634,0],]]
[25379,2,25,[[25380,0],[25378,0],[25123,0],[25635,0],]]
[25380,10,25,[[25379,0],[25381,0],[25124,0],[25125,0],[25636,0],]]
[25381,2,25,[[25382,0],[25380,0],[25125,0],[25637,0],]]
[25382,3,25,[[25381,0],[25383,0],[25126,0],[25127,0],[25638,0],]]
[25383,15,25,[[25384,0],[25382,0],[25127,0],[25639,0],]]
[25384,8,25,[[25383,0],[25385,0],[25128,0],[25129,0],[25640,0],]]
[25385,12,25,[[25386,0],[25384,0],[25129,0],[25641,0],]]
[25386,17,25,[[25385,0],[25387,0],[25130,0],[25131,0],[25642,0],]]
[25387,9,25,[[25388,0],[25386,0],[25131,0],[25643,0],]]
[25388,11,25,[[25387,0],[25389,0],[25132,0],[25133,0],[25644,0],]]
[25389,5,25,[[25390,0],[25388,0],[25133,0],[25645,0],]]
[25390,10,25,[[25389,0],[25391,0],[25134,0],[25135,0],[25646,0],]]
[25391,18,25,[[25392,0],[25390,0],[25135,0],[25647,0],]]
[25392,15,25,[[25391,0],[25393,0],[25136,0],[25137,0],[25648,0],]]
[25393,15,25,[[25394,0],[25392,0],[25137,0],[25649,0],]]
[25394,5,25,[[25393,0],[25395,0],[25138,0],[25139,0],[25650,0],]]
[25395,3,25,[[25396,0],[25394,0],[25139,0],[25651,0],]]
[25396,16,25,[[25395,0],[25397,0],[25140,0],[25141,0],[25652,0],]]
[25397,1,25,[[25398,0],[25396,0],[25141,0],[25653,0],]]
[25398,15,25,[[25397,0],[25399,0],[25142,0],[25143,0],[25654,0],]]
[25399,14,25,[[25400,0],[25398,0],[25143,0],[25655,0],]]
[25400,13,25,[[25399,0],[25401,0],[25144,0],[25145,0],[25656,0],]]
[25401,15,25,[[25402,0],[25400,0],[25145,0],[25657,0],]]
[25402,10,25,[[25401,0],[25403,0],[25146,0],[25147,0],[25658,0],]]
[25403,13,25,[[25404,0],[25402,0],[25147,0],[25659,0],]]
[25404,2,25,[[25403,0],[25405,0],[25148,0],[25149,0],[25660,0],]]
[25405,13,25,[[25406,0],[25404,0],[25149,0],[25661,0],]]
[25406,3,25,[[25405,0],[25407,0],[25150,0],[25151,0],[25662,0],]]
[25407,15,25,[[25408,0],[25406,0],[25151,0],[25663,0],]]
[25408,19,26,[[25407,0],[25409,0],[25152,0],[25153,0],[25664,0],]]
[25409,16,26,[[25410,0],[25408,0],[25153,0],[25665,0],]]
[25410,5,26,[[25409,0],[25411,0],[25154,0],[25155,0],[25666,0],]]
[25411,14,26,[[25412,0],[25410,0],[25155,0],[25667,0],]]
[25412,12,26,[[25411,0],[25413,0],[25156,0],[25157,0],[25668,0],]]
[25413,17,26,[[25414,0],[25412,0],[25157,0],[25669,0],]]
[25414,1,26,[[25413,0],[25415,0],[25158,0],[25159,0],[25670,0],]]
[25415,18,26,[[25416,0],[25414,0],[25159,0],[25671,0],]]
[25416,8,26,[[25415,0],[25417,0],[25160,0],[25161,0],[25672,0],]]
[25417,15,26,[[25418,0],[25416,0],[25161,0],[25673,0],]]
[25418,9,26,[[25417,0],[25419,0],[25162,0],[25163,0],[25674,0],]]
[25419,8,26,[[25420,0],[25418,0],[25163,0],[25675,0],]]
[25420,17,26,[[25419,0],[25421,0],[25164,0],[25165,0],[25676,0],]]
[25421,12,26,[[25422,0],[25420,0],[25165,0],[25677,0],]]
[25422,4,26,[[25421,0],[25423,0],[25166,0],[25167,0],[25678,0],]]
[25423,9,26,[[25424,0],[25422,0],[25167,0],[25679,0],]]
[25424,19,26,[[25423,0],[25425,0],[25168,0],[25169,0],[25680,0],]]
[25425,1,26,[[25426,0],[25424,0],[25169,0],[25681,0],]]
[25426,17,26,[[25425,0],[25427,0],[25170,0],[25171,0],[25682,0],]]
[25427,3,26,[[25428,0],[25426,0],[25171,0],[25683,0],]]
[25428,7,26,[[25427,0],[25429,0],[25172,0],[25173,0],[25684,0],]]
[25429,5,26,[[25430,0],[25428,0],[25173,0],[25685,0],]]
[25430,14,26,[[25429,0],[25431,0],[25174,0],[25175,0],[25686,0],]]
[25431,9,26,[[25432,0],[25430,0],[25175,0],[25687,0],]]
[25432,3,26,[[25431,0],[25433,0],[25176,0],[25177,0],[25688,0],]]
[25433,2,26,[[25434,0],[25432,0],[25177,0],[25689,0],]]
[25434,8,26,[[25433,0],[25435,0],[25178,0],[25179,0],[25690,0],]]
[25435,10,26,[[25436,0],[25434,0],[25179,0],[25691,0],]]
[25436,17,26,[[25435,0],[25437,0],[25180,0],[25181,0],[25692,0],]]
[25437,12,26,[[25438,0],[25436,0],[25181,0],[25693,0],]]
[25438,6,26,[[25437,0],[25439,0],[25182,0],[25183,0],[25694,0],]]
[25439,9,26,[[25440,0],[25438,0],[25183,0],[25695,0],]]
[25440,2,27,[[25439,0],[25441,0],[25184,0],[25185,0],[25696,0],]]
[25441,16,27,[[25442,0],[25440,0],[25185,0],[25697,0],]]
[25442,10,27,[[25441,0],[25443,0],[25186,0],[25187,0],[25698,0],]]
[25443,8,27,[[25444,0],[25442,0],[25187,0],[25699,0],]]
[25444,2,27,[[25443,0],[25445,0],[25188,0],[25189,0],[25700,0],]]
[25445,6,27,[[25446,0],[25444,0],[25189,0],[25701,0],]]
[25446,17,27,[[25445,0],[25447,0],[25190,0],[25191,0],[25702,0],]]
[25447,2,27,[[25448,0],[25446,0],[25191,0],[25703,0],]]
[25448,11,27,[[25447,0],[25449,0],[25192,0],[25193,0],[25704,0],]]
[25449,14,27,[[25450,0],[25448,0],[25193,0],[25705,0],]]
[25450,11,27,[[25449,0],[25451,0],[25194,0],[25195,0],[25706,0],]]
[25451,18,27,[[25452,0],[25450,0],[25195,0],[25707,0],]]
[25452,3,27,[[25451,0],[25453,0],[25196,0],[25197,0],[25708,0],]]
[25453,15,27,[[25454,0],[25452,0],[25197,0],[25709,0],]]
[25454,13,27,[[25453,0],[25455,0],[25198,0],[25199,0],[25710,0],]]
[25455,18,27,[[25456,0],[25454,0],[25199,0],[25711,0],]]
[25456,16,27,[[25455,0],[25457,0],[25200,0],[25201,0],[25712,0],]]
[25457,7,27,[[25458,0],[25456,0],[25201,0],[25713,0],]]
[25458,19,27,[[25457,0],[25459,0],[25202,0],[25203,0],[25714,0],]]
[25459,9,27,[[25460,0],[25458,0],[25203,0],[25715,0],]]
[25460,4,27,[[25459,0],[25461,0],[25204,0],[25205,0],[25716,0],]]
[25461,13,27,[[25462,0],[25460,0],[25205,0],[25717,0],]]
[25462,10,27,[[25461,0],[25463,0],[25206,0],[25207,0],[25718,0],]]
[25463,17,27,[[25464,0],[25462,0],[25207,0],[25719,0],]]
[25464,11,27,[[25463,0],[25465,0],[25208,0],[25209,0],[25720,0],]]
[25465,8,27,[[25466,0],[25464,0],[25209,0],[25721,0],]]
[25466,7,27,[[25465,0],[25467,0],[25210,0],[25211,0],[25722,0],]]
[25467,7,27,[[25468,0],[25466,0],[25211,0],[25723,0],]]
[25468,1,27,[[25467,0],[25469,0],[25212,0],[25213,0],[25724,0],]]
[25469,9,27,[[25470,0],[25468,0],[25213,0],[25725,0],]]
[25470,14,27,[[25469,0],[25471,0],[25214,0],[25215,0],[25726,0],]]
[25471,17,27,[[25472,0],[25470,0],[25215,0],[25727,0],]]
[25472,17,28,[[25471,0],[25473,0],[25216,0],[25217,0],[25728,0],]]
[25473,3,28,[[25474,0],[25472,0],[25217,0],[25729,0],]]
[25474,2,28,[[25473,0],[25475,0],[25218,0],[25219,0],[25730,0],]]
[25475,9,28,[[25476,0],[25474,0],[25219,0],[25731,0],]]
[25476,12,28,[[25475,0],[25477,0],[25220,0],[25221,0],[25732,0],]]
[25477,9,28,[[25478,0],[25476,0],[25221,0],[25733,0],]]
[25478,18,28,[[25477,0],[25479,0],[25222,0],[25223,0],[25734,0],]]
[25479,19,28,[[25480,0],[25478,0],[25223,0],[25735,0],]]
[25480,4,28,[[25479,0],[25481,0],[25224,0],[25225,0],[25736,0],]]
[25481,5,28,[[25482,0],[25480,0],[25225,0],[25737,0],]]
[25482,16,28,[[25481,0],[25483,0],[25226,0],[25227,0],[25738,0],]]
[25483,17,28,[[25484,0],[25482,0],[25227,0],[25739,0],]]
[25484,7,28,[[25483,0],[25485,0],[25228,0],[25229,0],[25740,0],]]
[25485,5,28,[[25486,0],[25484,0],[25229,0],[25741,0],]]
[25486,18,28,[[25485,0],[25487,0],[25230,0],[25231,0],[25742,0],]]
[25487,17,28,[[25488,0],[25486,0],[25231,0],[25743,0],]]
[25488,1,28,[[25487,0],[25489,0],[25232,0],[25233,0],[25744,0],]]
[25489,8,28,[[25490,0],[25488,0],[25233,0],[25745,0],]]
[25490,16,28,[[25489,0],[25491,0],[25234,0],[25235,0],[25746,0],]]
[25491,16,28,[[25492,0],[25490,0],[25235,0],[25747,0],]]
[25492,12,28,[[25491,0],[25493,0],[25236,0],[25237,0],[25748,0],]]
[25493,19,28,[[25494,0],[25492,0],[25237,0],[25749,0],]]
[25494,14,28,[[25493,0],[25495,0],[25238,0],[25239,0],[25750,0],]]
[25495,17,28,[[25496,0],[25494,0],[25239,0],[25751,0],]]
[25496,18,28,[[25495,0],[25497,0],[25240,0],[25241,0],[25752,0],]]
[25497,14,28,[[25498,0],[25496,0],[25241,0],[25753,0],]]
[25498,18,28,[[25497,0],[25499,0],[25242,0],[25243,0],[25754,0],]]
[25499,9,28,[[25500,0],[25498,0],[25243,0],[25755,0],]]
[25500,1,28,[[25499,0],[25501,0],[25244,0],[25245,0],[25756,0],]]
[25501,9,28,[[25502,0],[25500,0],[25245,0],[25757,0],]]
[25502,12,28,[[25501,0],[25503,0],[25246,0],[25247,0],[25758,0],]]
[25503,19,28,[[25504,0],[25502,0],[25247,0],[25759,0],]]
[25504,5,29,[[25503,0],[25505,0],[25248,0],[25249,0],[25760,0],]]
[25505,11,29,[[25506,0],[25504,0],[25249,0],[25761,0],]]
[25506,3,29,[[25505,0],[25507,0],[25250,0],[25251,0],[25762,0],]]
[25507,10,29,[[25508,0],[25506,0],[25251,0],[25763,0],]]
[25508,5,29,[[25507,0],[25509,0],[25252,0],[25253,0],[25764,0],]]
[25509,2,29,[[25510,0],[25508,0],[25253,0],[25765,0],]]
[25510,13,29,[[25509,0],[25511,0],[25254,0],[25255,0],[25766,0],]]
[25511,17,29,[[25512,0],[25510,0],[25255,0],[25767,0],]]
[25512,6,29,[[25511,0],[25513,0],[25256,0],[25257,0],[25768,0],]]
[25513,4,29,[[25514,0],[25512,0],[25257,0],[25769,0],]]
[25514,14,29,[[25513,0],[25515,0],[25258,0],[25259,0],[25770,0],]]
[25515,17,29,[[25516,0],[25514,0],[25259,0],[25771,0],]]
[25516,14,29,[[25515,0],[25517,0],[25260,0],[25261,0],[25772,0],]]
[25517,6,29,[[25518,0],[25516,0],[25261,0],[25773,0],]]
[25518,1,29,[[25517,0],[25519,0],[25262,0],[25263,0],[25774,0],]]
[25519,19,29,[[25520,0],[25518,0],[25263,0],[25775,0],]]
[25520,13,29,[[25519,0],[25521,0],[25264,0],[25265,0],[25776,0],]]
[25521,1,29,[[25522,0],[25520,0],[25265,0],[25777,0],]]
[25522,10,29,[[25521,0],[25523,0],[25266,0],[25267,0],[25778,0],]]
[25523,3,29,[[25524,0],[25522,0],[25267,0],[25779,0],]]
[25524,11,29,[[25523,0],[25525,0],[25268,0],[25269,0],[25780,0],]]
[25525,12,29,[[25526,0],[25524,0],[25269,0],[25781,0],]]
[25526,13,29,[[25525,0],[25527,0],[25270,0],[25271,0],[25782,0],]]
[25527,4,29,[[25528,0],[25526,0],[25271,0],[25783,0],]]
[25528,16,29,[[25527,0],[25529,0],[25272,0],[25273,0],[25784,0],]]
[25529,10,29,[[25530,0],[25528,0],[25273,0],[25785,0],]]
[25530,18,29,[[25529,0],[25531,0],[25274,0],[25275,0],[25786,0],]]
[25531,18,29,[[25532,0],[25530,0],[25275,0],[25787,0],]]
[25532,11,29,[[25531,0],[25533,0],[25276,0],[25277,0],[25788,0],]]
[25533,5,29,[[25534,0],[25532,0],[25277,0],[25789,0],]]
[25534,3,29,[[25533,0],[25535,0],[25278,0],[25279,0],[25790,0],]]
[25535,3,29,[[25536,0],[25534,0],[25279,0],[25791,0],]]
[25536,11,30,[[25535,0],[25537,0],[25280,0],[25281,0],[25792,0],]]
[25537,9,30,[[25538,0],[25536,0],[25281,0],[25793,0],]]
[25538,9,30,[[25537,0],[25539,0],[25282,0],[25283,0],[25794,0],]]
[25539,4,30,[[25540,0],[25538,0],[25283,0],[25795,0],]]
[25540,9,30,[[25539,0],[25541,0],[25284,0],[25285,0],[25796,0],]]
[25541,9,30,[[25542,0],[25540,0],[25285,0],[25797,0],]]
[25542,2,30,[[25541,0],[25543,0],[25286,0],[25287,0],[25798,0],]]
[25543,14,30,[[25544,0],[25542,0],[25287,0],[25799,0],]]
[25544,4,30,[[25543,0],[25545,0],[25288,0],[25289,0],[25800,0],]]
[25545,1,30,[[25546,0],[25544,0],[25289,0],[25801,0],]]
[25546,6,30,[[25545,0],[25547,0],[25290,0],[25291,0],[25802,0],]]
[25547,12,30,[[25548,0],[25546,0],[25291,0],[25803,0],]]
[25548,11,30,[[25547,0],[25549,0],[25292,0],[25293,0],[25804,0],]]
[25549,8,30,[[25550,0],[25548,0],[25293,0],[25805,0],]]
[25550,16,30,[[25549,0],[25551,0],[25294,0],[25295,0],[25806,0],]]
[25551,19,30,[[25552,0],[25550,0],[25295,0],[25807,0],]]
[25552,16,30,[[25551,0],[25553,0],[25296,0],[25297,0],[25808,0],]]
[25553,6,30,[[25554,0],[25552,0],[25297,0],[25809,0],]]
[25554,7,30,[[25553,0],[25555,0],[25298,0],[25299,0],[25810,0],]]
[25555,17,30,[[25556,0],[25554,0],[25299,0],[25811,0],]]
[25556,17,30,[[25555,0],[25557,0],[25300,0],[25301,0],[25812,0],]]
[25557,7,30,[[25558,0],[25556,0],[25301,0],[25813,0],]]
[25558,19,30,[[25557,0],[25559,0],[25302,0],[25303,0],[25814,0],]]
