[25559,18,30,[[25560,0],[25558,0],[25303,0],[25815,0],]]
[25560,10,30,[[25559,0],[25561,0],[25304,0],[25305,0],[25816,0],]]
[25561,16,30,[[25562,0],[25560,0],[25305,0],[25817,0],]]
[25562,14,30,[[25561,0],[25563,0],[25306,0],[25307,0],[25818,0],]]
[25563,8,30,[[25564,0],[25562,0],[25307,0],[25819,0],]]
[25564,18,30,[[25563,0],[25565,0],[25308,0],[25309,0],[25820,0],]]
[25565,16,30,[[25566,0],[25564,0],[25309,0],[25821,0],]]
[25566,1,30,[[25565,0],[25567,0],[25310,0],[25311,0],[25822,0],]]
[25567,2,30,[[25568,0],[25566,0],[25311,0],[25823,0],]]
[25568,10,31,[[25567,0],[25569,0],[25312,0],[25313,0],[25824,0],]]
[25569,18,31,[[25570,0],[25568,0],[25313,0],[25825,0],]]
[25570,12,31,[[25569,0],[25571,0],[25314,0],[25315,0],[25826,0],]]
[25571,4,31,[[25572,0],[25570,0],[25315,0],[25827,0],]]
[25572,16,31,[[25571,0],[25573,0],[25316,0],[25317,0],[25828,0],]]
[25573,14,31,[[25574,0],[25572,0],[25317,0],[25829,0],]]
[25574,11,31,[[25573,0],[25575,0],[25318,0],[25319,0],[25830,0],]]
[25575,4,31,[[25576,0],[25574,0],[25319,0],[25831,0],]]
[25576,7,31,[[25575,0],[25577,0],[25320,0],[25321,0],[25832,0],]]
[25577,6,31,[[25578,0],[25576,0],[25321,0],[25833,0],]]
[25578,18,31,[[25577,0],[25579,0],[25322,0],[25323,0],[25834,0],]]
[25579,19,31,[[25580,0],[25578,0],[25323,0],[25835,0],]]
[25580,14,31,[[25579,0],[25581,0],[25324,0],[25325,0],[25836,0],]]
[25581,4,31,[[25582,0],[25580,0],[25325,0],[25837,0],]]
[25582,11,31,[[25581,0],[25583,0],[25326,0],[25327,0],[25838,0],]]
[25583,18,31,[[25584,0],[25582,0],[25327,0],[25839,0],]]
[25584,18,31,[[25583,0],[25585,0],[25328,0],[25329,0],[25840,0],]]
[25585,7,31,[[25586,0],[25584,0],[25329,0],[25841,0],]]
[25586,17,31,[[25585,0],[25587,0],[25330,0],[25331,0],[25842,0],]]
[25587,11,31,[[25588,0],[25586,0],[25331,0],[25843,0],]]
[25588,13,31,[[25587,0],[25589,0],[25332,0],[25333,0],[25844,0],]]
[25589,6,31,[[25590,0],[25588,0],[25333,0],[25845,0],]]
[25590,9,31,[[25589,0],[25591,0],[25334,0],[25335,0],[25846,0],]]
[25591,10,31,[[25592,0],[25590,0],[25335,0],[25847,0],]]
[25592,17,31,[[25591,0],[25593,0],[25336,0],[25337,0],[25848,0],]]
[25593,1,31,[[25594,0],[25592,0],[25337,0],[25849,0],]]
[25594,15,31,[[25593,0],[25595,0],[25338,0],[25339,0],[25850,0],]]
[25595,17,31,[[25596,0],[25594,0],[25339,0],[25851,0],]]
[25596,1,31,[[25595,0],[25597,0],[25340,0],[25341,0],[25852,0],]]
[25597,19,31,[[25598,0],[25596,0],[25341,0],[25853,0],]]
[25598,4,31,[[25597,0],[25599,0],[25342,0],[25343,0],[25854,0],]]
[25599,17,31,[[25598,0],[25343,0],[25855,0],]]
[25600,1,24,[[25601,0],[25856,0],[25344,0],]]
[25601,14,24,[[25602,0],[25600,0],[25857,0],[25856,0],[25345,0],]]
[25602,9,24,[[25601,0],[25603,0],[25858,0],[25346,0],]]
[25603,7,24,[[25604,0],[25602,0],[25859,0],[25858,0],[25347,0],]]
[25604,15,24,[[25603,0],[25605,0],[25860,0],[25348,0],]]
[25605,4,24,[[25606,0],[25604,0],[25861,0],[25860,0],[25349,0],]]
[25606,7,24,[[25605,0],[25607,0],[25862,0],[25350,0],]]
[25607,17,24,[[25608,0],[25606,0],[25863,0],[25862,0],[25351,0],]]
[25608,4,24,[[25607,0],[25609,0],[25864,0],[25352,0],]]
[25609,16,24,[[25610,0],[25608,0],[25865,0],[25864,0],[25353,0],]]
[25610,11,24,[[25609,0],[25611,0],[25866,0],[25354,0],]]
[25611,14,24,[[25612,0],[25610,0],[25867,0],[25866,0],[25355,0],]]
[25612,17,24,[[25611,0],[25613,0],[25868,0],[25356,0],]]
[25613,19,24,[[25614,0],[25612,0],[25869,0],[25868,0],[25357,0],]]
[25614,18,24,[[25613,0],[25615,0],[25870,0],[25358,0],]]
[25615,14,24,[[25616,0],[25614,0],[25871,0],[25870,0],[25359,0],]]
[25616,9,24,[[25615,0],[25617,0],[25872,0],[25360,0],]]
[25617,13,24,[[25618,0],[25616,0],[25873,0],[25872,0],[25361,0],]]
[25618,10,24,[[25617,0],[25619,0],[25874,0],[25362,0],]]
[25619,11,24,[[25620,0],[25618,0],[25875,0],[25874,0],[25363,0],]]
[25620,17,24,[[25619,0],[25621,0],[25876,0],[25364,0],]]
[25621,13,24,[[25622,0],[25620,0],[25877,0],[25876,0],[25365,0],]]
[25622,17,24,[[25621,0],[25623,0],[25878,0],[25366,0],]]
[25623,8,24,[[25624,0],[25622,0],[25879,0],[25878,0],[25367,0],]]
[25624,13,24,[[25623,0],[25625,0],[25880,0],[25368,0],]]
[25625,17,24,[[25626,0],[25624,0],[25881,0],[25880,0],[25369,0],]]
[25626,16,24,[[25625,0],[25627,0],[25882,0],[25370,0],]]
[25627,10,24,[[25628,0],[25626,0],[25883,0],[25882,0],[25371,0],]]
[25628,17,24,[[25627,0],[25629,0],[25884,0],[25372,0],]]
[25629,15,24,[[25630,0],[25628,0],[25885,0],[25884,0],[25373,0],]]
[25630,18,24,[[25629,0],[25631,0],[25886,0],[25374,0],]]
[25631,8,24,[[25632,0],[25630,0],[25887,0],[25886,0],[25375,0],]]
[25632,16,25,[[25631,0],[25633,0],[25888,0],[25376,0],]]
[25633,8,25,[[25634,0],[25632,0],[25889,0],[25888,0],[25377,0],]]
[25634,3,25,[[25633,0],[25635,0],[25890,0],[25378,0],]]
[25635,15,25,[[25636,0],[25634,0],[25891,0],[25890,0],[25379,0],]]
[25636,2,25,[[25635,0],[25637,0],[25892,0],[25380,0],]]
[25637,4,25,[[25638,0],[25636,0],[25893,0],[25892,0],[25381,0],]]
[25638,7,25,[[25637,0],[25639,0],[25894,0],[25382,0],]]
[25639,12,25,[[25640,0],[25638,0],[25895,0],[25894,0],[25383,0],]]
[25640,11,25,[[25639,0],[25641,0],[25896,0],[25384,0],]]
[25641,10,25,[[25642,0],[25640,0],[25897,0],[25896,0],[25385,0],]]
[25642,18,25,[[25641,0],[25643,0],[25898,0],[25386,0],]]
[25643,16,25,[[25644,0],[25642,0],[25899,0],[25898,0],[25387,0],]]
[25644,12,25,[[25643,0],[25645,0],[25900,0],[25388,0],]]
[25645,4,25,[[25646,0],[25644,0],[25901,0],[25900,0],[25389,0],]]
[25646,11,25,[[25645,0],[25647,0],[25902,0],[25390,0],]]
[25647,9,25,[[25648,0],[25646,0],[25903,0],[25902,0],[25391,0],]]
[25648,19,25,[[25647,0],[25649,0],[25904,0],[25392,0],]]
[25649,15,25,[[25650,0],[25648,0],[25905,0],[25904,0],[25393,0],]]
[25650,1,25,[[25649,0],[25651,0],[25906,0],[25394,0],]]
[25651,6,25,[[25652,0],[25650,0],[25907,0],[25906,0],[25395,0],]]
[25652,6,25,[[25651,0],[25653,0],[25908,0],[25396,0],]]
[25653,3,25,[[25654,0],[25652,0],[25909,0],[25908,0],[25397,0],]]
[25654,13,25,[[25653,0],[25655,0],[25910,0],[25398,0],]]
[25655,17,25,[[25656,0],[25654,0],[25911,0],[25910,0],[25399,0],]]
[25656,9,25,[[25655,0],[25657,0],[25912,0],[25400,0],]]
[25657,18,25,[[25658,0],[25656,0],[25913,0],[25912,0],[25401,0],]]
[25658,3,25,[[25657,0],[25659,0],[25914,0],[25402,0],]]
[25659,7,25,[[25660,0],[25658,0],[25915,0],[25914,0],[25403,0],]]
[25660,5,25,[[25659,0],[25661,0],[25916,0],[25404,0],]]
[25661,8,25,[[25662,0],[25660,0],[25917,0],[25916,0],[25405,0],]]
[25662,18,25,[[25661,0],[25663,0],[25918,0],[25406,0],]]
[25663,12,25,[[25664,0],[25662,0],[25919,0],[25918,0],[25407,0],]]
[25664,4,26,[[25663,0],[25665,0],[25920,0],[25408,0],]]
[25665,3,26,[[25666,0],[25664,0],[25921,0],[25920,0],[25409,0],]]
[25666,1,26,[[25665,0],[25667,0],[25922,0],[25410,0],]]
[25667,7,26,[[25668,0],[25666,0],[25923,0],[25922,0],[25411,0],]]
[25668,3,26,[[25667,0],[25669,0],[25924,0],[25412,0],]]
[25669,6,26,[[25670,0],[25668,0],[25925,0],[25924,0],[25413,0],]]
[25670,16,26,[[25669,0],[25671,0],[25926,0],[25414,0],]]
[25671,6,26,[[25672,0],[25670,0],[25927,0],[25926,0],[25415,0],]]
[25672,3,26,[[25671,0],[25673,0],[25928,0],[25416,0],]]
[25673,9,26,[[25674,0],[25672,0],[25929,0],[25928,0],[25417,0],]]
[25674,10,26,[[25673,0],[25675,0],[25930,0],[25418,0],]]
[25675,15,26,[[25676,0],[25674,0],[25931,0],[25930,0],[25419,0],]]
[25676,10,26,[[25675,0],[25677,0],[25932,0],[25420,0],]]
[25677,8,26,[[25678,0],[25676,0],[25933,0],[25932,0],[25421,0],]]
[25678,11,26,[[25677,0],[25679,0],[25934,0],[25422,0],]]
[25679,18,26,[[25680,0],[25678,0],[25935,0],[25934,0],[25423,0],]]
[25680,2,26,[[25679,0],[25681,0],[25936,0],[25424,0],]]
[25681,14,26,[[25682,0],[25680,0],[25937,0],[25936,0],[25425,0],]]
[25682,7,26,[[25681,0],[25683,0],[25938,0],[25426,0],]]
[25683,9,26,[[25684,0],[25682,0],[25939,0],[25938,0],[25427,0],]]
[25684,19,26,[[25683,0],[25685,0],[25940,0],[25428,0],]]
[25685,12,26,[[25686,0],[25684,0],[25941,0],[25940,0],[25429,0],]]
[25686,6,26,[[25685,0],[25687,0],[25942,0],[25430,0],]]
[25687,1,26,[[25688,0],[25686,0],[25943,0],[25942,0],[25431,0],]]
[25688,6,26,[[25687,0],[25689,0],[25944,0],[25432,0],]]
[25689,12,26,[[25690,0],[25688,0],[25945,0],[25944,0],[25433,0],]]
[25690,11,26,[[25689,0],[25691,0],[25946,0],[25434,0],]]
[25691,13,26,[[25692,0],[25690,0],[25947,0],[25946,0],[25435,0],]]
[25692,4,26,[[25691,0],[25693,0],[25948,0],[25436,0],]]
[25693,5,26,[[25694,0],[25692,0],[25949,0],[25948,0],[25437,0],]]
[25694,15,26,[[25693,0],[25695,0],[25950,0],[25438,0],]]
[25695,17,26,[[25696,0],[25694,0],[25951,0],[25950,0],[25439,0],]]
[25696,5,27,[[25695,0],[25697,0],[25952,0],[25440,0],]]
[25697,4,27,[[25698,0],[25696,0],[25953,0],[25952,0],[25441,0],]]
[25698,8,27,[[25697,0],[25699,0],[25954,0],[25442,0],]]
[25699,2,27,[[25700,0],[25698,0],[25955,0],[25954,0],[25443,0],]]
[25700,6,27,[[25699,0],[25701,0],[25956,0],[25444,0],]]
[25701,18,27,[[25702,0],[25700,0],[25957,0],[25956,0],[25445,0],]]
[25702,3,27,[[25701,0],[25703,0],[25958,0],[25446,0],]]
[25703,4,27,[[25704,0],[25702,0],[25959,0],[25958,0],[25447,0],]]
[25704,7,27,[[25703,0],[25705,0],[25960,0],[25448,0],]]
[25705,10,27,[[25706,0],[25704,0],[25961,0],[25960,0],[25449,0],]]
[25706,16,27,[[25705,0],[25707,0],[25962,0],[25450,0],]]
[25707,17,27,[[25708,0],[25706,0],[25963,0],[25962,0],[25451,0],]]
[25708,7,27,[[25707,0],[25709,0],[25964,0],[25452,0],]]
[25709,16,27,[[25710,0],[25708,0],[25965,0],[25964,0],[25453,0],]]
[25710,10,27,[[25709,0],[25711,0],[25966,0],[25454,0],]]
[25711,8,27,[[25712,0],[25710,0],[25967,0],[25966,0],[25455,0],]]
[25712,9,27,[[25711,0],[25713,0],[25968,0],[25456,0],]]
[25713,5,27,[[25714,0],[25712,0],[25969,0],[25968,0],[25457,0],]]
[25714,19,27,[[25713,0],[25715,0],[25970,0],[25458,0],]]
[25715,17,27,[[25716,0],[25714,0],[25971,0],[25970,0],[25459,0],]]
[25716,8,27,[[25715,0],[25717,0],[25972,0],[25460,0],]]
[25717,4,27,[[25718,0],[25716,0],[25973,0],[25972,0],[25461,0],]]
[25718,16,27,[[25717,0],[25719,0],[25974,0],[25462,0],]]
[25719,6,27,[[25720,0],[25718,0],[25975,0],[25974,0],[25463,0],]]
[25720,17,27,[[25719,0],[25721,0],[25976,0],[25464,0],]]
[25721,6,27,[[25722,0],[25720,0],[25977,0],[25976,0],[25465,0],]]
[25722,7,27,[[25721,0],[25723,0],[25978,0],[25466,0],]]
[25723,9,27,[[25724,0],[25722,0],[25979,0],[25978,0],[25467,0],]]
[25724,10,27,[[25723,0],[25725,0],[25980,0],[25468,0],]]
[25725,6,27,[[25726,0],[25724,0],[25981,0],[25980,0],[25469,0],]]
[25726,10,27,[[25725,0],[25727,0],[25982,0],[25470,0],]]
[25727,18,27,[[25728,0],[25726,0],[25983,0],[25982,0],[25471,0],]]
[25728,6,28,[[25727,0],[25729,0],[25984,0],[25472,0],]]
[25729,9,28,[[25730,0],[25728,0],[25985,0],[25984,0],[25473,0],]]
[25730,11,28,[[25729,0],[25731,0],[25986,0],[25474,0],]]
[25731,14,28,[[25732,0],[25730,0],[25987,0],[25986,0],[25475,0],]]
[25732,12,28,[[25731,0],[25733,0],[25988,0],[25476,0],]]
[25733,14,28,[[25734,0],[25732,0],[25989,0],[25988,0],[25477,0],]]
[25734,12,28,[[25733,0],[25735,0],[25990,0],[25478,0],]]
[25735,7,28,[[25736,0],[25734,0],[25991,0],[25990,0],[25479,0],]]
[25736,5,28,[[25735,0],[25737,0],[25992,0],[25480,0],]]
[25737,10,28,[[25738,0],[25736,0],[25993,0],[25992,0],[25481,0],]]
[25738,4,28,[[25737,0],[25739,0],[25994,0],[25482,0],]]
[25739,13,28,[[25740,0],[25738,0],[25995,0],[25994,0],[25483,0],]]
[25740,8,28,[[25739,0],[25741,0],[25996,0],[25484,0],]]
[25741,8,28,[[25742,0],[25740,0],[25997,0],[25996,0],[25485,0],]]
[25742,13,28,[[25741,0],[25743,0],[25998,0],[25486,0],]]
[25743,10,28,[[25744,0],[25742,0],[25999,0],[25998,0],[25487,0],]]
[25744,5,28,[[25743,0],[25745,0],[26000,0],[25488,0],]]
[25745,2,28,[[25746,0],[25744,0],[26001,0],[26000,0],[25489,0],]]
[25746,5,28,[[25745,0],[25747,0],[26002,0],[25490,0],]]
[25747,5,28,[[25748,0],[25746,0],[26003,0],[26002,0],[25491,0],]]
[25748,15,28,[[25747,0],[25749,0],[26004,0],[25492,0],]]
[25749,16,28,[[25750,0],[25748,0],[26005,0],[26004,0],[25493,0],]]
[25750,9,28,[[25749,0],[25751,0],[26006,0],[25494,0],]]
[25751,7,28,[[25752,0],[25750,0],[26007,0],[26006,0],[25495,0],]]
[25752,1,28,[[25751,0],[25753,0],[26008,0],[25496,0],]]
[25753,3,28,[[25754,0],[25752,0],[26009,0],[26008,0],[25497,0],]]
[25754,17,28,[[25753,0],[25755,0],[26010,0],[25498,0],]]
[25755,15,28,[[25756,0],[25754,0],[26011,0],[26010,0],[25499,0],]]
[25756,4,28,[[25755,0],[25757,0],[26012,0],[25500,0],]]
[25757,6,28,[[25758,0],[25756,0],[26013,0],[26012,0],[25501,0],]]
[25758,10,28,[[25757,0],[25759,0],[26014,0],[25502,0],]]
[25759,13,28,[[25760,0],[25758,0],[26015,0],[26014,0],[25503,0],]]
[25760,11,29,[[25759,0],[25761,0],[26016,0],[25504,0],]]
[25761,8,29,[[25762,0],[25760,0],[26017,0],[26016,0],[25505,0],]]
[25762,13,29,[[25761,0],[25763,0],[26018,0],[25506,0],]]
[25763,1,29,[[25764,0],[25762,0],[26019,0],[26018,0],[25507,0],]]
[25764,16,29,[[25763,0],[25765,0],[26020,0],[25508,0],]]
[25765,18,29,[[25766,0],[25764,0],[26021,0],[26020,0],[25509,0],]]
[25766,4,29,[[25765,0],[25767,0],[26022,0],[25510,0],]]
[25767,17,29,[[25768,0],[25766,0],[26023,0],[26022,0],[25511,0],]]
[25768,14,29,[[25767,0],[25769,0],[26024,0],[25512,0],]]
[25769,10,29,[[25770,0],[25768,0],[26025,0],[26024,0],[25513,0],]]
[25770,16,29,[[25769,0],[25771,0],[26026,0],[25514,0],]]
[25771,3,29,[[25772,0],[25770,0],[26027,0],[26026,0],[25515,0],]]
[25772,10,29,[[25771,0],[25773,0],[26028,0],[25516,0],]]
[25773,1,29,[[25774,0],[25772,0],[26029,0],[26028,0],[25517,0],]]
[25774,10,29,[[25773,0],[25775,0],[26030,0],[25518,0],]]
[25775,12,29,[[25776,0],[25774,0],[26031,0],[26030,0],[25519,0],]]
[25776,7,29,[[25775,0],[25777,0],[26032,0],[25520,0],]]
[25777,11,29,[[25778,0],[25776,0],[26033,0],[26032,0],[25521,0],]]
[25778,11,29,[[25777,0],[25779,0],[26034,0],[25522,0],]]
[25779,6,29,[[25780,0],[25778,0],[26035,0],[26034,0],[25523,0],]]
[25780,2,29,[[25779,0],[25781,0],[26036,0],[25524,0],]]
[25781,12,29,[[25782,0],[25780,0],[26037,0],[26036,0],[25525,0],]]
[25782,5,29,[[25781,0],[25783,0],[26038,0],[25526,0],]]
[25783,5,29,[[25784,0],[25782,0],[26039,0],[26038,0],[25527,0],]]
[25784,1,29,[[25783,0],[25785,0],[26040,0],[25528,0],]]
[25785,10,29,[[25786,0],[25784,0],[26041,0],[26040,0],[25529,0],]]
[25786,9,29,[[25785,0],[25787,0],[26042,0],[25530,0],]]
[25787,18,29,[[25788,0],[25786,0],[26043,0],[26042,0],[25531,0],]]
[25788,8,29,[[25787,0],[25789,0],[26044,0],[25532,0],]]
[25789,18,29,[[25790,0],[25788,0],[26045,0],[26044,0],[25533,0],]]
[25790,13,29,[[25789,0],[25791,0],[26046,0],[25534,0],]]
[25791,8,29,[[25792,0],[25790,0],[26047,0],[26046,0],[25535,0],]]
[25792,10,30,[[25791,0],[25793,0],[26048,0],[25536,0],]]
[25793,3,30,[[25794,0],[25792,0],[26049,0],[26048,0],[25537,0],]]
[25794,8,30,[[25793,0],[25795,0],[26050,0],[25538,0],]]
[25795,16,30,[[25796,0],[25794,0],[26051,0],[26050,0],[25539,0],]]
[25796,14,30,[[25795,0],[25797,0],[26052,0],[25540,0],]]
[25797,18,30,[[25798,0],[25796,0],[26053,0],[26052,0],[25541,0],]]
[25798,7,30,[[25797,0],[25799,0],[26054,0],[25542,0],]]
[25799,3,30,[[25800,0],[25798,0],[26055,0],[26054,0],[25543,0],]]
[25800,17,30,[[25799,0],[25801,0],[26056,0],[25544,0],]]
[25801,5,30,[[25802,0],[25800,0],[26057,0],[26056,0],[25545,0],]]
[25802,8,30,[[25801,0],[25803,0],[26058,0],[25546,0],]]
[25803,3,30,[[25804,0],[25802,0],[26059,0],[26058,0],[25547,0],]]
[25804,5,30,[[25803,0],[25805,0],[26060,0],[25548,0],]]
[25805,9,30,[[25806,0],[25804,0],[26061,0],[26060,0],[25549,0],]]
[25806,5,30,[[25805,0],[25807,0],[26062,0],[25550,0],]]
[25807,18,30,[[25808,0],[25806,0],[26063,0],[26062,0],[25551,0],]]
[25808,1,30,[[25807,0],[25809,0],[26064,0],[25552,0],]]
[25809,9,30,[[25810,0],[25808,0],[26065,0],[26064,0],[25553,0],]]
[25810,17,30,[[25809,0],[25811,0],[26066,0],[25554,0],]]
[25811,1,30,[[25812,0],[25810,0],[26067,0],[26066,0],[25555,0],]]
[25812,15,30,[[25811,0],[25813,0],[26068,0],[25556,0],]]
[25813,3,30,[[25814,0],[25812,0],[26069,0],[26068,0],[25557,0],]]
[25814,16,30,[[25813,0],[25815,0],[26070,0],[25558,0],]]
[25815,7,30,[[25816,0],[25814,0],[26071,0],[26070,0],[25559,0],]]
[25816,6,30,[[25815,0],[25817,0],[26072,0],[25560,0],]]
[25817,14,30,[[25818,0],[25816,0],[26073,0],[26072,0],[25561,0],]]
[25818,17,30,[[25817,0],[25819,0],[26074,0],[25562,0],]]
[25819,16,30,[[25820,0],[25818,0],[26075,0],[26074,0],[25563,0],]]
[25820,11,30,[[25819,0],[25821,0],[26076,0],[25564,0],]]
[25821,13,30,[[25822,0],[25820,0],[26077,0],[26076,0],[25565,0],]]
[25822,4,30,[[25821,0],[25823,0],[26078,0],[25566,0],]]
[25823,13,30,[[25824,0],[25822,0],[26079,0],[26078,0],[25567,0],]]
[25824,5,31,[[25823,0],[25825,0],[26080,0],[25568,0],]]
[25825,3,31,[[25826,0],[25824,0],[26081,0],[26080,0],[25569,0],]]
[25826,15,31,[[25825,0],[25827,0],[26082,0],[25570,0],]]
[25827,18,31,[[25828,0],[25826,0],[26083,0],[26082,0],[25571,0],]]
[25828,9,31,[[25827,0],[25829,0],[26084,0],[25572,0],]]
[25829,6,31,[[25830,0],[25828,0],[26085,0],[26084,0],[25573,0],]]
[25830,7,31,[[25829,0],[25831,0],[26086,0],[25574,0],]]
[25831,13,31,[[25832,0],[25830,0],[26087,0],[26086,0],[25575,0],]]
[25832,16,31,[[25831,0],[25833,0],[26088,0],[25576,0],]]
[25833,15,31,[[25834,0],[25832,0],[26089,0],[26088,0],[25577,0],]]
[25834,10,31,[[25833,0],[25835,0],[26090,0],[25578,0],]]
[25835,6,31,[[25836,0],[25834,0],[26091,0],[26090,0],[25579,0],]]
[25836,3,31,[[25835,0],[25837,0],[26092,0],[25580,0],]]
[25837,10,31,[[25838,0],[25836,0],[26093,0],[26092,0],[25581,0],]]
[25838,11,31,[[25837,0],[25839,0],[26094,0],[25582,0],]]
[25839,17,31,[[25840,0],[25838,0],[26095,0],[26094,0],[25583,0],]]
[25840,19,31,[[25839,0],[25841,0],[26096,0],[25584,0],]]
[25841,14,31,[[25842,0],[25840,0],[26097,0],[26096,0],[25585,0],]]
[25842,11,31,[[25841,0],[25843,0],[26098,0],[25586,0],]]
[25843,1,31,[[25844,0],[25842,0],[26099,0],[26098,0],[25587,0],]]
[25844,16,31,[[25843,0],[25845,0],[26100,0],[25588,0],]]
[25845,1,31,[[25846,0],[25844,0],[26101,0],[26100,0],[25589,0],]]
[25846,9,31,[[25845,0],[25847,0],[26102,0],[25590,0],]]
[25847,7,31,[[25848,0],[25846,0],[26103,0],[26102,0],[25591,0],]]
[25848,9,31,[[25847,0],[25849,0],[26104,0],[25592,0],]]
[25849,9,31,[[25850,0],[25848,0],[26105,0],[26104,0],[25593,0],]]
[25850,17,31,[[25849,0],[25851,0],[26106,0],[25594,0],]]
[25851,12,31,[[25852,0],[25850,0],[26107,0],[26106,0],[25595,0],]]
[25852,8,31,[[25851,0],[25853,0],[26108,0],[25596,0],]]
[25853,14,31,[[25854,0],[25852,0],[26109,0],[26108,0],[25597,0],]]
[25854,6,31,[[25853,0],[25855,0],[26110,0],[25598,0],]]
[25855,18,31,[[25854,0],[26111,0],[26110,0],[25599,0],]]
[25856,4,24,[[25857,0],[25600,0],[25601,0],[26112,0],]]
[25857,19,24,[[25858,0],[25856,0],[25601,0],[26113,0],]]
[25858,19,24,[[25857,0],[25859,0],[25602,0],[25603,0],[26114,0],]]
[25859,15,24,[[25860,0],[25858,0],[25603,0],[26115,0],]]
[25860,18,24,[[25859,0],[25861,0],[25604,0],[25605,0],[26116,0],]]
[25861,1,24,[[25862,0],[25860,0],[25605,0],[26117,0],]]
[25862,2,24,[[25861,0],[25863,0],[25606,0],[25607,0],[26118,0],]]
[25863,16,24,[[25864,0],[25862,0],[25607,0],[26119,0],]]
[25864,11,24,[[25863,0],[25865,0],[25608,0],[25609,0],[26120,0],]]
[25865,8,24,[[25866,0],[25864,0],[25609,0],[26121,0],]]
[25866,8,24,[[25865,0],[25867,0],[25610,0],[25611,0],[26122,0],]]
[25867,9,24,[[25868,0],[25866,0],[25611,0],[26123,0],]]
[25868,4,24,[[25867,0],[25869,0],[25612,0],[25613,0],[26124,0],]]
[25869,6,24,[[25870,0],[25868,0],[25613,0],[26125,0],]]
[25870,14,24,[[25869,0],[25871,0],[25614,0],[25615,0],[26126,0],]]
[25871,1,24,[[25872,0],[25870,0],[25615,0],[26127,0],]]
[25872,10,24,[[25871,0],[25873,0],[25616,0],[25617,0],[26128,0],]]
[25873,4,24,[[25874,0],[25872,0],[25617,0],[26129,0],]]
[25874,15,24,[[25873,0],[25875,0],[25618,0],[25619,0],[26130,0],]]
[25875,10,24,[[25876,0],[25874,0],[25619,0],[26131,0],]]
[25876,11,24,[[25875,0],[25877,0],[25620,0],[25621,0],[26132,0],]]
[25877,2,24,[[25878,0],[25876,0],[25621,0],[26133,0],]]
[25878,19,24,[[25877,0],[25879,0],[25622,0],[25623,0],[26134,0],]]
[25879,18,24,[[25880,0],[25878,0],[25623,0],[26135,0],]]
[25880,6,24,[[25879,0],[25881,0],[25624,0],[25625,0],[26136,0],]]
[25881,16,24,[[25882,0],[25880,0],[25625,0],[26137,0],]]
[25882,17,24,[[25881,0],[25883,0],[25626,0],[25627,0],[26138,0],]]
[25883,19,24,[[25884,0],[25882,0],[25627,0],[26139,0],]]
[25884,8,24,[[25883,0],[25885,0],[25628,0],[25629,0],[26140,0],]]
[25885,6,24,[[25886,0],[25884,0],[25629,0],[26141,0],]]
[25886,2,24,[[25885,0],[25887,0],[25630,0],[25631,0],[26142,0],]]
[25887,10,24,[[25888,0],[25886,0],[25631,0],[26143,0],]]
[25888,15,25,[[25887,0],[25889,0],[25632,0],[25633,0],[26144,0],]]
[25889,5,25,[[25890,0],[25888,0],[25633,0],[26145,0],]]
[25890,12,25,[[25889,0],[25891,0],[25634,0],[25635,0],[26146,0],]]
[25891,3,25,[[25892,0],[25890,0],[25635,0],[26147,0],]]
[25892,2,25,[[25891,0],[25893,0],[25636,0],[25637,0],[26148,0],]]
[25893,9,25,[[25894,0],[25892,0],[25637,0],[26149,0],]]
[25894,16,25,[[25893,0],[25895,0],[25638,0],[25639,0],[26150,0],]]
[25895,18,25,[[25896,0],[25894,0],[25639,0],[26151,0],]]
[25896,2,25,[[25895,0],[25897,0],[25640,0],[25641,0],[26152,0],]]
[25897,1,25,[[25898,0],[25896,0],[25641,0],[26153,0],]]
[25898,8,25,[[25897,0],[25899,0],[25642,0],[25643,0],[26154,0],]]
[25899,2,25,[[25900,0],[25898,0],[25643,0],[26155,0],]]
[25900,13,25,[[25899,0],[25901,0],[25644,0],[25645,0],[26156,0],]]
[25901,10,25,[[25902,0],[25900,0],[25645,0],[26157,0],]]
[25902,2,25,[[25901,0],[25903,0],[25646,0],[25647,0],[26158,0],]]
[25903,18,25,[[25904,0],[25902,0],[25647,0],[26159,0],]]
[25904,3,25,[[25903,0],[25905,0],[25648,0],[25649,0],[26160,0],]]
[25905,1,25,[[25906,0],[25904,0],[25649,0],[26161,0],]]
[25906,3,25,[[25905,0],[25907,0],[25650,0],[25651,0],[26162,0],]]
[25907,17,25,[[25908,0],[25906,0],[25651,0],[26163,0],]]
[25908,16,25,[[25907,0],[25909,0],[25652,0],[25653,0],[26164,0],]]
[25909,13,25,[[25910,0],[25908,0],[25653,0],[26165,0],]]
[25910,7,25,[[25909,0],[25911,0],[25654,0],[25655,0],[26166,0],]]
[25911,16,25,[[25912,0],[25910,0],[25655,0],[26167,0],]]
[25912,16,25,[[25911,0],[25913,0],[25656,0],[25657,0],[26168,0],]]
[25913,11,25,[[25914,0],[25912,0],[25657,0],[26169,0],]]
[25914,8,25,[[25913,0],[25915,0],[25658,0],[25659,0],[26170,0],]]
[25915,6,25,[[25916,0],[25914,0],[25659,0],[26171,0],]]
[25916,16,25,[[25915,0],[25917,0],[25660,0],[25661,0],[26172,0],]]
[25917,15,25,[[25918,0],[25916,0],[25661,0],[26173,0],]]
[25918,5,25,[[25917,0],[25919,0],[25662,0],[25663,0],[26174,0],]]
[25919,1,25,[[25920,0],[25918,0],[25663,0],[26175,0],]]
[25920,14,26,[[25919,0],[25921,0],[25664,0],[25665,0],[26176,0],]]
[25921,8,26,[[25922,0],[25920,0],[25665,0],[26177,0],]]
[25922,1,26,[[25921,0],[25923,0],[25666,0],[25667,0],[26178,0],]]
[25923,13,26,[[25924,0],[25922,0],[25667,0],[26179,0],]]
[25924,18,26,[[25923,0],[25925,0],[25668,0],[25669,0],[26180,0],]]
[25925,12,26,[[25926,0],[25924,0],[25669,0],[26181,0],]]
[25926,5,26,[[25925,0],[25927,0],[25670,0],[25671,0],[26182,0],]]
[25927,9,26,[[25928,0],[25926,0],[25671,0],[26183,0],]]
[25928,12,26,[[25927,0],[25929,0],[25672,0],[25673,0],[26184,0],]]
[25929,11,26,[[25930,0],[25928,0],[25673,0],[26185,0],]]
[25930,9,26,[[25929,0],[25931,0],[25674,0],[25675,0],[26186,0],]]
[25931,16,26,[[25932,0],[25930,0],[25675,0],[26187,0],]]
[25932,11,26,[[25931,0],[25933,0],[25676,0],[25677,0],[26188,0],]]
[25933,2,26,[[25934,0],[25932,0],[25677,0],[26189,0],]]
[25934,4,26,[[25933,0],[25935,0],[25678,0],[25679,0],[26190,0],]]
[25935,13,26,[[25936,0],[25934,0],[25679,0],[26191,0],]]
[25936,12,26,[[25935,0],[25937,0],[25680,0],[25681,0],[26192,0],]]
[25937,16,26,[[25938,0],[25936,0],[25681,0],[26193,0],]]
[25938,11,26,[[25937,0],[25939,0],[25682,0],[25683,0],[26194,0],]]
[25939,4,26,[[25940,0],[25938,0],[25683,0],[26195,0],]]
[25940,4,26,[[25939,0],[25941,0],[25684,0],[25685,0],[26196,0],]]
[25941,12,26,[[25942,0],[25940,0],[25685,0],[26197,0],]]
[25942,11,26,[[25941,0],[25943,0],[25686,0],[25687,0],[26198,0],]]
[25943,5,26,[[25944,0],[25942,0],[25687,0],[26199,0],]]
[25944,9,26,[[25943,0],[25945,0],[25688,0],[25689,0],[26200,0],]]
[25945,2,26,[[25946,0],[25944,0],[25689,0],[26201,0],]]
[25946,9,26,[[25945,0],[25947,0],[25690,0],[25691,0],[26202,0],]]
[25947,16,26,[[25948,0],[25946,0],[25691,0],[26203,0],]]
[25948,10,26,[[25947,0],[25949,0],[25692,0],[25693,0],[26204,0],]]
[25949,7,26,[[25950,0],[25948,0],[25693,0],[26205,0],]]
[25950,6,26,[[25949,0],[25951,0],[25694,0],[25695,0],[26206,0],]]
[25951,17,26,[[25952,0],[25950,0],[25695,0],[26207,0],]]
[25952,10,27,[[25951,0],[25953,0],[25696,0],[25697,0],[26208,0],]]
[25953,7,27,[[25954,0],[25952,0],[25697,0],[26209,0],]]
[25954,13,27,[[25953,0],[25955,0],[25698,0],[25699,0],[26210,0],]]
[25955,10,27,[[25956,0],[25954,0],[25699,0],[26211,0],]]
[25956,14,27,[[25955,0],[25957,0],[25700,0],[25701,0],[26212,0],]]
[25957,17,27,[[25958,0],[25956,0],[25701,0],[26213,0],]]
[25958,17,27,[[25957,0],[25959,0],[25702,0],[25703,0],[26214,0],]]
[25959,2,27,[[25960,0],[25958,0],[25703,0],[26215,0],]]
[25960,7,27,[[25959,0],[25961,0],[25704,0],[25705,0],[26216,0],]]
[25961,18,27,[[25962,0],[25960,0],[25705,0],[26217,0],]]
[25962,7,27,[[25961,0],[25963,0],[25706,0],[25707,0],[26218,0],]]
[25963,8,27,[[25964,0],[25962,0],[25707,0],[26219,0],]]
[25964,1,27,[[25963,0],[25965,0],[25708,0],[25709,0],[26220,0],]]
[25965,9,27,[[25966,0],[25964,0],[25709,0],[26221,0],]]
[25966,11,27,[[25965,0],[25967,0],[25710,0],[25711,0],[26222,0],]]
[25967,8,27,[[25968,0],[25966,0],[25711,0],[26223,0],]]
[25968,9,27,[[25967,0],[25969,0],[25712,0],[25713,0],[26224,0],]]
[25969,9,27,[[25970,0],[25968,0],[25713,0],[26225,0],]]
[25970,2,27,[[25969,0],[25971,0],[25714,0],[25715,0],[26226,0],]]
[25971,16,27,[[25972,0],[25970,0],[25715,0],[26227,0],]]
[25972,8,27,[[25971,0],[25973,0],[25716,0],[25717,0],[26228,0],]]
[25973,17,27,[[25974,0],[25972,0],[25717,0],[26229,0],]]
[25974,9,27,[[25973,0],[25975,0],[25718,0],[25719,0],[26230,0],]]
[25975,13,27,[[25976,0],[25974,0],[25719,0],[26231,0],]]
[25976,18,27,[[25975,0],[25977,0],[25720,0],[25721,0],[26232,0],]]
[25977,4,27,[[25978,0],[25976,0],[25721,0],[26233,0],]]
[25978,5,27,[[25977,0],[25979,0],[25722,0],[25723,0],[26234,0],]]
[25979,12,27,[[25980,0],[25978,0],[25723,0],[26235,0],]]
[25980,15,27,[[25979,0],[25981,0],[25724,0],[25725,0],[26236,0],]]
[25981,19,27,[[25982,0],[25980,0],[25725,0],[26237,0],]]
[25982,13,27,[[25981,0],[25983,0],[25726,0],[25727,0],[26238,0],]]
[25983,12,27,[[25984,0],[25982,0],[25727,0],[26239,0],]]
[25984,9,28,[[25983,0],[25985,0],[25728,0],[25729,0],[26240,0],]]
[25985,8,28,[[25986,0],[25984,0],[25729,0],[26241,0],]]
[25986,4,28,[[25985,0],[25987,0],[25730,0],[25731,0],[26242,0],]]
[25987,5,28,[[25988,0],[25986,0],[25731,0],[26243,0],]]
[25988,15,28,[[25987,0],[25989,0],[25732,0],[25733,0],[26244,0],]]
[25989,10,28,[[25990,0],[25988,0],[25733,0],[26245,0],]]
[25990,17,28,[[25989,0],[25991,0],[25734,0],[25735,0],[26246,0],]]
[25991,3,28,[[25992,0],[25990,0],[25735,0],[26247,0],]]
[25992,18,28,[[25991,0],[25993,0],[25736,0],[25737,0],[26248,0],]]
[25993,5,28,[[25994,0],[25992,0],[25737,0],[26249,0],]]
[25994,15,28,[[25993,0],[25995,0],[25738,0],[25739,0],[26250,0],]]
[25995,6,28,[[25996,0],[25994,0],[25739,0],[26251,0],]]
[25996,16,28,[[25995,0],[25997,0],[25740,0],[25741,0],[26252,0],]]
[25997,6,28,[[25998,0],[25996,0],[25741,0],[26253,0],]]
[25998,17,28,[[25997,0],[25999,0],[25742,0],[25743,0],[26254,0],]]
[25999,9,28,[[26000,0],[25998,0],[25743,0],[26255,0],]]
[26000,3,28,[[25999,0],[26001,0],[25744,0],[25745,0],[26256,0],]]
[26001,14,28,[[26002,0],[26000,0],[25745,0],[26257,0],]]
[26002,2,28,[[26001,0],[26003,0],[25746,0],[25747,0],[26258,0],]]
[26003,16,28,[[26004,0],[26002,0],[25747,0],[26259,0],]]
[26004,16,28,[[26003,0],[26005,0],[25748,0],[25749,0],[26260,0],]]
[26005,15,28,[[26006,0],[26004,0],[25749,0],[26261,0],]]
[26006,4,28,[[26005,0],[26007,0],[25750,0],[25751,0],[26262,0],]]
[26007,9,28,[[26008,0],[26006,0],[25751,0],[26263,0],]]
[26008,8,28,[[26007,0],[26009,0],[25752,0],[25753,0],[26264,0],]]
[26009,8,28,[[26010,0],[26008,0],[25753,0],[26265,0],]]
[26010,16,28,[[26009,0],[26011,0],[25754,0],[25755,0],[26266,0],]]
[26011,10,28,[[26012,0],[26010,0],[25755,0],[26267,0],]]
[26012,17,28,[[26011,0],[26013,0],[25756,0],[25757,0],[26268,0],]]
[26013,11,28,[[26014,0],[26012,0],[25757,0],[26269,0],]]
[26014,12,28,[[26013,0],[26015,0],[25758,0],[25759,0],[26270,0],]]
[26015,8,28,[[26016,0],[26014,0],[25759,0],[26271,0],]]
[26016,13,29,[[26015,0],[26017,0],[25760,0],[25761,0],[26272,0],]]
[26017,15,29,[[26018,0],[26016,0],[25761,0],[26273,0],]]
[26018,8,29,[[26017,0],[26019,0],[25762,0],[25763,0],[26274,0],]]
[26019,19,29,[[26020,0],[26018,0],[25763,0],[26275,0],]]
[26020,11,29,[[26019,0],[26021,0],[25764,0],[25765,0],[26276,0],]]
[26021,12,29,[[26022,0],[26020,0],[25765,0],[26277,0],]]
[26022,3,29,[[26021,0],[26023,0],[25766,0],[25767,0],[26278,0],]]
[26023,2,29,[[26024,0],[26022,0],[25767,0],[26279,0],]]
[26024,8,29,[[26023,0],[26025,0],[25768,0],[25769,0],[26280,0],]]
[26025,14,29,[[26026,0],[26024,0],[25769,0],[26281,0],]]
[26026,10,29,[[26025,0],[26027,0],[25770,0],[25771,0],[26282,0],]]
[26027,8,29,[[26028,0],[26026,0],[25771,0],[26283,0],]]
[26028,10,29,[[26027,0],[26029,0],[25772,0],[25773,0],[26284,0],]]
[26029,9,29,[[26030,0],[26028,0],[25773,0],[26285,0],]]
[26030,7,29,[[26029,0],[26031,0],[25774,0],[25775,0],[26286,0],]]
[26031,18,29,[[26032,0],[26030,0],[25775,0],[26287,0],]]
[26032,10,29,[[26031,0],[26033,0],[25776,0],[25777,0],[26288,0],]]
[26033,10,29,[[26034,0],[26032,0],[25777,0],[26289,0],]]
[26034,15,29,[[26033,0],[26035,0],[25778,0],[25779,0],[26290,0],]]
[26035,19,29,[[26036,0],[26034,0],[25779,0],[26291,0],]]
[26036,17,29,[[26035,0],[26037,0],[25780,0],[25781,0],[26292,0],]]
[26037,6,29,[[26038,0],[26036,0],[25781,0],[26293,0],]]
[26038,10,29,[[26037,0],[26039,0],[25782,0],[25783,0],[26294,0],]]
[26039,10,29,[[26040,0],[26038,0],[25783,0],[26295,0],]]
[26040,17,29,[[26039,0],[26041,0],[25784,0],[25785,0],[26296,0],]]
[26041,10,29,[[26042,0],[26040,0],[25785,0],[26297,0],]]
[26042,13,29,[[26041,0],[26043,0],[25786,0],[25787,0],[26298,0],]]
[26043,17,29,[[26044,0],[26042,0],[25787,0],[26299,0],]]
[26044,6,29,[[26043,0],[26045,0],[25788,0],[25789,0],[26300,0],]]
[26045,5,29,[[26046,0],[26044,0],[25789,0],[26301,0],]]
[26046,18,29,[[26045,0],[26047,0],[25790,0],[25791,0],[26302,0],]]
[26047,15,29,[[26048,0],[26046,0],[25791,0],[26303,0],]]
[26048,11,30,[[26047,0],[26049,0],[25792,0],[25793,0],[26304,0],]]
[26049,13,30,[[26050,0],[26048,0],[25793,0],[26305,0],]]
[26050,6,30,[[26049,0],[26051,0],[25794,0],[25795,0],[26306,0],]]
[26051,8,30,[[26052,0],[26050,0],[25795,0],[26307,0],]]
[26052,12,30,[[26051,0],[26053,0],[25796,0],[25797,0],[26308,0],]]
[26053,9,30,[[26054,0],[26052,0],[25797,0],[26309,0],]]
[26054,3,30,[[26053,0],[26055,0],[25798,0],[25799,0],[26310,0],]]
[26055,3,30,[[26056,0],[26054,0],[25799,0],[26311,0],]]
[26056,13,30,[[26055,0],[26057,0],[25800,0],[25801,0],[26312,0],]]
[26057,10,30,[[26058,0],[26056,0],[25801,0],[26313,0],]]
[26058,9,30,[[26057,0],[26059,0],[25802,0],[25803,0],[26314,0],]]
[26059,5,30,[[26060,0],[26058,0],[25803,0],[26315,0],]]
[26060,3,30,[[26059,0],[26061,0],[25804,0],[25805,0],[26316,0],]]
[26061,11,30,[[26062,0],[26060,0],[25805,0],[26317,0],]]
[26062,9,30,[[26061,0],[26063,0],[25806,0],[25807,0],[26318,0],]]
[26063,12,30,[[26064,0],[26062,0],[25807,0],[26319,0],]]
[26064,2,30,[[26063,0],[26065,0],[25808,0],[25809,0],[26320,0],]]
[26065,5,30,[[26066,0],[26064,0],[25809,0],[26321,0],]]
[26066,1,30,[[26065,0],[26067,0],[25810,0],[25811,0],[26322,0],]]
[26067,13,30,[[26068,0],[26066,0],[25811,0],[26323,0],]]
[26068,18,30,[[26067,0],[26069,0],[25812,0],[25813,0],[26324,0],]]
[26069,14,30,[[26070,0],[26068,0],[25813,0],[26325,0],]]
[26070,5,30,[[26069,0],[26071,0],[25814,0],[25815,0],[26326,0],]]
[26071,11,30,[[26072,0],[26070,0],[25815,0],[26327,0],]]
[26072,2,30,[[26071,0],[26073,0],[25816,0],[25817,0],[26328,0],]]
[26073,8,30,[[26074,0],[26072,0],[25817,0],[26329,0],]]
[26074,11,30,[[26073,0],[26075,0],[25818,0],[25819,0],[26330,0],]]
[26075,19,30,[[26076,0],[26074,0],[25819,0],[26331,0],]]
[26076,16,30,[[26075,0],[26077,0],[25820,0],[25821,0],[26332,0],]]
[26077,5,30,[[26078,0],[26076,0],[25821,0],[26333,0],]]
[26078,7,30,[[26077,0],[26079,0],[25822,0],[25823,0],[26334,0],]]
[26079,12,30,[[26080,0],[26078,0],[25823,0],[26335,0],]]
[26080,10,31,[[26079,0],[26081,0],[25824,0],[25825,0],[26336,0],]]
[26081,16,31,[[26082,0],[26080,0],[25825,0],[26337,0],]]
[26082,5,31,[[26081,0],[26083,0],[25826,0],[25827,0],[26338,0],]]
[26083,18,31,[[26084,0],[26082,0],[25827,0],[26339,0],]]
[26084,3,31,[[26083,0],[26085,0],[25828,0],[25829,0],[26340,0],]]
[26085,12,31,[[26086,0],[26084,0],[25829,0],[26341,0],]]
[26086,6,31,[[26085,0],[26087,0],[25830,0],[25831,0],[26342,0],]]
[26087,3,31,[[26088,0],[26086,0],[25831,0],[26343,0],]]
[26088,1,31,[[26087,0],[26089,0],[25832,0],[25833,0],[26344,0],]]
[26089,6,31,[[26090,0],[26088,0],[25833,0],[26345,0],]]
[26090,1,31,[[26089,0],[26091,0],[25834,0],[25835,0],[26346,0],]]
[26091,6,31,[[26092,0],[26090,0],[25835,0],[26347,0],]]
[26092,17,31,[[26091,0],[26093,0],[25836,0],[25837,0],[26348,0],]]
[26093,5,31,[[26094,0],[26092,0],[25837,0],[26349,0],]]
[26094,13,31,[[26093,0],[26095,0],[25838,0],[25839,0],[26350,0],]]
[26095,11,31,[[26096,0],[26094,0],[25839,0],[26351,0],]]
[26096,3,31,[[26095,0],[26097,0],[25840,0],[25841,0],[26352,0],]]
[26097,5,31,[[26098,0],[26096,0],[25841,0],[26353,0],]]
[26098,2,31,[[26097,0],[26099,0],[25842,0],[25843,0],[26354,0],]]
[26099,7,31,[[26100,0],[26098,0],[25843,0],[26355,0],]]
[26100,2,31,[[26099,0],[26101,0],[25844,0],[25845,0],[26356,0],]]
[26101,12,31,[[26102,0],[26100,0],[25845,0],[26357,0],]]
[26102,11,31,[[26101,0],[26103,0],[25846,0],[25847,0],[26358,0],]]
[26103,1,31,[[26104,0],[26102,0],[25847,0],[26359,0],]]
[26104,1,31,[[26103,0],[26105,0],[25848,0],[25849,0],[26360,0],]]
[26105,14,31,[[26106,0],[26104,0],[25849,0],[26361,0],]]
[26106,10,31,[[26105,0],[26107,0],[25850,0],[25851,0],[26362,0],]]
[26107,2,31,[[26108,0],[26106,0],[25851,0],[26363,0],]]
[26108,16,31,[[26107,0],[26109,0],[25852,0],[25853,0],[26364,0],]]
[26109,13,31,[[26110,0],[26108,0],[25853,0],[26365,0],]]
[26110,11,31,[[26109,0],[26111,0],[25854,0],[25855,0],[26366,0],]]
[26111,4,31,[[26110,0],[25855,0],[26367,0],]]
[26112,6,24,[[26113,0],[26368,0],[25856,0],]]
[26113,5,24,[[26114,0],[26112,0],[26369,0],[26368,0],[25857,0],]]
[26114,14,24,[[26113,0],[26115,0],[26370,0],[25858,0],]]
[26115,9,24,[[26116,0],[26114,0],[26371,0],[26370,0],[25859,0],]]
[26116,17,24,[[26115,0],[26117,0],[26372,0],[25860,0],]]
[26117,12,24,[[26118,0],[26116,0],[26373,0],[26372,0],[25861,0],]]
[26118,11,24,[[26117,0],[26119,0],[26374,0],[25862,0],]]
[26119,8,24,[[26120,0],[26118,0],[26375,0],[26374,0],[25863,0],]]
[26120,6,24,[[26119,0],[26121,0],[26376,0],[25864,0],]]
[26121,10,24,[[26122,0],[26120,0],[26377,0],[26376,0],[25865,0],]]
[26122,19,24,[[26121,0],[26123,0],[26378,0],[25866,0],]]
[26123,11,24,[[26124,0],[26122,0],[26379,0],[26378,0],[25867,0],]]
[26124,14,24,[[26123,0],[26125,0],[26380,0],[25868,0],]]
[26125,16,24,[[26126,0],[26124,0],[26381,0],[26380,0],[25869,0],]]
[26126,6,24,[[26125,0],[26127,0],[26382,0],[25870,0],]]
[26127,5,24,[[26128,0],[26126,0],[26383,0],[26382,0],[25871,0],]]
[26128,1,24,[[26127,0],[26129,0],[26384,0],[25872,0],]]
[26129,19,24,[[26130,0],[26128,0],[26385,0],[26384,0],[25873,0],]]
[26130,10,24,[[26129,0],[26131,0],[26386,0],[25874,0],]]
[26131,13,24,[[26132,0],[26130,0],[26387,0],[26386,0],[25875,0],]]
[26132,2,24,[[26131,0],[26133,0],[26388,0],[25876,0],]]
[26133,11,24,[[26134,0],[26132,0],[26389,0],[26388,0],[25877,0],]]
[26134,17,24,[[26133,0],[26135,0],[26390,0],[25878,0],]]
[26135,12,24,[[26136,0],[26134,0],[26391,0],[26390,0],[25879,0],]]
[26136,19,24,[[26135,0],[26137,0],[26392,0],[25880,0],]]
[26137,13,24,[[26138,0],[26136,0],[26393,0],[26392,0],[25881,0],]]
[26138,3,24,[[26137,0],[26139,0],[26394,0],[25882,0],]]
[26139,1,24,[[26140,0],[26138,0],[26395,0],[26394,0],[25883,0],]]
[26140,18,24,[[26139,0],[26141,0],[26396,0],[25884,0],]]
[26141,19,24,[[26142,0],[26140,0],[26397,0],[26396,0],[25885,0],]]
[26142,5,24,[[26141,0],[26143,0],[26398,0],[25886,0],]]
[26143,18,24,[[26144,0],[26142,0],[26399,0],[26398,0],[25887,0],]]
[26144,13,25,[[26143,0],[26145,0],[26400,0],[25888,0],]]
[26145,2,25,[[26146,0],[26144,0],[26401,0],[26400,0],[25889,0],]]
[26146,15,25,[[26145,0],[26147,0],[26402,0],[25890,0],]]
[26147,7,25,[[26148,0],[26146,0],[26403,0],[26402,0],[25891,0],]]
[26148,5,25,[[26147,0],[26149,0],[26404,0],[25892,0],]]
[26149,16,25,[[26150,0],[26148,0],[26405,0],[26404,0],[25893,0],]]
[26150,11,25,[[26149,0],[26151,0],[26406,0],[25894,0],]]
[26151,9,25,[[26152,0],[26150,0],[26407,0],[26406,0],[25895,0],]]
[26152,18,25,[[26151,0],[26153,0],[26408,0],[25896,0],]]
[26153,19,25,[[26154,0],[26152,0],[26409,0],[26408,0],[25897,0],]]
[26154,11,25,[[26153,0],[26155,0],[26410,0],[25898,0],]]
[26155,11,25,[[26156,0],[26154,0],[26411,0],[26410,0],[25899,0],]]
[26156,12,25,[[26155,0],[26157,0],[26412,0],[25900,0],]]
[26157,7,25,[[26158,0],[26156,0],[26413,0],[26412,0],[25901,0],]]
[26158,19,25,[[26157,0],[26159,0],[26414,0],[25902,0],]]
[26159,3,25,[[26160,0],[26158,0],[26415,0],[26414,0],[25903,0],]]
[26160,6,25,[[26159,0],[26161,0],[26416,0],[25904,0],]]
[26161,4,25,[[26162,0],[26160,0],[26417,0],[26416,0],[25905,0],]]
[26162,16,25,[[26161,0],[26163,0],[26418,0],[25906,0],]]
[26163,6,25,[[26164,0],[26162,0],[26419,0],[26418,0],[25907,0],]]
[26164,14,25,[[26163,0],[26165,0],[26420,0],[25908,0],]]
[26165,7,25,[[26166,0],[26164,0],[26421,0],[26420,0],[25909,0],]]
[26166,16,25,[[26165,0],[26167,0],[26422,0],[25910,0],]]
[26167,11,25,[[26168,0],[26166,0],[26423,0],[26422,0],[25911,0],]]
[26168,12,25,[[26167,0],[26169,0],[26424,0],[25912,0],]]
[26169,9,25,[[26170,0],[26168,0],[26425,0],[26424,0],[25913,0],]]
[26170,11,25,[[26169,0],[26171,0],[26426,0],[25914,0],]]
[26171,12,25,[[26172,0],[26170,0],[26427,0],[26426,0],[25915,0],]]
[26172,16,25,[[26171,0],[26173,0],[26428,0],[25916,0],]]
[26173,5,25,[[26174,0],[26172,0],[26429,0],[26428,0],[25917,0],]]
[26174,6,25,[[26173,0],[26175,0],[26430,0],[25918,0],]]
[26175,6,25,[[26176,0],[26174,0],[26431,0],[26430,0],[25919,0],]]
[26176,1,26,[[26175,0],[26177,0],[26432,0],[25920,0],]]
[26177,2,26,[[26178,0],[26176,0],[26433,0],[26432,0],[25921,0],]]
[26178,11,26,[[26177,0],[26179,0],[26434,0],[25922,0],]]
[26179,4,26,[[26180,0],[26178,0],[26435,0],[26434,0],[25923,0],]]
[26180,9,26,[[26179,0],[26181,0],[26436,0],[25924,0],]]
[26181,8,26,[[26182,0],[26180,0],[26437,0],[26436,0],[25925,0],]]
[26182,14,26,[[26181,0],[26183,0],[26438,0],[25926,0],]]
[26183,9,26,[[26184,0],[26182,0],[26439,0],[26438,0],[25927,0],]]
[26184,10,26,[[26183,0],[26185,0],[26440,0],[25928,0],]]
[26185,6,26,[[26186,0],[26184,0],[26441,0],[26440,0],[25929,0],]]
[26186,19,26,[[26185,0],[26187,0],[26442,0],[25930,0],]]
[26187,8,26,[[26188,0],[26186,0],[26443,0],[26442,0],[25931,0],]]
[26188,7,26,[[26187,0],[26189,0],[26444,0],[25932,0],]]
[26189,13,26,[[26190,0],[26188,0],[26445,0],[26444,0],[25933,0],]]
[26190,13,26,[[26189,0],[26191,0],[26446,0],[25934,0],]]
[26191,1,26,[[26192,0],[26190,0],[26447,0],[26446,0],[25935,0],]]
[26192,8,26,[[26191,0],[26193,0],[26448,0],[25936,0],]]
[26193,14,26,[[26194,0],[26192,0],[26449,0],[26448,0],[25937,0],]]
[26194,14,26,[[26193,0],[26195,0],[26450,0],[25938,0],]]
[26195,7,26,[[26196,0],[26194,0],[26451,0],[26450,0],[25939,0],]]
[26196,11,26,[[26195,0],[26197,0],[26452,0],[25940,0],]]
[26197,2,26,[[26198,0],[26196,0],[26453,0],[26452,0],[25941,0],]]
[26198,16,26,[[26197,0],[26199,0],[26454,0],[25942,0],]]
[26199,16,26,[[26200,0],[26198,0],[26455,0],[26454,0],[25943,0],]]
[26200,15,26,[[26199,0],[26201,0],[26456,0],[25944,0],]]
[26201,8,26,[[26202,0],[26200,0],[26457,0],[26456,0],[25945,0],]]
[26202,6,26,[[26201,0],[26203,0],[26458,0],[25946,0],]]
[26203,4,26,[[26204,0],[26202,0],[26459,0],[26458,0],[25947,0],]]
[26204,7,26,[[26203,0],[26205,0],[26460,0],[25948,0],]]
[26205,18,26,[[26206,0],[26204,0],[26461,0],[26460,0],[25949,0],]]
[26206,1,26,[[26205,0],[26207,0],[26462,0],[25950,0],]]
[26207,7,26,[[26208,0],[26206,0],[26463,0],[26462,0],[25951,0],]]
[26208,8,27,[[26207,0],[26209,0],[26464,0],[25952,0],]]
[26209,18,27,[[26210,0],[26208,0],[26465,0],[26464,0],[25953,0],]]
[26210,9,27,[[26209,0],[26211,0],[26466,0],[25954,0],]]
[26211,9,27,[[26212,0],[26210,0],[26467,0],[26466,0],[25955,0],]]
[26212,5,27,[[26211,0],[26213,0],[26468,0],[25956,0],]]
[26213,2,27,[[26214,0],[26212,0],[26469,0],[26468,0],[25957,0],]]
