[19660,18,22,[[19659,0],[19661,0],[19916,0],[19404,0],]]
[19661,7,22,[[19662,0],[19660,0],[19917,0],[19916,0],[19405,0],]]
[19662,13,22,[[19661,0],[19663,0],[19918,0],[19406,0],]]
[19663,14,22,[[19664,0],[19662,0],[19919,0],[19918,0],[19407,0],]]
[19664,13,22,[[19663,0],[19665,0],[19920,0],[19408,0],]]
[19665,8,22,[[19666,0],[19664,0],[19921,0],[19920,0],[19409,0],]]
[19666,13,22,[[19665,0],[19667,0],[19922,0],[19410,0],]]
[19667,7,22,[[19668,0],[19666,0],[19923,0],[19922,0],[19411,0],]]
[19668,14,22,[[19667,0],[19669,0],[19924,0],[19412,0],]]
[19669,6,22,[[19670,0],[19668,0],[19925,0],[19924,0],[19413,0],]]
[19670,8,22,[[19669,0],[19671,0],[19926,0],[19414,0],]]
[19671,9,22,[[19672,0],[19670,0],[19927,0],[19926,0],[19415,0],]]
[19672,16,22,[[19671,0],[19673,0],[19928,0],[19416,0],]]
[19673,15,22,[[19674,0],[19672,0],[19929,0],[19928,0],[19417,0],]]
[19674,10,22,[[19673,0],[19675,0],[19930,0],[19418,0],]]
[19675,3,22,[[19676,0],[19674,0],[19931,0],[19930,0],[19419,0],]]
[19676,7,22,[[19675,0],[19677,0],[19932,0],[19420,0],]]
[19677,19,22,[[19678,0],[19676,0],[19933,0],[19932,0],[19421,0],]]
[19678,10,22,[[19677,0],[19679,0],[19934,0],[19422,0],]]
[19679,13,22,[[19680,0],[19678,0],[19935,0],[19934,0],[19423,0],]]
[19680,6,23,[[19679,0],[19681,0],[19936,0],[19424,0],]]
[19681,8,23,[[19682,0],[19680,0],[19937,0],[19936,0],[19425,0],]]
[19682,9,23,[[19681,0],[19683,0],[19938,0],[19426,0],]]
[19683,16,23,[[19684,0],[19682,0],[19939,0],[19938,0],[19427,0],]]
[19684,6,23,[[19683,0],[19685,0],[19940,0],[19428,0],]]
[19685,6,23,[[19686,0],[19684,0],[19941,0],[19940,0],[19429,0],]]
[19686,5,23,[[19685,0],[19687,0],[19942,0],[19430,0],]]
[19687,7,23,[[19688,0],[19686,0],[19943,0],[19942,0],[19431,0],]]
[19688,17,23,[[19687,0],[19689,0],[19944,0],[19432,0],]]
[19689,13,23,[[19690,0],[19688,0],[19945,0],[19944,0],[19433,0],]]
[19690,2,23,[[19689,0],[19691,0],[19946,0],[19434,0],]]
[19691,2,23,[[19692,0],[19690,0],[19947,0],[19946,0],[19435,0],]]
[19692,13,23,[[19691,0],[19693,0],[19948,0],[19436,0],]]
[19693,1,23,[[19694,0],[19692,0],[19949,0],[19948,0],[19437,0],]]
[19694,8,23,[[19693,0],[19695,0],[19950,0],[19438,0],]]
[19695,5,23,[[19696,0],[19694,0],[19951,0],[19950,0],[19439,0],]]
[19696,11,23,[[19695,0],[19697,0],[19952,0],[19440,0],]]
[19697,17,23,[[19698,0],[19696,0],[19953,0],[19952,0],[19441,0],]]
[19698,16,23,[[19697,0],[19699,0],[19954,0],[19442,0],]]
[19699,10,23,[[19700,0],[19698,0],[19955,0],[19954,0],[19443,0],]]
[19700,7,23,[[19699,0],[19701,0],[19956,0],[19444,0],]]
[19701,6,23,[[19702,0],[19700,0],[19957,0],[19956,0],[19445,0],]]
[19702,16,23,[[19701,0],[19703,0],[19958,0],[19446,0],]]
[19703,7,23,[[19704,0],[19702,0],[19959,0],[19958,0],[19447,0],]]
[19704,2,23,[[19703,0],[19705,0],[19960,0],[19448,0],]]
[19705,2,23,[[19706,0],[19704,0],[19961,0],[19960,0],[19449,0],]]
[19706,13,23,[[19705,0],[19707,0],[19962,0],[19450,0],]]
[19707,12,23,[[19708,0],[19706,0],[19963,0],[19962,0],[19451,0],]]
[19708,5,23,[[19707,0],[19709,0],[19964,0],[19452,0],]]
[19709,9,23,[[19710,0],[19708,0],[19965,0],[19964,0],[19453,0],]]
[19710,5,23,[[19709,0],[19711,0],[19966,0],[19454,0],]]
[19711,10,23,[[19710,0],[19967,0],[19966,0],[19455,0],]]
[19712,19,16,[[19713,0],[19456,0],[19457,0],[19968,0],]]
[19713,2,16,[[19714,0],[19712,0],[19457,0],[19969,0],]]
[19714,9,16,[[19713,0],[19715,0],[19458,0],[19459,0],[19970,0],]]
[19715,13,16,[[19716,0],[19714,0],[19459,0],[19971,0],]]
[19716,7,16,[[19715,0],[19717,0],[19460,0],[19461,0],[19972,0],]]
[19717,6,16,[[19718,0],[19716,0],[19461,0],[19973,0],]]
[19718,17,16,[[19717,0],[19719,0],[19462,0],[19463,0],[19974,0],]]
[19719,14,16,[[19720,0],[19718,0],[19463,0],[19975,0],]]
[19720,18,16,[[19719,0],[19721,0],[19464,0],[19465,0],[19976,0],]]
[19721,7,16,[[19722,0],[19720,0],[19465,0],[19977,0],]]
[19722,3,16,[[19721,0],[19723,0],[19466,0],[19467,0],[19978,0],]]
[19723,10,16,[[19724,0],[19722,0],[19467,0],[19979,0],]]
[19724,4,16,[[19723,0],[19725,0],[19468,0],[19469,0],[19980,0],]]
[19725,15,16,[[19726,0],[19724,0],[19469,0],[19981,0],]]
[19726,11,16,[[19725,0],[19727,0],[19470,0],[19471,0],[19982,0],]]
[19727,11,16,[[19728,0],[19726,0],[19471,0],[19983,0],]]
[19728,10,16,[[19727,0],[19729,0],[19472,0],[19473,0],[19984,0],]]
[19729,15,16,[[19730,0],[19728,0],[19473,0],[19985,0],]]
[19730,15,16,[[19729,0],[19731,0],[19474,0],[19475,0],[19986,0],]]
[19731,13,16,[[19732,0],[19730,0],[19475,0],[19987,0],]]
[19732,18,16,[[19731,0],[19733,0],[19476,0],[19477,0],[19988,0],]]
[19733,13,16,[[19734,0],[19732,0],[19477,0],[19989,0],]]
[19734,7,16,[[19733,0],[19735,0],[19478,0],[19479,0],[19990,0],]]
[19735,13,16,[[19736,0],[19734,0],[19479,0],[19991,0],]]
[19736,19,16,[[19735,0],[19737,0],[19480,0],[19481,0],[19992,0],]]
[19737,8,16,[[19738,0],[19736,0],[19481,0],[19993,0],]]
[19738,9,16,[[19737,0],[19739,0],[19482,0],[19483,0],[19994,0],]]
[19739,12,16,[[19740,0],[19738,0],[19483,0],[19995,0],]]
[19740,18,16,[[19739,0],[19741,0],[19484,0],[19485,0],[19996,0],]]
[19741,18,16,[[19742,0],[19740,0],[19485,0],[19997,0],]]
[19742,17,16,[[19741,0],[19743,0],[19486,0],[19487,0],[19998,0],]]
[19743,18,16,[[19744,0],[19742,0],[19487,0],[19999,0],]]
[19744,7,17,[[19743,0],[19745,0],[19488,0],[19489,0],[20000,0],]]
[19745,4,17,[[19746,0],[19744,0],[19489,0],[20001,0],]]
[19746,14,17,[[19745,0],[19747,0],[19490,0],[19491,0],[20002,0],]]
[19747,7,17,[[19748,0],[19746,0],[19491,0],[20003,0],]]
[19748,11,17,[[19747,0],[19749,0],[19492,0],[19493,0],[20004,0],]]
[19749,5,17,[[19750,0],[19748,0],[19493,0],[20005,0],]]
[19750,19,17,[[19749,0],[19751,0],[19494,0],[19495,0],[20006,0],]]
[19751,16,17,[[19752,0],[19750,0],[19495,0],[20007,0],]]
[19752,16,17,[[19751,0],[19753,0],[19496,0],[19497,0],[20008,0],]]
[19753,1,17,[[19754,0],[19752,0],[19497,0],[20009,0],]]
[19754,11,17,[[19753,0],[19755,0],[19498,0],[19499,0],[20010,0],]]
[19755,9,17,[[19756,0],[19754,0],[19499,0],[20011,0],]]
[19756,7,17,[[19755,0],[19757,0],[19500,0],[19501,0],[20012,0],]]
[19757,2,17,[[19758,0],[19756,0],[19501,0],[20013,0],]]
[19758,3,17,[[19757,0],[19759,0],[19502,0],[19503,0],[20014,0],]]
[19759,4,17,[[19760,0],[19758,0],[19503,0],[20015,0],]]
[19760,15,17,[[19759,0],[19761,0],[19504,0],[19505,0],[20016,0],]]
[19761,14,17,[[19762,0],[19760,0],[19505,0],[20017,0],]]
[19762,3,17,[[19761,0],[19763,0],[19506,0],[19507,0],[20018,0],]]
[19763,18,17,[[19764,0],[19762,0],[19507,0],[20019,0],]]
[19764,14,17,[[19763,0],[19765,0],[19508,0],[19509,0],[20020,0],]]
[19765,5,17,[[19766,0],[19764,0],[19509,0],[20021,0],]]
[19766,13,17,[[19765,0],[19767,0],[19510,0],[19511,0],[20022,0],]]
[19767,15,17,[[19768,0],[19766,0],[19511,0],[20023,0],]]
[19768,12,17,[[19767,0],[19769,0],[19512,0],[19513,0],[20024,0],]]
[19769,16,17,[[19770,0],[19768,0],[19513,0],[20025,0],]]
[19770,5,17,[[19769,0],[19771,0],[19514,0],[19515,0],[20026,0],]]
[19771,11,17,[[19772,0],[19770,0],[19515,0],[20027,0],]]
[19772,8,17,[[19771,0],[19773,0],[19516,0],[19517,0],[20028,0],]]
[19773,5,17,[[19774,0],[19772,0],[19517,0],[20029,0],]]
[19774,1,17,[[19773,0],[19775,0],[19518,0],[19519,0],[20030,0],]]
[19775,17,17,[[19776,0],[19774,0],[19519,0],[20031,0],]]
[19776,18,18,[[19775,0],[19777,0],[19520,0],[19521,0],[20032,0],]]
[19777,15,18,[[19778,0],[19776,0],[19521,0],[20033,0],]]
[19778,4,18,[[19777,0],[19779,0],[19522,0],[19523,0],[20034,0],]]
[19779,14,18,[[19780,0],[19778,0],[19523,0],[20035,0],]]
[19780,14,18,[[19779,0],[19781,0],[19524,0],[19525,0],[20036,0],]]
[19781,3,18,[[19782,0],[19780,0],[19525,0],[20037,0],]]
[19782,17,18,[[19781,0],[19783,0],[19526,0],[19527,0],[20038,0],]]
[19783,1,18,[[19784,0],[19782,0],[19527,0],[20039,0],]]
[19784,15,18,[[19783,0],[19785,0],[19528,0],[19529,0],[20040,0],]]
[19785,8,18,[[19786,0],[19784,0],[19529,0],[20041,0],]]
[19786,19,18,[[19785,0],[19787,0],[19530,0],[19531,0],[20042,0],]]
[19787,17,18,[[19788,0],[19786,0],[19531,0],[20043,0],]]
[19788,1,18,[[19787,0],[19789,0],[19532,0],[19533,0],[20044,0],]]
[19789,19,18,[[19790,0],[19788,0],[19533,0],[20045,0],]]
[19790,6,18,[[19789,0],[19791,0],[19534,0],[19535,0],[20046,0],]]
[19791,1,18,[[19792,0],[19790,0],[19535,0],[20047,0],]]
[19792,12,18,[[19791,0],[19793,0],[19536,0],[19537,0],[20048,0],]]
[19793,8,18,[[19794,0],[19792,0],[19537,0],[20049,0],]]
[19794,11,18,[[19793,0],[19795,0],[19538,0],[19539,0],[20050,0],]]
[19795,1,18,[[19796,0],[19794,0],[19539,0],[20051,0],]]
[19796,6,18,[[19795,0],[19797,0],[19540,0],[19541,0],[20052,0],]]
[19797,8,18,[[19798,0],[19796,0],[19541,0],[20053,0],]]
[19798,5,18,[[19797,0],[19799,0],[19542,0],[19543,0],[20054,0],]]
[19799,11,18,[[19800,0],[19798,0],[19543,0],[20055,0],]]
[19800,16,18,[[19799,0],[19801,0],[19544,0],[19545,0],[20056,0],]]
[19801,18,18,[[19802,0],[19800,0],[19545,0],[20057,0],]]
[19802,14,18,[[19801,0],[19803,0],[19546,0],[19547,0],[20058,0],]]
[19803,6,18,[[19804,0],[19802,0],[19547,0],[20059,0],]]
[19804,8,18,[[19803,0],[19805,0],[19548,0],[19549,0],[20060,0],]]
[19805,17,18,[[19806,0],[19804,0],[19549,0],[20061,0],]]
[19806,2,18,[[19805,0],[19807,0],[19550,0],[19551,0],[20062,0],]]
[19807,19,18,[[19808,0],[19806,0],[19551,0],[20063,0],]]
[19808,17,19,[[19807,0],[19809,0],[19552,0],[19553,0],[20064,0],]]
[19809,7,19,[[19810,0],[19808,0],[19553,0],[20065,0],]]
[19810,17,19,[[19809,0],[19811,0],[19554,0],[19555,0],[20066,0],]]
[19811,6,19,[[19812,0],[19810,0],[19555,0],[20067,0],]]
[19812,17,19,[[19811,0],[19813,0],[19556,0],[19557,0],[20068,0],]]
[19813,16,19,[[19814,0],[19812,0],[19557,0],[20069,0],]]
[19814,8,19,[[19813,0],[19815,0],[19558,0],[19559,0],[20070,0],]]
[19815,4,19,[[19816,0],[19814,0],[19559,0],[20071,0],]]
[19816,1,19,[[19815,0],[19817,0],[19560,0],[19561,0],[20072,0],]]
[19817,10,19,[[19818,0],[19816,0],[19561,0],[20073,0],]]
[19818,17,19,[[19817,0],[19819,0],[19562,0],[19563,0],[20074,0],]]
[19819,19,19,[[19820,0],[19818,0],[19563,0],[20075,0],]]
[19820,6,19,[[19819,0],[19821,0],[19564,0],[19565,0],[20076,0],]]
[19821,14,19,[[19822,0],[19820,0],[19565,0],[20077,0],]]
[19822,6,19,[[19821,0],[19823,0],[19566,0],[19567,0],[20078,0],]]
[19823,1,19,[[19824,0],[19822,0],[19567,0],[20079,0],]]
[19824,12,19,[[19823,0],[19825,0],[19568,0],[19569,0],[20080,0],]]
[19825,7,19,[[19826,0],[19824,0],[19569,0],[20081,0],]]
[19826,4,19,[[19825,0],[19827,0],[19570,0],[19571,0],[20082,0],]]
[19827,16,19,[[19828,0],[19826,0],[19571,0],[20083,0],]]
[19828,8,19,[[19827,0],[19829,0],[19572,0],[19573,0],[20084,0],]]
[19829,4,19,[[19830,0],[19828,0],[19573,0],[20085,0],]]
[19830,4,19,[[19829,0],[19831,0],[19574,0],[19575,0],[20086,0],]]
[19831,1,19,[[19832,0],[19830,0],[19575,0],[20087,0],]]
[19832,1,19,[[19831,0],[19833,0],[19576,0],[19577,0],[20088,0],]]
[19833,17,19,[[19834,0],[19832,0],[19577,0],[20089,0],]]
[19834,13,19,[[19833,0],[19835,0],[19578,0],[19579,0],[20090,0],]]
[19835,19,19,[[19836,0],[19834,0],[19579,0],[20091,0],]]
[19836,13,19,[[19835,0],[19837,0],[19580,0],[19581,0],[20092,0],]]
[19837,6,19,[[19838,0],[19836,0],[19581,0],[20093,0],]]
[19838,17,19,[[19837,0],[19839,0],[19582,0],[19583,0],[20094,0],]]
[19839,12,19,[[19840,0],[19838,0],[19583,0],[20095,0],]]
[19840,11,20,[[19839,0],[19841,0],[19584,0],[19585,0],[20096,0],]]
[19841,9,20,[[19842,0],[19840,0],[19585,0],[20097,0],]]
[19842,15,20,[[19841,0],[19843,0],[19586,0],[19587,0],[20098,0],]]
[19843,13,20,[[19844,0],[19842,0],[19587,0],[20099,0],]]
[19844,10,20,[[19843,0],[19845,0],[19588,0],[19589,0],[20100,0],]]
[19845,5,20,[[19846,0],[19844,0],[19589,0],[20101,0],]]
[19846,1,20,[[19845,0],[19847,0],[19590,0],[19591,0],[20102,0],]]
[19847,7,20,[[19848,0],[19846,0],[19591,0],[20103,0],]]
[19848,13,20,[[19847,0],[19849,0],[19592,0],[19593,0],[20104,0],]]
[19849,17,20,[[19850,0],[19848,0],[19593,0],[20105,0],]]
[19850,6,20,[[19849,0],[19851,0],[19594,0],[19595,0],[20106,0],]]
[19851,11,20,[[19852,0],[19850,0],[19595,0],[20107,0],]]
[19852,6,20,[[19851,0],[19853,0],[19596,0],[19597,0],[20108,0],]]
[19853,12,20,[[19854,0],[19852,0],[19597,0],[20109,0],]]
[19854,10,20,[[19853,0],[19855,0],[19598,0],[19599,0],[20110,0],]]
[19855,1,20,[[19856,0],[19854,0],[19599,0],[20111,0],]]
[19856,3,20,[[19855,0],[19857,0],[19600,0],[19601,0],[20112,0],]]
[19857,18,20,[[19858,0],[19856,0],[19601,0],[20113,0],]]
[19858,11,20,[[19857,0],[19859,0],[19602,0],[19603,0],[20114,0],]]
[19859,14,20,[[19860,0],[19858,0],[19603,0],[20115,0],]]
[19860,3,20,[[19859,0],[19861,0],[19604,0],[19605,0],[20116,0],]]
[19861,11,20,[[19862,0],[19860,0],[19605,0],[20117,0],]]
[19862,5,20,[[19861,0],[19863,0],[19606,0],[19607,0],[20118,0],]]
[19863,19,20,[[19864,0],[19862,0],[19607,0],[20119,0],]]
[19864,13,20,[[19863,0],[19865,0],[19608,0],[19609,0],[20120,0],]]
[19865,9,20,[[19866,0],[19864,0],[19609,0],[20121,0],]]
[19866,18,20,[[19865,0],[19867,0],[19610,0],[19611,0],[20122,0],]]
[19867,15,20,[[19868,0],[19866,0],[19611,0],[20123,0],]]
[19868,3,20,[[19867,0],[19869,0],[19612,0],[19613,0],[20124,0],]]
[19869,7,20,[[19870,0],[19868,0],[19613,0],[20125,0],]]
[19870,3,20,[[19869,0],[19871,0],[19614,0],[19615,0],[20126,0],]]
[19871,9,20,[[19872,0],[19870,0],[19615,0],[20127,0],]]
[19872,4,21,[[19871,0],[19873,0],[19616,0],[19617,0],[20128,0],]]
[19873,10,21,[[19874,0],[19872,0],[19617,0],[20129,0],]]
[19874,17,21,[[19873,0],[19875,0],[19618,0],[19619,0],[20130,0],]]
[19875,15,21,[[19876,0],[19874,0],[19619,0],[20131,0],]]
[19876,1,21,[[19875,0],[19877,0],[19620,0],[19621,0],[20132,0],]]
[19877,8,21,[[19878,0],[19876,0],[19621,0],[20133,0],]]
[19878,19,21,[[19877,0],[19879,0],[19622,0],[19623,0],[20134,0],]]
[19879,16,21,[[19880,0],[19878,0],[19623,0],[20135,0],]]
[19880,4,21,[[19879,0],[19881,0],[19624,0],[19625,0],[20136,0],]]
[19881,18,21,[[19882,0],[19880,0],[19625,0],[20137,0],]]
[19882,1,21,[[19881,0],[19883,0],[19626,0],[19627,0],[20138,0],]]
[19883,10,21,[[19884,0],[19882,0],[19627,0],[20139,0],]]
[19884,3,21,[[19883,0],[19885,0],[19628,0],[19629,0],[20140,0],]]
[19885,10,21,[[19886,0],[19884,0],[19629,0],[20141,0],]]
[19886,5,21,[[19885,0],[19887,0],[19630,0],[19631,0],[20142,0],]]
[19887,13,21,[[19888,0],[19886,0],[19631,0],[20143,0],]]
[19888,19,21,[[19887,0],[19889,0],[19632,0],[19633,0],[20144,0],]]
[19889,8,21,[[19890,0],[19888,0],[19633,0],[20145,0],]]
[19890,13,21,[[19889,0],[19891,0],[19634,0],[19635,0],[20146,0],]]
[19891,3,21,[[19892,0],[19890,0],[19635,0],[20147,0],]]
[19892,9,21,[[19891,0],[19893,0],[19636,0],[19637,0],[20148,0],]]
[19893,19,21,[[19894,0],[19892,0],[19637,0],[20149,0],]]
[19894,12,21,[[19893,0],[19895,0],[19638,0],[19639,0],[20150,0],]]
[19895,4,21,[[19896,0],[19894,0],[19639,0],[20151,0],]]
[19896,12,21,[[19895,0],[19897,0],[19640,0],[19641,0],[20152,0],]]
[19897,16,21,[[19898,0],[19896,0],[19641,0],[20153,0],]]
[19898,14,21,[[19897,0],[19899,0],[19642,0],[19643,0],[20154,0],]]
[19899,9,21,[[19900,0],[19898,0],[19643,0],[20155,0],]]
[19900,4,21,[[19899,0],[19901,0],[19644,0],[19645,0],[20156,0],]]
[19901,9,21,[[19902,0],[19900,0],[19645,0],[20157,0],]]
[19902,17,21,[[19901,0],[19903,0],[19646,0],[19647,0],[20158,0],]]
[19903,2,21,[[19904,0],[19902,0],[19647,0],[20159,0],]]
[19904,17,22,[[19903,0],[19905,0],[19648,0],[19649,0],[20160,0],]]
[19905,1,22,[[19906,0],[19904,0],[19649,0],[20161,0],]]
[19906,17,22,[[19905,0],[19907,0],[19650,0],[19651,0],[20162,0],]]
[19907,13,22,[[19908,0],[19906,0],[19651,0],[20163,0],]]
[19908,19,22,[[19907,0],[19909,0],[19652,0],[19653,0],[20164,0],]]
[19909,18,22,[[19910,0],[19908,0],[19653,0],[20165,0],]]
[19910,16,22,[[19909,0],[19911,0],[19654,0],[19655,0],[20166,0],]]
[19911,11,22,[[19912,0],[19910,0],[19655,0],[20167,0],]]
[19912,18,22,[[19911,0],[19913,0],[19656,0],[19657,0],[20168,0],]]
[19913,18,22,[[19914,0],[19912,0],[19657,0],[20169,0],]]
[19914,11,22,[[19913,0],[19915,0],[19658,0],[19659,0],[20170,0],]]
[19915,3,22,[[19916,0],[19914,0],[19659,0],[20171,0],]]
[19916,9,22,[[19915,0],[19917,0],[19660,0],[19661,0],[20172,0],]]
[19917,3,22,[[19918,0],[19916,0],[19661,0],[20173,0],]]
[19918,1,22,[[19917,0],[19919,0],[19662,0],[19663,0],[20174,0],]]
[19919,3,22,[[19920,0],[19918,0],[19663,0],[20175,0],]]
[19920,2,22,[[19919,0],[19921,0],[19664,0],[19665,0],[20176,0],]]
[19921,4,22,[[19922,0],[19920,0],[19665,0],[20177,0],]]
[19922,10,22,[[19921,0],[19923,0],[19666,0],[19667,0],[20178,0],]]
[19923,7,22,[[19924,0],[19922,0],[19667,0],[20179,0],]]
[19924,7,22,[[19923,0],[19925,0],[19668,0],[19669,0],[20180,0],]]
[19925,12,22,[[19926,0],[19924,0],[19669,0],[20181,0],]]
[19926,11,22,[[19925,0],[19927,0],[19670,0],[19671,0],[20182,0],]]
[19927,16,22,[[19928,0],[19926,0],[19671,0],[20183,0],]]
[19928,14,22,[[19927,0],[19929,0],[19672,0],[19673,0],[20184,0],]]
[19929,1,22,[[19930,0],[19928,0],[19673,0],[20185,0],]]
[19930,1,22,[[19929,0],[19931,0],[19674,0],[19675,0],[20186,0],]]
[19931,19,22,[[19932,0],[19930,0],[19675,0],[20187,0],]]
[19932,7,22,[[19931,0],[19933,0],[19676,0],[19677,0],[20188,0],]]
[19933,11,22,[[19934,0],[19932,0],[19677,0],[20189,0],]]
[19934,6,22,[[19933,0],[19935,0],[19678,0],[19679,0],[20190,0],]]
[19935,19,22,[[19936,0],[19934,0],[19679,0],[20191,0],]]
[19936,10,23,[[19935,0],[19937,0],[19680,0],[19681,0],[20192,0],]]
[19937,13,23,[[19938,0],[19936,0],[19681,0],[20193,0],]]
[19938,11,23,[[19937,0],[19939,0],[19682,0],[19683,0],[20194,0],]]
[19939,6,23,[[19940,0],[19938,0],[19683,0],[20195,0],]]
[19940,1,23,[[19939,0],[19941,0],[19684,0],[19685,0],[20196,0],]]
[19941,18,23,[[19942,0],[19940,0],[19685,0],[20197,0],]]
[19942,16,23,[[19941,0],[19943,0],[19686,0],[19687,0],[20198,0],]]
[19943,8,23,[[19944,0],[19942,0],[19687,0],[20199,0],]]
[19944,17,23,[[19943,0],[19945,0],[19688,0],[19689,0],[20200,0],]]
[19945,1,23,[[19946,0],[19944,0],[19689,0],[20201,0],]]
[19946,7,23,[[19945,0],[19947,0],[19690,0],[19691,0],[20202,0],]]
[19947,10,23,[[19948,0],[19946,0],[19691,0],[20203,0],]]
[19948,2,23,[[19947,0],[19949,0],[19692,0],[19693,0],[20204,0],]]
[19949,4,23,[[19950,0],[19948,0],[19693,0],[20205,0],]]
[19950,8,23,[[19949,0],[19951,0],[19694,0],[19695,0],[20206,0],]]
[19951,6,23,[[19952,0],[19950,0],[19695,0],[20207,0],]]
[19952,5,23,[[19951,0],[19953,0],[19696,0],[19697,0],[20208,0],]]
[19953,4,23,[[19954,0],[19952,0],[19697,0],[20209,0],]]
[19954,18,23,[[19953,0],[19955,0],[19698,0],[19699,0],[20210,0],]]
[19955,4,23,[[19956,0],[19954,0],[19699,0],[20211,0],]]
[19956,6,23,[[19955,0],[19957,0],[19700,0],[19701,0],[20212,0],]]
[19957,5,23,[[19958,0],[19956,0],[19701,0],[20213,0],]]
[19958,7,23,[[19957,0],[19959,0],[19702,0],[19703,0],[20214,0],]]
[19959,8,23,[[19960,0],[19958,0],[19703,0],[20215,0],]]
[19960,14,23,[[19959,0],[19961,0],[19704,0],[19705,0],[20216,0],]]
[19961,10,23,[[19962,0],[19960,0],[19705,0],[20217,0],]]
[19962,11,23,[[19961,0],[19963,0],[19706,0],[19707,0],[20218,0],]]
[19963,14,23,[[19964,0],[19962,0],[19707,0],[20219,0],]]
[19964,3,23,[[19963,0],[19965,0],[19708,0],[19709,0],[20220,0],]]
[19965,6,23,[[19966,0],[19964,0],[19709,0],[20221,0],]]
[19966,7,23,[[19965,0],[19967,0],[19710,0],[19711,0],[20222,0],]]
[19967,14,23,[[19966,0],[19711,0],[20223,0],]]
[19968,13,16,[[19969,0],[20224,0],[19712,0],]]
[19969,8,16,[[19970,0],[19968,0],[20225,0],[20224,0],[19713,0],]]
[19970,15,16,[[19969,0],[19971,0],[20226,0],[19714,0],]]
[19971,12,16,[[19972,0],[19970,0],[20227,0],[20226,0],[19715,0],]]
[19972,5,16,[[19971,0],[19973,0],[20228,0],[19716,0],]]
[19973,4,16,[[19974,0],[19972,0],[20229,0],[20228,0],[19717,0],]]
[19974,12,16,[[19973,0],[19975,0],[20230,0],[19718,0],]]
[19975,13,16,[[19976,0],[19974,0],[20231,0],[20230,0],[19719,0],]]
[19976,8,16,[[19975,0],[19977,0],[20232,0],[19720,0],]]
[19977,3,16,[[19978,0],[19976,0],[20233,0],[20232,0],[19721,0],]]
[19978,5,16,[[19977,0],[19979,0],[20234,0],[19722,0],]]
[19979,7,16,[[19980,0],[19978,0],[20235,0],[20234,0],[19723,0],]]
[19980,3,16,[[19979,0],[19981,0],[20236,0],[19724,0],]]
[19981,18,16,[[19982,0],[19980,0],[20237,0],[20236,0],[19725,0],]]
[19982,9,16,[[19981,0],[19983,0],[20238,0],[19726,0],]]
[19983,18,16,[[19984,0],[19982,0],[20239,0],[20238,0],[19727,0],]]
[19984,3,16,[[19983,0],[19985,0],[20240,0],[19728,0],]]
[19985,5,16,[[19986,0],[19984,0],[20241,0],[20240,0],[19729,0],]]
[19986,12,16,[[19985,0],[19987,0],[20242,0],[19730,0],]]
[19987,11,16,[[19988,0],[19986,0],[20243,0],[20242,0],[19731,0],]]
[19988,14,16,[[19987,0],[19989,0],[20244,0],[19732,0],]]
[19989,17,16,[[19990,0],[19988,0],[20245,0],[20244,0],[19733,0],]]
[19990,5,16,[[19989,0],[19991,0],[20246,0],[19734,0],]]
[19991,11,16,[[19992,0],[19990,0],[20247,0],[20246,0],[19735,0],]]
[19992,14,16,[[19991,0],[19993,0],[20248,0],[19736,0],]]
[19993,4,16,[[19994,0],[19992,0],[20249,0],[20248,0],[19737,0],]]
[19994,10,16,[[19993,0],[19995,0],[20250,0],[19738,0],]]
[19995,13,16,[[19996,0],[19994,0],[20251,0],[20250,0],[19739,0],]]
[19996,19,16,[[19995,0],[19997,0],[20252,0],[19740,0],]]
[19997,2,16,[[19998,0],[19996,0],[20253,0],[20252,0],[19741,0],]]
[19998,12,16,[[19997,0],[19999,0],[20254,0],[19742,0],]]
[19999,16,16,[[20000,0],[19998,0],[20255,0],[20254,0],[19743,0],]]
[20000,9,17,[[19999,0],[20001,0],[20256,0],[19744,0],]]
[20001,13,17,[[20002,0],[20000,0],[20257,0],[20256,0],[19745,0],]]
[20002,7,17,[[20001,0],[20003,0],[20258,0],[19746,0],]]
[20003,14,17,[[20004,0],[20002,0],[20259,0],[20258,0],[19747,0],]]
[20004,2,17,[[20003,0],[20005,0],[20260,0],[19748,0],]]
[20005,4,17,[[20006,0],[20004,0],[20261,0],[20260,0],[19749,0],]]
[20006,2,17,[[20005,0],[20007,0],[20262,0],[19750,0],]]
[20007,18,17,[[20008,0],[20006,0],[20263,0],[20262,0],[19751,0],]]
[20008,18,17,[[20007,0],[20009,0],[20264,0],[19752,0],]]
[20009,14,17,[[20010,0],[20008,0],[20265,0],[20264,0],[19753,0],]]
[20010,13,17,[[20009,0],[20011,0],[20266,0],[19754,0],]]
[20011,17,17,[[20012,0],[20010,0],[20267,0],[20266,0],[19755,0],]]
[20012,11,17,[[20011,0],[20013,0],[20268,0],[19756,0],]]
[20013,18,17,[[20014,0],[20012,0],[20269,0],[20268,0],[19757,0],]]
[20014,10,17,[[20013,0],[20015,0],[20270,0],[19758,0],]]
[20015,14,17,[[20016,0],[20014,0],[20271,0],[20270,0],[19759,0],]]
[20016,1,17,[[20015,0],[20017,0],[20272,0],[19760,0],]]
[20017,19,17,[[20018,0],[20016,0],[20273,0],[20272,0],[19761,0],]]
[20018,3,17,[[20017,0],[20019,0],[20274,0],[19762,0],]]
[20019,4,17,[[20020,0],[20018,0],[20275,0],[20274,0],[19763,0],]]
[20020,15,17,[[20019,0],[20021,0],[20276,0],[19764,0],]]
[20021,6,17,[[20022,0],[20020,0],[20277,0],[20276,0],[19765,0],]]
[20022,8,17,[[20021,0],[20023,0],[20278,0],[19766,0],]]
[20023,17,17,[[20024,0],[20022,0],[20279,0],[20278,0],[19767,0],]]
[20024,17,17,[[20023,0],[20025,0],[20280,0],[19768,0],]]
[20025,16,17,[[20026,0],[20024,0],[20281,0],[20280,0],[19769,0],]]
[20026,15,17,[[20025,0],[20027,0],[20282,0],[19770,0],]]
[20027,19,17,[[20028,0],[20026,0],[20283,0],[20282,0],[19771,0],]]
[20028,1,17,[[20027,0],[20029,0],[20284,0],[19772,0],]]
[20029,2,17,[[20030,0],[20028,0],[20285,0],[20284,0],[19773,0],]]
[20030,15,17,[[20029,0],[20031,0],[20286,0],[19774,0],]]
[20031,10,17,[[20032,0],[20030,0],[20287,0],[20286,0],[19775,0],]]
[20032,1,18,[[20031,0],[20033,0],[20288,0],[19776,0],]]
[20033,1,18,[[20034,0],[20032,0],[20289,0],[20288,0],[19777,0],]]
[20034,2,18,[[20033,0],[20035,0],[20290,0],[19778,0],]]
[20035,2,18,[[20036,0],[20034,0],[20291,0],[20290,0],[19779,0],]]
[20036,11,18,[[20035,0],[20037,0],[20292,0],[19780,0],]]
[20037,17,18,[[20038,0],[20036,0],[20293,0],[20292,0],[19781,0],]]
[20038,10,18,[[20037,0],[20039,0],[20294,0],[19782,0],]]
[20039,1,18,[[20040,0],[20038,0],[20295,0],[20294,0],[19783,0],]]
[20040,3,18,[[20039,0],[20041,0],[20296,0],[19784,0],]]
[20041,9,18,[[20042,0],[20040,0],[20297,0],[20296,0],[19785,0],]]
[20042,17,18,[[20041,0],[20043,0],[20298,0],[19786,0],]]
[20043,14,18,[[20044,0],[20042,0],[20299,0],[20298,0],[19787,0],]]
[20044,16,18,[[20043,0],[20045,0],[20300,0],[19788,0],]]
[20045,1,18,[[20046,0],[20044,0],[20301,0],[20300,0],[19789,0],]]
[20046,15,18,[[20045,0],[20047,0],[20302,0],[19790,0],]]
[20047,10,18,[[20048,0],[20046,0],[20303,0],[20302,0],[19791,0],]]
[20048,19,18,[[20047,0],[20049,0],[20304,0],[19792,0],]]
[20049,1,18,[[20050,0],[20048,0],[20305,0],[20304,0],[19793,0],]]
[20050,14,18,[[20049,0],[20051,0],[20306,0],[19794,0],]]
[20051,14,18,[[20052,0],[20050,0],[20307,0],[20306,0],[19795,0],]]
[20052,4,18,[[20051,0],[20053,0],[20308,0],[19796,0],]]
[20053,7,18,[[20054,0],[20052,0],[20309,0],[20308,0],[19797,0],]]
[20054,3,18,[[20053,0],[20055,0],[20310,0],[19798,0],]]
[20055,16,18,[[20056,0],[20054,0],[20311,0],[20310,0],[19799,0],]]
[20056,7,18,[[20055,0],[20057,0],[20312,0],[19800,0],]]
[20057,2,18,[[20058,0],[20056,0],[20313,0],[20312,0],[19801,0],]]
[20058,3,18,[[20057,0],[20059,0],[20314,0],[19802,0],]]
[20059,19,18,[[20060,0],[20058,0],[20315,0],[20314,0],[19803,0],]]
[20060,7,18,[[20059,0],[20061,0],[20316,0],[19804,0],]]
[20061,15,18,[[20062,0],[20060,0],[20317,0],[20316,0],[19805,0],]]
[20062,6,18,[[20061,0],[20063,0],[20318,0],[19806,0],]]
[20063,5,18,[[20064,0],[20062,0],[20319,0],[20318,0],[19807,0],]]
[20064,11,19,[[20063,0],[20065,0],[20320,0],[19808,0],]]
[20065,7,19,[[20066,0],[20064,0],[20321,0],[20320,0],[19809,0],]]
[20066,19,19,[[20065,0],[20067,0],[20322,0],[19810,0],]]
[20067,10,19,[[20068,0],[20066,0],[20323,0],[20322,0],[19811,0],]]
[20068,3,19,[[20067,0],[20069,0],[20324,0],[19812,0],]]
[20069,17,19,[[20070,0],[20068,0],[20325,0],[20324,0],[19813,0],]]
[20070,13,19,[[20069,0],[20071,0],[20326,0],[19814,0],]]
[20071,19,19,[[20072,0],[20070,0],[20327,0],[20326,0],[19815,0],]]
[20072,13,19,[[20071,0],[20073,0],[20328,0],[19816,0],]]
[20073,19,19,[[20074,0],[20072,0],[20329,0],[20328,0],[19817,0],]]
[20074,10,19,[[20073,0],[20075,0],[20330,0],[19818,0],]]
[20075,8,19,[[20076,0],[20074,0],[20331,0],[20330,0],[19819,0],]]
[20076,9,19,[[20075,0],[20077,0],[20332,0],[19820,0],]]
[20077,14,19,[[20078,0],[20076,0],[20333,0],[20332,0],[19821,0],]]
[20078,12,19,[[20077,0],[20079,0],[20334,0],[19822,0],]]
[20079,13,19,[[20080,0],[20078,0],[20335,0],[20334,0],[19823,0],]]
[20080,6,19,[[20079,0],[20081,0],[20336,0],[19824,0],]]
[20081,3,19,[[20082,0],[20080,0],[20337,0],[20336,0],[19825,0],]]
[20082,17,19,[[20081,0],[20083,0],[20338,0],[19826,0],]]
[20083,8,19,[[20084,0],[20082,0],[20339,0],[20338,0],[19827,0],]]
[20084,4,19,[[20083,0],[20085,0],[20340,0],[19828,0],]]
[20085,12,19,[[20086,0],[20084,0],[20341,0],[20340,0],[19829,0],]]
[20086,1,19,[[20085,0],[20087,0],[20342,0],[19830,0],]]
[20087,1,19,[[20088,0],[20086,0],[20343,0],[20342,0],[19831,0],]]
[20088,7,19,[[20087,0],[20089,0],[20344,0],[19832,0],]]
[20089,16,19,[[20090,0],[20088,0],[20345,0],[20344,0],[19833,0],]]
[20090,12,19,[[20089,0],[20091,0],[20346,0],[19834,0],]]
[20091,14,19,[[20092,0],[20090,0],[20347,0],[20346,0],[19835,0],]]
[20092,17,19,[[20091,0],[20093,0],[20348,0],[19836,0],]]
[20093,6,19,[[20094,0],[20092,0],[20349,0],[20348,0],[19837,0],]]
[20094,10,19,[[20093,0],[20095,0],[20350,0],[19838,0],]]
[20095,9,19,[[20096,0],[20094,0],[20351,0],[20350,0],[19839,0],]]
[20096,10,20,[[20095,0],[20097,0],[20352,0],[19840,0],]]
[20097,9,20,[[20098,0],[20096,0],[20353,0],[20352,0],[19841,0],]]
[20098,16,20,[[20097,0],[20099,0],[20354,0],[19842,0],]]
[20099,19,20,[[20100,0],[20098,0],[20355,0],[20354,0],[19843,0],]]
[20100,17,20,[[20099,0],[20101,0],[20356,0],[19844,0],]]
[20101,6,20,[[20102,0],[20100,0],[20357,0],[20356,0],[19845,0],]]
[20102,9,20,[[20101,0],[20103,0],[20358,0],[19846,0],]]
[20103,15,20,[[20104,0],[20102,0],[20359,0],[20358,0],[19847,0],]]
[20104,2,20,[[20103,0],[20105,0],[20360,0],[19848,0],]]
[20105,4,20,[[20106,0],[20104,0],[20361,0],[20360,0],[19849,0],]]
[20106,17,20,[[20105,0],[20107,0],[20362,0],[19850,0],]]
[20107,2,20,[[20108,0],[20106,0],[20363,0],[20362,0],[19851,0],]]
[20108,16,20,[[20107,0],[20109,0],[20364,0],[19852,0],]]
[20109,10,20,[[20110,0],[20108,0],[20365,0],[20364,0],[19853,0],]]
[20110,15,20,[[20109,0],[20111,0],[20366,0],[19854,0],]]
[20111,12,20,[[20112,0],[20110,0],[20367,0],[20366,0],[19855,0],]]
[20112,14,20,[[20111,0],[20113,0],[20368,0],[19856,0],]]
[20113,5,20,[[20114,0],[20112,0],[20369,0],[20368,0],[19857,0],]]
[20114,18,20,[[20113,0],[20115,0],[20370,0],[19858,0],]]
[20115,16,20,[[20116,0],[20114,0],[20371,0],[20370,0],[19859,0],]]
[20116,15,20,[[20115,0],[20117,0],[20372,0],[19860,0],]]
[20117,14,20,[[20118,0],[20116,0],[20373,0],[20372,0],[19861,0],]]
[20118,18,20,[[20117,0],[20119,0],[20374,0],[19862,0],]]
[20119,1,20,[[20120,0],[20118,0],[20375,0],[20374,0],[19863,0],]]
[20120,1,20,[[20119,0],[20121,0],[20376,0],[19864,0],]]
[20121,5,20,[[20122,0],[20120,0],[20377,0],[20376,0],[19865,0],]]
[20122,5,20,[[20121,0],[20123,0],[20378,0],[19866,0],]]
[20123,3,20,[[20124,0],[20122,0],[20379,0],[20378,0],[19867,0],]]
[20124,3,20,[[20123,0],[20125,0],[20380,0],[19868,0],]]
[20125,9,20,[[20126,0],[20124,0],[20381,0],[20380,0],[19869,0],]]
[20126,17,20,[[20125,0],[20127,0],[20382,0],[19870,0],]]
[20127,6,20,[[20128,0],[20126,0],[20383,0],[20382,0],[19871,0],]]
[20128,7,21,[[20127,0],[20129,0],[20384,0],[19872,0],]]
[20129,7,21,[[20130,0],[20128,0],[20385,0],[20384,0],[19873,0],]]
[20130,7,21,[[20129,0],[20131,0],[20386,0],[19874,0],]]
[20131,5,21,[[20132,0],[20130,0],[20387,0],[20386,0],[19875,0],]]
[20132,15,21,[[20131,0],[20133,0],[20388,0],[19876,0],]]
[20133,15,21,[[20134,0],[20132,0],[20389,0],[20388,0],[19877,0],]]
[20134,16,21,[[20133,0],[20135,0],[20390,0],[19878,0],]]
[20135,16,21,[[20136,0],[20134,0],[20391,0],[20390,0],[19879,0],]]
[20136,1,21,[[20135,0],[20137,0],[20392,0],[19880,0],]]
[20137,4,21,[[20138,0],[20136,0],[20393,0],[20392,0],[19881,0],]]
[20138,3,21,[[20137,0],[20139,0],[20394,0],[19882,0],]]
[20139,4,21,[[20140,0],[20138,0],[20395,0],[20394,0],[19883,0],]]
[20140,7,21,[[20139,0],[20141,0],[20396,0],[19884,0],]]
[20141,2,21,[[20142,0],[20140,0],[20397,0],[20396,0],[19885,0],]]
[20142,12,21,[[20141,0],[20143,0],[20398,0],[19886,0],]]
[20143,15,21,[[20144,0],[20142,0],[20399,0],[20398,0],[19887,0],]]
[20144,12,21,[[20143,0],[20145,0],[20400,0],[19888,0],]]
[20145,14,21,[[20146,0],[20144,0],[20401,0],[20400,0],[19889,0],]]
[20146,6,21,[[20145,0],[20147,0],[20402,0],[19890,0],]]
[20147,11,21,[[20148,0],[20146,0],[20403,0],[20402,0],[19891,0],]]
[20148,8,21,[[20147,0],[20149,0],[20404,0],[19892,0],]]
[20149,11,21,[[20150,0],[20148,0],[20405,0],[20404,0],[19893,0],]]
[20150,12,21,[[20149,0],[20151,0],[20406,0],[19894,0],]]
[20151,1,21,[[20152,0],[20150,0],[20407,0],[20406,0],[19895,0],]]
[20152,5,21,[[20151,0],[20153,0],[20408,0],[19896,0],]]
[20153,14,21,[[20154,0],[20152,0],[20409,0],[20408,0],[19897,0],]]
[20154,9,21,[[20153,0],[20155,0],[20410,0],[19898,0],]]
[20155,4,21,[[20156,0],[20154,0],[20411,0],[20410,0],[19899,0],]]
[20156,2,21,[[20155,0],[20157,0],[20412,0],[19900,0],]]
[20157,1,21,[[20158,0],[20156,0],[20413,0],[20412,0],[19901,0],]]
[20158,11,21,[[20157,0],[20159,0],[20414,0],[19902,0],]]
[20159,2,21,[[20160,0],[20158,0],[20415,0],[20414,0],[19903,0],]]
[20160,7,22,[[20159,0],[20161,0],[20416,0],[19904,0],]]
[20161,1,22,[[20162,0],[20160,0],[20417,0],[20416,0],[19905,0],]]
[20162,6,22,[[20161,0],[20163,0],[20418,0],[19906,0],]]
[20163,9,22,[[20164,0],[20162,0],[20419,0],[20418,0],[19907,0],]]
[20164,12,22,[[20163,0],[20165,0],[20420,0],[19908,0],]]
[20165,7,22,[[20166,0],[20164,0],[20421,0],[20420,0],[19909,0],]]
[20166,18,22,[[20165,0],[20167,0],[20422,0],[19910,0],]]
[20167,11,22,[[20168,0],[20166,0],[20423,0],[20422,0],[19911,0],]]
[20168,8,22,[[20167,0],[20169,0],[20424,0],[19912,0],]]
[20169,9,22,[[20170,0],[20168,0],[20425,0],[20424,0],[19913,0],]]
[20170,19,22,[[20169,0],[20171,0],[20426,0],[19914,0],]]
[20171,7,22,[[20172,0],[20170,0],[20427,0],[20426,0],[19915,0],]]
[20172,7,22,[[20171,0],[20173,0],[20428,0],[19916,0],]]
[20173,11,22,[[20174,0],[20172,0],[20429,0],[20428,0],[19917,0],]]
[20174,19,22,[[20173,0],[20175,0],[20430,0],[19918,0],]]
[20175,16,22,[[20176,0],[20174,0],[20431,0],[20430,0],[19919,0],]]
[20176,12,22,[[20175,0],[20177,0],[20432,0],[19920,0],]]
[20177,10,22,[[20178,0],[20176,0],[20433,0],[20432,0],[19921,0],]]
[20178,6,22,[[20177,0],[20179,0],[20434,0],[19922,0],]]
[20179,1,22,[[20180,0],[20178,0],[20435,0],[20434,0],[19923,0],]]
[20180,5,22,[[20179,0],[20181,0],[20436,0],[19924,0],]]
[20181,4,22,[[20182,0],[20180,0],[20437,0],[20436,0],[19925,0],]]
[20182,17,22,[[20181,0],[20183,0],[20438,0],[19926,0],]]
[20183,3,22,[[20184,0],[20182,0],[20439,0],[20438,0],[19927,0],]]
[20184,19,22,[[20183,0],[20185,0],[20440,0],[19928,0],]]
[20185,16,22,[[20186,0],[20184,0],[20441,0],[20440,0],[19929,0],]]
[20186,9,22,[[20185,0],[20187,0],[20442,0],[19930,0],]]
[20187,7,22,[[20188,0],[20186,0],[20443,0],[20442,0],[19931,0],]]
[20188,11,22,[[20187,0],[20189,0],[20444,0],[19932,0],]]
[20189,7,22,[[20190,0],[20188,0],[20445,0],[20444,0],[19933,0],]]
[20190,7,22,[[20189,0],[20191,0],[20446,0],[19934,0],]]
[20191,19,22,[[20192,0],[20190,0],[20447,0],[20446,0],[19935,0],]]
[20192,8,23,[[20191,0],[20193,0],[20448,0],[19936,0],]]
[20193,16,23,[[20194,0],[20192,0],[20449,0],[20448,0],[19937,0],]]
[20194,11,23,[[20193,0],[20195,0],[20450,0],[19938,0],]]
[20195,15,23,[[20196,0],[20194,0],[20451,0],[20450,0],[19939,0],]]
[20196,14,23,[[20195,0],[20197,0],[20452,0],[19940,0],]]
[20197,5,23,[[20198,0],[20196,0],[20453,0],[20452,0],[19941,0],]]
[20198,8,23,[[20197,0],[20199,0],[20454,0],[19942,0],]]
[20199,4,23,[[20200,0],[20198,0],[20455,0],[20454,0],[19943,0],]]
[20200,1,23,[[20199,0],[20201,0],[20456,0],[19944,0],]]
[20201,9,23,[[20202,0],[20200,0],[20457,0],[20456,0],[19945,0],]]
[20202,4,23,[[20201,0],[20203,0],[20458,0],[19946,0],]]
[20203,7,23,[[20204,0],[20202,0],[20459,0],[20458,0],[19947,0],]]
[20204,15,23,[[20203,0],[20205,0],[20460,0],[19948,0],]]
[20205,14,23,[[20206,0],[20204,0],[20461,0],[20460,0],[19949,0],]]
[20206,14,23,[[20205,0],[20207,0],[20462,0],[19950,0],]]
[20207,4,23,[[20208,0],[20206,0],[20463,0],[20462,0],[19951,0],]]
[20208,12,23,[[20207,0],[20209,0],[20464,0],[19952,0],]]
[20209,12,23,[[20210,0],[20208,0],[20465,0],[20464,0],[19953,0],]]
[20210,16,23,[[20209,0],[20211,0],[20466,0],[19954,0],]]
[20211,17,23,[[20212,0],[20210,0],[20467,0],[20466,0],[19955,0],]]
[20212,4,23,[[20211,0],[20213,0],[20468,0],[19956,0],]]
[20213,10,23,[[20214,0],[20212,0],[20469,0],[20468,0],[19957,0],]]
[20214,5,23,[[20213,0],[20215,0],[20470,0],[19958,0],]]
[20215,7,23,[[20216,0],[20214,0],[20471,0],[20470,0],[19959,0],]]
[20216,15,23,[[20215,0],[20217,0],[20472,0],[19960,0],]]
[20217,10,23,[[20218,0],[20216,0],[20473,0],[20472,0],[19961,0],]]
[20218,16,23,[[20217,0],[20219,0],[20474,0],[19962,0],]]
[20219,11,23,[[20220,0],[20218,0],[20475,0],[20474,0],[19963,0],]]
[20220,8,23,[[20219,0],[20221,0],[20476,0],[19964,0],]]
[20221,17,23,[[20222,0],[20220,0],[20477,0],[20476,0],[19965,0],]]
[20222,19,23,[[20221,0],[20223,0],[20478,0],[19966,0],]]
[20223,3,23,[[20222,0],[20479,0],[20478,0],[19967,0],]]
[20224,19,16,[[20225,0],[19968,0],[19969,0],[20480,0],]]
[20225,6,16,[[20226,0],[20224,0],[19969,0],[20481,0],]]
[20226,17,16,[[20225,0],[20227,0],[19970,0],[19971,0],[20482,0],]]
[20227,18,16,[[20228,0],[20226,0],[19971,0],[20483,0],]]
[20228,4,16,[[20227,0],[20229,0],[19972,0],[19973,0],[20484,0],]]
[20229,13,16,[[20230,0],[20228,0],[19973,0],[20485,0],]]
[20230,12,16,[[20229,0],[20231,0],[19974,0],[19975,0],[20486,0],]]
[20231,10,16,[[20232,0],[20230,0],[19975,0],[20487,0],]]
[20232,16,16,[[20231,0],[20233,0],[19976,0],[19977,0],[20488,0],]]
[20233,3,16,[[20234,0],[20232,0],[19977,0],[20489,0],]]
[20234,18,16,[[20233,0],[20235,0],[19978,0],[19979,0],[20490,0],]]
[20235,13,16,[[20236,0],[20234,0],[19979,0],[20491,0],]]
[20236,17,16,[[20235,0],[20237,0],[19980,0],[19981,0],[20492,0],]]
[20237,15,16,[[20238,0],[20236,0],[19981,0],[20493,0],]]
[20238,2,16,[[20237,0],[20239,0],[19982,0],[19983,0],[20494,0],]]
[20239,12,16,[[20240,0],[20238,0],[19983,0],[20495,0],]]
[20240,8,16,[[20239,0],[20241,0],[19984,0],[19985,0],[20496,0],]]
[20241,12,16,[[20242,0],[20240,0],[19985,0],[20497,0],]]
[20242,17,16,[[20241,0],[20243,0],[19986,0],[19987,0],[20498,0],]]
[20243,6,16,[[20244,0],[20242,0],[19987,0],[20499,0],]]
[20244,9,16,[[20243,0],[20245,0],[19988,0],[19989,0],[20500,0],]]
[20245,16,16,[[20246,0],[20244,0],[19989,0],[20501,0],]]
[20246,17,16,[[20245,0],[20247,0],[19990,0],[19991,0],[20502,0],]]
[20247,2,16,[[20248,0],[20246,0],[19991,0],[20503,0],]]
[20248,13,16,[[20247,0],[20249,0],[19992,0],[19993,0],[20504,0],]]
[20249,1,16,[[20250,0],[20248,0],[19993,0],[20505,0],]]
[20250,10,16,[[20249,0],[20251,0],[19994,0],[19995,0],[20506,0],]]
[20251,10,16,[[20252,0],[20250,0],[19995,0],[20507,0],]]
[20252,3,16,[[20251,0],[20253,0],[19996,0],[19997,0],[20508,0],]]
[20253,17,16,[[20254,0],[20252,0],[19997,0],[20509,0],]]
[20254,19,16,[[20253,0],[20255,0],[19998,0],[19999,0],[20510,0],]]
[20255,19,16,[[20256,0],[20254,0],[19999,0],[20511,0],]]
[20256,4,17,[[20255,0],[20257,0],[20000,0],[20001,0],[20512,0],]]
[20257,11,17,[[20258,0],[20256,0],[20001,0],[20513,0],]]
[20258,18,17,[[20257,0],[20259,0],[20002,0],[20003,0],[20514,0],]]
[20259,10,17,[[20260,0],[20258,0],[20003,0],[20515,0],]]
[20260,12,17,[[20259,0],[20261,0],[20004,0],[20005,0],[20516,0],]]
[20261,12,17,[[20262,0],[20260,0],[20005,0],[20517,0],]]
[20262,6,17,[[20261,0],[20263,0],[20006,0],[20007,0],[20518,0],]]
[20263,6,17,[[20264,0],[20262,0],[20007,0],[20519,0],]]
[20264,15,17,[[20263,0],[20265,0],[20008,0],[20009,0],[20520,0],]]
[20265,2,17,[[20266,0],[20264,0],[20009,0],[20521,0],]]
[20266,15,17,[[20265,0],[20267,0],[20010,0],[20011,0],[20522,0],]]
[20267,8,17,[[20268,0],[20266,0],[20011,0],[20523,0],]]
[20268,5,17,[[20267,0],[20269,0],[20012,0],[20013,0],[20524,0],]]
[20269,15,17,[[20270,0],[20268,0],[20013,0],[20525,0],]]
[20270,19,17,[[20269,0],[20271,0],[20014,0],[20015,0],[20526,0],]]
[20271,1,17,[[20272,0],[20270,0],[20015,0],[20527,0],]]
[20272,17,17,[[20271,0],[20273,0],[20016,0],[20017,0],[20528,0],]]
[20273,4,17,[[20274,0],[20272,0],[20017,0],[20529,0],]]
[20274,5,17,[[20273,0],[20275,0],[20018,0],[20019,0],[20530,0],]]
[20275,3,17,[[20276,0],[20274,0],[20019,0],[20531,0],]]
[20276,1,17,[[20275,0],[20277,0],[20020,0],[20021,0],[20532,0],]]
[20277,8,17,[[20278,0],[20276,0],[20021,0],[20533,0],]]
[20278,6,17,[[20277,0],[20279,0],[20022,0],[20023,0],[20534,0],]]
[20279,3,17,[[20280,0],[20278,0],[20023,0],[20535,0],]]
[20280,10,17,[[20279,0],[20281,0],[20024,0],[20025,0],[20536,0],]]
[20281,3,17,[[20282,0],[20280,0],[20025,0],[20537,0],]]
[20282,14,17,[[20281,0],[20283,0],[20026,0],[20027,0],[20538,0],]]
[20283,16,17,[[20284,0],[20282,0],[20027,0],[20539,0],]]
[20284,11,17,[[20283,0],[20285,0],[20028,0],[20029,0],[20540,0],]]
[20285,8,17,[[20286,0],[20284,0],[20029,0],[20541,0],]]
[20286,9,17,[[20285,0],[20287,0],[20030,0],[20031,0],[20542,0],]]
[20287,9,17,[[20288,0],[20286,0],[20031,0],[20543,0],]]
[20288,11,18,[[20287,0],[20289,0],[20032,0],[20033,0],[20544,0],]]
[20289,4,18,[[20290,0],[20288,0],[20033,0],[20545,0],]]
[20290,10,18,[[20289,0],[20291,0],[20034,0],[20035,0],[20546,0],]]
[20291,1,18,[[20292,0],[20290,0],[20035,0],[20547,0],]]
[20292,6,18,[[20291,0],[20293,0],[20036,0],[20037,0],[20548,0],]]
[20293,9,18,[[20294,0],[20292,0],[20037,0],[20549,0],]]
[20294,12,18,[[20293,0],[20295,0],[20038,0],[20039,0],[20550,0],]]
[20295,12,18,[[20296,0],[20294,0],[20039,0],[20551,0],]]
[20296,4,18,[[20295,0],[20297,0],[20040,0],[20041,0],[20552,0],]]
[20297,16,18,[[20298,0],[20296,0],[20041,0],[20553,0],]]
[20298,6,18,[[20297,0],[20299,0],[20042,0],[20043,0],[20554,0],]]
[20299,4,18,[[20300,0],[20298,0],[20043,0],[20555,0],]]
[20300,18,18,[[20299,0],[20301,0],[20044,0],[20045,0],[20556,0],]]
[20301,5,18,[[20302,0],[20300,0],[20045,0],[20557,0],]]
[20302,11,18,[[20301,0],[20303,0],[20046,0],[20047,0],[20558,0],]]
[20303,8,18,[[20304,0],[20302,0],[20047,0],[20559,0],]]
[20304,18,18,[[20303,0],[20305,0],[20048,0],[20049,0],[20560,0],]]
[20305,11,18,[[20306,0],[20304,0],[20049,0],[20561,0],]]
[20306,7,18,[[20305,0],[20307,0],[20050,0],[20051,0],[20562,0],]]
[20307,6,18,[[20308,0],[20306,0],[20051,0],[20563,0],]]
[20308,19,18,[[20307,0],[20309,0],[20052,0],[20053,0],[20564,0],]]
[20309,5,18,[[20310,0],[20308,0],[20053,0],[20565,0],]]
[20310,15,18,[[20309,0],[20311,0],[20054,0],[20055,0],[20566,0],]]
[20311,10,18,[[20312,0],[20310,0],[20055,0],[20567,0],]]
[20312,4,18,[[20311,0],[20313,0],[20056,0],[20057,0],[20568,0],]]
[20313,1,18,[[20314,0],[20312,0],[20057,0],[20569,0],]]
[20314,16,18,[[20313,0],[20315,0],[20058,0],[20059,0],[20570,0],]]
[20315,2,18,[[20316,0],[20314,0],[20059,0],[20571,0],]]
