[2621,9,1,[[2622,0],[2620,0],[2877,0],[2876,0],[2365,0],]]
[2622,13,1,[[2621,0],[2623,0],[2878,0],[2366,0],]]
[2623,3,1,[[2624,0],[2622,0],[2879,0],[2878,0],[2367,0],]]
[2624,12,2,[[2623,0],[2625,0],[2880,0],[2368,0],]]
[2625,9,2,[[2626,0],[2624,0],[2881,0],[2880,0],[2369,0],]]
[2626,1,2,[[2625,0],[2627,0],[2882,0],[2370,0],]]
[2627,18,2,[[2628,0],[2626,0],[2883,0],[2882,0],[2371,0],]]
[2628,11,2,[[2627,0],[2629,0],[2884,0],[2372,0],]]
[2629,17,2,[[2630,0],[2628,0],[2885,0],[2884,0],[2373,0],]]
[2630,19,2,[[2629,0],[2631,0],[2886,0],[2374,0],]]
[2631,18,2,[[2632,0],[2630,0],[2887,0],[2886,0],[2375,0],]]
[2632,18,2,[[2631,0],[2633,0],[2888,0],[2376,0],]]
[2633,9,2,[[2634,0],[2632,0],[2889,0],[2888,0],[2377,0],]]
[2634,5,2,[[2633,0],[2635,0],[2890,0],[2378,0],]]
[2635,16,2,[[2636,0],[2634,0],[2891,0],[2890,0],[2379,0],]]
[2636,3,2,[[2635,0],[2637,0],[2892,0],[2380,0],]]
[2637,7,2,[[2638,0],[2636,0],[2893,0],[2892,0],[2381,0],]]
[2638,4,2,[[2637,0],[2639,0],[2894,0],[2382,0],]]
[2639,16,2,[[2640,0],[2638,0],[2895,0],[2894,0],[2383,0],]]
[2640,13,2,[[2639,0],[2641,0],[2896,0],[2384,0],]]
[2641,18,2,[[2642,0],[2640,0],[2897,0],[2896,0],[2385,0],]]
[2642,4,2,[[2641,0],[2643,0],[2898,0],[2386,0],]]
[2643,3,2,[[2644,0],[2642,0],[2899,0],[2898,0],[2387,0],]]
[2644,3,2,[[2643,0],[2645,0],[2900,0],[2388,0],]]
[2645,16,2,[[2646,0],[2644,0],[2901,0],[2900,0],[2389,0],]]
[2646,7,2,[[2645,0],[2647,0],[2902,0],[2390,0],]]
[2647,8,2,[[2648,0],[2646,0],[2903,0],[2902,0],[2391,0],]]
[2648,3,2,[[2647,0],[2649,0],[2904,0],[2392,0],]]
[2649,3,2,[[2650,0],[2648,0],[2905,0],[2904,0],[2393,0],]]
[2650,12,2,[[2649,0],[2651,0],[2906,0],[2394,0],]]
[2651,2,2,[[2652,0],[2650,0],[2907,0],[2906,0],[2395,0],]]
[2652,9,2,[[2651,0],[2653,0],[2908,0],[2396,0],]]
[2653,15,2,[[2654,0],[2652,0],[2909,0],[2908,0],[2397,0],]]
[2654,2,2,[[2653,0],[2655,0],[2910,0],[2398,0],]]
[2655,14,2,[[2656,0],[2654,0],[2911,0],[2910,0],[2399,0],]]
[2656,2,3,[[2655,0],[2657,0],[2912,0],[2400,0],]]
[2657,18,3,[[2658,0],[2656,0],[2913,0],[2912,0],[2401,0],]]
[2658,4,3,[[2657,0],[2659,0],[2914,0],[2402,0],]]
[2659,13,3,[[2660,0],[2658,0],[2915,0],[2914,0],[2403,0],]]
[2660,14,3,[[2659,0],[2661,0],[2916,0],[2404,0],]]
[2661,13,3,[[2662,0],[2660,0],[2917,0],[2916,0],[2405,0],]]
[2662,11,3,[[2661,0],[2663,0],[2918,0],[2406,0],]]
[2663,15,3,[[2664,0],[2662,0],[2919,0],[2918,0],[2407,0],]]
[2664,10,3,[[2663,0],[2665,0],[2920,0],[2408,0],]]
[2665,9,3,[[2666,0],[2664,0],[2921,0],[2920,0],[2409,0],]]
[2666,9,3,[[2665,0],[2667,0],[2922,0],[2410,0],]]
[2667,17,3,[[2668,0],[2666,0],[2923,0],[2922,0],[2411,0],]]
[2668,12,3,[[2667,0],[2669,0],[2924,0],[2412,0],]]
[2669,1,3,[[2670,0],[2668,0],[2925,0],[2924,0],[2413,0],]]
[2670,7,3,[[2669,0],[2671,0],[2926,0],[2414,0],]]
[2671,12,3,[[2672,0],[2670,0],[2927,0],[2926,0],[2415,0],]]
[2672,5,3,[[2671,0],[2673,0],[2928,0],[2416,0],]]
[2673,3,3,[[2674,0],[2672,0],[2929,0],[2928,0],[2417,0],]]
[2674,3,3,[[2673,0],[2675,0],[2930,0],[2418,0],]]
[2675,16,3,[[2676,0],[2674,0],[2931,0],[2930,0],[2419,0],]]
[2676,4,3,[[2675,0],[2677,0],[2932,0],[2420,0],]]
[2677,13,3,[[2678,0],[2676,0],[2933,0],[2932,0],[2421,0],]]
[2678,9,3,[[2677,0],[2679,0],[2934,0],[2422,0],]]
[2679,2,3,[[2680,0],[2678,0],[2935,0],[2934,0],[2423,0],]]
[2680,5,3,[[2679,0],[2681,0],[2936,0],[2424,0],]]
[2681,6,3,[[2682,0],[2680,0],[2937,0],[2936,0],[2425,0],]]
[2682,10,3,[[2681,0],[2683,0],[2938,0],[2426,0],]]
[2683,1,3,[[2684,0],[2682,0],[2939,0],[2938,0],[2427,0],]]
[2684,9,3,[[2683,0],[2685,0],[2940,0],[2428,0],]]
[2685,16,3,[[2686,0],[2684,0],[2941,0],[2940,0],[2429,0],]]
[2686,18,3,[[2685,0],[2687,0],[2942,0],[2430,0],]]
[2687,5,3,[[2688,0],[2686,0],[2943,0],[2942,0],[2431,0],]]
[2688,7,4,[[2687,0],[2689,0],[2944,0],[2432,0],]]
[2689,6,4,[[2690,0],[2688,0],[2945,0],[2944,0],[2433,0],]]
[2690,6,4,[[2689,0],[2691,0],[2946,0],[2434,0],]]
[2691,12,4,[[2692,0],[2690,0],[2947,0],[2946,0],[2435,0],]]
[2692,19,4,[[2691,0],[2693,0],[2948,0],[2436,0],]]
[2693,10,4,[[2694,0],[2692,0],[2949,0],[2948,0],[2437,0],]]
[2694,11,4,[[2693,0],[2695,0],[2950,0],[2438,0],]]
[2695,4,4,[[2696,0],[2694,0],[2951,0],[2950,0],[2439,0],]]
[2696,17,4,[[2695,0],[2697,0],[2952,0],[2440,0],]]
[2697,14,4,[[2698,0],[2696,0],[2953,0],[2952,0],[2441,0],]]
[2698,18,4,[[2697,0],[2699,0],[2954,0],[2442,0],]]
[2699,13,4,[[2700,0],[2698,0],[2955,0],[2954,0],[2443,0],]]
[2700,3,4,[[2699,0],[2701,0],[2956,0],[2444,0],]]
[2701,16,4,[[2702,0],[2700,0],[2957,0],[2956,0],[2445,0],]]
[2702,13,4,[[2701,0],[2703,0],[2958,0],[2446,0],]]
[2703,3,4,[[2704,0],[2702,0],[2959,0],[2958,0],[2447,0],]]
[2704,12,4,[[2703,0],[2705,0],[2960,0],[2448,0],]]
[2705,16,4,[[2706,0],[2704,0],[2961,0],[2960,0],[2449,0],]]
[2706,4,4,[[2705,0],[2707,0],[2962,0],[2450,0],]]
[2707,3,4,[[2708,0],[2706,0],[2963,0],[2962,0],[2451,0],]]
[2708,4,4,[[2707,0],[2709,0],[2964,0],[2452,0],]]
[2709,18,4,[[2710,0],[2708,0],[2965,0],[2964,0],[2453,0],]]
[2710,7,4,[[2709,0],[2711,0],[2966,0],[2454,0],]]
[2711,19,4,[[2712,0],[2710,0],[2967,0],[2966,0],[2455,0],]]
[2712,10,4,[[2711,0],[2713,0],[2968,0],[2456,0],]]
[2713,3,4,[[2714,0],[2712,0],[2969,0],[2968,0],[2457,0],]]
[2714,18,4,[[2713,0],[2715,0],[2970,0],[2458,0],]]
[2715,1,4,[[2716,0],[2714,0],[2971,0],[2970,0],[2459,0],]]
[2716,8,4,[[2715,0],[2717,0],[2972,0],[2460,0],]]
[2717,2,4,[[2718,0],[2716,0],[2973,0],[2972,0],[2461,0],]]
[2718,12,4,[[2717,0],[2719,0],[2974,0],[2462,0],]]
[2719,14,4,[[2720,0],[2718,0],[2975,0],[2974,0],[2463,0],]]
[2720,9,5,[[2719,0],[2721,0],[2976,0],[2464,0],]]
[2721,19,5,[[2722,0],[2720,0],[2977,0],[2976,0],[2465,0],]]
[2722,17,5,[[2721,0],[2723,0],[2978,0],[2466,0],]]
[2723,12,5,[[2724,0],[2722,0],[2979,0],[2978,0],[2467,0],]]
[2724,19,5,[[2723,0],[2725,0],[2980,0],[2468,0],]]
[2725,17,5,[[2726,0],[2724,0],[2981,0],[2980,0],[2469,0],]]
[2726,2,5,[[2725,0],[2727,0],[2982,0],[2470,0],]]
[2727,13,5,[[2728,0],[2726,0],[2983,0],[2982,0],[2471,0],]]
[2728,7,5,[[2727,0],[2729,0],[2984,0],[2472,0],]]
[2729,6,5,[[2730,0],[2728,0],[2985,0],[2984,0],[2473,0],]]
[2730,13,5,[[2729,0],[2731,0],[2986,0],[2474,0],]]
[2731,1,5,[[2732,0],[2730,0],[2987,0],[2986,0],[2475,0],]]
[2732,4,5,[[2731,0],[2733,0],[2988,0],[2476,0],]]
[2733,1,5,[[2734,0],[2732,0],[2989,0],[2988,0],[2477,0],]]
[2734,5,5,[[2733,0],[2735,0],[2990,0],[2478,0],]]
[2735,16,5,[[2736,0],[2734,0],[2991,0],[2990,0],[2479,0],]]
[2736,9,5,[[2735,0],[2737,0],[2992,0],[2480,0],]]
[2737,4,5,[[2738,0],[2736,0],[2993,0],[2992,0],[2481,0],]]
[2738,14,5,[[2737,0],[2739,0],[2994,0],[2482,0],]]
[2739,9,5,[[2740,0],[2738,0],[2995,0],[2994,0],[2483,0],]]
[2740,9,5,[[2739,0],[2741,0],[2996,0],[2484,0],]]
[2741,7,5,[[2742,0],[2740,0],[2997,0],[2996,0],[2485,0],]]
[2742,8,5,[[2741,0],[2743,0],[2998,0],[2486,0],]]
[2743,6,5,[[2744,0],[2742,0],[2999,0],[2998,0],[2487,0],]]
[2744,7,5,[[2743,0],[2745,0],[3000,0],[2488,0],]]
[2745,16,5,[[2746,0],[2744,0],[3001,0],[3000,0],[2489,0],]]
[2746,8,5,[[2745,0],[2747,0],[3002,0],[2490,0],]]
[2747,4,5,[[2748,0],[2746,0],[3003,0],[3002,0],[2491,0],]]
[2748,19,5,[[2747,0],[2749,0],[3004,0],[2492,0],]]
[2749,18,5,[[2750,0],[2748,0],[3005,0],[3004,0],[2493,0],]]
[2750,5,5,[[2749,0],[2751,0],[3006,0],[2494,0],]]
[2751,12,5,[[2752,0],[2750,0],[3007,0],[3006,0],[2495,0],]]
[2752,18,6,[[2751,0],[2753,0],[3008,0],[2496,0],]]
[2753,8,6,[[2754,0],[2752,0],[3009,0],[3008,0],[2497,0],]]
[2754,2,6,[[2753,0],[2755,0],[3010,0],[2498,0],]]
[2755,16,6,[[2756,0],[2754,0],[3011,0],[3010,0],[2499,0],]]
[2756,3,6,[[2755,0],[2757,0],[3012,0],[2500,0],]]
[2757,8,6,[[2758,0],[2756,0],[3013,0],[3012,0],[2501,0],]]
[2758,15,6,[[2757,0],[2759,0],[3014,0],[2502,0],]]
[2759,14,6,[[2760,0],[2758,0],[3015,0],[3014,0],[2503,0],]]
[2760,9,6,[[2759,0],[2761,0],[3016,0],[2504,0],]]
[2761,18,6,[[2762,0],[2760,0],[3017,0],[3016,0],[2505,0],]]
[2762,6,6,[[2761,0],[2763,0],[3018,0],[2506,0],]]
[2763,6,6,[[2764,0],[2762,0],[3019,0],[3018,0],[2507,0],]]
[2764,18,6,[[2763,0],[2765,0],[3020,0],[2508,0],]]
[2765,7,6,[[2766,0],[2764,0],[3021,0],[3020,0],[2509,0],]]
[2766,12,6,[[2765,0],[2767,0],[3022,0],[2510,0],]]
[2767,7,6,[[2768,0],[2766,0],[3023,0],[3022,0],[2511,0],]]
[2768,8,6,[[2767,0],[2769,0],[3024,0],[2512,0],]]
[2769,13,6,[[2770,0],[2768,0],[3025,0],[3024,0],[2513,0],]]
[2770,8,6,[[2769,0],[2771,0],[3026,0],[2514,0],]]
[2771,17,6,[[2772,0],[2770,0],[3027,0],[3026,0],[2515,0],]]
[2772,18,6,[[2771,0],[2773,0],[3028,0],[2516,0],]]
[2773,13,6,[[2774,0],[2772,0],[3029,0],[3028,0],[2517,0],]]
[2774,4,6,[[2773,0],[2775,0],[3030,0],[2518,0],]]
[2775,16,6,[[2776,0],[2774,0],[3031,0],[3030,0],[2519,0],]]
[2776,9,6,[[2775,0],[2777,0],[3032,0],[2520,0],]]
[2777,3,6,[[2778,0],[2776,0],[3033,0],[3032,0],[2521,0],]]
[2778,6,6,[[2777,0],[2779,0],[3034,0],[2522,0],]]
[2779,17,6,[[2780,0],[2778,0],[3035,0],[3034,0],[2523,0],]]
[2780,7,6,[[2779,0],[2781,0],[3036,0],[2524,0],]]
[2781,14,6,[[2782,0],[2780,0],[3037,0],[3036,0],[2525,0],]]
[2782,1,6,[[2781,0],[2783,0],[3038,0],[2526,0],]]
[2783,7,6,[[2784,0],[2782,0],[3039,0],[3038,0],[2527,0],]]
[2784,2,7,[[2783,0],[2785,0],[3040,0],[2528,0],]]
[2785,17,7,[[2786,0],[2784,0],[3041,0],[3040,0],[2529,0],]]
[2786,7,7,[[2785,0],[2787,0],[3042,0],[2530,0],]]
[2787,17,7,[[2788,0],[2786,0],[3043,0],[3042,0],[2531,0],]]
[2788,16,7,[[2787,0],[2789,0],[3044,0],[2532,0],]]
[2789,17,7,[[2790,0],[2788,0],[3045,0],[3044,0],[2533,0],]]
[2790,11,7,[[2789,0],[2791,0],[3046,0],[2534,0],]]
[2791,11,7,[[2792,0],[2790,0],[3047,0],[3046,0],[2535,0],]]
[2792,3,7,[[2791,0],[2793,0],[3048,0],[2536,0],]]
[2793,3,7,[[2794,0],[2792,0],[3049,0],[3048,0],[2537,0],]]
[2794,5,7,[[2793,0],[2795,0],[3050,0],[2538,0],]]
[2795,19,7,[[2796,0],[2794,0],[3051,0],[3050,0],[2539,0],]]
[2796,7,7,[[2795,0],[2797,0],[3052,0],[2540,0],]]
[2797,3,7,[[2798,0],[2796,0],[3053,0],[3052,0],[2541,0],]]
[2798,16,7,[[2797,0],[2799,0],[3054,0],[2542,0],]]
[2799,15,7,[[2800,0],[2798,0],[3055,0],[3054,0],[2543,0],]]
[2800,9,7,[[2799,0],[2801,0],[3056,0],[2544,0],]]
[2801,3,7,[[2802,0],[2800,0],[3057,0],[3056,0],[2545,0],]]
[2802,8,7,[[2801,0],[2803,0],[3058,0],[2546,0],]]
[2803,13,7,[[2804,0],[2802,0],[3059,0],[3058,0],[2547,0],]]
[2804,9,7,[[2803,0],[2805,0],[3060,0],[2548,0],]]
[2805,4,7,[[2806,0],[2804,0],[3061,0],[3060,0],[2549,0],]]
[2806,4,7,[[2805,0],[2807,0],[3062,0],[2550,0],]]
[2807,16,7,[[2808,0],[2806,0],[3063,0],[3062,0],[2551,0],]]
[2808,17,7,[[2807,0],[2809,0],[3064,0],[2552,0],]]
[2809,15,7,[[2810,0],[2808,0],[3065,0],[3064,0],[2553,0],]]
[2810,19,7,[[2809,0],[2811,0],[3066,0],[2554,0],]]
[2811,8,7,[[2812,0],[2810,0],[3067,0],[3066,0],[2555,0],]]
[2812,10,7,[[2811,0],[2813,0],[3068,0],[2556,0],]]
[2813,6,7,[[2814,0],[2812,0],[3069,0],[3068,0],[2557,0],]]
[2814,7,7,[[2813,0],[2815,0],[3070,0],[2558,0],]]
[2815,2,7,[[2814,0],[3071,0],[3070,0],[2559,0],]]
[2816,8,0,[[2817,0],[2560,0],[2561,0],[3072,0],]]
[2817,8,0,[[2818,0],[2816,0],[2561,0],[3073,0],]]
[2818,13,0,[[2817,0],[2819,0],[2562,0],[2563,0],[3074,0],]]
[2819,1,0,[[2820,0],[2818,0],[2563,0],[3075,0],]]
[2820,13,0,[[2819,0],[2821,0],[2564,0],[2565,0],[3076,0],]]
[2821,15,0,[[2822,0],[2820,0],[2565,0],[3077,0],]]
[2822,2,0,[[2821,0],[2823,0],[2566,0],[2567,0],[3078,0],]]
[2823,19,0,[[2824,0],[2822,0],[2567,0],[3079,0],]]
[2824,17,0,[[2823,0],[2825,0],[2568,0],[2569,0],[3080,0],]]
[2825,15,0,[[2826,0],[2824,0],[2569,0],[3081,0],]]
[2826,1,0,[[2825,0],[2827,0],[2570,0],[2571,0],[3082,0],]]
[2827,11,0,[[2828,0],[2826,0],[2571,0],[3083,0],]]
[2828,5,0,[[2827,0],[2829,0],[2572,0],[2573,0],[3084,0],]]
[2829,6,0,[[2830,0],[2828,0],[2573,0],[3085,0],]]
[2830,4,0,[[2829,0],[2831,0],[2574,0],[2575,0],[3086,0],]]
[2831,3,0,[[2832,0],[2830,0],[2575,0],[3087,0],]]
[2832,6,0,[[2831,0],[2833,0],[2576,0],[2577,0],[3088,0],]]
[2833,4,0,[[2834,0],[2832,0],[2577,0],[3089,0],]]
[2834,4,0,[[2833,0],[2835,0],[2578,0],[2579,0],[3090,0],]]
[2835,7,0,[[2836,0],[2834,0],[2579,0],[3091,0],]]
[2836,6,0,[[2835,0],[2837,0],[2580,0],[2581,0],[3092,0],]]
[2837,6,0,[[2838,0],[2836,0],[2581,0],[3093,0],]]
[2838,4,0,[[2837,0],[2839,0],[2582,0],[2583,0],[3094,0],]]
[2839,14,0,[[2840,0],[2838,0],[2583,0],[3095,0],]]
[2840,3,0,[[2839,0],[2841,0],[2584,0],[2585,0],[3096,0],]]
[2841,12,0,[[2842,0],[2840,0],[2585,0],[3097,0],]]
[2842,2,0,[[2841,0],[2843,0],[2586,0],[2587,0],[3098,0],]]
[2843,18,0,[[2844,0],[2842,0],[2587,0],[3099,0],]]
[2844,12,0,[[2843,0],[2845,0],[2588,0],[2589,0],[3100,0],]]
[2845,17,0,[[2846,0],[2844,0],[2589,0],[3101,0],]]
[2846,19,0,[[2845,0],[2847,0],[2590,0],[2591,0],[3102,0],]]
[2847,18,0,[[2848,0],[2846,0],[2591,0],[3103,0],]]
[2848,19,1,[[2847,0],[2849,0],[2592,0],[2593,0],[3104,0],]]
[2849,13,1,[[2850,0],[2848,0],[2593,0],[3105,0],]]
[2850,1,1,[[2849,0],[2851,0],[2594,0],[2595,0],[3106,0],]]
[2851,10,1,[[2852,0],[2850,0],[2595,0],[3107,0],]]
[2852,15,1,[[2851,0],[2853,0],[2596,0],[2597,0],[3108,0],]]
[2853,1,1,[[2854,0],[2852,0],[2597,0],[3109,0],]]
[2854,8,1,[[2853,0],[2855,0],[2598,0],[2599,0],[3110,0],]]
[2855,16,1,[[2856,0],[2854,0],[2599,0],[3111,0],]]
[2856,1,1,[[2855,0],[2857,0],[2600,0],[2601,0],[3112,0],]]
[2857,13,1,[[2858,0],[2856,0],[2601,0],[3113,0],]]
[2858,6,1,[[2857,0],[2859,0],[2602,0],[2603,0],[3114,0],]]
[2859,2,1,[[2860,0],[2858,0],[2603,0],[3115,0],]]
[2860,3,1,[[2859,0],[2861,0],[2604,0],[2605,0],[3116,0],]]
[2861,13,1,[[2862,0],[2860,0],[2605,0],[3117,0],]]
[2862,13,1,[[2861,0],[2863,0],[2606,0],[2607,0],[3118,0],]]
[2863,3,1,[[2864,0],[2862,0],[2607,0],[3119,0],]]
[2864,5,1,[[2863,0],[2865,0],[2608,0],[2609,0],[3120,0],]]
[2865,13,1,[[2866,0],[2864,0],[2609,0],[3121,0],]]
[2866,14,1,[[2865,0],[2867,0],[2610,0],[2611,0],[3122,0],]]
[2867,8,1,[[2868,0],[2866,0],[2611,0],[3123,0],]]
[2868,3,1,[[2867,0],[2869,0],[2612,0],[2613,0],[3124,0],]]
[2869,19,1,[[2870,0],[2868,0],[2613,0],[3125,0],]]
[2870,12,1,[[2869,0],[2871,0],[2614,0],[2615,0],[3126,0],]]
[2871,17,1,[[2872,0],[2870,0],[2615,0],[3127,0],]]
[2872,4,1,[[2871,0],[2873,0],[2616,0],[2617,0],[3128,0],]]
[2873,17,1,[[2874,0],[2872,0],[2617,0],[3129,0],]]
[2874,8,1,[[2873,0],[2875,0],[2618,0],[2619,0],[3130,0],]]
[2875,10,1,[[2876,0],[2874,0],[2619,0],[3131,0],]]
[2876,12,1,[[2875,0],[2877,0],[2620,0],[2621,0],[3132,0],]]
[2877,7,1,[[2878,0],[2876,0],[2621,0],[3133,0],]]
[2878,17,1,[[2877,0],[2879,0],[2622,0],[2623,0],[3134,0],]]
[2879,9,1,[[2880,0],[2878,0],[2623,0],[3135,0],]]
[2880,6,2,[[2879,0],[2881,0],[2624,0],[2625,0],[3136,0],]]
[2881,16,2,[[2882,0],[2880,0],[2625,0],[3137,0],]]
[2882,13,2,[[2881,0],[2883,0],[2626,0],[2627,0],[3138,0],]]
[2883,9,2,[[2884,0],[2882,0],[2627,0],[3139,0],]]
[2884,4,2,[[2883,0],[2885,0],[2628,0],[2629,0],[3140,0],]]
[2885,3,2,[[2886,0],[2884,0],[2629,0],[3141,0],]]
[2886,12,2,[[2885,0],[2887,0],[2630,0],[2631,0],[3142,0],]]
[2887,7,2,[[2888,0],[2886,0],[2631,0],[3143,0],]]
[2888,13,2,[[2887,0],[2889,0],[2632,0],[2633,0],[3144,0],]]
[2889,14,2,[[2890,0],[2888,0],[2633,0],[3145,0],]]
[2890,1,2,[[2889,0],[2891,0],[2634,0],[2635,0],[3146,0],]]
[2891,14,2,[[2892,0],[2890,0],[2635,0],[3147,0],]]
[2892,13,2,[[2891,0],[2893,0],[2636,0],[2637,0],[3148,0],]]
[2893,4,2,[[2894,0],[2892,0],[2637,0],[3149,0],]]
[2894,3,2,[[2893,0],[2895,0],[2638,0],[2639,0],[3150,0],]]
[2895,15,2,[[2896,0],[2894,0],[2639,0],[3151,0],]]
[2896,7,2,[[2895,0],[2897,0],[2640,0],[2641,0],[3152,0],]]
[2897,5,2,[[2898,0],[2896,0],[2641,0],[3153,0],]]
[2898,4,2,[[2897,0],[2899,0],[2642,0],[2643,0],[3154,0],]]
[2899,11,2,[[2900,0],[2898,0],[2643,0],[3155,0],]]
[2900,1,2,[[2899,0],[2901,0],[2644,0],[2645,0],[3156,0],]]
[2901,14,2,[[2902,0],[2900,0],[2645,0],[3157,0],]]
[2902,6,2,[[2901,0],[2903,0],[2646,0],[2647,0],[3158,0],]]
[2903,4,2,[[2904,0],[2902,0],[2647,0],[3159,0],]]
[2904,8,2,[[2903,0],[2905,0],[2648,0],[2649,0],[3160,0],]]
[2905,10,2,[[2906,0],[2904,0],[2649,0],[3161,0],]]
[2906,15,2,[[2905,0],[2907,0],[2650,0],[2651,0],[3162,0],]]
[2907,16,2,[[2908,0],[2906,0],[2651,0],[3163,0],]]
[2908,18,2,[[2907,0],[2909,0],[2652,0],[2653,0],[3164,0],]]
[2909,19,2,[[2910,0],[2908,0],[2653,0],[3165,0],]]
[2910,4,2,[[2909,0],[2911,0],[2654,0],[2655,0],[3166,0],]]
[2911,15,2,[[2912,0],[2910,0],[2655,0],[3167,0],]]
[2912,15,3,[[2911,0],[2913,0],[2656,0],[2657,0],[3168,0],]]
[2913,17,3,[[2914,0],[2912,0],[2657,0],[3169,0],]]
[2914,14,3,[[2913,0],[2915,0],[2658,0],[2659,0],[3170,0],]]
[2915,5,3,[[2916,0],[2914,0],[2659,0],[3171,0],]]
[2916,4,3,[[2915,0],[2917,0],[2660,0],[2661,0],[3172,0],]]
[2917,2,3,[[2918,0],[2916,0],[2661,0],[3173,0],]]
[2918,7,3,[[2917,0],[2919,0],[2662,0],[2663,0],[3174,0],]]
[2919,17,3,[[2920,0],[2918,0],[2663,0],[3175,0],]]
[2920,6,3,[[2919,0],[2921,0],[2664,0],[2665,0],[3176,0],]]
[2921,8,3,[[2922,0],[2920,0],[2665,0],[3177,0],]]
[2922,12,3,[[2921,0],[2923,0],[2666,0],[2667,0],[3178,0],]]
[2923,9,3,[[2924,0],[2922,0],[2667,0],[3179,0],]]
[2924,13,3,[[2923,0],[2925,0],[2668,0],[2669,0],[3180,0],]]
[2925,14,3,[[2926,0],[2924,0],[2669,0],[3181,0],]]
[2926,4,3,[[2925,0],[2927,0],[2670,0],[2671,0],[3182,0],]]
[2927,7,3,[[2928,0],[2926,0],[2671,0],[3183,0],]]
[2928,7,3,[[2927,0],[2929,0],[2672,0],[2673,0],[3184,0],]]
[2929,16,3,[[2930,0],[2928,0],[2673,0],[3185,0],]]
[2930,4,3,[[2929,0],[2931,0],[2674,0],[2675,0],[3186,0],]]
[2931,12,3,[[2932,0],[2930,0],[2675,0],[3187,0],]]
[2932,3,3,[[2931,0],[2933,0],[2676,0],[2677,0],[3188,0],]]
[2933,10,3,[[2934,0],[2932,0],[2677,0],[3189,0],]]
[2934,18,3,[[2933,0],[2935,0],[2678,0],[2679,0],[3190,0],]]
[2935,7,3,[[2936,0],[2934,0],[2679,0],[3191,0],]]
[2936,3,3,[[2935,0],[2937,0],[2680,0],[2681,0],[3192,0],]]
[2937,17,3,[[2938,0],[2936,0],[2681,0],[3193,0],]]
[2938,4,3,[[2937,0],[2939,0],[2682,0],[2683,0],[3194,0],]]
[2939,12,3,[[2940,0],[2938,0],[2683,0],[3195,0],]]
[2940,18,3,[[2939,0],[2941,0],[2684,0],[2685,0],[3196,0],]]
[2941,1,3,[[2942,0],[2940,0],[2685,0],[3197,0],]]
[2942,4,3,[[2941,0],[2943,0],[2686,0],[2687,0],[3198,0],]]
[2943,16,3,[[2944,0],[2942,0],[2687,0],[3199,0],]]
[2944,1,4,[[2943,0],[2945,0],[2688,0],[2689,0],[3200,0],]]
[2945,3,4,[[2946,0],[2944,0],[2689,0],[3201,0],]]
[2946,9,4,[[2945,0],[2947,0],[2690,0],[2691,0],[3202,0],]]
[2947,13,4,[[2948,0],[2946,0],[2691,0],[3203,0],]]
[2948,4,4,[[2947,0],[2949,0],[2692,0],[2693,0],[3204,0],]]
[2949,1,4,[[2950,0],[2948,0],[2693,0],[3205,0],]]
[2950,1,4,[[2949,0],[2951,0],[2694,0],[2695,0],[3206,0],]]
[2951,12,4,[[2952,0],[2950,0],[2695,0],[3207,0],]]
[2952,8,4,[[2951,0],[2953,0],[2696,0],[2697,0],[3208,0],]]
[2953,6,4,[[2954,0],[2952,0],[2697,0],[3209,0],]]
[2954,13,4,[[2953,0],[2955,0],[2698,0],[2699,0],[3210,0],]]
[2955,13,4,[[2956,0],[2954,0],[2699,0],[3211,0],]]
[2956,10,4,[[2955,0],[2957,0],[2700,0],[2701,0],[3212,0],]]
[2957,11,4,[[2958,0],[2956,0],[2701,0],[3213,0],]]
[2958,11,4,[[2957,0],[2959,0],[2702,0],[2703,0],[3214,0],]]
[2959,11,4,[[2960,0],[2958,0],[2703,0],[3215,0],]]
[2960,6,4,[[2959,0],[2961,0],[2704,0],[2705,0],[3216,0],]]
[2961,3,4,[[2962,0],[2960,0],[2705,0],[3217,0],]]
[2962,14,4,[[2961,0],[2963,0],[2706,0],[2707,0],[3218,0],]]
[2963,10,4,[[2964,0],[2962,0],[2707,0],[3219,0],]]
[2964,3,4,[[2963,0],[2965,0],[2708,0],[2709,0],[3220,0],]]
[2965,2,4,[[2966,0],[2964,0],[2709,0],[3221,0],]]
[2966,11,4,[[2965,0],[2967,0],[2710,0],[2711,0],[3222,0],]]
[2967,13,4,[[2968,0],[2966,0],[2711,0],[3223,0],]]
[2968,15,4,[[2967,0],[2969,0],[2712,0],[2713,0],[3224,0],]]
[2969,8,4,[[2970,0],[2968,0],[2713,0],[3225,0],]]
[2970,5,4,[[2969,0],[2971,0],[2714,0],[2715,0],[3226,0],]]
[2971,7,4,[[2972,0],[2970,0],[2715,0],[3227,0],]]
[2972,4,4,[[2971,0],[2973,0],[2716,0],[2717,0],[3228,0],]]
[2973,17,4,[[2974,0],[2972,0],[2717,0],[3229,0],]]
[2974,17,4,[[2973,0],[2975,0],[2718,0],[2719,0],[3230,0],]]
[2975,7,4,[[2976,0],[2974,0],[2719,0],[3231,0],]]
[2976,19,5,[[2975,0],[2977,0],[2720,0],[2721,0],[3232,0],]]
[2977,10,5,[[2978,0],[2976,0],[2721,0],[3233,0],]]
[2978,2,5,[[2977,0],[2979,0],[2722,0],[2723,0],[3234,0],]]
[2979,14,5,[[2980,0],[2978,0],[2723,0],[3235,0],]]
[2980,12,5,[[2979,0],[2981,0],[2724,0],[2725,0],[3236,0],]]
[2981,8,5,[[2982,0],[2980,0],[2725,0],[3237,0],]]
[2982,8,5,[[2981,0],[2983,0],[2726,0],[2727,0],[3238,0],]]
[2983,9,5,[[2984,0],[2982,0],[2727,0],[3239,0],]]
[2984,13,5,[[2983,0],[2985,0],[2728,0],[2729,0],[3240,0],]]
[2985,5,5,[[2986,0],[2984,0],[2729,0],[3241,0],]]
[2986,3,5,[[2985,0],[2987,0],[2730,0],[2731,0],[3242,0],]]
[2987,14,5,[[2988,0],[2986,0],[2731,0],[3243,0],]]
[2988,15,5,[[2987,0],[2989,0],[2732,0],[2733,0],[3244,0],]]
[2989,13,5,[[2990,0],[2988,0],[2733,0],[3245,0],]]
[2990,8,5,[[2989,0],[2991,0],[2734,0],[2735,0],[3246,0],]]
[2991,17,5,[[2992,0],[2990,0],[2735,0],[3247,0],]]
[2992,10,5,[[2991,0],[2993,0],[2736,0],[2737,0],[3248,0],]]
[2993,7,5,[[2994,0],[2992,0],[2737,0],[3249,0],]]
[2994,10,5,[[2993,0],[2995,0],[2738,0],[2739,0],[3250,0],]]
[2995,15,5,[[2996,0],[2994,0],[2739,0],[3251,0],]]
[2996,13,5,[[2995,0],[2997,0],[2740,0],[2741,0],[3252,0],]]
[2997,7,5,[[2998,0],[2996,0],[2741,0],[3253,0],]]
[2998,2,5,[[2997,0],[2999,0],[2742,0],[2743,0],[3254,0],]]
[2999,12,5,[[3000,0],[2998,0],[2743,0],[3255,0],]]
[3000,6,5,[[2999,0],[3001,0],[2744,0],[2745,0],[3256,0],]]
[3001,11,5,[[3002,0],[3000,0],[2745,0],[3257,0],]]
[3002,7,5,[[3001,0],[3003,0],[2746,0],[2747,0],[3258,0],]]
[3003,13,5,[[3004,0],[3002,0],[2747,0],[3259,0],]]
[3004,6,5,[[3003,0],[3005,0],[2748,0],[2749,0],[3260,0],]]
[3005,8,5,[[3006,0],[3004,0],[2749,0],[3261,0],]]
[3006,15,5,[[3005,0],[3007,0],[2750,0],[2751,0],[3262,0],]]
[3007,13,5,[[3008,0],[3006,0],[2751,0],[3263,0],]]
[3008,14,6,[[3007,0],[3009,0],[2752,0],[2753,0],[3264,0],]]
[3009,14,6,[[3010,0],[3008,0],[2753,0],[3265,0],]]
[3010,12,6,[[3009,0],[3011,0],[2754,0],[2755,0],[3266,0],]]
[3011,11,6,[[3012,0],[3010,0],[2755,0],[3267,0],]]
[3012,19,6,[[3011,0],[3013,0],[2756,0],[2757,0],[3268,0],]]
[3013,12,6,[[3014,0],[3012,0],[2757,0],[3269,0],]]
[3014,1,6,[[3013,0],[3015,0],[2758,0],[2759,0],[3270,0],]]
[3015,4,6,[[3016,0],[3014,0],[2759,0],[3271,0],]]
[3016,9,6,[[3015,0],[3017,0],[2760,0],[2761,0],[3272,0],]]
[3017,1,6,[[3018,0],[3016,0],[2761,0],[3273,0],]]
[3018,2,6,[[3017,0],[3019,0],[2762,0],[2763,0],[3274,0],]]
[3019,5,6,[[3020,0],[3018,0],[2763,0],[3275,0],]]
[3020,13,6,[[3019,0],[3021,0],[2764,0],[2765,0],[3276,0],]]
[3021,1,6,[[3022,0],[3020,0],[2765,0],[3277,0],]]
[3022,1,6,[[3021,0],[3023,0],[2766,0],[2767,0],[3278,0],]]
[3023,19,6,[[3024,0],[3022,0],[2767,0],[3279,0],]]
[3024,16,6,[[3023,0],[3025,0],[2768,0],[2769,0],[3280,0],]]
[3025,17,6,[[3026,0],[3024,0],[2769,0],[3281,0],]]
[3026,11,6,[[3025,0],[3027,0],[2770,0],[2771,0],[3282,0],]]
[3027,1,6,[[3028,0],[3026,0],[2771,0],[3283,0],]]
[3028,19,6,[[3027,0],[3029,0],[2772,0],[2773,0],[3284,0],]]
[3029,11,6,[[3030,0],[3028,0],[2773,0],[3285,0],]]
[3030,19,6,[[3029,0],[3031,0],[2774,0],[2775,0],[3286,0],]]
[3031,5,6,[[3032,0],[3030,0],[2775,0],[3287,0],]]
[3032,13,6,[[3031,0],[3033,0],[2776,0],[2777,0],[3288,0],]]
[3033,2,6,[[3034,0],[3032,0],[2777,0],[3289,0],]]
[3034,10,6,[[3033,0],[3035,0],[2778,0],[2779,0],[3290,0],]]
[3035,18,6,[[3036,0],[3034,0],[2779,0],[3291,0],]]
[3036,3,6,[[3035,0],[3037,0],[2780,0],[2781,0],[3292,0],]]
[3037,8,6,[[3038,0],[3036,0],[2781,0],[3293,0],]]
[3038,15,6,[[3037,0],[3039,0],[2782,0],[2783,0],[3294,0],]]
[3039,19,6,[[3040,0],[3038,0],[2783,0],[3295,0],]]
[3040,1,7,[[3039,0],[3041,0],[2784,0],[2785,0],[3296,0],]]
[3041,17,7,[[3042,0],[3040,0],[2785,0],[3297,0],]]
[3042,2,7,[[3041,0],[3043,0],[2786,0],[2787,0],[3298,0],]]
[3043,13,7,[[3044,0],[3042,0],[2787,0],[3299,0],]]
[3044,5,7,[[3043,0],[3045,0],[2788,0],[2789,0],[3300,0],]]
[3045,14,7,[[3046,0],[3044,0],[2789,0],[3301,0],]]
[3046,9,7,[[3045,0],[3047,0],[2790,0],[2791,0],[3302,0],]]
[3047,7,7,[[3048,0],[3046,0],[2791,0],[3303,0],]]
[3048,12,7,[[3047,0],[3049,0],[2792,0],[2793,0],[3304,0],]]
[3049,11,7,[[3050,0],[3048,0],[2793,0],[3305,0],]]
[3050,18,7,[[3049,0],[3051,0],[2794,0],[2795,0],[3306,0],]]
[3051,12,7,[[3052,0],[3050,0],[2795,0],[3307,0],]]
[3052,17,7,[[3051,0],[3053,0],[2796,0],[2797,0],[3308,0],]]
[3053,19,7,[[3054,0],[3052,0],[2797,0],[3309,0],]]
[3054,5,7,[[3053,0],[3055,0],[2798,0],[2799,0],[3310,0],]]
[3055,5,7,[[3056,0],[3054,0],[2799,0],[3311,0],]]
[3056,17,7,[[3055,0],[3057,0],[2800,0],[2801,0],[3312,0],]]
[3057,2,7,[[3058,0],[3056,0],[2801,0],[3313,0],]]
[3058,2,7,[[3057,0],[3059,0],[2802,0],[2803,0],[3314,0],]]
[3059,3,7,[[3060,0],[3058,0],[2803,0],[3315,0],]]
[3060,13,7,[[3059,0],[3061,0],[2804,0],[2805,0],[3316,0],]]
[3061,10,7,[[3062,0],[3060,0],[2805,0],[3317,0],]]
[3062,7,7,[[3061,0],[3063,0],[2806,0],[2807,0],[3318,0],]]
[3063,4,7,[[3064,0],[3062,0],[2807,0],[3319,0],]]
[3064,19,7,[[3063,0],[3065,0],[2808,0],[2809,0],[3320,0],]]
[3065,6,7,[[3066,0],[3064,0],[2809,0],[3321,0],]]
[3066,17,7,[[3065,0],[3067,0],[2810,0],[2811,0],[3322,0],]]
[3067,9,7,[[3068,0],[3066,0],[2811,0],[3323,0],]]
[3068,18,7,[[3067,0],[3069,0],[2812,0],[2813,0],[3324,0],]]
[3069,13,7,[[3070,0],[3068,0],[2813,0],[3325,0],]]
[3070,4,7,[[3069,0],[3071,0],[2814,0],[2815,0],[3326,0],]]
[3071,17,7,[[3070,0],[2815,0],[3327,0],]]
[3072,7,0,[[3073,0],[3328,0],[2816,0],]]
[3073,12,0,[[3074,0],[3072,0],[3329,0],[3328,0],[2817,0],]]
[3074,17,0,[[3073,0],[3075,0],[3330,0],[2818,0],]]
[3075,17,0,[[3076,0],[3074,0],[3331,0],[3330,0],[2819,0],]]
[3076,14,0,[[3075,0],[3077,0],[3332,0],[2820,0],]]
[3077,3,0,[[3078,0],[3076,0],[3333,0],[3332,0],[2821,0],]]
[3078,8,0,[[3077,0],[3079,0],[3334,0],[2822,0],]]
[3079,10,0,[[3080,0],[3078,0],[3335,0],[3334,0],[2823,0],]]
[3080,19,0,[[3079,0],[3081,0],[3336,0],[2824,0],]]
[3081,16,0,[[3082,0],[3080,0],[3337,0],[3336,0],[2825,0],]]
[3082,12,0,[[3081,0],[3083,0],[3338,0],[2826,0],]]
[3083,8,0,[[3084,0],[3082,0],[3339,0],[3338,0],[2827,0],]]
[3084,11,0,[[3083,0],[3085,0],[3340,0],[2828,0],]]
[3085,10,0,[[3086,0],[3084,0],[3341,0],[3340,0],[2829,0],]]
[3086,7,0,[[3085,0],[3087,0],[3342,0],[2830,0],]]
[3087,8,0,[[3088,0],[3086,0],[3343,0],[3342,0],[2831,0],]]
[3088,1,0,[[3087,0],[3089,0],[3344,0],[2832,0],]]
[3089,4,0,[[3090,0],[3088,0],[3345,0],[3344,0],[2833,0],]]
[3090,5,0,[[3089,0],[3091,0],[3346,0],[2834,0],]]
[3091,8,0,[[3092,0],[3090,0],[3347,0],[3346,0],[2835,0],]]
[3092,18,0,[[3091,0],[3093,0],[3348,0],[2836,0],]]
[3093,3,0,[[3094,0],[3092,0],[3349,0],[3348,0],[2837,0],]]
[3094,8,0,[[3093,0],[3095,0],[3350,0],[2838,0],]]
[3095,1,0,[[3096,0],[3094,0],[3351,0],[3350,0],[2839,0],]]
[3096,8,0,[[3095,0],[3097,0],[3352,0],[2840,0],]]
[3097,11,0,[[3098,0],[3096,0],[3353,0],[3352,0],[2841,0],]]
[3098,2,0,[[3097,0],[3099,0],[3354,0],[2842,0],]]
[3099,11,0,[[3100,0],[3098,0],[3355,0],[3354,0],[2843,0],]]
[3100,3,0,[[3099,0],[3101,0],[3356,0],[2844,0],]]
[3101,2,0,[[3102,0],[3100,0],[3357,0],[3356,0],[2845,0],]]
[3102,6,0,[[3101,0],[3103,0],[3358,0],[2846,0],]]
[3103,14,0,[[3104,0],[3102,0],[3359,0],[3358,0],[2847,0],]]
[3104,13,1,[[3103,0],[3105,0],[3360,0],[2848,0],]]
[3105,13,1,[[3106,0],[3104,0],[3361,0],[3360,0],[2849,0],]]
[3106,18,1,[[3105,0],[3107,0],[3362,0],[2850,0],]]
[3107,6,1,[[3108,0],[3106,0],[3363,0],[3362,0],[2851,0],]]
[3108,17,1,[[3107,0],[3109,0],[3364,0],[2852,0],]]
[3109,4,1,[[3110,0],[3108,0],[3365,0],[3364,0],[2853,0],]]
[3110,18,1,[[3109,0],[3111,0],[3366,0],[2854,0],]]
[3111,18,1,[[3112,0],[3110,0],[3367,0],[3366,0],[2855,0],]]
[3112,2,1,[[3111,0],[3113,0],[3368,0],[2856,0],]]
[3113,18,1,[[3114,0],[3112,0],[3369,0],[3368,0],[2857,0],]]
[3114,18,1,[[3113,0],[3115,0],[3370,0],[2858,0],]]
[3115,14,1,[[3116,0],[3114,0],[3371,0],[3370,0],[2859,0],]]
[3116,10,1,[[3115,0],[3117,0],[3372,0],[2860,0],]]
[3117,9,1,[[3118,0],[3116,0],[3373,0],[3372,0],[2861,0],]]
[3118,16,1,[[3117,0],[3119,0],[3374,0],[2862,0],]]
[3119,9,1,[[3120,0],[3118,0],[3375,0],[3374,0],[2863,0],]]
[3120,3,1,[[3119,0],[3121,0],[3376,0],[2864,0],]]
[3121,18,1,[[3122,0],[3120,0],[3377,0],[3376,0],[2865,0],]]
[3122,17,1,[[3121,0],[3123,0],[3378,0],[2866,0],]]
[3123,12,1,[[3124,0],[3122,0],[3379,0],[3378,0],[2867,0],]]
[3124,12,1,[[3123,0],[3125,0],[3380,0],[2868,0],]]
[3125,7,1,[[3126,0],[3124,0],[3381,0],[3380,0],[2869,0],]]
[3126,10,1,[[3125,0],[3127,0],[3382,0],[2870,0],]]
[3127,8,1,[[3128,0],[3126,0],[3383,0],[3382,0],[2871,0],]]
[3128,14,1,[[3127,0],[3129,0],[3384,0],[2872,0],]]
[3129,10,1,[[3130,0],[3128,0],[3385,0],[3384,0],[2873,0],]]
[3130,8,1,[[3129,0],[3131,0],[3386,0],[2874,0],]]
[3131,14,1,[[3132,0],[3130,0],[3387,0],[3386,0],[2875,0],]]
[3132,1,1,[[3131,0],[3133,0],[3388,0],[2876,0],]]
[3133,3,1,[[3134,0],[3132,0],[3389,0],[3388,0],[2877,0],]]
[3134,11,1,[[3133,0],[3135,0],[3390,0],[2878,0],]]
[3135,5,1,[[3136,0],[3134,0],[3391,0],[3390,0],[2879,0],]]
[3136,1,2,[[3135,0],[3137,0],[3392,0],[2880,0],]]
[3137,11,2,[[3138,0],[3136,0],[3393,0],[3392,0],[2881,0],]]
[3138,3,2,[[3137,0],[3139,0],[3394,0],[2882,0],]]
[3139,15,2,[[3140,0],[3138,0],[3395,0],[3394,0],[2883,0],]]
[3140,6,2,[[3139,0],[3141,0],[3396,0],[2884,0],]]
[3141,15,2,[[3142,0],[3140,0],[3397,0],[3396,0],[2885,0],]]
[3142,6,2,[[3141,0],[3143,0],[3398,0],[2886,0],]]
[3143,12,2,[[3144,0],[3142,0],[3399,0],[3398,0],[2887,0],]]
[3144,5,2,[[3143,0],[3145,0],[3400,0],[2888,0],]]
[3145,18,2,[[3146,0],[3144,0],[3401,0],[3400,0],[2889,0],]]
[3146,18,2,[[3145,0],[3147,0],[3402,0],[2890,0],]]
[3147,8,2,[[3148,0],[3146,0],[3403,0],[3402,0],[2891,0],]]
[3148,14,2,[[3147,0],[3149,0],[3404,0],[2892,0],]]
[3149,5,2,[[3150,0],[3148,0],[3405,0],[3404,0],[2893,0],]]
[3150,8,2,[[3149,0],[3151,0],[3406,0],[2894,0],]]
[3151,9,2,[[3152,0],[3150,0],[3407,0],[3406,0],[2895,0],]]
[3152,4,2,[[3151,0],[3153,0],[3408,0],[2896,0],]]
[3153,18,2,[[3154,0],[3152,0],[3409,0],[3408,0],[2897,0],]]
[3154,18,2,[[3153,0],[3155,0],[3410,0],[2898,0],]]
[3155,16,2,[[3156,0],[3154,0],[3411,0],[3410,0],[2899,0],]]
[3156,12,2,[[3155,0],[3157,0],[3412,0],[2900,0],]]
[3157,12,2,[[3158,0],[3156,0],[3413,0],[3412,0],[2901,0],]]
[3158,4,2,[[3157,0],[3159,0],[3414,0],[2902,0],]]
[3159,14,2,[[3160,0],[3158,0],[3415,0],[3414,0],[2903,0],]]
[3160,3,2,[[3159,0],[3161,0],[3416,0],[2904,0],]]
[3161,5,2,[[3162,0],[3160,0],[3417,0],[3416,0],[2905,0],]]
[3162,15,2,[[3161,0],[3163,0],[3418,0],[2906,0],]]
[3163,11,2,[[3164,0],[3162,0],[3419,0],[3418,0],[2907,0],]]
[3164,13,2,[[3163,0],[3165,0],[3420,0],[2908,0],]]
[3165,8,2,[[3166,0],[3164,0],[3421,0],[3420,0],[2909,0],]]
[3166,5,2,[[3165,0],[3167,0],[3422,0],[2910,0],]]
[3167,9,2,[[3168,0],[3166,0],[3423,0],[3422,0],[2911,0],]]
[3168,18,3,[[3167,0],[3169,0],[3424,0],[2912,0],]]
[3169,13,3,[[3170,0],[3168,0],[3425,0],[3424,0],[2913,0],]]
[3170,18,3,[[3169,0],[3171,0],[3426,0],[2914,0],]]
[3171,6,3,[[3172,0],[3170,0],[3427,0],[3426,0],[2915,0],]]
[3172,9,3,[[3171,0],[3173,0],[3428,0],[2916,0],]]
[3173,2,3,[[3174,0],[3172,0],[3429,0],[3428,0],[2917,0],]]
[3174,17,3,[[3173,0],[3175,0],[3430,0],[2918,0],]]
[3175,17,3,[[3176,0],[3174,0],[3431,0],[3430,0],[2919,0],]]
[3176,7,3,[[3175,0],[3177,0],[3432,0],[2920,0],]]
[3177,14,3,[[3178,0],[3176,0],[3433,0],[3432,0],[2921,0],]]
[3178,14,3,[[3177,0],[3179,0],[3434,0],[2922,0],]]
[3179,15,3,[[3180,0],[3178,0],[3435,0],[3434,0],[2923,0],]]
[3180,12,3,[[3179,0],[3181,0],[3436,0],[2924,0],]]
[3181,15,3,[[3182,0],[3180,0],[3437,0],[3436,0],[2925,0],]]
[3182,12,3,[[3181,0],[3183,0],[3438,0],[2926,0],]]
[3183,9,3,[[3184,0],[3182,0],[3439,0],[3438,0],[2927,0],]]
[3184,19,3,[[3183,0],[3185,0],[3440,0],[2928,0],]]
[3185,18,3,[[3186,0],[3184,0],[3441,0],[3440,0],[2929,0],]]
[3186,19,3,[[3185,0],[3187,0],[3442,0],[2930,0],]]
[3187,1,3,[[3188,0],[3186,0],[3443,0],[3442,0],[2931,0],]]
[3188,2,3,[[3187,0],[3189,0],[3444,0],[2932,0],]]
[3189,19,3,[[3190,0],[3188,0],[3445,0],[3444,0],[2933,0],]]
[3190,9,3,[[3189,0],[3191,0],[3446,0],[2934,0],]]
[3191,8,3,[[3192,0],[3190,0],[3447,0],[3446,0],[2935,0],]]
[3192,13,3,[[3191,0],[3193,0],[3448,0],[2936,0],]]
[3193,1,3,[[3194,0],[3192,0],[3449,0],[3448,0],[2937,0],]]
[3194,1,3,[[3193,0],[3195,0],[3450,0],[2938,0],]]
[3195,7,3,[[3196,0],[3194,0],[3451,0],[3450,0],[2939,0],]]
[3196,4,3,[[3195,0],[3197,0],[3452,0],[2940,0],]]
[3197,11,3,[[3198,0],[3196,0],[3453,0],[3452,0],[2941,0],]]
[3198,1,3,[[3197,0],[3199,0],[3454,0],[2942,0],]]
[3199,2,3,[[3200,0],[3198,0],[3455,0],[3454,0],[2943,0],]]
[3200,6,4,[[3199,0],[3201,0],[3456,0],[2944,0],]]
[3201,1,4,[[3202,0],[3200,0],[3457,0],[3456,0],[2945,0],]]
[3202,3,4,[[3201,0],[3203,0],[3458,0],[2946,0],]]
[3203,8,4,[[3204,0],[3202,0],[3459,0],[3458,0],[2947,0],]]
[3204,14,4,[[3203,0],[3205,0],[3460,0],[2948,0],]]
[3205,4,4,[[3206,0],[3204,0],[3461,0],[3460,0],[2949,0],]]
[3206,11,4,[[3205,0],[3207,0],[3462,0],[2950,0],]]
[3207,8,4,[[3208,0],[3206,0],[3463,0],[3462,0],[2951,0],]]
[3208,3,4,[[3207,0],[3209,0],[3464,0],[2952,0],]]
[3209,2,4,[[3210,0],[3208,0],[3465,0],[3464,0],[2953,0],]]
[3210,15,4,[[3209,0],[3211,0],[3466,0],[2954,0],]]
[3211,3,4,[[3212,0],[3210,0],[3467,0],[3466,0],[2955,0],]]
[3212,4,4,[[3211,0],[3213,0],[3468,0],[2956,0],]]
[3213,5,4,[[3214,0],[3212,0],[3469,0],[3468,0],[2957,0],]]
[3214,4,4,[[3213,0],[3215,0],[3470,0],[2958,0],]]
[3215,4,4,[[3216,0],[3214,0],[3471,0],[3470,0],[2959,0],]]
[3216,12,4,[[3215,0],[3217,0],[3472,0],[2960,0],]]
[3217,19,4,[[3218,0],[3216,0],[3473,0],[3472,0],[2961,0],]]
[3218,15,4,[[3217,0],[3219,0],[3474,0],[2962,0],]]
[3219,14,4,[[3220,0],[3218,0],[3475,0],[3474,0],[2963,0],]]
[3220,3,4,[[3219,0],[3221,0],[3476,0],[2964,0],]]
[3221,13,4,[[3222,0],[3220,0],[3477,0],[3476,0],[2965,0],]]
[3222,15,4,[[3221,0],[3223,0],[3478,0],[2966,0],]]
[3223,7,4,[[3224,0],[3222,0],[3479,0],[3478,0],[2967,0],]]
[3224,2,4,[[3223,0],[3225,0],[3480,0],[2968,0],]]
[3225,9,4,[[3226,0],[3224,0],[3481,0],[3480,0],[2969,0],]]
[3226,10,4,[[3225,0],[3227,0],[3482,0],[2970,0],]]
[3227,14,4,[[3228,0],[3226,0],[3483,0],[3482,0],[2971,0],]]
[3228,9,4,[[3227,0],[3229,0],[3484,0],[2972,0],]]
[3229,1,4,[[3230,0],[3228,0],[3485,0],[3484,0],[2973,0],]]
[3230,12,4,[[3229,0],[3231,0],[3486,0],[2974,0],]]
[3231,4,4,[[3232,0],[3230,0],[3487,0],[3486,0],[2975,0],]]
[3232,14,5,[[3231,0],[3233,0],[3488,0],[2976,0],]]
[3233,13,5,[[3234,0],[3232,0],[3489,0],[3488,0],[2977,0],]]
[3234,8,5,[[3233,0],[3235,0],[3490,0],[2978,0],]]
[3235,16,5,[[3236,0],[3234,0],[3491,0],[3490,0],[2979,0],]]
[3236,14,5,[[3235,0],[3237,0],[3492,0],[2980,0],]]
[3237,19,5,[[3238,0],[3236,0],[3493,0],[3492,0],[2981,0],]]
[3238,11,5,[[3237,0],[3239,0],[3494,0],[2982,0],]]
[3239,16,5,[[3240,0],[3238,0],[3495,0],[3494,0],[2983,0],]]
[3240,3,5,[[3239,0],[3241,0],[3496,0],[2984,0],]]
[3241,17,5,[[3242,0],[3240,0],[3497,0],[3496,0],[2985,0],]]
[3242,4,5,[[3241,0],[3243,0],[3498,0],[2986,0],]]
[3243,2,5,[[3244,0],[3242,0],[3499,0],[3498,0],[2987,0],]]
[3244,8,5,[[3243,0],[3245,0],[3500,0],[2988,0],]]
[3245,16,5,[[3246,0],[3244,0],[3501,0],[3500,0],[2989,0],]]
[3246,3,5,[[3245,0],[3247,0],[3502,0],[2990,0],]]
[3247,2,5,[[3248,0],[3246,0],[3503,0],[3502,0],[2991,0],]]
[3248,1,5,[[3247,0],[3249,0],[3504,0],[2992,0],]]
[3249,9,5,[[3250,0],[3248,0],[3505,0],[3504,0],[2993,0],]]
[3250,1,5,[[3249,0],[3251,0],[3506,0],[2994,0],]]
[3251,17,5,[[3252,0],[3250,0],[3507,0],[3506,0],[2995,0],]]
[3252,9,5,[[3251,0],[3253,0],[3508,0],[2996,0],]]
[3253,9,5,[[3254,0],[3252,0],[3509,0],[3508,0],[2997,0],]]
[3254,8,5,[[3253,0],[3255,0],[3510,0],[2998,0],]]
[3255,11,5,[[3256,0],[3254,0],[3511,0],[3510,0],[2999,0],]]
[3256,5,5,[[3255,0],[3257,0],[3512,0],[3000,0],]]
[3257,2,5,[[3258,0],[3256,0],[3513,0],[3512,0],[3001,0],]]
[3258,3,5,[[3257,0],[3259,0],[3514,0],[3002,0],]]
[3259,3,5,[[3260,0],[3258,0],[3515,0],[3514,0],[3003,0],]]
[3260,13,5,[[3259,0],[3261,0],[3516,0],[3004,0],]]
[3261,13,5,[[3262,0],[3260,0],[3517,0],[3516,0],[3005,0],]]
[3262,10,5,[[3261,0],[3263,0],[3518,0],[3006,0],]]
[3263,7,5,[[3264,0],[3262,0],[3519,0],[3518,0],[3007,0],]]
[3264,11,6,[[3263,0],[3265,0],[3520,0],[3008,0],]]
[3265,9,6,[[3266,0],[3264,0],[3521,0],[3520,0],[3009,0],]]
[3266,1,6,[[3265,0],[3267,0],[3522,0],[3010,0],]]
[3267,17,6,[[3268,0],[3266,0],[3523,0],[3522,0],[3011,0],]]
[3268,1,6,[[3267,0],[3269,0],[3524,0],[3012,0],]]
[3269,13,6,[[3270,0],[3268,0],[3525,0],[3524,0],[3013,0],]]
[3270,5,6,[[3269,0],[3271,0],[3526,0],[3014,0],]]
[3271,16,6,[[3272,0],[3270,0],[3527,0],[3526,0],[3015,0],]]
[3272,10,6,[[3271,0],[3273,0],[3528,0],[3016,0],]]
[3273,13,6,[[3274,0],[3272,0],[3529,0],[3528,0],[3017,0],]]
[3274,7,6,[[3273,0],[3275,0],[3530,0],[3018,0],]]
[3275,18,6,[[3276,0],[3274,0],[3531,0],[3530,0],[3019,0],]]
