[28180,3,24,[[28179,0],[28181,0],[28436,0],[27924,0],]]
[28181,7,24,[[28182,0],[28180,0],[28437,0],[28436,0],[27925,0],]]
[28182,8,24,[[28181,0],[28183,0],[28438,0],[27926,0],]]
[28183,17,24,[[28184,0],[28182,0],[28439,0],[28438,0],[27927,0],]]
[28184,15,24,[[28183,0],[28185,0],[28440,0],[27928,0],]]
[28185,17,24,[[28186,0],[28184,0],[28441,0],[28440,0],[27929,0],]]
[28186,17,24,[[28185,0],[28187,0],[28442,0],[27930,0],]]
[28187,11,24,[[28188,0],[28186,0],[28443,0],[28442,0],[27931,0],]]
[28188,8,24,[[28187,0],[28189,0],[28444,0],[27932,0],]]
[28189,17,24,[[28190,0],[28188,0],[28445,0],[28444,0],[27933,0],]]
[28190,18,24,[[28189,0],[28191,0],[28446,0],[27934,0],]]
[28191,14,24,[[28192,0],[28190,0],[28447,0],[28446,0],[27935,0],]]
[28192,1,25,[[28191,0],[28193,0],[28448,0],[27936,0],]]
[28193,11,25,[[28194,0],[28192,0],[28449,0],[28448,0],[27937,0],]]
[28194,16,25,[[28193,0],[28195,0],[28450,0],[27938,0],]]
[28195,13,25,[[28196,0],[28194,0],[28451,0],[28450,0],[27939,0],]]
[28196,1,25,[[28195,0],[28197,0],[28452,0],[27940,0],]]
[28197,16,25,[[28198,0],[28196,0],[28453,0],[28452,0],[27941,0],]]
[28198,16,25,[[28197,0],[28199,0],[28454,0],[27942,0],]]
[28199,11,25,[[28200,0],[28198,0],[28455,0],[28454,0],[27943,0],]]
[28200,7,25,[[28199,0],[28201,0],[28456,0],[27944,0],]]
[28201,8,25,[[28202,0],[28200,0],[28457,0],[28456,0],[27945,0],]]
[28202,11,25,[[28201,0],[28203,0],[28458,0],[27946,0],]]
[28203,5,25,[[28204,0],[28202,0],[28459,0],[28458,0],[27947,0],]]
[28204,18,25,[[28203,0],[28205,0],[28460,0],[27948,0],]]
[28205,13,25,[[28206,0],[28204,0],[28461,0],[28460,0],[27949,0],]]
[28206,5,25,[[28205,0],[28207,0],[28462,0],[27950,0],]]
[28207,8,25,[[28208,0],[28206,0],[28463,0],[28462,0],[27951,0],]]
[28208,18,25,[[28207,0],[28209,0],[28464,0],[27952,0],]]
[28209,1,25,[[28210,0],[28208,0],[28465,0],[28464,0],[27953,0],]]
[28210,13,25,[[28209,0],[28211,0],[28466,0],[27954,0],]]
[28211,16,25,[[28212,0],[28210,0],[28467,0],[28466,0],[27955,0],]]
[28212,17,25,[[28211,0],[28213,0],[28468,0],[27956,0],]]
[28213,14,25,[[28214,0],[28212,0],[28469,0],[28468,0],[27957,0],]]
[28214,2,25,[[28213,0],[28215,0],[28470,0],[27958,0],]]
[28215,14,25,[[28216,0],[28214,0],[28471,0],[28470,0],[27959,0],]]
[28216,7,25,[[28215,0],[28217,0],[28472,0],[27960,0],]]
[28217,7,25,[[28218,0],[28216,0],[28473,0],[28472,0],[27961,0],]]
[28218,17,25,[[28217,0],[28219,0],[28474,0],[27962,0],]]
[28219,10,25,[[28220,0],[28218,0],[28475,0],[28474,0],[27963,0],]]
[28220,18,25,[[28219,0],[28221,0],[28476,0],[27964,0],]]
[28221,19,25,[[28222,0],[28220,0],[28477,0],[28476,0],[27965,0],]]
[28222,5,25,[[28221,0],[28223,0],[28478,0],[27966,0],]]
[28223,12,25,[[28224,0],[28222,0],[28479,0],[28478,0],[27967,0],]]
[28224,8,26,[[28223,0],[28225,0],[28480,0],[27968,0],]]
[28225,7,26,[[28226,0],[28224,0],[28481,0],[28480,0],[27969,0],]]
[28226,2,26,[[28225,0],[28227,0],[28482,0],[27970,0],]]
[28227,16,26,[[28228,0],[28226,0],[28483,0],[28482,0],[27971,0],]]
[28228,2,26,[[28227,0],[28229,0],[28484,0],[27972,0],]]
[28229,1,26,[[28230,0],[28228,0],[28485,0],[28484,0],[27973,0],]]
[28230,9,26,[[28229,0],[28231,0],[28486,0],[27974,0],]]
[28231,2,26,[[28232,0],[28230,0],[28487,0],[28486,0],[27975,0],]]
[28232,14,26,[[28231,0],[28233,0],[28488,0],[27976,0],]]
[28233,1,26,[[28234,0],[28232,0],[28489,0],[28488,0],[27977,0],]]
[28234,6,26,[[28233,0],[28235,0],[28490,0],[27978,0],]]
[28235,18,26,[[28236,0],[28234,0],[28491,0],[28490,0],[27979,0],]]
[28236,1,26,[[28235,0],[28237,0],[28492,0],[27980,0],]]
[28237,12,26,[[28238,0],[28236,0],[28493,0],[28492,0],[27981,0],]]
[28238,13,26,[[28237,0],[28239,0],[28494,0],[27982,0],]]
[28239,2,26,[[28240,0],[28238,0],[28495,0],[28494,0],[27983,0],]]
[28240,14,26,[[28239,0],[28241,0],[28496,0],[27984,0],]]
[28241,3,26,[[28242,0],[28240,0],[28497,0],[28496,0],[27985,0],]]
[28242,16,26,[[28241,0],[28243,0],[28498,0],[27986,0],]]
[28243,15,26,[[28244,0],[28242,0],[28499,0],[28498,0],[27987,0],]]
[28244,3,26,[[28243,0],[28245,0],[28500,0],[27988,0],]]
[28245,15,26,[[28246,0],[28244,0],[28501,0],[28500,0],[27989,0],]]
[28246,15,26,[[28245,0],[28247,0],[28502,0],[27990,0],]]
[28247,7,26,[[28248,0],[28246,0],[28503,0],[28502,0],[27991,0],]]
[28248,19,26,[[28247,0],[28249,0],[28504,0],[27992,0],]]
[28249,12,26,[[28250,0],[28248,0],[28505,0],[28504,0],[27993,0],]]
[28250,16,26,[[28249,0],[28251,0],[28506,0],[27994,0],]]
[28251,13,26,[[28252,0],[28250,0],[28507,0],[28506,0],[27995,0],]]
[28252,3,26,[[28251,0],[28253,0],[28508,0],[27996,0],]]
[28253,4,26,[[28254,0],[28252,0],[28509,0],[28508,0],[27997,0],]]
[28254,6,26,[[28253,0],[28255,0],[28510,0],[27998,0],]]
[28255,19,26,[[28256,0],[28254,0],[28511,0],[28510,0],[27999,0],]]
[28256,2,27,[[28255,0],[28257,0],[28512,0],[28000,0],]]
[28257,16,27,[[28258,0],[28256,0],[28513,0],[28512,0],[28001,0],]]
[28258,13,27,[[28257,0],[28259,0],[28514,0],[28002,0],]]
[28259,16,27,[[28260,0],[28258,0],[28515,0],[28514,0],[28003,0],]]
[28260,17,27,[[28259,0],[28261,0],[28516,0],[28004,0],]]
[28261,8,27,[[28262,0],[28260,0],[28517,0],[28516,0],[28005,0],]]
[28262,12,27,[[28261,0],[28263,0],[28518,0],[28006,0],]]
[28263,3,27,[[28264,0],[28262,0],[28519,0],[28518,0],[28007,0],]]
[28264,6,27,[[28263,0],[28265,0],[28520,0],[28008,0],]]
[28265,5,27,[[28266,0],[28264,0],[28521,0],[28520,0],[28009,0],]]
[28266,8,27,[[28265,0],[28267,0],[28522,0],[28010,0],]]
[28267,15,27,[[28268,0],[28266,0],[28523,0],[28522,0],[28011,0],]]
[28268,1,27,[[28267,0],[28269,0],[28524,0],[28012,0],]]
[28269,1,27,[[28270,0],[28268,0],[28525,0],[28524,0],[28013,0],]]
[28270,19,27,[[28269,0],[28271,0],[28526,0],[28014,0],]]
[28271,14,27,[[28272,0],[28270,0],[28527,0],[28526,0],[28015,0],]]
[28272,9,27,[[28271,0],[28273,0],[28528,0],[28016,0],]]
[28273,7,27,[[28274,0],[28272,0],[28529,0],[28528,0],[28017,0],]]
[28274,19,27,[[28273,0],[28275,0],[28530,0],[28018,0],]]
[28275,8,27,[[28276,0],[28274,0],[28531,0],[28530,0],[28019,0],]]
[28276,16,27,[[28275,0],[28277,0],[28532,0],[28020,0],]]
[28277,12,27,[[28278,0],[28276,0],[28533,0],[28532,0],[28021,0],]]
[28278,1,27,[[28277,0],[28279,0],[28534,0],[28022,0],]]
[28279,4,27,[[28280,0],[28278,0],[28535,0],[28534,0],[28023,0],]]
[28280,7,27,[[28279,0],[28281,0],[28536,0],[28024,0],]]
[28281,18,27,[[28282,0],[28280,0],[28537,0],[28536,0],[28025,0],]]
[28282,12,27,[[28281,0],[28283,0],[28538,0],[28026,0],]]
[28283,18,27,[[28284,0],[28282,0],[28539,0],[28538,0],[28027,0],]]
[28284,19,27,[[28283,0],[28285,0],[28540,0],[28028,0],]]
[28285,9,27,[[28286,0],[28284,0],[28541,0],[28540,0],[28029,0],]]
[28286,14,27,[[28285,0],[28287,0],[28542,0],[28030,0],]]
[28287,5,27,[[28288,0],[28286,0],[28543,0],[28542,0],[28031,0],]]
[28288,1,28,[[28287,0],[28289,0],[28544,0],[28032,0],]]
[28289,12,28,[[28290,0],[28288,0],[28545,0],[28544,0],[28033,0],]]
[28290,12,28,[[28289,0],[28291,0],[28546,0],[28034,0],]]
[28291,13,28,[[28292,0],[28290,0],[28547,0],[28546,0],[28035,0],]]
[28292,16,28,[[28291,0],[28293,0],[28548,0],[28036,0],]]
[28293,19,28,[[28294,0],[28292,0],[28549,0],[28548,0],[28037,0],]]
[28294,8,28,[[28293,0],[28295,0],[28550,0],[28038,0],]]
[28295,19,28,[[28296,0],[28294,0],[28551,0],[28550,0],[28039,0],]]
[28296,2,28,[[28295,0],[28297,0],[28552,0],[28040,0],]]
[28297,16,28,[[28298,0],[28296,0],[28553,0],[28552,0],[28041,0],]]
[28298,1,28,[[28297,0],[28299,0],[28554,0],[28042,0],]]
[28299,17,28,[[28300,0],[28298,0],[28555,0],[28554,0],[28043,0],]]
[28300,2,28,[[28299,0],[28301,0],[28556,0],[28044,0],]]
[28301,11,28,[[28302,0],[28300,0],[28557,0],[28556,0],[28045,0],]]
[28302,3,28,[[28301,0],[28303,0],[28558,0],[28046,0],]]
[28303,9,28,[[28304,0],[28302,0],[28559,0],[28558,0],[28047,0],]]
[28304,18,28,[[28303,0],[28305,0],[28560,0],[28048,0],]]
[28305,15,28,[[28306,0],[28304,0],[28561,0],[28560,0],[28049,0],]]
[28306,7,28,[[28305,0],[28307,0],[28562,0],[28050,0],]]
[28307,5,28,[[28308,0],[28306,0],[28563,0],[28562,0],[28051,0],]]
[28308,19,28,[[28307,0],[28309,0],[28564,0],[28052,0],]]
[28309,9,28,[[28310,0],[28308,0],[28565,0],[28564,0],[28053,0],]]
[28310,16,28,[[28309,0],[28311,0],[28566,0],[28054,0],]]
[28311,18,28,[[28312,0],[28310,0],[28567,0],[28566,0],[28055,0],]]
[28312,6,28,[[28311,0],[28313,0],[28568,0],[28056,0],]]
[28313,3,28,[[28314,0],[28312,0],[28569,0],[28568,0],[28057,0],]]
[28314,9,28,[[28313,0],[28315,0],[28570,0],[28058,0],]]
[28315,19,28,[[28316,0],[28314,0],[28571,0],[28570,0],[28059,0],]]
[28316,8,28,[[28315,0],[28317,0],[28572,0],[28060,0],]]
[28317,10,28,[[28318,0],[28316,0],[28573,0],[28572,0],[28061,0],]]
[28318,6,28,[[28317,0],[28319,0],[28574,0],[28062,0],]]
[28319,19,28,[[28320,0],[28318,0],[28575,0],[28574,0],[28063,0],]]
[28320,4,29,[[28319,0],[28321,0],[28576,0],[28064,0],]]
[28321,3,29,[[28322,0],[28320,0],[28577,0],[28576,0],[28065,0],]]
[28322,9,29,[[28321,0],[28323,0],[28578,0],[28066,0],]]
[28323,11,29,[[28324,0],[28322,0],[28579,0],[28578,0],[28067,0],]]
[28324,17,29,[[28323,0],[28325,0],[28580,0],[28068,0],]]
[28325,9,29,[[28326,0],[28324,0],[28581,0],[28580,0],[28069,0],]]
[28326,10,29,[[28325,0],[28327,0],[28582,0],[28070,0],]]
[28327,6,29,[[28328,0],[28326,0],[28583,0],[28582,0],[28071,0],]]
[28328,1,29,[[28327,0],[28329,0],[28584,0],[28072,0],]]
[28329,6,29,[[28330,0],[28328,0],[28585,0],[28584,0],[28073,0],]]
[28330,8,29,[[28329,0],[28331,0],[28586,0],[28074,0],]]
[28331,17,29,[[28332,0],[28330,0],[28587,0],[28586,0],[28075,0],]]
[28332,1,29,[[28331,0],[28333,0],[28588,0],[28076,0],]]
[28333,14,29,[[28334,0],[28332,0],[28589,0],[28588,0],[28077,0],]]
[28334,7,29,[[28333,0],[28335,0],[28590,0],[28078,0],]]
[28335,8,29,[[28336,0],[28334,0],[28591,0],[28590,0],[28079,0],]]
[28336,11,29,[[28335,0],[28337,0],[28592,0],[28080,0],]]
[28337,7,29,[[28338,0],[28336,0],[28593,0],[28592,0],[28081,0],]]
[28338,15,29,[[28337,0],[28339,0],[28594,0],[28082,0],]]
[28339,10,29,[[28340,0],[28338,0],[28595,0],[28594,0],[28083,0],]]
[28340,9,29,[[28339,0],[28341,0],[28596,0],[28084,0],]]
[28341,18,29,[[28342,0],[28340,0],[28597,0],[28596,0],[28085,0],]]
[28342,6,29,[[28341,0],[28343,0],[28598,0],[28086,0],]]
[28343,4,29,[[28344,0],[28342,0],[28599,0],[28598,0],[28087,0],]]
[28344,16,29,[[28343,0],[28345,0],[28600,0],[28088,0],]]
[28345,11,29,[[28346,0],[28344,0],[28601,0],[28600,0],[28089,0],]]
[28346,6,29,[[28345,0],[28347,0],[28602,0],[28090,0],]]
[28347,16,29,[[28348,0],[28346,0],[28603,0],[28602,0],[28091,0],]]
[28348,14,29,[[28347,0],[28349,0],[28604,0],[28092,0],]]
[28349,12,29,[[28350,0],[28348,0],[28605,0],[28604,0],[28093,0],]]
[28350,8,29,[[28349,0],[28351,0],[28606,0],[28094,0],]]
[28351,4,29,[[28352,0],[28350,0],[28607,0],[28606,0],[28095,0],]]
[28352,1,30,[[28351,0],[28353,0],[28608,0],[28096,0],]]
[28353,6,30,[[28354,0],[28352,0],[28609,0],[28608,0],[28097,0],]]
[28354,5,30,[[28353,0],[28355,0],[28610,0],[28098,0],]]
[28355,17,30,[[28356,0],[28354,0],[28611,0],[28610,0],[28099,0],]]
[28356,2,30,[[28355,0],[28357,0],[28612,0],[28100,0],]]
[28357,3,30,[[28358,0],[28356,0],[28613,0],[28612,0],[28101,0],]]
[28358,9,30,[[28357,0],[28359,0],[28614,0],[28102,0],]]
[28359,4,30,[[28360,0],[28358,0],[28615,0],[28614,0],[28103,0],]]
[28360,2,30,[[28359,0],[28361,0],[28616,0],[28104,0],]]
[28361,5,30,[[28362,0],[28360,0],[28617,0],[28616,0],[28105,0],]]
[28362,8,30,[[28361,0],[28363,0],[28618,0],[28106,0],]]
[28363,4,30,[[28364,0],[28362,0],[28619,0],[28618,0],[28107,0],]]
[28364,11,30,[[28363,0],[28365,0],[28620,0],[28108,0],]]
[28365,14,30,[[28366,0],[28364,0],[28621,0],[28620,0],[28109,0],]]
[28366,19,30,[[28365,0],[28367,0],[28622,0],[28110,0],]]
[28367,7,30,[[28368,0],[28366,0],[28623,0],[28622,0],[28111,0],]]
[28368,8,30,[[28367,0],[28369,0],[28624,0],[28112,0],]]
[28369,6,30,[[28370,0],[28368,0],[28625,0],[28624,0],[28113,0],]]
[28370,14,30,[[28369,0],[28371,0],[28626,0],[28114,0],]]
[28371,16,30,[[28372,0],[28370,0],[28627,0],[28626,0],[28115,0],]]
[28372,5,30,[[28371,0],[28373,0],[28628,0],[28116,0],]]
[28373,9,30,[[28374,0],[28372,0],[28629,0],[28628,0],[28117,0],]]
[28374,17,30,[[28373,0],[28375,0],[28630,0],[28118,0],]]
[28375,18,30,[[28376,0],[28374,0],[28631,0],[28630,0],[28119,0],]]
[28376,15,30,[[28375,0],[28377,0],[28632,0],[28120,0],]]
[28377,19,30,[[28378,0],[28376,0],[28633,0],[28632,0],[28121,0],]]
[28378,18,30,[[28377,0],[28379,0],[28634,0],[28122,0],]]
[28379,5,30,[[28380,0],[28378,0],[28635,0],[28634,0],[28123,0],]]
[28380,6,30,[[28379,0],[28381,0],[28636,0],[28124,0],]]
[28381,3,30,[[28382,0],[28380,0],[28637,0],[28636,0],[28125,0],]]
[28382,19,30,[[28381,0],[28383,0],[28638,0],[28126,0],]]
[28383,9,30,[[28384,0],[28382,0],[28639,0],[28638,0],[28127,0],]]
[28384,19,31,[[28383,0],[28385,0],[28640,0],[28128,0],]]
[28385,13,31,[[28386,0],[28384,0],[28641,0],[28640,0],[28129,0],]]
[28386,16,31,[[28385,0],[28387,0],[28642,0],[28130,0],]]
[28387,5,31,[[28388,0],[28386,0],[28643,0],[28642,0],[28131,0],]]
[28388,2,31,[[28387,0],[28389,0],[28644,0],[28132,0],]]
[28389,15,31,[[28390,0],[28388,0],[28645,0],[28644,0],[28133,0],]]
[28390,1,31,[[28389,0],[28391,0],[28646,0],[28134,0],]]
[28391,19,31,[[28392,0],[28390,0],[28647,0],[28646,0],[28135,0],]]
[28392,18,31,[[28391,0],[28393,0],[28648,0],[28136,0],]]
[28393,5,31,[[28394,0],[28392,0],[28649,0],[28648,0],[28137,0],]]
[28394,5,31,[[28393,0],[28395,0],[28650,0],[28138,0],]]
[28395,2,31,[[28396,0],[28394,0],[28651,0],[28650,0],[28139,0],]]
[28396,5,31,[[28395,0],[28397,0],[28652,0],[28140,0],]]
[28397,14,31,[[28398,0],[28396,0],[28653,0],[28652,0],[28141,0],]]
[28398,18,31,[[28397,0],[28399,0],[28654,0],[28142,0],]]
[28399,5,31,[[28400,0],[28398,0],[28655,0],[28654,0],[28143,0],]]
[28400,2,31,[[28399,0],[28401,0],[28656,0],[28144,0],]]
[28401,17,31,[[28402,0],[28400,0],[28657,0],[28656,0],[28145,0],]]
[28402,10,31,[[28401,0],[28403,0],[28658,0],[28146,0],]]
[28403,18,31,[[28404,0],[28402,0],[28659,0],[28658,0],[28147,0],]]
[28404,12,31,[[28403,0],[28405,0],[28660,0],[28148,0],]]
[28405,1,31,[[28406,0],[28404,0],[28661,0],[28660,0],[28149,0],]]
[28406,13,31,[[28405,0],[28407,0],[28662,0],[28150,0],]]
[28407,7,31,[[28408,0],[28406,0],[28663,0],[28662,0],[28151,0],]]
[28408,18,31,[[28407,0],[28409,0],[28664,0],[28152,0],]]
[28409,11,31,[[28410,0],[28408,0],[28665,0],[28664,0],[28153,0],]]
[28410,3,31,[[28409,0],[28411,0],[28666,0],[28154,0],]]
[28411,4,31,[[28412,0],[28410,0],[28667,0],[28666,0],[28155,0],]]
[28412,5,31,[[28411,0],[28413,0],[28668,0],[28156,0],]]
[28413,4,31,[[28414,0],[28412,0],[28669,0],[28668,0],[28157,0],]]
[28414,9,31,[[28413,0],[28415,0],[28670,0],[28158,0],]]
[28415,6,31,[[28414,0],[28671,0],[28670,0],[28159,0],]]
[28416,12,24,[[28417,0],[28160,0],[28161,0],[28672,0],]]
[28417,17,24,[[28418,0],[28416,0],[28161,0],[28673,0],]]
[28418,2,24,[[28417,0],[28419,0],[28162,0],[28163,0],[28674,0],]]
[28419,5,24,[[28420,0],[28418,0],[28163,0],[28675,0],]]
[28420,7,24,[[28419,0],[28421,0],[28164,0],[28165,0],[28676,0],]]
[28421,13,24,[[28422,0],[28420,0],[28165,0],[28677,0],]]
[28422,5,24,[[28421,0],[28423,0],[28166,0],[28167,0],[28678,0],]]
[28423,14,24,[[28424,0],[28422,0],[28167,0],[28679,0],]]
[28424,1,24,[[28423,0],[28425,0],[28168,0],[28169,0],[28680,0],]]
[28425,13,24,[[28426,0],[28424,0],[28169,0],[28681,0],]]
[28426,12,24,[[28425,0],[28427,0],[28170,0],[28171,0],[28682,0],]]
[28427,15,24,[[28428,0],[28426,0],[28171,0],[28683,0],]]
[28428,2,24,[[28427,0],[28429,0],[28172,0],[28173,0],[28684,0],]]
[28429,3,24,[[28430,0],[28428,0],[28173,0],[28685,0],]]
[28430,10,24,[[28429,0],[28431,0],[28174,0],[28175,0],[28686,0],]]
[28431,2,24,[[28432,0],[28430,0],[28175,0],[28687,0],]]
[28432,18,24,[[28431,0],[28433,0],[28176,0],[28177,0],[28688,0],]]
[28433,16,24,[[28434,0],[28432,0],[28177,0],[28689,0],]]
[28434,4,24,[[28433,0],[28435,0],[28178,0],[28179,0],[28690,0],]]
[28435,16,24,[[28436,0],[28434,0],[28179,0],[28691,0],]]
[28436,7,24,[[28435,0],[28437,0],[28180,0],[28181,0],[28692,0],]]
[28437,18,24,[[28438,0],[28436,0],[28181,0],[28693,0],]]
[28438,13,24,[[28437,0],[28439,0],[28182,0],[28183,0],[28694,0],]]
[28439,17,24,[[28440,0],[28438,0],[28183,0],[28695,0],]]
[28440,10,24,[[28439,0],[28441,0],[28184,0],[28185,0],[28696,0],]]
[28441,7,24,[[28442,0],[28440,0],[28185,0],[28697,0],]]
[28442,5,24,[[28441,0],[28443,0],[28186,0],[28187,0],[28698,0],]]
[28443,18,24,[[28444,0],[28442,0],[28187,0],[28699,0],]]
[28444,8,24,[[28443,0],[28445,0],[28188,0],[28189,0],[28700,0],]]
[28445,16,24,[[28446,0],[28444,0],[28189,0],[28701,0],]]
[28446,1,24,[[28445,0],[28447,0],[28190,0],[28191,0],[28702,0],]]
[28447,16,24,[[28448,0],[28446,0],[28191,0],[28703,0],]]
[28448,12,25,[[28447,0],[28449,0],[28192,0],[28193,0],[28704,0],]]
[28449,7,25,[[28450,0],[28448,0],[28193,0],[28705,0],]]
[28450,8,25,[[28449,0],[28451,0],[28194,0],[28195,0],[28706,0],]]
[28451,11,25,[[28452,0],[28450,0],[28195,0],[28707,0],]]
[28452,4,25,[[28451,0],[28453,0],[28196,0],[28197,0],[28708,0],]]
[28453,11,25,[[28454,0],[28452,0],[28197,0],[28709,0],]]
[28454,17,25,[[28453,0],[28455,0],[28198,0],[28199,0],[28710,0],]]
[28455,2,25,[[28456,0],[28454,0],[28199,0],[28711,0],]]
[28456,8,25,[[28455,0],[28457,0],[28200,0],[28201,0],[28712,0],]]
[28457,6,25,[[28458,0],[28456,0],[28201,0],[28713,0],]]
[28458,11,25,[[28457,0],[28459,0],[28202,0],[28203,0],[28714,0],]]
[28459,14,25,[[28460,0],[28458,0],[28203,0],[28715,0],]]
[28460,19,25,[[28459,0],[28461,0],[28204,0],[28205,0],[28716,0],]]
[28461,13,25,[[28462,0],[28460,0],[28205,0],[28717,0],]]
[28462,3,25,[[28461,0],[28463,0],[28206,0],[28207,0],[28718,0],]]
[28463,3,25,[[28464,0],[28462,0],[28207,0],[28719,0],]]
[28464,7,25,[[28463,0],[28465,0],[28208,0],[28209,0],[28720,0],]]
[28465,5,25,[[28466,0],[28464,0],[28209,0],[28721,0],]]
[28466,6,25,[[28465,0],[28467,0],[28210,0],[28211,0],[28722,0],]]
[28467,16,25,[[28468,0],[28466,0],[28211,0],[28723,0],]]
[28468,12,25,[[28467,0],[28469,0],[28212,0],[28213,0],[28724,0],]]
[28469,5,25,[[28470,0],[28468,0],[28213,0],[28725,0],]]
[28470,5,25,[[28469,0],[28471,0],[28214,0],[28215,0],[28726,0],]]
[28471,9,25,[[28472,0],[28470,0],[28215,0],[28727,0],]]
[28472,6,25,[[28471,0],[28473,0],[28216,0],[28217,0],[28728,0],]]
[28473,10,25,[[28474,0],[28472,0],[28217,0],[28729,0],]]
[28474,10,25,[[28473,0],[28475,0],[28218,0],[28219,0],[28730,0],]]
[28475,19,25,[[28476,0],[28474,0],[28219,0],[28731,0],]]
[28476,13,25,[[28475,0],[28477,0],[28220,0],[28221,0],[28732,0],]]
[28477,12,25,[[28478,0],[28476,0],[28221,0],[28733,0],]]
[28478,12,25,[[28477,0],[28479,0],[28222,0],[28223,0],[28734,0],]]
[28479,16,25,[[28480,0],[28478,0],[28223,0],[28735,0],]]
[28480,2,26,[[28479,0],[28481,0],[28224,0],[28225,0],[28736,0],]]
[28481,6,26,[[28482,0],[28480,0],[28225,0],[28737,0],]]
[28482,2,26,[[28481,0],[28483,0],[28226,0],[28227,0],[28738,0],]]
[28483,7,26,[[28484,0],[28482,0],[28227,0],[28739,0],]]
[28484,1,26,[[28483,0],[28485,0],[28228,0],[28229,0],[28740,0],]]
[28485,9,26,[[28486,0],[28484,0],[28229,0],[28741,0],]]
[28486,5,26,[[28485,0],[28487,0],[28230,0],[28231,0],[28742,0],]]
[28487,17,26,[[28488,0],[28486,0],[28231,0],[28743,0],]]
[28488,16,26,[[28487,0],[28489,0],[28232,0],[28233,0],[28744,0],]]
[28489,5,26,[[28490,0],[28488,0],[28233,0],[28745,0],]]
[28490,18,26,[[28489,0],[28491,0],[28234,0],[28235,0],[28746,0],]]
[28491,15,26,[[28492,0],[28490,0],[28235,0],[28747,0],]]
[28492,8,26,[[28491,0],[28493,0],[28236,0],[28237,0],[28748,0],]]
[28493,5,26,[[28494,0],[28492,0],[28237,0],[28749,0],]]
[28494,3,26,[[28493,0],[28495,0],[28238,0],[28239,0],[28750,0],]]
[28495,7,26,[[28496,0],[28494,0],[28239,0],[28751,0],]]
[28496,11,26,[[28495,0],[28497,0],[28240,0],[28241,0],[28752,0],]]
[28497,17,26,[[28498,0],[28496,0],[28241,0],[28753,0],]]
[28498,17,26,[[28497,0],[28499,0],[28242,0],[28243,0],[28754,0],]]
[28499,16,26,[[28500,0],[28498,0],[28243,0],[28755,0],]]
[28500,11,26,[[28499,0],[28501,0],[28244,0],[28245,0],[28756,0],]]
[28501,3,26,[[28502,0],[28500,0],[28245,0],[28757,0],]]
[28502,12,26,[[28501,0],[28503,0],[28246,0],[28247,0],[28758,0],]]
[28503,6,26,[[28504,0],[28502,0],[28247,0],[28759,0],]]
[28504,6,26,[[28503,0],[28505,0],[28248,0],[28249,0],[28760,0],]]
[28505,6,26,[[28506,0],[28504,0],[28249,0],[28761,0],]]
[28506,5,26,[[28505,0],[28507,0],[28250,0],[28251,0],[28762,0],]]
[28507,16,26,[[28508,0],[28506,0],[28251,0],[28763,0],]]
[28508,16,26,[[28507,0],[28509,0],[28252,0],[28253,0],[28764,0],]]
[28509,8,26,[[28510,0],[28508,0],[28253,0],[28765,0],]]
[28510,11,26,[[28509,0],[28511,0],[28254,0],[28255,0],[28766,0],]]
[28511,6,26,[[28512,0],[28510,0],[28255,0],[28767,0],]]
[28512,14,27,[[28511,0],[28513,0],[28256,0],[28257,0],[28768,0],]]
[28513,8,27,[[28514,0],[28512,0],[28257,0],[28769,0],]]
[28514,19,27,[[28513,0],[28515,0],[28258,0],[28259,0],[28770,0],]]
[28515,17,27,[[28516,0],[28514,0],[28259,0],[28771,0],]]
[28516,14,27,[[28515,0],[28517,0],[28260,0],[28261,0],[28772,0],]]
[28517,8,27,[[28518,0],[28516,0],[28261,0],[28773,0],]]
[28518,2,27,[[28517,0],[28519,0],[28262,0],[28263,0],[28774,0],]]
[28519,5,27,[[28520,0],[28518,0],[28263,0],[28775,0],]]
[28520,15,27,[[28519,0],[28521,0],[28264,0],[28265,0],[28776,0],]]
[28521,8,27,[[28522,0],[28520,0],[28265,0],[28777,0],]]
[28522,15,27,[[28521,0],[28523,0],[28266,0],[28267,0],[28778,0],]]
[28523,1,27,[[28524,0],[28522,0],[28267,0],[28779,0],]]
[28524,17,27,[[28523,0],[28525,0],[28268,0],[28269,0],[28780,0],]]
[28525,5,27,[[28526,0],[28524,0],[28269,0],[28781,0],]]
[28526,1,27,[[28525,0],[28527,0],[28270,0],[28271,0],[28782,0],]]
[28527,10,27,[[28528,0],[28526,0],[28271,0],[28783,0],]]
[28528,17,27,[[28527,0],[28529,0],[28272,0],[28273,0],[28784,0],]]
[28529,10,27,[[28530,0],[28528,0],[28273,0],[28785,0],]]
[28530,1,27,[[28529,0],[28531,0],[28274,0],[28275,0],[28786,0],]]
[28531,17,27,[[28532,0],[28530,0],[28275,0],[28787,0],]]
[28532,10,27,[[28531,0],[28533,0],[28276,0],[28277,0],[28788,0],]]
[28533,6,27,[[28534,0],[28532,0],[28277,0],[28789,0],]]
[28534,10,27,[[28533,0],[28535,0],[28278,0],[28279,0],[28790,0],]]
[28535,1,27,[[28536,0],[28534,0],[28279,0],[28791,0],]]
[28536,18,27,[[28535,0],[28537,0],[28280,0],[28281,0],[28792,0],]]
[28537,8,27,[[28538,0],[28536,0],[28281,0],[28793,0],]]
[28538,13,27,[[28537,0],[28539,0],[28282,0],[28283,0],[28794,0],]]
[28539,3,27,[[28540,0],[28538,0],[28283,0],[28795,0],]]
[28540,12,27,[[28539,0],[28541,0],[28284,0],[28285,0],[28796,0],]]
[28541,17,27,[[28542,0],[28540,0],[28285,0],[28797,0],]]
[28542,2,27,[[28541,0],[28543,0],[28286,0],[28287,0],[28798,0],]]
[28543,12,27,[[28544,0],[28542,0],[28287,0],[28799,0],]]
[28544,3,28,[[28543,0],[28545,0],[28288,0],[28289,0],[28800,0],]]
[28545,14,28,[[28546,0],[28544,0],[28289,0],[28801,0],]]
[28546,18,28,[[28545,0],[28547,0],[28290,0],[28291,0],[28802,0],]]
[28547,4,28,[[28548,0],[28546,0],[28291,0],[28803,0],]]
[28548,5,28,[[28547,0],[28549,0],[28292,0],[28293,0],[28804,0],]]
[28549,2,28,[[28550,0],[28548,0],[28293,0],[28805,0],]]
[28550,5,28,[[28549,0],[28551,0],[28294,0],[28295,0],[28806,0],]]
[28551,12,28,[[28552,0],[28550,0],[28295,0],[28807,0],]]
[28552,10,28,[[28551,0],[28553,0],[28296,0],[28297,0],[28808,0],]]
[28553,13,28,[[28554,0],[28552,0],[28297,0],[28809,0],]]
[28554,3,28,[[28553,0],[28555,0],[28298,0],[28299,0],[28810,0],]]
[28555,16,28,[[28556,0],[28554,0],[28299,0],[28811,0],]]
[28556,16,28,[[28555,0],[28557,0],[28300,0],[28301,0],[28812,0],]]
[28557,8,28,[[28558,0],[28556,0],[28301,0],[28813,0],]]
[28558,18,28,[[28557,0],[28559,0],[28302,0],[28303,0],[28814,0],]]
[28559,12,28,[[28560,0],[28558,0],[28303,0],[28815,0],]]
[28560,12,28,[[28559,0],[28561,0],[28304,0],[28305,0],[28816,0],]]
[28561,15,28,[[28562,0],[28560,0],[28305,0],[28817,0],]]
[28562,16,28,[[28561,0],[28563,0],[28306,0],[28307,0],[28818,0],]]
[28563,1,28,[[28564,0],[28562,0],[28307,0],[28819,0],]]
[28564,12,28,[[28563,0],[28565,0],[28308,0],[28309,0],[28820,0],]]
[28565,6,28,[[28566,0],[28564,0],[28309,0],[28821,0],]]
[28566,4,28,[[28565,0],[28567,0],[28310,0],[28311,0],[28822,0],]]
[28567,12,28,[[28568,0],[28566,0],[28311,0],[28823,0],]]
[28568,7,28,[[28567,0],[28569,0],[28312,0],[28313,0],[28824,0],]]
[28569,5,28,[[28570,0],[28568,0],[28313,0],[28825,0],]]
[28570,9,28,[[28569,0],[28571,0],[28314,0],[28315,0],[28826,0],]]
[28571,7,28,[[28572,0],[28570,0],[28315,0],[28827,0],]]
[28572,9,28,[[28571,0],[28573,0],[28316,0],[28317,0],[28828,0],]]
[28573,14,28,[[28574,0],[28572,0],[28317,0],[28829,0],]]
[28574,15,28,[[28573,0],[28575,0],[28318,0],[28319,0],[28830,0],]]
[28575,11,28,[[28576,0],[28574,0],[28319,0],[28831,0],]]
[28576,7,29,[[28575,0],[28577,0],[28320,0],[28321,0],[28832,0],]]
[28577,7,29,[[28578,0],[28576,0],[28321,0],[28833,0],]]
[28578,5,29,[[28577,0],[28579,0],[28322,0],[28323,0],[28834,0],]]
[28579,18,29,[[28580,0],[28578,0],[28323,0],[28835,0],]]
[28580,19,29,[[28579,0],[28581,0],[28324,0],[28325,0],[28836,0],]]
[28581,9,29,[[28582,0],[28580,0],[28325,0],[28837,0],]]
[28582,13,29,[[28581,0],[28583,0],[28326,0],[28327,0],[28838,0],]]
[28583,7,29,[[28584,0],[28582,0],[28327,0],[28839,0],]]
[28584,4,29,[[28583,0],[28585,0],[28328,0],[28329,0],[28840,0],]]
[28585,17,29,[[28586,0],[28584,0],[28329,0],[28841,0],]]
[28586,1,29,[[28585,0],[28587,0],[28330,0],[28331,0],[28842,0],]]
[28587,8,29,[[28588,0],[28586,0],[28331,0],[28843,0],]]
[28588,13,29,[[28587,0],[28589,0],[28332,0],[28333,0],[28844,0],]]
[28589,7,29,[[28590,0],[28588,0],[28333,0],[28845,0],]]
[28590,13,29,[[28589,0],[28591,0],[28334,0],[28335,0],[28846,0],]]
[28591,1,29,[[28592,0],[28590,0],[28335,0],[28847,0],]]
[28592,15,29,[[28591,0],[28593,0],[28336,0],[28337,0],[28848,0],]]
[28593,18,29,[[28594,0],[28592,0],[28337,0],[28849,0],]]
[28594,5,29,[[28593,0],[28595,0],[28338,0],[28339,0],[28850,0],]]
[28595,15,29,[[28596,0],[28594,0],[28339,0],[28851,0],]]
[28596,10,29,[[28595,0],[28597,0],[28340,0],[28341,0],[28852,0],]]
[28597,12,29,[[28598,0],[28596,0],[28341,0],[28853,0],]]
[28598,2,29,[[28597,0],[28599,0],[28342,0],[28343,0],[28854,0],]]
[28599,2,29,[[28600,0],[28598,0],[28343,0],[28855,0],]]
[28600,18,29,[[28599,0],[28601,0],[28344,0],[28345,0],[28856,0],]]
[28601,11,29,[[28602,0],[28600,0],[28345,0],[28857,0],]]
[28602,2,29,[[28601,0],[28603,0],[28346,0],[28347,0],[28858,0],]]
[28603,1,29,[[28604,0],[28602,0],[28347,0],[28859,0],]]
[28604,5,29,[[28603,0],[28605,0],[28348,0],[28349,0],[28860,0],]]
[28605,11,29,[[28606,0],[28604,0],[28349,0],[28861,0],]]
[28606,8,29,[[28605,0],[28607,0],[28350,0],[28351,0],[28862,0],]]
[28607,17,29,[[28608,0],[28606,0],[28351,0],[28863,0],]]
[28608,13,30,[[28607,0],[28609,0],[28352,0],[28353,0],[28864,0],]]
[28609,3,30,[[28610,0],[28608,0],[28353,0],[28865,0],]]
[28610,16,30,[[28609,0],[28611,0],[28354,0],[28355,0],[28866,0],]]
[28611,3,30,[[28612,0],[28610,0],[28355,0],[28867,0],]]
[28612,8,30,[[28611,0],[28613,0],[28356,0],[28357,0],[28868,0],]]
[28613,8,30,[[28614,0],[28612,0],[28357,0],[28869,0],]]
[28614,6,30,[[28613,0],[28615,0],[28358,0],[28359,0],[28870,0],]]
[28615,19,30,[[28616,0],[28614,0],[28359,0],[28871,0],]]
[28616,6,30,[[28615,0],[28617,0],[28360,0],[28361,0],[28872,0],]]
[28617,15,30,[[28618,0],[28616,0],[28361,0],[28873,0],]]
[28618,7,30,[[28617,0],[28619,0],[28362,0],[28363,0],[28874,0],]]
[28619,11,30,[[28620,0],[28618,0],[28363,0],[28875,0],]]
[28620,11,30,[[28619,0],[28621,0],[28364,0],[28365,0],[28876,0],]]
[28621,13,30,[[28622,0],[28620,0],[28365,0],[28877,0],]]
[28622,1,30,[[28621,0],[28623,0],[28366,0],[28367,0],[28878,0],]]
[28623,8,30,[[28624,0],[28622,0],[28367,0],[28879,0],]]
[28624,14,30,[[28623,0],[28625,0],[28368,0],[28369,0],[28880,0],]]
[28625,18,30,[[28626,0],[28624,0],[28369,0],[28881,0],]]
[28626,3,30,[[28625,0],[28627,0],[28370,0],[28371,0],[28882,0],]]
[28627,19,30,[[28628,0],[28626,0],[28371,0],[28883,0],]]
[28628,1,30,[[28627,0],[28629,0],[28372,0],[28373,0],[28884,0],]]
[28629,17,30,[[28630,0],[28628,0],[28373,0],[28885,0],]]
[28630,7,30,[[28629,0],[28631,0],[28374,0],[28375,0],[28886,0],]]
[28631,18,30,[[28632,0],[28630,0],[28375,0],[28887,0],]]
[28632,10,30,[[28631,0],[28633,0],[28376,0],[28377,0],[28888,0],]]
[28633,8,30,[[28634,0],[28632,0],[28377,0],[28889,0],]]
[28634,10,30,[[28633,0],[28635,0],[28378,0],[28379,0],[28890,0],]]
[28635,5,30,[[28636,0],[28634,0],[28379,0],[28891,0],]]
[28636,15,30,[[28635,0],[28637,0],[28380,0],[28381,0],[28892,0],]]
[28637,10,30,[[28638,0],[28636,0],[28381,0],[28893,0],]]
[28638,11,30,[[28637,0],[28639,0],[28382,0],[28383,0],[28894,0],]]
[28639,15,30,[[28640,0],[28638,0],[28383,0],[28895,0],]]
[28640,8,31,[[28639,0],[28641,0],[28384,0],[28385,0],[28896,0],]]
[28641,2,31,[[28642,0],[28640,0],[28385,0],[28897,0],]]
[28642,10,31,[[28641,0],[28643,0],[28386,0],[28387,0],[28898,0],]]
[28643,13,31,[[28644,0],[28642,0],[28387,0],[28899,0],]]
[28644,3,31,[[28643,0],[28645,0],[28388,0],[28389,0],[28900,0],]]
[28645,15,31,[[28646,0],[28644,0],[28389,0],[28901,0],]]
[28646,14,31,[[28645,0],[28647,0],[28390,0],[28391,0],[28902,0],]]
[28647,19,31,[[28648,0],[28646,0],[28391,0],[28903,0],]]
[28648,12,31,[[28647,0],[28649,0],[28392,0],[28393,0],[28904,0],]]
[28649,9,31,[[28650,0],[28648,0],[28393,0],[28905,0],]]
[28650,16,31,[[28649,0],[28651,0],[28394,0],[28395,0],[28906,0],]]
[28651,10,31,[[28652,0],[28650,0],[28395,0],[28907,0],]]
[28652,2,31,[[28651,0],[28653,0],[28396,0],[28397,0],[28908,0],]]
[28653,10,31,[[28654,0],[28652,0],[28397,0],[28909,0],]]
[28654,15,31,[[28653,0],[28655,0],[28398,0],[28399,0],[28910,0],]]
[28655,10,31,[[28656,0],[28654,0],[28399,0],[28911,0],]]
[28656,12,31,[[28655,0],[28657,0],[28400,0],[28401,0],[28912,0],]]
[28657,10,31,[[28658,0],[28656,0],[28401,0],[28913,0],]]
[28658,15,31,[[28657,0],[28659,0],[28402,0],[28403,0],[28914,0],]]
[28659,12,31,[[28660,0],[28658,0],[28403,0],[28915,0],]]
[28660,11,31,[[28659,0],[28661,0],[28404,0],[28405,0],[28916,0],]]
[28661,2,31,[[28662,0],[28660,0],[28405,0],[28917,0],]]
[28662,14,31,[[28661,0],[28663,0],[28406,0],[28407,0],[28918,0],]]
[28663,2,31,[[28664,0],[28662,0],[28407,0],[28919,0],]]
[28664,8,31,[[28663,0],[28665,0],[28408,0],[28409,0],[28920,0],]]
[28665,12,31,[[28666,0],[28664,0],[28409,0],[28921,0],]]
[28666,11,31,[[28665,0],[28667,0],[28410,0],[28411,0],[28922,0],]]
[28667,1,31,[[28668,0],[28666,0],[28411,0],[28923,0],]]
[28668,9,31,[[28667,0],[28669,0],[28412,0],[28413,0],[28924,0],]]
[28669,13,31,[[28670,0],[28668,0],[28413,0],[28925,0],]]
[28670,19,31,[[28669,0],[28671,0],[28414,0],[28415,0],[28926,0],]]
[28671,14,31,[[28670,0],[28415,0],[28927,0],]]
[28672,1,24,[[28673,0],[28928,0],[28416,0],]]
[28673,6,24,[[28674,0],[28672,0],[28929,0],[28928,0],[28417,0],]]
[28674,14,24,[[28673,0],[28675,0],[28930,0],[28418,0],]]
[28675,19,24,[[28676,0],[28674,0],[28931,0],[28930,0],[28419,0],]]
[28676,12,24,[[28675,0],[28677,0],[28932,0],[28420,0],]]
[28677,18,24,[[28678,0],[28676,0],[28933,0],[28932,0],[28421,0],]]
[28678,9,24,[[28677,0],[28679,0],[28934,0],[28422,0],]]
[28679,11,24,[[28680,0],[28678,0],[28935,0],[28934,0],[28423,0],]]
[28680,13,24,[[28679,0],[28681,0],[28936,0],[28424,0],]]
[28681,18,24,[[28682,0],[28680,0],[28937,0],[28936,0],[28425,0],]]
[28682,1,24,[[28681,0],[28683,0],[28938,0],[28426,0],]]
[28683,16,24,[[28684,0],[28682,0],[28939,0],[28938,0],[28427,0],]]
[28684,9,24,[[28683,0],[28685,0],[28940,0],[28428,0],]]
[28685,16,24,[[28686,0],[28684,0],[28941,0],[28940,0],[28429,0],]]
[28686,18,24,[[28685,0],[28687,0],[28942,0],[28430,0],]]
[28687,1,24,[[28688,0],[28686,0],[28943,0],[28942,0],[28431,0],]]
[28688,18,24,[[28687,0],[28689,0],[28944,0],[28432,0],]]
[28689,16,24,[[28690,0],[28688,0],[28945,0],[28944,0],[28433,0],]]
[28690,8,24,[[28689,0],[28691,0],[28946,0],[28434,0],]]
[28691,16,24,[[28692,0],[28690,0],[28947,0],[28946,0],[28435,0],]]
[28692,8,24,[[28691,0],[28693,0],[28948,0],[28436,0],]]
[28693,7,24,[[28694,0],[28692,0],[28949,0],[28948,0],[28437,0],]]
[28694,3,24,[[28693,0],[28695,0],[28950,0],[28438,0],]]
[28695,7,24,[[28696,0],[28694,0],[28951,0],[28950,0],[28439,0],]]
[28696,2,24,[[28695,0],[28697,0],[28952,0],[28440,0],]]
[28697,9,24,[[28698,0],[28696,0],[28953,0],[28952,0],[28441,0],]]
[28698,14,24,[[28697,0],[28699,0],[28954,0],[28442,0],]]
[28699,1,24,[[28700,0],[28698,0],[28955,0],[28954,0],[28443,0],]]
[28700,16,24,[[28699,0],[28701,0],[28956,0],[28444,0],]]
[28701,4,24,[[28702,0],[28700,0],[28957,0],[28956,0],[28445,0],]]
[28702,4,24,[[28701,0],[28703,0],[28958,0],[28446,0],]]
[28703,13,24,[[28704,0],[28702,0],[28959,0],[28958,0],[28447,0],]]
[28704,11,25,[[28703,0],[28705,0],[28960,0],[28448,0],]]
[28705,12,25,[[28706,0],[28704,0],[28961,0],[28960,0],[28449,0],]]
[28706,7,25,[[28705,0],[28707,0],[28962,0],[28450,0],]]
[28707,7,25,[[28708,0],[28706,0],[28963,0],[28962,0],[28451,0],]]
[28708,1,25,[[28707,0],[28709,0],[28964,0],[28452,0],]]
[28709,19,25,[[28710,0],[28708,0],[28965,0],[28964,0],[28453,0],]]
[28710,2,25,[[28709,0],[28711,0],[28966,0],[28454,0],]]
[28711,11,25,[[28712,0],[28710,0],[28967,0],[28966,0],[28455,0],]]
[28712,4,25,[[28711,0],[28713,0],[28968,0],[28456,0],]]
[28713,2,25,[[28714,0],[28712,0],[28969,0],[28968,0],[28457,0],]]
[28714,14,25,[[28713,0],[28715,0],[28970,0],[28458,0],]]
[28715,5,25,[[28716,0],[28714,0],[28971,0],[28970,0],[28459,0],]]
[28716,7,25,[[28715,0],[28717,0],[28972,0],[28460,0],]]
[28717,19,25,[[28718,0],[28716,0],[28973,0],[28972,0],[28461,0],]]
[28718,18,25,[[28717,0],[28719,0],[28974,0],[28462,0],]]
[28719,2,25,[[28720,0],[28718,0],[28975,0],[28974,0],[28463,0],]]
[28720,11,25,[[28719,0],[28721,0],[28976,0],[28464,0],]]
[28721,11,25,[[28722,0],[28720,0],[28977,0],[28976,0],[28465,0],]]
[28722,8,25,[[28721,0],[28723,0],[28978,0],[28466,0],]]
[28723,14,25,[[28724,0],[28722,0],[28979,0],[28978,0],[28467,0],]]
[28724,6,25,[[28723,0],[28725,0],[28980,0],[28468,0],]]
[28725,15,25,[[28726,0],[28724,0],[28981,0],[28980,0],[28469,0],]]
[28726,18,25,[[28725,0],[28727,0],[28982,0],[28470,0],]]
[28727,4,25,[[28728,0],[28726,0],[28983,0],[28982,0],[28471,0],]]
[28728,17,25,[[28727,0],[28729,0],[28984,0],[28472,0],]]
[28729,13,25,[[28730,0],[28728,0],[28985,0],[28984,0],[28473,0],]]
[28730,12,25,[[28729,0],[28731,0],[28986,0],[28474,0],]]
[28731,7,25,[[28732,0],[28730,0],[28987,0],[28986,0],[28475,0],]]
[28732,9,25,[[28731,0],[28733,0],[28988,0],[28476,0],]]
[28733,5,25,[[28734,0],[28732,0],[28989,0],[28988,0],[28477,0],]]
[28734,14,25,[[28733,0],[28735,0],[28990,0],[28478,0],]]
[28735,18,25,[[28736,0],[28734,0],[28991,0],[28990,0],[28479,0],]]
[28736,16,26,[[28735,0],[28737,0],[28992,0],[28480,0],]]
[28737,12,26,[[28738,0],[28736,0],[28993,0],[28992,0],[28481,0],]]
[28738,18,26,[[28737,0],[28739,0],[28994,0],[28482,0],]]
[28739,4,26,[[28740,0],[28738,0],[28995,0],[28994,0],[28483,0],]]
[28740,7,26,[[28739,0],[28741,0],[28996,0],[28484,0],]]
[28741,12,26,[[28742,0],[28740,0],[28997,0],[28996,0],[28485,0],]]
[28742,10,26,[[28741,0],[28743,0],[28998,0],[28486,0],]]
[28743,14,26,[[28744,0],[28742,0],[28999,0],[28998,0],[28487,0],]]
[28744,15,26,[[28743,0],[28745,0],[29000,0],[28488,0],]]
[28745,1,26,[[28746,0],[28744,0],[29001,0],[29000,0],[28489,0],]]
[28746,9,26,[[28745,0],[28747,0],[29002,0],[28490,0],]]
[28747,7,26,[[28748,0],[28746,0],[29003,0],[29002,0],[28491,0],]]
[28748,17,26,[[28747,0],[28749,0],[29004,0],[28492,0],]]
[28749,5,26,[[28750,0],[28748,0],[29005,0],[29004,0],[28493,0],]]
[28750,18,26,[[28749,0],[28751,0],[29006,0],[28494,0],]]
[28751,16,26,[[28752,0],[28750,0],[29007,0],[29006,0],[28495,0],]]
[28752,13,26,[[28751,0],[28753,0],[29008,0],[28496,0],]]
[28753,11,26,[[28754,0],[28752,0],[29009,0],[29008,0],[28497,0],]]
[28754,13,26,[[28753,0],[28755,0],[29010,0],[28498,0],]]
[28755,18,26,[[28756,0],[28754,0],[29011,0],[29010,0],[28499,0],]]
[28756,6,26,[[28755,0],[28757,0],[29012,0],[28500,0],]]
[28757,16,26,[[28758,0],[28756,0],[29013,0],[29012,0],[28501,0],]]
[28758,11,26,[[28757,0],[28759,0],[29014,0],[28502,0],]]
[28759,17,26,[[28760,0],[28758,0],[29015,0],[29014,0],[28503,0],]]
[28760,10,26,[[28759,0],[28761,0],[29016,0],[28504,0],]]
[28761,11,26,[[28762,0],[28760,0],[29017,0],[29016,0],[28505,0],]]
[28762,15,26,[[28761,0],[28763,0],[29018,0],[28506,0],]]
[28763,13,26,[[28764,0],[28762,0],[29019,0],[29018,0],[28507,0],]]
[28764,11,26,[[28763,0],[28765,0],[29020,0],[28508,0],]]
[28765,18,26,[[28766,0],[28764,0],[29021,0],[29020,0],[28509,0],]]
[28766,15,26,[[28765,0],[28767,0],[29022,0],[28510,0],]]
[28767,18,26,[[28768,0],[28766,0],[29023,0],[29022,0],[28511,0],]]
[28768,1,27,[[28767,0],[28769,0],[29024,0],[28512,0],]]
[28769,11,27,[[28770,0],[28768,0],[29025,0],[29024,0],[28513,0],]]
[28770,13,27,[[28769,0],[28771,0],[29026,0],[28514,0],]]
[28771,6,27,[[28772,0],[28770,0],[29027,0],[29026,0],[28515,0],]]
[28772,4,27,[[28771,0],[28773,0],[29028,0],[28516,0],]]
[28773,18,27,[[28774,0],[28772,0],[29029,0],[29028,0],[28517,0],]]
[28774,14,27,[[28773,0],[28775,0],[29030,0],[28518,0],]]
[28775,4,27,[[28776,0],[28774,0],[29031,0],[29030,0],[28519,0],]]
[28776,9,27,[[28775,0],[28777,0],[29032,0],[28520,0],]]
[28777,14,27,[[28778,0],[28776,0],[29033,0],[29032,0],[28521,0],]]
[28778,16,27,[[28777,0],[28779,0],[29034,0],[28522,0],]]
[28779,4,27,[[28780,0],[28778,0],[29035,0],[29034,0],[28523,0],]]
[28780,1,27,[[28779,0],[28781,0],[29036,0],[28524,0],]]
[28781,8,27,[[28782,0],[28780,0],[29037,0],[29036,0],[28525,0],]]
[28782,16,27,[[28781,0],[28783,0],[29038,0],[28526,0],]]
[28783,18,27,[[28784,0],[28782,0],[29039,0],[29038,0],[28527,0],]]
[28784,7,27,[[28783,0],[28785,0],[29040,0],[28528,0],]]
[28785,16,27,[[28786,0],[28784,0],[29041,0],[29040,0],[28529,0],]]
[28786,15,27,[[28785,0],[28787,0],[29042,0],[28530,0],]]
[28787,16,27,[[28788,0],[28786,0],[29043,0],[29042,0],[28531,0],]]
[28788,3,27,[[28787,0],[28789,0],[29044,0],[28532,0],]]
[28789,13,27,[[28790,0],[28788,0],[29045,0],[29044,0],[28533,0],]]
[28790,6,27,[[28789,0],[28791,0],[29046,0],[28534,0],]]
[28791,8,27,[[28792,0],[28790,0],[29047,0],[29046,0],[28535,0],]]
[28792,5,27,[[28791,0],[28793,0],[29048,0],[28536,0],]]
[28793,12,27,[[28794,0],[28792,0],[29049,0],[29048,0],[28537,0],]]
[28794,14,27,[[28793,0],[28795,0],[29050,0],[28538,0],]]
[28795,4,27,[[28796,0],[28794,0],[29051,0],[29050,0],[28539,0],]]
[28796,4,27,[[28795,0],[28797,0],[29052,0],[28540,0],]]
[28797,10,27,[[28798,0],[28796,0],[29053,0],[29052,0],[28541,0],]]
[28798,13,27,[[28797,0],[28799,0],[29054,0],[28542,0],]]
[28799,5,27,[[28800,0],[28798,0],[29055,0],[29054,0],[28543,0],]]
[28800,5,28,[[28799,0],[28801,0],[29056,0],[28544,0],]]
[28801,18,28,[[28802,0],[28800,0],[29057,0],[29056,0],[28545,0],]]
[28802,4,28,[[28801,0],[28803,0],[29058,0],[28546,0],]]
[28803,3,28,[[28804,0],[28802,0],[29059,0],[29058,0],[28547,0],]]
[28804,9,28,[[28803,0],[28805,0],[29060,0],[28548,0],]]
[28805,19,28,[[28806,0],[28804,0],[29061,0],[29060,0],[28549,0],]]
[28806,19,28,[[28805,0],[28807,0],[29062,0],[28550,0],]]
[28807,11,28,[[28808,0],[28806,0],[29063,0],[29062,0],[28551,0],]]
[28808,14,28,[[28807,0],[28809,0],[29064,0],[28552,0],]]
[28809,16,28,[[28810,0],[28808,0],[29065,0],[29064,0],[28553,0],]]
[28810,5,28,[[28809,0],[28811,0],[29066,0],[28554,0],]]
[28811,2,28,[[28812,0],[28810,0],[29067,0],[29066,0],[28555,0],]]
[28812,12,28,[[28811,0],[28813,0],[29068,0],[28556,0],]]
[28813,16,28,[[28814,0],[28812,0],[29069,0],[29068,0],[28557,0],]]
[28814,2,28,[[28813,0],[28815,0],[29070,0],[28558,0],]]
[28815,9,28,[[28816,0],[28814,0],[29071,0],[29070,0],[28559,0],]]
[28816,7,28,[[28815,0],[28817,0],[29072,0],[28560,0],]]
[28817,9,28,[[28818,0],[28816,0],[29073,0],[29072,0],[28561,0],]]
[28818,1,28,[[28817,0],[28819,0],[29074,0],[28562,0],]]
[28819,6,28,[[28820,0],[28818,0],[29075,0],[29074,0],[28563,0],]]
[28820,3,28,[[28819,0],[28821,0],[29076,0],[28564,0],]]
[28821,9,28,[[28822,0],[28820,0],[29077,0],[29076,0],[28565,0],]]
[28822,7,28,[[28821,0],[28823,0],[29078,0],[28566,0],]]
[28823,11,28,[[28824,0],[28822,0],[29079,0],[29078,0],[28567,0],]]
[28824,14,28,[[28823,0],[28825,0],[29080,0],[28568,0],]]
[28825,15,28,[[28826,0],[28824,0],[29081,0],[29080,0],[28569,0],]]
[28826,6,28,[[28825,0],[28827,0],[29082,0],[28570,0],]]
[28827,1,28,[[28828,0],[28826,0],[29083,0],[29082,0],[28571,0],]]
[28828,18,28,[[28827,0],[28829,0],[29084,0],[28572,0],]]
[28829,1,28,[[28830,0],[28828,0],[29085,0],[29084,0],[28573,0],]]
[28830,7,28,[[28829,0],[28831,0],[29086,0],[28574,0],]]
[28831,5,28,[[28832,0],[28830,0],[29087,0],[29086,0],[28575,0],]]
[28832,18,29,[[28831,0],[28833,0],[29088,0],[28576,0],]]
[28833,11,29,[[28834,0],[28832,0],[29089,0],[29088,0],[28577,0],]]
[28834,19,29,[[28833,0],[28835,0],[29090,0],[28578,0],]]
