[26869,2,31,[[26870,0],[26868,0],[27125,0],[27124,0],[26613,0],]]
[26870,5,31,[[26869,0],[26871,0],[27126,0],[26614,0],]]
[26871,2,31,[[26872,0],[26870,0],[27127,0],[27126,0],[26615,0],]]
[26872,4,31,[[26871,0],[26873,0],[27128,0],[26616,0],]]
[26873,17,31,[[26874,0],[26872,0],[27129,0],[27128,0],[26617,0],]]
[26874,10,31,[[26873,0],[26875,0],[27130,0],[26618,0],]]
[26875,12,31,[[26876,0],[26874,0],[27131,0],[27130,0],[26619,0],]]
[26876,16,31,[[26875,0],[26877,0],[27132,0],[26620,0],]]
[26877,4,31,[[26878,0],[26876,0],[27133,0],[27132,0],[26621,0],]]
[26878,8,31,[[26877,0],[26879,0],[27134,0],[26622,0],]]
[26879,3,31,[[26878,0],[27135,0],[27134,0],[26623,0],]]
[26880,19,24,[[26881,0],[26624,0],[26625,0],[27136,0],]]
[26881,17,24,[[26882,0],[26880,0],[26625,0],[27137,0],]]
[26882,12,24,[[26881,0],[26883,0],[26626,0],[26627,0],[27138,0],]]
[26883,3,24,[[26884,0],[26882,0],[26627,0],[27139,0],]]
[26884,5,24,[[26883,0],[26885,0],[26628,0],[26629,0],[27140,0],]]
[26885,16,24,[[26886,0],[26884,0],[26629,0],[27141,0],]]
[26886,3,24,[[26885,0],[26887,0],[26630,0],[26631,0],[27142,0],]]
[26887,14,24,[[26888,0],[26886,0],[26631,0],[27143,0],]]
[26888,12,24,[[26887,0],[26889,0],[26632,0],[26633,0],[27144,0],]]
[26889,19,24,[[26890,0],[26888,0],[26633,0],[27145,0],]]
[26890,4,24,[[26889,0],[26891,0],[26634,0],[26635,0],[27146,0],]]
[26891,15,24,[[26892,0],[26890,0],[26635,0],[27147,0],]]
[26892,6,24,[[26891,0],[26893,0],[26636,0],[26637,0],[27148,0],]]
[26893,13,24,[[26894,0],[26892,0],[26637,0],[27149,0],]]
[26894,7,24,[[26893,0],[26895,0],[26638,0],[26639,0],[27150,0],]]
[26895,14,24,[[26896,0],[26894,0],[26639,0],[27151,0],]]
[26896,17,24,[[26895,0],[26897,0],[26640,0],[26641,0],[27152,0],]]
[26897,6,24,[[26898,0],[26896,0],[26641,0],[27153,0],]]
[26898,10,24,[[26897,0],[26899,0],[26642,0],[26643,0],[27154,0],]]
[26899,3,24,[[26900,0],[26898,0],[26643,0],[27155,0],]]
[26900,12,24,[[26899,0],[26901,0],[26644,0],[26645,0],[27156,0],]]
[26901,18,24,[[26902,0],[26900,0],[26645,0],[27157,0],]]
[26902,14,24,[[26901,0],[26903,0],[26646,0],[26647,0],[27158,0],]]
[26903,6,24,[[26904,0],[26902,0],[26647,0],[27159,0],]]
[26904,14,24,[[26903,0],[26905,0],[26648,0],[26649,0],[27160,0],]]
[26905,13,24,[[26906,0],[26904,0],[26649,0],[27161,0],]]
[26906,6,24,[[26905,0],[26907,0],[26650,0],[26651,0],[27162,0],]]
[26907,2,24,[[26908,0],[26906,0],[26651,0],[27163,0],]]
[26908,9,24,[[26907,0],[26909,0],[26652,0],[26653,0],[27164,0],]]
[26909,2,24,[[26910,0],[26908,0],[26653,0],[27165,0],]]
[26910,8,24,[[26909,0],[26911,0],[26654,0],[26655,0],[27166,0],]]
[26911,8,24,[[26912,0],[26910,0],[26655,0],[27167,0],]]
[26912,17,25,[[26911,0],[26913,0],[26656,0],[26657,0],[27168,0],]]
[26913,6,25,[[26914,0],[26912,0],[26657,0],[27169,0],]]
[26914,10,25,[[26913,0],[26915,0],[26658,0],[26659,0],[27170,0],]]
[26915,12,25,[[26916,0],[26914,0],[26659,0],[27171,0],]]
[26916,18,25,[[26915,0],[26917,0],[26660,0],[26661,0],[27172,0],]]
[26917,7,25,[[26918,0],[26916,0],[26661,0],[27173,0],]]
[26918,15,25,[[26917,0],[26919,0],[26662,0],[26663,0],[27174,0],]]
[26919,7,25,[[26920,0],[26918,0],[26663,0],[27175,0],]]
[26920,5,25,[[26919,0],[26921,0],[26664,0],[26665,0],[27176,0],]]
[26921,17,25,[[26922,0],[26920,0],[26665,0],[27177,0],]]
[26922,6,25,[[26921,0],[26923,0],[26666,0],[26667,0],[27178,0],]]
[26923,8,25,[[26924,0],[26922,0],[26667,0],[27179,0],]]
[26924,14,25,[[26923,0],[26925,0],[26668,0],[26669,0],[27180,0],]]
[26925,12,25,[[26926,0],[26924,0],[26669,0],[27181,0],]]
[26926,14,25,[[26925,0],[26927,0],[26670,0],[26671,0],[27182,0],]]
[26927,9,25,[[26928,0],[26926,0],[26671,0],[27183,0],]]
[26928,7,25,[[26927,0],[26929,0],[26672,0],[26673,0],[27184,0],]]
[26929,17,25,[[26930,0],[26928,0],[26673,0],[27185,0],]]
[26930,9,25,[[26929,0],[26931,0],[26674,0],[26675,0],[27186,0],]]
[26931,10,25,[[26932,0],[26930,0],[26675,0],[27187,0],]]
[26932,16,25,[[26931,0],[26933,0],[26676,0],[26677,0],[27188,0],]]
[26933,2,25,[[26934,0],[26932,0],[26677,0],[27189,0],]]
[26934,15,25,[[26933,0],[26935,0],[26678,0],[26679,0],[27190,0],]]
[26935,2,25,[[26936,0],[26934,0],[26679,0],[27191,0],]]
[26936,11,25,[[26935,0],[26937,0],[26680,0],[26681,0],[27192,0],]]
[26937,3,25,[[26938,0],[26936,0],[26681,0],[27193,0],]]
[26938,3,25,[[26937,0],[26939,0],[26682,0],[26683,0],[27194,0],]]
[26939,5,25,[[26940,0],[26938,0],[26683,0],[27195,0],]]
[26940,7,25,[[26939,0],[26941,0],[26684,0],[26685,0],[27196,0],]]
[26941,9,25,[[26942,0],[26940,0],[26685,0],[27197,0],]]
[26942,19,25,[[26941,0],[26943,0],[26686,0],[26687,0],[27198,0],]]
[26943,4,25,[[26944,0],[26942,0],[26687,0],[27199,0],]]
[26944,11,26,[[26943,0],[26945,0],[26688,0],[26689,0],[27200,0],]]
[26945,3,26,[[26946,0],[26944,0],[26689,0],[27201,0],]]
[26946,19,26,[[26945,0],[26947,0],[26690,0],[26691,0],[27202,0],]]
[26947,5,26,[[26948,0],[26946,0],[26691,0],[27203,0],]]
[26948,9,26,[[26947,0],[26949,0],[26692,0],[26693,0],[27204,0],]]
[26949,15,26,[[26950,0],[26948,0],[26693,0],[27205,0],]]
[26950,9,26,[[26949,0],[26951,0],[26694,0],[26695,0],[27206,0],]]
[26951,8,26,[[26952,0],[26950,0],[26695,0],[27207,0],]]
[26952,8,26,[[26951,0],[26953,0],[26696,0],[26697,0],[27208,0],]]
[26953,14,26,[[26954,0],[26952,0],[26697,0],[27209,0],]]
[26954,7,26,[[26953,0],[26955,0],[26698,0],[26699,0],[27210,0],]]
[26955,13,26,[[26956,0],[26954,0],[26699,0],[27211,0],]]
[26956,1,26,[[26955,0],[26957,0],[26700,0],[26701,0],[27212,0],]]
[26957,10,26,[[26958,0],[26956,0],[26701,0],[27213,0],]]
[26958,17,26,[[26957,0],[26959,0],[26702,0],[26703,0],[27214,0],]]
[26959,15,26,[[26960,0],[26958,0],[26703,0],[27215,0],]]
[26960,18,26,[[26959,0],[26961,0],[26704,0],[26705,0],[27216,0],]]
[26961,8,26,[[26962,0],[26960,0],[26705,0],[27217,0],]]
[26962,13,26,[[26961,0],[26963,0],[26706,0],[26707,0],[27218,0],]]
[26963,18,26,[[26964,0],[26962,0],[26707,0],[27219,0],]]
[26964,16,26,[[26963,0],[26965,0],[26708,0],[26709,0],[27220,0],]]
[26965,6,26,[[26966,0],[26964,0],[26709,0],[27221,0],]]
[26966,1,26,[[26965,0],[26967,0],[26710,0],[26711,0],[27222,0],]]
[26967,6,26,[[26968,0],[26966,0],[26711,0],[27223,0],]]
[26968,16,26,[[26967,0],[26969,0],[26712,0],[26713,0],[27224,0],]]
[26969,4,26,[[26970,0],[26968,0],[26713,0],[27225,0],]]
[26970,13,26,[[26969,0],[26971,0],[26714,0],[26715,0],[27226,0],]]
[26971,7,26,[[26972,0],[26970,0],[26715,0],[27227,0],]]
[26972,1,26,[[26971,0],[26973,0],[26716,0],[26717,0],[27228,0],]]
[26973,7,26,[[26974,0],[26972,0],[26717,0],[27229,0],]]
[26974,3,26,[[26973,0],[26975,0],[26718,0],[26719,0],[27230,0],]]
[26975,9,26,[[26976,0],[26974,0],[26719,0],[27231,0],]]
[26976,8,27,[[26975,0],[26977,0],[26720,0],[26721,0],[27232,0],]]
[26977,16,27,[[26978,0],[26976,0],[26721,0],[27233,0],]]
[26978,1,27,[[26977,0],[26979,0],[26722,0],[26723,0],[27234,0],]]
[26979,3,27,[[26980,0],[26978,0],[26723,0],[27235,0],]]
[26980,17,27,[[26979,0],[26981,0],[26724,0],[26725,0],[27236,0],]]
[26981,12,27,[[26982,0],[26980,0],[26725,0],[27237,0],]]
[26982,14,27,[[26981,0],[26983,0],[26726,0],[26727,0],[27238,0],]]
[26983,4,27,[[26984,0],[26982,0],[26727,0],[27239,0],]]
[26984,2,27,[[26983,0],[26985,0],[26728,0],[26729,0],[27240,0],]]
[26985,4,27,[[26986,0],[26984,0],[26729,0],[27241,0],]]
[26986,1,27,[[26985,0],[26987,0],[26730,0],[26731,0],[27242,0],]]
[26987,9,27,[[26988,0],[26986,0],[26731,0],[27243,0],]]
[26988,19,27,[[26987,0],[26989,0],[26732,0],[26733,0],[27244,0],]]
[26989,1,27,[[26990,0],[26988,0],[26733,0],[27245,0],]]
[26990,13,27,[[26989,0],[26991,0],[26734,0],[26735,0],[27246,0],]]
[26991,8,27,[[26992,0],[26990,0],[26735,0],[27247,0],]]
[26992,7,27,[[26991,0],[26993,0],[26736,0],[26737,0],[27248,0],]]
[26993,11,27,[[26994,0],[26992,0],[26737,0],[27249,0],]]
[26994,2,27,[[26993,0],[26995,0],[26738,0],[26739,0],[27250,0],]]
[26995,10,27,[[26996,0],[26994,0],[26739,0],[27251,0],]]
[26996,1,27,[[26995,0],[26997,0],[26740,0],[26741,0],[27252,0],]]
[26997,8,27,[[26998,0],[26996,0],[26741,0],[27253,0],]]
[26998,14,27,[[26997,0],[26999,0],[26742,0],[26743,0],[27254,0],]]
[26999,4,27,[[27000,0],[26998,0],[26743,0],[27255,0],]]
[27000,10,27,[[26999,0],[27001,0],[26744,0],[26745,0],[27256,0],]]
[27001,9,27,[[27002,0],[27000,0],[26745,0],[27257,0],]]
[27002,6,27,[[27001,0],[27003,0],[26746,0],[26747,0],[27258,0],]]
[27003,13,27,[[27004,0],[27002,0],[26747,0],[27259,0],]]
[27004,18,27,[[27003,0],[27005,0],[26748,0],[26749,0],[27260,0],]]
[27005,7,27,[[27006,0],[27004,0],[26749,0],[27261,0],]]
[27006,8,27,[[27005,0],[27007,0],[26750,0],[26751,0],[27262,0],]]
[27007,14,27,[[27008,0],[27006,0],[26751,0],[27263,0],]]
[27008,18,28,[[27007,0],[27009,0],[26752,0],[26753,0],[27264,0],]]
[27009,16,28,[[27010,0],[27008,0],[26753,0],[27265,0],]]
[27010,18,28,[[27009,0],[27011,0],[26754,0],[26755,0],[27266,0],]]
[27011,15,28,[[27012,0],[27010,0],[26755,0],[27267,0],]]
[27012,1,28,[[27011,0],[27013,0],[26756,0],[26757,0],[27268,0],]]
[27013,17,28,[[27014,0],[27012,0],[26757,0],[27269,0],]]
[27014,2,28,[[27013,0],[27015,0],[26758,0],[26759,0],[27270,0],]]
[27015,16,28,[[27016,0],[27014,0],[26759,0],[27271,0],]]
[27016,2,28,[[27015,0],[27017,0],[26760,0],[26761,0],[27272,0],]]
[27017,2,28,[[27018,0],[27016,0],[26761,0],[27273,0],]]
[27018,15,28,[[27017,0],[27019,0],[26762,0],[26763,0],[27274,0],]]
[27019,4,28,[[27020,0],[27018,0],[26763,0],[27275,0],]]
[27020,17,28,[[27019,0],[27021,0],[26764,0],[26765,0],[27276,0],]]
[27021,18,28,[[27022,0],[27020,0],[26765,0],[27277,0],]]
[27022,10,28,[[27021,0],[27023,0],[26766,0],[26767,0],[27278,0],]]
[27023,9,28,[[27024,0],[27022,0],[26767,0],[27279,0],]]
[27024,10,28,[[27023,0],[27025,0],[26768,0],[26769,0],[27280,0],]]
[27025,8,28,[[27026,0],[27024,0],[26769,0],[27281,0],]]
[27026,6,28,[[27025,0],[27027,0],[26770,0],[26771,0],[27282,0],]]
[27027,4,28,[[27028,0],[27026,0],[26771,0],[27283,0],]]
[27028,16,28,[[27027,0],[27029,0],[26772,0],[26773,0],[27284,0],]]
[27029,6,28,[[27030,0],[27028,0],[26773,0],[27285,0],]]
[27030,12,28,[[27029,0],[27031,0],[26774,0],[26775,0],[27286,0],]]
[27031,9,28,[[27032,0],[27030,0],[26775,0],[27287,0],]]
[27032,8,28,[[27031,0],[27033,0],[26776,0],[26777,0],[27288,0],]]
[27033,3,28,[[27034,0],[27032,0],[26777,0],[27289,0],]]
[27034,12,28,[[27033,0],[27035,0],[26778,0],[26779,0],[27290,0],]]
[27035,12,28,[[27036,0],[27034,0],[26779,0],[27291,0],]]
[27036,6,28,[[27035,0],[27037,0],[26780,0],[26781,0],[27292,0],]]
[27037,19,28,[[27038,0],[27036,0],[26781,0],[27293,0],]]
[27038,9,28,[[27037,0],[27039,0],[26782,0],[26783,0],[27294,0],]]
[27039,13,28,[[27040,0],[27038,0],[26783,0],[27295,0],]]
[27040,5,29,[[27039,0],[27041,0],[26784,0],[26785,0],[27296,0],]]
[27041,5,29,[[27042,0],[27040,0],[26785,0],[27297,0],]]
[27042,6,29,[[27041,0],[27043,0],[26786,0],[26787,0],[27298,0],]]
[27043,17,29,[[27044,0],[27042,0],[26787,0],[27299,0],]]
[27044,16,29,[[27043,0],[27045,0],[26788,0],[26789,0],[27300,0],]]
[27045,10,29,[[27046,0],[27044,0],[26789,0],[27301,0],]]
[27046,3,29,[[27045,0],[27047,0],[26790,0],[26791,0],[27302,0],]]
[27047,4,29,[[27048,0],[27046,0],[26791,0],[27303,0],]]
[27048,18,29,[[27047,0],[27049,0],[26792,0],[26793,0],[27304,0],]]
[27049,7,29,[[27050,0],[27048,0],[26793,0],[27305,0],]]
[27050,18,29,[[27049,0],[27051,0],[26794,0],[26795,0],[27306,0],]]
[27051,14,29,[[27052,0],[27050,0],[26795,0],[27307,0],]]
[27052,13,29,[[27051,0],[27053,0],[26796,0],[26797,0],[27308,0],]]
[27053,18,29,[[27054,0],[27052,0],[26797,0],[27309,0],]]
[27054,1,29,[[27053,0],[27055,0],[26798,0],[26799,0],[27310,0],]]
[27055,6,29,[[27056,0],[27054,0],[26799,0],[27311,0],]]
[27056,11,29,[[27055,0],[27057,0],[26800,0],[26801,0],[27312,0],]]
[27057,3,29,[[27058,0],[27056,0],[26801,0],[27313,0],]]
[27058,19,29,[[27057,0],[27059,0],[26802,0],[26803,0],[27314,0],]]
[27059,13,29,[[27060,0],[27058,0],[26803,0],[27315,0],]]
[27060,11,29,[[27059,0],[27061,0],[26804,0],[26805,0],[27316,0],]]
[27061,7,29,[[27062,0],[27060,0],[26805,0],[27317,0],]]
[27062,2,29,[[27061,0],[27063,0],[26806,0],[26807,0],[27318,0],]]
[27063,19,29,[[27064,0],[27062,0],[26807,0],[27319,0],]]
[27064,5,29,[[27063,0],[27065,0],[26808,0],[26809,0],[27320,0],]]
[27065,18,29,[[27066,0],[27064,0],[26809,0],[27321,0],]]
[27066,18,29,[[27065,0],[27067,0],[26810,0],[26811,0],[27322,0],]]
[27067,12,29,[[27068,0],[27066,0],[26811,0],[27323,0],]]
[27068,8,29,[[27067,0],[27069,0],[26812,0],[26813,0],[27324,0],]]
[27069,17,29,[[27070,0],[27068,0],[26813,0],[27325,0],]]
[27070,5,29,[[27069,0],[27071,0],[26814,0],[26815,0],[27326,0],]]
[27071,5,29,[[27072,0],[27070,0],[26815,0],[27327,0],]]
[27072,18,30,[[27071,0],[27073,0],[26816,0],[26817,0],[27328,0],]]
[27073,18,30,[[27074,0],[27072,0],[26817,0],[27329,0],]]
[27074,7,30,[[27073,0],[27075,0],[26818,0],[26819,0],[27330,0],]]
[27075,11,30,[[27076,0],[27074,0],[26819,0],[27331,0],]]
[27076,19,30,[[27075,0],[27077,0],[26820,0],[26821,0],[27332,0],]]
[27077,6,30,[[27078,0],[27076,0],[26821,0],[27333,0],]]
[27078,4,30,[[27077,0],[27079,0],[26822,0],[26823,0],[27334,0],]]
[27079,6,30,[[27080,0],[27078,0],[26823,0],[27335,0],]]
[27080,16,30,[[27079,0],[27081,0],[26824,0],[26825,0],[27336,0],]]
[27081,8,30,[[27082,0],[27080,0],[26825,0],[27337,0],]]
[27082,12,30,[[27081,0],[27083,0],[26826,0],[26827,0],[27338,0],]]
[27083,11,30,[[27084,0],[27082,0],[26827,0],[27339,0],]]
[27084,15,30,[[27083,0],[27085,0],[26828,0],[26829,0],[27340,0],]]
[27085,10,30,[[27086,0],[27084,0],[26829,0],[27341,0],]]
[27086,1,30,[[27085,0],[27087,0],[26830,0],[26831,0],[27342,0],]]
[27087,4,30,[[27088,0],[27086,0],[26831,0],[27343,0],]]
[27088,4,30,[[27087,0],[27089,0],[26832,0],[26833,0],[27344,0],]]
[27089,3,30,[[27090,0],[27088,0],[26833,0],[27345,0],]]
[27090,9,30,[[27089,0],[27091,0],[26834,0],[26835,0],[27346,0],]]
[27091,5,30,[[27092,0],[27090,0],[26835,0],[27347,0],]]
[27092,8,30,[[27091,0],[27093,0],[26836,0],[26837,0],[27348,0],]]
[27093,6,30,[[27094,0],[27092,0],[26837,0],[27349,0],]]
[27094,10,30,[[27093,0],[27095,0],[26838,0],[26839,0],[27350,0],]]
[27095,5,30,[[27096,0],[27094,0],[26839,0],[27351,0],]]
[27096,13,30,[[27095,0],[27097,0],[26840,0],[26841,0],[27352,0],]]
[27097,2,30,[[27098,0],[27096,0],[26841,0],[27353,0],]]
[27098,10,30,[[27097,0],[27099,0],[26842,0],[26843,0],[27354,0],]]
[27099,17,30,[[27100,0],[27098,0],[26843,0],[27355,0],]]
[27100,9,30,[[27099,0],[27101,0],[26844,0],[26845,0],[27356,0],]]
[27101,9,30,[[27102,0],[27100,0],[26845,0],[27357,0],]]
[27102,14,30,[[27101,0],[27103,0],[26846,0],[26847,0],[27358,0],]]
[27103,13,30,[[27104,0],[27102,0],[26847,0],[27359,0],]]
[27104,2,31,[[27103,0],[27105,0],[26848,0],[26849,0],[27360,0],]]
[27105,10,31,[[27106,0],[27104,0],[26849,0],[27361,0],]]
[27106,2,31,[[27105,0],[27107,0],[26850,0],[26851,0],[27362,0],]]
[27107,9,31,[[27108,0],[27106,0],[26851,0],[27363,0],]]
[27108,5,31,[[27107,0],[27109,0],[26852,0],[26853,0],[27364,0],]]
[27109,14,31,[[27110,0],[27108,0],[26853,0],[27365,0],]]
[27110,18,31,[[27109,0],[27111,0],[26854,0],[26855,0],[27366,0],]]
[27111,8,31,[[27112,0],[27110,0],[26855,0],[27367,0],]]
[27112,14,31,[[27111,0],[27113,0],[26856,0],[26857,0],[27368,0],]]
[27113,13,31,[[27114,0],[27112,0],[26857,0],[27369,0],]]
[27114,7,31,[[27113,0],[27115,0],[26858,0],[26859,0],[27370,0],]]
[27115,6,31,[[27116,0],[27114,0],[26859,0],[27371,0],]]
[27116,15,31,[[27115,0],[27117,0],[26860,0],[26861,0],[27372,0],]]
[27117,19,31,[[27118,0],[27116,0],[26861,0],[27373,0],]]
[27118,7,31,[[27117,0],[27119,0],[26862,0],[26863,0],[27374,0],]]
[27119,19,31,[[27120,0],[27118,0],[26863,0],[27375,0],]]
[27120,8,31,[[27119,0],[27121,0],[26864,0],[26865,0],[27376,0],]]
[27121,9,31,[[27122,0],[27120,0],[26865,0],[27377,0],]]
[27122,4,31,[[27121,0],[27123,0],[26866,0],[26867,0],[27378,0],]]
[27123,17,31,[[27124,0],[27122,0],[26867,0],[27379,0],]]
[27124,6,31,[[27123,0],[27125,0],[26868,0],[26869,0],[27380,0],]]
[27125,16,31,[[27126,0],[27124,0],[26869,0],[27381,0],]]
[27126,5,31,[[27125,0],[27127,0],[26870,0],[26871,0],[27382,0],]]
[27127,2,31,[[27128,0],[27126,0],[26871,0],[27383,0],]]
[27128,8,31,[[27127,0],[27129,0],[26872,0],[26873,0],[27384,0],]]
[27129,7,31,[[27130,0],[27128,0],[26873,0],[27385,0],]]
[27130,15,31,[[27129,0],[27131,0],[26874,0],[26875,0],[27386,0],]]
[27131,2,31,[[27132,0],[27130,0],[26875,0],[27387,0],]]
[27132,10,31,[[27131,0],[27133,0],[26876,0],[26877,0],[27388,0],]]
[27133,11,31,[[27134,0],[27132,0],[26877,0],[27389,0],]]
[27134,10,31,[[27133,0],[27135,0],[26878,0],[26879,0],[27390,0],]]
[27135,16,31,[[27134,0],[26879,0],[27391,0],]]
[27136,5,24,[[27137,0],[27392,0],[26880,0],]]
[27137,18,24,[[27138,0],[27136,0],[27393,0],[27392,0],[26881,0],]]
[27138,12,24,[[27137,0],[27139,0],[27394,0],[26882,0],]]
[27139,1,24,[[27140,0],[27138,0],[27395,0],[27394,0],[26883,0],]]
[27140,14,24,[[27139,0],[27141,0],[27396,0],[26884,0],]]
[27141,4,24,[[27142,0],[27140,0],[27397,0],[27396,0],[26885,0],]]
[27142,17,24,[[27141,0],[27143,0],[27398,0],[26886,0],]]
[27143,19,24,[[27144,0],[27142,0],[27399,0],[27398,0],[26887,0],]]
[27144,4,24,[[27143,0],[27145,0],[27400,0],[26888,0],]]
[27145,9,24,[[27146,0],[27144,0],[27401,0],[27400,0],[26889,0],]]
[27146,8,24,[[27145,0],[27147,0],[27402,0],[26890,0],]]
[27147,4,24,[[27148,0],[27146,0],[27403,0],[27402,0],[26891,0],]]
[27148,17,24,[[27147,0],[27149,0],[27404,0],[26892,0],]]
[27149,9,24,[[27150,0],[27148,0],[27405,0],[27404,0],[26893,0],]]
[27150,17,24,[[27149,0],[27151,0],[27406,0],[26894,0],]]
[27151,15,24,[[27152,0],[27150,0],[27407,0],[27406,0],[26895,0],]]
[27152,2,24,[[27151,0],[27153,0],[27408,0],[26896,0],]]
[27153,4,24,[[27154,0],[27152,0],[27409,0],[27408,0],[26897,0],]]
[27154,18,24,[[27153,0],[27155,0],[27410,0],[26898,0],]]
[27155,16,24,[[27156,0],[27154,0],[27411,0],[27410,0],[26899,0],]]
[27156,6,24,[[27155,0],[27157,0],[27412,0],[26900,0],]]
[27157,10,24,[[27158,0],[27156,0],[27413,0],[27412,0],[26901,0],]]
[27158,13,24,[[27157,0],[27159,0],[27414,0],[26902,0],]]
[27159,7,24,[[27160,0],[27158,0],[27415,0],[27414,0],[26903,0],]]
[27160,18,24,[[27159,0],[27161,0],[27416,0],[26904,0],]]
[27161,12,24,[[27162,0],[27160,0],[27417,0],[27416,0],[26905,0],]]
[27162,12,24,[[27161,0],[27163,0],[27418,0],[26906,0],]]
[27163,17,24,[[27164,0],[27162,0],[27419,0],[27418,0],[26907,0],]]
[27164,5,24,[[27163,0],[27165,0],[27420,0],[26908,0],]]
[27165,12,24,[[27166,0],[27164,0],[27421,0],[27420,0],[26909,0],]]
[27166,18,24,[[27165,0],[27167,0],[27422,0],[26910,0],]]
[27167,13,24,[[27168,0],[27166,0],[27423,0],[27422,0],[26911,0],]]
[27168,11,25,[[27167,0],[27169,0],[27424,0],[26912,0],]]
[27169,16,25,[[27170,0],[27168,0],[27425,0],[27424,0],[26913,0],]]
[27170,6,25,[[27169,0],[27171,0],[27426,0],[26914,0],]]
[27171,14,25,[[27172,0],[27170,0],[27427,0],[27426,0],[26915,0],]]
[27172,15,25,[[27171,0],[27173,0],[27428,0],[26916,0],]]
[27173,7,25,[[27174,0],[27172,0],[27429,0],[27428,0],[26917,0],]]
[27174,19,25,[[27173,0],[27175,0],[27430,0],[26918,0],]]
[27175,19,25,[[27176,0],[27174,0],[27431,0],[27430,0],[26919,0],]]
[27176,4,25,[[27175,0],[27177,0],[27432,0],[26920,0],]]
[27177,14,25,[[27178,0],[27176,0],[27433,0],[27432,0],[26921,0],]]
[27178,15,25,[[27177,0],[27179,0],[27434,0],[26922,0],]]
[27179,13,25,[[27180,0],[27178,0],[27435,0],[27434,0],[26923,0],]]
[27180,11,25,[[27179,0],[27181,0],[27436,0],[26924,0],]]
[27181,7,25,[[27182,0],[27180,0],[27437,0],[27436,0],[26925,0],]]
[27182,8,25,[[27181,0],[27183,0],[27438,0],[26926,0],]]
[27183,18,25,[[27184,0],[27182,0],[27439,0],[27438,0],[26927,0],]]
[27184,8,25,[[27183,0],[27185,0],[27440,0],[26928,0],]]
[27185,12,25,[[27186,0],[27184,0],[27441,0],[27440,0],[26929,0],]]
[27186,11,25,[[27185,0],[27187,0],[27442,0],[26930,0],]]
[27187,6,25,[[27188,0],[27186,0],[27443,0],[27442,0],[26931,0],]]
[27188,18,25,[[27187,0],[27189,0],[27444,0],[26932,0],]]
[27189,15,25,[[27190,0],[27188,0],[27445,0],[27444,0],[26933,0],]]
[27190,5,25,[[27189,0],[27191,0],[27446,0],[26934,0],]]
[27191,3,25,[[27192,0],[27190,0],[27447,0],[27446,0],[26935,0],]]
[27192,19,25,[[27191,0],[27193,0],[27448,0],[26936,0],]]
[27193,12,25,[[27194,0],[27192,0],[27449,0],[27448,0],[26937,0],]]
[27194,16,25,[[27193,0],[27195,0],[27450,0],[26938,0],]]
[27195,12,25,[[27196,0],[27194,0],[27451,0],[27450,0],[26939,0],]]
[27196,11,25,[[27195,0],[27197,0],[27452,0],[26940,0],]]
[27197,4,25,[[27198,0],[27196,0],[27453,0],[27452,0],[26941,0],]]
[27198,4,25,[[27197,0],[27199,0],[27454,0],[26942,0],]]
[27199,18,25,[[27200,0],[27198,0],[27455,0],[27454,0],[26943,0],]]
[27200,4,26,[[27199,0],[27201,0],[27456,0],[26944,0],]]
[27201,2,26,[[27202,0],[27200,0],[27457,0],[27456,0],[26945,0],]]
[27202,9,26,[[27201,0],[27203,0],[27458,0],[26946,0],]]
[27203,12,26,[[27204,0],[27202,0],[27459,0],[27458,0],[26947,0],]]
[27204,16,26,[[27203,0],[27205,0],[27460,0],[26948,0],]]
[27205,13,26,[[27206,0],[27204,0],[27461,0],[27460,0],[26949,0],]]
[27206,7,26,[[27205,0],[27207,0],[27462,0],[26950,0],]]
[27207,5,26,[[27208,0],[27206,0],[27463,0],[27462,0],[26951,0],]]
[27208,3,26,[[27207,0],[27209,0],[27464,0],[26952,0],]]
[27209,5,26,[[27210,0],[27208,0],[27465,0],[27464,0],[26953,0],]]
[27210,16,26,[[27209,0],[27211,0],[27466,0],[26954,0],]]
[27211,6,26,[[27212,0],[27210,0],[27467,0],[27466,0],[26955,0],]]
[27212,18,26,[[27211,0],[27213,0],[27468,0],[26956,0],]]
[27213,1,26,[[27214,0],[27212,0],[27469,0],[27468,0],[26957,0],]]
[27214,15,26,[[27213,0],[27215,0],[27470,0],[26958,0],]]
[27215,15,26,[[27216,0],[27214,0],[27471,0],[27470,0],[26959,0],]]
[27216,15,26,[[27215,0],[27217,0],[27472,0],[26960,0],]]
[27217,7,26,[[27218,0],[27216,0],[27473,0],[27472,0],[26961,0],]]
[27218,10,26,[[27217,0],[27219,0],[27474,0],[26962,0],]]
[27219,17,26,[[27220,0],[27218,0],[27475,0],[27474,0],[26963,0],]]
[27220,18,26,[[27219,0],[27221,0],[27476,0],[26964,0],]]
[27221,1,26,[[27222,0],[27220,0],[27477,0],[27476,0],[26965,0],]]
[27222,10,26,[[27221,0],[27223,0],[27478,0],[26966,0],]]
[27223,19,26,[[27224,0],[27222,0],[27479,0],[27478,0],[26967,0],]]
[27224,5,26,[[27223,0],[27225,0],[27480,0],[26968,0],]]
[27225,4,26,[[27226,0],[27224,0],[27481,0],[27480,0],[26969,0],]]
[27226,10,26,[[27225,0],[27227,0],[27482,0],[26970,0],]]
[27227,5,26,[[27228,0],[27226,0],[27483,0],[27482,0],[26971,0],]]
[27228,16,26,[[27227,0],[27229,0],[27484,0],[26972,0],]]
[27229,19,26,[[27230,0],[27228,0],[27485,0],[27484,0],[26973,0],]]
[27230,7,26,[[27229,0],[27231,0],[27486,0],[26974,0],]]
[27231,5,26,[[27232,0],[27230,0],[27487,0],[27486,0],[26975,0],]]
[27232,15,27,[[27231,0],[27233,0],[27488,0],[26976,0],]]
[27233,18,27,[[27234,0],[27232,0],[27489,0],[27488,0],[26977,0],]]
[27234,2,27,[[27233,0],[27235,0],[27490,0],[26978,0],]]
[27235,2,27,[[27236,0],[27234,0],[27491,0],[27490,0],[26979,0],]]
[27236,6,27,[[27235,0],[27237,0],[27492,0],[26980,0],]]
[27237,6,27,[[27238,0],[27236,0],[27493,0],[27492,0],[26981,0],]]
[27238,5,27,[[27237,0],[27239,0],[27494,0],[26982,0],]]
[27239,18,27,[[27240,0],[27238,0],[27495,0],[27494,0],[26983,0],]]
[27240,13,27,[[27239,0],[27241,0],[27496,0],[26984,0],]]
[27241,1,27,[[27242,0],[27240,0],[27497,0],[27496,0],[26985,0],]]
[27242,7,27,[[27241,0],[27243,0],[27498,0],[26986,0],]]
[27243,9,27,[[27244,0],[27242,0],[27499,0],[27498,0],[26987,0],]]
[27244,11,27,[[27243,0],[27245,0],[27500,0],[26988,0],]]
[27245,12,27,[[27246,0],[27244,0],[27501,0],[27500,0],[26989,0],]]
[27246,5,27,[[27245,0],[27247,0],[27502,0],[26990,0],]]
[27247,8,27,[[27248,0],[27246,0],[27503,0],[27502,0],[26991,0],]]
[27248,17,27,[[27247,0],[27249,0],[27504,0],[26992,0],]]
[27249,12,27,[[27250,0],[27248,0],[27505,0],[27504,0],[26993,0],]]
[27250,10,27,[[27249,0],[27251,0],[27506,0],[26994,0],]]
[27251,11,27,[[27252,0],[27250,0],[27507,0],[27506,0],[26995,0],]]
[27252,1,27,[[27251,0],[27253,0],[27508,0],[26996,0],]]
[27253,10,27,[[27254,0],[27252,0],[27509,0],[27508,0],[26997,0],]]
[27254,13,27,[[27253,0],[27255,0],[27510,0],[26998,0],]]
[27255,7,27,[[27256,0],[27254,0],[27511,0],[27510,0],[26999,0],]]
[27256,18,27,[[27255,0],[27257,0],[27512,0],[27000,0],]]
[27257,3,27,[[27258,0],[27256,0],[27513,0],[27512,0],[27001,0],]]
[27258,6,27,[[27257,0],[27259,0],[27514,0],[27002,0],]]
[27259,6,27,[[27260,0],[27258,0],[27515,0],[27514,0],[27003,0],]]
[27260,9,27,[[27259,0],[27261,0],[27516,0],[27004,0],]]
[27261,6,27,[[27262,0],[27260,0],[27517,0],[27516,0],[27005,0],]]
[27262,6,27,[[27261,0],[27263,0],[27518,0],[27006,0],]]
[27263,12,27,[[27264,0],[27262,0],[27519,0],[27518,0],[27007,0],]]
[27264,16,28,[[27263,0],[27265,0],[27520,0],[27008,0],]]
[27265,14,28,[[27266,0],[27264,0],[27521,0],[27520,0],[27009,0],]]
[27266,13,28,[[27265,0],[27267,0],[27522,0],[27010,0],]]
[27267,1,28,[[27268,0],[27266,0],[27523,0],[27522,0],[27011,0],]]
[27268,5,28,[[27267,0],[27269,0],[27524,0],[27012,0],]]
[27269,13,28,[[27270,0],[27268,0],[27525,0],[27524,0],[27013,0],]]
[27270,4,28,[[27269,0],[27271,0],[27526,0],[27014,0],]]
[27271,12,28,[[27272,0],[27270,0],[27527,0],[27526,0],[27015,0],]]
[27272,1,28,[[27271,0],[27273,0],[27528,0],[27016,0],]]
[27273,6,28,[[27274,0],[27272,0],[27529,0],[27528,0],[27017,0],]]
[27274,7,28,[[27273,0],[27275,0],[27530,0],[27018,0],]]
[27275,11,28,[[27276,0],[27274,0],[27531,0],[27530,0],[27019,0],]]
[27276,5,28,[[27275,0],[27277,0],[27532,0],[27020,0],]]
[27277,16,28,[[27278,0],[27276,0],[27533,0],[27532,0],[27021,0],]]
[27278,11,28,[[27277,0],[27279,0],[27534,0],[27022,0],]]
[27279,18,28,[[27280,0],[27278,0],[27535,0],[27534,0],[27023,0],]]
[27280,6,28,[[27279,0],[27281,0],[27536,0],[27024,0],]]
[27281,2,28,[[27282,0],[27280,0],[27537,0],[27536,0],[27025,0],]]
[27282,7,28,[[27281,0],[27283,0],[27538,0],[27026,0],]]
[27283,3,28,[[27284,0],[27282,0],[27539,0],[27538,0],[27027,0],]]
[27284,16,28,[[27283,0],[27285,0],[27540,0],[27028,0],]]
[27285,1,28,[[27286,0],[27284,0],[27541,0],[27540,0],[27029,0],]]
[27286,14,28,[[27285,0],[27287,0],[27542,0],[27030,0],]]
[27287,17,28,[[27288,0],[27286,0],[27543,0],[27542,0],[27031,0],]]
[27288,12,28,[[27287,0],[27289,0],[27544,0],[27032,0],]]
[27289,18,28,[[27290,0],[27288,0],[27545,0],[27544,0],[27033,0],]]
[27290,5,28,[[27289,0],[27291,0],[27546,0],[27034,0],]]
[27291,16,28,[[27292,0],[27290,0],[27547,0],[27546,0],[27035,0],]]
[27292,14,28,[[27291,0],[27293,0],[27548,0],[27036,0],]]
[27293,10,28,[[27294,0],[27292,0],[27549,0],[27548,0],[27037,0],]]
[27294,1,28,[[27293,0],[27295,0],[27550,0],[27038,0],]]
[27295,14,28,[[27296,0],[27294,0],[27551,0],[27550,0],[27039,0],]]
[27296,10,29,[[27295,0],[27297,0],[27552,0],[27040,0],]]
[27297,2,29,[[27298,0],[27296,0],[27553,0],[27552,0],[27041,0],]]
[27298,3,29,[[27297,0],[27299,0],[27554,0],[27042,0],]]
[27299,12,29,[[27300,0],[27298,0],[27555,0],[27554,0],[27043,0],]]
[27300,18,29,[[27299,0],[27301,0],[27556,0],[27044,0],]]
[27301,15,29,[[27302,0],[27300,0],[27557,0],[27556,0],[27045,0],]]
[27302,2,29,[[27301,0],[27303,0],[27558,0],[27046,0],]]
[27303,6,29,[[27304,0],[27302,0],[27559,0],[27558,0],[27047,0],]]
[27304,9,29,[[27303,0],[27305,0],[27560,0],[27048,0],]]
[27305,13,29,[[27306,0],[27304,0],[27561,0],[27560,0],[27049,0],]]
[27306,2,29,[[27305,0],[27307,0],[27562,0],[27050,0],]]
[27307,7,29,[[27308,0],[27306,0],[27563,0],[27562,0],[27051,0],]]
[27308,8,29,[[27307,0],[27309,0],[27564,0],[27052,0],]]
[27309,5,29,[[27310,0],[27308,0],[27565,0],[27564,0],[27053,0],]]
[27310,19,29,[[27309,0],[27311,0],[27566,0],[27054,0],]]
[27311,17,29,[[27312,0],[27310,0],[27567,0],[27566,0],[27055,0],]]
[27312,19,29,[[27311,0],[27313,0],[27568,0],[27056,0],]]
[27313,13,29,[[27314,0],[27312,0],[27569,0],[27568,0],[27057,0],]]
[27314,12,29,[[27313,0],[27315,0],[27570,0],[27058,0],]]
[27315,1,29,[[27316,0],[27314,0],[27571,0],[27570,0],[27059,0],]]
[27316,7,29,[[27315,0],[27317,0],[27572,0],[27060,0],]]
[27317,18,29,[[27318,0],[27316,0],[27573,0],[27572,0],[27061,0],]]
[27318,7,29,[[27317,0],[27319,0],[27574,0],[27062,0],]]
[27319,13,29,[[27320,0],[27318,0],[27575,0],[27574,0],[27063,0],]]
[27320,11,29,[[27319,0],[27321,0],[27576,0],[27064,0],]]
[27321,8,29,[[27322,0],[27320,0],[27577,0],[27576,0],[27065,0],]]
[27322,4,29,[[27321,0],[27323,0],[27578,0],[27066,0],]]
[27323,19,29,[[27324,0],[27322,0],[27579,0],[27578,0],[27067,0],]]
[27324,19,29,[[27323,0],[27325,0],[27580,0],[27068,0],]]
[27325,8,29,[[27326,0],[27324,0],[27581,0],[27580,0],[27069,0],]]
[27326,14,29,[[27325,0],[27327,0],[27582,0],[27070,0],]]
[27327,17,29,[[27328,0],[27326,0],[27583,0],[27582,0],[27071,0],]]
[27328,2,30,[[27327,0],[27329,0],[27584,0],[27072,0],]]
[27329,13,30,[[27330,0],[27328,0],[27585,0],[27584,0],[27073,0],]]
[27330,5,30,[[27329,0],[27331,0],[27586,0],[27074,0],]]
[27331,8,30,[[27332,0],[27330,0],[27587,0],[27586,0],[27075,0],]]
[27332,19,30,[[27331,0],[27333,0],[27588,0],[27076,0],]]
[27333,11,30,[[27334,0],[27332,0],[27589,0],[27588,0],[27077,0],]]
[27334,2,30,[[27333,0],[27335,0],[27590,0],[27078,0],]]
[27335,6,30,[[27336,0],[27334,0],[27591,0],[27590,0],[27079,0],]]
[27336,18,30,[[27335,0],[27337,0],[27592,0],[27080,0],]]
[27337,7,30,[[27338,0],[27336,0],[27593,0],[27592,0],[27081,0],]]
[27338,15,30,[[27337,0],[27339,0],[27594,0],[27082,0],]]
[27339,1,30,[[27340,0],[27338,0],[27595,0],[27594,0],[27083,0],]]
[27340,8,30,[[27339,0],[27341,0],[27596,0],[27084,0],]]
[27341,1,30,[[27342,0],[27340,0],[27597,0],[27596,0],[27085,0],]]
[27342,1,30,[[27341,0],[27343,0],[27598,0],[27086,0],]]
[27343,8,30,[[27344,0],[27342,0],[27599,0],[27598,0],[27087,0],]]
[27344,18,30,[[27343,0],[27345,0],[27600,0],[27088,0],]]
[27345,12,30,[[27346,0],[27344,0],[27601,0],[27600,0],[27089,0],]]
[27346,6,30,[[27345,0],[27347,0],[27602,0],[27090,0],]]
[27347,13,30,[[27348,0],[27346,0],[27603,0],[27602,0],[27091,0],]]
[27348,15,30,[[27347,0],[27349,0],[27604,0],[27092,0],]]
[27349,6,30,[[27350,0],[27348,0],[27605,0],[27604,0],[27093,0],]]
[27350,11,30,[[27349,0],[27351,0],[27606,0],[27094,0],]]
[27351,7,30,[[27352,0],[27350,0],[27607,0],[27606,0],[27095,0],]]
[27352,2,30,[[27351,0],[27353,0],[27608,0],[27096,0],]]
[27353,11,30,[[27354,0],[27352,0],[27609,0],[27608,0],[27097,0],]]
[27354,13,30,[[27353,0],[27355,0],[27610,0],[27098,0],]]
[27355,9,30,[[27356,0],[27354,0],[27611,0],[27610,0],[27099,0],]]
[27356,7,30,[[27355,0],[27357,0],[27612,0],[27100,0],]]
[27357,5,30,[[27358,0],[27356,0],[27613,0],[27612,0],[27101,0],]]
[27358,13,30,[[27357,0],[27359,0],[27614,0],[27102,0],]]
[27359,8,30,[[27360,0],[27358,0],[27615,0],[27614,0],[27103,0],]]
[27360,6,31,[[27359,0],[27361,0],[27616,0],[27104,0],]]
[27361,14,31,[[27362,0],[27360,0],[27617,0],[27616,0],[27105,0],]]
[27362,5,31,[[27361,0],[27363,0],[27618,0],[27106,0],]]
[27363,8,31,[[27364,0],[27362,0],[27619,0],[27618,0],[27107,0],]]
[27364,10,31,[[27363,0],[27365,0],[27620,0],[27108,0],]]
[27365,19,31,[[27366,0],[27364,0],[27621,0],[27620,0],[27109,0],]]
[27366,15,31,[[27365,0],[27367,0],[27622,0],[27110,0],]]
[27367,12,31,[[27368,0],[27366,0],[27623,0],[27622,0],[27111,0],]]
[27368,17,31,[[27367,0],[27369,0],[27624,0],[27112,0],]]
[27369,14,31,[[27370,0],[27368,0],[27625,0],[27624,0],[27113,0],]]
[27370,11,31,[[27369,0],[27371,0],[27626,0],[27114,0],]]
[27371,18,31,[[27372,0],[27370,0],[27627,0],[27626,0],[27115,0],]]
[27372,1,31,[[27371,0],[27373,0],[27628,0],[27116,0],]]
[27373,18,31,[[27374,0],[27372,0],[27629,0],[27628,0],[27117,0],]]
[27374,3,31,[[27373,0],[27375,0],[27630,0],[27118,0],]]
[27375,7,31,[[27376,0],[27374,0],[27631,0],[27630,0],[27119,0],]]
[27376,17,31,[[27375,0],[27377,0],[27632,0],[27120,0],]]
[27377,6,31,[[27378,0],[27376,0],[27633,0],[27632,0],[27121,0],]]
[27378,8,31,[[27377,0],[27379,0],[27634,0],[27122,0],]]
[27379,8,31,[[27380,0],[27378,0],[27635,0],[27634,0],[27123,0],]]
[27380,8,31,[[27379,0],[27381,0],[27636,0],[27124,0],]]
[27381,18,31,[[27382,0],[27380,0],[27637,0],[27636,0],[27125,0],]]
[27382,11,31,[[27381,0],[27383,0],[27638,0],[27126,0],]]
[27383,13,31,[[27384,0],[27382,0],[27639,0],[27638,0],[27127,0],]]
[27384,12,31,[[27383,0],[27385,0],[27640,0],[27128,0],]]
[27385,3,31,[[27386,0],[27384,0],[27641,0],[27640,0],[27129,0],]]
[27386,7,31,[[27385,0],[27387,0],[27642,0],[27130,0],]]
[27387,15,31,[[27388,0],[27386,0],[27643,0],[27642,0],[27131,0],]]
[27388,16,31,[[27387,0],[27389,0],[27644,0],[27132,0],]]
[27389,19,31,[[27390,0],[27388,0],[27645,0],[27644,0],[27133,0],]]
[27390,11,31,[[27389,0],[27391,0],[27646,0],[27134,0],]]
[27391,9,31,[[27390,0],[27647,0],[27646,0],[27135,0],]]
[27392,3,24,[[27393,0],[27136,0],[27137,0],[27648,0],]]
[27393,4,24,[[27394,0],[27392,0],[27137,0],[27649,0],]]
[27394,6,24,[[27393,0],[27395,0],[27138,0],[27139,0],[27650,0],]]
[27395,9,24,[[27396,0],[27394,0],[27139,0],[27651,0],]]
[27396,15,24,[[27395,0],[27397,0],[27140,0],[27141,0],[27652,0],]]
[27397,6,24,[[27398,0],[27396,0],[27141,0],[27653,0],]]
[27398,5,24,[[27397,0],[27399,0],[27142,0],[27143,0],[27654,0],]]
[27399,17,24,[[27400,0],[27398,0],[27143,0],[27655,0],]]
[27400,16,24,[[27399,0],[27401,0],[27144,0],[27145,0],[27656,0],]]
[27401,17,24,[[27402,0],[27400,0],[27145,0],[27657,0],]]
[27402,13,24,[[27401,0],[27403,0],[27146,0],[27147,0],[27658,0],]]
[27403,7,24,[[27404,0],[27402,0],[27147,0],[27659,0],]]
[27404,9,24,[[27403,0],[27405,0],[27148,0],[27149,0],[27660,0],]]
[27405,11,24,[[27406,0],[27404,0],[27149,0],[27661,0],]]
[27406,10,24,[[27405,0],[27407,0],[27150,0],[27151,0],[27662,0],]]
[27407,10,24,[[27408,0],[27406,0],[27151,0],[27663,0],]]
[27408,8,24,[[27407,0],[27409,0],[27152,0],[27153,0],[27664,0],]]
[27409,2,24,[[27410,0],[27408,0],[27153,0],[27665,0],]]
[27410,14,24,[[27409,0],[27411,0],[27154,0],[27155,0],[27666,0],]]
[27411,8,24,[[27412,0],[27410,0],[27155,0],[27667,0],]]
[27412,19,24,[[27411,0],[27413,0],[27156,0],[27157,0],[27668,0],]]
[27413,3,24,[[27414,0],[27412,0],[27157,0],[27669,0],]]
[27414,15,24,[[27413,0],[27415,0],[27158,0],[27159,0],[27670,0],]]
[27415,2,24,[[27416,0],[27414,0],[27159,0],[27671,0],]]
[27416,10,24,[[27415,0],[27417,0],[27160,0],[27161,0],[27672,0],]]
[27417,11,24,[[27418,0],[27416,0],[27161,0],[27673,0],]]
[27418,15,24,[[27417,0],[27419,0],[27162,0],[27163,0],[27674,0],]]
[27419,18,24,[[27420,0],[27418,0],[27163,0],[27675,0],]]
[27420,19,24,[[27419,0],[27421,0],[27164,0],[27165,0],[27676,0],]]
[27421,6,24,[[27422,0],[27420,0],[27165,0],[27677,0],]]
[27422,13,24,[[27421,0],[27423,0],[27166,0],[27167,0],[27678,0],]]
[27423,7,24,[[27424,0],[27422,0],[27167,0],[27679,0],]]
[27424,19,25,[[27423,0],[27425,0],[27168,0],[27169,0],[27680,0],]]
[27425,7,25,[[27426,0],[27424,0],[27169,0],[27681,0],]]
[27426,7,25,[[27425,0],[27427,0],[27170,0],[27171,0],[27682,0],]]
[27427,11,25,[[27428,0],[27426,0],[27171,0],[27683,0],]]
[27428,15,25,[[27427,0],[27429,0],[27172,0],[27173,0],[27684,0],]]
[27429,10,25,[[27430,0],[27428,0],[27173,0],[27685,0],]]
[27430,9,25,[[27429,0],[27431,0],[27174,0],[27175,0],[27686,0],]]
[27431,8,25,[[27432,0],[27430,0],[27175,0],[27687,0],]]
[27432,15,25,[[27431,0],[27433,0],[27176,0],[27177,0],[27688,0],]]
[27433,12,25,[[27434,0],[27432,0],[27177,0],[27689,0],]]
[27434,6,25,[[27433,0],[27435,0],[27178,0],[27179,0],[27690,0],]]
[27435,6,25,[[27436,0],[27434,0],[27179,0],[27691,0],]]
[27436,19,25,[[27435,0],[27437,0],[27180,0],[27181,0],[27692,0],]]
[27437,13,25,[[27438,0],[27436,0],[27181,0],[27693,0],]]
[27438,16,25,[[27437,0],[27439,0],[27182,0],[27183,0],[27694,0],]]
[27439,6,25,[[27440,0],[27438,0],[27183,0],[27695,0],]]
[27440,3,25,[[27439,0],[27441,0],[27184,0],[27185,0],[27696,0],]]
[27441,4,25,[[27442,0],[27440,0],[27185,0],[27697,0],]]
[27442,3,25,[[27441,0],[27443,0],[27186,0],[27187,0],[27698,0],]]
[27443,16,25,[[27444,0],[27442,0],[27187,0],[27699,0],]]
[27444,7,25,[[27443,0],[27445,0],[27188,0],[27189,0],[27700,0],]]
[27445,3,25,[[27446,0],[27444,0],[27189,0],[27701,0],]]
[27446,9,25,[[27445,0],[27447,0],[27190,0],[27191,0],[27702,0],]]
[27447,16,25,[[27448,0],[27446,0],[27191,0],[27703,0],]]
[27448,12,25,[[27447,0],[27449,0],[27192,0],[27193,0],[27704,0],]]
[27449,17,25,[[27450,0],[27448,0],[27193,0],[27705,0],]]
[27450,17,25,[[27449,0],[27451,0],[27194,0],[27195,0],[27706,0],]]
[27451,7,25,[[27452,0],[27450,0],[27195,0],[27707,0],]]
[27452,8,25,[[27451,0],[27453,0],[27196,0],[27197,0],[27708,0],]]
[27453,8,25,[[27454,0],[27452,0],[27197,0],[27709,0],]]
[27454,16,25,[[27453,0],[27455,0],[27198,0],[27199,0],[27710,0],]]
[27455,17,25,[[27456,0],[27454,0],[27199,0],[27711,0],]]
[27456,8,26,[[27455,0],[27457,0],[27200,0],[27201,0],[27712,0],]]
[27457,16,26,[[27458,0],[27456,0],[27201,0],[27713,0],]]
[27458,3,26,[[27457,0],[27459,0],[27202,0],[27203,0],[27714,0],]]
[27459,14,26,[[27460,0],[27458,0],[27203,0],[27715,0],]]
[27460,1,26,[[27459,0],[27461,0],[27204,0],[27205,0],[27716,0],]]
[27461,16,26,[[27462,0],[27460,0],[27205,0],[27717,0],]]
[27462,2,26,[[27461,0],[27463,0],[27206,0],[27207,0],[27718,0],]]
[27463,19,26,[[27464,0],[27462,0],[27207,0],[27719,0],]]
[27464,10,26,[[27463,0],[27465,0],[27208,0],[27209,0],[27720,0],]]
[27465,8,26,[[27466,0],[27464,0],[27209,0],[27721,0],]]
[27466,12,26,[[27465,0],[27467,0],[27210,0],[27211,0],[27722,0],]]
[27467,18,26,[[27468,0],[27466,0],[27211,0],[27723,0],]]
[27468,18,26,[[27467,0],[27469,0],[27212,0],[27213,0],[27724,0],]]
[27469,1,26,[[27470,0],[27468,0],[27213,0],[27725,0],]]
[27470,8,26,[[27469,0],[27471,0],[27214,0],[27215,0],[27726,0],]]
[27471,8,26,[[27472,0],[27470,0],[27215,0],[27727,0],]]
[27472,14,26,[[27471,0],[27473,0],[27216,0],[27217,0],[27728,0],]]
[27473,8,26,[[27474,0],[27472,0],[27217,0],[27729,0],]]
[27474,11,26,[[27473,0],[27475,0],[27218,0],[27219,0],[27730,0],]]
[27475,9,26,[[27476,0],[27474,0],[27219,0],[27731,0],]]
[27476,10,26,[[27475,0],[27477,0],[27220,0],[27221,0],[27732,0],]]
[27477,6,26,[[27478,0],[27476,0],[27221,0],[27733,0],]]
[27478,12,26,[[27477,0],[27479,0],[27222,0],[27223,0],[27734,0],]]
[27479,17,26,[[27480,0],[27478,0],[27223,0],[27735,0],]]
[27480,6,26,[[27479,0],[27481,0],[27224,0],[27225,0],[27736,0],]]
[27481,7,26,[[27482,0],[27480,0],[27225,0],[27737,0],]]
[27482,5,26,[[27481,0],[27483,0],[27226,0],[27227,0],[27738,0],]]
[27483,8,26,[[27484,0],[27482,0],[27227,0],[27739,0],]]
[27484,9,26,[[27483,0],[27485,0],[27228,0],[27229,0],[27740,0],]]
[27485,5,26,[[27486,0],[27484,0],[27229,0],[27741,0],]]
[27486,13,26,[[27485,0],[27487,0],[27230,0],[27231,0],[27742,0],]]
[27487,6,26,[[27488,0],[27486,0],[27231,0],[27743,0],]]
[27488,7,27,[[27487,0],[27489,0],[27232,0],[27233,0],[27744,0],]]
[27489,2,27,[[27490,0],[27488,0],[27233,0],[27745,0],]]
[27490,19,27,[[27489,0],[27491,0],[27234,0],[27235,0],[27746,0],]]
[27491,15,27,[[27492,0],[27490,0],[27235,0],[27747,0],]]
[27492,1,27,[[27491,0],[27493,0],[27236,0],[27237,0],[27748,0],]]
[27493,18,27,[[27494,0],[27492,0],[27237,0],[27749,0],]]
[27494,9,27,[[27493,0],[27495,0],[27238,0],[27239,0],[27750,0],]]
[27495,15,27,[[27496,0],[27494,0],[27239,0],[27751,0],]]
[27496,11,27,[[27495,0],[27497,0],[27240,0],[27241,0],[27752,0],]]
[27497,19,27,[[27498,0],[27496,0],[27241,0],[27753,0],]]
[27498,7,27,[[27497,0],[27499,0],[27242,0],[27243,0],[27754,0],]]
[27499,15,27,[[27500,0],[27498,0],[27243,0],[27755,0],]]
[27500,11,27,[[27499,0],[27501,0],[27244,0],[27245,0],[27756,0],]]
[27501,19,27,[[27502,0],[27500,0],[27245,0],[27757,0],]]
[27502,10,27,[[27501,0],[27503,0],[27246,0],[27247,0],[27758,0],]]
[27503,19,27,[[27504,0],[27502,0],[27247,0],[27759,0],]]
[27504,13,27,[[27503,0],[27505,0],[27248,0],[27249,0],[27760,0],]]
[27505,3,27,[[27506,0],[27504,0],[27249,0],[27761,0],]]
[27506,13,27,[[27505,0],[27507,0],[27250,0],[27251,0],[27762,0],]]
[27507,4,27,[[27508,0],[27506,0],[27251,0],[27763,0],]]
[27508,18,27,[[27507,0],[27509,0],[27252,0],[27253,0],[27764,0],]]
[27509,1,27,[[27510,0],[27508,0],[27253,0],[27765,0],]]
[27510,12,27,[[27509,0],[27511,0],[27254,0],[27255,0],[27766,0],]]
[27511,14,27,[[27512,0],[27510,0],[27255,0],[27767,0],]]
[27512,12,27,[[27511,0],[27513,0],[27256,0],[27257,0],[27768,0],]]
[27513,19,27,[[27514,0],[27512,0],[27257,0],[27769,0],]]
[27514,6,27,[[27513,0],[27515,0],[27258,0],[27259,0],[27770,0],]]
[27515,5,27,[[27516,0],[27514,0],[27259,0],[27771,0],]]
[27516,2,27,[[27515,0],[27517,0],[27260,0],[27261,0],[27772,0],]]
[27517,12,27,[[27518,0],[27516,0],[27261,0],[27773,0],]]
[27518,2,27,[[27517,0],[27519,0],[27262,0],[27263,0],[27774,0],]]
[27519,12,27,[[27520,0],[27518,0],[27263,0],[27775,0],]]
[27520,2,28,[[27519,0],[27521,0],[27264,0],[27265,0],[27776,0],]]
[27521,13,28,[[27522,0],[27520,0],[27265,0],[27777,0],]]
[27522,17,28,[[27521,0],[27523,0],[27266,0],[27267,0],[27778,0],]]
[27523,4,28,[[27524,0],[27522,0],[27267,0],[27779,0],]]
[27524,17,28,[[27523,0],[27525,0],[27268,0],[27269,0],[27780,0],]]
