[31457,9,31,[[31458,0],[31456,0],[31713,0],[31712,0],[31201,0],]]
[31458,10,31,[[31457,0],[31459,0],[31714,0],[31202,0],]]
[31459,2,31,[[31460,0],[31458,0],[31715,0],[31714,0],[31203,0],]]
[31460,13,31,[[31459,0],[31461,0],[31716,0],[31204,0],]]
[31461,2,31,[[31462,0],[31460,0],[31717,0],[31716,0],[31205,0],]]
[31462,5,31,[[31461,0],[31463,0],[31718,0],[31206,0],]]
[31463,19,31,[[31464,0],[31462,0],[31719,0],[31718,0],[31207,0],]]
[31464,4,31,[[31463,0],[31465,0],[31720,0],[31208,0],]]
[31465,19,31,[[31466,0],[31464,0],[31721,0],[31720,0],[31209,0],]]
[31466,12,31,[[31465,0],[31467,0],[31722,0],[31210,0],]]
[31467,19,31,[[31468,0],[31466,0],[31723,0],[31722,0],[31211,0],]]
[31468,4,31,[[31467,0],[31469,0],[31724,0],[31212,0],]]
[31469,3,31,[[31470,0],[31468,0],[31725,0],[31724,0],[31213,0],]]
[31470,10,31,[[31469,0],[31471,0],[31726,0],[31214,0],]]
[31471,16,31,[[31472,0],[31470,0],[31727,0],[31726,0],[31215,0],]]
[31472,2,31,[[31471,0],[31473,0],[31728,0],[31216,0],]]
[31473,13,31,[[31474,0],[31472,0],[31729,0],[31728,0],[31217,0],]]
[31474,18,31,[[31473,0],[31475,0],[31730,0],[31218,0],]]
[31475,12,31,[[31476,0],[31474,0],[31731,0],[31730,0],[31219,0],]]
[31476,18,31,[[31475,0],[31477,0],[31732,0],[31220,0],]]
[31477,17,31,[[31478,0],[31476,0],[31733,0],[31732,0],[31221,0],]]
[31478,17,31,[[31477,0],[31479,0],[31734,0],[31222,0],]]
[31479,19,31,[[31480,0],[31478,0],[31735,0],[31734,0],[31223,0],]]
[31480,12,31,[[31479,0],[31481,0],[31736,0],[31224,0],]]
[31481,1,31,[[31482,0],[31480,0],[31737,0],[31736,0],[31225,0],]]
[31482,4,31,[[31481,0],[31483,0],[31738,0],[31226,0],]]
[31483,8,31,[[31484,0],[31482,0],[31739,0],[31738,0],[31227,0],]]
[31484,3,31,[[31483,0],[31485,0],[31740,0],[31228,0],]]
[31485,1,31,[[31486,0],[31484,0],[31741,0],[31740,0],[31229,0],]]
[31486,7,31,[[31485,0],[31487,0],[31742,0],[31230,0],]]
[31487,13,31,[[31486,0],[31743,0],[31742,0],[31231,0],]]
[31488,19,24,[[31489,0],[31232,0],[31233,0],[31744,0],]]
[31489,12,24,[[31490,0],[31488,0],[31233,0],[31745,0],]]
[31490,16,24,[[31489,0],[31491,0],[31234,0],[31235,0],[31746,0],]]
[31491,12,24,[[31492,0],[31490,0],[31235,0],[31747,0],]]
[31492,14,24,[[31491,0],[31493,0],[31236,0],[31237,0],[31748,0],]]
[31493,13,24,[[31494,0],[31492,0],[31237,0],[31749,0],]]
[31494,15,24,[[31493,0],[31495,0],[31238,0],[31239,0],[31750,0],]]
[31495,10,24,[[31496,0],[31494,0],[31239,0],[31751,0],]]
[31496,6,24,[[31495,0],[31497,0],[31240,0],[31241,0],[31752,0],]]
[31497,3,24,[[31498,0],[31496,0],[31241,0],[31753,0],]]
[31498,6,24,[[31497,0],[31499,0],[31242,0],[31243,0],[31754,0],]]
[31499,15,24,[[31500,0],[31498,0],[31243,0],[31755,0],]]
[31500,18,24,[[31499,0],[31501,0],[31244,0],[31245,0],[31756,0],]]
[31501,8,24,[[31502,0],[31500,0],[31245,0],[31757,0],]]
[31502,1,24,[[31501,0],[31503,0],[31246,0],[31247,0],[31758,0],]]
[31503,6,24,[[31504,0],[31502,0],[31247,0],[31759,0],]]
[31504,11,24,[[31503,0],[31505,0],[31248,0],[31249,0],[31760,0],]]
[31505,4,24,[[31506,0],[31504,0],[31249,0],[31761,0],]]
[31506,6,24,[[31505,0],[31507,0],[31250,0],[31251,0],[31762,0],]]
[31507,12,24,[[31508,0],[31506,0],[31251,0],[31763,0],]]
[31508,6,24,[[31507,0],[31509,0],[31252,0],[31253,0],[31764,0],]]
[31509,12,24,[[31510,0],[31508,0],[31253,0],[31765,0],]]
[31510,1,24,[[31509,0],[31511,0],[31254,0],[31255,0],[31766,0],]]
[31511,8,24,[[31512,0],[31510,0],[31255,0],[31767,0],]]
[31512,12,24,[[31511,0],[31513,0],[31256,0],[31257,0],[31768,0],]]
[31513,1,24,[[31514,0],[31512,0],[31257,0],[31769,0],]]
[31514,10,24,[[31513,0],[31515,0],[31258,0],[31259,0],[31770,0],]]
[31515,11,24,[[31516,0],[31514,0],[31259,0],[31771,0],]]
[31516,19,24,[[31515,0],[31517,0],[31260,0],[31261,0],[31772,0],]]
[31517,14,24,[[31518,0],[31516,0],[31261,0],[31773,0],]]
[31518,17,24,[[31517,0],[31519,0],[31262,0],[31263,0],[31774,0],]]
[31519,9,24,[[31520,0],[31518,0],[31263,0],[31775,0],]]
[31520,1,25,[[31519,0],[31521,0],[31264,0],[31265,0],[31776,0],]]
[31521,2,25,[[31522,0],[31520,0],[31265,0],[31777,0],]]
[31522,16,25,[[31521,0],[31523,0],[31266,0],[31267,0],[31778,0],]]
[31523,3,25,[[31524,0],[31522,0],[31267,0],[31779,0],]]
[31524,7,25,[[31523,0],[31525,0],[31268,0],[31269,0],[31780,0],]]
[31525,12,25,[[31526,0],[31524,0],[31269,0],[31781,0],]]
[31526,4,25,[[31525,0],[31527,0],[31270,0],[31271,0],[31782,0],]]
[31527,12,25,[[31528,0],[31526,0],[31271,0],[31783,0],]]
[31528,18,25,[[31527,0],[31529,0],[31272,0],[31273,0],[31784,0],]]
[31529,15,25,[[31530,0],[31528,0],[31273,0],[31785,0],]]
[31530,7,25,[[31529,0],[31531,0],[31274,0],[31275,0],[31786,0],]]
[31531,4,25,[[31532,0],[31530,0],[31275,0],[31787,0],]]
[31532,2,25,[[31531,0],[31533,0],[31276,0],[31277,0],[31788,0],]]
[31533,9,25,[[31534,0],[31532,0],[31277,0],[31789,0],]]
[31534,2,25,[[31533,0],[31535,0],[31278,0],[31279,0],[31790,0],]]
[31535,19,25,[[31536,0],[31534,0],[31279,0],[31791,0],]]
[31536,3,25,[[31535,0],[31537,0],[31280,0],[31281,0],[31792,0],]]
[31537,16,25,[[31538,0],[31536,0],[31281,0],[31793,0],]]
[31538,18,25,[[31537,0],[31539,0],[31282,0],[31283,0],[31794,0],]]
[31539,18,25,[[31540,0],[31538,0],[31283,0],[31795,0],]]
[31540,11,25,[[31539,0],[31541,0],[31284,0],[31285,0],[31796,0],]]
[31541,17,25,[[31542,0],[31540,0],[31285,0],[31797,0],]]
[31542,12,25,[[31541,0],[31543,0],[31286,0],[31287,0],[31798,0],]]
[31543,10,25,[[31544,0],[31542,0],[31287,0],[31799,0],]]
[31544,17,25,[[31543,0],[31545,0],[31288,0],[31289,0],[31800,0],]]
[31545,19,25,[[31546,0],[31544,0],[31289,0],[31801,0],]]
[31546,18,25,[[31545,0],[31547,0],[31290,0],[31291,0],[31802,0],]]
[31547,1,25,[[31548,0],[31546,0],[31291,0],[31803,0],]]
[31548,6,25,[[31547,0],[31549,0],[31292,0],[31293,0],[31804,0],]]
[31549,16,25,[[31550,0],[31548,0],[31293,0],[31805,0],]]
[31550,18,25,[[31549,0],[31551,0],[31294,0],[31295,0],[31806,0],]]
[31551,11,25,[[31552,0],[31550,0],[31295,0],[31807,0],]]
[31552,11,26,[[31551,0],[31553,0],[31296,0],[31297,0],[31808,0],]]
[31553,3,26,[[31554,0],[31552,0],[31297,0],[31809,0],]]
[31554,2,26,[[31553,0],[31555,0],[31298,0],[31299,0],[31810,0],]]
[31555,11,26,[[31556,0],[31554,0],[31299,0],[31811,0],]]
[31556,6,26,[[31555,0],[31557,0],[31300,0],[31301,0],[31812,0],]]
[31557,13,26,[[31558,0],[31556,0],[31301,0],[31813,0],]]
[31558,2,26,[[31557,0],[31559,0],[31302,0],[31303,0],[31814,0],]]
[31559,10,26,[[31560,0],[31558,0],[31303,0],[31815,0],]]
[31560,4,26,[[31559,0],[31561,0],[31304,0],[31305,0],[31816,0],]]
[31561,15,26,[[31562,0],[31560,0],[31305,0],[31817,0],]]
[31562,1,26,[[31561,0],[31563,0],[31306,0],[31307,0],[31818,0],]]
[31563,7,26,[[31564,0],[31562,0],[31307,0],[31819,0],]]
[31564,10,26,[[31563,0],[31565,0],[31308,0],[31309,0],[31820,0],]]
[31565,13,26,[[31566,0],[31564,0],[31309,0],[31821,0],]]
[31566,16,26,[[31565,0],[31567,0],[31310,0],[31311,0],[31822,0],]]
[31567,17,26,[[31568,0],[31566,0],[31311,0],[31823,0],]]
[31568,14,26,[[31567,0],[31569,0],[31312,0],[31313,0],[31824,0],]]
[31569,19,26,[[31570,0],[31568,0],[31313,0],[31825,0],]]
[31570,19,26,[[31569,0],[31571,0],[31314,0],[31315,0],[31826,0],]]
[31571,19,26,[[31572,0],[31570,0],[31315,0],[31827,0],]]
[31572,16,26,[[31571,0],[31573,0],[31316,0],[31317,0],[31828,0],]]
[31573,11,26,[[31574,0],[31572,0],[31317,0],[31829,0],]]
[31574,14,26,[[31573,0],[31575,0],[31318,0],[31319,0],[31830,0],]]
[31575,7,26,[[31576,0],[31574,0],[31319,0],[31831,0],]]
[31576,17,26,[[31575,0],[31577,0],[31320,0],[31321,0],[31832,0],]]
[31577,7,26,[[31578,0],[31576,0],[31321,0],[31833,0],]]
[31578,2,26,[[31577,0],[31579,0],[31322,0],[31323,0],[31834,0],]]
[31579,13,26,[[31580,0],[31578,0],[31323,0],[31835,0],]]
[31580,18,26,[[31579,0],[31581,0],[31324,0],[31325,0],[31836,0],]]
[31581,3,26,[[31582,0],[31580,0],[31325,0],[31837,0],]]
[31582,15,26,[[31581,0],[31583,0],[31326,0],[31327,0],[31838,0],]]
[31583,2,26,[[31584,0],[31582,0],[31327,0],[31839,0],]]
[31584,7,27,[[31583,0],[31585,0],[31328,0],[31329,0],[31840,0],]]
[31585,7,27,[[31586,0],[31584,0],[31329,0],[31841,0],]]
[31586,4,27,[[31585,0],[31587,0],[31330,0],[31331,0],[31842,0],]]
[31587,11,27,[[31588,0],[31586,0],[31331,0],[31843,0],]]
[31588,9,27,[[31587,0],[31589,0],[31332,0],[31333,0],[31844,0],]]
[31589,1,27,[[31590,0],[31588,0],[31333,0],[31845,0],]]
[31590,1,27,[[31589,0],[31591,0],[31334,0],[31335,0],[31846,0],]]
[31591,3,27,[[31592,0],[31590,0],[31335,0],[31847,0],]]
[31592,4,27,[[31591,0],[31593,0],[31336,0],[31337,0],[31848,0],]]
[31593,12,27,[[31594,0],[31592,0],[31337,0],[31849,0],]]
[31594,6,27,[[31593,0],[31595,0],[31338,0],[31339,0],[31850,0],]]
[31595,17,27,[[31596,0],[31594,0],[31339,0],[31851,0],]]
[31596,9,27,[[31595,0],[31597,0],[31340,0],[31341,0],[31852,0],]]
[31597,10,27,[[31598,0],[31596,0],[31341,0],[31853,0],]]
[31598,13,27,[[31597,0],[31599,0],[31342,0],[31343,0],[31854,0],]]
[31599,18,27,[[31600,0],[31598,0],[31343,0],[31855,0],]]
[31600,19,27,[[31599,0],[31601,0],[31344,0],[31345,0],[31856,0],]]
[31601,19,27,[[31602,0],[31600,0],[31345,0],[31857,0],]]
[31602,6,27,[[31601,0],[31603,0],[31346,0],[31347,0],[31858,0],]]
[31603,10,27,[[31604,0],[31602,0],[31347,0],[31859,0],]]
[31604,9,27,[[31603,0],[31605,0],[31348,0],[31349,0],[31860,0],]]
[31605,11,27,[[31606,0],[31604,0],[31349,0],[31861,0],]]
[31606,1,27,[[31605,0],[31607,0],[31350,0],[31351,0],[31862,0],]]
[31607,11,27,[[31608,0],[31606,0],[31351,0],[31863,0],]]
[31608,12,27,[[31607,0],[31609,0],[31352,0],[31353,0],[31864,0],]]
[31609,16,27,[[31610,0],[31608,0],[31353,0],[31865,0],]]
[31610,9,27,[[31609,0],[31611,0],[31354,0],[31355,0],[31866,0],]]
[31611,16,27,[[31612,0],[31610,0],[31355,0],[31867,0],]]
[31612,10,27,[[31611,0],[31613,0],[31356,0],[31357,0],[31868,0],]]
[31613,14,27,[[31614,0],[31612,0],[31357,0],[31869,0],]]
[31614,10,27,[[31613,0],[31615,0],[31358,0],[31359,0],[31870,0],]]
[31615,7,27,[[31616,0],[31614,0],[31359,0],[31871,0],]]
[31616,16,28,[[31615,0],[31617,0],[31360,0],[31361,0],[31872,0],]]
[31617,10,28,[[31618,0],[31616,0],[31361,0],[31873,0],]]
[31618,8,28,[[31617,0],[31619,0],[31362,0],[31363,0],[31874,0],]]
[31619,12,28,[[31620,0],[31618,0],[31363,0],[31875,0],]]
[31620,12,28,[[31619,0],[31621,0],[31364,0],[31365,0],[31876,0],]]
[31621,17,28,[[31622,0],[31620,0],[31365,0],[31877,0],]]
[31622,9,28,[[31621,0],[31623,0],[31366,0],[31367,0],[31878,0],]]
[31623,7,28,[[31624,0],[31622,0],[31367,0],[31879,0],]]
[31624,3,28,[[31623,0],[31625,0],[31368,0],[31369,0],[31880,0],]]
[31625,1,28,[[31626,0],[31624,0],[31369,0],[31881,0],]]
[31626,4,28,[[31625,0],[31627,0],[31370,0],[31371,0],[31882,0],]]
[31627,15,28,[[31628,0],[31626,0],[31371,0],[31883,0],]]
[31628,11,28,[[31627,0],[31629,0],[31372,0],[31373,0],[31884,0],]]
[31629,5,28,[[31630,0],[31628,0],[31373,0],[31885,0],]]
[31630,9,28,[[31629,0],[31631,0],[31374,0],[31375,0],[31886,0],]]
[31631,12,28,[[31632,0],[31630,0],[31375,0],[31887,0],]]
[31632,13,28,[[31631,0],[31633,0],[31376,0],[31377,0],[31888,0],]]
[31633,1,28,[[31634,0],[31632,0],[31377,0],[31889,0],]]
[31634,9,28,[[31633,0],[31635,0],[31378,0],[31379,0],[31890,0],]]
[31635,10,28,[[31636,0],[31634,0],[31379,0],[31891,0],]]
[31636,14,28,[[31635,0],[31637,0],[31380,0],[31381,0],[31892,0],]]
[31637,17,28,[[31638,0],[31636,0],[31381,0],[31893,0],]]
[31638,8,28,[[31637,0],[31639,0],[31382,0],[31383,0],[31894,0],]]
[31639,19,28,[[31640,0],[31638,0],[31383,0],[31895,0],]]
[31640,4,28,[[31639,0],[31641,0],[31384,0],[31385,0],[31896,0],]]
[31641,10,28,[[31642,0],[31640,0],[31385,0],[31897,0],]]
[31642,18,28,[[31641,0],[31643,0],[31386,0],[31387,0],[31898,0],]]
[31643,16,28,[[31644,0],[31642,0],[31387,0],[31899,0],]]
[31644,18,28,[[31643,0],[31645,0],[31388,0],[31389,0],[31900,0],]]
[31645,12,28,[[31646,0],[31644,0],[31389,0],[31901,0],]]
[31646,10,28,[[31645,0],[31647,0],[31390,0],[31391,0],[31902,0],]]
[31647,16,28,[[31648,0],[31646,0],[31391,0],[31903,0],]]
[31648,4,29,[[31647,0],[31649,0],[31392,0],[31393,0],[31904,0],]]
[31649,15,29,[[31650,0],[31648,0],[31393,0],[31905,0],]]
[31650,8,29,[[31649,0],[31651,0],[31394,0],[31395,0],[31906,0],]]
[31651,17,29,[[31652,0],[31650,0],[31395,0],[31907,0],]]
[31652,13,29,[[31651,0],[31653,0],[31396,0],[31397,0],[31908,0],]]
[31653,19,29,[[31654,0],[31652,0],[31397,0],[31909,0],]]
[31654,2,29,[[31653,0],[31655,0],[31398,0],[31399,0],[31910,0],]]
[31655,2,29,[[31656,0],[31654,0],[31399,0],[31911,0],]]
[31656,9,29,[[31655,0],[31657,0],[31400,0],[31401,0],[31912,0],]]
[31657,15,29,[[31658,0],[31656,0],[31401,0],[31913,0],]]
[31658,13,29,[[31657,0],[31659,0],[31402,0],[31403,0],[31914,0],]]
[31659,14,29,[[31660,0],[31658,0],[31403,0],[31915,0],]]
[31660,8,29,[[31659,0],[31661,0],[31404,0],[31405,0],[31916,0],]]
[31661,12,29,[[31662,0],[31660,0],[31405,0],[31917,0],]]
[31662,19,29,[[31661,0],[31663,0],[31406,0],[31407,0],[31918,0],]]
[31663,3,29,[[31664,0],[31662,0],[31407,0],[31919,0],]]
[31664,9,29,[[31663,0],[31665,0],[31408,0],[31409,0],[31920,0],]]
[31665,18,29,[[31666,0],[31664,0],[31409,0],[31921,0],]]
[31666,10,29,[[31665,0],[31667,0],[31410,0],[31411,0],[31922,0],]]
[31667,14,29,[[31668,0],[31666,0],[31411,0],[31923,0],]]
[31668,8,29,[[31667,0],[31669,0],[31412,0],[31413,0],[31924,0],]]
[31669,13,29,[[31670,0],[31668,0],[31413,0],[31925,0],]]
[31670,1,29,[[31669,0],[31671,0],[31414,0],[31415,0],[31926,0],]]
[31671,4,29,[[31672,0],[31670,0],[31415,0],[31927,0],]]
[31672,1,29,[[31671,0],[31673,0],[31416,0],[31417,0],[31928,0],]]
[31673,2,29,[[31674,0],[31672,0],[31417,0],[31929,0],]]
[31674,13,29,[[31673,0],[31675,0],[31418,0],[31419,0],[31930,0],]]
[31675,11,29,[[31676,0],[31674,0],[31419,0],[31931,0],]]
[31676,13,29,[[31675,0],[31677,0],[31420,0],[31421,0],[31932,0],]]
[31677,7,29,[[31678,0],[31676,0],[31421,0],[31933,0],]]
[31678,8,29,[[31677,0],[31679,0],[31422,0],[31423,0],[31934,0],]]
[31679,9,29,[[31680,0],[31678,0],[31423,0],[31935,0],]]
[31680,1,30,[[31679,0],[31681,0],[31424,0],[31425,0],[31936,0],]]
[31681,6,30,[[31682,0],[31680,0],[31425,0],[31937,0],]]
[31682,10,30,[[31681,0],[31683,0],[31426,0],[31427,0],[31938,0],]]
[31683,10,30,[[31684,0],[31682,0],[31427,0],[31939,0],]]
[31684,5,30,[[31683,0],[31685,0],[31428,0],[31429,0],[31940,0],]]
[31685,7,30,[[31686,0],[31684,0],[31429,0],[31941,0],]]
[31686,17,30,[[31685,0],[31687,0],[31430,0],[31431,0],[31942,0],]]
[31687,9,30,[[31688,0],[31686,0],[31431,0],[31943,0],]]
[31688,17,30,[[31687,0],[31689,0],[31432,0],[31433,0],[31944,0],]]
[31689,13,30,[[31690,0],[31688,0],[31433,0],[31945,0],]]
[31690,14,30,[[31689,0],[31691,0],[31434,0],[31435,0],[31946,0],]]
[31691,11,30,[[31692,0],[31690,0],[31435,0],[31947,0],]]
[31692,5,30,[[31691,0],[31693,0],[31436,0],[31437,0],[31948,0],]]
[31693,1,30,[[31694,0],[31692,0],[31437,0],[31949,0],]]
[31694,10,30,[[31693,0],[31695,0],[31438,0],[31439,0],[31950,0],]]
[31695,7,30,[[31696,0],[31694,0],[31439,0],[31951,0],]]
[31696,16,30,[[31695,0],[31697,0],[31440,0],[31441,0],[31952,0],]]
[31697,10,30,[[31698,0],[31696,0],[31441,0],[31953,0],]]
[31698,4,30,[[31697,0],[31699,0],[31442,0],[31443,0],[31954,0],]]
[31699,6,30,[[31700,0],[31698,0],[31443,0],[31955,0],]]
[31700,13,30,[[31699,0],[31701,0],[31444,0],[31445,0],[31956,0],]]
[31701,3,30,[[31702,0],[31700,0],[31445,0],[31957,0],]]
[31702,6,30,[[31701,0],[31703,0],[31446,0],[31447,0],[31958,0],]]
[31703,8,30,[[31704,0],[31702,0],[31447,0],[31959,0],]]
[31704,4,30,[[31703,0],[31705,0],[31448,0],[31449,0],[31960,0],]]
[31705,10,30,[[31706,0],[31704,0],[31449,0],[31961,0],]]
[31706,7,30,[[31705,0],[31707,0],[31450,0],[31451,0],[31962,0],]]
[31707,17,30,[[31708,0],[31706,0],[31451,0],[31963,0],]]
[31708,15,30,[[31707,0],[31709,0],[31452,0],[31453,0],[31964,0],]]
[31709,17,30,[[31710,0],[31708,0],[31453,0],[31965,0],]]
[31710,19,30,[[31709,0],[31711,0],[31454,0],[31455,0],[31966,0],]]
[31711,5,30,[[31712,0],[31710,0],[31455,0],[31967,0],]]
[31712,15,31,[[31711,0],[31713,0],[31456,0],[31457,0],[31968,0],]]
[31713,3,31,[[31714,0],[31712,0],[31457,0],[31969,0],]]
[31714,4,31,[[31713,0],[31715,0],[31458,0],[31459,0],[31970,0],]]
[31715,16,31,[[31716,0],[31714,0],[31459,0],[31971,0],]]
[31716,15,31,[[31715,0],[31717,0],[31460,0],[31461,0],[31972,0],]]
[31717,17,31,[[31718,0],[31716,0],[31461,0],[31973,0],]]
[31718,14,31,[[31717,0],[31719,0],[31462,0],[31463,0],[31974,0],]]
[31719,16,31,[[31720,0],[31718,0],[31463,0],[31975,0],]]
[31720,2,31,[[31719,0],[31721,0],[31464,0],[31465,0],[31976,0],]]
[31721,9,31,[[31722,0],[31720,0],[31465,0],[31977,0],]]
[31722,5,31,[[31721,0],[31723,0],[31466,0],[31467,0],[31978,0],]]
[31723,18,31,[[31724,0],[31722,0],[31467,0],[31979,0],]]
[31724,16,31,[[31723,0],[31725,0],[31468,0],[31469,0],[31980,0],]]
[31725,5,31,[[31726,0],[31724,0],[31469,0],[31981,0],]]
[31726,5,31,[[31725,0],[31727,0],[31470,0],[31471,0],[31982,0],]]
[31727,8,31,[[31728,0],[31726,0],[31471,0],[31983,0],]]
[31728,4,31,[[31727,0],[31729,0],[31472,0],[31473,0],[31984,0],]]
[31729,19,31,[[31730,0],[31728,0],[31473,0],[31985,0],]]
[31730,18,31,[[31729,0],[31731,0],[31474,0],[31475,0],[31986,0],]]
[31731,9,31,[[31732,0],[31730,0],[31475,0],[31987,0],]]
[31732,1,31,[[31731,0],[31733,0],[31476,0],[31477,0],[31988,0],]]
[31733,4,31,[[31734,0],[31732,0],[31477,0],[31989,0],]]
[31734,17,31,[[31733,0],[31735,0],[31478,0],[31479,0],[31990,0],]]
[31735,7,31,[[31736,0],[31734,0],[31479,0],[31991,0],]]
[31736,2,31,[[31735,0],[31737,0],[31480,0],[31481,0],[31992,0],]]
[31737,17,31,[[31738,0],[31736,0],[31481,0],[31993,0],]]
[31738,10,31,[[31737,0],[31739,0],[31482,0],[31483,0],[31994,0],]]
[31739,7,31,[[31740,0],[31738,0],[31483,0],[31995,0],]]
[31740,2,31,[[31739,0],[31741,0],[31484,0],[31485,0],[31996,0],]]
[31741,7,31,[[31742,0],[31740,0],[31485,0],[31997,0],]]
[31742,5,31,[[31741,0],[31743,0],[31486,0],[31487,0],[31998,0],]]
[31743,16,31,[[31742,0],[31487,0],[31999,0],]]
[31744,7,24,[[31745,0],[32000,0],[31488,0],]]
[31745,15,24,[[31746,0],[31744,0],[32001,0],[32000,0],[31489,0],]]
[31746,4,24,[[31745,0],[31747,0],[32002,0],[31490,0],]]
[31747,5,24,[[31748,0],[31746,0],[32003,0],[32002,0],[31491,0],]]
[31748,14,24,[[31747,0],[31749,0],[32004,0],[31492,0],]]
[31749,3,24,[[31750,0],[31748,0],[32005,0],[32004,0],[31493,0],]]
[31750,10,24,[[31749,0],[31751,0],[32006,0],[31494,0],]]
[31751,12,24,[[31752,0],[31750,0],[32007,0],[32006,0],[31495,0],]]
[31752,7,24,[[31751,0],[31753,0],[32008,0],[31496,0],]]
[31753,12,24,[[31754,0],[31752,0],[32009,0],[32008,0],[31497,0],]]
[31754,19,24,[[31753,0],[31755,0],[32010,0],[31498,0],]]
[31755,19,24,[[31756,0],[31754,0],[32011,0],[32010,0],[31499,0],]]
[31756,12,24,[[31755,0],[31757,0],[32012,0],[31500,0],]]
[31757,2,24,[[31758,0],[31756,0],[32013,0],[32012,0],[31501,0],]]
[31758,14,24,[[31757,0],[31759,0],[32014,0],[31502,0],]]
[31759,11,24,[[31760,0],[31758,0],[32015,0],[32014,0],[31503,0],]]
[31760,11,24,[[31759,0],[31761,0],[32016,0],[31504,0],]]
[31761,8,24,[[31762,0],[31760,0],[32017,0],[32016,0],[31505,0],]]
[31762,8,24,[[31761,0],[31763,0],[32018,0],[31506,0],]]
[31763,14,24,[[31764,0],[31762,0],[32019,0],[32018,0],[31507,0],]]
[31764,4,24,[[31763,0],[31765,0],[32020,0],[31508,0],]]
[31765,2,24,[[31766,0],[31764,0],[32021,0],[32020,0],[31509,0],]]
[31766,8,24,[[31765,0],[31767,0],[32022,0],[31510,0],]]
[31767,12,24,[[31768,0],[31766,0],[32023,0],[32022,0],[31511,0],]]
[31768,5,24,[[31767,0],[31769,0],[32024,0],[31512,0],]]
[31769,19,24,[[31770,0],[31768,0],[32025,0],[32024,0],[31513,0],]]
[31770,18,24,[[31769,0],[31771,0],[32026,0],[31514,0],]]
[31771,13,24,[[31772,0],[31770,0],[32027,0],[32026,0],[31515,0],]]
[31772,1,24,[[31771,0],[31773,0],[32028,0],[31516,0],]]
[31773,5,24,[[31774,0],[31772,0],[32029,0],[32028,0],[31517,0],]]
[31774,17,24,[[31773,0],[31775,0],[32030,0],[31518,0],]]
[31775,16,24,[[31776,0],[31774,0],[32031,0],[32030,0],[31519,0],]]
[31776,4,25,[[31775,0],[31777,0],[32032,0],[31520,0],]]
[31777,6,25,[[31778,0],[31776,0],[32033,0],[32032,0],[31521,0],]]
[31778,4,25,[[31777,0],[31779,0],[32034,0],[31522,0],]]
[31779,8,25,[[31780,0],[31778,0],[32035,0],[32034,0],[31523,0],]]
[31780,11,25,[[31779,0],[31781,0],[32036,0],[31524,0],]]
[31781,4,25,[[31782,0],[31780,0],[32037,0],[32036,0],[31525,0],]]
[31782,19,25,[[31781,0],[31783,0],[32038,0],[31526,0],]]
[31783,2,25,[[31784,0],[31782,0],[32039,0],[32038,0],[31527,0],]]
[31784,3,25,[[31783,0],[31785,0],[32040,0],[31528,0],]]
[31785,13,25,[[31786,0],[31784,0],[32041,0],[32040,0],[31529,0],]]
[31786,19,25,[[31785,0],[31787,0],[32042,0],[31530,0],]]
[31787,10,25,[[31788,0],[31786,0],[32043,0],[32042,0],[31531,0],]]
[31788,5,25,[[31787,0],[31789,0],[32044,0],[31532,0],]]
[31789,19,25,[[31790,0],[31788,0],[32045,0],[32044,0],[31533,0],]]
[31790,6,25,[[31789,0],[31791,0],[32046,0],[31534,0],]]
[31791,4,25,[[31792,0],[31790,0],[32047,0],[32046,0],[31535,0],]]
[31792,19,25,[[31791,0],[31793,0],[32048,0],[31536,0],]]
[31793,14,25,[[31794,0],[31792,0],[32049,0],[32048,0],[31537,0],]]
[31794,5,25,[[31793,0],[31795,0],[32050,0],[31538,0],]]
[31795,9,25,[[31796,0],[31794,0],[32051,0],[32050,0],[31539,0],]]
[31796,12,25,[[31795,0],[31797,0],[32052,0],[31540,0],]]
[31797,12,25,[[31798,0],[31796,0],[32053,0],[32052,0],[31541,0],]]
[31798,3,25,[[31797,0],[31799,0],[32054,0],[31542,0],]]
[31799,4,25,[[31800,0],[31798,0],[32055,0],[32054,0],[31543,0],]]
[31800,9,25,[[31799,0],[31801,0],[32056,0],[31544,0],]]
[31801,10,25,[[31802,0],[31800,0],[32057,0],[32056,0],[31545,0],]]
[31802,15,25,[[31801,0],[31803,0],[32058,0],[31546,0],]]
[31803,7,25,[[31804,0],[31802,0],[32059,0],[32058,0],[31547,0],]]
[31804,16,25,[[31803,0],[31805,0],[32060,0],[31548,0],]]
[31805,6,25,[[31806,0],[31804,0],[32061,0],[32060,0],[31549,0],]]
[31806,5,25,[[31805,0],[31807,0],[32062,0],[31550,0],]]
[31807,12,25,[[31808,0],[31806,0],[32063,0],[32062,0],[31551,0],]]
[31808,17,26,[[31807,0],[31809,0],[32064,0],[31552,0],]]
[31809,1,26,[[31810,0],[31808,0],[32065,0],[32064,0],[31553,0],]]
[31810,4,26,[[31809,0],[31811,0],[32066,0],[31554,0],]]
[31811,13,26,[[31812,0],[31810,0],[32067,0],[32066,0],[31555,0],]]
[31812,12,26,[[31811,0],[31813,0],[32068,0],[31556,0],]]
[31813,8,26,[[31814,0],[31812,0],[32069,0],[32068,0],[31557,0],]]
[31814,17,26,[[31813,0],[31815,0],[32070,0],[31558,0],]]
[31815,9,26,[[31816,0],[31814,0],[32071,0],[32070,0],[31559,0],]]
[31816,4,26,[[31815,0],[31817,0],[32072,0],[31560,0],]]
[31817,15,26,[[31818,0],[31816,0],[32073,0],[32072,0],[31561,0],]]
[31818,19,26,[[31817,0],[31819,0],[32074,0],[31562,0],]]
[31819,6,26,[[31820,0],[31818,0],[32075,0],[32074,0],[31563,0],]]
[31820,13,26,[[31819,0],[31821,0],[32076,0],[31564,0],]]
[31821,10,26,[[31822,0],[31820,0],[32077,0],[32076,0],[31565,0],]]
[31822,2,26,[[31821,0],[31823,0],[32078,0],[31566,0],]]
[31823,4,26,[[31824,0],[31822,0],[32079,0],[32078,0],[31567,0],]]
[31824,16,26,[[31823,0],[31825,0],[32080,0],[31568,0],]]
[31825,17,26,[[31826,0],[31824,0],[32081,0],[32080,0],[31569,0],]]
[31826,3,26,[[31825,0],[31827,0],[32082,0],[31570,0],]]
[31827,8,26,[[31828,0],[31826,0],[32083,0],[32082,0],[31571,0],]]
[31828,8,26,[[31827,0],[31829,0],[32084,0],[31572,0],]]
[31829,5,26,[[31830,0],[31828,0],[32085,0],[32084,0],[31573,0],]]
[31830,10,26,[[31829,0],[31831,0],[32086,0],[31574,0],]]
[31831,2,26,[[31832,0],[31830,0],[32087,0],[32086,0],[31575,0],]]
[31832,17,26,[[31831,0],[31833,0],[32088,0],[31576,0],]]
[31833,12,26,[[31834,0],[31832,0],[32089,0],[32088,0],[31577,0],]]
[31834,4,26,[[31833,0],[31835,0],[32090,0],[31578,0],]]
[31835,4,26,[[31836,0],[31834,0],[32091,0],[32090,0],[31579,0],]]
[31836,9,26,[[31835,0],[31837,0],[32092,0],[31580,0],]]
[31837,13,26,[[31838,0],[31836,0],[32093,0],[32092,0],[31581,0],]]
[31838,13,26,[[31837,0],[31839,0],[32094,0],[31582,0],]]
[31839,3,26,[[31840,0],[31838,0],[32095,0],[32094,0],[31583,0],]]
[31840,19,27,[[31839,0],[31841,0],[32096,0],[31584,0],]]
[31841,12,27,[[31842,0],[31840,0],[32097,0],[32096,0],[31585,0],]]
[31842,11,27,[[31841,0],[31843,0],[32098,0],[31586,0],]]
[31843,3,27,[[31844,0],[31842,0],[32099,0],[32098,0],[31587,0],]]
[31844,10,27,[[31843,0],[31845,0],[32100,0],[31588,0],]]
[31845,3,27,[[31846,0],[31844,0],[32101,0],[32100,0],[31589,0],]]
[31846,16,27,[[31845,0],[31847,0],[32102,0],[31590,0],]]
[31847,2,27,[[31848,0],[31846,0],[32103,0],[32102,0],[31591,0],]]
[31848,9,27,[[31847,0],[31849,0],[32104,0],[31592,0],]]
[31849,11,27,[[31850,0],[31848,0],[32105,0],[32104,0],[31593,0],]]
[31850,14,27,[[31849,0],[31851,0],[32106,0],[31594,0],]]
[31851,19,27,[[31852,0],[31850,0],[32107,0],[32106,0],[31595,0],]]
[31852,15,27,[[31851,0],[31853,0],[32108,0],[31596,0],]]
[31853,5,27,[[31854,0],[31852,0],[32109,0],[32108,0],[31597,0],]]
[31854,18,27,[[31853,0],[31855,0],[32110,0],[31598,0],]]
[31855,18,27,[[31856,0],[31854,0],[32111,0],[32110,0],[31599,0],]]
[31856,16,27,[[31855,0],[31857,0],[32112,0],[31600,0],]]
[31857,14,27,[[31858,0],[31856,0],[32113,0],[32112,0],[31601,0],]]
[31858,9,27,[[31857,0],[31859,0],[32114,0],[31602,0],]]
[31859,12,27,[[31860,0],[31858,0],[32115,0],[32114,0],[31603,0],]]
[31860,16,27,[[31859,0],[31861,0],[32116,0],[31604,0],]]
[31861,10,27,[[31862,0],[31860,0],[32117,0],[32116,0],[31605,0],]]
[31862,11,27,[[31861,0],[31863,0],[32118,0],[31606,0],]]
[31863,13,27,[[31864,0],[31862,0],[32119,0],[32118,0],[31607,0],]]
[31864,19,27,[[31863,0],[31865,0],[32120,0],[31608,0],]]
[31865,17,27,[[31866,0],[31864,0],[32121,0],[32120,0],[31609,0],]]
[31866,19,27,[[31865,0],[31867,0],[32122,0],[31610,0],]]
[31867,4,27,[[31868,0],[31866,0],[32123,0],[32122,0],[31611,0],]]
[31868,4,27,[[31867,0],[31869,0],[32124,0],[31612,0],]]
[31869,18,27,[[31870,0],[31868,0],[32125,0],[32124,0],[31613,0],]]
[31870,18,27,[[31869,0],[31871,0],[32126,0],[31614,0],]]
[31871,17,27,[[31872,0],[31870,0],[32127,0],[32126,0],[31615,0],]]
[31872,4,28,[[31871,0],[31873,0],[32128,0],[31616,0],]]
[31873,5,28,[[31874,0],[31872,0],[32129,0],[32128,0],[31617,0],]]
[31874,6,28,[[31873,0],[31875,0],[32130,0],[31618,0],]]
[31875,5,28,[[31876,0],[31874,0],[32131,0],[32130,0],[31619,0],]]
[31876,6,28,[[31875,0],[31877,0],[32132,0],[31620,0],]]
[31877,18,28,[[31878,0],[31876,0],[32133,0],[32132,0],[31621,0],]]
[31878,15,28,[[31877,0],[31879,0],[32134,0],[31622,0],]]
[31879,11,28,[[31880,0],[31878,0],[32135,0],[32134,0],[31623,0],]]
[31880,4,28,[[31879,0],[31881,0],[32136,0],[31624,0],]]
[31881,16,28,[[31882,0],[31880,0],[32137,0],[32136,0],[31625,0],]]
[31882,14,28,[[31881,0],[31883,0],[32138,0],[31626,0],]]
[31883,3,28,[[31884,0],[31882,0],[32139,0],[32138,0],[31627,0],]]
[31884,18,28,[[31883,0],[31885,0],[32140,0],[31628,0],]]
[31885,16,28,[[31886,0],[31884,0],[32141,0],[32140,0],[31629,0],]]
[31886,12,28,[[31885,0],[31887,0],[32142,0],[31630,0],]]
[31887,12,28,[[31888,0],[31886,0],[32143,0],[32142,0],[31631,0],]]
[31888,10,28,[[31887,0],[31889,0],[32144,0],[31632,0],]]
[31889,6,28,[[31890,0],[31888,0],[32145,0],[32144,0],[31633,0],]]
[31890,10,28,[[31889,0],[31891,0],[32146,0],[31634,0],]]
[31891,1,28,[[31892,0],[31890,0],[32147,0],[32146,0],[31635,0],]]
[31892,9,28,[[31891,0],[31893,0],[32148,0],[31636,0],]]
[31893,9,28,[[31894,0],[31892,0],[32149,0],[32148,0],[31637,0],]]
[31894,17,28,[[31893,0],[31895,0],[32150,0],[31638,0],]]
[31895,4,28,[[31896,0],[31894,0],[32151,0],[32150,0],[31639,0],]]
[31896,11,28,[[31895,0],[31897,0],[32152,0],[31640,0],]]
[31897,10,28,[[31898,0],[31896,0],[32153,0],[32152,0],[31641,0],]]
[31898,6,28,[[31897,0],[31899,0],[32154,0],[31642,0],]]
[31899,2,28,[[31900,0],[31898,0],[32155,0],[32154,0],[31643,0],]]
[31900,11,28,[[31899,0],[31901,0],[32156,0],[31644,0],]]
[31901,4,28,[[31902,0],[31900,0],[32157,0],[32156,0],[31645,0],]]
[31902,15,28,[[31901,0],[31903,0],[32158,0],[31646,0],]]
[31903,10,28,[[31904,0],[31902,0],[32159,0],[32158,0],[31647,0],]]
[31904,12,29,[[31903,0],[31905,0],[32160,0],[31648,0],]]
[31905,10,29,[[31906,0],[31904,0],[32161,0],[32160,0],[31649,0],]]
[31906,9,29,[[31905,0],[31907,0],[32162,0],[31650,0],]]
[31907,19,29,[[31908,0],[31906,0],[32163,0],[32162,0],[31651,0],]]
[31908,16,29,[[31907,0],[31909,0],[32164,0],[31652,0],]]
[31909,18,29,[[31910,0],[31908,0],[32165,0],[32164,0],[31653,0],]]
[31910,11,29,[[31909,0],[31911,0],[32166,0],[31654,0],]]
[31911,10,29,[[31912,0],[31910,0],[32167,0],[32166,0],[31655,0],]]
[31912,6,29,[[31911,0],[31913,0],[32168,0],[31656,0],]]
[31913,7,29,[[31914,0],[31912,0],[32169,0],[32168,0],[31657,0],]]
[31914,7,29,[[31913,0],[31915,0],[32170,0],[31658,0],]]
[31915,8,29,[[31916,0],[31914,0],[32171,0],[32170,0],[31659,0],]]
[31916,8,29,[[31915,0],[31917,0],[32172,0],[31660,0],]]
[31917,12,29,[[31918,0],[31916,0],[32173,0],[32172,0],[31661,0],]]
[31918,2,29,[[31917,0],[31919,0],[32174,0],[31662,0],]]
[31919,11,29,[[31920,0],[31918,0],[32175,0],[32174,0],[31663,0],]]
[31920,9,29,[[31919,0],[31921,0],[32176,0],[31664,0],]]
[31921,15,29,[[31922,0],[31920,0],[32177,0],[32176,0],[31665,0],]]
[31922,17,29,[[31921,0],[31923,0],[32178,0],[31666,0],]]
[31923,15,29,[[31924,0],[31922,0],[32179,0],[32178,0],[31667,0],]]
[31924,1,29,[[31923,0],[31925,0],[32180,0],[31668,0],]]
[31925,10,29,[[31926,0],[31924,0],[32181,0],[32180,0],[31669,0],]]
[31926,19,29,[[31925,0],[31927,0],[32182,0],[31670,0],]]
[31927,16,29,[[31928,0],[31926,0],[32183,0],[32182,0],[31671,0],]]
[31928,4,29,[[31927,0],[31929,0],[32184,0],[31672,0],]]
[31929,9,29,[[31930,0],[31928,0],[32185,0],[32184,0],[31673,0],]]
[31930,15,29,[[31929,0],[31931,0],[32186,0],[31674,0],]]
[31931,9,29,[[31932,0],[31930,0],[32187,0],[32186,0],[31675,0],]]
[31932,13,29,[[31931,0],[31933,0],[32188,0],[31676,0],]]
[31933,11,29,[[31934,0],[31932,0],[32189,0],[32188,0],[31677,0],]]
[31934,11,29,[[31933,0],[31935,0],[32190,0],[31678,0],]]
[31935,8,29,[[31936,0],[31934,0],[32191,0],[32190,0],[31679,0],]]
[31936,3,30,[[31935,0],[31937,0],[32192,0],[31680,0],]]
[31937,5,30,[[31938,0],[31936,0],[32193,0],[32192,0],[31681,0],]]
[31938,18,30,[[31937,0],[31939,0],[32194,0],[31682,0],]]
[31939,12,30,[[31940,0],[31938,0],[32195,0],[32194,0],[31683,0],]]
[31940,15,30,[[31939,0],[31941,0],[32196,0],[31684,0],]]
[31941,7,30,[[31942,0],[31940,0],[32197,0],[32196,0],[31685,0],]]
[31942,5,30,[[31941,0],[31943,0],[32198,0],[31686,0],]]
[31943,12,30,[[31944,0],[31942,0],[32199,0],[32198,0],[31687,0],]]
[31944,1,30,[[31943,0],[31945,0],[32200,0],[31688,0],]]
[31945,18,30,[[31946,0],[31944,0],[32201,0],[32200,0],[31689,0],]]
[31946,14,30,[[31945,0],[31947,0],[32202,0],[31690,0],]]
[31947,12,30,[[31948,0],[31946,0],[32203,0],[32202,0],[31691,0],]]
[31948,6,30,[[31947,0],[31949,0],[32204,0],[31692,0],]]
[31949,14,30,[[31950,0],[31948,0],[32205,0],[32204,0],[31693,0],]]
[31950,8,30,[[31949,0],[31951,0],[32206,0],[31694,0],]]
[31951,4,30,[[31952,0],[31950,0],[32207,0],[32206,0],[31695,0],]]
[31952,12,30,[[31951,0],[31953,0],[32208,0],[31696,0],]]
[31953,1,30,[[31954,0],[31952,0],[32209,0],[32208,0],[31697,0],]]
[31954,1,30,[[31953,0],[31955,0],[32210,0],[31698,0],]]
[31955,14,30,[[31956,0],[31954,0],[32211,0],[32210,0],[31699,0],]]
[31956,18,30,[[31955,0],[31957,0],[32212,0],[31700,0],]]
[31957,9,30,[[31958,0],[31956,0],[32213,0],[32212,0],[31701,0],]]
[31958,14,30,[[31957,0],[31959,0],[32214,0],[31702,0],]]
[31959,19,30,[[31960,0],[31958,0],[32215,0],[32214,0],[31703,0],]]
[31960,19,30,[[31959,0],[31961,0],[32216,0],[31704,0],]]
[31961,18,30,[[31962,0],[31960,0],[32217,0],[32216,0],[31705,0],]]
[31962,8,30,[[31961,0],[31963,0],[32218,0],[31706,0],]]
[31963,15,30,[[31964,0],[31962,0],[32219,0],[32218,0],[31707,0],]]
[31964,12,30,[[31963,0],[31965,0],[32220,0],[31708,0],]]
[31965,12,30,[[31966,0],[31964,0],[32221,0],[32220,0],[31709,0],]]
[31966,13,30,[[31965,0],[31967,0],[32222,0],[31710,0],]]
[31967,9,30,[[31968,0],[31966,0],[32223,0],[32222,0],[31711,0],]]
[31968,7,31,[[31967,0],[31969,0],[32224,0],[31712,0],]]
[31969,18,31,[[31970,0],[31968,0],[32225,0],[32224,0],[31713,0],]]
[31970,15,31,[[31969,0],[31971,0],[32226,0],[31714,0],]]
[31971,17,31,[[31972,0],[31970,0],[32227,0],[32226,0],[31715,0],]]
[31972,3,31,[[31971,0],[31973,0],[32228,0],[31716,0],]]
[31973,17,31,[[31974,0],[31972,0],[32229,0],[32228,0],[31717,0],]]
[31974,4,31,[[31973,0],[31975,0],[32230,0],[31718,0],]]
[31975,5,31,[[31976,0],[31974,0],[32231,0],[32230,0],[31719,0],]]
[31976,12,31,[[31975,0],[31977,0],[32232,0],[31720,0],]]
[31977,9,31,[[31978,0],[31976,0],[32233,0],[32232,0],[31721,0],]]
[31978,4,31,[[31977,0],[31979,0],[32234,0],[31722,0],]]
[31979,8,31,[[31980,0],[31978,0],[32235,0],[32234,0],[31723,0],]]
[31980,18,31,[[31979,0],[31981,0],[32236,0],[31724,0],]]
[31981,8,31,[[31982,0],[31980,0],[32237,0],[32236,0],[31725,0],]]
[31982,18,31,[[31981,0],[31983,0],[32238,0],[31726,0],]]
[31983,8,31,[[31984,0],[31982,0],[32239,0],[32238,0],[31727,0],]]
[31984,14,31,[[31983,0],[31985,0],[32240,0],[31728,0],]]
[31985,9,31,[[31986,0],[31984,0],[32241,0],[32240,0],[31729,0],]]
[31986,16,31,[[31985,0],[31987,0],[32242,0],[31730,0],]]
[31987,17,31,[[31988,0],[31986,0],[32243,0],[32242,0],[31731,0],]]
[31988,8,31,[[31987,0],[31989,0],[32244,0],[31732,0],]]
[31989,3,31,[[31990,0],[31988,0],[32245,0],[32244,0],[31733,0],]]
[31990,17,31,[[31989,0],[31991,0],[32246,0],[31734,0],]]
[31991,2,31,[[31992,0],[31990,0],[32247,0],[32246,0],[31735,0],]]
[31992,6,31,[[31991,0],[31993,0],[32248,0],[31736,0],]]
[31993,9,31,[[31994,0],[31992,0],[32249,0],[32248,0],[31737,0],]]
[31994,13,31,[[31993,0],[31995,0],[32250,0],[31738,0],]]
[31995,13,31,[[31996,0],[31994,0],[32251,0],[32250,0],[31739,0],]]
[31996,2,31,[[31995,0],[31997,0],[32252,0],[31740,0],]]
[31997,15,31,[[31998,0],[31996,0],[32253,0],[32252,0],[31741,0],]]
[31998,7,31,[[31997,0],[31999,0],[32254,0],[31742,0],]]
[31999,15,31,[[31998,0],[32255,0],[32254,0],[31743,0],]]
[32000,16,24,[[32001,0],[31744,0],[31745,0],[32256,0],]]
[32001,9,24,[[32002,0],[32000,0],[31745,0],[32257,0],]]
[32002,5,24,[[32001,0],[32003,0],[31746,0],[31747,0],[32258,0],]]
[32003,3,24,[[32004,0],[32002,0],[31747,0],[32259,0],]]
[32004,5,24,[[32003,0],[32005,0],[31748,0],[31749,0],[32260,0],]]
[32005,19,24,[[32006,0],[32004,0],[31749,0],[32261,0],]]
[32006,5,24,[[32005,0],[32007,0],[31750,0],[31751,0],[32262,0],]]
[32007,7,24,[[32008,0],[32006,0],[31751,0],[32263,0],]]
[32008,10,24,[[32007,0],[32009,0],[31752,0],[31753,0],[32264,0],]]
[32009,5,24,[[32010,0],[32008,0],[31753,0],[32265,0],]]
[32010,7,24,[[32009,0],[32011,0],[31754,0],[31755,0],[32266,0],]]
[32011,10,24,[[32012,0],[32010,0],[31755,0],[32267,0],]]
[32012,15,24,[[32011,0],[32013,0],[31756,0],[31757,0],[32268,0],]]
[32013,15,24,[[32014,0],[32012,0],[31757,0],[32269,0],]]
[32014,1,24,[[32013,0],[32015,0],[31758,0],[31759,0],[32270,0],]]
[32015,12,24,[[32016,0],[32014,0],[31759,0],[32271,0],]]
[32016,8,24,[[32015,0],[32017,0],[31760,0],[31761,0],[32272,0],]]
[32017,16,24,[[32018,0],[32016,0],[31761,0],[32273,0],]]
[32018,2,24,[[32017,0],[32019,0],[31762,0],[31763,0],[32274,0],]]
[32019,18,24,[[32020,0],[32018,0],[31763,0],[32275,0],]]
[32020,1,24,[[32019,0],[32021,0],[31764,0],[31765,0],[32276,0],]]
[32021,19,24,[[32022,0],[32020,0],[31765,0],[32277,0],]]
[32022,15,24,[[32021,0],[32023,0],[31766,0],[31767,0],[32278,0],]]
[32023,3,24,[[32024,0],[32022,0],[31767,0],[32279,0],]]
[32024,13,24,[[32023,0],[32025,0],[31768,0],[31769,0],[32280,0],]]
[32025,6,24,[[32026,0],[32024,0],[31769,0],[32281,0],]]
[32026,6,24,[[32025,0],[32027,0],[31770,0],[31771,0],[32282,0],]]
[32027,11,24,[[32028,0],[32026,0],[31771,0],[32283,0],]]
[32028,9,24,[[32027,0],[32029,0],[31772,0],[31773,0],[32284,0],]]
[32029,2,24,[[32030,0],[32028,0],[31773,0],[32285,0],]]
[32030,9,24,[[32029,0],[32031,0],[31774,0],[31775,0],[32286,0],]]
[32031,12,24,[[32032,0],[32030,0],[31775,0],[32287,0],]]
[32032,5,25,[[32031,0],[32033,0],[31776,0],[31777,0],[32288,0],]]
[32033,1,25,[[32034,0],[32032,0],[31777,0],[32289,0],]]
[32034,6,25,[[32033,0],[32035,0],[31778,0],[31779,0],[32290,0],]]
[32035,8,25,[[32036,0],[32034,0],[31779,0],[32291,0],]]
[32036,15,25,[[32035,0],[32037,0],[31780,0],[31781,0],[32292,0],]]
[32037,9,25,[[32038,0],[32036,0],[31781,0],[32293,0],]]
[32038,1,25,[[32037,0],[32039,0],[31782,0],[31783,0],[32294,0],]]
[32039,13,25,[[32040,0],[32038,0],[31783,0],[32295,0],]]
[32040,13,25,[[32039,0],[32041,0],[31784,0],[31785,0],[32296,0],]]
[32041,13,25,[[32042,0],[32040,0],[31785,0],[32297,0],]]
[32042,2,25,[[32041,0],[32043,0],[31786,0],[31787,0],[32298,0],]]
[32043,8,25,[[32044,0],[32042,0],[31787,0],[32299,0],]]
[32044,5,25,[[32043,0],[32045,0],[31788,0],[31789,0],[32300,0],]]
[32045,7,25,[[32046,0],[32044,0],[31789,0],[32301,0],]]
[32046,12,25,[[32045,0],[32047,0],[31790,0],[31791,0],[32302,0],]]
[32047,4,25,[[32048,0],[32046,0],[31791,0],[32303,0],]]
[32048,16,25,[[32047,0],[32049,0],[31792,0],[31793,0],[32304,0],]]
[32049,2,25,[[32050,0],[32048,0],[31793,0],[32305,0],]]
[32050,16,25,[[32049,0],[32051,0],[31794,0],[31795,0],[32306,0],]]
[32051,12,25,[[32052,0],[32050,0],[31795,0],[32307,0],]]
[32052,13,25,[[32051,0],[32053,0],[31796,0],[31797,0],[32308,0],]]
[32053,5,25,[[32054,0],[32052,0],[31797,0],[32309,0],]]
[32054,8,25,[[32053,0],[32055,0],[31798,0],[31799,0],[32310,0],]]
[32055,2,25,[[32056,0],[32054,0],[31799,0],[32311,0],]]
[32056,11,25,[[32055,0],[32057,0],[31800,0],[31801,0],[32312,0],]]
[32057,3,25,[[32058,0],[32056,0],[31801,0],[32313,0],]]
[32058,4,25,[[32057,0],[32059,0],[31802,0],[31803,0],[32314,0],]]
[32059,9,25,[[32060,0],[32058,0],[31803,0],[32315,0],]]
[32060,2,25,[[32059,0],[32061,0],[31804,0],[31805,0],[32316,0],]]
[32061,17,25,[[32062,0],[32060,0],[31805,0],[32317,0],]]
[32062,17,25,[[32061,0],[32063,0],[31806,0],[31807,0],[32318,0],]]
[32063,2,25,[[32064,0],[32062,0],[31807,0],[32319,0],]]
[32064,5,26,[[32063,0],[32065,0],[31808,0],[31809,0],[32320,0],]]
[32065,19,26,[[32066,0],[32064,0],[31809,0],[32321,0],]]
[32066,5,26,[[32065,0],[32067,0],[31810,0],[31811,0],[32322,0],]]
[32067,17,26,[[32068,0],[32066,0],[31811,0],[32323,0],]]
[32068,6,26,[[32067,0],[32069,0],[31812,0],[31813,0],[32324,0],]]
[32069,4,26,[[32070,0],[32068,0],[31813,0],[32325,0],]]
[32070,3,26,[[32069,0],[32071,0],[31814,0],[31815,0],[32326,0],]]
[32071,7,26,[[32072,0],[32070,0],[31815,0],[32327,0],]]
[32072,9,26,[[32071,0],[32073,0],[31816,0],[31817,0],[32328,0],]]
[32073,14,26,[[32074,0],[32072,0],[31817,0],[32329,0],]]
[32074,10,26,[[32073,0],[32075,0],[31818,0],[31819,0],[32330,0],]]
[32075,17,26,[[32076,0],[32074,0],[31819,0],[32331,0],]]
[32076,10,26,[[32075,0],[32077,0],[31820,0],[31821,0],[32332,0],]]
[32077,17,26,[[32078,0],[32076,0],[31821,0],[32333,0],]]
[32078,1,26,[[32077,0],[32079,0],[31822,0],[31823,0],[32334,0],]]
[32079,4,26,[[32080,0],[32078,0],[31823,0],[32335,0],]]
[32080,11,26,[[32079,0],[32081,0],[31824,0],[31825,0],[32336,0],]]
[32081,17,26,[[32082,0],[32080,0],[31825,0],[32337,0],]]
[32082,12,26,[[32081,0],[32083,0],[31826,0],[31827,0],[32338,0],]]
[32083,8,26,[[32084,0],[32082,0],[31827,0],[32339,0],]]
[32084,6,26,[[32083,0],[32085,0],[31828,0],[31829,0],[32340,0],]]
[32085,8,26,[[32086,0],[32084,0],[31829,0],[32341,0],]]
[32086,11,26,[[32085,0],[32087,0],[31830,0],[31831,0],[32342,0],]]
[32087,2,26,[[32088,0],[32086,0],[31831,0],[32343,0],]]
[32088,12,26,[[32087,0],[32089,0],[31832,0],[31833,0],[32344,0],]]
[32089,16,26,[[32090,0],[32088,0],[31833,0],[32345,0],]]
[32090,12,26,[[32089,0],[32091,0],[31834,0],[31835,0],[32346,0],]]
[32091,4,26,[[32092,0],[32090,0],[31835,0],[32347,0],]]
[32092,16,26,[[32091,0],[32093,0],[31836,0],[31837,0],[32348,0],]]
[32093,9,26,[[32094,0],[32092,0],[31837,0],[32349,0],]]
[32094,7,26,[[32093,0],[32095,0],[31838,0],[31839,0],[32350,0],]]
[32095,13,26,[[32096,0],[32094,0],[31839,0],[32351,0],]]
[32096,9,27,[[32095,0],[32097,0],[31840,0],[31841,0],[32352,0],]]
[32097,18,27,[[32098,0],[32096,0],[31841,0],[32353,0],]]
[32098,5,27,[[32097,0],[32099,0],[31842,0],[31843,0],[32354,0],]]
[32099,18,27,[[32100,0],[32098,0],[31843,0],[32355,0],]]
[32100,2,27,[[32099,0],[32101,0],[31844,0],[31845,0],[32356,0],]]
[32101,7,27,[[32102,0],[32100,0],[31845,0],[32357,0],]]
[32102,14,27,[[32101,0],[32103,0],[31846,0],[31847,0],[32358,0],]]
[32103,1,27,[[32104,0],[32102,0],[31847,0],[32359,0],]]
[32104,11,27,[[32103,0],[32105,0],[31848,0],[31849,0],[32360,0],]]
[32105,6,27,[[32106,0],[32104,0],[31849,0],[32361,0],]]
[32106,18,27,[[32105,0],[32107,0],[31850,0],[31851,0],[32362,0],]]
[32107,11,27,[[32108,0],[32106,0],[31851,0],[32363,0],]]
[32108,15,27,[[32107,0],[32109,0],[31852,0],[31853,0],[32364,0],]]
[32109,14,27,[[32110,0],[32108,0],[31853,0],[32365,0],]]
[32110,10,27,[[32109,0],[32111,0],[31854,0],[31855,0],[32366,0],]]
[32111,6,27,[[32112,0],[32110,0],[31855,0],[32367,0],]]
