[26214,9,27,[[26213,0],[26215,0],[26470,0],[25958,0],]]
[26215,6,27,[[26216,0],[26214,0],[26471,0],[26470,0],[25959,0],]]
[26216,3,27,[[26215,0],[26217,0],[26472,0],[25960,0],]]
[26217,8,27,[[26218,0],[26216,0],[26473,0],[26472,0],[25961,0],]]
[26218,8,27,[[26217,0],[26219,0],[26474,0],[25962,0],]]
[26219,19,27,[[26220,0],[26218,0],[26475,0],[26474,0],[25963,0],]]
[26220,15,27,[[26219,0],[26221,0],[26476,0],[25964,0],]]
[26221,16,27,[[26222,0],[26220,0],[26477,0],[26476,0],[25965,0],]]
[26222,6,27,[[26221,0],[26223,0],[26478,0],[25966,0],]]
[26223,19,27,[[26224,0],[26222,0],[26479,0],[26478,0],[25967,0],]]
[26224,17,27,[[26223,0],[26225,0],[26480,0],[25968,0],]]
[26225,19,27,[[26226,0],[26224,0],[26481,0],[26480,0],[25969,0],]]
[26226,5,27,[[26225,0],[26227,0],[26482,0],[25970,0],]]
[26227,3,27,[[26228,0],[26226,0],[26483,0],[26482,0],[25971,0],]]
[26228,8,27,[[26227,0],[26229,0],[26484,0],[25972,0],]]
[26229,10,27,[[26230,0],[26228,0],[26485,0],[26484,0],[25973,0],]]
[26230,11,27,[[26229,0],[26231,0],[26486,0],[25974,0],]]
[26231,2,27,[[26232,0],[26230,0],[26487,0],[26486,0],[25975,0],]]
[26232,14,27,[[26231,0],[26233,0],[26488,0],[25976,0],]]
[26233,6,27,[[26234,0],[26232,0],[26489,0],[26488,0],[25977,0],]]
[26234,1,27,[[26233,0],[26235,0],[26490,0],[25978,0],]]
[26235,3,27,[[26236,0],[26234,0],[26491,0],[26490,0],[25979,0],]]
[26236,8,27,[[26235,0],[26237,0],[26492,0],[25980,0],]]
[26237,7,27,[[26238,0],[26236,0],[26493,0],[26492,0],[25981,0],]]
[26238,14,27,[[26237,0],[26239,0],[26494,0],[25982,0],]]
[26239,7,27,[[26240,0],[26238,0],[26495,0],[26494,0],[25983,0],]]
[26240,9,28,[[26239,0],[26241,0],[26496,0],[25984,0],]]
[26241,2,28,[[26242,0],[26240,0],[26497,0],[26496,0],[25985,0],]]
[26242,3,28,[[26241,0],[26243,0],[26498,0],[25986,0],]]
[26243,2,28,[[26244,0],[26242,0],[26499,0],[26498,0],[25987,0],]]
[26244,5,28,[[26243,0],[26245,0],[26500,0],[25988,0],]]
[26245,12,28,[[26246,0],[26244,0],[26501,0],[26500,0],[25989,0],]]
[26246,18,28,[[26245,0],[26247,0],[26502,0],[25990,0],]]
[26247,15,28,[[26248,0],[26246,0],[26503,0],[26502,0],[25991,0],]]
[26248,2,28,[[26247,0],[26249,0],[26504,0],[25992,0],]]
[26249,17,28,[[26250,0],[26248,0],[26505,0],[26504,0],[25993,0],]]
[26250,14,28,[[26249,0],[26251,0],[26506,0],[25994,0],]]
[26251,6,28,[[26252,0],[26250,0],[26507,0],[26506,0],[25995,0],]]
[26252,12,28,[[26251,0],[26253,0],[26508,0],[25996,0],]]
[26253,8,28,[[26254,0],[26252,0],[26509,0],[26508,0],[25997,0],]]
[26254,6,28,[[26253,0],[26255,0],[26510,0],[25998,0],]]
[26255,18,28,[[26256,0],[26254,0],[26511,0],[26510,0],[25999,0],]]
[26256,14,28,[[26255,0],[26257,0],[26512,0],[26000,0],]]
[26257,13,28,[[26258,0],[26256,0],[26513,0],[26512,0],[26001,0],]]
[26258,16,28,[[26257,0],[26259,0],[26514,0],[26002,0],]]
[26259,13,28,[[26260,0],[26258,0],[26515,0],[26514,0],[26003,0],]]
[26260,12,28,[[26259,0],[26261,0],[26516,0],[26004,0],]]
[26261,5,28,[[26262,0],[26260,0],[26517,0],[26516,0],[26005,0],]]
[26262,2,28,[[26261,0],[26263,0],[26518,0],[26006,0],]]
[26263,10,28,[[26264,0],[26262,0],[26519,0],[26518,0],[26007,0],]]
[26264,2,28,[[26263,0],[26265,0],[26520,0],[26008,0],]]
[26265,17,28,[[26266,0],[26264,0],[26521,0],[26520,0],[26009,0],]]
[26266,7,28,[[26265,0],[26267,0],[26522,0],[26010,0],]]
[26267,5,28,[[26268,0],[26266,0],[26523,0],[26522,0],[26011,0],]]
[26268,7,28,[[26267,0],[26269,0],[26524,0],[26012,0],]]
[26269,10,28,[[26270,0],[26268,0],[26525,0],[26524,0],[26013,0],]]
[26270,2,28,[[26269,0],[26271,0],[26526,0],[26014,0],]]
[26271,6,28,[[26272,0],[26270,0],[26527,0],[26526,0],[26015,0],]]
[26272,4,29,[[26271,0],[26273,0],[26528,0],[26016,0],]]
[26273,4,29,[[26274,0],[26272,0],[26529,0],[26528,0],[26017,0],]]
[26274,19,29,[[26273,0],[26275,0],[26530,0],[26018,0],]]
[26275,16,29,[[26276,0],[26274,0],[26531,0],[26530,0],[26019,0],]]
[26276,15,29,[[26275,0],[26277,0],[26532,0],[26020,0],]]
[26277,8,29,[[26278,0],[26276,0],[26533,0],[26532,0],[26021,0],]]
[26278,19,29,[[26277,0],[26279,0],[26534,0],[26022,0],]]
[26279,11,29,[[26280,0],[26278,0],[26535,0],[26534,0],[26023,0],]]
[26280,1,29,[[26279,0],[26281,0],[26536,0],[26024,0],]]
[26281,6,29,[[26282,0],[26280,0],[26537,0],[26536,0],[26025,0],]]
[26282,11,29,[[26281,0],[26283,0],[26538,0],[26026,0],]]
[26283,18,29,[[26284,0],[26282,0],[26539,0],[26538,0],[26027,0],]]
[26284,11,29,[[26283,0],[26285,0],[26540,0],[26028,0],]]
[26285,6,29,[[26286,0],[26284,0],[26541,0],[26540,0],[26029,0],]]
[26286,5,29,[[26285,0],[26287,0],[26542,0],[26030,0],]]
[26287,9,29,[[26288,0],[26286,0],[26543,0],[26542,0],[26031,0],]]
[26288,12,29,[[26287,0],[26289,0],[26544,0],[26032,0],]]
[26289,10,29,[[26290,0],[26288,0],[26545,0],[26544,0],[26033,0],]]
[26290,9,29,[[26289,0],[26291,0],[26546,0],[26034,0],]]
[26291,17,29,[[26292,0],[26290,0],[26547,0],[26546,0],[26035,0],]]
[26292,11,29,[[26291,0],[26293,0],[26548,0],[26036,0],]]
[26293,2,29,[[26294,0],[26292,0],[26549,0],[26548,0],[26037,0],]]
[26294,5,29,[[26293,0],[26295,0],[26550,0],[26038,0],]]
[26295,2,29,[[26296,0],[26294,0],[26551,0],[26550,0],[26039,0],]]
[26296,16,29,[[26295,0],[26297,0],[26552,0],[26040,0],]]
[26297,15,29,[[26298,0],[26296,0],[26553,0],[26552,0],[26041,0],]]
[26298,19,29,[[26297,0],[26299,0],[26554,0],[26042,0],]]
[26299,17,29,[[26300,0],[26298,0],[26555,0],[26554,0],[26043,0],]]
[26300,3,29,[[26299,0],[26301,0],[26556,0],[26044,0],]]
[26301,1,29,[[26302,0],[26300,0],[26557,0],[26556,0],[26045,0],]]
[26302,13,29,[[26301,0],[26303,0],[26558,0],[26046,0],]]
[26303,5,29,[[26304,0],[26302,0],[26559,0],[26558,0],[26047,0],]]
[26304,17,30,[[26303,0],[26305,0],[26560,0],[26048,0],]]
[26305,2,30,[[26306,0],[26304,0],[26561,0],[26560,0],[26049,0],]]
[26306,4,30,[[26305,0],[26307,0],[26562,0],[26050,0],]]
[26307,2,30,[[26308,0],[26306,0],[26563,0],[26562,0],[26051,0],]]
[26308,10,30,[[26307,0],[26309,0],[26564,0],[26052,0],]]
[26309,9,30,[[26310,0],[26308,0],[26565,0],[26564,0],[26053,0],]]
[26310,5,30,[[26309,0],[26311,0],[26566,0],[26054,0],]]
[26311,12,30,[[26312,0],[26310,0],[26567,0],[26566,0],[26055,0],]]
[26312,9,30,[[26311,0],[26313,0],[26568,0],[26056,0],]]
[26313,13,30,[[26314,0],[26312,0],[26569,0],[26568,0],[26057,0],]]
[26314,5,30,[[26313,0],[26315,0],[26570,0],[26058,0],]]
[26315,12,30,[[26316,0],[26314,0],[26571,0],[26570,0],[26059,0],]]
[26316,17,30,[[26315,0],[26317,0],[26572,0],[26060,0],]]
[26317,3,30,[[26318,0],[26316,0],[26573,0],[26572,0],[26061,0],]]
[26318,1,30,[[26317,0],[26319,0],[26574,0],[26062,0],]]
[26319,14,30,[[26320,0],[26318,0],[26575,0],[26574,0],[26063,0],]]
[26320,15,30,[[26319,0],[26321,0],[26576,0],[26064,0],]]
[26321,12,30,[[26322,0],[26320,0],[26577,0],[26576,0],[26065,0],]]
[26322,6,30,[[26321,0],[26323,0],[26578,0],[26066,0],]]
[26323,11,30,[[26324,0],[26322,0],[26579,0],[26578,0],[26067,0],]]
[26324,16,30,[[26323,0],[26325,0],[26580,0],[26068,0],]]
[26325,18,30,[[26326,0],[26324,0],[26581,0],[26580,0],[26069,0],]]
[26326,13,30,[[26325,0],[26327,0],[26582,0],[26070,0],]]
[26327,19,30,[[26328,0],[26326,0],[26583,0],[26582,0],[26071,0],]]
[26328,10,30,[[26327,0],[26329,0],[26584,0],[26072,0],]]
[26329,15,30,[[26330,0],[26328,0],[26585,0],[26584,0],[26073,0],]]
[26330,18,30,[[26329,0],[26331,0],[26586,0],[26074,0],]]
[26331,9,30,[[26332,0],[26330,0],[26587,0],[26586,0],[26075,0],]]
[26332,3,30,[[26331,0],[26333,0],[26588,0],[26076,0],]]
[26333,12,30,[[26334,0],[26332,0],[26589,0],[26588,0],[26077,0],]]
[26334,13,30,[[26333,0],[26335,0],[26590,0],[26078,0],]]
[26335,18,30,[[26336,0],[26334,0],[26591,0],[26590,0],[26079,0],]]
[26336,8,31,[[26335,0],[26337,0],[26592,0],[26080,0],]]
[26337,15,31,[[26338,0],[26336,0],[26593,0],[26592,0],[26081,0],]]
[26338,15,31,[[26337,0],[26339,0],[26594,0],[26082,0],]]
[26339,11,31,[[26340,0],[26338,0],[26595,0],[26594,0],[26083,0],]]
[26340,2,31,[[26339,0],[26341,0],[26596,0],[26084,0],]]
[26341,10,31,[[26342,0],[26340,0],[26597,0],[26596,0],[26085,0],]]
[26342,17,31,[[26341,0],[26343,0],[26598,0],[26086,0],]]
[26343,3,31,[[26344,0],[26342,0],[26599,0],[26598,0],[26087,0],]]
[26344,13,31,[[26343,0],[26345,0],[26600,0],[26088,0],]]
[26345,19,31,[[26346,0],[26344,0],[26601,0],[26600,0],[26089,0],]]
[26346,14,31,[[26345,0],[26347,0],[26602,0],[26090,0],]]
[26347,12,31,[[26348,0],[26346,0],[26603,0],[26602,0],[26091,0],]]
[26348,12,31,[[26347,0],[26349,0],[26604,0],[26092,0],]]
[26349,19,31,[[26350,0],[26348,0],[26605,0],[26604,0],[26093,0],]]
[26350,6,31,[[26349,0],[26351,0],[26606,0],[26094,0],]]
[26351,19,31,[[26352,0],[26350,0],[26607,0],[26606,0],[26095,0],]]
[26352,10,31,[[26351,0],[26353,0],[26608,0],[26096,0],]]
[26353,4,31,[[26354,0],[26352,0],[26609,0],[26608,0],[26097,0],]]
[26354,7,31,[[26353,0],[26355,0],[26610,0],[26098,0],]]
[26355,17,31,[[26356,0],[26354,0],[26611,0],[26610,0],[26099,0],]]
[26356,16,31,[[26355,0],[26357,0],[26612,0],[26100,0],]]
[26357,19,31,[[26358,0],[26356,0],[26613,0],[26612,0],[26101,0],]]
[26358,18,31,[[26357,0],[26359,0],[26614,0],[26102,0],]]
[26359,11,31,[[26360,0],[26358,0],[26615,0],[26614,0],[26103,0],]]
[26360,1,31,[[26359,0],[26361,0],[26616,0],[26104,0],]]
[26361,2,31,[[26362,0],[26360,0],[26617,0],[26616,0],[26105,0],]]
[26362,4,31,[[26361,0],[26363,0],[26618,0],[26106,0],]]
[26363,8,31,[[26364,0],[26362,0],[26619,0],[26618,0],[26107,0],]]
[26364,16,31,[[26363,0],[26365,0],[26620,0],[26108,0],]]
[26365,13,31,[[26366,0],[26364,0],[26621,0],[26620,0],[26109,0],]]
[26366,1,31,[[26365,0],[26367,0],[26622,0],[26110,0],]]
[26367,1,31,[[26366,0],[26623,0],[26622,0],[26111,0],]]
[26368,7,24,[[26369,0],[26112,0],[26113,0],[26624,0],]]
[26369,4,24,[[26370,0],[26368,0],[26113,0],[26625,0],]]
[26370,2,24,[[26369,0],[26371,0],[26114,0],[26115,0],[26626,0],]]
[26371,11,24,[[26372,0],[26370,0],[26115,0],[26627,0],]]
[26372,10,24,[[26371,0],[26373,0],[26116,0],[26117,0],[26628,0],]]
[26373,18,24,[[26374,0],[26372,0],[26117,0],[26629,0],]]
[26374,10,24,[[26373,0],[26375,0],[26118,0],[26119,0],[26630,0],]]
[26375,1,24,[[26376,0],[26374,0],[26119,0],[26631,0],]]
[26376,5,24,[[26375,0],[26377,0],[26120,0],[26121,0],[26632,0],]]
[26377,5,24,[[26378,0],[26376,0],[26121,0],[26633,0],]]
[26378,16,24,[[26377,0],[26379,0],[26122,0],[26123,0],[26634,0],]]
[26379,9,24,[[26380,0],[26378,0],[26123,0],[26635,0],]]
[26380,10,24,[[26379,0],[26381,0],[26124,0],[26125,0],[26636,0],]]
[26381,2,24,[[26382,0],[26380,0],[26125,0],[26637,0],]]
[26382,3,24,[[26381,0],[26383,0],[26126,0],[26127,0],[26638,0],]]
[26383,13,24,[[26384,0],[26382,0],[26127,0],[26639,0],]]
[26384,12,24,[[26383,0],[26385,0],[26128,0],[26129,0],[26640,0],]]
[26385,9,24,[[26386,0],[26384,0],[26129,0],[26641,0],]]
[26386,9,24,[[26385,0],[26387,0],[26130,0],[26131,0],[26642,0],]]
[26387,14,24,[[26388,0],[26386,0],[26131,0],[26643,0],]]
[26388,8,24,[[26387,0],[26389,0],[26132,0],[26133,0],[26644,0],]]
[26389,12,24,[[26390,0],[26388,0],[26133,0],[26645,0],]]
[26390,11,24,[[26389,0],[26391,0],[26134,0],[26135,0],[26646,0],]]
[26391,6,24,[[26392,0],[26390,0],[26135,0],[26647,0],]]
[26392,3,24,[[26391,0],[26393,0],[26136,0],[26137,0],[26648,0],]]
[26393,2,24,[[26394,0],[26392,0],[26137,0],[26649,0],]]
[26394,19,24,[[26393,0],[26395,0],[26138,0],[26139,0],[26650,0],]]
[26395,15,24,[[26396,0],[26394,0],[26139,0],[26651,0],]]
[26396,17,24,[[26395,0],[26397,0],[26140,0],[26141,0],[26652,0],]]
[26397,3,24,[[26398,0],[26396,0],[26141,0],[26653,0],]]
[26398,9,24,[[26397,0],[26399,0],[26142,0],[26143,0],[26654,0],]]
[26399,13,24,[[26400,0],[26398,0],[26143,0],[26655,0],]]
[26400,16,25,[[26399,0],[26401,0],[26144,0],[26145,0],[26656,0],]]
[26401,15,25,[[26402,0],[26400,0],[26145,0],[26657,0],]]
[26402,9,25,[[26401,0],[26403,0],[26146,0],[26147,0],[26658,0],]]
[26403,17,25,[[26404,0],[26402,0],[26147,0],[26659,0],]]
[26404,1,25,[[26403,0],[26405,0],[26148,0],[26149,0],[26660,0],]]
[26405,1,25,[[26406,0],[26404,0],[26149,0],[26661,0],]]
[26406,14,25,[[26405,0],[26407,0],[26150,0],[26151,0],[26662,0],]]
[26407,10,25,[[26408,0],[26406,0],[26151,0],[26663,0],]]
[26408,2,25,[[26407,0],[26409,0],[26152,0],[26153,0],[26664,0],]]
[26409,11,25,[[26410,0],[26408,0],[26153,0],[26665,0],]]
[26410,6,25,[[26409,0],[26411,0],[26154,0],[26155,0],[26666,0],]]
[26411,14,25,[[26412,0],[26410,0],[26155,0],[26667,0],]]
[26412,18,25,[[26411,0],[26413,0],[26156,0],[26157,0],[26668,0],]]
[26413,12,25,[[26414,0],[26412,0],[26157,0],[26669,0],]]
[26414,9,25,[[26413,0],[26415,0],[26158,0],[26159,0],[26670,0],]]
[26415,5,25,[[26416,0],[26414,0],[26159,0],[26671,0],]]
[26416,5,25,[[26415,0],[26417,0],[26160,0],[26161,0],[26672,0],]]
[26417,16,25,[[26418,0],[26416,0],[26161,0],[26673,0],]]
[26418,8,25,[[26417,0],[26419,0],[26162,0],[26163,0],[26674,0],]]
[26419,15,25,[[26420,0],[26418,0],[26163,0],[26675,0],]]
[26420,7,25,[[26419,0],[26421,0],[26164,0],[26165,0],[26676,0],]]
[26421,1,25,[[26422,0],[26420,0],[26165,0],[26677,0],]]
[26422,6,25,[[26421,0],[26423,0],[26166,0],[26167,0],[26678,0],]]
[26423,1,25,[[26424,0],[26422,0],[26167,0],[26679,0],]]
[26424,19,25,[[26423,0],[26425,0],[26168,0],[26169,0],[26680,0],]]
[26425,11,25,[[26426,0],[26424,0],[26169,0],[26681,0],]]
[26426,16,25,[[26425,0],[26427,0],[26170,0],[26171,0],[26682,0],]]
[26427,5,25,[[26428,0],[26426,0],[26171,0],[26683,0],]]
[26428,13,25,[[26427,0],[26429,0],[26172,0],[26173,0],[26684,0],]]
[26429,11,25,[[26430,0],[26428,0],[26173,0],[26685,0],]]
[26430,18,25,[[26429,0],[26431,0],[26174,0],[26175,0],[26686,0],]]
[26431,5,25,[[26432,0],[26430,0],[26175,0],[26687,0],]]
[26432,10,26,[[26431,0],[26433,0],[26176,0],[26177,0],[26688,0],]]
[26433,19,26,[[26434,0],[26432,0],[26177,0],[26689,0],]]
[26434,1,26,[[26433,0],[26435,0],[26178,0],[26179,0],[26690,0],]]
[26435,6,26,[[26436,0],[26434,0],[26179,0],[26691,0],]]
[26436,15,26,[[26435,0],[26437,0],[26180,0],[26181,0],[26692,0],]]
[26437,1,26,[[26438,0],[26436,0],[26181,0],[26693,0],]]
[26438,17,26,[[26437,0],[26439,0],[26182,0],[26183,0],[26694,0],]]
[26439,19,26,[[26440,0],[26438,0],[26183,0],[26695,0],]]
[26440,4,26,[[26439,0],[26441,0],[26184,0],[26185,0],[26696,0],]]
[26441,15,26,[[26442,0],[26440,0],[26185,0],[26697,0],]]
[26442,1,26,[[26441,0],[26443,0],[26186,0],[26187,0],[26698,0],]]
[26443,7,26,[[26444,0],[26442,0],[26187,0],[26699,0],]]
[26444,5,26,[[26443,0],[26445,0],[26188,0],[26189,0],[26700,0],]]
[26445,7,26,[[26446,0],[26444,0],[26189,0],[26701,0],]]
[26446,15,26,[[26445,0],[26447,0],[26190,0],[26191,0],[26702,0],]]
[26447,7,26,[[26448,0],[26446,0],[26191,0],[26703,0],]]
[26448,2,26,[[26447,0],[26449,0],[26192,0],[26193,0],[26704,0],]]
[26449,2,26,[[26450,0],[26448,0],[26193,0],[26705,0],]]
[26450,16,26,[[26449,0],[26451,0],[26194,0],[26195,0],[26706,0],]]
[26451,17,26,[[26452,0],[26450,0],[26195,0],[26707,0],]]
[26452,17,26,[[26451,0],[26453,0],[26196,0],[26197,0],[26708,0],]]
[26453,9,26,[[26454,0],[26452,0],[26197,0],[26709,0],]]
[26454,4,26,[[26453,0],[26455,0],[26198,0],[26199,0],[26710,0],]]
[26455,5,26,[[26456,0],[26454,0],[26199,0],[26711,0],]]
[26456,7,26,[[26455,0],[26457,0],[26200,0],[26201,0],[26712,0],]]
[26457,17,26,[[26458,0],[26456,0],[26201,0],[26713,0],]]
[26458,3,26,[[26457,0],[26459,0],[26202,0],[26203,0],[26714,0],]]
[26459,14,26,[[26460,0],[26458,0],[26203,0],[26715,0],]]
[26460,19,26,[[26459,0],[26461,0],[26204,0],[26205,0],[26716,0],]]
[26461,13,26,[[26462,0],[26460,0],[26205,0],[26717,0],]]
[26462,3,26,[[26461,0],[26463,0],[26206,0],[26207,0],[26718,0],]]
[26463,5,26,[[26464,0],[26462,0],[26207,0],[26719,0],]]
[26464,17,27,[[26463,0],[26465,0],[26208,0],[26209,0],[26720,0],]]
[26465,9,27,[[26466,0],[26464,0],[26209,0],[26721,0],]]
[26466,12,27,[[26465,0],[26467,0],[26210,0],[26211,0],[26722,0],]]
[26467,3,27,[[26468,0],[26466,0],[26211,0],[26723,0],]]
[26468,16,27,[[26467,0],[26469,0],[26212,0],[26213,0],[26724,0],]]
[26469,3,27,[[26470,0],[26468,0],[26213,0],[26725,0],]]
[26470,19,27,[[26469,0],[26471,0],[26214,0],[26215,0],[26726,0],]]
[26471,8,27,[[26472,0],[26470,0],[26215,0],[26727,0],]]
[26472,17,27,[[26471,0],[26473,0],[26216,0],[26217,0],[26728,0],]]
[26473,7,27,[[26474,0],[26472,0],[26217,0],[26729,0],]]
[26474,15,27,[[26473,0],[26475,0],[26218,0],[26219,0],[26730,0],]]
[26475,1,27,[[26476,0],[26474,0],[26219,0],[26731,0],]]
[26476,19,27,[[26475,0],[26477,0],[26220,0],[26221,0],[26732,0],]]
[26477,6,27,[[26478,0],[26476,0],[26221,0],[26733,0],]]
[26478,19,27,[[26477,0],[26479,0],[26222,0],[26223,0],[26734,0],]]
[26479,7,27,[[26480,0],[26478,0],[26223,0],[26735,0],]]
[26480,16,27,[[26479,0],[26481,0],[26224,0],[26225,0],[26736,0],]]
[26481,6,27,[[26482,0],[26480,0],[26225,0],[26737,0],]]
[26482,4,27,[[26481,0],[26483,0],[26226,0],[26227,0],[26738,0],]]
[26483,14,27,[[26484,0],[26482,0],[26227,0],[26739,0],]]
[26484,10,27,[[26483,0],[26485,0],[26228,0],[26229,0],[26740,0],]]
[26485,11,27,[[26486,0],[26484,0],[26229,0],[26741,0],]]
[26486,6,27,[[26485,0],[26487,0],[26230,0],[26231,0],[26742,0],]]
[26487,8,27,[[26488,0],[26486,0],[26231,0],[26743,0],]]
[26488,4,27,[[26487,0],[26489,0],[26232,0],[26233,0],[26744,0],]]
[26489,16,27,[[26490,0],[26488,0],[26233,0],[26745,0],]]
[26490,6,27,[[26489,0],[26491,0],[26234,0],[26235,0],[26746,0],]]
[26491,15,27,[[26492,0],[26490,0],[26235,0],[26747,0],]]
[26492,1,27,[[26491,0],[26493,0],[26236,0],[26237,0],[26748,0],]]
[26493,18,27,[[26494,0],[26492,0],[26237,0],[26749,0],]]
[26494,5,27,[[26493,0],[26495,0],[26238,0],[26239,0],[26750,0],]]
[26495,9,27,[[26496,0],[26494,0],[26239,0],[26751,0],]]
[26496,10,28,[[26495,0],[26497,0],[26240,0],[26241,0],[26752,0],]]
[26497,17,28,[[26498,0],[26496,0],[26241,0],[26753,0],]]
[26498,5,28,[[26497,0],[26499,0],[26242,0],[26243,0],[26754,0],]]
[26499,9,28,[[26500,0],[26498,0],[26243,0],[26755,0],]]
[26500,12,28,[[26499,0],[26501,0],[26244,0],[26245,0],[26756,0],]]
[26501,7,28,[[26502,0],[26500,0],[26245,0],[26757,0],]]
[26502,14,28,[[26501,0],[26503,0],[26246,0],[26247,0],[26758,0],]]
[26503,6,28,[[26504,0],[26502,0],[26247,0],[26759,0],]]
[26504,1,28,[[26503,0],[26505,0],[26248,0],[26249,0],[26760,0],]]
[26505,16,28,[[26506,0],[26504,0],[26249,0],[26761,0],]]
[26506,4,28,[[26505,0],[26507,0],[26250,0],[26251,0],[26762,0],]]
[26507,8,28,[[26508,0],[26506,0],[26251,0],[26763,0],]]
[26508,3,28,[[26507,0],[26509,0],[26252,0],[26253,0],[26764,0],]]
[26509,10,28,[[26510,0],[26508,0],[26253,0],[26765,0],]]
[26510,5,28,[[26509,0],[26511,0],[26254,0],[26255,0],[26766,0],]]
[26511,15,28,[[26512,0],[26510,0],[26255,0],[26767,0],]]
[26512,8,28,[[26511,0],[26513,0],[26256,0],[26257,0],[26768,0],]]
[26513,14,28,[[26514,0],[26512,0],[26257,0],[26769,0],]]
[26514,15,28,[[26513,0],[26515,0],[26258,0],[26259,0],[26770,0],]]
[26515,13,28,[[26516,0],[26514,0],[26259,0],[26771,0],]]
[26516,7,28,[[26515,0],[26517,0],[26260,0],[26261,0],[26772,0],]]
[26517,2,28,[[26518,0],[26516,0],[26261,0],[26773,0],]]
[26518,5,28,[[26517,0],[26519,0],[26262,0],[26263,0],[26774,0],]]
[26519,2,28,[[26520,0],[26518,0],[26263,0],[26775,0],]]
[26520,6,28,[[26519,0],[26521,0],[26264,0],[26265,0],[26776,0],]]
[26521,11,28,[[26522,0],[26520,0],[26265,0],[26777,0],]]
[26522,10,28,[[26521,0],[26523,0],[26266,0],[26267,0],[26778,0],]]
[26523,17,28,[[26524,0],[26522,0],[26267,0],[26779,0],]]
[26524,14,28,[[26523,0],[26525,0],[26268,0],[26269,0],[26780,0],]]
[26525,16,28,[[26526,0],[26524,0],[26269,0],[26781,0],]]
[26526,9,28,[[26525,0],[26527,0],[26270,0],[26271,0],[26782,0],]]
[26527,16,28,[[26528,0],[26526,0],[26271,0],[26783,0],]]
[26528,13,29,[[26527,0],[26529,0],[26272,0],[26273,0],[26784,0],]]
[26529,7,29,[[26530,0],[26528,0],[26273,0],[26785,0],]]
[26530,7,29,[[26529,0],[26531,0],[26274,0],[26275,0],[26786,0],]]
[26531,7,29,[[26532,0],[26530,0],[26275,0],[26787,0],]]
[26532,17,29,[[26531,0],[26533,0],[26276,0],[26277,0],[26788,0],]]
[26533,15,29,[[26534,0],[26532,0],[26277,0],[26789,0],]]
[26534,10,29,[[26533,0],[26535,0],[26278,0],[26279,0],[26790,0],]]
[26535,17,29,[[26536,0],[26534,0],[26279,0],[26791,0],]]
[26536,11,29,[[26535,0],[26537,0],[26280,0],[26281,0],[26792,0],]]
[26537,2,29,[[26538,0],[26536,0],[26281,0],[26793,0],]]
[26538,9,29,[[26537,0],[26539,0],[26282,0],[26283,0],[26794,0],]]
[26539,9,29,[[26540,0],[26538,0],[26283,0],[26795,0],]]
[26540,14,29,[[26539,0],[26541,0],[26284,0],[26285,0],[26796,0],]]
[26541,7,29,[[26542,0],[26540,0],[26285,0],[26797,0],]]
[26542,12,29,[[26541,0],[26543,0],[26286,0],[26287,0],[26798,0],]]
[26543,4,29,[[26544,0],[26542,0],[26287,0],[26799,0],]]
[26544,15,29,[[26543,0],[26545,0],[26288,0],[26289,0],[26800,0],]]
[26545,9,29,[[26546,0],[26544,0],[26289,0],[26801,0],]]
[26546,8,29,[[26545,0],[26547,0],[26290,0],[26291,0],[26802,0],]]
[26547,17,29,[[26548,0],[26546,0],[26291,0],[26803,0],]]
[26548,5,29,[[26547,0],[26549,0],[26292,0],[26293,0],[26804,0],]]
[26549,7,29,[[26550,0],[26548,0],[26293,0],[26805,0],]]
[26550,1,29,[[26549,0],[26551,0],[26294,0],[26295,0],[26806,0],]]
[26551,12,29,[[26552,0],[26550,0],[26295,0],[26807,0],]]
[26552,2,29,[[26551,0],[26553,0],[26296,0],[26297,0],[26808,0],]]
[26553,13,29,[[26554,0],[26552,0],[26297,0],[26809,0],]]
[26554,16,29,[[26553,0],[26555,0],[26298,0],[26299,0],[26810,0],]]
[26555,17,29,[[26556,0],[26554,0],[26299,0],[26811,0],]]
[26556,19,29,[[26555,0],[26557,0],[26300,0],[26301,0],[26812,0],]]
[26557,7,29,[[26558,0],[26556,0],[26301,0],[26813,0],]]
[26558,6,29,[[26557,0],[26559,0],[26302,0],[26303,0],[26814,0],]]
[26559,7,29,[[26560,0],[26558,0],[26303,0],[26815,0],]]
[26560,3,30,[[26559,0],[26561,0],[26304,0],[26305,0],[26816,0],]]
[26561,6,30,[[26562,0],[26560,0],[26305,0],[26817,0],]]
[26562,1,30,[[26561,0],[26563,0],[26306,0],[26307,0],[26818,0],]]
[26563,4,30,[[26564,0],[26562,0],[26307,0],[26819,0],]]
[26564,7,30,[[26563,0],[26565,0],[26308,0],[26309,0],[26820,0],]]
[26565,7,30,[[26566,0],[26564,0],[26309,0],[26821,0],]]
[26566,5,30,[[26565,0],[26567,0],[26310,0],[26311,0],[26822,0],]]
[26567,6,30,[[26568,0],[26566,0],[26311,0],[26823,0],]]
[26568,12,30,[[26567,0],[26569,0],[26312,0],[26313,0],[26824,0],]]
[26569,1,30,[[26570,0],[26568,0],[26313,0],[26825,0],]]
[26570,19,30,[[26569,0],[26571,0],[26314,0],[26315,0],[26826,0],]]
[26571,14,30,[[26572,0],[26570,0],[26315,0],[26827,0],]]
[26572,9,30,[[26571,0],[26573,0],[26316,0],[26317,0],[26828,0],]]
[26573,5,30,[[26574,0],[26572,0],[26317,0],[26829,0],]]
[26574,11,30,[[26573,0],[26575,0],[26318,0],[26319,0],[26830,0],]]
[26575,6,30,[[26576,0],[26574,0],[26319,0],[26831,0],]]
[26576,16,30,[[26575,0],[26577,0],[26320,0],[26321,0],[26832,0],]]
[26577,9,30,[[26578,0],[26576,0],[26321,0],[26833,0],]]
[26578,19,30,[[26577,0],[26579,0],[26322,0],[26323,0],[26834,0],]]
[26579,5,30,[[26580,0],[26578,0],[26323,0],[26835,0],]]
[26580,17,30,[[26579,0],[26581,0],[26324,0],[26325,0],[26836,0],]]
[26581,16,30,[[26582,0],[26580,0],[26325,0],[26837,0],]]
[26582,6,30,[[26581,0],[26583,0],[26326,0],[26327,0],[26838,0],]]
[26583,5,30,[[26584,0],[26582,0],[26327,0],[26839,0],]]
[26584,11,30,[[26583,0],[26585,0],[26328,0],[26329,0],[26840,0],]]
[26585,11,30,[[26586,0],[26584,0],[26329,0],[26841,0],]]
[26586,8,30,[[26585,0],[26587,0],[26330,0],[26331,0],[26842,0],]]
[26587,19,30,[[26588,0],[26586,0],[26331,0],[26843,0],]]
[26588,2,30,[[26587,0],[26589,0],[26332,0],[26333,0],[26844,0],]]
[26589,6,30,[[26590,0],[26588,0],[26333,0],[26845,0],]]
[26590,15,30,[[26589,0],[26591,0],[26334,0],[26335,0],[26846,0],]]
[26591,1,30,[[26592,0],[26590,0],[26335,0],[26847,0],]]
[26592,6,31,[[26591,0],[26593,0],[26336,0],[26337,0],[26848,0],]]
[26593,6,31,[[26594,0],[26592,0],[26337,0],[26849,0],]]
[26594,12,31,[[26593,0],[26595,0],[26338,0],[26339,0],[26850,0],]]
[26595,19,31,[[26596,0],[26594,0],[26339,0],[26851,0],]]
[26596,8,31,[[26595,0],[26597,0],[26340,0],[26341,0],[26852,0],]]
[26597,10,31,[[26598,0],[26596,0],[26341,0],[26853,0],]]
[26598,2,31,[[26597,0],[26599,0],[26342,0],[26343,0],[26854,0],]]
[26599,5,31,[[26600,0],[26598,0],[26343,0],[26855,0],]]
[26600,19,31,[[26599,0],[26601,0],[26344,0],[26345,0],[26856,0],]]
[26601,7,31,[[26602,0],[26600,0],[26345,0],[26857,0],]]
[26602,19,31,[[26601,0],[26603,0],[26346,0],[26347,0],[26858,0],]]
[26603,11,31,[[26604,0],[26602,0],[26347,0],[26859,0],]]
[26604,7,31,[[26603,0],[26605,0],[26348,0],[26349,0],[26860,0],]]
[26605,4,31,[[26606,0],[26604,0],[26349,0],[26861,0],]]
[26606,2,31,[[26605,0],[26607,0],[26350,0],[26351,0],[26862,0],]]
[26607,16,31,[[26608,0],[26606,0],[26351,0],[26863,0],]]
[26608,6,31,[[26607,0],[26609,0],[26352,0],[26353,0],[26864,0],]]
[26609,9,31,[[26610,0],[26608,0],[26353,0],[26865,0],]]
[26610,17,31,[[26609,0],[26611,0],[26354,0],[26355,0],[26866,0],]]
[26611,9,31,[[26612,0],[26610,0],[26355,0],[26867,0],]]
[26612,11,31,[[26611,0],[26613,0],[26356,0],[26357,0],[26868,0],]]
[26613,8,31,[[26614,0],[26612,0],[26357,0],[26869,0],]]
[26614,18,31,[[26613,0],[26615,0],[26358,0],[26359,0],[26870,0],]]
[26615,13,31,[[26616,0],[26614,0],[26359,0],[26871,0],]]
[26616,6,31,[[26615,0],[26617,0],[26360,0],[26361,0],[26872,0],]]
[26617,12,31,[[26618,0],[26616,0],[26361,0],[26873,0],]]
[26618,19,31,[[26617,0],[26619,0],[26362,0],[26363,0],[26874,0],]]
[26619,6,31,[[26620,0],[26618,0],[26363,0],[26875,0],]]
[26620,14,31,[[26619,0],[26621,0],[26364,0],[26365,0],[26876,0],]]
[26621,6,31,[[26622,0],[26620,0],[26365,0],[26877,0],]]
[26622,15,31,[[26621,0],[26623,0],[26366,0],[26367,0],[26878,0],]]
[26623,8,31,[[26622,0],[26367,0],[26879,0],]]
[26624,1,24,[[26625,0],[26880,0],[26368,0],]]
[26625,12,24,[[26626,0],[26624,0],[26881,0],[26880,0],[26369,0],]]
[26626,3,24,[[26625,0],[26627,0],[26882,0],[26370,0],]]
[26627,9,24,[[26628,0],[26626,0],[26883,0],[26882,0],[26371,0],]]
[26628,17,24,[[26627,0],[26629,0],[26884,0],[26372,0],]]
[26629,13,24,[[26630,0],[26628,0],[26885,0],[26884,0],[26373,0],]]
[26630,9,24,[[26629,0],[26631,0],[26886,0],[26374,0],]]
[26631,6,24,[[26632,0],[26630,0],[26887,0],[26886,0],[26375,0],]]
[26632,10,24,[[26631,0],[26633,0],[26888,0],[26376,0],]]
[26633,3,24,[[26634,0],[26632,0],[26889,0],[26888,0],[26377,0],]]
[26634,4,24,[[26633,0],[26635,0],[26890,0],[26378,0],]]
[26635,8,24,[[26636,0],[26634,0],[26891,0],[26890,0],[26379,0],]]
[26636,3,24,[[26635,0],[26637,0],[26892,0],[26380,0],]]
[26637,17,24,[[26638,0],[26636,0],[26893,0],[26892,0],[26381,0],]]
[26638,17,24,[[26637,0],[26639,0],[26894,0],[26382,0],]]
[26639,14,24,[[26640,0],[26638,0],[26895,0],[26894,0],[26383,0],]]
[26640,14,24,[[26639,0],[26641,0],[26896,0],[26384,0],]]
[26641,4,24,[[26642,0],[26640,0],[26897,0],[26896,0],[26385,0],]]
[26642,1,24,[[26641,0],[26643,0],[26898,0],[26386,0],]]
[26643,16,24,[[26644,0],[26642,0],[26899,0],[26898,0],[26387,0],]]
[26644,14,24,[[26643,0],[26645,0],[26900,0],[26388,0],]]
[26645,14,24,[[26646,0],[26644,0],[26901,0],[26900,0],[26389,0],]]
[26646,17,24,[[26645,0],[26647,0],[26902,0],[26390,0],]]
[26647,16,24,[[26648,0],[26646,0],[26903,0],[26902,0],[26391,0],]]
[26648,9,24,[[26647,0],[26649,0],[26904,0],[26392,0],]]
[26649,7,24,[[26650,0],[26648,0],[26905,0],[26904,0],[26393,0],]]
[26650,3,24,[[26649,0],[26651,0],[26906,0],[26394,0],]]
[26651,9,24,[[26652,0],[26650,0],[26907,0],[26906,0],[26395,0],]]
[26652,5,24,[[26651,0],[26653,0],[26908,0],[26396,0],]]
[26653,19,24,[[26654,0],[26652,0],[26909,0],[26908,0],[26397,0],]]
[26654,19,24,[[26653,0],[26655,0],[26910,0],[26398,0],]]
[26655,1,24,[[26656,0],[26654,0],[26911,0],[26910,0],[26399,0],]]
[26656,13,25,[[26655,0],[26657,0],[26912,0],[26400,0],]]
[26657,17,25,[[26658,0],[26656,0],[26913,0],[26912,0],[26401,0],]]
[26658,4,25,[[26657,0],[26659,0],[26914,0],[26402,0],]]
[26659,1,25,[[26660,0],[26658,0],[26915,0],[26914,0],[26403,0],]]
[26660,9,25,[[26659,0],[26661,0],[26916,0],[26404,0],]]
[26661,19,25,[[26662,0],[26660,0],[26917,0],[26916,0],[26405,0],]]
[26662,3,25,[[26661,0],[26663,0],[26918,0],[26406,0],]]
[26663,3,25,[[26664,0],[26662,0],[26919,0],[26918,0],[26407,0],]]
[26664,8,25,[[26663,0],[26665,0],[26920,0],[26408,0],]]
[26665,18,25,[[26666,0],[26664,0],[26921,0],[26920,0],[26409,0],]]
[26666,14,25,[[26665,0],[26667,0],[26922,0],[26410,0],]]
[26667,3,25,[[26668,0],[26666,0],[26923,0],[26922,0],[26411,0],]]
[26668,5,25,[[26667,0],[26669,0],[26924,0],[26412,0],]]
[26669,16,25,[[26670,0],[26668,0],[26925,0],[26924,0],[26413,0],]]
[26670,7,25,[[26669,0],[26671,0],[26926,0],[26414,0],]]
[26671,11,25,[[26672,0],[26670,0],[26927,0],[26926,0],[26415,0],]]
[26672,17,25,[[26671,0],[26673,0],[26928,0],[26416,0],]]
[26673,15,25,[[26674,0],[26672,0],[26929,0],[26928,0],[26417,0],]]
[26674,12,25,[[26673,0],[26675,0],[26930,0],[26418,0],]]
[26675,4,25,[[26676,0],[26674,0],[26931,0],[26930,0],[26419,0],]]
[26676,17,25,[[26675,0],[26677,0],[26932,0],[26420,0],]]
[26677,10,25,[[26678,0],[26676,0],[26933,0],[26932,0],[26421,0],]]
[26678,13,25,[[26677,0],[26679,0],[26934,0],[26422,0],]]
[26679,14,25,[[26680,0],[26678,0],[26935,0],[26934,0],[26423,0],]]
[26680,8,25,[[26679,0],[26681,0],[26936,0],[26424,0],]]
[26681,8,25,[[26682,0],[26680,0],[26937,0],[26936,0],[26425,0],]]
[26682,4,25,[[26681,0],[26683,0],[26938,0],[26426,0],]]
[26683,6,25,[[26684,0],[26682,0],[26939,0],[26938,0],[26427,0],]]
[26684,9,25,[[26683,0],[26685,0],[26940,0],[26428,0],]]
[26685,5,25,[[26686,0],[26684,0],[26941,0],[26940,0],[26429,0],]]
[26686,2,25,[[26685,0],[26687,0],[26942,0],[26430,0],]]
[26687,4,25,[[26688,0],[26686,0],[26943,0],[26942,0],[26431,0],]]
[26688,16,26,[[26687,0],[26689,0],[26944,0],[26432,0],]]
[26689,18,26,[[26690,0],[26688,0],[26945,0],[26944,0],[26433,0],]]
[26690,2,26,[[26689,0],[26691,0],[26946,0],[26434,0],]]
[26691,18,26,[[26692,0],[26690,0],[26947,0],[26946,0],[26435,0],]]
[26692,12,26,[[26691,0],[26693,0],[26948,0],[26436,0],]]
[26693,7,26,[[26694,0],[26692,0],[26949,0],[26948,0],[26437,0],]]
[26694,7,26,[[26693,0],[26695,0],[26950,0],[26438,0],]]
[26695,8,26,[[26696,0],[26694,0],[26951,0],[26950,0],[26439,0],]]
[26696,4,26,[[26695,0],[26697,0],[26952,0],[26440,0],]]
[26697,12,26,[[26698,0],[26696,0],[26953,0],[26952,0],[26441,0],]]
[26698,7,26,[[26697,0],[26699,0],[26954,0],[26442,0],]]
[26699,12,26,[[26700,0],[26698,0],[26955,0],[26954,0],[26443,0],]]
[26700,2,26,[[26699,0],[26701,0],[26956,0],[26444,0],]]
[26701,7,26,[[26702,0],[26700,0],[26957,0],[26956,0],[26445,0],]]
[26702,13,26,[[26701,0],[26703,0],[26958,0],[26446,0],]]
[26703,15,26,[[26704,0],[26702,0],[26959,0],[26958,0],[26447,0],]]
[26704,5,26,[[26703,0],[26705,0],[26960,0],[26448,0],]]
[26705,17,26,[[26706,0],[26704,0],[26961,0],[26960,0],[26449,0],]]
[26706,1,26,[[26705,0],[26707,0],[26962,0],[26450,0],]]
[26707,13,26,[[26708,0],[26706,0],[26963,0],[26962,0],[26451,0],]]
[26708,9,26,[[26707,0],[26709,0],[26964,0],[26452,0],]]
[26709,7,26,[[26710,0],[26708,0],[26965,0],[26964,0],[26453,0],]]
[26710,14,26,[[26709,0],[26711,0],[26966,0],[26454,0],]]
[26711,1,26,[[26712,0],[26710,0],[26967,0],[26966,0],[26455,0],]]
[26712,9,26,[[26711,0],[26713,0],[26968,0],[26456,0],]]
[26713,3,26,[[26714,0],[26712,0],[26969,0],[26968,0],[26457,0],]]
[26714,8,26,[[26713,0],[26715,0],[26970,0],[26458,0],]]
[26715,19,26,[[26716,0],[26714,0],[26971,0],[26970,0],[26459,0],]]
[26716,19,26,[[26715,0],[26717,0],[26972,0],[26460,0],]]
[26717,17,26,[[26718,0],[26716,0],[26973,0],[26972,0],[26461,0],]]
[26718,18,26,[[26717,0],[26719,0],[26974,0],[26462,0],]]
[26719,4,26,[[26720,0],[26718,0],[26975,0],[26974,0],[26463,0],]]
[26720,6,27,[[26719,0],[26721,0],[26976,0],[26464,0],]]
[26721,15,27,[[26722,0],[26720,0],[26977,0],[26976,0],[26465,0],]]
[26722,18,27,[[26721,0],[26723,0],[26978,0],[26466,0],]]
[26723,11,27,[[26724,0],[26722,0],[26979,0],[26978,0],[26467,0],]]
[26724,2,27,[[26723,0],[26725,0],[26980,0],[26468,0],]]
[26725,5,27,[[26726,0],[26724,0],[26981,0],[26980,0],[26469,0],]]
[26726,13,27,[[26725,0],[26727,0],[26982,0],[26470,0],]]
[26727,14,27,[[26728,0],[26726,0],[26983,0],[26982,0],[26471,0],]]
[26728,12,27,[[26727,0],[26729,0],[26984,0],[26472,0],]]
[26729,17,27,[[26730,0],[26728,0],[26985,0],[26984,0],[26473,0],]]
[26730,16,27,[[26729,0],[26731,0],[26986,0],[26474,0],]]
[26731,16,27,[[26732,0],[26730,0],[26987,0],[26986,0],[26475,0],]]
[26732,6,27,[[26731,0],[26733,0],[26988,0],[26476,0],]]
[26733,14,27,[[26734,0],[26732,0],[26989,0],[26988,0],[26477,0],]]
[26734,3,27,[[26733,0],[26735,0],[26990,0],[26478,0],]]
[26735,9,27,[[26736,0],[26734,0],[26991,0],[26990,0],[26479,0],]]
[26736,13,27,[[26735,0],[26737,0],[26992,0],[26480,0],]]
[26737,10,27,[[26738,0],[26736,0],[26993,0],[26992,0],[26481,0],]]
[26738,14,27,[[26737,0],[26739,0],[26994,0],[26482,0],]]
[26739,15,27,[[26740,0],[26738,0],[26995,0],[26994,0],[26483,0],]]
[26740,7,27,[[26739,0],[26741,0],[26996,0],[26484,0],]]
[26741,15,27,[[26742,0],[26740,0],[26997,0],[26996,0],[26485,0],]]
[26742,16,27,[[26741,0],[26743,0],[26998,0],[26486,0],]]
[26743,12,27,[[26744,0],[26742,0],[26999,0],[26998,0],[26487,0],]]
[26744,11,27,[[26743,0],[26745,0],[27000,0],[26488,0],]]
[26745,10,27,[[26746,0],[26744,0],[27001,0],[27000,0],[26489,0],]]
[26746,7,27,[[26745,0],[26747,0],[27002,0],[26490,0],]]
[26747,3,27,[[26748,0],[26746,0],[27003,0],[27002,0],[26491,0],]]
[26748,18,27,[[26747,0],[26749,0],[27004,0],[26492,0],]]
[26749,16,27,[[26750,0],[26748,0],[27005,0],[27004,0],[26493,0],]]
[26750,12,27,[[26749,0],[26751,0],[27006,0],[26494,0],]]
[26751,17,27,[[26752,0],[26750,0],[27007,0],[27006,0],[26495,0],]]
[26752,13,28,[[26751,0],[26753,0],[27008,0],[26496,0],]]
[26753,17,28,[[26754,0],[26752,0],[27009,0],[27008,0],[26497,0],]]
[26754,10,28,[[26753,0],[26755,0],[27010,0],[26498,0],]]
[26755,6,28,[[26756,0],[26754,0],[27011,0],[27010,0],[26499,0],]]
[26756,9,28,[[26755,0],[26757,0],[27012,0],[26500,0],]]
[26757,7,28,[[26758,0],[26756,0],[27013,0],[27012,0],[26501,0],]]
[26758,4,28,[[26757,0],[26759,0],[27014,0],[26502,0],]]
[26759,11,28,[[26760,0],[26758,0],[27015,0],[27014,0],[26503,0],]]
[26760,12,28,[[26759,0],[26761,0],[27016,0],[26504,0],]]
[26761,3,28,[[26762,0],[26760,0],[27017,0],[27016,0],[26505,0],]]
[26762,9,28,[[26761,0],[26763,0],[27018,0],[26506,0],]]
[26763,9,28,[[26764,0],[26762,0],[27019,0],[27018,0],[26507,0],]]
[26764,17,28,[[26763,0],[26765,0],[27020,0],[26508,0],]]
[26765,4,28,[[26766,0],[26764,0],[27021,0],[27020,0],[26509,0],]]
[26766,11,28,[[26765,0],[26767,0],[27022,0],[26510,0],]]
[26767,5,28,[[26768,0],[26766,0],[27023,0],[27022,0],[26511,0],]]
[26768,7,28,[[26767,0],[26769,0],[27024,0],[26512,0],]]
[26769,3,28,[[26770,0],[26768,0],[27025,0],[27024,0],[26513,0],]]
[26770,4,28,[[26769,0],[26771,0],[27026,0],[26514,0],]]
[26771,18,28,[[26772,0],[26770,0],[27027,0],[27026,0],[26515,0],]]
[26772,19,28,[[26771,0],[26773,0],[27028,0],[26516,0],]]
[26773,10,28,[[26774,0],[26772,0],[27029,0],[27028,0],[26517,0],]]
[26774,2,28,[[26773,0],[26775,0],[27030,0],[26518,0],]]
[26775,15,28,[[26776,0],[26774,0],[27031,0],[27030,0],[26519,0],]]
[26776,11,28,[[26775,0],[26777,0],[27032,0],[26520,0],]]
[26777,9,28,[[26778,0],[26776,0],[27033,0],[27032,0],[26521,0],]]
[26778,12,28,[[26777,0],[26779,0],[27034,0],[26522,0],]]
[26779,15,28,[[26780,0],[26778,0],[27035,0],[27034,0],[26523,0],]]
[26780,19,28,[[26779,0],[26781,0],[27036,0],[26524,0],]]
[26781,19,28,[[26782,0],[26780,0],[27037,0],[27036,0],[26525,0],]]
[26782,6,28,[[26781,0],[26783,0],[27038,0],[26526,0],]]
[26783,9,28,[[26784,0],[26782,0],[27039,0],[27038,0],[26527,0],]]
[26784,17,29,[[26783,0],[26785,0],[27040,0],[26528,0],]]
[26785,7,29,[[26786,0],[26784,0],[27041,0],[27040,0],[26529,0],]]
[26786,4,29,[[26785,0],[26787,0],[27042,0],[26530,0],]]
[26787,6,29,[[26788,0],[26786,0],[27043,0],[27042,0],[26531,0],]]
[26788,6,29,[[26787,0],[26789,0],[27044,0],[26532,0],]]
[26789,19,29,[[26790,0],[26788,0],[27045,0],[27044,0],[26533,0],]]
[26790,14,29,[[26789,0],[26791,0],[27046,0],[26534,0],]]
[26791,15,29,[[26792,0],[26790,0],[27047,0],[27046,0],[26535,0],]]
[26792,17,29,[[26791,0],[26793,0],[27048,0],[26536,0],]]
[26793,15,29,[[26794,0],[26792,0],[27049,0],[27048,0],[26537,0],]]
[26794,7,29,[[26793,0],[26795,0],[27050,0],[26538,0],]]
[26795,7,29,[[26796,0],[26794,0],[27051,0],[27050,0],[26539,0],]]
[26796,10,29,[[26795,0],[26797,0],[27052,0],[26540,0],]]
[26797,18,29,[[26798,0],[26796,0],[27053,0],[27052,0],[26541,0],]]
[26798,3,29,[[26797,0],[26799,0],[27054,0],[26542,0],]]
[26799,17,29,[[26800,0],[26798,0],[27055,0],[27054,0],[26543,0],]]
[26800,18,29,[[26799,0],[26801,0],[27056,0],[26544,0],]]
[26801,2,29,[[26802,0],[26800,0],[27057,0],[27056,0],[26545,0],]]
[26802,19,29,[[26801,0],[26803,0],[27058,0],[26546,0],]]
[26803,15,29,[[26804,0],[26802,0],[27059,0],[27058,0],[26547,0],]]
[26804,18,29,[[26803,0],[26805,0],[27060,0],[26548,0],]]
[26805,12,29,[[26806,0],[26804,0],[27061,0],[27060,0],[26549,0],]]
[26806,11,29,[[26805,0],[26807,0],[27062,0],[26550,0],]]
[26807,1,29,[[26808,0],[26806,0],[27063,0],[27062,0],[26551,0],]]
[26808,1,29,[[26807,0],[26809,0],[27064,0],[26552,0],]]
[26809,14,29,[[26810,0],[26808,0],[27065,0],[27064,0],[26553,0],]]
[26810,5,29,[[26809,0],[26811,0],[27066,0],[26554,0],]]
[26811,3,29,[[26812,0],[26810,0],[27067,0],[27066,0],[26555,0],]]
[26812,8,29,[[26811,0],[26813,0],[27068,0],[26556,0],]]
[26813,16,29,[[26814,0],[26812,0],[27069,0],[27068,0],[26557,0],]]
[26814,13,29,[[26813,0],[26815,0],[27070,0],[26558,0],]]
[26815,4,29,[[26816,0],[26814,0],[27071,0],[27070,0],[26559,0],]]
[26816,18,30,[[26815,0],[26817,0],[27072,0],[26560,0],]]
[26817,2,30,[[26818,0],[26816,0],[27073,0],[27072,0],[26561,0],]]
[26818,4,30,[[26817,0],[26819,0],[27074,0],[26562,0],]]
[26819,12,30,[[26820,0],[26818,0],[27075,0],[27074,0],[26563,0],]]
[26820,5,30,[[26819,0],[26821,0],[27076,0],[26564,0],]]
[26821,12,30,[[26822,0],[26820,0],[27077,0],[27076,0],[26565,0],]]
[26822,11,30,[[26821,0],[26823,0],[27078,0],[26566,0],]]
[26823,16,30,[[26824,0],[26822,0],[27079,0],[27078,0],[26567,0],]]
[26824,15,30,[[26823,0],[26825,0],[27080,0],[26568,0],]]
[26825,9,30,[[26826,0],[26824,0],[27081,0],[27080,0],[26569,0],]]
[26826,10,30,[[26825,0],[26827,0],[27082,0],[26570,0],]]
[26827,5,30,[[26828,0],[26826,0],[27083,0],[27082,0],[26571,0],]]
[26828,1,30,[[26827,0],[26829,0],[27084,0],[26572,0],]]
[26829,1,30,[[26830,0],[26828,0],[27085,0],[27084,0],[26573,0],]]
[26830,14,30,[[26829,0],[26831,0],[27086,0],[26574,0],]]
[26831,3,30,[[26832,0],[26830,0],[27087,0],[27086,0],[26575,0],]]
[26832,17,30,[[26831,0],[26833,0],[27088,0],[26576,0],]]
[26833,1,30,[[26834,0],[26832,0],[27089,0],[27088,0],[26577,0],]]
[26834,7,30,[[26833,0],[26835,0],[27090,0],[26578,0],]]
[26835,16,30,[[26836,0],[26834,0],[27091,0],[27090,0],[26579,0],]]
[26836,15,30,[[26835,0],[26837,0],[27092,0],[26580,0],]]
[26837,1,30,[[26838,0],[26836,0],[27093,0],[27092,0],[26581,0],]]
[26838,7,30,[[26837,0],[26839,0],[27094,0],[26582,0],]]
[26839,19,30,[[26840,0],[26838,0],[27095,0],[27094,0],[26583,0],]]
[26840,10,30,[[26839,0],[26841,0],[27096,0],[26584,0],]]
[26841,18,30,[[26842,0],[26840,0],[27097,0],[27096,0],[26585,0],]]
[26842,9,30,[[26841,0],[26843,0],[27098,0],[26586,0],]]
[26843,9,30,[[26844,0],[26842,0],[27099,0],[27098,0],[26587,0],]]
[26844,3,30,[[26843,0],[26845,0],[27100,0],[26588,0],]]
[26845,8,30,[[26846,0],[26844,0],[27101,0],[27100,0],[26589,0],]]
[26846,16,30,[[26845,0],[26847,0],[27102,0],[26590,0],]]
[26847,17,30,[[26848,0],[26846,0],[27103,0],[27102,0],[26591,0],]]
[26848,3,31,[[26847,0],[26849,0],[27104,0],[26592,0],]]
[26849,19,31,[[26850,0],[26848,0],[27105,0],[27104,0],[26593,0],]]
[26850,9,31,[[26849,0],[26851,0],[27106,0],[26594,0],]]
[26851,2,31,[[26852,0],[26850,0],[27107,0],[27106,0],[26595,0],]]
[26852,8,31,[[26851,0],[26853,0],[27108,0],[26596,0],]]
[26853,3,31,[[26854,0],[26852,0],[27109,0],[27108,0],[26597,0],]]
[26854,8,31,[[26853,0],[26855,0],[27110,0],[26598,0],]]
[26855,2,31,[[26856,0],[26854,0],[27111,0],[27110,0],[26599,0],]]
[26856,16,31,[[26855,0],[26857,0],[27112,0],[26600,0],]]
[26857,18,31,[[26858,0],[26856,0],[27113,0],[27112,0],[26601,0],]]
[26858,7,31,[[26857,0],[26859,0],[27114,0],[26602,0],]]
[26859,19,31,[[26860,0],[26858,0],[27115,0],[27114,0],[26603,0],]]
[26860,9,31,[[26859,0],[26861,0],[27116,0],[26604,0],]]
[26861,7,31,[[26862,0],[26860,0],[27117,0],[27116,0],[26605,0],]]
[26862,9,31,[[26861,0],[26863,0],[27118,0],[26606,0],]]
[26863,15,31,[[26864,0],[26862,0],[27119,0],[27118,0],[26607,0],]]
[26864,11,31,[[26863,0],[26865,0],[27120,0],[26608,0],]]
[26865,19,31,[[26866,0],[26864,0],[27121,0],[27120,0],[26609,0],]]
[26866,14,31,[[26865,0],[26867,0],[27122,0],[26610,0],]]
[26867,10,31,[[26868,0],[26866,0],[27123,0],[27122,0],[26611,0],]]
[26868,8,31,[[26867,0],[26869,0],[27124,0],[26612,0],]]
