[27525,18,28,[[27526,0],[27524,0],[27269,0],[27781,0],]]
[27526,3,28,[[27525,0],[27527,0],[27270,0],[27271,0],[27782,0],]]
[27527,10,28,[[27528,0],[27526,0],[27271,0],[27783,0],]]
[27528,2,28,[[27527,0],[27529,0],[27272,0],[27273,0],[27784,0],]]
[27529,2,28,[[27530,0],[27528,0],[27273,0],[27785,0],]]
[27530,14,28,[[27529,0],[27531,0],[27274,0],[27275,0],[27786,0],]]
[27531,14,28,[[27532,0],[27530,0],[27275,0],[27787,0],]]
[27532,11,28,[[27531,0],[27533,0],[27276,0],[27277,0],[27788,0],]]
[27533,16,28,[[27534,0],[27532,0],[27277,0],[27789,0],]]
[27534,11,28,[[27533,0],[27535,0],[27278,0],[27279,0],[27790,0],]]
[27535,17,28,[[27536,0],[27534,0],[27279,0],[27791,0],]]
[27536,14,28,[[27535,0],[27537,0],[27280,0],[27281,0],[27792,0],]]
[27537,16,28,[[27538,0],[27536,0],[27281,0],[27793,0],]]
[27538,8,28,[[27537,0],[27539,0],[27282,0],[27283,0],[27794,0],]]
[27539,16,28,[[27540,0],[27538,0],[27283,0],[27795,0],]]
[27540,11,28,[[27539,0],[27541,0],[27284,0],[27285,0],[27796,0],]]
[27541,2,28,[[27542,0],[27540,0],[27285,0],[27797,0],]]
[27542,11,28,[[27541,0],[27543,0],[27286,0],[27287,0],[27798,0],]]
[27543,9,28,[[27544,0],[27542,0],[27287,0],[27799,0],]]
[27544,13,28,[[27543,0],[27545,0],[27288,0],[27289,0],[27800,0],]]
[27545,4,28,[[27546,0],[27544,0],[27289,0],[27801,0],]]
[27546,1,28,[[27545,0],[27547,0],[27290,0],[27291,0],[27802,0],]]
[27547,14,28,[[27548,0],[27546,0],[27291,0],[27803,0],]]
[27548,1,28,[[27547,0],[27549,0],[27292,0],[27293,0],[27804,0],]]
[27549,15,28,[[27550,0],[27548,0],[27293,0],[27805,0],]]
[27550,6,28,[[27549,0],[27551,0],[27294,0],[27295,0],[27806,0],]]
[27551,7,28,[[27552,0],[27550,0],[27295,0],[27807,0],]]
[27552,4,29,[[27551,0],[27553,0],[27296,0],[27297,0],[27808,0],]]
[27553,9,29,[[27554,0],[27552,0],[27297,0],[27809,0],]]
[27554,8,29,[[27553,0],[27555,0],[27298,0],[27299,0],[27810,0],]]
[27555,17,29,[[27556,0],[27554,0],[27299,0],[27811,0],]]
[27556,5,29,[[27555,0],[27557,0],[27300,0],[27301,0],[27812,0],]]
[27557,12,29,[[27558,0],[27556,0],[27301,0],[27813,0],]]
[27558,3,29,[[27557,0],[27559,0],[27302,0],[27303,0],[27814,0],]]
[27559,12,29,[[27560,0],[27558,0],[27303,0],[27815,0],]]
[27560,16,29,[[27559,0],[27561,0],[27304,0],[27305,0],[27816,0],]]
[27561,9,29,[[27562,0],[27560,0],[27305,0],[27817,0],]]
[27562,19,29,[[27561,0],[27563,0],[27306,0],[27307,0],[27818,0],]]
[27563,18,29,[[27564,0],[27562,0],[27307,0],[27819,0],]]
[27564,1,29,[[27563,0],[27565,0],[27308,0],[27309,0],[27820,0],]]
[27565,10,29,[[27566,0],[27564,0],[27309,0],[27821,0],]]
[27566,10,29,[[27565,0],[27567,0],[27310,0],[27311,0],[27822,0],]]
[27567,10,29,[[27568,0],[27566,0],[27311,0],[27823,0],]]
[27568,9,29,[[27567,0],[27569,0],[27312,0],[27313,0],[27824,0],]]
[27569,4,29,[[27570,0],[27568,0],[27313,0],[27825,0],]]
[27570,15,29,[[27569,0],[27571,0],[27314,0],[27315,0],[27826,0],]]
[27571,6,29,[[27572,0],[27570,0],[27315,0],[27827,0],]]
[27572,14,29,[[27571,0],[27573,0],[27316,0],[27317,0],[27828,0],]]
[27573,7,29,[[27574,0],[27572,0],[27317,0],[27829,0],]]
[27574,12,29,[[27573,0],[27575,0],[27318,0],[27319,0],[27830,0],]]
[27575,1,29,[[27576,0],[27574,0],[27319,0],[27831,0],]]
[27576,11,29,[[27575,0],[27577,0],[27320,0],[27321,0],[27832,0],]]
[27577,8,29,[[27578,0],[27576,0],[27321,0],[27833,0],]]
[27578,11,29,[[27577,0],[27579,0],[27322,0],[27323,0],[27834,0],]]
[27579,14,29,[[27580,0],[27578,0],[27323,0],[27835,0],]]
[27580,16,29,[[27579,0],[27581,0],[27324,0],[27325,0],[27836,0],]]
[27581,2,29,[[27582,0],[27580,0],[27325,0],[27837,0],]]
[27582,2,29,[[27581,0],[27583,0],[27326,0],[27327,0],[27838,0],]]
[27583,14,29,[[27584,0],[27582,0],[27327,0],[27839,0],]]
[27584,15,30,[[27583,0],[27585,0],[27328,0],[27329,0],[27840,0],]]
[27585,18,30,[[27586,0],[27584,0],[27329,0],[27841,0],]]
[27586,16,30,[[27585,0],[27587,0],[27330,0],[27331,0],[27842,0],]]
[27587,12,30,[[27588,0],[27586,0],[27331,0],[27843,0],]]
[27588,17,30,[[27587,0],[27589,0],[27332,0],[27333,0],[27844,0],]]
[27589,13,30,[[27590,0],[27588,0],[27333,0],[27845,0],]]
[27590,8,30,[[27589,0],[27591,0],[27334,0],[27335,0],[27846,0],]]
[27591,4,30,[[27592,0],[27590,0],[27335,0],[27847,0],]]
[27592,16,30,[[27591,0],[27593,0],[27336,0],[27337,0],[27848,0],]]
[27593,19,30,[[27594,0],[27592,0],[27337,0],[27849,0],]]
[27594,14,30,[[27593,0],[27595,0],[27338,0],[27339,0],[27850,0],]]
[27595,5,30,[[27596,0],[27594,0],[27339,0],[27851,0],]]
[27596,17,30,[[27595,0],[27597,0],[27340,0],[27341,0],[27852,0],]]
[27597,14,30,[[27598,0],[27596,0],[27341,0],[27853,0],]]
[27598,17,30,[[27597,0],[27599,0],[27342,0],[27343,0],[27854,0],]]
[27599,17,30,[[27600,0],[27598,0],[27343,0],[27855,0],]]
[27600,9,30,[[27599,0],[27601,0],[27344,0],[27345,0],[27856,0],]]
[27601,7,30,[[27602,0],[27600,0],[27345,0],[27857,0],]]
[27602,18,30,[[27601,0],[27603,0],[27346,0],[27347,0],[27858,0],]]
[27603,1,30,[[27604,0],[27602,0],[27347,0],[27859,0],]]
[27604,7,30,[[27603,0],[27605,0],[27348,0],[27349,0],[27860,0],]]
[27605,2,30,[[27606,0],[27604,0],[27349,0],[27861,0],]]
[27606,3,30,[[27605,0],[27607,0],[27350,0],[27351,0],[27862,0],]]
[27607,2,30,[[27608,0],[27606,0],[27351,0],[27863,0],]]
[27608,6,30,[[27607,0],[27609,0],[27352,0],[27353,0],[27864,0],]]
[27609,12,30,[[27610,0],[27608,0],[27353,0],[27865,0],]]
[27610,18,30,[[27609,0],[27611,0],[27354,0],[27355,0],[27866,0],]]
[27611,8,30,[[27612,0],[27610,0],[27355,0],[27867,0],]]
[27612,15,30,[[27611,0],[27613,0],[27356,0],[27357,0],[27868,0],]]
[27613,5,30,[[27614,0],[27612,0],[27357,0],[27869,0],]]
[27614,7,30,[[27613,0],[27615,0],[27358,0],[27359,0],[27870,0],]]
[27615,10,30,[[27616,0],[27614,0],[27359,0],[27871,0],]]
[27616,3,31,[[27615,0],[27617,0],[27360,0],[27361,0],[27872,0],]]
[27617,17,31,[[27618,0],[27616,0],[27361,0],[27873,0],]]
[27618,5,31,[[27617,0],[27619,0],[27362,0],[27363,0],[27874,0],]]
[27619,8,31,[[27620,0],[27618,0],[27363,0],[27875,0],]]
[27620,13,31,[[27619,0],[27621,0],[27364,0],[27365,0],[27876,0],]]
[27621,17,31,[[27622,0],[27620,0],[27365,0],[27877,0],]]
[27622,17,31,[[27621,0],[27623,0],[27366,0],[27367,0],[27878,0],]]
[27623,7,31,[[27624,0],[27622,0],[27367,0],[27879,0],]]
[27624,3,31,[[27623,0],[27625,0],[27368,0],[27369,0],[27880,0],]]
[27625,14,31,[[27626,0],[27624,0],[27369,0],[27881,0],]]
[27626,15,31,[[27625,0],[27627,0],[27370,0],[27371,0],[27882,0],]]
[27627,4,31,[[27628,0],[27626,0],[27371,0],[27883,0],]]
[27628,19,31,[[27627,0],[27629,0],[27372,0],[27373,0],[27884,0],]]
[27629,18,31,[[27630,0],[27628,0],[27373,0],[27885,0],]]
[27630,14,31,[[27629,0],[27631,0],[27374,0],[27375,0],[27886,0],]]
[27631,17,31,[[27632,0],[27630,0],[27375,0],[27887,0],]]
[27632,19,31,[[27631,0],[27633,0],[27376,0],[27377,0],[27888,0],]]
[27633,1,31,[[27634,0],[27632,0],[27377,0],[27889,0],]]
[27634,13,31,[[27633,0],[27635,0],[27378,0],[27379,0],[27890,0],]]
[27635,1,31,[[27636,0],[27634,0],[27379,0],[27891,0],]]
[27636,17,31,[[27635,0],[27637,0],[27380,0],[27381,0],[27892,0],]]
[27637,12,31,[[27638,0],[27636,0],[27381,0],[27893,0],]]
[27638,13,31,[[27637,0],[27639,0],[27382,0],[27383,0],[27894,0],]]
[27639,10,31,[[27640,0],[27638,0],[27383,0],[27895,0],]]
[27640,8,31,[[27639,0],[27641,0],[27384,0],[27385,0],[27896,0],]]
[27641,5,31,[[27642,0],[27640,0],[27385,0],[27897,0],]]
[27642,9,31,[[27641,0],[27643,0],[27386,0],[27387,0],[27898,0],]]
[27643,11,31,[[27644,0],[27642,0],[27387,0],[27899,0],]]
[27644,16,31,[[27643,0],[27645,0],[27388,0],[27389,0],[27900,0],]]
[27645,19,31,[[27646,0],[27644,0],[27389,0],[27901,0],]]
[27646,19,31,[[27645,0],[27647,0],[27390,0],[27391,0],[27902,0],]]
[27647,18,31,[[27646,0],[27391,0],[27903,0],]]
[27648,9,24,[[27649,0],[27904,0],[27392,0],]]
[27649,5,24,[[27650,0],[27648,0],[27905,0],[27904,0],[27393,0],]]
[27650,5,24,[[27649,0],[27651,0],[27906,0],[27394,0],]]
[27651,16,24,[[27652,0],[27650,0],[27907,0],[27906,0],[27395,0],]]
[27652,16,24,[[27651,0],[27653,0],[27908,0],[27396,0],]]
[27653,10,24,[[27654,0],[27652,0],[27909,0],[27908,0],[27397,0],]]
[27654,9,24,[[27653,0],[27655,0],[27910,0],[27398,0],]]
[27655,9,24,[[27656,0],[27654,0],[27911,0],[27910,0],[27399,0],]]
[27656,3,24,[[27655,0],[27657,0],[27912,0],[27400,0],]]
[27657,15,24,[[27658,0],[27656,0],[27913,0],[27912,0],[27401,0],]]
[27658,7,24,[[27657,0],[27659,0],[27914,0],[27402,0],]]
[27659,10,24,[[27660,0],[27658,0],[27915,0],[27914,0],[27403,0],]]
[27660,8,24,[[27659,0],[27661,0],[27916,0],[27404,0],]]
[27661,4,24,[[27662,0],[27660,0],[27917,0],[27916,0],[27405,0],]]
[27662,19,24,[[27661,0],[27663,0],[27918,0],[27406,0],]]
[27663,2,24,[[27664,0],[27662,0],[27919,0],[27918,0],[27407,0],]]
[27664,7,24,[[27663,0],[27665,0],[27920,0],[27408,0],]]
[27665,15,24,[[27666,0],[27664,0],[27921,0],[27920,0],[27409,0],]]
[27666,19,24,[[27665,0],[27667,0],[27922,0],[27410,0],]]
[27667,19,24,[[27668,0],[27666,0],[27923,0],[27922,0],[27411,0],]]
[27668,18,24,[[27667,0],[27669,0],[27924,0],[27412,0],]]
[27669,10,24,[[27670,0],[27668,0],[27925,0],[27924,0],[27413,0],]]
[27670,18,24,[[27669,0],[27671,0],[27926,0],[27414,0],]]
[27671,1,24,[[27672,0],[27670,0],[27927,0],[27926,0],[27415,0],]]
[27672,9,24,[[27671,0],[27673,0],[27928,0],[27416,0],]]
[27673,7,24,[[27674,0],[27672,0],[27929,0],[27928,0],[27417,0],]]
[27674,15,24,[[27673,0],[27675,0],[27930,0],[27418,0],]]
[27675,16,24,[[27676,0],[27674,0],[27931,0],[27930,0],[27419,0],]]
[27676,15,24,[[27675,0],[27677,0],[27932,0],[27420,0],]]
[27677,17,24,[[27678,0],[27676,0],[27933,0],[27932,0],[27421,0],]]
[27678,8,24,[[27677,0],[27679,0],[27934,0],[27422,0],]]
[27679,14,24,[[27680,0],[27678,0],[27935,0],[27934,0],[27423,0],]]
[27680,16,25,[[27679,0],[27681,0],[27936,0],[27424,0],]]
[27681,3,25,[[27682,0],[27680,0],[27937,0],[27936,0],[27425,0],]]
[27682,6,25,[[27681,0],[27683,0],[27938,0],[27426,0],]]
[27683,12,25,[[27684,0],[27682,0],[27939,0],[27938,0],[27427,0],]]
[27684,8,25,[[27683,0],[27685,0],[27940,0],[27428,0],]]
[27685,3,25,[[27686,0],[27684,0],[27941,0],[27940,0],[27429,0],]]
[27686,16,25,[[27685,0],[27687,0],[27942,0],[27430,0],]]
[27687,8,25,[[27688,0],[27686,0],[27943,0],[27942,0],[27431,0],]]
[27688,4,25,[[27687,0],[27689,0],[27944,0],[27432,0],]]
[27689,13,25,[[27690,0],[27688,0],[27945,0],[27944,0],[27433,0],]]
[27690,15,25,[[27689,0],[27691,0],[27946,0],[27434,0],]]
[27691,14,25,[[27692,0],[27690,0],[27947,0],[27946,0],[27435,0],]]
[27692,15,25,[[27691,0],[27693,0],[27948,0],[27436,0],]]
[27693,7,25,[[27694,0],[27692,0],[27949,0],[27948,0],[27437,0],]]
[27694,14,25,[[27693,0],[27695,0],[27950,0],[27438,0],]]
[27695,7,25,[[27696,0],[27694,0],[27951,0],[27950,0],[27439,0],]]
[27696,15,25,[[27695,0],[27697,0],[27952,0],[27440,0],]]
[27697,14,25,[[27698,0],[27696,0],[27953,0],[27952,0],[27441,0],]]
[27698,19,25,[[27697,0],[27699,0],[27954,0],[27442,0],]]
[27699,19,25,[[27700,0],[27698,0],[27955,0],[27954,0],[27443,0],]]
[27700,3,25,[[27699,0],[27701,0],[27956,0],[27444,0],]]
[27701,5,25,[[27702,0],[27700,0],[27957,0],[27956,0],[27445,0],]]
[27702,17,25,[[27701,0],[27703,0],[27958,0],[27446,0],]]
[27703,7,25,[[27704,0],[27702,0],[27959,0],[27958,0],[27447,0],]]
[27704,19,25,[[27703,0],[27705,0],[27960,0],[27448,0],]]
[27705,4,25,[[27706,0],[27704,0],[27961,0],[27960,0],[27449,0],]]
[27706,3,25,[[27705,0],[27707,0],[27962,0],[27450,0],]]
[27707,14,25,[[27708,0],[27706,0],[27963,0],[27962,0],[27451,0],]]
[27708,4,25,[[27707,0],[27709,0],[27964,0],[27452,0],]]
[27709,16,25,[[27710,0],[27708,0],[27965,0],[27964,0],[27453,0],]]
[27710,9,25,[[27709,0],[27711,0],[27966,0],[27454,0],]]
[27711,19,25,[[27712,0],[27710,0],[27967,0],[27966,0],[27455,0],]]
[27712,18,26,[[27711,0],[27713,0],[27968,0],[27456,0],]]
[27713,16,26,[[27714,0],[27712,0],[27969,0],[27968,0],[27457,0],]]
[27714,9,26,[[27713,0],[27715,0],[27970,0],[27458,0],]]
[27715,10,26,[[27716,0],[27714,0],[27971,0],[27970,0],[27459,0],]]
[27716,15,26,[[27715,0],[27717,0],[27972,0],[27460,0],]]
[27717,6,26,[[27718,0],[27716,0],[27973,0],[27972,0],[27461,0],]]
[27718,15,26,[[27717,0],[27719,0],[27974,0],[27462,0],]]
[27719,16,26,[[27720,0],[27718,0],[27975,0],[27974,0],[27463,0],]]
[27720,17,26,[[27719,0],[27721,0],[27976,0],[27464,0],]]
[27721,18,26,[[27722,0],[27720,0],[27977,0],[27976,0],[27465,0],]]
[27722,16,26,[[27721,0],[27723,0],[27978,0],[27466,0],]]
[27723,18,26,[[27724,0],[27722,0],[27979,0],[27978,0],[27467,0],]]
[27724,15,26,[[27723,0],[27725,0],[27980,0],[27468,0],]]
[27725,2,26,[[27726,0],[27724,0],[27981,0],[27980,0],[27469,0],]]
[27726,11,26,[[27725,0],[27727,0],[27982,0],[27470,0],]]
[27727,10,26,[[27728,0],[27726,0],[27983,0],[27982,0],[27471,0],]]
[27728,15,26,[[27727,0],[27729,0],[27984,0],[27472,0],]]
[27729,1,26,[[27730,0],[27728,0],[27985,0],[27984,0],[27473,0],]]
[27730,11,26,[[27729,0],[27731,0],[27986,0],[27474,0],]]
[27731,19,26,[[27732,0],[27730,0],[27987,0],[27986,0],[27475,0],]]
[27732,8,26,[[27731,0],[27733,0],[27988,0],[27476,0],]]
[27733,4,26,[[27734,0],[27732,0],[27989,0],[27988,0],[27477,0],]]
[27734,17,26,[[27733,0],[27735,0],[27990,0],[27478,0],]]
[27735,15,26,[[27736,0],[27734,0],[27991,0],[27990,0],[27479,0],]]
[27736,4,26,[[27735,0],[27737,0],[27992,0],[27480,0],]]
[27737,8,26,[[27738,0],[27736,0],[27993,0],[27992,0],[27481,0],]]
[27738,9,26,[[27737,0],[27739,0],[27994,0],[27482,0],]]
[27739,1,26,[[27740,0],[27738,0],[27995,0],[27994,0],[27483,0],]]
[27740,8,26,[[27739,0],[27741,0],[27996,0],[27484,0],]]
[27741,2,26,[[27742,0],[27740,0],[27997,0],[27996,0],[27485,0],]]
[27742,13,26,[[27741,0],[27743,0],[27998,0],[27486,0],]]
[27743,17,26,[[27744,0],[27742,0],[27999,0],[27998,0],[27487,0],]]
[27744,3,27,[[27743,0],[27745,0],[28000,0],[27488,0],]]
[27745,13,27,[[27746,0],[27744,0],[28001,0],[28000,0],[27489,0],]]
[27746,3,27,[[27745,0],[27747,0],[28002,0],[27490,0],]]
[27747,13,27,[[27748,0],[27746,0],[28003,0],[28002,0],[27491,0],]]
[27748,17,27,[[27747,0],[27749,0],[28004,0],[27492,0],]]
[27749,3,27,[[27750,0],[27748,0],[28005,0],[28004,0],[27493,0],]]
[27750,2,27,[[27749,0],[27751,0],[28006,0],[27494,0],]]
[27751,15,27,[[27752,0],[27750,0],[28007,0],[28006,0],[27495,0],]]
[27752,8,27,[[27751,0],[27753,0],[28008,0],[27496,0],]]
[27753,4,27,[[27754,0],[27752,0],[28009,0],[28008,0],[27497,0],]]
[27754,2,27,[[27753,0],[27755,0],[28010,0],[27498,0],]]
[27755,2,27,[[27756,0],[27754,0],[28011,0],[28010,0],[27499,0],]]
[27756,12,27,[[27755,0],[27757,0],[28012,0],[27500,0],]]
[27757,14,27,[[27758,0],[27756,0],[28013,0],[28012,0],[27501,0],]]
[27758,19,27,[[27757,0],[27759,0],[28014,0],[27502,0],]]
[27759,15,27,[[27760,0],[27758,0],[28015,0],[28014,0],[27503,0],]]
[27760,3,27,[[27759,0],[27761,0],[28016,0],[27504,0],]]
[27761,18,27,[[27762,0],[27760,0],[28017,0],[28016,0],[27505,0],]]
[27762,13,27,[[27761,0],[27763,0],[28018,0],[27506,0],]]
[27763,2,27,[[27764,0],[27762,0],[28019,0],[28018,0],[27507,0],]]
[27764,15,27,[[27763,0],[27765,0],[28020,0],[27508,0],]]
[27765,1,27,[[27766,0],[27764,0],[28021,0],[28020,0],[27509,0],]]
[27766,4,27,[[27765,0],[27767,0],[28022,0],[27510,0],]]
[27767,16,27,[[27768,0],[27766,0],[28023,0],[28022,0],[27511,0],]]
[27768,17,27,[[27767,0],[27769,0],[28024,0],[27512,0],]]
[27769,16,27,[[27770,0],[27768,0],[28025,0],[28024,0],[27513,0],]]
[27770,10,27,[[27769,0],[27771,0],[28026,0],[27514,0],]]
[27771,11,27,[[27772,0],[27770,0],[28027,0],[28026,0],[27515,0],]]
[27772,6,27,[[27771,0],[27773,0],[28028,0],[27516,0],]]
[27773,2,27,[[27774,0],[27772,0],[28029,0],[28028,0],[27517,0],]]
[27774,2,27,[[27773,0],[27775,0],[28030,0],[27518,0],]]
[27775,17,27,[[27776,0],[27774,0],[28031,0],[28030,0],[27519,0],]]
[27776,5,28,[[27775,0],[27777,0],[28032,0],[27520,0],]]
[27777,16,28,[[27778,0],[27776,0],[28033,0],[28032,0],[27521,0],]]
[27778,17,28,[[27777,0],[27779,0],[28034,0],[27522,0],]]
[27779,19,28,[[27780,0],[27778,0],[28035,0],[28034,0],[27523,0],]]
[27780,17,28,[[27779,0],[27781,0],[28036,0],[27524,0],]]
[27781,4,28,[[27782,0],[27780,0],[28037,0],[28036,0],[27525,0],]]
[27782,19,28,[[27781,0],[27783,0],[28038,0],[27526,0],]]
[27783,17,28,[[27784,0],[27782,0],[28039,0],[28038,0],[27527,0],]]
[27784,2,28,[[27783,0],[27785,0],[28040,0],[27528,0],]]
[27785,4,28,[[27786,0],[27784,0],[28041,0],[28040,0],[27529,0],]]
[27786,1,28,[[27785,0],[27787,0],[28042,0],[27530,0],]]
[27787,8,28,[[27788,0],[27786,0],[28043,0],[28042,0],[27531,0],]]
[27788,14,28,[[27787,0],[27789,0],[28044,0],[27532,0],]]
[27789,13,28,[[27790,0],[27788,0],[28045,0],[28044,0],[27533,0],]]
[27790,18,28,[[27789,0],[27791,0],[28046,0],[27534,0],]]
[27791,11,28,[[27792,0],[27790,0],[28047,0],[28046,0],[27535,0],]]
[27792,6,28,[[27791,0],[27793,0],[28048,0],[27536,0],]]
[27793,16,28,[[27794,0],[27792,0],[28049,0],[28048,0],[27537,0],]]
[27794,11,28,[[27793,0],[27795,0],[28050,0],[27538,0],]]
[27795,15,28,[[27796,0],[27794,0],[28051,0],[28050,0],[27539,0],]]
[27796,4,28,[[27795,0],[27797,0],[28052,0],[27540,0],]]
[27797,9,28,[[27798,0],[27796,0],[28053,0],[28052,0],[27541,0],]]
[27798,8,28,[[27797,0],[27799,0],[28054,0],[27542,0],]]
[27799,5,28,[[27800,0],[27798,0],[28055,0],[28054,0],[27543,0],]]
[27800,8,28,[[27799,0],[27801,0],[28056,0],[27544,0],]]
[27801,12,28,[[27802,0],[27800,0],[28057,0],[28056,0],[27545,0],]]
[27802,10,28,[[27801,0],[27803,0],[28058,0],[27546,0],]]
[27803,17,28,[[27804,0],[27802,0],[28059,0],[28058,0],[27547,0],]]
[27804,9,28,[[27803,0],[27805,0],[28060,0],[27548,0],]]
[27805,10,28,[[27806,0],[27804,0],[28061,0],[28060,0],[27549,0],]]
[27806,7,28,[[27805,0],[27807,0],[28062,0],[27550,0],]]
[27807,6,28,[[27808,0],[27806,0],[28063,0],[28062,0],[27551,0],]]
[27808,1,29,[[27807,0],[27809,0],[28064,0],[27552,0],]]
[27809,16,29,[[27810,0],[27808,0],[28065,0],[28064,0],[27553,0],]]
[27810,10,29,[[27809,0],[27811,0],[28066,0],[27554,0],]]
[27811,1,29,[[27812,0],[27810,0],[28067,0],[28066,0],[27555,0],]]
[27812,18,29,[[27811,0],[27813,0],[28068,0],[27556,0],]]
[27813,1,29,[[27814,0],[27812,0],[28069,0],[28068,0],[27557,0],]]
[27814,14,29,[[27813,0],[27815,0],[28070,0],[27558,0],]]
[27815,18,29,[[27816,0],[27814,0],[28071,0],[28070,0],[27559,0],]]
[27816,3,29,[[27815,0],[27817,0],[28072,0],[27560,0],]]
[27817,14,29,[[27818,0],[27816,0],[28073,0],[28072,0],[27561,0],]]
[27818,4,29,[[27817,0],[27819,0],[28074,0],[27562,0],]]
[27819,3,29,[[27820,0],[27818,0],[28075,0],[28074,0],[27563,0],]]
[27820,4,29,[[27819,0],[27821,0],[28076,0],[27564,0],]]
[27821,16,29,[[27822,0],[27820,0],[28077,0],[28076,0],[27565,0],]]
[27822,19,29,[[27821,0],[27823,0],[28078,0],[27566,0],]]
[27823,1,29,[[27824,0],[27822,0],[28079,0],[28078,0],[27567,0],]]
[27824,16,29,[[27823,0],[27825,0],[28080,0],[27568,0],]]
[27825,16,29,[[27826,0],[27824,0],[28081,0],[28080,0],[27569,0],]]
[27826,4,29,[[27825,0],[27827,0],[28082,0],[27570,0],]]
[27827,9,29,[[27828,0],[27826,0],[28083,0],[28082,0],[27571,0],]]
[27828,12,29,[[27827,0],[27829,0],[28084,0],[27572,0],]]
[27829,19,29,[[27830,0],[27828,0],[28085,0],[28084,0],[27573,0],]]
[27830,9,29,[[27829,0],[27831,0],[28086,0],[27574,0],]]
[27831,17,29,[[27832,0],[27830,0],[28087,0],[28086,0],[27575,0],]]
[27832,12,29,[[27831,0],[27833,0],[28088,0],[27576,0],]]
[27833,19,29,[[27834,0],[27832,0],[28089,0],[28088,0],[27577,0],]]
[27834,11,29,[[27833,0],[27835,0],[28090,0],[27578,0],]]
[27835,14,29,[[27836,0],[27834,0],[28091,0],[28090,0],[27579,0],]]
[27836,14,29,[[27835,0],[27837,0],[28092,0],[27580,0],]]
[27837,8,29,[[27838,0],[27836,0],[28093,0],[28092,0],[27581,0],]]
[27838,16,29,[[27837,0],[27839,0],[28094,0],[27582,0],]]
[27839,13,29,[[27840,0],[27838,0],[28095,0],[28094,0],[27583,0],]]
[27840,15,30,[[27839,0],[27841,0],[28096,0],[27584,0],]]
[27841,2,30,[[27842,0],[27840,0],[28097,0],[28096,0],[27585,0],]]
[27842,14,30,[[27841,0],[27843,0],[28098,0],[27586,0],]]
[27843,14,30,[[27844,0],[27842,0],[28099,0],[28098,0],[27587,0],]]
[27844,7,30,[[27843,0],[27845,0],[28100,0],[27588,0],]]
[27845,13,30,[[27846,0],[27844,0],[28101,0],[28100,0],[27589,0],]]
[27846,11,30,[[27845,0],[27847,0],[28102,0],[27590,0],]]
[27847,9,30,[[27848,0],[27846,0],[28103,0],[28102,0],[27591,0],]]
[27848,5,30,[[27847,0],[27849,0],[28104,0],[27592,0],]]
[27849,5,30,[[27850,0],[27848,0],[28105,0],[28104,0],[27593,0],]]
[27850,2,30,[[27849,0],[27851,0],[28106,0],[27594,0],]]
[27851,18,30,[[27852,0],[27850,0],[28107,0],[28106,0],[27595,0],]]
[27852,15,30,[[27851,0],[27853,0],[28108,0],[27596,0],]]
[27853,15,30,[[27854,0],[27852,0],[28109,0],[28108,0],[27597,0],]]
[27854,9,30,[[27853,0],[27855,0],[28110,0],[27598,0],]]
[27855,11,30,[[27856,0],[27854,0],[28111,0],[28110,0],[27599,0],]]
[27856,19,30,[[27855,0],[27857,0],[28112,0],[27600,0],]]
[27857,15,30,[[27858,0],[27856,0],[28113,0],[28112,0],[27601,0],]]
[27858,9,30,[[27857,0],[27859,0],[28114,0],[27602,0],]]
[27859,8,30,[[27860,0],[27858,0],[28115,0],[28114,0],[27603,0],]]
[27860,1,30,[[27859,0],[27861,0],[28116,0],[27604,0],]]
[27861,3,30,[[27862,0],[27860,0],[28117,0],[28116,0],[27605,0],]]
[27862,12,30,[[27861,0],[27863,0],[28118,0],[27606,0],]]
[27863,6,30,[[27864,0],[27862,0],[28119,0],[28118,0],[27607,0],]]
[27864,17,30,[[27863,0],[27865,0],[28120,0],[27608,0],]]
[27865,12,30,[[27866,0],[27864,0],[28121,0],[28120,0],[27609,0],]]
[27866,11,30,[[27865,0],[27867,0],[28122,0],[27610,0],]]
[27867,14,30,[[27868,0],[27866,0],[28123,0],[28122,0],[27611,0],]]
[27868,17,30,[[27867,0],[27869,0],[28124,0],[27612,0],]]
[27869,12,30,[[27870,0],[27868,0],[28125,0],[28124,0],[27613,0],]]
[27870,16,30,[[27869,0],[27871,0],[28126,0],[27614,0],]]
[27871,9,30,[[27872,0],[27870,0],[28127,0],[28126,0],[27615,0],]]
[27872,18,31,[[27871,0],[27873,0],[28128,0],[27616,0],]]
[27873,2,31,[[27874,0],[27872,0],[28129,0],[28128,0],[27617,0],]]
[27874,10,31,[[27873,0],[27875,0],[28130,0],[27618,0],]]
[27875,6,31,[[27876,0],[27874,0],[28131,0],[28130,0],[27619,0],]]
[27876,9,31,[[27875,0],[27877,0],[28132,0],[27620,0],]]
[27877,5,31,[[27878,0],[27876,0],[28133,0],[28132,0],[27621,0],]]
[27878,14,31,[[27877,0],[27879,0],[28134,0],[27622,0],]]
[27879,18,31,[[27880,0],[27878,0],[28135,0],[28134,0],[27623,0],]]
[27880,4,31,[[27879,0],[27881,0],[28136,0],[27624,0],]]
[27881,2,31,[[27882,0],[27880,0],[28137,0],[28136,0],[27625,0],]]
[27882,11,31,[[27881,0],[27883,0],[28138,0],[27626,0],]]
[27883,16,31,[[27884,0],[27882,0],[28139,0],[28138,0],[27627,0],]]
[27884,6,31,[[27883,0],[27885,0],[28140,0],[27628,0],]]
[27885,16,31,[[27886,0],[27884,0],[28141,0],[28140,0],[27629,0],]]
[27886,2,31,[[27885,0],[27887,0],[28142,0],[27630,0],]]
[27887,19,31,[[27888,0],[27886,0],[28143,0],[28142,0],[27631,0],]]
[27888,9,31,[[27887,0],[27889,0],[28144,0],[27632,0],]]
[27889,2,31,[[27890,0],[27888,0],[28145,0],[28144,0],[27633,0],]]
[27890,13,31,[[27889,0],[27891,0],[28146,0],[27634,0],]]
[27891,10,31,[[27892,0],[27890,0],[28147,0],[28146,0],[27635,0],]]
[27892,8,31,[[27891,0],[27893,0],[28148,0],[27636,0],]]
[27893,13,31,[[27894,0],[27892,0],[28149,0],[28148,0],[27637,0],]]
[27894,15,31,[[27893,0],[27895,0],[28150,0],[27638,0],]]
[27895,12,31,[[27896,0],[27894,0],[28151,0],[28150,0],[27639,0],]]
[27896,2,31,[[27895,0],[27897,0],[28152,0],[27640,0],]]
[27897,6,31,[[27898,0],[27896,0],[28153,0],[28152,0],[27641,0],]]
[27898,16,31,[[27897,0],[27899,0],[28154,0],[27642,0],]]
[27899,12,31,[[27900,0],[27898,0],[28155,0],[28154,0],[27643,0],]]
[27900,1,31,[[27899,0],[27901,0],[28156,0],[27644,0],]]
[27901,1,31,[[27902,0],[27900,0],[28157,0],[28156,0],[27645,0],]]
[27902,14,31,[[27901,0],[27903,0],[28158,0],[27646,0],]]
[27903,14,31,[[27902,0],[28159,0],[28158,0],[27647,0],]]
[27904,17,24,[[27905,0],[27648,0],[27649,0],[28160,0],]]
[27905,3,24,[[27906,0],[27904,0],[27649,0],[28161,0],]]
[27906,8,24,[[27905,0],[27907,0],[27650,0],[27651,0],[28162,0],]]
[27907,8,24,[[27908,0],[27906,0],[27651,0],[28163,0],]]
[27908,16,24,[[27907,0],[27909,0],[27652,0],[27653,0],[28164,0],]]
[27909,15,24,[[27910,0],[27908,0],[27653,0],[28165,0],]]
[27910,11,24,[[27909,0],[27911,0],[27654,0],[27655,0],[28166,0],]]
[27911,17,24,[[27912,0],[27910,0],[27655,0],[28167,0],]]
[27912,18,24,[[27911,0],[27913,0],[27656,0],[27657,0],[28168,0],]]
[27913,16,24,[[27914,0],[27912,0],[27657,0],[28169,0],]]
[27914,8,24,[[27913,0],[27915,0],[27658,0],[27659,0],[28170,0],]]
[27915,5,24,[[27916,0],[27914,0],[27659,0],[28171,0],]]
[27916,2,24,[[27915,0],[27917,0],[27660,0],[27661,0],[28172,0],]]
[27917,16,24,[[27918,0],[27916,0],[27661,0],[28173,0],]]
[27918,3,24,[[27917,0],[27919,0],[27662,0],[27663,0],[28174,0],]]
[27919,2,24,[[27920,0],[27918,0],[27663,0],[28175,0],]]
[27920,16,24,[[27919,0],[27921,0],[27664,0],[27665,0],[28176,0],]]
[27921,12,24,[[27922,0],[27920,0],[27665,0],[28177,0],]]
[27922,6,24,[[27921,0],[27923,0],[27666,0],[27667,0],[28178,0],]]
[27923,12,24,[[27924,0],[27922,0],[27667,0],[28179,0],]]
[27924,15,24,[[27923,0],[27925,0],[27668,0],[27669,0],[28180,0],]]
[27925,19,24,[[27926,0],[27924,0],[27669,0],[28181,0],]]
[27926,14,24,[[27925,0],[27927,0],[27670,0],[27671,0],[28182,0],]]
[27927,14,24,[[27928,0],[27926,0],[27671,0],[28183,0],]]
[27928,12,24,[[27927,0],[27929,0],[27672,0],[27673,0],[28184,0],]]
[27929,17,24,[[27930,0],[27928,0],[27673,0],[28185,0],]]
[27930,10,24,[[27929,0],[27931,0],[27674,0],[27675,0],[28186,0],]]
[27931,8,24,[[27932,0],[27930,0],[27675,0],[28187,0],]]
[27932,12,24,[[27931,0],[27933,0],[27676,0],[27677,0],[28188,0],]]
[27933,17,24,[[27934,0],[27932,0],[27677,0],[28189,0],]]
[27934,12,24,[[27933,0],[27935,0],[27678,0],[27679,0],[28190,0],]]
[27935,8,24,[[27936,0],[27934,0],[27679,0],[28191,0],]]
[27936,4,25,[[27935,0],[27937,0],[27680,0],[27681,0],[28192,0],]]
[27937,2,25,[[27938,0],[27936,0],[27681,0],[28193,0],]]
[27938,3,25,[[27937,0],[27939,0],[27682,0],[27683,0],[28194,0],]]
[27939,16,25,[[27940,0],[27938,0],[27683,0],[28195,0],]]
[27940,19,25,[[27939,0],[27941,0],[27684,0],[27685,0],[28196,0],]]
[27941,11,25,[[27942,0],[27940,0],[27685,0],[28197,0],]]
[27942,10,25,[[27941,0],[27943,0],[27686,0],[27687,0],[28198,0],]]
[27943,11,25,[[27944,0],[27942,0],[27687,0],[28199,0],]]
[27944,16,25,[[27943,0],[27945,0],[27688,0],[27689,0],[28200,0],]]
[27945,17,25,[[27946,0],[27944,0],[27689,0],[28201,0],]]
[27946,11,25,[[27945,0],[27947,0],[27690,0],[27691,0],[28202,0],]]
[27947,19,25,[[27948,0],[27946,0],[27691,0],[28203,0],]]
[27948,8,25,[[27947,0],[27949,0],[27692,0],[27693,0],[28204,0],]]
[27949,15,25,[[27950,0],[27948,0],[27693,0],[28205,0],]]
[27950,16,25,[[27949,0],[27951,0],[27694,0],[27695,0],[28206,0],]]
[27951,1,25,[[27952,0],[27950,0],[27695,0],[28207,0],]]
[27952,4,25,[[27951,0],[27953,0],[27696,0],[27697,0],[28208,0],]]
[27953,11,25,[[27954,0],[27952,0],[27697,0],[28209,0],]]
[27954,5,25,[[27953,0],[27955,0],[27698,0],[27699,0],[28210,0],]]
[27955,4,25,[[27956,0],[27954,0],[27699,0],[28211,0],]]
[27956,6,25,[[27955,0],[27957,0],[27700,0],[27701,0],[28212,0],]]
[27957,11,25,[[27958,0],[27956,0],[27701,0],[28213,0],]]
[27958,13,25,[[27957,0],[27959,0],[27702,0],[27703,0],[28214,0],]]
[27959,16,25,[[27960,0],[27958,0],[27703,0],[28215,0],]]
[27960,9,25,[[27959,0],[27961,0],[27704,0],[27705,0],[28216,0],]]
[27961,17,25,[[27962,0],[27960,0],[27705,0],[28217,0],]]
[27962,17,25,[[27961,0],[27963,0],[27706,0],[27707,0],[28218,0],]]
[27963,8,25,[[27964,0],[27962,0],[27707,0],[28219,0],]]
[27964,18,25,[[27963,0],[27965,0],[27708,0],[27709,0],[28220,0],]]
[27965,17,25,[[27966,0],[27964,0],[27709,0],[28221,0],]]
[27966,10,25,[[27965,0],[27967,0],[27710,0],[27711,0],[28222,0],]]
[27967,16,25,[[27968,0],[27966,0],[27711,0],[28223,0],]]
[27968,11,26,[[27967,0],[27969,0],[27712,0],[27713,0],[28224,0],]]
[27969,6,26,[[27970,0],[27968,0],[27713,0],[28225,0],]]
[27970,14,26,[[27969,0],[27971,0],[27714,0],[27715,0],[28226,0],]]
[27971,4,26,[[27972,0],[27970,0],[27715,0],[28227,0],]]
[27972,19,26,[[27971,0],[27973,0],[27716,0],[27717,0],[28228,0],]]
[27973,7,26,[[27974,0],[27972,0],[27717,0],[28229,0],]]
[27974,3,26,[[27973,0],[27975,0],[27718,0],[27719,0],[28230,0],]]
[27975,3,26,[[27976,0],[27974,0],[27719,0],[28231,0],]]
[27976,15,26,[[27975,0],[27977,0],[27720,0],[27721,0],[28232,0],]]
[27977,6,26,[[27978,0],[27976,0],[27721,0],[28233,0],]]
[27978,8,26,[[27977,0],[27979,0],[27722,0],[27723,0],[28234,0],]]
[27979,10,26,[[27980,0],[27978,0],[27723,0],[28235,0],]]
[27980,9,26,[[27979,0],[27981,0],[27724,0],[27725,0],[28236,0],]]
[27981,11,26,[[27982,0],[27980,0],[27725,0],[28237,0],]]
[27982,10,26,[[27981,0],[27983,0],[27726,0],[27727,0],[28238,0],]]
[27983,1,26,[[27984,0],[27982,0],[27727,0],[28239,0],]]
[27984,15,26,[[27983,0],[27985,0],[27728,0],[27729,0],[28240,0],]]
[27985,19,26,[[27986,0],[27984,0],[27729,0],[28241,0],]]
[27986,15,26,[[27985,0],[27987,0],[27730,0],[27731,0],[28242,0],]]
[27987,5,26,[[27988,0],[27986,0],[27731,0],[28243,0],]]
[27988,12,26,[[27987,0],[27989,0],[27732,0],[27733,0],[28244,0],]]
[27989,4,26,[[27990,0],[27988,0],[27733,0],[28245,0],]]
[27990,4,26,[[27989,0],[27991,0],[27734,0],[27735,0],[28246,0],]]
[27991,2,26,[[27992,0],[27990,0],[27735,0],[28247,0],]]
[27992,13,26,[[27991,0],[27993,0],[27736,0],[27737,0],[28248,0],]]
[27993,5,26,[[27994,0],[27992,0],[27737,0],[28249,0],]]
[27994,4,26,[[27993,0],[27995,0],[27738,0],[27739,0],[28250,0],]]
[27995,1,26,[[27996,0],[27994,0],[27739,0],[28251,0],]]
[27996,8,26,[[27995,0],[27997,0],[27740,0],[27741,0],[28252,0],]]
[27997,14,26,[[27998,0],[27996,0],[27741,0],[28253,0],]]
[27998,4,26,[[27997,0],[27999,0],[27742,0],[27743,0],[28254,0],]]
[27999,18,26,[[28000,0],[27998,0],[27743,0],[28255,0],]]
[28000,19,27,[[27999,0],[28001,0],[27744,0],[27745,0],[28256,0],]]
[28001,4,27,[[28002,0],[28000,0],[27745,0],[28257,0],]]
[28002,3,27,[[28001,0],[28003,0],[27746,0],[27747,0],[28258,0],]]
[28003,13,27,[[28004,0],[28002,0],[27747,0],[28259,0],]]
[28004,1,27,[[28003,0],[28005,0],[27748,0],[27749,0],[28260,0],]]
[28005,4,27,[[28006,0],[28004,0],[27749,0],[28261,0],]]
[28006,2,27,[[28005,0],[28007,0],[27750,0],[27751,0],[28262,0],]]
[28007,6,27,[[28008,0],[28006,0],[27751,0],[28263,0],]]
[28008,1,27,[[28007,0],[28009,0],[27752,0],[27753,0],[28264,0],]]
[28009,2,27,[[28010,0],[28008,0],[27753,0],[28265,0],]]
[28010,11,27,[[28009,0],[28011,0],[27754,0],[27755,0],[28266,0],]]
[28011,3,27,[[28012,0],[28010,0],[27755,0],[28267,0],]]
[28012,3,27,[[28011,0],[28013,0],[27756,0],[27757,0],[28268,0],]]
[28013,4,27,[[28014,0],[28012,0],[27757,0],[28269,0],]]
[28014,12,27,[[28013,0],[28015,0],[27758,0],[27759,0],[28270,0],]]
[28015,11,27,[[28016,0],[28014,0],[27759,0],[28271,0],]]
[28016,8,27,[[28015,0],[28017,0],[27760,0],[27761,0],[28272,0],]]
[28017,6,27,[[28018,0],[28016,0],[27761,0],[28273,0],]]
[28018,18,27,[[28017,0],[28019,0],[27762,0],[27763,0],[28274,0],]]
[28019,19,27,[[28020,0],[28018,0],[27763,0],[28275,0],]]
[28020,4,27,[[28019,0],[28021,0],[27764,0],[27765,0],[28276,0],]]
[28021,1,27,[[28022,0],[28020,0],[27765,0],[28277,0],]]
[28022,10,27,[[28021,0],[28023,0],[27766,0],[27767,0],[28278,0],]]
[28023,15,27,[[28024,0],[28022,0],[27767,0],[28279,0],]]
[28024,9,27,[[28023,0],[28025,0],[27768,0],[27769,0],[28280,0],]]
[28025,6,27,[[28026,0],[28024,0],[27769,0],[28281,0],]]
[28026,2,27,[[28025,0],[28027,0],[27770,0],[27771,0],[28282,0],]]
[28027,15,27,[[28028,0],[28026,0],[27771,0],[28283,0],]]
[28028,19,27,[[28027,0],[28029,0],[27772,0],[27773,0],[28284,0],]]
[28029,5,27,[[28030,0],[28028,0],[27773,0],[28285,0],]]
[28030,14,27,[[28029,0],[28031,0],[27774,0],[27775,0],[28286,0],]]
[28031,10,27,[[28032,0],[28030,0],[27775,0],[28287,0],]]
[28032,3,28,[[28031,0],[28033,0],[27776,0],[27777,0],[28288,0],]]
[28033,15,28,[[28034,0],[28032,0],[27777,0],[28289,0],]]
[28034,11,28,[[28033,0],[28035,0],[27778,0],[27779,0],[28290,0],]]
[28035,2,28,[[28036,0],[28034,0],[27779,0],[28291,0],]]
[28036,17,28,[[28035,0],[28037,0],[27780,0],[27781,0],[28292,0],]]
[28037,9,28,[[28038,0],[28036,0],[27781,0],[28293,0],]]
[28038,9,28,[[28037,0],[28039,0],[27782,0],[27783,0],[28294,0],]]
[28039,11,28,[[28040,0],[28038,0],[27783,0],[28295,0],]]
[28040,14,28,[[28039,0],[28041,0],[27784,0],[27785,0],[28296,0],]]
[28041,8,28,[[28042,0],[28040,0],[27785,0],[28297,0],]]
[28042,14,28,[[28041,0],[28043,0],[27786,0],[27787,0],[28298,0],]]
[28043,15,28,[[28044,0],[28042,0],[27787,0],[28299,0],]]
[28044,6,28,[[28043,0],[28045,0],[27788,0],[27789,0],[28300,0],]]
[28045,15,28,[[28046,0],[28044,0],[27789,0],[28301,0],]]
[28046,17,28,[[28045,0],[28047,0],[27790,0],[27791,0],[28302,0],]]
[28047,17,28,[[28048,0],[28046,0],[27791,0],[28303,0],]]
[28048,18,28,[[28047,0],[28049,0],[27792,0],[27793,0],[28304,0],]]
[28049,14,28,[[28050,0],[28048,0],[27793,0],[28305,0],]]
[28050,7,28,[[28049,0],[28051,0],[27794,0],[27795,0],[28306,0],]]
[28051,12,28,[[28052,0],[28050,0],[27795,0],[28307,0],]]
[28052,19,28,[[28051,0],[28053,0],[27796,0],[27797,0],[28308,0],]]
[28053,7,28,[[28054,0],[28052,0],[27797,0],[28309,0],]]
[28054,14,28,[[28053,0],[28055,0],[27798,0],[27799,0],[28310,0],]]
[28055,8,28,[[28056,0],[28054,0],[27799,0],[28311,0],]]
[28056,18,28,[[28055,0],[28057,0],[27800,0],[27801,0],[28312,0],]]
[28057,5,28,[[28058,0],[28056,0],[27801,0],[28313,0],]]
[28058,18,28,[[28057,0],[28059,0],[27802,0],[27803,0],[28314,0],]]
[28059,7,28,[[28060,0],[28058,0],[27803,0],[28315,0],]]
[28060,16,28,[[28059,0],[28061,0],[27804,0],[27805,0],[28316,0],]]
[28061,19,28,[[28062,0],[28060,0],[27805,0],[28317,0],]]
[28062,19,28,[[28061,0],[28063,0],[27806,0],[27807,0],[28318,0],]]
[28063,11,28,[[28064,0],[28062,0],[27807,0],[28319,0],]]
[28064,11,29,[[28063,0],[28065,0],[27808,0],[27809,0],[28320,0],]]
[28065,13,29,[[28066,0],[28064,0],[27809,0],[28321,0],]]
[28066,7,29,[[28065,0],[28067,0],[27810,0],[27811,0],[28322,0],]]
[28067,19,29,[[28068,0],[28066,0],[27811,0],[28323,0],]]
[28068,8,29,[[28067,0],[28069,0],[27812,0],[27813,0],[28324,0],]]
[28069,19,29,[[28070,0],[28068,0],[27813,0],[28325,0],]]
[28070,6,29,[[28069,0],[28071,0],[27814,0],[27815,0],[28326,0],]]
[28071,9,29,[[28072,0],[28070,0],[27815,0],[28327,0],]]
[28072,4,29,[[28071,0],[28073,0],[27816,0],[27817,0],[28328,0],]]
[28073,14,29,[[28074,0],[28072,0],[27817,0],[28329,0],]]
[28074,19,29,[[28073,0],[28075,0],[27818,0],[27819,0],[28330,0],]]
[28075,3,29,[[28076,0],[28074,0],[27819,0],[28331,0],]]
[28076,19,29,[[28075,0],[28077,0],[27820,0],[27821,0],[28332,0],]]
[28077,16,29,[[28078,0],[28076,0],[27821,0],[28333,0],]]
[28078,8,29,[[28077,0],[28079,0],[27822,0],[27823,0],[28334,0],]]
[28079,17,29,[[28080,0],[28078,0],[27823,0],[28335,0],]]
[28080,2,29,[[28079,0],[28081,0],[27824,0],[27825,0],[28336,0],]]
[28081,6,29,[[28082,0],[28080,0],[27825,0],[28337,0],]]
[28082,12,29,[[28081,0],[28083,0],[27826,0],[27827,0],[28338,0],]]
[28083,2,29,[[28084,0],[28082,0],[27827,0],[28339,0],]]
[28084,4,29,[[28083,0],[28085,0],[27828,0],[27829,0],[28340,0],]]
[28085,8,29,[[28086,0],[28084,0],[27829,0],[28341,0],]]
[28086,19,29,[[28085,0],[28087,0],[27830,0],[27831,0],[28342,0],]]
[28087,4,29,[[28088,0],[28086,0],[27831,0],[28343,0],]]
[28088,2,29,[[28087,0],[28089,0],[27832,0],[27833,0],[28344,0],]]
[28089,12,29,[[28090,0],[28088,0],[27833,0],[28345,0],]]
[28090,5,29,[[28089,0],[28091,0],[27834,0],[27835,0],[28346,0],]]
[28091,14,29,[[28092,0],[28090,0],[27835,0],[28347,0],]]
[28092,7,29,[[28091,0],[28093,0],[27836,0],[27837,0],[28348,0],]]
[28093,14,29,[[28094,0],[28092,0],[27837,0],[28349,0],]]
[28094,15,29,[[28093,0],[28095,0],[27838,0],[27839,0],[28350,0],]]
[28095,9,29,[[28096,0],[28094,0],[27839,0],[28351,0],]]
[28096,4,30,[[28095,0],[28097,0],[27840,0],[27841,0],[28352,0],]]
[28097,18,30,[[28098,0],[28096,0],[27841,0],[28353,0],]]
[28098,19,30,[[28097,0],[28099,0],[27842,0],[27843,0],[28354,0],]]
[28099,16,30,[[28100,0],[28098,0],[27843,0],[28355,0],]]
[28100,16,30,[[28099,0],[28101,0],[27844,0],[27845,0],[28356,0],]]
[28101,12,30,[[28102,0],[28100,0],[27845,0],[28357,0],]]
[28102,10,30,[[28101,0],[28103,0],[27846,0],[27847,0],[28358,0],]]
[28103,13,30,[[28104,0],[28102,0],[27847,0],[28359,0],]]
[28104,6,30,[[28103,0],[28105,0],[27848,0],[27849,0],[28360,0],]]
[28105,5,30,[[28106,0],[28104,0],[27849,0],[28361,0],]]
[28106,4,30,[[28105,0],[28107,0],[27850,0],[27851,0],[28362,0],]]
[28107,4,30,[[28108,0],[28106,0],[27851,0],[28363,0],]]
[28108,4,30,[[28107,0],[28109,0],[27852,0],[27853,0],[28364,0],]]
[28109,12,30,[[28110,0],[28108,0],[27853,0],[28365,0],]]
[28110,7,30,[[28109,0],[28111,0],[27854,0],[27855,0],[28366,0],]]
[28111,11,30,[[28112,0],[28110,0],[27855,0],[28367,0],]]
[28112,2,30,[[28111,0],[28113,0],[27856,0],[27857,0],[28368,0],]]
[28113,2,30,[[28114,0],[28112,0],[27857,0],[28369,0],]]
[28114,19,30,[[28113,0],[28115,0],[27858,0],[27859,0],[28370,0],]]
[28115,15,30,[[28116,0],[28114,0],[27859,0],[28371,0],]]
[28116,17,30,[[28115,0],[28117,0],[27860,0],[27861,0],[28372,0],]]
[28117,15,30,[[28118,0],[28116,0],[27861,0],[28373,0],]]
[28118,9,30,[[28117,0],[28119,0],[27862,0],[27863,0],[28374,0],]]
[28119,9,30,[[28120,0],[28118,0],[27863,0],[28375,0],]]
[28120,14,30,[[28119,0],[28121,0],[27864,0],[27865,0],[28376,0],]]
[28121,19,30,[[28122,0],[28120,0],[27865,0],[28377,0],]]
[28122,3,30,[[28121,0],[28123,0],[27866,0],[27867,0],[28378,0],]]
[28123,19,30,[[28124,0],[28122,0],[27867,0],[28379,0],]]
[28124,5,30,[[28123,0],[28125,0],[27868,0],[27869,0],[28380,0],]]
[28125,1,30,[[28126,0],[28124,0],[27869,0],[28381,0],]]
[28126,19,30,[[28125,0],[28127,0],[27870,0],[27871,0],[28382,0],]]
[28127,14,30,[[28128,0],[28126,0],[27871,0],[28383,0],]]
[28128,12,31,[[28127,0],[28129,0],[27872,0],[27873,0],[28384,0],]]
[28129,8,31,[[28130,0],[28128,0],[27873,0],[28385,0],]]
[28130,9,31,[[28129,0],[28131,0],[27874,0],[27875,0],[28386,0],]]
[28131,18,31,[[28132,0],[28130,0],[27875,0],[28387,0],]]
[28132,12,31,[[28131,0],[28133,0],[27876,0],[27877,0],[28388,0],]]
[28133,10,31,[[28134,0],[28132,0],[27877,0],[28389,0],]]
[28134,9,31,[[28133,0],[28135,0],[27878,0],[27879,0],[28390,0],]]
[28135,7,31,[[28136,0],[28134,0],[27879,0],[28391,0],]]
[28136,2,31,[[28135,0],[28137,0],[27880,0],[27881,0],[28392,0],]]
[28137,11,31,[[28138,0],[28136,0],[27881,0],[28393,0],]]
[28138,1,31,[[28137,0],[28139,0],[27882,0],[27883,0],[28394,0],]]
[28139,8,31,[[28140,0],[28138,0],[27883,0],[28395,0],]]
[28140,18,31,[[28139,0],[28141,0],[27884,0],[27885,0],[28396,0],]]
[28141,11,31,[[28142,0],[28140,0],[27885,0],[28397,0],]]
[28142,11,31,[[28141,0],[28143,0],[27886,0],[27887,0],[28398,0],]]
[28143,19,31,[[28144,0],[28142,0],[27887,0],[28399,0],]]
[28144,14,31,[[28143,0],[28145,0],[27888,0],[27889,0],[28400,0],]]
[28145,12,31,[[28146,0],[28144,0],[27889,0],[28401,0],]]
[28146,6,31,[[28145,0],[28147,0],[27890,0],[27891,0],[28402,0],]]
[28147,7,31,[[28148,0],[28146,0],[27891,0],[28403,0],]]
[28148,4,31,[[28147,0],[28149,0],[27892,0],[27893,0],[28404,0],]]
[28149,7,31,[[28150,0],[28148,0],[27893,0],[28405,0],]]
[28150,6,31,[[28149,0],[28151,0],[27894,0],[27895,0],[28406,0],]]
[28151,8,31,[[28152,0],[28150,0],[27895,0],[28407,0],]]
[28152,17,31,[[28151,0],[28153,0],[27896,0],[27897,0],[28408,0],]]
[28153,13,31,[[28154,0],[28152,0],[27897,0],[28409,0],]]
[28154,4,31,[[28153,0],[28155,0],[27898,0],[27899,0],[28410,0],]]
[28155,1,31,[[28156,0],[28154,0],[27899,0],[28411,0],]]
[28156,18,31,[[28155,0],[28157,0],[27900,0],[27901,0],[28412,0],]]
[28157,12,31,[[28158,0],[28156,0],[27901,0],[28413,0],]]
[28158,2,31,[[28157,0],[28159,0],[27902,0],[27903,0],[28414,0],]]
[28159,6,31,[[28158,0],[27903,0],[28415,0],]]
[28160,7,24,[[28161,0],[28416,0],[27904,0],]]
[28161,1,24,[[28162,0],[28160,0],[28417,0],[28416,0],[27905,0],]]
[28162,6,24,[[28161,0],[28163,0],[28418,0],[27906,0],]]
[28163,17,24,[[28164,0],[28162,0],[28419,0],[28418,0],[27907,0],]]
[28164,6,24,[[28163,0],[28165,0],[28420,0],[27908,0],]]
[28165,1,24,[[28166,0],[28164,0],[28421,0],[28420,0],[27909,0],]]
[28166,5,24,[[28165,0],[28167,0],[28422,0],[27910,0],]]
[28167,13,24,[[28168,0],[28166,0],[28423,0],[28422,0],[27911,0],]]
[28168,10,24,[[28167,0],[28169,0],[28424,0],[27912,0],]]
[28169,3,24,[[28170,0],[28168,0],[28425,0],[28424,0],[27913,0],]]
[28170,15,24,[[28169,0],[28171,0],[28426,0],[27914,0],]]
[28171,7,24,[[28172,0],[28170,0],[28427,0],[28426,0],[27915,0],]]
[28172,5,24,[[28171,0],[28173,0],[28428,0],[27916,0],]]
[28173,3,24,[[28174,0],[28172,0],[28429,0],[28428,0],[27917,0],]]
[28174,10,24,[[28173,0],[28175,0],[28430,0],[27918,0],]]
[28175,17,24,[[28176,0],[28174,0],[28431,0],[28430,0],[27919,0],]]
[28176,3,24,[[28175,0],[28177,0],[28432,0],[27920,0],]]
[28177,14,24,[[28178,0],[28176,0],[28433,0],[28432,0],[27921,0],]]
[28178,5,24,[[28177,0],[28179,0],[28434,0],[27922,0],]]
[28179,19,24,[[28180,0],[28178,0],[28435,0],[28434,0],[27923,0],]]
