[30146,5,30,[[30145,0],[30147,0],[29890,0],[29891,0],[30402,0],]]
[30147,9,30,[[30148,0],[30146,0],[29891,0],[30403,0],]]
[30148,18,30,[[30147,0],[30149,0],[29892,0],[29893,0],[30404,0],]]
[30149,17,30,[[30150,0],[30148,0],[29893,0],[30405,0],]]
[30150,13,30,[[30149,0],[30151,0],[29894,0],[29895,0],[30406,0],]]
[30151,8,30,[[30152,0],[30150,0],[29895,0],[30407,0],]]
[30152,2,30,[[30151,0],[30153,0],[29896,0],[29897,0],[30408,0],]]
[30153,13,30,[[30154,0],[30152,0],[29897,0],[30409,0],]]
[30154,12,30,[[30153,0],[30155,0],[29898,0],[29899,0],[30410,0],]]
[30155,17,30,[[30156,0],[30154,0],[29899,0],[30411,0],]]
[30156,13,30,[[30155,0],[30157,0],[29900,0],[29901,0],[30412,0],]]
[30157,13,30,[[30158,0],[30156,0],[29901,0],[30413,0],]]
[30158,7,30,[[30157,0],[30159,0],[29902,0],[29903,0],[30414,0],]]
[30159,19,30,[[30160,0],[30158,0],[29903,0],[30415,0],]]
[30160,1,30,[[30159,0],[30161,0],[29904,0],[29905,0],[30416,0],]]
[30161,4,30,[[30162,0],[30160,0],[29905,0],[30417,0],]]
[30162,19,30,[[30161,0],[30163,0],[29906,0],[29907,0],[30418,0],]]
[30163,15,30,[[30164,0],[30162,0],[29907,0],[30419,0],]]
[30164,17,30,[[30163,0],[30165,0],[29908,0],[29909,0],[30420,0],]]
[30165,6,30,[[30166,0],[30164,0],[29909,0],[30421,0],]]
[30166,10,30,[[30165,0],[30167,0],[29910,0],[29911,0],[30422,0],]]
[30167,3,30,[[30168,0],[30166,0],[29911,0],[30423,0],]]
[30168,14,30,[[30167,0],[30169,0],[29912,0],[29913,0],[30424,0],]]
[30169,15,30,[[30170,0],[30168,0],[29913,0],[30425,0],]]
[30170,19,30,[[30169,0],[30171,0],[29914,0],[29915,0],[30426,0],]]
[30171,11,30,[[30172,0],[30170,0],[29915,0],[30427,0],]]
[30172,2,30,[[30171,0],[30173,0],[29916,0],[29917,0],[30428,0],]]
[30173,2,30,[[30174,0],[30172,0],[29917,0],[30429,0],]]
[30174,10,30,[[30173,0],[30175,0],[29918,0],[29919,0],[30430,0],]]
[30175,3,30,[[30176,0],[30174,0],[29919,0],[30431,0],]]
[30176,10,31,[[30175,0],[30177,0],[29920,0],[29921,0],[30432,0],]]
[30177,2,31,[[30178,0],[30176,0],[29921,0],[30433,0],]]
[30178,19,31,[[30177,0],[30179,0],[29922,0],[29923,0],[30434,0],]]
[30179,19,31,[[30180,0],[30178,0],[29923,0],[30435,0],]]
[30180,7,31,[[30179,0],[30181,0],[29924,0],[29925,0],[30436,0],]]
[30181,5,31,[[30182,0],[30180,0],[29925,0],[30437,0],]]
[30182,18,31,[[30181,0],[30183,0],[29926,0],[29927,0],[30438,0],]]
[30183,16,31,[[30184,0],[30182,0],[29927,0],[30439,0],]]
[30184,11,31,[[30183,0],[30185,0],[29928,0],[29929,0],[30440,0],]]
[30185,14,31,[[30186,0],[30184,0],[29929,0],[30441,0],]]
[30186,2,31,[[30185,0],[30187,0],[29930,0],[29931,0],[30442,0],]]
[30187,18,31,[[30188,0],[30186,0],[29931,0],[30443,0],]]
[30188,3,31,[[30187,0],[30189,0],[29932,0],[29933,0],[30444,0],]]
[30189,1,31,[[30190,0],[30188,0],[29933,0],[30445,0],]]
[30190,16,31,[[30189,0],[30191,0],[29934,0],[29935,0],[30446,0],]]
[30191,10,31,[[30192,0],[30190,0],[29935,0],[30447,0],]]
[30192,4,31,[[30191,0],[30193,0],[29936,0],[29937,0],[30448,0],]]
[30193,2,31,[[30194,0],[30192,0],[29937,0],[30449,0],]]
[30194,2,31,[[30193,0],[30195,0],[29938,0],[29939,0],[30450,0],]]
[30195,7,31,[[30196,0],[30194,0],[29939,0],[30451,0],]]
[30196,16,31,[[30195,0],[30197,0],[29940,0],[29941,0],[30452,0],]]
[30197,17,31,[[30198,0],[30196,0],[29941,0],[30453,0],]]
[30198,6,31,[[30197,0],[30199,0],[29942,0],[29943,0],[30454,0],]]
[30199,7,31,[[30200,0],[30198,0],[29943,0],[30455,0],]]
[30200,13,31,[[30199,0],[30201,0],[29944,0],[29945,0],[30456,0],]]
[30201,1,31,[[30202,0],[30200,0],[29945,0],[30457,0],]]
[30202,5,31,[[30201,0],[30203,0],[29946,0],[29947,0],[30458,0],]]
[30203,2,31,[[30204,0],[30202,0],[29947,0],[30459,0],]]
[30204,14,31,[[30203,0],[30205,0],[29948,0],[29949,0],[30460,0],]]
[30205,6,31,[[30206,0],[30204,0],[29949,0],[30461,0],]]
[30206,6,31,[[30205,0],[30207,0],[29950,0],[29951,0],[30462,0],]]
[30207,19,31,[[30206,0],[29951,0],[30463,0],]]
[30208,14,24,[[30209,0],[30464,0],[29952,0],]]
[30209,4,24,[[30210,0],[30208,0],[30465,0],[30464,0],[29953,0],]]
[30210,1,24,[[30209,0],[30211,0],[30466,0],[29954,0],]]
[30211,18,24,[[30212,0],[30210,0],[30467,0],[30466,0],[29955,0],]]
[30212,17,24,[[30211,0],[30213,0],[30468,0],[29956,0],]]
[30213,16,24,[[30214,0],[30212,0],[30469,0],[30468,0],[29957,0],]]
[30214,9,24,[[30213,0],[30215,0],[30470,0],[29958,0],]]
[30215,2,24,[[30216,0],[30214,0],[30471,0],[30470,0],[29959,0],]]
[30216,1,24,[[30215,0],[30217,0],[30472,0],[29960,0],]]
[30217,3,24,[[30218,0],[30216,0],[30473,0],[30472,0],[29961,0],]]
[30218,12,24,[[30217,0],[30219,0],[30474,0],[29962,0],]]
[30219,11,24,[[30220,0],[30218,0],[30475,0],[30474,0],[29963,0],]]
[30220,17,24,[[30219,0],[30221,0],[30476,0],[29964,0],]]
[30221,19,24,[[30222,0],[30220,0],[30477,0],[30476,0],[29965,0],]]
[30222,19,24,[[30221,0],[30223,0],[30478,0],[29966,0],]]
[30223,11,24,[[30224,0],[30222,0],[30479,0],[30478,0],[29967,0],]]
[30224,15,24,[[30223,0],[30225,0],[30480,0],[29968,0],]]
[30225,8,24,[[30226,0],[30224,0],[30481,0],[30480,0],[29969,0],]]
[30226,12,24,[[30225,0],[30227,0],[30482,0],[29970,0],]]
[30227,14,24,[[30228,0],[30226,0],[30483,0],[30482,0],[29971,0],]]
[30228,3,24,[[30227,0],[30229,0],[30484,0],[29972,0],]]
[30229,5,24,[[30230,0],[30228,0],[30485,0],[30484,0],[29973,0],]]
[30230,9,24,[[30229,0],[30231,0],[30486,0],[29974,0],]]
[30231,5,24,[[30232,0],[30230,0],[30487,0],[30486,0],[29975,0],]]
[30232,11,24,[[30231,0],[30233,0],[30488,0],[29976,0],]]
[30233,11,24,[[30234,0],[30232,0],[30489,0],[30488,0],[29977,0],]]
[30234,4,24,[[30233,0],[30235,0],[30490,0],[29978,0],]]
[30235,2,24,[[30236,0],[30234,0],[30491,0],[30490,0],[29979,0],]]
[30236,10,24,[[30235,0],[30237,0],[30492,0],[29980,0],]]
[30237,1,24,[[30238,0],[30236,0],[30493,0],[30492,0],[29981,0],]]
[30238,19,24,[[30237,0],[30239,0],[30494,0],[29982,0],]]
[30239,16,24,[[30240,0],[30238,0],[30495,0],[30494,0],[29983,0],]]
[30240,9,25,[[30239,0],[30241,0],[30496,0],[29984,0],]]
[30241,14,25,[[30242,0],[30240,0],[30497,0],[30496,0],[29985,0],]]
[30242,4,25,[[30241,0],[30243,0],[30498,0],[29986,0],]]
[30243,12,25,[[30244,0],[30242,0],[30499,0],[30498,0],[29987,0],]]
[30244,19,25,[[30243,0],[30245,0],[30500,0],[29988,0],]]
[30245,1,25,[[30246,0],[30244,0],[30501,0],[30500,0],[29989,0],]]
[30246,13,25,[[30245,0],[30247,0],[30502,0],[29990,0],]]
[30247,16,25,[[30248,0],[30246,0],[30503,0],[30502,0],[29991,0],]]
[30248,16,25,[[30247,0],[30249,0],[30504,0],[29992,0],]]
[30249,2,25,[[30250,0],[30248,0],[30505,0],[30504,0],[29993,0],]]
[30250,2,25,[[30249,0],[30251,0],[30506,0],[29994,0],]]
[30251,15,25,[[30252,0],[30250,0],[30507,0],[30506,0],[29995,0],]]
[30252,16,25,[[30251,0],[30253,0],[30508,0],[29996,0],]]
[30253,11,25,[[30254,0],[30252,0],[30509,0],[30508,0],[29997,0],]]
[30254,8,25,[[30253,0],[30255,0],[30510,0],[29998,0],]]
[30255,5,25,[[30256,0],[30254,0],[30511,0],[30510,0],[29999,0],]]
[30256,15,25,[[30255,0],[30257,0],[30512,0],[30000,0],]]
[30257,4,25,[[30258,0],[30256,0],[30513,0],[30512,0],[30001,0],]]
[30258,13,25,[[30257,0],[30259,0],[30514,0],[30002,0],]]
[30259,18,25,[[30260,0],[30258,0],[30515,0],[30514,0],[30003,0],]]
[30260,19,25,[[30259,0],[30261,0],[30516,0],[30004,0],]]
[30261,7,25,[[30262,0],[30260,0],[30517,0],[30516,0],[30005,0],]]
[30262,5,25,[[30261,0],[30263,0],[30518,0],[30006,0],]]
[30263,4,25,[[30264,0],[30262,0],[30519,0],[30518,0],[30007,0],]]
[30264,3,25,[[30263,0],[30265,0],[30520,0],[30008,0],]]
[30265,6,25,[[30266,0],[30264,0],[30521,0],[30520,0],[30009,0],]]
[30266,19,25,[[30265,0],[30267,0],[30522,0],[30010,0],]]
[30267,13,25,[[30268,0],[30266,0],[30523,0],[30522,0],[30011,0],]]
[30268,1,25,[[30267,0],[30269,0],[30524,0],[30012,0],]]
[30269,2,25,[[30270,0],[30268,0],[30525,0],[30524,0],[30013,0],]]
[30270,2,25,[[30269,0],[30271,0],[30526,0],[30014,0],]]
[30271,13,25,[[30272,0],[30270,0],[30527,0],[30526,0],[30015,0],]]
[30272,6,26,[[30271,0],[30273,0],[30528,0],[30016,0],]]
[30273,18,26,[[30274,0],[30272,0],[30529,0],[30528,0],[30017,0],]]
[30274,18,26,[[30273,0],[30275,0],[30530,0],[30018,0],]]
[30275,11,26,[[30276,0],[30274,0],[30531,0],[30530,0],[30019,0],]]
[30276,5,26,[[30275,0],[30277,0],[30532,0],[30020,0],]]
[30277,12,26,[[30278,0],[30276,0],[30533,0],[30532,0],[30021,0],]]
[30278,16,26,[[30277,0],[30279,0],[30534,0],[30022,0],]]
[30279,4,26,[[30280,0],[30278,0],[30535,0],[30534,0],[30023,0],]]
[30280,5,26,[[30279,0],[30281,0],[30536,0],[30024,0],]]
[30281,9,26,[[30282,0],[30280,0],[30537,0],[30536,0],[30025,0],]]
[30282,15,26,[[30281,0],[30283,0],[30538,0],[30026,0],]]
[30283,17,26,[[30284,0],[30282,0],[30539,0],[30538,0],[30027,0],]]
[30284,19,26,[[30283,0],[30285,0],[30540,0],[30028,0],]]
[30285,5,26,[[30286,0],[30284,0],[30541,0],[30540,0],[30029,0],]]
[30286,16,26,[[30285,0],[30287,0],[30542,0],[30030,0],]]
[30287,19,26,[[30288,0],[30286,0],[30543,0],[30542,0],[30031,0],]]
[30288,19,26,[[30287,0],[30289,0],[30544,0],[30032,0],]]
[30289,6,26,[[30290,0],[30288,0],[30545,0],[30544,0],[30033,0],]]
[30290,3,26,[[30289,0],[30291,0],[30546,0],[30034,0],]]
[30291,2,26,[[30292,0],[30290,0],[30547,0],[30546,0],[30035,0],]]
[30292,4,26,[[30291,0],[30293,0],[30548,0],[30036,0],]]
[30293,13,26,[[30294,0],[30292,0],[30549,0],[30548,0],[30037,0],]]
[30294,19,26,[[30293,0],[30295,0],[30550,0],[30038,0],]]
[30295,5,26,[[30296,0],[30294,0],[30551,0],[30550,0],[30039,0],]]
[30296,2,26,[[30295,0],[30297,0],[30552,0],[30040,0],]]
[30297,2,26,[[30298,0],[30296,0],[30553,0],[30552,0],[30041,0],]]
[30298,12,26,[[30297,0],[30299,0],[30554,0],[30042,0],]]
[30299,7,26,[[30300,0],[30298,0],[30555,0],[30554,0],[30043,0],]]
[30300,7,26,[[30299,0],[30301,0],[30556,0],[30044,0],]]
[30301,1,26,[[30302,0],[30300,0],[30557,0],[30556,0],[30045,0],]]
[30302,14,26,[[30301,0],[30303,0],[30558,0],[30046,0],]]
[30303,18,26,[[30304,0],[30302,0],[30559,0],[30558,0],[30047,0],]]
[30304,6,27,[[30303,0],[30305,0],[30560,0],[30048,0],]]
[30305,10,27,[[30306,0],[30304,0],[30561,0],[30560,0],[30049,0],]]
[30306,8,27,[[30305,0],[30307,0],[30562,0],[30050,0],]]
[30307,3,27,[[30308,0],[30306,0],[30563,0],[30562,0],[30051,0],]]
[30308,14,27,[[30307,0],[30309,0],[30564,0],[30052,0],]]
[30309,7,27,[[30310,0],[30308,0],[30565,0],[30564,0],[30053,0],]]
[30310,4,27,[[30309,0],[30311,0],[30566,0],[30054,0],]]
[30311,6,27,[[30312,0],[30310,0],[30567,0],[30566,0],[30055,0],]]
[30312,9,27,[[30311,0],[30313,0],[30568,0],[30056,0],]]
[30313,2,27,[[30314,0],[30312,0],[30569,0],[30568,0],[30057,0],]]
[30314,3,27,[[30313,0],[30315,0],[30570,0],[30058,0],]]
[30315,12,27,[[30316,0],[30314,0],[30571,0],[30570,0],[30059,0],]]
[30316,19,27,[[30315,0],[30317,0],[30572,0],[30060,0],]]
[30317,9,27,[[30318,0],[30316,0],[30573,0],[30572,0],[30061,0],]]
[30318,11,27,[[30317,0],[30319,0],[30574,0],[30062,0],]]
[30319,5,27,[[30320,0],[30318,0],[30575,0],[30574,0],[30063,0],]]
[30320,2,27,[[30319,0],[30321,0],[30576,0],[30064,0],]]
[30321,6,27,[[30322,0],[30320,0],[30577,0],[30576,0],[30065,0],]]
[30322,13,27,[[30321,0],[30323,0],[30578,0],[30066,0],]]
[30323,2,27,[[30324,0],[30322,0],[30579,0],[30578,0],[30067,0],]]
[30324,11,27,[[30323,0],[30325,0],[30580,0],[30068,0],]]
[30325,18,27,[[30326,0],[30324,0],[30581,0],[30580,0],[30069,0],]]
[30326,19,27,[[30325,0],[30327,0],[30582,0],[30070,0],]]
[30327,19,27,[[30328,0],[30326,0],[30583,0],[30582,0],[30071,0],]]
[30328,3,27,[[30327,0],[30329,0],[30584,0],[30072,0],]]
[30329,7,27,[[30330,0],[30328,0],[30585,0],[30584,0],[30073,0],]]
[30330,2,27,[[30329,0],[30331,0],[30586,0],[30074,0],]]
[30331,18,27,[[30332,0],[30330,0],[30587,0],[30586,0],[30075,0],]]
[30332,6,27,[[30331,0],[30333,0],[30588,0],[30076,0],]]
[30333,2,27,[[30334,0],[30332,0],[30589,0],[30588,0],[30077,0],]]
[30334,16,27,[[30333,0],[30335,0],[30590,0],[30078,0],]]
[30335,13,27,[[30336,0],[30334,0],[30591,0],[30590,0],[30079,0],]]
[30336,19,28,[[30335,0],[30337,0],[30592,0],[30080,0],]]
[30337,16,28,[[30338,0],[30336,0],[30593,0],[30592,0],[30081,0],]]
[30338,15,28,[[30337,0],[30339,0],[30594,0],[30082,0],]]
[30339,12,28,[[30340,0],[30338,0],[30595,0],[30594,0],[30083,0],]]
[30340,2,28,[[30339,0],[30341,0],[30596,0],[30084,0],]]
[30341,5,28,[[30342,0],[30340,0],[30597,0],[30596,0],[30085,0],]]
[30342,4,28,[[30341,0],[30343,0],[30598,0],[30086,0],]]
[30343,6,28,[[30344,0],[30342,0],[30599,0],[30598,0],[30087,0],]]
[30344,19,28,[[30343,0],[30345,0],[30600,0],[30088,0],]]
[30345,15,28,[[30346,0],[30344,0],[30601,0],[30600,0],[30089,0],]]
[30346,6,28,[[30345,0],[30347,0],[30602,0],[30090,0],]]
[30347,8,28,[[30348,0],[30346,0],[30603,0],[30602,0],[30091,0],]]
[30348,9,28,[[30347,0],[30349,0],[30604,0],[30092,0],]]
[30349,6,28,[[30350,0],[30348,0],[30605,0],[30604,0],[30093,0],]]
[30350,8,28,[[30349,0],[30351,0],[30606,0],[30094,0],]]
[30351,3,28,[[30352,0],[30350,0],[30607,0],[30606,0],[30095,0],]]
[30352,16,28,[[30351,0],[30353,0],[30608,0],[30096,0],]]
[30353,16,28,[[30354,0],[30352,0],[30609,0],[30608,0],[30097,0],]]
[30354,1,28,[[30353,0],[30355,0],[30610,0],[30098,0],]]
[30355,4,28,[[30356,0],[30354,0],[30611,0],[30610,0],[30099,0],]]
[30356,13,28,[[30355,0],[30357,0],[30612,0],[30100,0],]]
[30357,8,28,[[30358,0],[30356,0],[30613,0],[30612,0],[30101,0],]]
[30358,6,28,[[30357,0],[30359,0],[30614,0],[30102,0],]]
[30359,8,28,[[30360,0],[30358,0],[30615,0],[30614,0],[30103,0],]]
[30360,17,28,[[30359,0],[30361,0],[30616,0],[30104,0],]]
[30361,17,28,[[30362,0],[30360,0],[30617,0],[30616,0],[30105,0],]]
[30362,1,28,[[30361,0],[30363,0],[30618,0],[30106,0],]]
[30363,10,28,[[30364,0],[30362,0],[30619,0],[30618,0],[30107,0],]]
[30364,7,28,[[30363,0],[30365,0],[30620,0],[30108,0],]]
[30365,8,28,[[30366,0],[30364,0],[30621,0],[30620,0],[30109,0],]]
[30366,7,28,[[30365,0],[30367,0],[30622,0],[30110,0],]]
[30367,19,28,[[30368,0],[30366,0],[30623,0],[30622,0],[30111,0],]]
[30368,1,29,[[30367,0],[30369,0],[30624,0],[30112,0],]]
[30369,17,29,[[30370,0],[30368,0],[30625,0],[30624,0],[30113,0],]]
[30370,19,29,[[30369,0],[30371,0],[30626,0],[30114,0],]]
[30371,7,29,[[30372,0],[30370,0],[30627,0],[30626,0],[30115,0],]]
[30372,11,29,[[30371,0],[30373,0],[30628,0],[30116,0],]]
[30373,11,29,[[30374,0],[30372,0],[30629,0],[30628,0],[30117,0],]]
[30374,6,29,[[30373,0],[30375,0],[30630,0],[30118,0],]]
[30375,13,29,[[30376,0],[30374,0],[30631,0],[30630,0],[30119,0],]]
[30376,2,29,[[30375,0],[30377,0],[30632,0],[30120,0],]]
[30377,4,29,[[30378,0],[30376,0],[30633,0],[30632,0],[30121,0],]]
[30378,16,29,[[30377,0],[30379,0],[30634,0],[30122,0],]]
[30379,4,29,[[30380,0],[30378,0],[30635,0],[30634,0],[30123,0],]]
[30380,1,29,[[30379,0],[30381,0],[30636,0],[30124,0],]]
[30381,6,29,[[30382,0],[30380,0],[30637,0],[30636,0],[30125,0],]]
[30382,14,29,[[30381,0],[30383,0],[30638,0],[30126,0],]]
[30383,12,29,[[30384,0],[30382,0],[30639,0],[30638,0],[30127,0],]]
[30384,15,29,[[30383,0],[30385,0],[30640,0],[30128,0],]]
[30385,18,29,[[30386,0],[30384,0],[30641,0],[30640,0],[30129,0],]]
[30386,4,29,[[30385,0],[30387,0],[30642,0],[30130,0],]]
[30387,6,29,[[30388,0],[30386,0],[30643,0],[30642,0],[30131,0],]]
[30388,10,29,[[30387,0],[30389,0],[30644,0],[30132,0],]]
[30389,16,29,[[30390,0],[30388,0],[30645,0],[30644,0],[30133,0],]]
[30390,7,29,[[30389,0],[30391,0],[30646,0],[30134,0],]]
[30391,6,29,[[30392,0],[30390,0],[30647,0],[30646,0],[30135,0],]]
[30392,18,29,[[30391,0],[30393,0],[30648,0],[30136,0],]]
[30393,1,29,[[30394,0],[30392,0],[30649,0],[30648,0],[30137,0],]]
[30394,3,29,[[30393,0],[30395,0],[30650,0],[30138,0],]]
[30395,6,29,[[30396,0],[30394,0],[30651,0],[30650,0],[30139,0],]]
[30396,5,29,[[30395,0],[30397,0],[30652,0],[30140,0],]]
[30397,11,29,[[30398,0],[30396,0],[30653,0],[30652,0],[30141,0],]]
[30398,17,29,[[30397,0],[30399,0],[30654,0],[30142,0],]]
[30399,10,29,[[30400,0],[30398,0],[30655,0],[30654,0],[30143,0],]]
[30400,4,30,[[30399,0],[30401,0],[30656,0],[30144,0],]]
[30401,3,30,[[30402,0],[30400,0],[30657,0],[30656,0],[30145,0],]]
[30402,10,30,[[30401,0],[30403,0],[30658,0],[30146,0],]]
[30403,15,30,[[30404,0],[30402,0],[30659,0],[30658,0],[30147,0],]]
[30404,6,30,[[30403,0],[30405,0],[30660,0],[30148,0],]]
[30405,17,30,[[30406,0],[30404,0],[30661,0],[30660,0],[30149,0],]]
[30406,14,30,[[30405,0],[30407,0],[30662,0],[30150,0],]]
[30407,13,30,[[30408,0],[30406,0],[30663,0],[30662,0],[30151,0],]]
[30408,3,30,[[30407,0],[30409,0],[30664,0],[30152,0],]]
[30409,18,30,[[30410,0],[30408,0],[30665,0],[30664,0],[30153,0],]]
[30410,10,30,[[30409,0],[30411,0],[30666,0],[30154,0],]]
[30411,8,30,[[30412,0],[30410,0],[30667,0],[30666,0],[30155,0],]]
[30412,11,30,[[30411,0],[30413,0],[30668,0],[30156,0],]]
[30413,19,30,[[30414,0],[30412,0],[30669,0],[30668,0],[30157,0],]]
[30414,14,30,[[30413,0],[30415,0],[30670,0],[30158,0],]]
[30415,13,30,[[30416,0],[30414,0],[30671,0],[30670,0],[30159,0],]]
[30416,7,30,[[30415,0],[30417,0],[30672,0],[30160,0],]]
[30417,10,30,[[30418,0],[30416,0],[30673,0],[30672,0],[30161,0],]]
[30418,5,30,[[30417,0],[30419,0],[30674,0],[30162,0],]]
[30419,7,30,[[30420,0],[30418,0],[30675,0],[30674,0],[30163,0],]]
[30420,17,30,[[30419,0],[30421,0],[30676,0],[30164,0],]]
[30421,19,30,[[30422,0],[30420,0],[30677,0],[30676,0],[30165,0],]]
[30422,5,30,[[30421,0],[30423,0],[30678,0],[30166,0],]]
[30423,3,30,[[30424,0],[30422,0],[30679,0],[30678,0],[30167,0],]]
[30424,14,30,[[30423,0],[30425,0],[30680,0],[30168,0],]]
[30425,2,30,[[30426,0],[30424,0],[30681,0],[30680,0],[30169,0],]]
[30426,2,30,[[30425,0],[30427,0],[30682,0],[30170,0],]]
[30427,2,30,[[30428,0],[30426,0],[30683,0],[30682,0],[30171,0],]]
[30428,1,30,[[30427,0],[30429,0],[30684,0],[30172,0],]]
[30429,9,30,[[30430,0],[30428,0],[30685,0],[30684,0],[30173,0],]]
[30430,3,30,[[30429,0],[30431,0],[30686,0],[30174,0],]]
[30431,18,30,[[30432,0],[30430,0],[30687,0],[30686,0],[30175,0],]]
[30432,14,31,[[30431,0],[30433,0],[30688,0],[30176,0],]]
[30433,6,31,[[30434,0],[30432,0],[30689,0],[30688,0],[30177,0],]]
[30434,12,31,[[30433,0],[30435,0],[30690,0],[30178,0],]]
[30435,12,31,[[30436,0],[30434,0],[30691,0],[30690,0],[30179,0],]]
[30436,2,31,[[30435,0],[30437,0],[30692,0],[30180,0],]]
[30437,18,31,[[30438,0],[30436,0],[30693,0],[30692,0],[30181,0],]]
[30438,14,31,[[30437,0],[30439,0],[30694,0],[30182,0],]]
[30439,18,31,[[30440,0],[30438,0],[30695,0],[30694,0],[30183,0],]]
[30440,14,31,[[30439,0],[30441,0],[30696,0],[30184,0],]]
[30441,12,31,[[30442,0],[30440,0],[30697,0],[30696,0],[30185,0],]]
[30442,15,31,[[30441,0],[30443,0],[30698,0],[30186,0],]]
[30443,11,31,[[30444,0],[30442,0],[30699,0],[30698,0],[30187,0],]]
[30444,1,31,[[30443,0],[30445,0],[30700,0],[30188,0],]]
[30445,14,31,[[30446,0],[30444,0],[30701,0],[30700,0],[30189,0],]]
[30446,10,31,[[30445,0],[30447,0],[30702,0],[30190,0],]]
[30447,10,31,[[30448,0],[30446,0],[30703,0],[30702,0],[30191,0],]]
[30448,8,31,[[30447,0],[30449,0],[30704,0],[30192,0],]]
[30449,13,31,[[30450,0],[30448,0],[30705,0],[30704,0],[30193,0],]]
[30450,18,31,[[30449,0],[30451,0],[30706,0],[30194,0],]]
[30451,7,31,[[30452,0],[30450,0],[30707,0],[30706,0],[30195,0],]]
[30452,15,31,[[30451,0],[30453,0],[30708,0],[30196,0],]]
[30453,19,31,[[30454,0],[30452,0],[30709,0],[30708,0],[30197,0],]]
[30454,19,31,[[30453,0],[30455,0],[30710,0],[30198,0],]]
[30455,11,31,[[30456,0],[30454,0],[30711,0],[30710,0],[30199,0],]]
[30456,16,31,[[30455,0],[30457,0],[30712,0],[30200,0],]]
[30457,19,31,[[30458,0],[30456,0],[30713,0],[30712,0],[30201,0],]]
[30458,11,31,[[30457,0],[30459,0],[30714,0],[30202,0],]]
[30459,1,31,[[30460,0],[30458,0],[30715,0],[30714,0],[30203,0],]]
[30460,8,31,[[30459,0],[30461,0],[30716,0],[30204,0],]]
[30461,13,31,[[30462,0],[30460,0],[30717,0],[30716,0],[30205,0],]]
[30462,11,31,[[30461,0],[30463,0],[30718,0],[30206,0],]]
[30463,7,31,[[30462,0],[30719,0],[30718,0],[30207,0],]]
[30464,16,24,[[30465,0],[30208,0],[30209,0],[30720,0],]]
[30465,11,24,[[30466,0],[30464,0],[30209,0],[30721,0],]]
[30466,2,24,[[30465,0],[30467,0],[30210,0],[30211,0],[30722,0],]]
[30467,13,24,[[30468,0],[30466,0],[30211,0],[30723,0],]]
[30468,8,24,[[30467,0],[30469,0],[30212,0],[30213,0],[30724,0],]]
[30469,7,24,[[30470,0],[30468,0],[30213,0],[30725,0],]]
[30470,10,24,[[30469,0],[30471,0],[30214,0],[30215,0],[30726,0],]]
[30471,15,24,[[30472,0],[30470,0],[30215,0],[30727,0],]]
[30472,12,24,[[30471,0],[30473,0],[30216,0],[30217,0],[30728,0],]]
[30473,18,24,[[30474,0],[30472,0],[30217,0],[30729,0],]]
[30474,5,24,[[30473,0],[30475,0],[30218,0],[30219,0],[30730,0],]]
[30475,13,24,[[30476,0],[30474,0],[30219,0],[30731,0],]]
[30476,13,24,[[30475,0],[30477,0],[30220,0],[30221,0],[30732,0],]]
[30477,11,24,[[30478,0],[30476,0],[30221,0],[30733,0],]]
[30478,14,24,[[30477,0],[30479,0],[30222,0],[30223,0],[30734,0],]]
[30479,4,24,[[30480,0],[30478,0],[30223,0],[30735,0],]]
[30480,1,24,[[30479,0],[30481,0],[30224,0],[30225,0],[30736,0],]]
[30481,4,24,[[30482,0],[30480,0],[30225,0],[30737,0],]]
[30482,19,24,[[30481,0],[30483,0],[30226,0],[30227,0],[30738,0],]]
[30483,7,24,[[30484,0],[30482,0],[30227,0],[30739,0],]]
[30484,12,24,[[30483,0],[30485,0],[30228,0],[30229,0],[30740,0],]]
[30485,13,24,[[30486,0],[30484,0],[30229,0],[30741,0],]]
[30486,12,24,[[30485,0],[30487,0],[30230,0],[30231,0],[30742,0],]]
[30487,11,24,[[30488,0],[30486,0],[30231,0],[30743,0],]]
[30488,4,24,[[30487,0],[30489,0],[30232,0],[30233,0],[30744,0],]]
[30489,6,24,[[30490,0],[30488,0],[30233,0],[30745,0],]]
[30490,9,24,[[30489,0],[30491,0],[30234,0],[30235,0],[30746,0],]]
[30491,2,24,[[30492,0],[30490,0],[30235,0],[30747,0],]]
[30492,17,24,[[30491,0],[30493,0],[30236,0],[30237,0],[30748,0],]]
[30493,7,24,[[30494,0],[30492,0],[30237,0],[30749,0],]]
[30494,5,24,[[30493,0],[30495,0],[30238,0],[30239,0],[30750,0],]]
[30495,1,24,[[30496,0],[30494,0],[30239,0],[30751,0],]]
[30496,16,25,[[30495,0],[30497,0],[30240,0],[30241,0],[30752,0],]]
[30497,10,25,[[30498,0],[30496,0],[30241,0],[30753,0],]]
[30498,2,25,[[30497,0],[30499,0],[30242,0],[30243,0],[30754,0],]]
[30499,16,25,[[30500,0],[30498,0],[30243,0],[30755,0],]]
[30500,10,25,[[30499,0],[30501,0],[30244,0],[30245,0],[30756,0],]]
[30501,17,25,[[30502,0],[30500,0],[30245,0],[30757,0],]]
[30502,12,25,[[30501,0],[30503,0],[30246,0],[30247,0],[30758,0],]]
[30503,12,25,[[30504,0],[30502,0],[30247,0],[30759,0],]]
[30504,8,25,[[30503,0],[30505,0],[30248,0],[30249,0],[30760,0],]]
[30505,6,25,[[30506,0],[30504,0],[30249,0],[30761,0],]]
[30506,10,25,[[30505,0],[30507,0],[30250,0],[30251,0],[30762,0],]]
[30507,19,25,[[30508,0],[30506,0],[30251,0],[30763,0],]]
[30508,12,25,[[30507,0],[30509,0],[30252,0],[30253,0],[30764,0],]]
[30509,13,25,[[30510,0],[30508,0],[30253,0],[30765,0],]]
[30510,15,25,[[30509,0],[30511,0],[30254,0],[30255,0],[30766,0],]]
[30511,2,25,[[30512,0],[30510,0],[30255,0],[30767,0],]]
[30512,9,25,[[30511,0],[30513,0],[30256,0],[30257,0],[30768,0],]]
[30513,9,25,[[30514,0],[30512,0],[30257,0],[30769,0],]]
[30514,16,25,[[30513,0],[30515,0],[30258,0],[30259,0],[30770,0],]]
[30515,3,25,[[30516,0],[30514,0],[30259,0],[30771,0],]]
[30516,4,25,[[30515,0],[30517,0],[30260,0],[30261,0],[30772,0],]]
[30517,15,25,[[30518,0],[30516,0],[30261,0],[30773,0],]]
[30518,6,25,[[30517,0],[30519,0],[30262,0],[30263,0],[30774,0],]]
[30519,3,25,[[30520,0],[30518,0],[30263,0],[30775,0],]]
[30520,19,25,[[30519,0],[30521,0],[30264,0],[30265,0],[30776,0],]]
[30521,9,25,[[30522,0],[30520,0],[30265,0],[30777,0],]]
[30522,8,25,[[30521,0],[30523,0],[30266,0],[30267,0],[30778,0],]]
[30523,4,25,[[30524,0],[30522,0],[30267,0],[30779,0],]]
[30524,14,25,[[30523,0],[30525,0],[30268,0],[30269,0],[30780,0],]]
[30525,15,25,[[30526,0],[30524,0],[30269,0],[30781,0],]]
[30526,16,25,[[30525,0],[30527,0],[30270,0],[30271,0],[30782,0],]]
[30527,2,25,[[30528,0],[30526,0],[30271,0],[30783,0],]]
[30528,11,26,[[30527,0],[30529,0],[30272,0],[30273,0],[30784,0],]]
[30529,14,26,[[30530,0],[30528,0],[30273,0],[30785,0],]]
[30530,19,26,[[30529,0],[30531,0],[30274,0],[30275,0],[30786,0],]]
[30531,9,26,[[30532,0],[30530,0],[30275,0],[30787,0],]]
[30532,15,26,[[30531,0],[30533,0],[30276,0],[30277,0],[30788,0],]]
[30533,13,26,[[30534,0],[30532,0],[30277,0],[30789,0],]]
[30534,5,26,[[30533,0],[30535,0],[30278,0],[30279,0],[30790,0],]]
[30535,8,26,[[30536,0],[30534,0],[30279,0],[30791,0],]]
[30536,17,26,[[30535,0],[30537,0],[30280,0],[30281,0],[30792,0],]]
[30537,5,26,[[30538,0],[30536,0],[30281,0],[30793,0],]]
[30538,3,26,[[30537,0],[30539,0],[30282,0],[30283,0],[30794,0],]]
[30539,10,26,[[30540,0],[30538,0],[30283,0],[30795,0],]]
[30540,10,26,[[30539,0],[30541,0],[30284,0],[30285,0],[30796,0],]]
[30541,10,26,[[30542,0],[30540,0],[30285,0],[30797,0],]]
[30542,13,26,[[30541,0],[30543,0],[30286,0],[30287,0],[30798,0],]]
[30543,13,26,[[30544,0],[30542,0],[30287,0],[30799,0],]]
[30544,5,26,[[30543,0],[30545,0],[30288,0],[30289,0],[30800,0],]]
[30545,9,26,[[30546,0],[30544,0],[30289,0],[30801,0],]]
[30546,1,26,[[30545,0],[30547,0],[30290,0],[30291,0],[30802,0],]]
[30547,6,26,[[30548,0],[30546,0],[30291,0],[30803,0],]]
[30548,13,26,[[30547,0],[30549,0],[30292,0],[30293,0],[30804,0],]]
[30549,9,26,[[30550,0],[30548,0],[30293,0],[30805,0],]]
[30550,16,26,[[30549,0],[30551,0],[30294,0],[30295,0],[30806,0],]]
[30551,5,26,[[30552,0],[30550,0],[30295,0],[30807,0],]]
[30552,9,26,[[30551,0],[30553,0],[30296,0],[30297,0],[30808,0],]]
[30553,13,26,[[30554,0],[30552,0],[30297,0],[30809,0],]]
[30554,2,26,[[30553,0],[30555,0],[30298,0],[30299,0],[30810,0],]]
[30555,3,26,[[30556,0],[30554,0],[30299,0],[30811,0],]]
[30556,17,26,[[30555,0],[30557,0],[30300,0],[30301,0],[30812,0],]]
[30557,11,26,[[30558,0],[30556,0],[30301,0],[30813,0],]]
[30558,11,26,[[30557,0],[30559,0],[30302,0],[30303,0],[30814,0],]]
[30559,18,26,[[30560,0],[30558,0],[30303,0],[30815,0],]]
[30560,14,27,[[30559,0],[30561,0],[30304,0],[30305,0],[30816,0],]]
[30561,14,27,[[30562,0],[30560,0],[30305,0],[30817,0],]]
[30562,3,27,[[30561,0],[30563,0],[30306,0],[30307,0],[30818,0],]]
[30563,5,27,[[30564,0],[30562,0],[30307,0],[30819,0],]]
[30564,19,27,[[30563,0],[30565,0],[30308,0],[30309,0],[30820,0],]]
[30565,15,27,[[30566,0],[30564,0],[30309,0],[30821,0],]]
[30566,18,27,[[30565,0],[30567,0],[30310,0],[30311,0],[30822,0],]]
[30567,19,27,[[30568,0],[30566,0],[30311,0],[30823,0],]]
[30568,17,27,[[30567,0],[30569,0],[30312,0],[30313,0],[30824,0],]]
[30569,3,27,[[30570,0],[30568,0],[30313,0],[30825,0],]]
[30570,5,27,[[30569,0],[30571,0],[30314,0],[30315,0],[30826,0],]]
[30571,14,27,[[30572,0],[30570,0],[30315,0],[30827,0],]]
[30572,9,27,[[30571,0],[30573,0],[30316,0],[30317,0],[30828,0],]]
[30573,6,27,[[30574,0],[30572,0],[30317,0],[30829,0],]]
[30574,19,27,[[30573,0],[30575,0],[30318,0],[30319,0],[30830,0],]]
[30575,13,27,[[30576,0],[30574,0],[30319,0],[30831,0],]]
[30576,8,27,[[30575,0],[30577,0],[30320,0],[30321,0],[30832,0],]]
[30577,6,27,[[30578,0],[30576,0],[30321,0],[30833,0],]]
[30578,5,27,[[30577,0],[30579,0],[30322,0],[30323,0],[30834,0],]]
[30579,4,27,[[30580,0],[30578,0],[30323,0],[30835,0],]]
[30580,7,27,[[30579,0],[30581,0],[30324,0],[30325,0],[30836,0],]]
[30581,14,27,[[30582,0],[30580,0],[30325,0],[30837,0],]]
[30582,3,27,[[30581,0],[30583,0],[30326,0],[30327,0],[30838,0],]]
[30583,13,27,[[30584,0],[30582,0],[30327,0],[30839,0],]]
[30584,13,27,[[30583,0],[30585,0],[30328,0],[30329,0],[30840,0],]]
[30585,17,27,[[30586,0],[30584,0],[30329,0],[30841,0],]]
[30586,10,27,[[30585,0],[30587,0],[30330,0],[30331,0],[30842,0],]]
[30587,6,27,[[30588,0],[30586,0],[30331,0],[30843,0],]]
[30588,15,27,[[30587,0],[30589,0],[30332,0],[30333,0],[30844,0],]]
[30589,14,27,[[30590,0],[30588,0],[30333,0],[30845,0],]]
[30590,10,27,[[30589,0],[30591,0],[30334,0],[30335,0],[30846,0],]]
[30591,2,27,[[30592,0],[30590,0],[30335,0],[30847,0],]]
[30592,7,28,[[30591,0],[30593,0],[30336,0],[30337,0],[30848,0],]]
[30593,8,28,[[30594,0],[30592,0],[30337,0],[30849,0],]]
[30594,2,28,[[30593,0],[30595,0],[30338,0],[30339,0],[30850,0],]]
[30595,14,28,[[30596,0],[30594,0],[30339,0],[30851,0],]]
[30596,11,28,[[30595,0],[30597,0],[30340,0],[30341,0],[30852,0],]]
[30597,8,28,[[30598,0],[30596,0],[30341,0],[30853,0],]]
[30598,1,28,[[30597,0],[30599,0],[30342,0],[30343,0],[30854,0],]]
[30599,9,28,[[30600,0],[30598,0],[30343,0],[30855,0],]]
[30600,13,28,[[30599,0],[30601,0],[30344,0],[30345,0],[30856,0],]]
[30601,18,28,[[30602,0],[30600,0],[30345,0],[30857,0],]]
[30602,6,28,[[30601,0],[30603,0],[30346,0],[30347,0],[30858,0],]]
[30603,8,28,[[30604,0],[30602,0],[30347,0],[30859,0],]]
[30604,5,28,[[30603,0],[30605,0],[30348,0],[30349,0],[30860,0],]]
[30605,4,28,[[30606,0],[30604,0],[30349,0],[30861,0],]]
[30606,11,28,[[30605,0],[30607,0],[30350,0],[30351,0],[30862,0],]]
[30607,8,28,[[30608,0],[30606,0],[30351,0],[30863,0],]]
[30608,14,28,[[30607,0],[30609,0],[30352,0],[30353,0],[30864,0],]]
[30609,8,28,[[30610,0],[30608,0],[30353,0],[30865,0],]]
[30610,5,28,[[30609,0],[30611,0],[30354,0],[30355,0],[30866,0],]]
[30611,17,28,[[30612,0],[30610,0],[30355,0],[30867,0],]]
[30612,19,28,[[30611,0],[30613,0],[30356,0],[30357,0],[30868,0],]]
[30613,5,28,[[30614,0],[30612,0],[30357,0],[30869,0],]]
[30614,4,28,[[30613,0],[30615,0],[30358,0],[30359,0],[30870,0],]]
[30615,2,28,[[30616,0],[30614,0],[30359,0],[30871,0],]]
[30616,19,28,[[30615,0],[30617,0],[30360,0],[30361,0],[30872,0],]]
[30617,13,28,[[30618,0],[30616,0],[30361,0],[30873,0],]]
[30618,3,28,[[30617,0],[30619,0],[30362,0],[30363,0],[30874,0],]]
[30619,5,28,[[30620,0],[30618,0],[30363,0],[30875,0],]]
[30620,19,28,[[30619,0],[30621,0],[30364,0],[30365,0],[30876,0],]]
[30621,16,28,[[30622,0],[30620,0],[30365,0],[30877,0],]]
[30622,17,28,[[30621,0],[30623,0],[30366,0],[30367,0],[30878,0],]]
[30623,6,28,[[30624,0],[30622,0],[30367,0],[30879,0],]]
[30624,4,29,[[30623,0],[30625,0],[30368,0],[30369,0],[30880,0],]]
[30625,3,29,[[30626,0],[30624,0],[30369,0],[30881,0],]]
[30626,7,29,[[30625,0],[30627,0],[30370,0],[30371,0],[30882,0],]]
[30627,10,29,[[30628,0],[30626,0],[30371,0],[30883,0],]]
[30628,10,29,[[30627,0],[30629,0],[30372,0],[30373,0],[30884,0],]]
[30629,18,29,[[30630,0],[30628,0],[30373,0],[30885,0],]]
[30630,15,29,[[30629,0],[30631,0],[30374,0],[30375,0],[30886,0],]]
[30631,2,29,[[30632,0],[30630,0],[30375,0],[30887,0],]]
[30632,5,29,[[30631,0],[30633,0],[30376,0],[30377,0],[30888,0],]]
[30633,1,29,[[30634,0],[30632,0],[30377,0],[30889,0],]]
[30634,19,29,[[30633,0],[30635,0],[30378,0],[30379,0],[30890,0],]]
[30635,8,29,[[30636,0],[30634,0],[30379,0],[30891,0],]]
[30636,18,29,[[30635,0],[30637,0],[30380,0],[30381,0],[30892,0],]]
[30637,16,29,[[30638,0],[30636,0],[30381,0],[30893,0],]]
[30638,8,29,[[30637,0],[30639,0],[30382,0],[30383,0],[30894,0],]]
[30639,15,29,[[30640,0],[30638,0],[30383,0],[30895,0],]]
[30640,18,29,[[30639,0],[30641,0],[30384,0],[30385,0],[30896,0],]]
[30641,6,29,[[30642,0],[30640,0],[30385,0],[30897,0],]]
[30642,12,29,[[30641,0],[30643,0],[30386,0],[30387,0],[30898,0],]]
[30643,17,29,[[30644,0],[30642,0],[30387,0],[30899,0],]]
[30644,11,29,[[30643,0],[30645,0],[30388,0],[30389,0],[30900,0],]]
[30645,6,29,[[30646,0],[30644,0],[30389,0],[30901,0],]]
[30646,13,29,[[30645,0],[30647,0],[30390,0],[30391,0],[30902,0],]]
[30647,1,29,[[30648,0],[30646,0],[30391,0],[30903,0],]]
[30648,11,29,[[30647,0],[30649,0],[30392,0],[30393,0],[30904,0],]]
[30649,1,29,[[30650,0],[30648,0],[30393,0],[30905,0],]]
[30650,12,29,[[30649,0],[30651,0],[30394,0],[30395,0],[30906,0],]]
[30651,17,29,[[30652,0],[30650,0],[30395,0],[30907,0],]]
[30652,6,29,[[30651,0],[30653,0],[30396,0],[30397,0],[30908,0],]]
[30653,16,29,[[30654,0],[30652,0],[30397,0],[30909,0],]]
[30654,4,29,[[30653,0],[30655,0],[30398,0],[30399,0],[30910,0],]]
[30655,13,29,[[30656,0],[30654,0],[30399,0],[30911,0],]]
[30656,11,30,[[30655,0],[30657,0],[30400,0],[30401,0],[30912,0],]]
[30657,13,30,[[30658,0],[30656,0],[30401,0],[30913,0],]]
[30658,8,30,[[30657,0],[30659,0],[30402,0],[30403,0],[30914,0],]]
[30659,17,30,[[30660,0],[30658,0],[30403,0],[30915,0],]]
[30660,1,30,[[30659,0],[30661,0],[30404,0],[30405,0],[30916,0],]]
[30661,13,30,[[30662,0],[30660,0],[30405,0],[30917,0],]]
[30662,6,30,[[30661,0],[30663,0],[30406,0],[30407,0],[30918,0],]]
[30663,12,30,[[30664,0],[30662,0],[30407,0],[30919,0],]]
[30664,11,30,[[30663,0],[30665,0],[30408,0],[30409,0],[30920,0],]]
[30665,1,30,[[30666,0],[30664,0],[30409,0],[30921,0],]]
[30666,5,30,[[30665,0],[30667,0],[30410,0],[30411,0],[30922,0],]]
[30667,11,30,[[30668,0],[30666,0],[30411,0],[30923,0],]]
[30668,2,30,[[30667,0],[30669,0],[30412,0],[30413,0],[30924,0],]]
[30669,10,30,[[30670,0],[30668,0],[30413,0],[30925,0],]]
[30670,18,30,[[30669,0],[30671,0],[30414,0],[30415,0],[30926,0],]]
[30671,11,30,[[30672,0],[30670,0],[30415,0],[30927,0],]]
[30672,19,30,[[30671,0],[30673,0],[30416,0],[30417,0],[30928,0],]]
[30673,6,30,[[30674,0],[30672,0],[30417,0],[30929,0],]]
[30674,5,30,[[30673,0],[30675,0],[30418,0],[30419,0],[30930,0],]]
[30675,10,30,[[30676,0],[30674,0],[30419,0],[30931,0],]]
[30676,17,30,[[30675,0],[30677,0],[30420,0],[30421,0],[30932,0],]]
[30677,1,30,[[30678,0],[30676,0],[30421,0],[30933,0],]]
[30678,13,30,[[30677,0],[30679,0],[30422,0],[30423,0],[30934,0],]]
[30679,11,30,[[30680,0],[30678,0],[30423,0],[30935,0],]]
[30680,6,30,[[30679,0],[30681,0],[30424,0],[30425,0],[30936,0],]]
[30681,14,30,[[30682,0],[30680,0],[30425,0],[30937,0],]]
[30682,17,30,[[30681,0],[30683,0],[30426,0],[30427,0],[30938,0],]]
[30683,16,30,[[30684,0],[30682,0],[30427,0],[30939,0],]]
[30684,17,30,[[30683,0],[30685,0],[30428,0],[30429,0],[30940,0],]]
[30685,4,30,[[30686,0],[30684,0],[30429,0],[30941,0],]]
[30686,10,30,[[30685,0],[30687,0],[30430,0],[30431,0],[30942,0],]]
[30687,17,30,[[30688,0],[30686,0],[30431,0],[30943,0],]]
[30688,13,31,[[30687,0],[30689,0],[30432,0],[30433,0],[30944,0],]]
[30689,11,31,[[30690,0],[30688,0],[30433,0],[30945,0],]]
[30690,17,31,[[30689,0],[30691,0],[30434,0],[30435,0],[30946,0],]]
[30691,6,31,[[30692,0],[30690,0],[30435,0],[30947,0],]]
[30692,1,31,[[30691,0],[30693,0],[30436,0],[30437,0],[30948,0],]]
[30693,13,31,[[30694,0],[30692,0],[30437,0],[30949,0],]]
[30694,15,31,[[30693,0],[30695,0],[30438,0],[30439,0],[30950,0],]]
[30695,7,31,[[30696,0],[30694,0],[30439,0],[30951,0],]]
[30696,4,31,[[30695,0],[30697,0],[30440,0],[30441,0],[30952,0],]]
[30697,6,31,[[30698,0],[30696,0],[30441,0],[30953,0],]]
[30698,7,31,[[30697,0],[30699,0],[30442,0],[30443,0],[30954,0],]]
[30699,7,31,[[30700,0],[30698,0],[30443,0],[30955,0],]]
[30700,1,31,[[30699,0],[30701,0],[30444,0],[30445,0],[30956,0],]]
[30701,17,31,[[30702,0],[30700,0],[30445,0],[30957,0],]]
[30702,17,31,[[30701,0],[30703,0],[30446,0],[30447,0],[30958,0],]]
[30703,4,31,[[30704,0],[30702,0],[30447,0],[30959,0],]]
[30704,9,31,[[30703,0],[30705,0],[30448,0],[30449,0],[30960,0],]]
[30705,14,31,[[30706,0],[30704,0],[30449,0],[30961,0],]]
[30706,4,31,[[30705,0],[30707,0],[30450,0],[30451,0],[30962,0],]]
[30707,5,31,[[30708,0],[30706,0],[30451,0],[30963,0],]]
[30708,7,31,[[30707,0],[30709,0],[30452,0],[30453,0],[30964,0],]]
[30709,4,31,[[30710,0],[30708,0],[30453,0],[30965,0],]]
[30710,8,31,[[30709,0],[30711,0],[30454,0],[30455,0],[30966,0],]]
[30711,4,31,[[30712,0],[30710,0],[30455,0],[30967,0],]]
[30712,3,31,[[30711,0],[30713,0],[30456,0],[30457,0],[30968,0],]]
[30713,10,31,[[30714,0],[30712,0],[30457,0],[30969,0],]]
[30714,7,31,[[30713,0],[30715,0],[30458,0],[30459,0],[30970,0],]]
[30715,15,31,[[30716,0],[30714,0],[30459,0],[30971,0],]]
[30716,18,31,[[30715,0],[30717,0],[30460,0],[30461,0],[30972,0],]]
[30717,10,31,[[30718,0],[30716,0],[30461,0],[30973,0],]]
[30718,12,31,[[30717,0],[30719,0],[30462,0],[30463,0],[30974,0],]]
[30719,18,31,[[30718,0],[30463,0],[30975,0],]]
[30720,10,24,[[30721,0],[30976,0],[30464,0],]]
[30721,1,24,[[30722,0],[30720,0],[30977,0],[30976,0],[30465,0],]]
[30722,3,24,[[30721,0],[30723,0],[30978,0],[30466,0],]]
[30723,15,24,[[30724,0],[30722,0],[30979,0],[30978,0],[30467,0],]]
[30724,9,24,[[30723,0],[30725,0],[30980,0],[30468,0],]]
[30725,5,24,[[30726,0],[30724,0],[30981,0],[30980,0],[30469,0],]]
[30726,17,24,[[30725,0],[30727,0],[30982,0],[30470,0],]]
[30727,12,24,[[30728,0],[30726,0],[30983,0],[30982,0],[30471,0],]]
[30728,11,24,[[30727,0],[30729,0],[30984,0],[30472,0],]]
[30729,18,24,[[30730,0],[30728,0],[30985,0],[30984,0],[30473,0],]]
[30730,2,24,[[30729,0],[30731,0],[30986,0],[30474,0],]]
[30731,10,24,[[30732,0],[30730,0],[30987,0],[30986,0],[30475,0],]]
[30732,15,24,[[30731,0],[30733,0],[30988,0],[30476,0],]]
[30733,15,24,[[30734,0],[30732,0],[30989,0],[30988,0],[30477,0],]]
[30734,4,24,[[30733,0],[30735,0],[30990,0],[30478,0],]]
[30735,5,24,[[30736,0],[30734,0],[30991,0],[30990,0],[30479,0],]]
[30736,4,24,[[30735,0],[30737,0],[30992,0],[30480,0],]]
[30737,1,24,[[30738,0],[30736,0],[30993,0],[30992,0],[30481,0],]]
[30738,16,24,[[30737,0],[30739,0],[30994,0],[30482,0],]]
[30739,8,24,[[30740,0],[30738,0],[30995,0],[30994,0],[30483,0],]]
[30740,15,24,[[30739,0],[30741,0],[30996,0],[30484,0],]]
[30741,7,24,[[30742,0],[30740,0],[30997,0],[30996,0],[30485,0],]]
[30742,9,24,[[30741,0],[30743,0],[30998,0],[30486,0],]]
[30743,4,24,[[30744,0],[30742,0],[30999,0],[30998,0],[30487,0],]]
[30744,7,24,[[30743,0],[30745,0],[31000,0],[30488,0],]]
[30745,11,24,[[30746,0],[30744,0],[31001,0],[31000,0],[30489,0],]]
[30746,3,24,[[30745,0],[30747,0],[31002,0],[30490,0],]]
[30747,19,24,[[30748,0],[30746,0],[31003,0],[31002,0],[30491,0],]]
[30748,1,24,[[30747,0],[30749,0],[31004,0],[30492,0],]]
[30749,16,24,[[30750,0],[30748,0],[31005,0],[31004,0],[30493,0],]]
[30750,3,24,[[30749,0],[30751,0],[31006,0],[30494,0],]]
[30751,18,24,[[30752,0],[30750,0],[31007,0],[31006,0],[30495,0],]]
[30752,1,25,[[30751,0],[30753,0],[31008,0],[30496,0],]]
[30753,18,25,[[30754,0],[30752,0],[31009,0],[31008,0],[30497,0],]]
[30754,1,25,[[30753,0],[30755,0],[31010,0],[30498,0],]]
[30755,9,25,[[30756,0],[30754,0],[31011,0],[31010,0],[30499,0],]]
[30756,2,25,[[30755,0],[30757,0],[31012,0],[30500,0],]]
[30757,1,25,[[30758,0],[30756,0],[31013,0],[31012,0],[30501,0],]]
[30758,11,25,[[30757,0],[30759,0],[31014,0],[30502,0],]]
[30759,17,25,[[30760,0],[30758,0],[31015,0],[31014,0],[30503,0],]]
[30760,19,25,[[30759,0],[30761,0],[31016,0],[30504,0],]]
[30761,11,25,[[30762,0],[30760,0],[31017,0],[31016,0],[30505,0],]]
[30762,11,25,[[30761,0],[30763,0],[31018,0],[30506,0],]]
[30763,11,25,[[30764,0],[30762,0],[31019,0],[31018,0],[30507,0],]]
[30764,10,25,[[30763,0],[30765,0],[31020,0],[30508,0],]]
[30765,14,25,[[30766,0],[30764,0],[31021,0],[31020,0],[30509,0],]]
[30766,16,25,[[30765,0],[30767,0],[31022,0],[30510,0],]]
[30767,19,25,[[30768,0],[30766,0],[31023,0],[31022,0],[30511,0],]]
[30768,17,25,[[30767,0],[30769,0],[31024,0],[30512,0],]]
[30769,4,25,[[30770,0],[30768,0],[31025,0],[31024,0],[30513,0],]]
[30770,9,25,[[30769,0],[30771,0],[31026,0],[30514,0],]]
[30771,6,25,[[30772,0],[30770,0],[31027,0],[31026,0],[30515,0],]]
[30772,2,25,[[30771,0],[30773,0],[31028,0],[30516,0],]]
[30773,15,25,[[30774,0],[30772,0],[31029,0],[31028,0],[30517,0],]]
[30774,19,25,[[30773,0],[30775,0],[31030,0],[30518,0],]]
[30775,7,25,[[30776,0],[30774,0],[31031,0],[31030,0],[30519,0],]]
[30776,3,25,[[30775,0],[30777,0],[31032,0],[30520,0],]]
[30777,16,25,[[30778,0],[30776,0],[31033,0],[31032,0],[30521,0],]]
[30778,13,25,[[30777,0],[30779,0],[31034,0],[30522,0],]]
[30779,8,25,[[30780,0],[30778,0],[31035,0],[31034,0],[30523,0],]]
[30780,6,25,[[30779,0],[30781,0],[31036,0],[30524,0],]]
[30781,8,25,[[30782,0],[30780,0],[31037,0],[31036,0],[30525,0],]]
[30782,1,25,[[30781,0],[30783,0],[31038,0],[30526,0],]]
[30783,5,25,[[30784,0],[30782,0],[31039,0],[31038,0],[30527,0],]]
[30784,12,26,[[30783,0],[30785,0],[31040,0],[30528,0],]]
[30785,16,26,[[30786,0],[30784,0],[31041,0],[31040,0],[30529,0],]]
[30786,3,26,[[30785,0],[30787,0],[31042,0],[30530,0],]]
[30787,10,26,[[30788,0],[30786,0],[31043,0],[31042,0],[30531,0],]]
[30788,13,26,[[30787,0],[30789,0],[31044,0],[30532,0],]]
[30789,7,26,[[30790,0],[30788,0],[31045,0],[31044,0],[30533,0],]]
[30790,11,26,[[30789,0],[30791,0],[31046,0],[30534,0],]]
[30791,13,26,[[30792,0],[30790,0],[31047,0],[31046,0],[30535,0],]]
[30792,8,26,[[30791,0],[30793,0],[31048,0],[30536,0],]]
[30793,14,26,[[30794,0],[30792,0],[31049,0],[31048,0],[30537,0],]]
[30794,18,26,[[30793,0],[30795,0],[31050,0],[30538,0],]]
[30795,11,26,[[30796,0],[30794,0],[31051,0],[31050,0],[30539,0],]]
[30796,10,26,[[30795,0],[30797,0],[31052,0],[30540,0],]]
[30797,3,26,[[30798,0],[30796,0],[31053,0],[31052,0],[30541,0],]]
[30798,2,26,[[30797,0],[30799,0],[31054,0],[30542,0],]]
[30799,18,26,[[30800,0],[30798,0],[31055,0],[31054,0],[30543,0],]]
[30800,12,26,[[30799,0],[30801,0],[31056,0],[30544,0],]]
