[32112,18,27,[[32111,0],[32113,0],[31856,0],[31857,0],[32368,0],]]
[32113,16,27,[[32114,0],[32112,0],[31857,0],[32369,0],]]
[32114,4,27,[[32113,0],[32115,0],[31858,0],[31859,0],[32370,0],]]
[32115,9,27,[[32116,0],[32114,0],[31859,0],[32371,0],]]
[32116,5,27,[[32115,0],[32117,0],[31860,0],[31861,0],[32372,0],]]
[32117,15,27,[[32118,0],[32116,0],[31861,0],[32373,0],]]
[32118,7,27,[[32117,0],[32119,0],[31862,0],[31863,0],[32374,0],]]
[32119,11,27,[[32120,0],[32118,0],[31863,0],[32375,0],]]
[32120,17,27,[[32119,0],[32121,0],[31864,0],[31865,0],[32376,0],]]
[32121,3,27,[[32122,0],[32120,0],[31865,0],[32377,0],]]
[32122,17,27,[[32121,0],[32123,0],[31866,0],[31867,0],[32378,0],]]
[32123,6,27,[[32124,0],[32122,0],[31867,0],[32379,0],]]
[32124,8,27,[[32123,0],[32125,0],[31868,0],[31869,0],[32380,0],]]
[32125,14,27,[[32126,0],[32124,0],[31869,0],[32381,0],]]
[32126,17,27,[[32125,0],[32127,0],[31870,0],[31871,0],[32382,0],]]
[32127,13,27,[[32128,0],[32126,0],[31871,0],[32383,0],]]
[32128,1,28,[[32127,0],[32129,0],[31872,0],[31873,0],[32384,0],]]
[32129,17,28,[[32130,0],[32128,0],[31873,0],[32385,0],]]
[32130,9,28,[[32129,0],[32131,0],[31874,0],[31875,0],[32386,0],]]
[32131,1,28,[[32132,0],[32130,0],[31875,0],[32387,0],]]
[32132,11,28,[[32131,0],[32133,0],[31876,0],[31877,0],[32388,0],]]
[32133,16,28,[[32134,0],[32132,0],[31877,0],[32389,0],]]
[32134,5,28,[[32133,0],[32135,0],[31878,0],[31879,0],[32390,0],]]
[32135,3,28,[[32136,0],[32134,0],[31879,0],[32391,0],]]
[32136,18,28,[[32135,0],[32137,0],[31880,0],[31881,0],[32392,0],]]
[32137,2,28,[[32138,0],[32136,0],[31881,0],[32393,0],]]
[32138,5,28,[[32137,0],[32139,0],[31882,0],[31883,0],[32394,0],]]
[32139,6,28,[[32140,0],[32138,0],[31883,0],[32395,0],]]
[32140,14,28,[[32139,0],[32141,0],[31884,0],[31885,0],[32396,0],]]
[32141,5,28,[[32142,0],[32140,0],[31885,0],[32397,0],]]
[32142,6,28,[[32141,0],[32143,0],[31886,0],[31887,0],[32398,0],]]
[32143,11,28,[[32144,0],[32142,0],[31887,0],[32399,0],]]
[32144,2,28,[[32143,0],[32145,0],[31888,0],[31889,0],[32400,0],]]
[32145,17,28,[[32146,0],[32144,0],[31889,0],[32401,0],]]
[32146,16,28,[[32145,0],[32147,0],[31890,0],[31891,0],[32402,0],]]
[32147,16,28,[[32148,0],[32146,0],[31891,0],[32403,0],]]
[32148,18,28,[[32147,0],[32149,0],[31892,0],[31893,0],[32404,0],]]
[32149,1,28,[[32150,0],[32148,0],[31893,0],[32405,0],]]
[32150,7,28,[[32149,0],[32151,0],[31894,0],[31895,0],[32406,0],]]
[32151,1,28,[[32152,0],[32150,0],[31895,0],[32407,0],]]
[32152,18,28,[[32151,0],[32153,0],[31896,0],[31897,0],[32408,0],]]
[32153,14,28,[[32154,0],[32152,0],[31897,0],[32409,0],]]
[32154,19,28,[[32153,0],[32155,0],[31898,0],[31899,0],[32410,0],]]
[32155,17,28,[[32156,0],[32154,0],[31899,0],[32411,0],]]
[32156,2,28,[[32155,0],[32157,0],[31900,0],[31901,0],[32412,0],]]
[32157,12,28,[[32158,0],[32156,0],[31901,0],[32413,0],]]
[32158,13,28,[[32157,0],[32159,0],[31902,0],[31903,0],[32414,0],]]
[32159,13,28,[[32160,0],[32158,0],[31903,0],[32415,0],]]
[32160,9,29,[[32159,0],[32161,0],[31904,0],[31905,0],[32416,0],]]
[32161,1,29,[[32162,0],[32160,0],[31905,0],[32417,0],]]
[32162,13,29,[[32161,0],[32163,0],[31906,0],[31907,0],[32418,0],]]
[32163,4,29,[[32164,0],[32162,0],[31907,0],[32419,0],]]
[32164,9,29,[[32163,0],[32165,0],[31908,0],[31909,0],[32420,0],]]
[32165,3,29,[[32166,0],[32164,0],[31909,0],[32421,0],]]
[32166,5,29,[[32165,0],[32167,0],[31910,0],[31911,0],[32422,0],]]
[32167,5,29,[[32168,0],[32166,0],[31911,0],[32423,0],]]
[32168,8,29,[[32167,0],[32169,0],[31912,0],[31913,0],[32424,0],]]
[32169,15,29,[[32170,0],[32168,0],[31913,0],[32425,0],]]
[32170,13,29,[[32169,0],[32171,0],[31914,0],[31915,0],[32426,0],]]
[32171,10,29,[[32172,0],[32170,0],[31915,0],[32427,0],]]
[32172,9,29,[[32171,0],[32173,0],[31916,0],[31917,0],[32428,0],]]
[32173,15,29,[[32174,0],[32172,0],[31917,0],[32429,0],]]
[32174,11,29,[[32173,0],[32175,0],[31918,0],[31919,0],[32430,0],]]
[32175,9,29,[[32176,0],[32174,0],[31919,0],[32431,0],]]
[32176,1,29,[[32175,0],[32177,0],[31920,0],[31921,0],[32432,0],]]
[32177,5,29,[[32178,0],[32176,0],[31921,0],[32433,0],]]
[32178,3,29,[[32177,0],[32179,0],[31922,0],[31923,0],[32434,0],]]
[32179,16,29,[[32180,0],[32178,0],[31923,0],[32435,0],]]
[32180,14,29,[[32179,0],[32181,0],[31924,0],[31925,0],[32436,0],]]
[32181,2,29,[[32182,0],[32180,0],[31925,0],[32437,0],]]
[32182,4,29,[[32181,0],[32183,0],[31926,0],[31927,0],[32438,0],]]
[32183,10,29,[[32184,0],[32182,0],[31927,0],[32439,0],]]
[32184,12,29,[[32183,0],[32185,0],[31928,0],[31929,0],[32440,0],]]
[32185,1,29,[[32186,0],[32184,0],[31929,0],[32441,0],]]
[32186,6,29,[[32185,0],[32187,0],[31930,0],[31931,0],[32442,0],]]
[32187,19,29,[[32188,0],[32186,0],[31931,0],[32443,0],]]
[32188,8,29,[[32187,0],[32189,0],[31932,0],[31933,0],[32444,0],]]
[32189,1,29,[[32190,0],[32188,0],[31933,0],[32445,0],]]
[32190,9,29,[[32189,0],[32191,0],[31934,0],[31935,0],[32446,0],]]
[32191,12,29,[[32192,0],[32190,0],[31935,0],[32447,0],]]
[32192,3,30,[[32191,0],[32193,0],[31936,0],[31937,0],[32448,0],]]
[32193,15,30,[[32194,0],[32192,0],[31937,0],[32449,0],]]
[32194,8,30,[[32193,0],[32195,0],[31938,0],[31939,0],[32450,0],]]
[32195,17,30,[[32196,0],[32194,0],[31939,0],[32451,0],]]
[32196,8,30,[[32195,0],[32197,0],[31940,0],[31941,0],[32452,0],]]
[32197,11,30,[[32198,0],[32196,0],[31941,0],[32453,0],]]
[32198,4,30,[[32197,0],[32199,0],[31942,0],[31943,0],[32454,0],]]
[32199,2,30,[[32200,0],[32198,0],[31943,0],[32455,0],]]
[32200,8,30,[[32199,0],[32201,0],[31944,0],[31945,0],[32456,0],]]
[32201,15,30,[[32202,0],[32200,0],[31945,0],[32457,0],]]
[32202,19,30,[[32201,0],[32203,0],[31946,0],[31947,0],[32458,0],]]
[32203,8,30,[[32204,0],[32202,0],[31947,0],[32459,0],]]
[32204,1,30,[[32203,0],[32205,0],[31948,0],[31949,0],[32460,0],]]
[32205,3,30,[[32206,0],[32204,0],[31949,0],[32461,0],]]
[32206,15,30,[[32205,0],[32207,0],[31950,0],[31951,0],[32462,0],]]
[32207,16,30,[[32208,0],[32206,0],[31951,0],[32463,0],]]
[32208,11,30,[[32207,0],[32209,0],[31952,0],[31953,0],[32464,0],]]
[32209,7,30,[[32210,0],[32208,0],[31953,0],[32465,0],]]
[32210,5,30,[[32209,0],[32211,0],[31954,0],[31955,0],[32466,0],]]
[32211,13,30,[[32212,0],[32210,0],[31955,0],[32467,0],]]
[32212,5,30,[[32211,0],[32213,0],[31956,0],[31957,0],[32468,0],]]
[32213,5,30,[[32214,0],[32212,0],[31957,0],[32469,0],]]
[32214,13,30,[[32213,0],[32215,0],[31958,0],[31959,0],[32470,0],]]
[32215,10,30,[[32216,0],[32214,0],[31959,0],[32471,0],]]
[32216,13,30,[[32215,0],[32217,0],[31960,0],[31961,0],[32472,0],]]
[32217,8,30,[[32218,0],[32216,0],[31961,0],[32473,0],]]
[32218,17,30,[[32217,0],[32219,0],[31962,0],[31963,0],[32474,0],]]
[32219,1,30,[[32220,0],[32218,0],[31963,0],[32475,0],]]
[32220,7,30,[[32219,0],[32221,0],[31964,0],[31965,0],[32476,0],]]
[32221,6,30,[[32222,0],[32220,0],[31965,0],[32477,0],]]
[32222,9,30,[[32221,0],[32223,0],[31966,0],[31967,0],[32478,0],]]
[32223,9,30,[[32224,0],[32222,0],[31967,0],[32479,0],]]
[32224,3,31,[[32223,0],[32225,0],[31968,0],[31969,0],[32480,0],]]
[32225,6,31,[[32226,0],[32224,0],[31969,0],[32481,0],]]
[32226,17,31,[[32225,0],[32227,0],[31970,0],[31971,0],[32482,0],]]
[32227,10,31,[[32228,0],[32226,0],[31971,0],[32483,0],]]
[32228,3,31,[[32227,0],[32229,0],[31972,0],[31973,0],[32484,0],]]
[32229,19,31,[[32230,0],[32228,0],[31973,0],[32485,0],]]
[32230,15,31,[[32229,0],[32231,0],[31974,0],[31975,0],[32486,0],]]
[32231,8,31,[[32232,0],[32230,0],[31975,0],[32487,0],]]
[32232,9,31,[[32231,0],[32233,0],[31976,0],[31977,0],[32488,0],]]
[32233,16,31,[[32234,0],[32232,0],[31977,0],[32489,0],]]
[32234,14,31,[[32233,0],[32235,0],[31978,0],[31979,0],[32490,0],]]
[32235,11,31,[[32236,0],[32234,0],[31979,0],[32491,0],]]
[32236,11,31,[[32235,0],[32237,0],[31980,0],[31981,0],[32492,0],]]
[32237,10,31,[[32238,0],[32236,0],[31981,0],[32493,0],]]
[32238,8,31,[[32237,0],[32239,0],[31982,0],[31983,0],[32494,0],]]
[32239,11,31,[[32240,0],[32238,0],[31983,0],[32495,0],]]
[32240,11,31,[[32239,0],[32241,0],[31984,0],[31985,0],[32496,0],]]
[32241,16,31,[[32242,0],[32240,0],[31985,0],[32497,0],]]
[32242,2,31,[[32241,0],[32243,0],[31986,0],[31987,0],[32498,0],]]
[32243,9,31,[[32244,0],[32242,0],[31987,0],[32499,0],]]
[32244,16,31,[[32243,0],[32245,0],[31988,0],[31989,0],[32500,0],]]
[32245,16,31,[[32246,0],[32244,0],[31989,0],[32501,0],]]
[32246,16,31,[[32245,0],[32247,0],[31990,0],[31991,0],[32502,0],]]
[32247,10,31,[[32248,0],[32246,0],[31991,0],[32503,0],]]
[32248,18,31,[[32247,0],[32249,0],[31992,0],[31993,0],[32504,0],]]
[32249,4,31,[[32250,0],[32248,0],[31993,0],[32505,0],]]
[32250,4,31,[[32249,0],[32251,0],[31994,0],[31995,0],[32506,0],]]
[32251,9,31,[[32252,0],[32250,0],[31995,0],[32507,0],]]
[32252,3,31,[[32251,0],[32253,0],[31996,0],[31997,0],[32508,0],]]
[32253,18,31,[[32254,0],[32252,0],[31997,0],[32509,0],]]
[32254,11,31,[[32253,0],[32255,0],[31998,0],[31999,0],[32510,0],]]
[32255,6,31,[[32254,0],[31999,0],[32511,0],]]
[32256,14,24,[[32257,0],[32512,0],[32000,0],]]
[32257,12,24,[[32258,0],[32256,0],[32513,0],[32512,0],[32001,0],]]
[32258,15,24,[[32257,0],[32259,0],[32514,0],[32002,0],]]
[32259,11,24,[[32260,0],[32258,0],[32515,0],[32514,0],[32003,0],]]
[32260,12,24,[[32259,0],[32261,0],[32516,0],[32004,0],]]
[32261,10,24,[[32262,0],[32260,0],[32517,0],[32516,0],[32005,0],]]
[32262,9,24,[[32261,0],[32263,0],[32518,0],[32006,0],]]
[32263,7,24,[[32264,0],[32262,0],[32519,0],[32518,0],[32007,0],]]
[32264,14,24,[[32263,0],[32265,0],[32520,0],[32008,0],]]
[32265,13,24,[[32266,0],[32264,0],[32521,0],[32520,0],[32009,0],]]
[32266,7,24,[[32265,0],[32267,0],[32522,0],[32010,0],]]
[32267,2,24,[[32268,0],[32266,0],[32523,0],[32522,0],[32011,0],]]
[32268,4,24,[[32267,0],[32269,0],[32524,0],[32012,0],]]
[32269,18,24,[[32270,0],[32268,0],[32525,0],[32524,0],[32013,0],]]
[32270,2,24,[[32269,0],[32271,0],[32526,0],[32014,0],]]
[32271,8,24,[[32272,0],[32270,0],[32527,0],[32526,0],[32015,0],]]
[32272,2,24,[[32271,0],[32273,0],[32528,0],[32016,0],]]
[32273,9,24,[[32274,0],[32272,0],[32529,0],[32528,0],[32017,0],]]
[32274,2,24,[[32273,0],[32275,0],[32530,0],[32018,0],]]
[32275,14,24,[[32276,0],[32274,0],[32531,0],[32530,0],[32019,0],]]
[32276,4,24,[[32275,0],[32277,0],[32532,0],[32020,0],]]
[32277,8,24,[[32278,0],[32276,0],[32533,0],[32532,0],[32021,0],]]
[32278,1,24,[[32277,0],[32279,0],[32534,0],[32022,0],]]
[32279,4,24,[[32280,0],[32278,0],[32535,0],[32534,0],[32023,0],]]
[32280,7,24,[[32279,0],[32281,0],[32536,0],[32024,0],]]
[32281,14,24,[[32282,0],[32280,0],[32537,0],[32536,0],[32025,0],]]
[32282,8,24,[[32281,0],[32283,0],[32538,0],[32026,0],]]
[32283,13,24,[[32284,0],[32282,0],[32539,0],[32538,0],[32027,0],]]
[32284,11,24,[[32283,0],[32285,0],[32540,0],[32028,0],]]
[32285,9,24,[[32286,0],[32284,0],[32541,0],[32540,0],[32029,0],]]
[32286,16,24,[[32285,0],[32287,0],[32542,0],[32030,0],]]
[32287,17,24,[[32288,0],[32286,0],[32543,0],[32542,0],[32031,0],]]
[32288,4,25,[[32287,0],[32289,0],[32544,0],[32032,0],]]
[32289,5,25,[[32290,0],[32288,0],[32545,0],[32544,0],[32033,0],]]
[32290,16,25,[[32289,0],[32291,0],[32546,0],[32034,0],]]
[32291,19,25,[[32292,0],[32290,0],[32547,0],[32546,0],[32035,0],]]
[32292,6,25,[[32291,0],[32293,0],[32548,0],[32036,0],]]
[32293,11,25,[[32294,0],[32292,0],[32549,0],[32548,0],[32037,0],]]
[32294,7,25,[[32293,0],[32295,0],[32550,0],[32038,0],]]
[32295,11,25,[[32296,0],[32294,0],[32551,0],[32550,0],[32039,0],]]
[32296,9,25,[[32295,0],[32297,0],[32552,0],[32040,0],]]
[32297,1,25,[[32298,0],[32296,0],[32553,0],[32552,0],[32041,0],]]
[32298,3,25,[[32297,0],[32299,0],[32554,0],[32042,0],]]
[32299,16,25,[[32300,0],[32298,0],[32555,0],[32554,0],[32043,0],]]
[32300,7,25,[[32299,0],[32301,0],[32556,0],[32044,0],]]
[32301,1,25,[[32302,0],[32300,0],[32557,0],[32556,0],[32045,0],]]
[32302,8,25,[[32301,0],[32303,0],[32558,0],[32046,0],]]
[32303,4,25,[[32304,0],[32302,0],[32559,0],[32558,0],[32047,0],]]
[32304,11,25,[[32303,0],[32305,0],[32560,0],[32048,0],]]
[32305,5,25,[[32306,0],[32304,0],[32561,0],[32560,0],[32049,0],]]
[32306,18,25,[[32305,0],[32307,0],[32562,0],[32050,0],]]
[32307,12,25,[[32308,0],[32306,0],[32563,0],[32562,0],[32051,0],]]
[32308,11,25,[[32307,0],[32309,0],[32564,0],[32052,0],]]
[32309,4,25,[[32310,0],[32308,0],[32565,0],[32564,0],[32053,0],]]
[32310,12,25,[[32309,0],[32311,0],[32566,0],[32054,0],]]
[32311,10,25,[[32312,0],[32310,0],[32567,0],[32566,0],[32055,0],]]
[32312,15,25,[[32311,0],[32313,0],[32568,0],[32056,0],]]
[32313,17,25,[[32314,0],[32312,0],[32569,0],[32568,0],[32057,0],]]
[32314,13,25,[[32313,0],[32315,0],[32570,0],[32058,0],]]
[32315,7,25,[[32316,0],[32314,0],[32571,0],[32570,0],[32059,0],]]
[32316,10,25,[[32315,0],[32317,0],[32572,0],[32060,0],]]
[32317,13,25,[[32318,0],[32316,0],[32573,0],[32572,0],[32061,0],]]
[32318,9,25,[[32317,0],[32319,0],[32574,0],[32062,0],]]
[32319,8,25,[[32320,0],[32318,0],[32575,0],[32574,0],[32063,0],]]
[32320,9,26,[[32319,0],[32321,0],[32576,0],[32064,0],]]
[32321,15,26,[[32322,0],[32320,0],[32577,0],[32576,0],[32065,0],]]
[32322,16,26,[[32321,0],[32323,0],[32578,0],[32066,0],]]
[32323,2,26,[[32324,0],[32322,0],[32579,0],[32578,0],[32067,0],]]
[32324,5,26,[[32323,0],[32325,0],[32580,0],[32068,0],]]
[32325,12,26,[[32326,0],[32324,0],[32581,0],[32580,0],[32069,0],]]
[32326,12,26,[[32325,0],[32327,0],[32582,0],[32070,0],]]
[32327,16,26,[[32328,0],[32326,0],[32583,0],[32582,0],[32071,0],]]
[32328,18,26,[[32327,0],[32329,0],[32584,0],[32072,0],]]
[32329,1,26,[[32330,0],[32328,0],[32585,0],[32584,0],[32073,0],]]
[32330,19,26,[[32329,0],[32331,0],[32586,0],[32074,0],]]
[32331,19,26,[[32332,0],[32330,0],[32587,0],[32586,0],[32075,0],]]
[32332,1,26,[[32331,0],[32333,0],[32588,0],[32076,0],]]
[32333,12,26,[[32334,0],[32332,0],[32589,0],[32588,0],[32077,0],]]
[32334,11,26,[[32333,0],[32335,0],[32590,0],[32078,0],]]
[32335,13,26,[[32336,0],[32334,0],[32591,0],[32590,0],[32079,0],]]
[32336,1,26,[[32335,0],[32337,0],[32592,0],[32080,0],]]
[32337,4,26,[[32338,0],[32336,0],[32593,0],[32592,0],[32081,0],]]
[32338,18,26,[[32337,0],[32339,0],[32594,0],[32082,0],]]
[32339,11,26,[[32340,0],[32338,0],[32595,0],[32594,0],[32083,0],]]
[32340,10,26,[[32339,0],[32341,0],[32596,0],[32084,0],]]
[32341,10,26,[[32342,0],[32340,0],[32597,0],[32596,0],[32085,0],]]
[32342,10,26,[[32341,0],[32343,0],[32598,0],[32086,0],]]
[32343,2,26,[[32344,0],[32342,0],[32599,0],[32598,0],[32087,0],]]
[32344,7,26,[[32343,0],[32345,0],[32600,0],[32088,0],]]
[32345,9,26,[[32346,0],[32344,0],[32601,0],[32600,0],[32089,0],]]
[32346,10,26,[[32345,0],[32347,0],[32602,0],[32090,0],]]
[32347,19,26,[[32348,0],[32346,0],[32603,0],[32602,0],[32091,0],]]
[32348,11,26,[[32347,0],[32349,0],[32604,0],[32092,0],]]
[32349,11,26,[[32350,0],[32348,0],[32605,0],[32604,0],[32093,0],]]
[32350,8,26,[[32349,0],[32351,0],[32606,0],[32094,0],]]
[32351,1,26,[[32352,0],[32350,0],[32607,0],[32606,0],[32095,0],]]
[32352,14,27,[[32351,0],[32353,0],[32608,0],[32096,0],]]
[32353,7,27,[[32354,0],[32352,0],[32609,0],[32608,0],[32097,0],]]
[32354,2,27,[[32353,0],[32355,0],[32610,0],[32098,0],]]
[32355,3,27,[[32356,0],[32354,0],[32611,0],[32610,0],[32099,0],]]
[32356,19,27,[[32355,0],[32357,0],[32612,0],[32100,0],]]
[32357,12,27,[[32358,0],[32356,0],[32613,0],[32612,0],[32101,0],]]
[32358,1,27,[[32357,0],[32359,0],[32614,0],[32102,0],]]
[32359,12,27,[[32360,0],[32358,0],[32615,0],[32614,0],[32103,0],]]
[32360,17,27,[[32359,0],[32361,0],[32616,0],[32104,0],]]
[32361,6,27,[[32362,0],[32360,0],[32617,0],[32616,0],[32105,0],]]
[32362,11,27,[[32361,0],[32363,0],[32618,0],[32106,0],]]
[32363,4,27,[[32364,0],[32362,0],[32619,0],[32618,0],[32107,0],]]
[32364,3,27,[[32363,0],[32365,0],[32620,0],[32108,0],]]
[32365,9,27,[[32366,0],[32364,0],[32621,0],[32620,0],[32109,0],]]
[32366,3,27,[[32365,0],[32367,0],[32622,0],[32110,0],]]
[32367,6,27,[[32368,0],[32366,0],[32623,0],[32622,0],[32111,0],]]
[32368,19,27,[[32367,0],[32369,0],[32624,0],[32112,0],]]
[32369,10,27,[[32370,0],[32368,0],[32625,0],[32624,0],[32113,0],]]
[32370,15,27,[[32369,0],[32371,0],[32626,0],[32114,0],]]
[32371,6,27,[[32372,0],[32370,0],[32627,0],[32626,0],[32115,0],]]
[32372,10,27,[[32371,0],[32373,0],[32628,0],[32116,0],]]
[32373,6,27,[[32374,0],[32372,0],[32629,0],[32628,0],[32117,0],]]
[32374,7,27,[[32373,0],[32375,0],[32630,0],[32118,0],]]
[32375,14,27,[[32376,0],[32374,0],[32631,0],[32630,0],[32119,0],]]
[32376,13,27,[[32375,0],[32377,0],[32632,0],[32120,0],]]
[32377,1,27,[[32378,0],[32376,0],[32633,0],[32632,0],[32121,0],]]
[32378,3,27,[[32377,0],[32379,0],[32634,0],[32122,0],]]
[32379,3,27,[[32380,0],[32378,0],[32635,0],[32634,0],[32123,0],]]
[32380,19,27,[[32379,0],[32381,0],[32636,0],[32124,0],]]
[32381,11,27,[[32382,0],[32380,0],[32637,0],[32636,0],[32125,0],]]
[32382,10,27,[[32381,0],[32383,0],[32638,0],[32126,0],]]
[32383,12,27,[[32384,0],[32382,0],[32639,0],[32638,0],[32127,0],]]
[32384,3,28,[[32383,0],[32385,0],[32640,0],[32128,0],]]
[32385,5,28,[[32386,0],[32384,0],[32641,0],[32640,0],[32129,0],]]
[32386,7,28,[[32385,0],[32387,0],[32642,0],[32130,0],]]
[32387,4,28,[[32388,0],[32386,0],[32643,0],[32642,0],[32131,0],]]
[32388,10,28,[[32387,0],[32389,0],[32644,0],[32132,0],]]
[32389,1,28,[[32390,0],[32388,0],[32645,0],[32644,0],[32133,0],]]
[32390,4,28,[[32389,0],[32391,0],[32646,0],[32134,0],]]
[32391,6,28,[[32392,0],[32390,0],[32647,0],[32646,0],[32135,0],]]
[32392,14,28,[[32391,0],[32393,0],[32648,0],[32136,0],]]
[32393,15,28,[[32394,0],[32392,0],[32649,0],[32648,0],[32137,0],]]
[32394,18,28,[[32393,0],[32395,0],[32650,0],[32138,0],]]
[32395,1,28,[[32396,0],[32394,0],[32651,0],[32650,0],[32139,0],]]
[32396,11,28,[[32395,0],[32397,0],[32652,0],[32140,0],]]
[32397,3,28,[[32398,0],[32396,0],[32653,0],[32652,0],[32141,0],]]
[32398,3,28,[[32397,0],[32399,0],[32654,0],[32142,0],]]
[32399,14,28,[[32400,0],[32398,0],[32655,0],[32654,0],[32143,0],]]
[32400,5,28,[[32399,0],[32401,0],[32656,0],[32144,0],]]
[32401,2,28,[[32402,0],[32400,0],[32657,0],[32656,0],[32145,0],]]
[32402,4,28,[[32401,0],[32403,0],[32658,0],[32146,0],]]
[32403,12,28,[[32404,0],[32402,0],[32659,0],[32658,0],[32147,0],]]
[32404,10,28,[[32403,0],[32405,0],[32660,0],[32148,0],]]
[32405,8,28,[[32406,0],[32404,0],[32661,0],[32660,0],[32149,0],]]
[32406,2,28,[[32405,0],[32407,0],[32662,0],[32150,0],]]
[32407,13,28,[[32408,0],[32406,0],[32663,0],[32662,0],[32151,0],]]
[32408,7,28,[[32407,0],[32409,0],[32664,0],[32152,0],]]
[32409,10,28,[[32410,0],[32408,0],[32665,0],[32664,0],[32153,0],]]
[32410,15,28,[[32409,0],[32411,0],[32666,0],[32154,0],]]
[32411,11,28,[[32412,0],[32410,0],[32667,0],[32666,0],[32155,0],]]
[32412,17,28,[[32411,0],[32413,0],[32668,0],[32156,0],]]
[32413,2,28,[[32414,0],[32412,0],[32669,0],[32668,0],[32157,0],]]
[32414,12,28,[[32413,0],[32415,0],[32670,0],[32158,0],]]
[32415,7,28,[[32416,0],[32414,0],[32671,0],[32670,0],[32159,0],]]
[32416,16,29,[[32415,0],[32417,0],[32672,0],[32160,0],]]
[32417,1,29,[[32418,0],[32416,0],[32673,0],[32672,0],[32161,0],]]
[32418,8,29,[[32417,0],[32419,0],[32674,0],[32162,0],]]
[32419,12,29,[[32420,0],[32418,0],[32675,0],[32674,0],[32163,0],]]
[32420,14,29,[[32419,0],[32421,0],[32676,0],[32164,0],]]
[32421,7,29,[[32422,0],[32420,0],[32677,0],[32676,0],[32165,0],]]
[32422,9,29,[[32421,0],[32423,0],[32678,0],[32166,0],]]
[32423,9,29,[[32424,0],[32422,0],[32679,0],[32678,0],[32167,0],]]
[32424,13,29,[[32423,0],[32425,0],[32680,0],[32168,0],]]
[32425,7,29,[[32426,0],[32424,0],[32681,0],[32680,0],[32169,0],]]
[32426,13,29,[[32425,0],[32427,0],[32682,0],[32170,0],]]
[32427,9,29,[[32428,0],[32426,0],[32683,0],[32682,0],[32171,0],]]
[32428,15,29,[[32427,0],[32429,0],[32684,0],[32172,0],]]
[32429,14,29,[[32430,0],[32428,0],[32685,0],[32684,0],[32173,0],]]
[32430,10,29,[[32429,0],[32431,0],[32686,0],[32174,0],]]
[32431,16,29,[[32432,0],[32430,0],[32687,0],[32686,0],[32175,0],]]
[32432,16,29,[[32431,0],[32433,0],[32688,0],[32176,0],]]
[32433,11,29,[[32434,0],[32432,0],[32689,0],[32688,0],[32177,0],]]
[32434,11,29,[[32433,0],[32435,0],[32690,0],[32178,0],]]
[32435,14,29,[[32436,0],[32434,0],[32691,0],[32690,0],[32179,0],]]
[32436,2,29,[[32435,0],[32437,0],[32692,0],[32180,0],]]
[32437,12,29,[[32438,0],[32436,0],[32693,0],[32692,0],[32181,0],]]
[32438,15,29,[[32437,0],[32439,0],[32694,0],[32182,0],]]
[32439,5,29,[[32440,0],[32438,0],[32695,0],[32694,0],[32183,0],]]
[32440,19,29,[[32439,0],[32441,0],[32696,0],[32184,0],]]
[32441,18,29,[[32442,0],[32440,0],[32697,0],[32696,0],[32185,0],]]
[32442,18,29,[[32441,0],[32443,0],[32698,0],[32186,0],]]
[32443,2,29,[[32444,0],[32442,0],[32699,0],[32698,0],[32187,0],]]
[32444,12,29,[[32443,0],[32445,0],[32700,0],[32188,0],]]
[32445,3,29,[[32446,0],[32444,0],[32701,0],[32700,0],[32189,0],]]
[32446,7,29,[[32445,0],[32447,0],[32702,0],[32190,0],]]
[32447,7,29,[[32448,0],[32446,0],[32703,0],[32702,0],[32191,0],]]
[32448,18,30,[[32447,0],[32449,0],[32704,0],[32192,0],]]
[32449,3,30,[[32450,0],[32448,0],[32705,0],[32704,0],[32193,0],]]
[32450,14,30,[[32449,0],[32451,0],[32706,0],[32194,0],]]
[32451,19,30,[[32452,0],[32450,0],[32707,0],[32706,0],[32195,0],]]
[32452,5,30,[[32451,0],[32453,0],[32708,0],[32196,0],]]
[32453,5,30,[[32454,0],[32452,0],[32709,0],[32708,0],[32197,0],]]
[32454,12,30,[[32453,0],[32455,0],[32710,0],[32198,0],]]
[32455,19,30,[[32456,0],[32454,0],[32711,0],[32710,0],[32199,0],]]
[32456,19,30,[[32455,0],[32457,0],[32712,0],[32200,0],]]
[32457,3,30,[[32458,0],[32456,0],[32713,0],[32712,0],[32201,0],]]
[32458,1,30,[[32457,0],[32459,0],[32714,0],[32202,0],]]
[32459,6,30,[[32460,0],[32458,0],[32715,0],[32714,0],[32203,0],]]
[32460,18,30,[[32459,0],[32461,0],[32716,0],[32204,0],]]
[32461,18,30,[[32462,0],[32460,0],[32717,0],[32716,0],[32205,0],]]
[32462,3,30,[[32461,0],[32463,0],[32718,0],[32206,0],]]
[32463,4,30,[[32464,0],[32462,0],[32719,0],[32718,0],[32207,0],]]
[32464,19,30,[[32463,0],[32465,0],[32720,0],[32208,0],]]
[32465,12,30,[[32466,0],[32464,0],[32721,0],[32720,0],[32209,0],]]
[32466,17,30,[[32465,0],[32467,0],[32722,0],[32210,0],]]
[32467,12,30,[[32468,0],[32466,0],[32723,0],[32722,0],[32211,0],]]
[32468,2,30,[[32467,0],[32469,0],[32724,0],[32212,0],]]
[32469,13,30,[[32470,0],[32468,0],[32725,0],[32724,0],[32213,0],]]
[32470,5,30,[[32469,0],[32471,0],[32726,0],[32214,0],]]
[32471,7,30,[[32472,0],[32470,0],[32727,0],[32726,0],[32215,0],]]
[32472,19,30,[[32471,0],[32473,0],[32728,0],[32216,0],]]
[32473,19,30,[[32474,0],[32472,0],[32729,0],[32728,0],[32217,0],]]
[32474,15,30,[[32473,0],[32475,0],[32730,0],[32218,0],]]
[32475,9,30,[[32476,0],[32474,0],[32731,0],[32730,0],[32219,0],]]
[32476,15,30,[[32475,0],[32477,0],[32732,0],[32220,0],]]
[32477,11,30,[[32478,0],[32476,0],[32733,0],[32732,0],[32221,0],]]
[32478,16,30,[[32477,0],[32479,0],[32734,0],[32222,0],]]
[32479,5,30,[[32480,0],[32478,0],[32735,0],[32734,0],[32223,0],]]
[32480,18,31,[[32479,0],[32481,0],[32736,0],[32224,0],]]
[32481,8,31,[[32482,0],[32480,0],[32737,0],[32736,0],[32225,0],]]
[32482,8,31,[[32481,0],[32483,0],[32738,0],[32226,0],]]
[32483,5,31,[[32484,0],[32482,0],[32739,0],[32738,0],[32227,0],]]
[32484,16,31,[[32483,0],[32485,0],[32740,0],[32228,0],]]
[32485,7,31,[[32486,0],[32484,0],[32741,0],[32740,0],[32229,0],]]
[32486,15,31,[[32485,0],[32487,0],[32742,0],[32230,0],]]
[32487,10,31,[[32488,0],[32486,0],[32743,0],[32742,0],[32231,0],]]
[32488,6,31,[[32487,0],[32489,0],[32744,0],[32232,0],]]
[32489,13,31,[[32490,0],[32488,0],[32745,0],[32744,0],[32233,0],]]
[32490,3,31,[[32489,0],[32491,0],[32746,0],[32234,0],]]
[32491,12,31,[[32492,0],[32490,0],[32747,0],[32746,0],[32235,0],]]
[32492,5,31,[[32491,0],[32493,0],[32748,0],[32236,0],]]
[32493,12,31,[[32494,0],[32492,0],[32749,0],[32748,0],[32237,0],]]
[32494,18,31,[[32493,0],[32495,0],[32750,0],[32238,0],]]
[32495,11,31,[[32496,0],[32494,0],[32751,0],[32750,0],[32239,0],]]
[32496,17,31,[[32495,0],[32497,0],[32752,0],[32240,0],]]
[32497,7,31,[[32498,0],[32496,0],[32753,0],[32752,0],[32241,0],]]
[32498,13,31,[[32497,0],[32499,0],[32754,0],[32242,0],]]
[32499,5,31,[[32500,0],[32498,0],[32755,0],[32754,0],[32243,0],]]
[32500,2,31,[[32499,0],[32501,0],[32756,0],[32244,0],]]
[32501,1,31,[[32502,0],[32500,0],[32757,0],[32756,0],[32245,0],]]
[32502,8,31,[[32501,0],[32503,0],[32758,0],[32246,0],]]
[32503,9,31,[[32504,0],[32502,0],[32759,0],[32758,0],[32247,0],]]
[32504,4,31,[[32503,0],[32505,0],[32760,0],[32248,0],]]
[32505,9,31,[[32506,0],[32504,0],[32761,0],[32760,0],[32249,0],]]
[32506,16,31,[[32505,0],[32507,0],[32762,0],[32250,0],]]
[32507,11,31,[[32508,0],[32506,0],[32763,0],[32762,0],[32251,0],]]
[32508,1,31,[[32507,0],[32509,0],[32764,0],[32252,0],]]
[32509,16,31,[[32510,0],[32508,0],[32765,0],[32764,0],[32253,0],]]
[32510,9,31,[[32509,0],[32511,0],[32766,0],[32254,0],]]
[32511,14,31,[[32510,0],[32767,0],[32766,0],[32255,0],]]
[32512,17,24,[[32513,0],[32256,0],[32257,0],[32768,0],]]
[32513,9,24,[[32514,0],[32512,0],[32257,0],[32769,0],]]
[32514,8,24,[[32513,0],[32515,0],[32258,0],[32259,0],[32770,0],]]
[32515,4,24,[[32516,0],[32514,0],[32259,0],[32771,0],]]
[32516,17,24,[[32515,0],[32517,0],[32260,0],[32261,0],[32772,0],]]
[32517,16,24,[[32518,0],[32516,0],[32261,0],[32773,0],]]
[32518,3,24,[[32517,0],[32519,0],[32262,0],[32263,0],[32774,0],]]
[32519,15,24,[[32520,0],[32518,0],[32263,0],[32775,0],]]
[32520,5,24,[[32519,0],[32521,0],[32264,0],[32265,0],[32776,0],]]
[32521,5,24,[[32522,0],[32520,0],[32265,0],[32777,0],]]
[32522,15,24,[[32521,0],[32523,0],[32266,0],[32267,0],[32778,0],]]
[32523,9,24,[[32524,0],[32522,0],[32267,0],[32779,0],]]
[32524,15,24,[[32523,0],[32525,0],[32268,0],[32269,0],[32780,0],]]
[32525,16,24,[[32526,0],[32524,0],[32269,0],[32781,0],]]
[32526,8,24,[[32525,0],[32527,0],[32270,0],[32271,0],[32782,0],]]
[32527,2,24,[[32528,0],[32526,0],[32271,0],[32783,0],]]
[32528,8,24,[[32527,0],[32529,0],[32272,0],[32273,0],[32784,0],]]
[32529,10,24,[[32530,0],[32528,0],[32273,0],[32785,0],]]
[32530,8,24,[[32529,0],[32531,0],[32274,0],[32275,0],[32786,0],]]
[32531,10,24,[[32532,0],[32530,0],[32275,0],[32787,0],]]
[32532,2,24,[[32531,0],[32533,0],[32276,0],[32277,0],[32788,0],]]
[32533,8,24,[[32534,0],[32532,0],[32277,0],[32789,0],]]
[32534,3,24,[[32533,0],[32535,0],[32278,0],[32279,0],[32790,0],]]
[32535,8,24,[[32536,0],[32534,0],[32279,0],[32791,0],]]
[32536,3,24,[[32535,0],[32537,0],[32280,0],[32281,0],[32792,0],]]
[32537,6,24,[[32538,0],[32536,0],[32281,0],[32793,0],]]
[32538,14,24,[[32537,0],[32539,0],[32282,0],[32283,0],[32794,0],]]
[32539,17,24,[[32540,0],[32538,0],[32283,0],[32795,0],]]
[32540,11,24,[[32539,0],[32541,0],[32284,0],[32285,0],[32796,0],]]
[32541,11,24,[[32542,0],[32540,0],[32285,0],[32797,0],]]
[32542,12,24,[[32541,0],[32543,0],[32286,0],[32287,0],[32798,0],]]
[32543,1,24,[[32544,0],[32542,0],[32287,0],[32799,0],]]
[32544,10,25,[[32543,0],[32545,0],[32288,0],[32289,0],[32800,0],]]
[32545,19,25,[[32546,0],[32544,0],[32289,0],[32801,0],]]
[32546,11,25,[[32545,0],[32547,0],[32290,0],[32291,0],[32802,0],]]
[32547,14,25,[[32548,0],[32546,0],[32291,0],[32803,0],]]
[32548,4,25,[[32547,0],[32549,0],[32292,0],[32293,0],[32804,0],]]
[32549,9,25,[[32550,0],[32548,0],[32293,0],[32805,0],]]
[32550,2,25,[[32549,0],[32551,0],[32294,0],[32295,0],[32806,0],]]
[32551,12,25,[[32552,0],[32550,0],[32295,0],[32807,0],]]
[32552,16,25,[[32551,0],[32553,0],[32296,0],[32297,0],[32808,0],]]
[32553,11,25,[[32554,0],[32552,0],[32297,0],[32809,0],]]
[32554,12,25,[[32553,0],[32555,0],[32298,0],[32299,0],[32810,0],]]
[32555,6,25,[[32556,0],[32554,0],[32299,0],[32811,0],]]
[32556,7,25,[[32555,0],[32557,0],[32300,0],[32301,0],[32812,0],]]
[32557,3,25,[[32558,0],[32556,0],[32301,0],[32813,0],]]
[32558,18,25,[[32557,0],[32559,0],[32302,0],[32303,0],[32814,0],]]
[32559,15,25,[[32560,0],[32558,0],[32303,0],[32815,0],]]
[32560,9,25,[[32559,0],[32561,0],[32304,0],[32305,0],[32816,0],]]
[32561,10,25,[[32562,0],[32560,0],[32305,0],[32817,0],]]
[32562,6,25,[[32561,0],[32563,0],[32306,0],[32307,0],[32818,0],]]
[32563,3,25,[[32564,0],[32562,0],[32307,0],[32819,0],]]
[32564,14,25,[[32563,0],[32565,0],[32308,0],[32309,0],[32820,0],]]
[32565,6,25,[[32566,0],[32564,0],[32309,0],[32821,0],]]
[32566,1,25,[[32565,0],[32567,0],[32310,0],[32311,0],[32822,0],]]
[32567,1,25,[[32568,0],[32566,0],[32311,0],[32823,0],]]
[32568,1,25,[[32567,0],[32569,0],[32312,0],[32313,0],[32824,0],]]
[32569,9,25,[[32570,0],[32568,0],[32313,0],[32825,0],]]
[32570,2,25,[[32569,0],[32571,0],[32314,0],[32315,0],[32826,0],]]
[32571,13,25,[[32572,0],[32570,0],[32315,0],[32827,0],]]
[32572,5,25,[[32571,0],[32573,0],[32316,0],[32317,0],[32828,0],]]
[32573,16,25,[[32574,0],[32572,0],[32317,0],[32829,0],]]
[32574,9,25,[[32573,0],[32575,0],[32318,0],[32319,0],[32830,0],]]
[32575,8,25,[[32576,0],[32574,0],[32319,0],[32831,0],]]
[32576,16,26,[[32575,0],[32577,0],[32320,0],[32321,0],[32832,0],]]
[32577,7,26,[[32578,0],[32576,0],[32321,0],[32833,0],]]
[32578,9,26,[[32577,0],[32579,0],[32322,0],[32323,0],[32834,0],]]
[32579,13,26,[[32580,0],[32578,0],[32323,0],[32835,0],]]
[32580,12,26,[[32579,0],[32581,0],[32324,0],[32325,0],[32836,0],]]
[32581,14,26,[[32582,0],[32580,0],[32325,0],[32837,0],]]
[32582,18,26,[[32581,0],[32583,0],[32326,0],[32327,0],[32838,0],]]
[32583,17,26,[[32584,0],[32582,0],[32327,0],[32839,0],]]
[32584,5,26,[[32583,0],[32585,0],[32328,0],[32329,0],[32840,0],]]
[32585,19,26,[[32586,0],[32584,0],[32329,0],[32841,0],]]
[32586,5,26,[[32585,0],[32587,0],[32330,0],[32331,0],[32842,0],]]
[32587,6,26,[[32588,0],[32586,0],[32331,0],[32843,0],]]
[32588,9,26,[[32587,0],[32589,0],[32332,0],[32333,0],[32844,0],]]
[32589,18,26,[[32590,0],[32588,0],[32333,0],[32845,0],]]
[32590,4,26,[[32589,0],[32591,0],[32334,0],[32335,0],[32846,0],]]
[32591,18,26,[[32592,0],[32590,0],[32335,0],[32847,0],]]
[32592,8,26,[[32591,0],[32593,0],[32336,0],[32337,0],[32848,0],]]
[32593,5,26,[[32594,0],[32592,0],[32337,0],[32849,0],]]
[32594,14,26,[[32593,0],[32595,0],[32338,0],[32339,0],[32850,0],]]
[32595,8,26,[[32596,0],[32594,0],[32339,0],[32851,0],]]
[32596,10,26,[[32595,0],[32597,0],[32340,0],[32341,0],[32852,0],]]
[32597,2,26,[[32598,0],[32596,0],[32341,0],[32853,0],]]
[32598,1,26,[[32597,0],[32599,0],[32342,0],[32343,0],[32854,0],]]
[32599,5,26,[[32600,0],[32598,0],[32343,0],[32855,0],]]
[32600,8,26,[[32599,0],[32601,0],[32344,0],[32345,0],[32856,0],]]
[32601,16,26,[[32602,0],[32600,0],[32345,0],[32857,0],]]
[32602,8,26,[[32601,0],[32603,0],[32346,0],[32347,0],[32858,0],]]
[32603,10,26,[[32604,0],[32602,0],[32347,0],[32859,0],]]
[32604,12,26,[[32603,0],[32605,0],[32348,0],[32349,0],[32860,0],]]
[32605,14,26,[[32606,0],[32604,0],[32349,0],[32861,0],]]
[32606,15,26,[[32605,0],[32607,0],[32350,0],[32351,0],[32862,0],]]
[32607,5,26,[[32608,0],[32606,0],[32351,0],[32863,0],]]
[32608,2,27,[[32607,0],[32609,0],[32352,0],[32353,0],[32864,0],]]
[32609,4,27,[[32610,0],[32608,0],[32353,0],[32865,0],]]
[32610,13,27,[[32609,0],[32611,0],[32354,0],[32355,0],[32866,0],]]
[32611,6,27,[[32612,0],[32610,0],[32355,0],[32867,0],]]
[32612,5,27,[[32611,0],[32613,0],[32356,0],[32357,0],[32868,0],]]
[32613,6,27,[[32614,0],[32612,0],[32357,0],[32869,0],]]
[32614,8,27,[[32613,0],[32615,0],[32358,0],[32359,0],[32870,0],]]
[32615,9,27,[[32616,0],[32614,0],[32359,0],[32871,0],]]
[32616,7,27,[[32615,0],[32617,0],[32360,0],[32361,0],[32872,0],]]
[32617,5,27,[[32618,0],[32616,0],[32361,0],[32873,0],]]
[32618,15,27,[[32617,0],[32619,0],[32362,0],[32363,0],[32874,0],]]
[32619,5,27,[[32620,0],[32618,0],[32363,0],[32875,0],]]
[32620,9,27,[[32619,0],[32621,0],[32364,0],[32365,0],[32876,0],]]
[32621,12,27,[[32622,0],[32620,0],[32365,0],[32877,0],]]
[32622,9,27,[[32621,0],[32623,0],[32366,0],[32367,0],[32878,0],]]
[32623,1,27,[[32624,0],[32622,0],[32367,0],[32879,0],]]
[32624,13,27,[[32623,0],[32625,0],[32368,0],[32369,0],[32880,0],]]
[32625,16,27,[[32626,0],[32624,0],[32369,0],[32881,0],]]
[32626,7,27,[[32625,0],[32627,0],[32370,0],[32371,0],[32882,0],]]
[32627,16,27,[[32628,0],[32626,0],[32371,0],[32883,0],]]
[32628,18,27,[[32627,0],[32629,0],[32372,0],[32373,0],[32884,0],]]
[32629,14,27,[[32630,0],[32628,0],[32373,0],[32885,0],]]
[32630,5,27,[[32629,0],[32631,0],[32374,0],[32375,0],[32886,0],]]
[32631,14,27,[[32632,0],[32630,0],[32375,0],[32887,0],]]
[32632,5,27,[[32631,0],[32633,0],[32376,0],[32377,0],[32888,0],]]
[32633,5,27,[[32634,0],[32632,0],[32377,0],[32889,0],]]
[32634,3,27,[[32633,0],[32635,0],[32378,0],[32379,0],[32890,0],]]
[32635,18,27,[[32636,0],[32634,0],[32379,0],[32891,0],]]
[32636,3,27,[[32635,0],[32637,0],[32380,0],[32381,0],[32892,0],]]
[32637,15,27,[[32638,0],[32636,0],[32381,0],[32893,0],]]
[32638,6,27,[[32637,0],[32639,0],[32382,0],[32383,0],[32894,0],]]
[32639,6,27,[[32640,0],[32638,0],[32383,0],[32895,0],]]
[32640,9,28,[[32639,0],[32641,0],[32384,0],[32385,0],[32896,0],]]
[32641,19,28,[[32642,0],[32640,0],[32385,0],[32897,0],]]
[32642,19,28,[[32641,0],[32643,0],[32386,0],[32387,0],[32898,0],]]
[32643,19,28,[[32644,0],[32642,0],[32387,0],[32899,0],]]
[32644,12,28,[[32643,0],[32645,0],[32388,0],[32389,0],[32900,0],]]
[32645,8,28,[[32646,0],[32644,0],[32389,0],[32901,0],]]
[32646,2,28,[[32645,0],[32647,0],[32390,0],[32391,0],[32902,0],]]
[32647,18,28,[[32648,0],[32646,0],[32391,0],[32903,0],]]
[32648,15,28,[[32647,0],[32649,0],[32392,0],[32393,0],[32904,0],]]
[32649,19,28,[[32650,0],[32648,0],[32393,0],[32905,0],]]
[32650,18,28,[[32649,0],[32651,0],[32394,0],[32395,0],[32906,0],]]
[32651,5,28,[[32652,0],[32650,0],[32395,0],[32907,0],]]
[32652,17,28,[[32651,0],[32653,0],[32396,0],[32397,0],[32908,0],]]
[32653,15,28,[[32654,0],[32652,0],[32397,0],[32909,0],]]
[32654,19,28,[[32653,0],[32655,0],[32398,0],[32399,0],[32910,0],]]
[32655,10,28,[[32656,0],[32654,0],[32399,0],[32911,0],]]
[32656,9,28,[[32655,0],[32657,0],[32400,0],[32401,0],[32912,0],]]
[32657,15,28,[[32658,0],[32656,0],[32401,0],[32913,0],]]
[32658,2,28,[[32657,0],[32659,0],[32402,0],[32403,0],[32914,0],]]
[32659,15,28,[[32660,0],[32658,0],[32403,0],[32915,0],]]
[32660,17,28,[[32659,0],[32661,0],[32404,0],[32405,0],[32916,0],]]
[32661,7,28,[[32662,0],[32660,0],[32405,0],[32917,0],]]
[32662,15,28,[[32661,0],[32663,0],[32406,0],[32407,0],[32918,0],]]
[32663,5,28,[[32664,0],[32662,0],[32407,0],[32919,0],]]
[32664,13,28,[[32663,0],[32665,0],[32408,0],[32409,0],[32920,0],]]
[32665,12,28,[[32666,0],[32664,0],[32409,0],[32921,0],]]
[32666,4,28,[[32665,0],[32667,0],[32410,0],[32411,0],[32922,0],]]
[32667,5,28,[[32668,0],[32666,0],[32411,0],[32923,0],]]
[32668,12,28,[[32667,0],[32669,0],[32412,0],[32413,0],[32924,0],]]
[32669,5,28,[[32670,0],[32668,0],[32413,0],[32925,0],]]
[32670,14,28,[[32669,0],[32671,0],[32414,0],[32415,0],[32926,0],]]
[32671,14,28,[[32672,0],[32670,0],[32415,0],[32927,0],]]
[32672,13,29,[[32671,0],[32673,0],[32416,0],[32417,0],[32928,0],]]
[32673,8,29,[[32674,0],[32672,0],[32417,0],[32929,0],]]
[32674,13,29,[[32673,0],[32675,0],[32418,0],[32419,0],[32930,0],]]
[32675,17,29,[[32676,0],[32674,0],[32419,0],[32931,0],]]
[32676,19,29,[[32675,0],[32677,0],[32420,0],[32421,0],[32932,0],]]
[32677,19,29,[[32678,0],[32676,0],[32421,0],[32933,0],]]
[32678,2,29,[[32677,0],[32679,0],[32422,0],[32423,0],[32934,0],]]
[32679,4,29,[[32680,0],[32678,0],[32423,0],[32935,0],]]
[32680,17,29,[[32679,0],[32681,0],[32424,0],[32425,0],[32936,0],]]
[32681,7,29,[[32682,0],[32680,0],[32425,0],[32937,0],]]
[32682,15,29,[[32681,0],[32683,0],[32426,0],[32427,0],[32938,0],]]
[32683,16,29,[[32684,0],[32682,0],[32427,0],[32939,0],]]
[32684,10,29,[[32683,0],[32685,0],[32428,0],[32429,0],[32940,0],]]
[32685,10,29,[[32686,0],[32684,0],[32429,0],[32941,0],]]
[32686,19,29,[[32685,0],[32687,0],[32430,0],[32431,0],[32942,0],]]
[32687,1,29,[[32688,0],[32686,0],[32431,0],[32943,0],]]
[32688,11,29,[[32687,0],[32689,0],[32432,0],[32433,0],[32944,0],]]
[32689,2,29,[[32690,0],[32688,0],[32433,0],[32945,0],]]
[32690,11,29,[[32689,0],[32691,0],[32434,0],[32435,0],[32946,0],]]
[32691,19,29,[[32692,0],[32690,0],[32435,0],[32947,0],]]
[32692,10,29,[[32691,0],[32693,0],[32436,0],[32437,0],[32948,0],]]
[32693,12,29,[[32694,0],[32692,0],[32437,0],[32949,0],]]
[32694,15,29,[[32693,0],[32695,0],[32438,0],[32439,0],[32950,0],]]
[32695,14,29,[[32696,0],[32694,0],[32439,0],[32951,0],]]
[32696,13,29,[[32695,0],[32697,0],[32440,0],[32441,0],[32952,0],]]
[32697,12,29,[[32698,0],[32696,0],[32441,0],[32953,0],]]
[32698,18,29,[[32697,0],[32699,0],[32442,0],[32443,0],[32954,0],]]
[32699,6,29,[[32700,0],[32698,0],[32443,0],[32955,0],]]
[32700,16,29,[[32699,0],[32701,0],[32444,0],[32445,0],[32956,0],]]
[32701,15,29,[[32702,0],[32700,0],[32445,0],[32957,0],]]
[32702,14,29,[[32701,0],[32703,0],[32446,0],[32447,0],[32958,0],]]
[32703,9,29,[[32704,0],[32702,0],[32447,0],[32959,0],]]
[32704,15,30,[[32703,0],[32705,0],[32448,0],[32449,0],[32960,0],]]
[32705,8,30,[[32706,0],[32704,0],[32449,0],[32961,0],]]
[32706,15,30,[[32705,0],[32707,0],[32450,0],[32451,0],[32962,0],]]
[32707,4,30,[[32708,0],[32706,0],[32451,0],[32963,0],]]
[32708,19,30,[[32707,0],[32709,0],[32452,0],[32453,0],[32964,0],]]
[32709,19,30,[[32710,0],[32708,0],[32453,0],[32965,0],]]
[32710,8,30,[[32709,0],[32711,0],[32454,0],[32455,0],[32966,0],]]
[32711,4,30,[[32712,0],[32710,0],[32455,0],[32967,0],]]
[32712,14,30,[[32711,0],[32713,0],[32456,0],[32457,0],[32968,0],]]
[32713,14,30,[[32714,0],[32712,0],[32457,0],[32969,0],]]
[32714,7,30,[[32713,0],[32715,0],[32458,0],[32459,0],[32970,0],]]
[32715,17,30,[[32716,0],[32714,0],[32459,0],[32971,0],]]
[32716,8,30,[[32715,0],[32717,0],[32460,0],[32461,0],[32972,0],]]
[32717,6,30,[[32718,0],[32716,0],[32461,0],[32973,0],]]
[32718,7,30,[[32717,0],[32719,0],[32462,0],[32463,0],[32974,0],]]
[32719,18,30,[[32720,0],[32718,0],[32463,0],[32975,0],]]
[32720,9,30,[[32719,0],[32721,0],[32464,0],[32465,0],[32976,0],]]
[32721,11,30,[[32722,0],[32720,0],[32465,0],[32977,0],]]
[32722,10,30,[[32721,0],[32723,0],[32466,0],[32467,0],[32978,0],]]
[32723,17,30,[[32724,0],[32722,0],[32467,0],[32979,0],]]
[32724,5,30,[[32723,0],[32725,0],[32468,0],[32469,0],[32980,0],]]
[32725,6,30,[[32726,0],[32724,0],[32469,0],[32981,0],]]
[32726,19,30,[[32725,0],[32727,0],[32470,0],[32471,0],[32982,0],]]
[32727,8,30,[[32728,0],[32726,0],[32471,0],[32983,0],]]
[32728,2,30,[[32727,0],[32729,0],[32472,0],[32473,0],[32984,0],]]
[32729,12,30,[[32730,0],[32728,0],[32473,0],[32985,0],]]
[32730,3,30,[[32729,0],[32731,0],[32474,0],[32475,0],[32986,0],]]
[32731,19,30,[[32732,0],[32730,0],[32475,0],[32987,0],]]
[32732,5,30,[[32731,0],[32733,0],[32476,0],[32477,0],[32988,0],]]
[32733,6,30,[[32734,0],[32732,0],[32477,0],[32989,0],]]
[32734,14,30,[[32733,0],[32735,0],[32478,0],[32479,0],[32990,0],]]
[32735,6,30,[[32736,0],[32734,0],[32479,0],[32991,0],]]
[32736,10,31,[[32735,0],[32737,0],[32480,0],[32481,0],[32992,0],]]
[32737,13,31,[[32738,0],[32736,0],[32481,0],[32993,0],]]
[32738,17,31,[[32737,0],[32739,0],[32482,0],[32483,0],[32994,0],]]
[32739,18,31,[[32740,0],[32738,0],[32483,0],[32995,0],]]
[32740,13,31,[[32739,0],[32741,0],[32484,0],[32485,0],[32996,0],]]
[32741,16,31,[[32742,0],[32740,0],[32485,0],[32997,0],]]
[32742,13,31,[[32741,0],[32743,0],[32486,0],[32487,0],[32998,0],]]
[32743,15,31,[[32744,0],[32742,0],[32487,0],[32999,0],]]
[32744,11,31,[[32743,0],[32745,0],[32488,0],[32489,0],[33000,0],]]
[32745,16,31,[[32746,0],[32744,0],[32489,0],[33001,0],]]
[32746,15,31,[[32745,0],[32747,0],[32490,0],[32491,0],[33002,0],]]
[32747,8,31,[[32748,0],[32746,0],[32491,0],[33003,0],]]
[32748,7,31,[[32747,0],[32749,0],[32492,0],[32493,0],[33004,0],]]
[32749,9,31,[[32750,0],[32748,0],[32493,0],[33005,0],]]
[32750,12,31,[[32749,0],[32751,0],[32494,0],[32495,0],[33006,0],]]
[32751,13,31,[[32752,0],[32750,0],[32495,0],[33007,0],]]
[32752,4,31,[[32751,0],[32753,0],[32496,0],[32497,0],[33008,0],]]
[32753,11,31,[[32754,0],[32752,0],[32497,0],[33009,0],]]
[32754,18,31,[[32753,0],[32755,0],[32498,0],[32499,0],[33010,0],]]
[32755,11,31,[[32756,0],[32754,0],[32499,0],[33011,0],]]
[32756,9,31,[[32755,0],[32757,0],[32500,0],[32501,0],[33012,0],]]
[32757,11,31,[[32758,0],[32756,0],[32501,0],[33013,0],]]
[32758,12,31,[[32757,0],[32759,0],[32502,0],[32503,0],[33014,0],]]
[32759,7,31,[[32760,0],[32758,0],[32503,0],[33015,0],]]
[32760,16,31,[[32759,0],[32761,0],[32504,0],[32505,0],[33016,0],]]
[32761,17,31,[[32762,0],[32760,0],[32505,0],[33017,0],]]
[32762,16,31,[[32761,0],[32763,0],[32506,0],[32507,0],[33018,0],]]
[32763,3,31,[[32764,0],[32762,0],[32507,0],[33019,0],]]
[32764,15,31,[[32763,0],[32765,0],[32508,0],[32509,0],[33020,0],]]
[32765,12,31,[[32766,0],[32764,0],[32509,0],[33021,0],]]
[32766,4,31,[[32765,0],[32767,0],[32510,0],[32511,0],[33022,0],]]
[32767,13,31,[[32766,0],[32511,0],[33023,0],]]
