[28835,15,29,[[28836,0],[28834,0],[29091,0],[29090,0],[28579,0],]]
[28836,9,29,[[28835,0],[28837,0],[29092,0],[28580,0],]]
[28837,2,29,[[28838,0],[28836,0],[29093,0],[29092,0],[28581,0],]]
[28838,1,29,[[28837,0],[28839,0],[29094,0],[28582,0],]]
[28839,9,29,[[28840,0],[28838,0],[29095,0],[29094,0],[28583,0],]]
[28840,6,29,[[28839,0],[28841,0],[29096,0],[28584,0],]]
[28841,19,29,[[28842,0],[28840,0],[29097,0],[29096,0],[28585,0],]]
[28842,9,29,[[28841,0],[28843,0],[29098,0],[28586,0],]]
[28843,7,29,[[28844,0],[28842,0],[29099,0],[29098,0],[28587,0],]]
[28844,19,29,[[28843,0],[28845,0],[29100,0],[28588,0],]]
[28845,9,29,[[28846,0],[28844,0],[29101,0],[29100,0],[28589,0],]]
[28846,3,29,[[28845,0],[28847,0],[29102,0],[28590,0],]]
[28847,7,29,[[28848,0],[28846,0],[29103,0],[29102,0],[28591,0],]]
[28848,7,29,[[28847,0],[28849,0],[29104,0],[28592,0],]]
[28849,14,29,[[28850,0],[28848,0],[29105,0],[29104,0],[28593,0],]]
[28850,16,29,[[28849,0],[28851,0],[29106,0],[28594,0],]]
[28851,12,29,[[28852,0],[28850,0],[29107,0],[29106,0],[28595,0],]]
[28852,6,29,[[28851,0],[28853,0],[29108,0],[28596,0],]]
[28853,15,29,[[28854,0],[28852,0],[29109,0],[29108,0],[28597,0],]]
[28854,1,29,[[28853,0],[28855,0],[29110,0],[28598,0],]]
[28855,5,29,[[28856,0],[28854,0],[29111,0],[29110,0],[28599,0],]]
[28856,1,29,[[28855,0],[28857,0],[29112,0],[28600,0],]]
[28857,15,29,[[28858,0],[28856,0],[29113,0],[29112,0],[28601,0],]]
[28858,1,29,[[28857,0],[28859,0],[29114,0],[28602,0],]]
[28859,1,29,[[28860,0],[28858,0],[29115,0],[29114,0],[28603,0],]]
[28860,13,29,[[28859,0],[28861,0],[29116,0],[28604,0],]]
[28861,14,29,[[28862,0],[28860,0],[29117,0],[29116,0],[28605,0],]]
[28862,15,29,[[28861,0],[28863,0],[29118,0],[28606,0],]]
[28863,12,29,[[28864,0],[28862,0],[29119,0],[29118,0],[28607,0],]]
[28864,16,30,[[28863,0],[28865,0],[29120,0],[28608,0],]]
[28865,12,30,[[28866,0],[28864,0],[29121,0],[29120,0],[28609,0],]]
[28866,17,30,[[28865,0],[28867,0],[29122,0],[28610,0],]]
[28867,1,30,[[28868,0],[28866,0],[29123,0],[29122,0],[28611,0],]]
[28868,4,30,[[28867,0],[28869,0],[29124,0],[28612,0],]]
[28869,8,30,[[28870,0],[28868,0],[29125,0],[29124,0],[28613,0],]]
[28870,16,30,[[28869,0],[28871,0],[29126,0],[28614,0],]]
[28871,19,30,[[28872,0],[28870,0],[29127,0],[29126,0],[28615,0],]]
[28872,11,30,[[28871,0],[28873,0],[29128,0],[28616,0],]]
[28873,3,30,[[28874,0],[28872,0],[29129,0],[29128,0],[28617,0],]]
[28874,19,30,[[28873,0],[28875,0],[29130,0],[28618,0],]]
[28875,17,30,[[28876,0],[28874,0],[29131,0],[29130,0],[28619,0],]]
[28876,10,30,[[28875,0],[28877,0],[29132,0],[28620,0],]]
[28877,13,30,[[28878,0],[28876,0],[29133,0],[29132,0],[28621,0],]]
[28878,1,30,[[28877,0],[28879,0],[29134,0],[28622,0],]]
[28879,2,30,[[28880,0],[28878,0],[29135,0],[29134,0],[28623,0],]]
[28880,19,30,[[28879,0],[28881,0],[29136,0],[28624,0],]]
[28881,6,30,[[28882,0],[28880,0],[29137,0],[29136,0],[28625,0],]]
[28882,7,30,[[28881,0],[28883,0],[29138,0],[28626,0],]]
[28883,15,30,[[28884,0],[28882,0],[29139,0],[29138,0],[28627,0],]]
[28884,13,30,[[28883,0],[28885,0],[29140,0],[28628,0],]]
[28885,12,30,[[28886,0],[28884,0],[29141,0],[29140,0],[28629,0],]]
[28886,6,30,[[28885,0],[28887,0],[29142,0],[28630,0],]]
[28887,16,30,[[28888,0],[28886,0],[29143,0],[29142,0],[28631,0],]]
[28888,2,30,[[28887,0],[28889,0],[29144,0],[28632,0],]]
[28889,4,30,[[28890,0],[28888,0],[29145,0],[29144,0],[28633,0],]]
[28890,7,30,[[28889,0],[28891,0],[29146,0],[28634,0],]]
[28891,7,30,[[28892,0],[28890,0],[29147,0],[29146,0],[28635,0],]]
[28892,12,30,[[28891,0],[28893,0],[29148,0],[28636,0],]]
[28893,10,30,[[28894,0],[28892,0],[29149,0],[29148,0],[28637,0],]]
[28894,2,30,[[28893,0],[28895,0],[29150,0],[28638,0],]]
[28895,10,30,[[28896,0],[28894,0],[29151,0],[29150,0],[28639,0],]]
[28896,5,31,[[28895,0],[28897,0],[29152,0],[28640,0],]]
[28897,18,31,[[28898,0],[28896,0],[29153,0],[29152,0],[28641,0],]]
[28898,11,31,[[28897,0],[28899,0],[29154,0],[28642,0],]]
[28899,6,31,[[28900,0],[28898,0],[29155,0],[29154,0],[28643,0],]]
[28900,18,31,[[28899,0],[28901,0],[29156,0],[28644,0],]]
[28901,1,31,[[28902,0],[28900,0],[29157,0],[29156,0],[28645,0],]]
[28902,8,31,[[28901,0],[28903,0],[29158,0],[28646,0],]]
[28903,17,31,[[28904,0],[28902,0],[29159,0],[29158,0],[28647,0],]]
[28904,15,31,[[28903,0],[28905,0],[29160,0],[28648,0],]]
[28905,5,31,[[28906,0],[28904,0],[29161,0],[29160,0],[28649,0],]]
[28906,9,31,[[28905,0],[28907,0],[29162,0],[28650,0],]]
[28907,16,31,[[28908,0],[28906,0],[29163,0],[29162,0],[28651,0],]]
[28908,5,31,[[28907,0],[28909,0],[29164,0],[28652,0],]]
[28909,13,31,[[28910,0],[28908,0],[29165,0],[29164,0],[28653,0],]]
[28910,8,31,[[28909,0],[28911,0],[29166,0],[28654,0],]]
[28911,16,31,[[28912,0],[28910,0],[29167,0],[29166,0],[28655,0],]]
[28912,11,31,[[28911,0],[28913,0],[29168,0],[28656,0],]]
[28913,9,31,[[28914,0],[28912,0],[29169,0],[29168,0],[28657,0],]]
[28914,16,31,[[28913,0],[28915,0],[29170,0],[28658,0],]]
[28915,9,31,[[28916,0],[28914,0],[29171,0],[29170,0],[28659,0],]]
[28916,12,31,[[28915,0],[28917,0],[29172,0],[28660,0],]]
[28917,7,31,[[28918,0],[28916,0],[29173,0],[29172,0],[28661,0],]]
[28918,14,31,[[28917,0],[28919,0],[29174,0],[28662,0],]]
[28919,18,31,[[28920,0],[28918,0],[29175,0],[29174,0],[28663,0],]]
[28920,13,31,[[28919,0],[28921,0],[29176,0],[28664,0],]]
[28921,10,31,[[28922,0],[28920,0],[29177,0],[29176,0],[28665,0],]]
[28922,10,31,[[28921,0],[28923,0],[29178,0],[28666,0],]]
[28923,16,31,[[28924,0],[28922,0],[29179,0],[29178,0],[28667,0],]]
[28924,10,31,[[28923,0],[28925,0],[29180,0],[28668,0],]]
[28925,17,31,[[28926,0],[28924,0],[29181,0],[29180,0],[28669,0],]]
[28926,5,31,[[28925,0],[28927,0],[29182,0],[28670,0],]]
[28927,14,31,[[28926,0],[29183,0],[29182,0],[28671,0],]]
[28928,1,24,[[28929,0],[28672,0],[28673,0],[29184,0],]]
[28929,5,24,[[28930,0],[28928,0],[28673,0],[29185,0],]]
[28930,5,24,[[28929,0],[28931,0],[28674,0],[28675,0],[29186,0],]]
[28931,17,24,[[28932,0],[28930,0],[28675,0],[29187,0],]]
[28932,16,24,[[28931,0],[28933,0],[28676,0],[28677,0],[29188,0],]]
[28933,18,24,[[28934,0],[28932,0],[28677,0],[29189,0],]]
[28934,16,24,[[28933,0],[28935,0],[28678,0],[28679,0],[29190,0],]]
[28935,6,24,[[28936,0],[28934,0],[28679,0],[29191,0],]]
[28936,2,24,[[28935,0],[28937,0],[28680,0],[28681,0],[29192,0],]]
[28937,14,24,[[28938,0],[28936,0],[28681,0],[29193,0],]]
[28938,11,24,[[28937,0],[28939,0],[28682,0],[28683,0],[29194,0],]]
[28939,12,24,[[28940,0],[28938,0],[28683,0],[29195,0],]]
[28940,19,24,[[28939,0],[28941,0],[28684,0],[28685,0],[29196,0],]]
[28941,4,24,[[28942,0],[28940,0],[28685,0],[29197,0],]]
[28942,2,24,[[28941,0],[28943,0],[28686,0],[28687,0],[29198,0],]]
[28943,16,24,[[28944,0],[28942,0],[28687,0],[29199,0],]]
[28944,18,24,[[28943,0],[28945,0],[28688,0],[28689,0],[29200,0],]]
[28945,17,24,[[28946,0],[28944,0],[28689,0],[29201,0],]]
[28946,17,24,[[28945,0],[28947,0],[28690,0],[28691,0],[29202,0],]]
[28947,2,24,[[28948,0],[28946,0],[28691,0],[29203,0],]]
[28948,19,24,[[28947,0],[28949,0],[28692,0],[28693,0],[29204,0],]]
[28949,6,24,[[28950,0],[28948,0],[28693,0],[29205,0],]]
[28950,17,24,[[28949,0],[28951,0],[28694,0],[28695,0],[29206,0],]]
[28951,16,24,[[28952,0],[28950,0],[28695,0],[29207,0],]]
[28952,14,24,[[28951,0],[28953,0],[28696,0],[28697,0],[29208,0],]]
[28953,18,24,[[28954,0],[28952,0],[28697,0],[29209,0],]]
[28954,3,24,[[28953,0],[28955,0],[28698,0],[28699,0],[29210,0],]]
[28955,17,24,[[28956,0],[28954,0],[28699,0],[29211,0],]]
[28956,12,24,[[28955,0],[28957,0],[28700,0],[28701,0],[29212,0],]]
[28957,19,24,[[28958,0],[28956,0],[28701,0],[29213,0],]]
[28958,19,24,[[28957,0],[28959,0],[28702,0],[28703,0],[29214,0],]]
[28959,19,24,[[28960,0],[28958,0],[28703,0],[29215,0],]]
[28960,8,25,[[28959,0],[28961,0],[28704,0],[28705,0],[29216,0],]]
[28961,11,25,[[28962,0],[28960,0],[28705,0],[29217,0],]]
[28962,13,25,[[28961,0],[28963,0],[28706,0],[28707,0],[29218,0],]]
[28963,3,25,[[28964,0],[28962,0],[28707,0],[29219,0],]]
[28964,18,25,[[28963,0],[28965,0],[28708,0],[28709,0],[29220,0],]]
[28965,17,25,[[28966,0],[28964,0],[28709,0],[29221,0],]]
[28966,19,25,[[28965,0],[28967,0],[28710,0],[28711,0],[29222,0],]]
[28967,5,25,[[28968,0],[28966,0],[28711,0],[29223,0],]]
[28968,13,25,[[28967,0],[28969,0],[28712,0],[28713,0],[29224,0],]]
[28969,10,25,[[28970,0],[28968,0],[28713,0],[29225,0],]]
[28970,15,25,[[28969,0],[28971,0],[28714,0],[28715,0],[29226,0],]]
[28971,5,25,[[28972,0],[28970,0],[28715,0],[29227,0],]]
[28972,6,25,[[28971,0],[28973,0],[28716,0],[28717,0],[29228,0],]]
[28973,2,25,[[28974,0],[28972,0],[28717,0],[29229,0],]]
[28974,11,25,[[28973,0],[28975,0],[28718,0],[28719,0],[29230,0],]]
[28975,4,25,[[28976,0],[28974,0],[28719,0],[29231,0],]]
[28976,11,25,[[28975,0],[28977,0],[28720,0],[28721,0],[29232,0],]]
[28977,16,25,[[28978,0],[28976,0],[28721,0],[29233,0],]]
[28978,15,25,[[28977,0],[28979,0],[28722,0],[28723,0],[29234,0],]]
[28979,10,25,[[28980,0],[28978,0],[28723,0],[29235,0],]]
[28980,13,25,[[28979,0],[28981,0],[28724,0],[28725,0],[29236,0],]]
[28981,11,25,[[28982,0],[28980,0],[28725,0],[29237,0],]]
[28982,12,25,[[28981,0],[28983,0],[28726,0],[28727,0],[29238,0],]]
[28983,3,25,[[28984,0],[28982,0],[28727,0],[29239,0],]]
[28984,7,25,[[28983,0],[28985,0],[28728,0],[28729,0],[29240,0],]]
[28985,15,25,[[28986,0],[28984,0],[28729,0],[29241,0],]]
[28986,5,25,[[28985,0],[28987,0],[28730,0],[28731,0],[29242,0],]]
[28987,1,25,[[28988,0],[28986,0],[28731,0],[29243,0],]]
[28988,11,25,[[28987,0],[28989,0],[28732,0],[28733,0],[29244,0],]]
[28989,4,25,[[28990,0],[28988,0],[28733,0],[29245,0],]]
[28990,2,25,[[28989,0],[28991,0],[28734,0],[28735,0],[29246,0],]]
[28991,1,25,[[28992,0],[28990,0],[28735,0],[29247,0],]]
[28992,5,26,[[28991,0],[28993,0],[28736,0],[28737,0],[29248,0],]]
[28993,10,26,[[28994,0],[28992,0],[28737,0],[29249,0],]]
[28994,11,26,[[28993,0],[28995,0],[28738,0],[28739,0],[29250,0],]]
[28995,7,26,[[28996,0],[28994,0],[28739,0],[29251,0],]]
[28996,2,26,[[28995,0],[28997,0],[28740,0],[28741,0],[29252,0],]]
[28997,19,26,[[28998,0],[28996,0],[28741,0],[29253,0],]]
[28998,3,26,[[28997,0],[28999,0],[28742,0],[28743,0],[29254,0],]]
[28999,3,26,[[29000,0],[28998,0],[28743,0],[29255,0],]]
[29000,10,26,[[28999,0],[29001,0],[28744,0],[28745,0],[29256,0],]]
[29001,2,26,[[29002,0],[29000,0],[28745,0],[29257,0],]]
[29002,19,26,[[29001,0],[29003,0],[28746,0],[28747,0],[29258,0],]]
[29003,9,26,[[29004,0],[29002,0],[28747,0],[29259,0],]]
[29004,12,26,[[29003,0],[29005,0],[28748,0],[28749,0],[29260,0],]]
[29005,19,26,[[29006,0],[29004,0],[28749,0],[29261,0],]]
[29006,9,26,[[29005,0],[29007,0],[28750,0],[28751,0],[29262,0],]]
[29007,3,26,[[29008,0],[29006,0],[28751,0],[29263,0],]]
[29008,9,26,[[29007,0],[29009,0],[28752,0],[28753,0],[29264,0],]]
[29009,17,26,[[29010,0],[29008,0],[28753,0],[29265,0],]]
[29010,19,26,[[29009,0],[29011,0],[28754,0],[28755,0],[29266,0],]]
[29011,17,26,[[29012,0],[29010,0],[28755,0],[29267,0],]]
[29012,12,26,[[29011,0],[29013,0],[28756,0],[28757,0],[29268,0],]]
[29013,17,26,[[29014,0],[29012,0],[28757,0],[29269,0],]]
[29014,7,26,[[29013,0],[29015,0],[28758,0],[28759,0],[29270,0],]]
[29015,6,26,[[29016,0],[29014,0],[28759,0],[29271,0],]]
[29016,13,26,[[29015,0],[29017,0],[28760,0],[28761,0],[29272,0],]]
[29017,12,26,[[29018,0],[29016,0],[28761,0],[29273,0],]]
[29018,4,26,[[29017,0],[29019,0],[28762,0],[28763,0],[29274,0],]]
[29019,7,26,[[29020,0],[29018,0],[28763,0],[29275,0],]]
[29020,7,26,[[29019,0],[29021,0],[28764,0],[28765,0],[29276,0],]]
[29021,14,26,[[29022,0],[29020,0],[28765,0],[29277,0],]]
[29022,15,26,[[29021,0],[29023,0],[28766,0],[28767,0],[29278,0],]]
[29023,19,26,[[29024,0],[29022,0],[28767,0],[29279,0],]]
[29024,15,27,[[29023,0],[29025,0],[28768,0],[28769,0],[29280,0],]]
[29025,15,27,[[29026,0],[29024,0],[28769,0],[29281,0],]]
[29026,6,27,[[29025,0],[29027,0],[28770,0],[28771,0],[29282,0],]]
[29027,6,27,[[29028,0],[29026,0],[28771,0],[29283,0],]]
[29028,19,27,[[29027,0],[29029,0],[28772,0],[28773,0],[29284,0],]]
[29029,15,27,[[29030,0],[29028,0],[28773,0],[29285,0],]]
[29030,9,27,[[29029,0],[29031,0],[28774,0],[28775,0],[29286,0],]]
[29031,3,27,[[29032,0],[29030,0],[28775,0],[29287,0],]]
[29032,17,27,[[29031,0],[29033,0],[28776,0],[28777,0],[29288,0],]]
[29033,4,27,[[29034,0],[29032,0],[28777,0],[29289,0],]]
[29034,12,27,[[29033,0],[29035,0],[28778,0],[28779,0],[29290,0],]]
[29035,14,27,[[29036,0],[29034,0],[28779,0],[29291,0],]]
[29036,1,27,[[29035,0],[29037,0],[28780,0],[28781,0],[29292,0],]]
[29037,13,27,[[29038,0],[29036,0],[28781,0],[29293,0],]]
[29038,15,27,[[29037,0],[29039,0],[28782,0],[28783,0],[29294,0],]]
[29039,3,27,[[29040,0],[29038,0],[28783,0],[29295,0],]]
[29040,12,27,[[29039,0],[29041,0],[28784,0],[28785,0],[29296,0],]]
[29041,16,27,[[29042,0],[29040,0],[28785,0],[29297,0],]]
[29042,11,27,[[29041,0],[29043,0],[28786,0],[28787,0],[29298,0],]]
[29043,6,27,[[29044,0],[29042,0],[28787,0],[29299,0],]]
[29044,12,27,[[29043,0],[29045,0],[28788,0],[28789,0],[29300,0],]]
[29045,14,27,[[29046,0],[29044,0],[28789,0],[29301,0],]]
[29046,15,27,[[29045,0],[29047,0],[28790,0],[28791,0],[29302,0],]]
[29047,2,27,[[29048,0],[29046,0],[28791,0],[29303,0],]]
[29048,15,27,[[29047,0],[29049,0],[28792,0],[28793,0],[29304,0],]]
[29049,8,27,[[29050,0],[29048,0],[28793,0],[29305,0],]]
[29050,3,27,[[29049,0],[29051,0],[28794,0],[28795,0],[29306,0],]]
[29051,19,27,[[29052,0],[29050,0],[28795,0],[29307,0],]]
[29052,19,27,[[29051,0],[29053,0],[28796,0],[28797,0],[29308,0],]]
[29053,5,27,[[29054,0],[29052,0],[28797,0],[29309,0],]]
[29054,6,27,[[29053,0],[29055,0],[28798,0],[28799,0],[29310,0],]]
[29055,11,27,[[29056,0],[29054,0],[28799,0],[29311,0],]]
[29056,17,28,[[29055,0],[29057,0],[28800,0],[28801,0],[29312,0],]]
[29057,6,28,[[29058,0],[29056,0],[28801,0],[29313,0],]]
[29058,4,28,[[29057,0],[29059,0],[28802,0],[28803,0],[29314,0],]]
[29059,19,28,[[29060,0],[29058,0],[28803,0],[29315,0],]]
[29060,2,28,[[29059,0],[29061,0],[28804,0],[28805,0],[29316,0],]]
[29061,19,28,[[29062,0],[29060,0],[28805,0],[29317,0],]]
[29062,19,28,[[29061,0],[29063,0],[28806,0],[28807,0],[29318,0],]]
[29063,1,28,[[29064,0],[29062,0],[28807,0],[29319,0],]]
[29064,19,28,[[29063,0],[29065,0],[28808,0],[28809,0],[29320,0],]]
[29065,10,28,[[29066,0],[29064,0],[28809,0],[29321,0],]]
[29066,7,28,[[29065,0],[29067,0],[28810,0],[28811,0],[29322,0],]]
[29067,17,28,[[29068,0],[29066,0],[28811,0],[29323,0],]]
[29068,10,28,[[29067,0],[29069,0],[28812,0],[28813,0],[29324,0],]]
[29069,3,28,[[29070,0],[29068,0],[28813,0],[29325,0],]]
[29070,6,28,[[29069,0],[29071,0],[28814,0],[28815,0],[29326,0],]]
[29071,7,28,[[29072,0],[29070,0],[28815,0],[29327,0],]]
[29072,8,28,[[29071,0],[29073,0],[28816,0],[28817,0],[29328,0],]]
[29073,9,28,[[29074,0],[29072,0],[28817,0],[29329,0],]]
[29074,2,28,[[29073,0],[29075,0],[28818,0],[28819,0],[29330,0],]]
[29075,12,28,[[29076,0],[29074,0],[28819,0],[29331,0],]]
[29076,11,28,[[29075,0],[29077,0],[28820,0],[28821,0],[29332,0],]]
[29077,16,28,[[29078,0],[29076,0],[28821,0],[29333,0],]]
[29078,16,28,[[29077,0],[29079,0],[28822,0],[28823,0],[29334,0],]]
[29079,9,28,[[29080,0],[29078,0],[28823,0],[29335,0],]]
[29080,6,28,[[29079,0],[29081,0],[28824,0],[28825,0],[29336,0],]]
[29081,1,28,[[29082,0],[29080,0],[28825,0],[29337,0],]]
[29082,3,28,[[29081,0],[29083,0],[28826,0],[28827,0],[29338,0],]]
[29083,8,28,[[29084,0],[29082,0],[28827,0],[29339,0],]]
[29084,19,28,[[29083,0],[29085,0],[28828,0],[28829,0],[29340,0],]]
[29085,8,28,[[29086,0],[29084,0],[28829,0],[29341,0],]]
[29086,6,28,[[29085,0],[29087,0],[28830,0],[28831,0],[29342,0],]]
[29087,1,28,[[29088,0],[29086,0],[28831,0],[29343,0],]]
[29088,9,29,[[29087,0],[29089,0],[28832,0],[28833,0],[29344,0],]]
[29089,13,29,[[29090,0],[29088,0],[28833,0],[29345,0],]]
[29090,18,29,[[29089,0],[29091,0],[28834,0],[28835,0],[29346,0],]]
[29091,13,29,[[29092,0],[29090,0],[28835,0],[29347,0],]]
[29092,10,29,[[29091,0],[29093,0],[28836,0],[28837,0],[29348,0],]]
[29093,12,29,[[29094,0],[29092,0],[28837,0],[29349,0],]]
[29094,11,29,[[29093,0],[29095,0],[28838,0],[28839,0],[29350,0],]]
[29095,16,29,[[29096,0],[29094,0],[28839,0],[29351,0],]]
[29096,8,29,[[29095,0],[29097,0],[28840,0],[28841,0],[29352,0],]]
[29097,10,29,[[29098,0],[29096,0],[28841,0],[29353,0],]]
[29098,14,29,[[29097,0],[29099,0],[28842,0],[28843,0],[29354,0],]]
[29099,6,29,[[29100,0],[29098,0],[28843,0],[29355,0],]]
[29100,4,29,[[29099,0],[29101,0],[28844,0],[28845,0],[29356,0],]]
[29101,18,29,[[29102,0],[29100,0],[28845,0],[29357,0],]]
[29102,16,29,[[29101,0],[29103,0],[28846,0],[28847,0],[29358,0],]]
[29103,1,29,[[29104,0],[29102,0],[28847,0],[29359,0],]]
[29104,9,29,[[29103,0],[29105,0],[28848,0],[28849,0],[29360,0],]]
[29105,16,29,[[29106,0],[29104,0],[28849,0],[29361,0],]]
[29106,14,29,[[29105,0],[29107,0],[28850,0],[28851,0],[29362,0],]]
[29107,13,29,[[29108,0],[29106,0],[28851,0],[29363,0],]]
[29108,10,29,[[29107,0],[29109,0],[28852,0],[28853,0],[29364,0],]]
[29109,2,29,[[29110,0],[29108,0],[28853,0],[29365,0],]]
[29110,11,29,[[29109,0],[29111,0],[28854,0],[28855,0],[29366,0],]]
[29111,8,29,[[29112,0],[29110,0],[28855,0],[29367,0],]]
[29112,3,29,[[29111,0],[29113,0],[28856,0],[28857,0],[29368,0],]]
[29113,13,29,[[29114,0],[29112,0],[28857,0],[29369,0],]]
[29114,14,29,[[29113,0],[29115,0],[28858,0],[28859,0],[29370,0],]]
[29115,4,29,[[29116,0],[29114,0],[28859,0],[29371,0],]]
[29116,18,29,[[29115,0],[29117,0],[28860,0],[28861,0],[29372,0],]]
[29117,5,29,[[29118,0],[29116,0],[28861,0],[29373,0],]]
[29118,9,29,[[29117,0],[29119,0],[28862,0],[28863,0],[29374,0],]]
[29119,17,29,[[29120,0],[29118,0],[28863,0],[29375,0],]]
[29120,12,30,[[29119,0],[29121,0],[28864,0],[28865,0],[29376,0],]]
[29121,9,30,[[29122,0],[29120,0],[28865,0],[29377,0],]]
[29122,3,30,[[29121,0],[29123,0],[28866,0],[28867,0],[29378,0],]]
[29123,14,30,[[29124,0],[29122,0],[28867,0],[29379,0],]]
[29124,16,30,[[29123,0],[29125,0],[28868,0],[28869,0],[29380,0],]]
[29125,4,30,[[29126,0],[29124,0],[28869,0],[29381,0],]]
[29126,5,30,[[29125,0],[29127,0],[28870,0],[28871,0],[29382,0],]]
[29127,2,30,[[29128,0],[29126,0],[28871,0],[29383,0],]]
[29128,7,30,[[29127,0],[29129,0],[28872,0],[28873,0],[29384,0],]]
[29129,7,30,[[29130,0],[29128,0],[28873,0],[29385,0],]]
[29130,10,30,[[29129,0],[29131,0],[28874,0],[28875,0],[29386,0],]]
[29131,9,30,[[29132,0],[29130,0],[28875,0],[29387,0],]]
[29132,7,30,[[29131,0],[29133,0],[28876,0],[28877,0],[29388,0],]]
[29133,4,30,[[29134,0],[29132,0],[28877,0],[29389,0],]]
[29134,2,30,[[29133,0],[29135,0],[28878,0],[28879,0],[29390,0],]]
[29135,7,30,[[29136,0],[29134,0],[28879,0],[29391,0],]]
[29136,4,30,[[29135,0],[29137,0],[28880,0],[28881,0],[29392,0],]]
[29137,17,30,[[29138,0],[29136,0],[28881,0],[29393,0],]]
[29138,15,30,[[29137,0],[29139,0],[28882,0],[28883,0],[29394,0],]]
[29139,7,30,[[29140,0],[29138,0],[28883,0],[29395,0],]]
[29140,18,30,[[29139,0],[29141,0],[28884,0],[28885,0],[29396,0],]]
[29141,18,30,[[29142,0],[29140,0],[28885,0],[29397,0],]]
[29142,14,30,[[29141,0],[29143,0],[28886,0],[28887,0],[29398,0],]]
[29143,13,30,[[29144,0],[29142,0],[28887,0],[29399,0],]]
[29144,1,30,[[29143,0],[29145,0],[28888,0],[28889,0],[29400,0],]]
[29145,6,30,[[29146,0],[29144,0],[28889,0],[29401,0],]]
[29146,5,30,[[29145,0],[29147,0],[28890,0],[28891,0],[29402,0],]]
[29147,10,30,[[29148,0],[29146,0],[28891,0],[29403,0],]]
[29148,19,30,[[29147,0],[29149,0],[28892,0],[28893,0],[29404,0],]]
[29149,9,30,[[29150,0],[29148,0],[28893,0],[29405,0],]]
[29150,9,30,[[29149,0],[29151,0],[28894,0],[28895,0],[29406,0],]]
[29151,13,30,[[29152,0],[29150,0],[28895,0],[29407,0],]]
[29152,2,31,[[29151,0],[29153,0],[28896,0],[28897,0],[29408,0],]]
[29153,16,31,[[29154,0],[29152,0],[28897,0],[29409,0],]]
[29154,13,31,[[29153,0],[29155,0],[28898,0],[28899,0],[29410,0],]]
[29155,10,31,[[29156,0],[29154,0],[28899,0],[29411,0],]]
[29156,8,31,[[29155,0],[29157,0],[28900,0],[28901,0],[29412,0],]]
[29157,6,31,[[29158,0],[29156,0],[28901,0],[29413,0],]]
[29158,7,31,[[29157,0],[29159,0],[28902,0],[28903,0],[29414,0],]]
[29159,13,31,[[29160,0],[29158,0],[28903,0],[29415,0],]]
[29160,1,31,[[29159,0],[29161,0],[28904,0],[28905,0],[29416,0],]]
[29161,19,31,[[29162,0],[29160,0],[28905,0],[29417,0],]]
[29162,5,31,[[29161,0],[29163,0],[28906,0],[28907,0],[29418,0],]]
[29163,9,31,[[29164,0],[29162,0],[28907,0],[29419,0],]]
[29164,7,31,[[29163,0],[29165,0],[28908,0],[28909,0],[29420,0],]]
[29165,1,31,[[29166,0],[29164,0],[28909,0],[29421,0],]]
[29166,1,31,[[29165,0],[29167,0],[28910,0],[28911,0],[29422,0],]]
[29167,14,31,[[29168,0],[29166,0],[28911,0],[29423,0],]]
[29168,8,31,[[29167,0],[29169,0],[28912,0],[28913,0],[29424,0],]]
[29169,11,31,[[29170,0],[29168,0],[28913,0],[29425,0],]]
[29170,2,31,[[29169,0],[29171,0],[28914,0],[28915,0],[29426,0],]]
[29171,4,31,[[29172,0],[29170,0],[28915,0],[29427,0],]]
[29172,15,31,[[29171,0],[29173,0],[28916,0],[28917,0],[29428,0],]]
[29173,13,31,[[29174,0],[29172,0],[28917,0],[29429,0],]]
[29174,17,31,[[29173,0],[29175,0],[28918,0],[28919,0],[29430,0],]]
[29175,6,31,[[29176,0],[29174,0],[28919,0],[29431,0],]]
[29176,6,31,[[29175,0],[29177,0],[28920,0],[28921,0],[29432,0],]]
[29177,1,31,[[29178,0],[29176,0],[28921,0],[29433,0],]]
[29178,12,31,[[29177,0],[29179,0],[28922,0],[28923,0],[29434,0],]]
[29179,4,31,[[29180,0],[29178,0],[28923,0],[29435,0],]]
[29180,9,31,[[29179,0],[29181,0],[28924,0],[28925,0],[29436,0],]]
[29181,17,31,[[29182,0],[29180,0],[28925,0],[29437,0],]]
[29182,2,31,[[29181,0],[29183,0],[28926,0],[28927,0],[29438,0],]]
[29183,13,31,[[29182,0],[28927,0],[29439,0],]]
[29184,7,24,[[29185,0],[29440,0],[28928,0],]]
[29185,16,24,[[29186,0],[29184,0],[29441,0],[29440,0],[28929,0],]]
[29186,18,24,[[29185,0],[29187,0],[29442,0],[28930,0],]]
[29187,14,24,[[29188,0],[29186,0],[29443,0],[29442,0],[28931,0],]]
[29188,1,24,[[29187,0],[29189,0],[29444,0],[28932,0],]]
[29189,7,24,[[29190,0],[29188,0],[29445,0],[29444,0],[28933,0],]]
[29190,2,24,[[29189,0],[29191,0],[29446,0],[28934,0],]]
[29191,8,24,[[29192,0],[29190,0],[29447,0],[29446,0],[28935,0],]]
[29192,12,24,[[29191,0],[29193,0],[29448,0],[28936,0],]]
[29193,2,24,[[29194,0],[29192,0],[29449,0],[29448,0],[28937,0],]]
[29194,10,24,[[29193,0],[29195,0],[29450,0],[28938,0],]]
[29195,17,24,[[29196,0],[29194,0],[29451,0],[29450,0],[28939,0],]]
[29196,18,24,[[29195,0],[29197,0],[29452,0],[28940,0],]]
[29197,14,24,[[29198,0],[29196,0],[29453,0],[29452,0],[28941,0],]]
[29198,10,24,[[29197,0],[29199,0],[29454,0],[28942,0],]]
[29199,19,24,[[29200,0],[29198,0],[29455,0],[29454,0],[28943,0],]]
[29200,15,24,[[29199,0],[29201,0],[29456,0],[28944,0],]]
[29201,15,24,[[29202,0],[29200,0],[29457,0],[29456,0],[28945,0],]]
[29202,14,24,[[29201,0],[29203,0],[29458,0],[28946,0],]]
[29203,2,24,[[29204,0],[29202,0],[29459,0],[29458,0],[28947,0],]]
[29204,4,24,[[29203,0],[29205,0],[29460,0],[28948,0],]]
[29205,10,24,[[29206,0],[29204,0],[29461,0],[29460,0],[28949,0],]]
[29206,12,24,[[29205,0],[29207,0],[29462,0],[28950,0],]]
[29207,5,24,[[29208,0],[29206,0],[29463,0],[29462,0],[28951,0],]]
[29208,5,24,[[29207,0],[29209,0],[29464,0],[28952,0],]]
[29209,13,24,[[29210,0],[29208,0],[29465,0],[29464,0],[28953,0],]]
[29210,7,24,[[29209,0],[29211,0],[29466,0],[28954,0],]]
[29211,12,24,[[29212,0],[29210,0],[29467,0],[29466,0],[28955,0],]]
[29212,1,24,[[29211,0],[29213,0],[29468,0],[28956,0],]]
[29213,16,24,[[29214,0],[29212,0],[29469,0],[29468,0],[28957,0],]]
[29214,2,24,[[29213,0],[29215,0],[29470,0],[28958,0],]]
[29215,5,24,[[29216,0],[29214,0],[29471,0],[29470,0],[28959,0],]]
[29216,11,25,[[29215,0],[29217,0],[29472,0],[28960,0],]]
[29217,19,25,[[29218,0],[29216,0],[29473,0],[29472,0],[28961,0],]]
[29218,5,25,[[29217,0],[29219,0],[29474,0],[28962,0],]]
[29219,7,25,[[29220,0],[29218,0],[29475,0],[29474,0],[28963,0],]]
[29220,16,25,[[29219,0],[29221,0],[29476,0],[28964,0],]]
[29221,3,25,[[29222,0],[29220,0],[29477,0],[29476,0],[28965,0],]]
[29222,16,25,[[29221,0],[29223,0],[29478,0],[28966,0],]]
[29223,19,25,[[29224,0],[29222,0],[29479,0],[29478,0],[28967,0],]]
[29224,13,25,[[29223,0],[29225,0],[29480,0],[28968,0],]]
[29225,15,25,[[29226,0],[29224,0],[29481,0],[29480,0],[28969,0],]]
[29226,9,25,[[29225,0],[29227,0],[29482,0],[28970,0],]]
[29227,2,25,[[29228,0],[29226,0],[29483,0],[29482,0],[28971,0],]]
[29228,6,25,[[29227,0],[29229,0],[29484,0],[28972,0],]]
[29229,17,25,[[29230,0],[29228,0],[29485,0],[29484,0],[28973,0],]]
[29230,12,25,[[29229,0],[29231,0],[29486,0],[28974,0],]]
[29231,12,25,[[29232,0],[29230,0],[29487,0],[29486,0],[28975,0],]]
[29232,10,25,[[29231,0],[29233,0],[29488,0],[28976,0],]]
[29233,4,25,[[29234,0],[29232,0],[29489,0],[29488,0],[28977,0],]]
[29234,16,25,[[29233,0],[29235,0],[29490,0],[28978,0],]]
[29235,2,25,[[29236,0],[29234,0],[29491,0],[29490,0],[28979,0],]]
[29236,11,25,[[29235,0],[29237,0],[29492,0],[28980,0],]]
[29237,17,25,[[29238,0],[29236,0],[29493,0],[29492,0],[28981,0],]]
[29238,18,25,[[29237,0],[29239,0],[29494,0],[28982,0],]]
[29239,6,25,[[29240,0],[29238,0],[29495,0],[29494,0],[28983,0],]]
[29240,8,25,[[29239,0],[29241,0],[29496,0],[28984,0],]]
[29241,12,25,[[29242,0],[29240,0],[29497,0],[29496,0],[28985,0],]]
[29242,3,25,[[29241,0],[29243,0],[29498,0],[28986,0],]]
[29243,15,25,[[29244,0],[29242,0],[29499,0],[29498,0],[28987,0],]]
[29244,8,25,[[29243,0],[29245,0],[29500,0],[28988,0],]]
[29245,4,25,[[29246,0],[29244,0],[29501,0],[29500,0],[28989,0],]]
[29246,11,25,[[29245,0],[29247,0],[29502,0],[28990,0],]]
[29247,19,25,[[29248,0],[29246,0],[29503,0],[29502,0],[28991,0],]]
[29248,12,26,[[29247,0],[29249,0],[29504,0],[28992,0],]]
[29249,1,26,[[29250,0],[29248,0],[29505,0],[29504,0],[28993,0],]]
[29250,6,26,[[29249,0],[29251,0],[29506,0],[28994,0],]]
[29251,10,26,[[29252,0],[29250,0],[29507,0],[29506,0],[28995,0],]]
[29252,7,26,[[29251,0],[29253,0],[29508,0],[28996,0],]]
[29253,4,26,[[29254,0],[29252,0],[29509,0],[29508,0],[28997,0],]]
[29254,16,26,[[29253,0],[29255,0],[29510,0],[28998,0],]]
[29255,2,26,[[29256,0],[29254,0],[29511,0],[29510,0],[28999,0],]]
[29256,11,26,[[29255,0],[29257,0],[29512,0],[29000,0],]]
[29257,7,26,[[29258,0],[29256,0],[29513,0],[29512,0],[29001,0],]]
[29258,7,26,[[29257,0],[29259,0],[29514,0],[29002,0],]]
[29259,19,26,[[29260,0],[29258,0],[29515,0],[29514,0],[29003,0],]]
[29260,15,26,[[29259,0],[29261,0],[29516,0],[29004,0],]]
[29261,6,26,[[29262,0],[29260,0],[29517,0],[29516,0],[29005,0],]]
[29262,18,26,[[29261,0],[29263,0],[29518,0],[29006,0],]]
[29263,9,26,[[29264,0],[29262,0],[29519,0],[29518,0],[29007,0],]]
[29264,8,26,[[29263,0],[29265,0],[29520,0],[29008,0],]]
[29265,11,26,[[29266,0],[29264,0],[29521,0],[29520,0],[29009,0],]]
[29266,9,26,[[29265,0],[29267,0],[29522,0],[29010,0],]]
[29267,17,26,[[29268,0],[29266,0],[29523,0],[29522,0],[29011,0],]]
[29268,13,26,[[29267,0],[29269,0],[29524,0],[29012,0],]]
[29269,13,26,[[29270,0],[29268,0],[29525,0],[29524,0],[29013,0],]]
[29270,2,26,[[29269,0],[29271,0],[29526,0],[29014,0],]]
[29271,11,26,[[29272,0],[29270,0],[29527,0],[29526,0],[29015,0],]]
[29272,15,26,[[29271,0],[29273,0],[29528,0],[29016,0],]]
[29273,10,26,[[29274,0],[29272,0],[29529,0],[29528,0],[29017,0],]]
[29274,8,26,[[29273,0],[29275,0],[29530,0],[29018,0],]]
[29275,10,26,[[29276,0],[29274,0],[29531,0],[29530,0],[29019,0],]]
[29276,1,26,[[29275,0],[29277,0],[29532,0],[29020,0],]]
[29277,4,26,[[29278,0],[29276,0],[29533,0],[29532,0],[29021,0],]]
[29278,19,26,[[29277,0],[29279,0],[29534,0],[29022,0],]]
[29279,19,26,[[29280,0],[29278,0],[29535,0],[29534,0],[29023,0],]]
[29280,4,27,[[29279,0],[29281,0],[29536,0],[29024,0],]]
[29281,8,27,[[29282,0],[29280,0],[29537,0],[29536,0],[29025,0],]]
[29282,3,27,[[29281,0],[29283,0],[29538,0],[29026,0],]]
[29283,13,27,[[29284,0],[29282,0],[29539,0],[29538,0],[29027,0],]]
[29284,9,27,[[29283,0],[29285,0],[29540,0],[29028,0],]]
[29285,15,27,[[29286,0],[29284,0],[29541,0],[29540,0],[29029,0],]]
[29286,17,27,[[29285,0],[29287,0],[29542,0],[29030,0],]]
[29287,6,27,[[29288,0],[29286,0],[29543,0],[29542,0],[29031,0],]]
[29288,16,27,[[29287,0],[29289,0],[29544,0],[29032,0],]]
[29289,15,27,[[29290,0],[29288,0],[29545,0],[29544,0],[29033,0],]]
[29290,11,27,[[29289,0],[29291,0],[29546,0],[29034,0],]]
[29291,14,27,[[29292,0],[29290,0],[29547,0],[29546,0],[29035,0],]]
[29292,8,27,[[29291,0],[29293,0],[29548,0],[29036,0],]]
[29293,8,27,[[29294,0],[29292,0],[29549,0],[29548,0],[29037,0],]]
[29294,6,27,[[29293,0],[29295,0],[29550,0],[29038,0],]]
[29295,4,27,[[29296,0],[29294,0],[29551,0],[29550,0],[29039,0],]]
[29296,1,27,[[29295,0],[29297,0],[29552,0],[29040,0],]]
[29297,7,27,[[29298,0],[29296,0],[29553,0],[29552,0],[29041,0],]]
[29298,16,27,[[29297,0],[29299,0],[29554,0],[29042,0],]]
[29299,11,27,[[29300,0],[29298,0],[29555,0],[29554,0],[29043,0],]]
[29300,3,27,[[29299,0],[29301,0],[29556,0],[29044,0],]]
[29301,7,27,[[29302,0],[29300,0],[29557,0],[29556,0],[29045,0],]]
[29302,7,27,[[29301,0],[29303,0],[29558,0],[29046,0],]]
[29303,6,27,[[29304,0],[29302,0],[29559,0],[29558,0],[29047,0],]]
[29304,15,27,[[29303,0],[29305,0],[29560,0],[29048,0],]]
[29305,11,27,[[29306,0],[29304,0],[29561,0],[29560,0],[29049,0],]]
[29306,17,27,[[29305,0],[29307,0],[29562,0],[29050,0],]]
[29307,10,27,[[29308,0],[29306,0],[29563,0],[29562,0],[29051,0],]]
[29308,11,27,[[29307,0],[29309,0],[29564,0],[29052,0],]]
[29309,13,27,[[29310,0],[29308,0],[29565,0],[29564,0],[29053,0],]]
[29310,12,27,[[29309,0],[29311,0],[29566,0],[29054,0],]]
[29311,16,27,[[29312,0],[29310,0],[29567,0],[29566,0],[29055,0],]]
[29312,9,28,[[29311,0],[29313,0],[29568,0],[29056,0],]]
[29313,14,28,[[29314,0],[29312,0],[29569,0],[29568,0],[29057,0],]]
[29314,13,28,[[29313,0],[29315,0],[29570,0],[29058,0],]]
[29315,8,28,[[29316,0],[29314,0],[29571,0],[29570,0],[29059,0],]]
[29316,16,28,[[29315,0],[29317,0],[29572,0],[29060,0],]]
[29317,4,28,[[29318,0],[29316,0],[29573,0],[29572,0],[29061,0],]]
[29318,19,28,[[29317,0],[29319,0],[29574,0],[29062,0],]]
[29319,15,28,[[29320,0],[29318,0],[29575,0],[29574,0],[29063,0],]]
[29320,9,28,[[29319,0],[29321,0],[29576,0],[29064,0],]]
[29321,19,28,[[29322,0],[29320,0],[29577,0],[29576,0],[29065,0],]]
[29322,12,28,[[29321,0],[29323,0],[29578,0],[29066,0],]]
[29323,17,28,[[29324,0],[29322,0],[29579,0],[29578,0],[29067,0],]]
[29324,17,28,[[29323,0],[29325,0],[29580,0],[29068,0],]]
[29325,7,28,[[29326,0],[29324,0],[29581,0],[29580,0],[29069,0],]]
[29326,3,28,[[29325,0],[29327,0],[29582,0],[29070,0],]]
[29327,2,28,[[29328,0],[29326,0],[29583,0],[29582,0],[29071,0],]]
[29328,1,28,[[29327,0],[29329,0],[29584,0],[29072,0],]]
[29329,9,28,[[29330,0],[29328,0],[29585,0],[29584,0],[29073,0],]]
[29330,18,28,[[29329,0],[29331,0],[29586,0],[29074,0],]]
[29331,3,28,[[29332,0],[29330,0],[29587,0],[29586,0],[29075,0],]]
[29332,3,28,[[29331,0],[29333,0],[29588,0],[29076,0],]]
[29333,10,28,[[29334,0],[29332,0],[29589,0],[29588,0],[29077,0],]]
[29334,12,28,[[29333,0],[29335,0],[29590,0],[29078,0],]]
[29335,5,28,[[29336,0],[29334,0],[29591,0],[29590,0],[29079,0],]]
[29336,15,28,[[29335,0],[29337,0],[29592,0],[29080,0],]]
[29337,4,28,[[29338,0],[29336,0],[29593,0],[29592,0],[29081,0],]]
[29338,19,28,[[29337,0],[29339,0],[29594,0],[29082,0],]]
[29339,13,28,[[29340,0],[29338,0],[29595,0],[29594,0],[29083,0],]]
[29340,6,28,[[29339,0],[29341,0],[29596,0],[29084,0],]]
[29341,4,28,[[29342,0],[29340,0],[29597,0],[29596,0],[29085,0],]]
[29342,8,28,[[29341,0],[29343,0],[29598,0],[29086,0],]]
[29343,19,28,[[29344,0],[29342,0],[29599,0],[29598,0],[29087,0],]]
[29344,4,29,[[29343,0],[29345,0],[29600,0],[29088,0],]]
[29345,6,29,[[29346,0],[29344,0],[29601,0],[29600,0],[29089,0],]]
[29346,19,29,[[29345,0],[29347,0],[29602,0],[29090,0],]]
[29347,14,29,[[29348,0],[29346,0],[29603,0],[29602,0],[29091,0],]]
[29348,5,29,[[29347,0],[29349,0],[29604,0],[29092,0],]]
[29349,8,29,[[29350,0],[29348,0],[29605,0],[29604,0],[29093,0],]]
[29350,7,29,[[29349,0],[29351,0],[29606,0],[29094,0],]]
[29351,9,29,[[29352,0],[29350,0],[29607,0],[29606,0],[29095,0],]]
[29352,3,29,[[29351,0],[29353,0],[29608,0],[29096,0],]]
[29353,5,29,[[29354,0],[29352,0],[29609,0],[29608,0],[29097,0],]]
[29354,8,29,[[29353,0],[29355,0],[29610,0],[29098,0],]]
[29355,19,29,[[29356,0],[29354,0],[29611,0],[29610,0],[29099,0],]]
[29356,2,29,[[29355,0],[29357,0],[29612,0],[29100,0],]]
[29357,17,29,[[29358,0],[29356,0],[29613,0],[29612,0],[29101,0],]]
[29358,8,29,[[29357,0],[29359,0],[29614,0],[29102,0],]]
[29359,6,29,[[29360,0],[29358,0],[29615,0],[29614,0],[29103,0],]]
[29360,5,29,[[29359,0],[29361,0],[29616,0],[29104,0],]]
[29361,1,29,[[29362,0],[29360,0],[29617,0],[29616,0],[29105,0],]]
[29362,7,29,[[29361,0],[29363,0],[29618,0],[29106,0],]]
[29363,2,29,[[29364,0],[29362,0],[29619,0],[29618,0],[29107,0],]]
[29364,9,29,[[29363,0],[29365,0],[29620,0],[29108,0],]]
[29365,8,29,[[29366,0],[29364,0],[29621,0],[29620,0],[29109,0],]]
[29366,1,29,[[29365,0],[29367,0],[29622,0],[29110,0],]]
[29367,18,29,[[29368,0],[29366,0],[29623,0],[29622,0],[29111,0],]]
[29368,12,29,[[29367,0],[29369,0],[29624,0],[29112,0],]]
[29369,16,29,[[29370,0],[29368,0],[29625,0],[29624,0],[29113,0],]]
[29370,4,29,[[29369,0],[29371,0],[29626,0],[29114,0],]]
[29371,8,29,[[29372,0],[29370,0],[29627,0],[29626,0],[29115,0],]]
[29372,2,29,[[29371,0],[29373,0],[29628,0],[29116,0],]]
[29373,2,29,[[29374,0],[29372,0],[29629,0],[29628,0],[29117,0],]]
[29374,12,29,[[29373,0],[29375,0],[29630,0],[29118,0],]]
[29375,6,29,[[29376,0],[29374,0],[29631,0],[29630,0],[29119,0],]]
[29376,11,30,[[29375,0],[29377,0],[29632,0],[29120,0],]]
[29377,18,30,[[29378,0],[29376,0],[29633,0],[29632,0],[29121,0],]]
[29378,9,30,[[29377,0],[29379,0],[29634,0],[29122,0],]]
[29379,9,30,[[29380,0],[29378,0],[29635,0],[29634,0],[29123,0],]]
[29380,6,30,[[29379,0],[29381,0],[29636,0],[29124,0],]]
[29381,11,30,[[29382,0],[29380,0],[29637,0],[29636,0],[29125,0],]]
[29382,5,30,[[29381,0],[29383,0],[29638,0],[29126,0],]]
[29383,6,30,[[29384,0],[29382,0],[29639,0],[29638,0],[29127,0],]]
[29384,10,30,[[29383,0],[29385,0],[29640,0],[29128,0],]]
[29385,3,30,[[29386,0],[29384,0],[29641,0],[29640,0],[29129,0],]]
[29386,7,30,[[29385,0],[29387,0],[29642,0],[29130,0],]]
[29387,15,30,[[29388,0],[29386,0],[29643,0],[29642,0],[29131,0],]]
[29388,4,30,[[29387,0],[29389,0],[29644,0],[29132,0],]]
[29389,16,30,[[29390,0],[29388,0],[29645,0],[29644,0],[29133,0],]]
[29390,3,30,[[29389,0],[29391,0],[29646,0],[29134,0],]]
[29391,17,30,[[29392,0],[29390,0],[29647,0],[29646,0],[29135,0],]]
[29392,13,30,[[29391,0],[29393,0],[29648,0],[29136,0],]]
[29393,18,30,[[29394,0],[29392,0],[29649,0],[29648,0],[29137,0],]]
[29394,19,30,[[29393,0],[29395,0],[29650,0],[29138,0],]]
[29395,9,30,[[29396,0],[29394,0],[29651,0],[29650,0],[29139,0],]]
[29396,8,30,[[29395,0],[29397,0],[29652,0],[29140,0],]]
[29397,2,30,[[29398,0],[29396,0],[29653,0],[29652,0],[29141,0],]]
[29398,9,30,[[29397,0],[29399,0],[29654,0],[29142,0],]]
[29399,16,30,[[29400,0],[29398,0],[29655,0],[29654,0],[29143,0],]]
[29400,18,30,[[29399,0],[29401,0],[29656,0],[29144,0],]]
[29401,15,30,[[29402,0],[29400,0],[29657,0],[29656,0],[29145,0],]]
[29402,10,30,[[29401,0],[29403,0],[29658,0],[29146,0],]]
[29403,9,30,[[29404,0],[29402,0],[29659,0],[29658,0],[29147,0],]]
[29404,3,30,[[29403,0],[29405,0],[29660,0],[29148,0],]]
[29405,3,30,[[29406,0],[29404,0],[29661,0],[29660,0],[29149,0],]]
[29406,14,30,[[29405,0],[29407,0],[29662,0],[29150,0],]]
[29407,3,30,[[29408,0],[29406,0],[29663,0],[29662,0],[29151,0],]]
[29408,5,31,[[29407,0],[29409,0],[29664,0],[29152,0],]]
[29409,6,31,[[29410,0],[29408,0],[29665,0],[29664,0],[29153,0],]]
[29410,6,31,[[29409,0],[29411,0],[29666,0],[29154,0],]]
[29411,4,31,[[29412,0],[29410,0],[29667,0],[29666,0],[29155,0],]]
[29412,13,31,[[29411,0],[29413,0],[29668,0],[29156,0],]]
[29413,5,31,[[29414,0],[29412,0],[29669,0],[29668,0],[29157,0],]]
[29414,1,31,[[29413,0],[29415,0],[29670,0],[29158,0],]]
[29415,4,31,[[29416,0],[29414,0],[29671,0],[29670,0],[29159,0],]]
[29416,18,31,[[29415,0],[29417,0],[29672,0],[29160,0],]]
[29417,4,31,[[29418,0],[29416,0],[29673,0],[29672,0],[29161,0],]]
[29418,11,31,[[29417,0],[29419,0],[29674,0],[29162,0],]]
[29419,18,31,[[29420,0],[29418,0],[29675,0],[29674,0],[29163,0],]]
[29420,15,31,[[29419,0],[29421,0],[29676,0],[29164,0],]]
[29421,1,31,[[29422,0],[29420,0],[29677,0],[29676,0],[29165,0],]]
[29422,4,31,[[29421,0],[29423,0],[29678,0],[29166,0],]]
[29423,10,31,[[29424,0],[29422,0],[29679,0],[29678,0],[29167,0],]]
[29424,5,31,[[29423,0],[29425,0],[29680,0],[29168,0],]]
[29425,7,31,[[29426,0],[29424,0],[29681,0],[29680,0],[29169,0],]]
[29426,4,31,[[29425,0],[29427,0],[29682,0],[29170,0],]]
[29427,8,31,[[29428,0],[29426,0],[29683,0],[29682,0],[29171,0],]]
[29428,18,31,[[29427,0],[29429,0],[29684,0],[29172,0],]]
[29429,7,31,[[29430,0],[29428,0],[29685,0],[29684,0],[29173,0],]]
[29430,10,31,[[29429,0],[29431,0],[29686,0],[29174,0],]]
[29431,5,31,[[29432,0],[29430,0],[29687,0],[29686,0],[29175,0],]]
[29432,1,31,[[29431,0],[29433,0],[29688,0],[29176,0],]]
[29433,2,31,[[29434,0],[29432,0],[29689,0],[29688,0],[29177,0],]]
[29434,5,31,[[29433,0],[29435,0],[29690,0],[29178,0],]]
[29435,1,31,[[29436,0],[29434,0],[29691,0],[29690,0],[29179,0],]]
[29436,8,31,[[29435,0],[29437,0],[29692,0],[29180,0],]]
[29437,11,31,[[29438,0],[29436,0],[29693,0],[29692,0],[29181,0],]]
[29438,18,31,[[29437,0],[29439,0],[29694,0],[29182,0],]]
[29439,10,31,[[29438,0],[29695,0],[29694,0],[29183,0],]]
[29440,17,24,[[29441,0],[29184,0],[29185,0],[29696,0],]]
[29441,15,24,[[29442,0],[29440,0],[29185,0],[29697,0],]]
[29442,13,24,[[29441,0],[29443,0],[29186,0],[29187,0],[29698,0],]]
[29443,18,24,[[29444,0],[29442,0],[29187,0],[29699,0],]]
[29444,18,24,[[29443,0],[29445,0],[29188,0],[29189,0],[29700,0],]]
[29445,8,24,[[29446,0],[29444,0],[29189,0],[29701,0],]]
[29446,4,24,[[29445,0],[29447,0],[29190,0],[29191,0],[29702,0],]]
[29447,8,24,[[29448,0],[29446,0],[29191,0],[29703,0],]]
[29448,16,24,[[29447,0],[29449,0],[29192,0],[29193,0],[29704,0],]]
[29449,16,24,[[29450,0],[29448,0],[29193,0],[29705,0],]]
[29450,18,24,[[29449,0],[29451,0],[29194,0],[29195,0],[29706,0],]]
[29451,2,24,[[29452,0],[29450,0],[29195,0],[29707,0],]]
[29452,2,24,[[29451,0],[29453,0],[29196,0],[29197,0],[29708,0],]]
[29453,11,24,[[29454,0],[29452,0],[29197,0],[29709,0],]]
[29454,11,24,[[29453,0],[29455,0],[29198,0],[29199,0],[29710,0],]]
[29455,1,24,[[29456,0],[29454,0],[29199,0],[29711,0],]]
[29456,5,24,[[29455,0],[29457,0],[29200,0],[29201,0],[29712,0],]]
[29457,18,24,[[29458,0],[29456,0],[29201,0],[29713,0],]]
[29458,12,24,[[29457,0],[29459,0],[29202,0],[29203,0],[29714,0],]]
[29459,18,24,[[29460,0],[29458,0],[29203,0],[29715,0],]]
[29460,9,24,[[29459,0],[29461,0],[29204,0],[29205,0],[29716,0],]]
[29461,10,24,[[29462,0],[29460,0],[29205,0],[29717,0],]]
[29462,2,24,[[29461,0],[29463,0],[29206,0],[29207,0],[29718,0],]]
[29463,14,24,[[29464,0],[29462,0],[29207,0],[29719,0],]]
[29464,3,24,[[29463,0],[29465,0],[29208,0],[29209,0],[29720,0],]]
[29465,12,24,[[29466,0],[29464,0],[29209,0],[29721,0],]]
[29466,14,24,[[29465,0],[29467,0],[29210,0],[29211,0],[29722,0],]]
[29467,16,24,[[29468,0],[29466,0],[29211,0],[29723,0],]]
[29468,15,24,[[29467,0],[29469,0],[29212,0],[29213,0],[29724,0],]]
[29469,2,24,[[29470,0],[29468,0],[29213,0],[29725,0],]]
[29470,17,24,[[29469,0],[29471,0],[29214,0],[29215,0],[29726,0],]]
[29471,1,24,[[29472,0],[29470,0],[29215,0],[29727,0],]]
[29472,16,25,[[29471,0],[29473,0],[29216,0],[29217,0],[29728,0],]]
[29473,8,25,[[29474,0],[29472,0],[29217,0],[29729,0],]]
[29474,1,25,[[29473,0],[29475,0],[29218,0],[29219,0],[29730,0],]]
[29475,6,25,[[29476,0],[29474,0],[29219,0],[29731,0],]]
[29476,2,25,[[29475,0],[29477,0],[29220,0],[29221,0],[29732,0],]]
[29477,1,25,[[29478,0],[29476,0],[29221,0],[29733,0],]]
[29478,4,25,[[29477,0],[29479,0],[29222,0],[29223,0],[29734,0],]]
[29479,19,25,[[29480,0],[29478,0],[29223,0],[29735,0],]]
[29480,16,25,[[29479,0],[29481,0],[29224,0],[29225,0],[29736,0],]]
[29481,2,25,[[29482,0],[29480,0],[29225,0],[29737,0],]]
[29482,8,25,[[29481,0],[29483,0],[29226,0],[29227,0],[29738,0],]]
[29483,19,25,[[29484,0],[29482,0],[29227,0],[29739,0],]]
[29484,16,25,[[29483,0],[29485,0],[29228,0],[29229,0],[29740,0],]]
[29485,6,25,[[29486,0],[29484,0],[29229,0],[29741,0],]]
[29486,10,25,[[29485,0],[29487,0],[29230,0],[29231,0],[29742,0],]]
[29487,1,25,[[29488,0],[29486,0],[29231,0],[29743,0],]]
[29488,12,25,[[29487,0],[29489,0],[29232,0],[29233,0],[29744,0],]]
[29489,11,25,[[29490,0],[29488,0],[29233,0],[29745,0],]]
[29490,9,25,[[29489,0],[29491,0],[29234,0],[29235,0],[29746,0],]]
