[36044,13,38,[[36043,0],[36045,0],[36300,0],[35788,0],]]
[36045,6,38,[[36046,0],[36044,0],[36301,0],[36300,0],[35789,0],]]
[36046,5,38,[[36045,0],[36047,0],[36302,0],[35790,0],]]
[36047,17,38,[[36048,0],[36046,0],[36303,0],[36302,0],[35791,0],]]
[36048,6,38,[[36047,0],[36049,0],[36304,0],[35792,0],]]
[36049,14,38,[[36050,0],[36048,0],[36305,0],[36304,0],[35793,0],]]
[36050,11,38,[[36049,0],[36051,0],[36306,0],[35794,0],]]
[36051,12,38,[[36052,0],[36050,0],[36307,0],[36306,0],[35795,0],]]
[36052,4,38,[[36051,0],[36053,0],[36308,0],[35796,0],]]
[36053,4,38,[[36054,0],[36052,0],[36309,0],[36308,0],[35797,0],]]
[36054,7,38,[[36053,0],[36055,0],[36310,0],[35798,0],]]
[36055,13,38,[[36056,0],[36054,0],[36311,0],[36310,0],[35799,0],]]
[36056,8,38,[[36055,0],[36057,0],[36312,0],[35800,0],]]
[36057,6,38,[[36058,0],[36056,0],[36313,0],[36312,0],[35801,0],]]
[36058,4,38,[[36057,0],[36059,0],[36314,0],[35802,0],]]
[36059,14,38,[[36060,0],[36058,0],[36315,0],[36314,0],[35803,0],]]
[36060,16,38,[[36059,0],[36061,0],[36316,0],[35804,0],]]
[36061,7,38,[[36062,0],[36060,0],[36317,0],[36316,0],[35805,0],]]
[36062,11,38,[[36061,0],[36063,0],[36318,0],[35806,0],]]
[36063,16,38,[[36064,0],[36062,0],[36319,0],[36318,0],[35807,0],]]
[36064,6,39,[[36063,0],[36065,0],[36320,0],[35808,0],]]
[36065,5,39,[[36066,0],[36064,0],[36321,0],[36320,0],[35809,0],]]
[36066,6,39,[[36065,0],[36067,0],[36322,0],[35810,0],]]
[36067,11,39,[[36068,0],[36066,0],[36323,0],[36322,0],[35811,0],]]
[36068,6,39,[[36067,0],[36069,0],[36324,0],[35812,0],]]
[36069,1,39,[[36070,0],[36068,0],[36325,0],[36324,0],[35813,0],]]
[36070,1,39,[[36069,0],[36071,0],[36326,0],[35814,0],]]
[36071,14,39,[[36072,0],[36070,0],[36327,0],[36326,0],[35815,0],]]
[36072,3,39,[[36071,0],[36073,0],[36328,0],[35816,0],]]
[36073,17,39,[[36074,0],[36072,0],[36329,0],[36328,0],[35817,0],]]
[36074,15,39,[[36073,0],[36075,0],[36330,0],[35818,0],]]
[36075,12,39,[[36076,0],[36074,0],[36331,0],[36330,0],[35819,0],]]
[36076,16,39,[[36075,0],[36077,0],[36332,0],[35820,0],]]
[36077,10,39,[[36078,0],[36076,0],[36333,0],[36332,0],[35821,0],]]
[36078,9,39,[[36077,0],[36079,0],[36334,0],[35822,0],]]
[36079,12,39,[[36080,0],[36078,0],[36335,0],[36334,0],[35823,0],]]
[36080,7,39,[[36079,0],[36081,0],[36336,0],[35824,0],]]
[36081,8,39,[[36082,0],[36080,0],[36337,0],[36336,0],[35825,0],]]
[36082,16,39,[[36081,0],[36083,0],[36338,0],[35826,0],]]
[36083,10,39,[[36084,0],[36082,0],[36339,0],[36338,0],[35827,0],]]
[36084,16,39,[[36083,0],[36085,0],[36340,0],[35828,0],]]
[36085,4,39,[[36086,0],[36084,0],[36341,0],[36340,0],[35829,0],]]
[36086,4,39,[[36085,0],[36087,0],[36342,0],[35830,0],]]
[36087,8,39,[[36088,0],[36086,0],[36343,0],[36342,0],[35831,0],]]
[36088,10,39,[[36087,0],[36089,0],[36344,0],[35832,0],]]
[36089,3,39,[[36090,0],[36088,0],[36345,0],[36344,0],[35833,0],]]
[36090,9,39,[[36089,0],[36091,0],[36346,0],[35834,0],]]
[36091,16,39,[[36092,0],[36090,0],[36347,0],[36346,0],[35835,0],]]
[36092,6,39,[[36091,0],[36093,0],[36348,0],[35836,0],]]
[36093,11,39,[[36094,0],[36092,0],[36349,0],[36348,0],[35837,0],]]
[36094,18,39,[[36093,0],[36095,0],[36350,0],[35838,0],]]
[36095,18,39,[[36094,0],[36351,0],[36350,0],[35839,0],]]
[36096,12,32,[[36097,0],[35840,0],[35841,0],[36352,0],]]
[36097,10,32,[[36098,0],[36096,0],[35841,0],[36353,0],]]
[36098,11,32,[[36097,0],[36099,0],[35842,0],[35843,0],[36354,0],]]
[36099,19,32,[[36100,0],[36098,0],[35843,0],[36355,0],]]
[36100,7,32,[[36099,0],[36101,0],[35844,0],[35845,0],[36356,0],]]
[36101,3,32,[[36102,0],[36100,0],[35845,0],[36357,0],]]
[36102,7,32,[[36101,0],[36103,0],[35846,0],[35847,0],[36358,0],]]
[36103,3,32,[[36104,0],[36102,0],[35847,0],[36359,0],]]
[36104,13,32,[[36103,0],[36105,0],[35848,0],[35849,0],[36360,0],]]
[36105,3,32,[[36106,0],[36104,0],[35849,0],[36361,0],]]
[36106,1,32,[[36105,0],[36107,0],[35850,0],[35851,0],[36362,0],]]
[36107,17,32,[[36108,0],[36106,0],[35851,0],[36363,0],]]
[36108,13,32,[[36107,0],[36109,0],[35852,0],[35853,0],[36364,0],]]
[36109,15,32,[[36110,0],[36108,0],[35853,0],[36365,0],]]
[36110,12,32,[[36109,0],[36111,0],[35854,0],[35855,0],[36366,0],]]
[36111,2,32,[[36112,0],[36110,0],[35855,0],[36367,0],]]
[36112,19,32,[[36111,0],[36113,0],[35856,0],[35857,0],[36368,0],]]
[36113,14,32,[[36114,0],[36112,0],[35857,0],[36369,0],]]
[36114,14,32,[[36113,0],[36115,0],[35858,0],[35859,0],[36370,0],]]
[36115,10,32,[[36116,0],[36114,0],[35859,0],[36371,0],]]
[36116,5,32,[[36115,0],[36117,0],[35860,0],[35861,0],[36372,0],]]
[36117,1,32,[[36118,0],[36116,0],[35861,0],[36373,0],]]
[36118,13,32,[[36117,0],[36119,0],[35862,0],[35863,0],[36374,0],]]
[36119,16,32,[[36120,0],[36118,0],[35863,0],[36375,0],]]
[36120,2,32,[[36119,0],[36121,0],[35864,0],[35865,0],[36376,0],]]
[36121,16,32,[[36122,0],[36120,0],[35865,0],[36377,0],]]
[36122,2,32,[[36121,0],[36123,0],[35866,0],[35867,0],[36378,0],]]
[36123,11,32,[[36124,0],[36122,0],[35867,0],[36379,0],]]
[36124,15,32,[[36123,0],[36125,0],[35868,0],[35869,0],[36380,0],]]
[36125,4,32,[[36126,0],[36124,0],[35869,0],[36381,0],]]
[36126,16,32,[[36125,0],[36127,0],[35870,0],[35871,0],[36382,0],]]
[36127,2,32,[[36128,0],[36126,0],[35871,0],[36383,0],]]
[36128,10,33,[[36127,0],[36129,0],[35872,0],[35873,0],[36384,0],]]
[36129,8,33,[[36130,0],[36128,0],[35873,0],[36385,0],]]
[36130,15,33,[[36129,0],[36131,0],[35874,0],[35875,0],[36386,0],]]
[36131,17,33,[[36132,0],[36130,0],[35875,0],[36387,0],]]
[36132,5,33,[[36131,0],[36133,0],[35876,0],[35877,0],[36388,0],]]
[36133,3,33,[[36134,0],[36132,0],[35877,0],[36389,0],]]
[36134,9,33,[[36133,0],[36135,0],[35878,0],[35879,0],[36390,0],]]
[36135,13,33,[[36136,0],[36134,0],[35879,0],[36391,0],]]
[36136,8,33,[[36135,0],[36137,0],[35880,0],[35881,0],[36392,0],]]
[36137,11,33,[[36138,0],[36136,0],[35881,0],[36393,0],]]
[36138,3,33,[[36137,0],[36139,0],[35882,0],[35883,0],[36394,0],]]
[36139,7,33,[[36140,0],[36138,0],[35883,0],[36395,0],]]
[36140,17,33,[[36139,0],[36141,0],[35884,0],[35885,0],[36396,0],]]
[36141,10,33,[[36142,0],[36140,0],[35885,0],[36397,0],]]
[36142,15,33,[[36141,0],[36143,0],[35886,0],[35887,0],[36398,0],]]
[36143,18,33,[[36144,0],[36142,0],[35887,0],[36399,0],]]
[36144,17,33,[[36143,0],[36145,0],[35888,0],[35889,0],[36400,0],]]
[36145,10,33,[[36146,0],[36144,0],[35889,0],[36401,0],]]
[36146,7,33,[[36145,0],[36147,0],[35890,0],[35891,0],[36402,0],]]
[36147,18,33,[[36148,0],[36146,0],[35891,0],[36403,0],]]
[36148,14,33,[[36147,0],[36149,0],[35892,0],[35893,0],[36404,0],]]
[36149,18,33,[[36150,0],[36148,0],[35893,0],[36405,0],]]
[36150,1,33,[[36149,0],[36151,0],[35894,0],[35895,0],[36406,0],]]
[36151,5,33,[[36152,0],[36150,0],[35895,0],[36407,0],]]
[36152,19,33,[[36151,0],[36153,0],[35896,0],[35897,0],[36408,0],]]
[36153,17,33,[[36154,0],[36152,0],[35897,0],[36409,0],]]
[36154,8,33,[[36153,0],[36155,0],[35898,0],[35899,0],[36410,0],]]
[36155,14,33,[[36156,0],[36154,0],[35899,0],[36411,0],]]
[36156,13,33,[[36155,0],[36157,0],[35900,0],[35901,0],[36412,0],]]
[36157,7,33,[[36158,0],[36156,0],[35901,0],[36413,0],]]
[36158,1,33,[[36157,0],[36159,0],[35902,0],[35903,0],[36414,0],]]
[36159,18,33,[[36160,0],[36158,0],[35903,0],[36415,0],]]
[36160,2,34,[[36159,0],[36161,0],[35904,0],[35905,0],[36416,0],]]
[36161,7,34,[[36162,0],[36160,0],[35905,0],[36417,0],]]
[36162,9,34,[[36161,0],[36163,0],[35906,0],[35907,0],[36418,0],]]
[36163,15,34,[[36164,0],[36162,0],[35907,0],[36419,0],]]
[36164,2,34,[[36163,0],[36165,0],[35908,0],[35909,0],[36420,0],]]
[36165,12,34,[[36166,0],[36164,0],[35909,0],[36421,0],]]
[36166,15,34,[[36165,0],[36167,0],[35910,0],[35911,0],[36422,0],]]
[36167,12,34,[[36168,0],[36166,0],[35911,0],[36423,0],]]
[36168,15,34,[[36167,0],[36169,0],[35912,0],[35913,0],[36424,0],]]
[36169,12,34,[[36170,0],[36168,0],[35913,0],[36425,0],]]
[36170,4,34,[[36169,0],[36171,0],[35914,0],[35915,0],[36426,0],]]
[36171,16,34,[[36172,0],[36170,0],[35915,0],[36427,0],]]
[36172,17,34,[[36171,0],[36173,0],[35916,0],[35917,0],[36428,0],]]
[36173,18,34,[[36174,0],[36172,0],[35917,0],[36429,0],]]
[36174,11,34,[[36173,0],[36175,0],[35918,0],[35919,0],[36430,0],]]
[36175,18,34,[[36176,0],[36174,0],[35919,0],[36431,0],]]
[36176,1,34,[[36175,0],[36177,0],[35920,0],[35921,0],[36432,0],]]
[36177,8,34,[[36178,0],[36176,0],[35921,0],[36433,0],]]
[36178,4,34,[[36177,0],[36179,0],[35922,0],[35923,0],[36434,0],]]
[36179,16,34,[[36180,0],[36178,0],[35923,0],[36435,0],]]
[36180,18,34,[[36179,0],[36181,0],[35924,0],[35925,0],[36436,0],]]
[36181,15,34,[[36182,0],[36180,0],[35925,0],[36437,0],]]
[36182,15,34,[[36181,0],[36183,0],[35926,0],[35927,0],[36438,0],]]
[36183,14,34,[[36184,0],[36182,0],[35927,0],[36439,0],]]
[36184,5,34,[[36183,0],[36185,0],[35928,0],[35929,0],[36440,0],]]
[36185,2,34,[[36186,0],[36184,0],[35929,0],[36441,0],]]
[36186,15,34,[[36185,0],[36187,0],[35930,0],[35931,0],[36442,0],]]
[36187,6,34,[[36188,0],[36186,0],[35931,0],[36443,0],]]
[36188,1,34,[[36187,0],[36189,0],[35932,0],[35933,0],[36444,0],]]
[36189,15,34,[[36190,0],[36188,0],[35933,0],[36445,0],]]
[36190,10,34,[[36189,0],[36191,0],[35934,0],[35935,0],[36446,0],]]
[36191,6,34,[[36192,0],[36190,0],[35935,0],[36447,0],]]
[36192,5,35,[[36191,0],[36193,0],[35936,0],[35937,0],[36448,0],]]
[36193,10,35,[[36194,0],[36192,0],[35937,0],[36449,0],]]
[36194,10,35,[[36193,0],[36195,0],[35938,0],[35939,0],[36450,0],]]
[36195,1,35,[[36196,0],[36194,0],[35939,0],[36451,0],]]
[36196,14,35,[[36195,0],[36197,0],[35940,0],[35941,0],[36452,0],]]
[36197,13,35,[[36198,0],[36196,0],[35941,0],[36453,0],]]
[36198,19,35,[[36197,0],[36199,0],[35942,0],[35943,0],[36454,0],]]
[36199,12,35,[[36200,0],[36198,0],[35943,0],[36455,0],]]
[36200,18,35,[[36199,0],[36201,0],[35944,0],[35945,0],[36456,0],]]
[36201,14,35,[[36202,0],[36200,0],[35945,0],[36457,0],]]
[36202,3,35,[[36201,0],[36203,0],[35946,0],[35947,0],[36458,0],]]
[36203,7,35,[[36204,0],[36202,0],[35947,0],[36459,0],]]
[36204,4,35,[[36203,0],[36205,0],[35948,0],[35949,0],[36460,0],]]
[36205,8,35,[[36206,0],[36204,0],[35949,0],[36461,0],]]
[36206,7,35,[[36205,0],[36207,0],[35950,0],[35951,0],[36462,0],]]
[36207,5,35,[[36208,0],[36206,0],[35951,0],[36463,0],]]
[36208,14,35,[[36207,0],[36209,0],[35952,0],[35953,0],[36464,0],]]
[36209,8,35,[[36210,0],[36208,0],[35953,0],[36465,0],]]
[36210,12,35,[[36209,0],[36211,0],[35954,0],[35955,0],[36466,0],]]
[36211,13,35,[[36212,0],[36210,0],[35955,0],[36467,0],]]
[36212,8,35,[[36211,0],[36213,0],[35956,0],[35957,0],[36468,0],]]
[36213,5,35,[[36214,0],[36212,0],[35957,0],[36469,0],]]
[36214,7,35,[[36213,0],[36215,0],[35958,0],[35959,0],[36470,0],]]
[36215,17,35,[[36216,0],[36214,0],[35959,0],[36471,0],]]
[36216,16,35,[[36215,0],[36217,0],[35960,0],[35961,0],[36472,0],]]
[36217,12,35,[[36218,0],[36216,0],[35961,0],[36473,0],]]
[36218,6,35,[[36217,0],[36219,0],[35962,0],[35963,0],[36474,0],]]
[36219,11,35,[[36220,0],[36218,0],[35963,0],[36475,0],]]
[36220,7,35,[[36219,0],[36221,0],[35964,0],[35965,0],[36476,0],]]
[36221,4,35,[[36222,0],[36220,0],[35965,0],[36477,0],]]
[36222,10,35,[[36221,0],[36223,0],[35966,0],[35967,0],[36478,0],]]
[36223,10,35,[[36224,0],[36222,0],[35967,0],[36479,0],]]
[36224,9,36,[[36223,0],[36225,0],[35968,0],[35969,0],[36480,0],]]
[36225,17,36,[[36226,0],[36224,0],[35969,0],[36481,0],]]
[36226,8,36,[[36225,0],[36227,0],[35970,0],[35971,0],[36482,0],]]
[36227,1,36,[[36228,0],[36226,0],[35971,0],[36483,0],]]
[36228,2,36,[[36227,0],[36229,0],[35972,0],[35973,0],[36484,0],]]
[36229,6,36,[[36230,0],[36228,0],[35973,0],[36485,0],]]
[36230,14,36,[[36229,0],[36231,0],[35974,0],[35975,0],[36486,0],]]
[36231,6,36,[[36232,0],[36230,0],[35975,0],[36487,0],]]
[36232,8,36,[[36231,0],[36233,0],[35976,0],[35977,0],[36488,0],]]
[36233,8,36,[[36234,0],[36232,0],[35977,0],[36489,0],]]
[36234,13,36,[[36233,0],[36235,0],[35978,0],[35979,0],[36490,0],]]
[36235,18,36,[[36236,0],[36234,0],[35979,0],[36491,0],]]
[36236,3,36,[[36235,0],[36237,0],[35980,0],[35981,0],[36492,0],]]
[36237,12,36,[[36238,0],[36236,0],[35981,0],[36493,0],]]
[36238,14,36,[[36237,0],[36239,0],[35982,0],[35983,0],[36494,0],]]
[36239,13,36,[[36240,0],[36238,0],[35983,0],[36495,0],]]
[36240,1,36,[[36239,0],[36241,0],[35984,0],[35985,0],[36496,0],]]
[36241,7,36,[[36242,0],[36240,0],[35985,0],[36497,0],]]
[36242,12,36,[[36241,0],[36243,0],[35986,0],[35987,0],[36498,0],]]
[36243,7,36,[[36244,0],[36242,0],[35987,0],[36499,0],]]
[36244,5,36,[[36243,0],[36245,0],[35988,0],[35989,0],[36500,0],]]
[36245,3,36,[[36246,0],[36244,0],[35989,0],[36501,0],]]
[36246,18,36,[[36245,0],[36247,0],[35990,0],[35991,0],[36502,0],]]
[36247,7,36,[[36248,0],[36246,0],[35991,0],[36503,0],]]
[36248,6,36,[[36247,0],[36249,0],[35992,0],[35993,0],[36504,0],]]
[36249,18,36,[[36250,0],[36248,0],[35993,0],[36505,0],]]
[36250,12,36,[[36249,0],[36251,0],[35994,0],[35995,0],[36506,0],]]
[36251,19,36,[[36252,0],[36250,0],[35995,0],[36507,0],]]
[36252,10,36,[[36251,0],[36253,0],[35996,0],[35997,0],[36508,0],]]
[36253,10,36,[[36254,0],[36252,0],[35997,0],[36509,0],]]
[36254,8,36,[[36253,0],[36255,0],[35998,0],[35999,0],[36510,0],]]
[36255,12,36,[[36256,0],[36254,0],[35999,0],[36511,0],]]
[36256,14,37,[[36255,0],[36257,0],[36000,0],[36001,0],[36512,0],]]
[36257,15,37,[[36258,0],[36256,0],[36001,0],[36513,0],]]
[36258,2,37,[[36257,0],[36259,0],[36002,0],[36003,0],[36514,0],]]
[36259,4,37,[[36260,0],[36258,0],[36003,0],[36515,0],]]
[36260,8,37,[[36259,0],[36261,0],[36004,0],[36005,0],[36516,0],]]
[36261,9,37,[[36262,0],[36260,0],[36005,0],[36517,0],]]
[36262,13,37,[[36261,0],[36263,0],[36006,0],[36007,0],[36518,0],]]
[36263,5,37,[[36264,0],[36262,0],[36007,0],[36519,0],]]
[36264,1,37,[[36263,0],[36265,0],[36008,0],[36009,0],[36520,0],]]
[36265,8,37,[[36266,0],[36264,0],[36009,0],[36521,0],]]
[36266,14,37,[[36265,0],[36267,0],[36010,0],[36011,0],[36522,0],]]
[36267,16,37,[[36268,0],[36266,0],[36011,0],[36523,0],]]
[36268,19,37,[[36267,0],[36269,0],[36012,0],[36013,0],[36524,0],]]
[36269,13,37,[[36270,0],[36268,0],[36013,0],[36525,0],]]
[36270,14,37,[[36269,0],[36271,0],[36014,0],[36015,0],[36526,0],]]
[36271,7,37,[[36272,0],[36270,0],[36015,0],[36527,0],]]
[36272,16,37,[[36271,0],[36273,0],[36016,0],[36017,0],[36528,0],]]
[36273,5,37,[[36274,0],[36272,0],[36017,0],[36529,0],]]
[36274,1,37,[[36273,0],[36275,0],[36018,0],[36019,0],[36530,0],]]
[36275,9,37,[[36276,0],[36274,0],[36019,0],[36531,0],]]
[36276,6,37,[[36275,0],[36277,0],[36020,0],[36021,0],[36532,0],]]
[36277,10,37,[[36278,0],[36276,0],[36021,0],[36533,0],]]
[36278,9,37,[[36277,0],[36279,0],[36022,0],[36023,0],[36534,0],]]
[36279,11,37,[[36280,0],[36278,0],[36023,0],[36535,0],]]
[36280,18,37,[[36279,0],[36281,0],[36024,0],[36025,0],[36536,0],]]
[36281,14,37,[[36282,0],[36280,0],[36025,0],[36537,0],]]
[36282,12,37,[[36281,0],[36283,0],[36026,0],[36027,0],[36538,0],]]
[36283,3,37,[[36284,0],[36282,0],[36027,0],[36539,0],]]
[36284,5,37,[[36283,0],[36285,0],[36028,0],[36029,0],[36540,0],]]
[36285,19,37,[[36286,0],[36284,0],[36029,0],[36541,0],]]
[36286,14,37,[[36285,0],[36287,0],[36030,0],[36031,0],[36542,0],]]
[36287,12,37,[[36288,0],[36286,0],[36031,0],[36543,0],]]
[36288,16,38,[[36287,0],[36289,0],[36032,0],[36033,0],[36544,0],]]
[36289,4,38,[[36290,0],[36288,0],[36033,0],[36545,0],]]
[36290,18,38,[[36289,0],[36291,0],[36034,0],[36035,0],[36546,0],]]
[36291,1,38,[[36292,0],[36290,0],[36035,0],[36547,0],]]
[36292,14,38,[[36291,0],[36293,0],[36036,0],[36037,0],[36548,0],]]
[36293,5,38,[[36294,0],[36292,0],[36037,0],[36549,0],]]
[36294,19,38,[[36293,0],[36295,0],[36038,0],[36039,0],[36550,0],]]
[36295,17,38,[[36296,0],[36294,0],[36039,0],[36551,0],]]
[36296,8,38,[[36295,0],[36297,0],[36040,0],[36041,0],[36552,0],]]
[36297,6,38,[[36298,0],[36296,0],[36041,0],[36553,0],]]
[36298,19,38,[[36297,0],[36299,0],[36042,0],[36043,0],[36554,0],]]
[36299,5,38,[[36300,0],[36298,0],[36043,0],[36555,0],]]
[36300,5,38,[[36299,0],[36301,0],[36044,0],[36045,0],[36556,0],]]
[36301,15,38,[[36302,0],[36300,0],[36045,0],[36557,0],]]
[36302,9,38,[[36301,0],[36303,0],[36046,0],[36047,0],[36558,0],]]
[36303,15,38,[[36304,0],[36302,0],[36047,0],[36559,0],]]
[36304,15,38,[[36303,0],[36305,0],[36048,0],[36049,0],[36560,0],]]
[36305,15,38,[[36306,0],[36304,0],[36049,0],[36561,0],]]
[36306,9,38,[[36305,0],[36307,0],[36050,0],[36051,0],[36562,0],]]
[36307,13,38,[[36308,0],[36306,0],[36051,0],[36563,0],]]
[36308,7,38,[[36307,0],[36309,0],[36052,0],[36053,0],[36564,0],]]
[36309,15,38,[[36310,0],[36308,0],[36053,0],[36565,0],]]
[36310,14,38,[[36309,0],[36311,0],[36054,0],[36055,0],[36566,0],]]
[36311,17,38,[[36312,0],[36310,0],[36055,0],[36567,0],]]
[36312,3,38,[[36311,0],[36313,0],[36056,0],[36057,0],[36568,0],]]
[36313,14,38,[[36314,0],[36312,0],[36057,0],[36569,0],]]
[36314,17,38,[[36313,0],[36315,0],[36058,0],[36059,0],[36570,0],]]
[36315,9,38,[[36316,0],[36314,0],[36059,0],[36571,0],]]
[36316,12,38,[[36315,0],[36317,0],[36060,0],[36061,0],[36572,0],]]
[36317,18,38,[[36318,0],[36316,0],[36061,0],[36573,0],]]
[36318,8,38,[[36317,0],[36319,0],[36062,0],[36063,0],[36574,0],]]
[36319,12,38,[[36320,0],[36318,0],[36063,0],[36575,0],]]
[36320,10,39,[[36319,0],[36321,0],[36064,0],[36065,0],[36576,0],]]
[36321,14,39,[[36322,0],[36320,0],[36065,0],[36577,0],]]
[36322,17,39,[[36321,0],[36323,0],[36066,0],[36067,0],[36578,0],]]
[36323,11,39,[[36324,0],[36322,0],[36067,0],[36579,0],]]
[36324,11,39,[[36323,0],[36325,0],[36068,0],[36069,0],[36580,0],]]
[36325,5,39,[[36326,0],[36324,0],[36069,0],[36581,0],]]
[36326,10,39,[[36325,0],[36327,0],[36070,0],[36071,0],[36582,0],]]
[36327,3,39,[[36328,0],[36326,0],[36071,0],[36583,0],]]
[36328,14,39,[[36327,0],[36329,0],[36072,0],[36073,0],[36584,0],]]
[36329,3,39,[[36330,0],[36328,0],[36073,0],[36585,0],]]
[36330,12,39,[[36329,0],[36331,0],[36074,0],[36075,0],[36586,0],]]
[36331,1,39,[[36332,0],[36330,0],[36075,0],[36587,0],]]
[36332,5,39,[[36331,0],[36333,0],[36076,0],[36077,0],[36588,0],]]
[36333,4,39,[[36334,0],[36332,0],[36077,0],[36589,0],]]
[36334,16,39,[[36333,0],[36335,0],[36078,0],[36079,0],[36590,0],]]
[36335,6,39,[[36336,0],[36334,0],[36079,0],[36591,0],]]
[36336,18,39,[[36335,0],[36337,0],[36080,0],[36081,0],[36592,0],]]
[36337,18,39,[[36338,0],[36336,0],[36081,0],[36593,0],]]
[36338,8,39,[[36337,0],[36339,0],[36082,0],[36083,0],[36594,0],]]
[36339,3,39,[[36340,0],[36338,0],[36083,0],[36595,0],]]
[36340,18,39,[[36339,0],[36341,0],[36084,0],[36085,0],[36596,0],]]
[36341,13,39,[[36342,0],[36340,0],[36085,0],[36597,0],]]
[36342,10,39,[[36341,0],[36343,0],[36086,0],[36087,0],[36598,0],]]
[36343,11,39,[[36344,0],[36342,0],[36087,0],[36599,0],]]
[36344,9,39,[[36343,0],[36345,0],[36088,0],[36089,0],[36600,0],]]
[36345,14,39,[[36346,0],[36344,0],[36089,0],[36601,0],]]
[36346,5,39,[[36345,0],[36347,0],[36090,0],[36091,0],[36602,0],]]
[36347,6,39,[[36348,0],[36346,0],[36091,0],[36603,0],]]
[36348,4,39,[[36347,0],[36349,0],[36092,0],[36093,0],[36604,0],]]
[36349,3,39,[[36350,0],[36348,0],[36093,0],[36605,0],]]
[36350,12,39,[[36349,0],[36351,0],[36094,0],[36095,0],[36606,0],]]
[36351,18,39,[[36350,0],[36095,0],[36607,0],]]
[36352,4,32,[[36353,0],[36608,0],[36096,0],]]
[36353,17,32,[[36354,0],[36352,0],[36609,0],[36608,0],[36097,0],]]
[36354,6,32,[[36353,0],[36355,0],[36610,0],[36098,0],]]
[36355,7,32,[[36356,0],[36354,0],[36611,0],[36610,0],[36099,0],]]
[36356,8,32,[[36355,0],[36357,0],[36612,0],[36100,0],]]
[36357,7,32,[[36358,0],[36356,0],[36613,0],[36612,0],[36101,0],]]
[36358,19,32,[[36357,0],[36359,0],[36614,0],[36102,0],]]
[36359,13,32,[[36360,0],[36358,0],[36615,0],[36614,0],[36103,0],]]
[36360,7,32,[[36359,0],[36361,0],[36616,0],[36104,0],]]
[36361,16,32,[[36362,0],[36360,0],[36617,0],[36616,0],[36105,0],]]
[36362,3,32,[[36361,0],[36363,0],[36618,0],[36106,0],]]
[36363,10,32,[[36364,0],[36362,0],[36619,0],[36618,0],[36107,0],]]
[36364,6,32,[[36363,0],[36365,0],[36620,0],[36108,0],]]
[36365,19,32,[[36366,0],[36364,0],[36621,0],[36620,0],[36109,0],]]
[36366,19,32,[[36365,0],[36367,0],[36622,0],[36110,0],]]
[36367,11,32,[[36368,0],[36366,0],[36623,0],[36622,0],[36111,0],]]
[36368,7,32,[[36367,0],[36369,0],[36624,0],[36112,0],]]
[36369,11,32,[[36370,0],[36368,0],[36625,0],[36624,0],[36113,0],]]
[36370,18,32,[[36369,0],[36371,0],[36626,0],[36114,0],]]
[36371,7,32,[[36372,0],[36370,0],[36627,0],[36626,0],[36115,0],]]
[36372,11,32,[[36371,0],[36373,0],[36628,0],[36116,0],]]
[36373,11,32,[[36374,0],[36372,0],[36629,0],[36628,0],[36117,0],]]
[36374,17,32,[[36373,0],[36375,0],[36630,0],[36118,0],]]
[36375,10,32,[[36376,0],[36374,0],[36631,0],[36630,0],[36119,0],]]
[36376,9,32,[[36375,0],[36377,0],[36632,0],[36120,0],]]
[36377,18,32,[[36378,0],[36376,0],[36633,0],[36632,0],[36121,0],]]
[36378,12,32,[[36377,0],[36379,0],[36634,0],[36122,0],]]
[36379,4,32,[[36380,0],[36378,0],[36635,0],[36634,0],[36123,0],]]
[36380,7,32,[[36379,0],[36381,0],[36636,0],[36124,0],]]
[36381,3,32,[[36382,0],[36380,0],[36637,0],[36636,0],[36125,0],]]
[36382,14,32,[[36381,0],[36383,0],[36638,0],[36126,0],]]
[36383,14,32,[[36384,0],[36382,0],[36639,0],[36638,0],[36127,0],]]
[36384,9,33,[[36383,0],[36385,0],[36640,0],[36128,0],]]
[36385,15,33,[[36386,0],[36384,0],[36641,0],[36640,0],[36129,0],]]
[36386,1,33,[[36385,0],[36387,0],[36642,0],[36130,0],]]
[36387,17,33,[[36388,0],[36386,0],[36643,0],[36642,0],[36131,0],]]
[36388,15,33,[[36387,0],[36389,0],[36644,0],[36132,0],]]
[36389,17,33,[[36390,0],[36388,0],[36645,0],[36644,0],[36133,0],]]
[36390,13,33,[[36389,0],[36391,0],[36646,0],[36134,0],]]
[36391,15,33,[[36392,0],[36390,0],[36647,0],[36646,0],[36135,0],]]
[36392,1,33,[[36391,0],[36393,0],[36648,0],[36136,0],]]
[36393,13,33,[[36394,0],[36392,0],[36649,0],[36648,0],[36137,0],]]
[36394,18,33,[[36393,0],[36395,0],[36650,0],[36138,0],]]
[36395,6,33,[[36396,0],[36394,0],[36651,0],[36650,0],[36139,0],]]
[36396,9,33,[[36395,0],[36397,0],[36652,0],[36140,0],]]
[36397,1,33,[[36398,0],[36396,0],[36653,0],[36652,0],[36141,0],]]
[36398,8,33,[[36397,0],[36399,0],[36654,0],[36142,0],]]
[36399,10,33,[[36400,0],[36398,0],[36655,0],[36654,0],[36143,0],]]
[36400,19,33,[[36399,0],[36401,0],[36656,0],[36144,0],]]
[36401,3,33,[[36402,0],[36400,0],[36657,0],[36656,0],[36145,0],]]
[36402,11,33,[[36401,0],[36403,0],[36658,0],[36146,0],]]
[36403,16,33,[[36404,0],[36402,0],[36659,0],[36658,0],[36147,0],]]
[36404,10,33,[[36403,0],[36405,0],[36660,0],[36148,0],]]
[36405,2,33,[[36406,0],[36404,0],[36661,0],[36660,0],[36149,0],]]
[36406,18,33,[[36405,0],[36407,0],[36662,0],[36150,0],]]
[36407,13,33,[[36408,0],[36406,0],[36663,0],[36662,0],[36151,0],]]
[36408,8,33,[[36407,0],[36409,0],[36664,0],[36152,0],]]
[36409,11,33,[[36410,0],[36408,0],[36665,0],[36664,0],[36153,0],]]
[36410,2,33,[[36409,0],[36411,0],[36666,0],[36154,0],]]
[36411,4,33,[[36412,0],[36410,0],[36667,0],[36666,0],[36155,0],]]
[36412,1,33,[[36411,0],[36413,0],[36668,0],[36156,0],]]
[36413,19,33,[[36414,0],[36412,0],[36669,0],[36668,0],[36157,0],]]
[36414,7,33,[[36413,0],[36415,0],[36670,0],[36158,0],]]
[36415,6,33,[[36416,0],[36414,0],[36671,0],[36670,0],[36159,0],]]
[36416,16,34,[[36415,0],[36417,0],[36672,0],[36160,0],]]
[36417,6,34,[[36418,0],[36416,0],[36673,0],[36672,0],[36161,0],]]
[36418,7,34,[[36417,0],[36419,0],[36674,0],[36162,0],]]
[36419,12,34,[[36420,0],[36418,0],[36675,0],[36674,0],[36163,0],]]
[36420,15,34,[[36419,0],[36421,0],[36676,0],[36164,0],]]
[36421,19,34,[[36422,0],[36420,0],[36677,0],[36676,0],[36165,0],]]
[36422,10,34,[[36421,0],[36423,0],[36678,0],[36166,0],]]
[36423,12,34,[[36424,0],[36422,0],[36679,0],[36678,0],[36167,0],]]
[36424,7,34,[[36423,0],[36425,0],[36680,0],[36168,0],]]
[36425,13,34,[[36426,0],[36424,0],[36681,0],[36680,0],[36169,0],]]
[36426,7,34,[[36425,0],[36427,0],[36682,0],[36170,0],]]
[36427,8,34,[[36428,0],[36426,0],[36683,0],[36682,0],[36171,0],]]
[36428,19,34,[[36427,0],[36429,0],[36684,0],[36172,0],]]
[36429,14,34,[[36430,0],[36428,0],[36685,0],[36684,0],[36173,0],]]
[36430,19,34,[[36429,0],[36431,0],[36686,0],[36174,0],]]
[36431,19,34,[[36432,0],[36430,0],[36687,0],[36686,0],[36175,0],]]
[36432,11,34,[[36431,0],[36433,0],[36688,0],[36176,0],]]
[36433,17,34,[[36434,0],[36432,0],[36689,0],[36688,0],[36177,0],]]
[36434,18,34,[[36433,0],[36435,0],[36690,0],[36178,0],]]
[36435,2,34,[[36436,0],[36434,0],[36691,0],[36690,0],[36179,0],]]
[36436,12,34,[[36435,0],[36437,0],[36692,0],[36180,0],]]
[36437,4,34,[[36438,0],[36436,0],[36693,0],[36692,0],[36181,0],]]
[36438,12,34,[[36437,0],[36439,0],[36694,0],[36182,0],]]
[36439,7,34,[[36440,0],[36438,0],[36695,0],[36694,0],[36183,0],]]
[36440,6,34,[[36439,0],[36441,0],[36696,0],[36184,0],]]
[36441,17,34,[[36442,0],[36440,0],[36697,0],[36696,0],[36185,0],]]
[36442,14,34,[[36441,0],[36443,0],[36698,0],[36186,0],]]
[36443,3,34,[[36444,0],[36442,0],[36699,0],[36698,0],[36187,0],]]
[36444,3,34,[[36443,0],[36445,0],[36700,0],[36188,0],]]
[36445,6,34,[[36446,0],[36444,0],[36701,0],[36700,0],[36189,0],]]
[36446,13,34,[[36445,0],[36447,0],[36702,0],[36190,0],]]
[36447,3,34,[[36448,0],[36446,0],[36703,0],[36702,0],[36191,0],]]
[36448,12,35,[[36447,0],[36449,0],[36704,0],[36192,0],]]
[36449,17,35,[[36450,0],[36448,0],[36705,0],[36704,0],[36193,0],]]
[36450,3,35,[[36449,0],[36451,0],[36706,0],[36194,0],]]
[36451,10,35,[[36452,0],[36450,0],[36707,0],[36706,0],[36195,0],]]
[36452,6,35,[[36451,0],[36453,0],[36708,0],[36196,0],]]
[36453,1,35,[[36454,0],[36452,0],[36709,0],[36708,0],[36197,0],]]
[36454,2,35,[[36453,0],[36455,0],[36710,0],[36198,0],]]
[36455,1,35,[[36456,0],[36454,0],[36711,0],[36710,0],[36199,0],]]
[36456,13,35,[[36455,0],[36457,0],[36712,0],[36200,0],]]
[36457,10,35,[[36458,0],[36456,0],[36713,0],[36712,0],[36201,0],]]
[36458,13,35,[[36457,0],[36459,0],[36714,0],[36202,0],]]
[36459,6,35,[[36460,0],[36458,0],[36715,0],[36714,0],[36203,0],]]
[36460,15,35,[[36459,0],[36461,0],[36716,0],[36204,0],]]
[36461,9,35,[[36462,0],[36460,0],[36717,0],[36716,0],[36205,0],]]
[36462,1,35,[[36461,0],[36463,0],[36718,0],[36206,0],]]
[36463,7,35,[[36464,0],[36462,0],[36719,0],[36718,0],[36207,0],]]
[36464,11,35,[[36463,0],[36465,0],[36720,0],[36208,0],]]
[36465,15,35,[[36466,0],[36464,0],[36721,0],[36720,0],[36209,0],]]
[36466,6,35,[[36465,0],[36467,0],[36722,0],[36210,0],]]
[36467,15,35,[[36468,0],[36466,0],[36723,0],[36722,0],[36211,0],]]
[36468,11,35,[[36467,0],[36469,0],[36724,0],[36212,0],]]
[36469,18,35,[[36470,0],[36468,0],[36725,0],[36724,0],[36213,0],]]
[36470,14,35,[[36469,0],[36471,0],[36726,0],[36214,0],]]
[36471,12,35,[[36472,0],[36470,0],[36727,0],[36726,0],[36215,0],]]
[36472,10,35,[[36471,0],[36473,0],[36728,0],[36216,0],]]
[36473,10,35,[[36474,0],[36472,0],[36729,0],[36728,0],[36217,0],]]
[36474,1,35,[[36473,0],[36475,0],[36730,0],[36218,0],]]
[36475,16,35,[[36476,0],[36474,0],[36731,0],[36730,0],[36219,0],]]
[36476,13,35,[[36475,0],[36477,0],[36732,0],[36220,0],]]
[36477,15,35,[[36478,0],[36476,0],[36733,0],[36732,0],[36221,0],]]
[36478,17,35,[[36477,0],[36479,0],[36734,0],[36222,0],]]
[36479,17,35,[[36480,0],[36478,0],[36735,0],[36734,0],[36223,0],]]
[36480,6,36,[[36479,0],[36481,0],[36736,0],[36224,0],]]
[36481,15,36,[[36482,0],[36480,0],[36737,0],[36736,0],[36225,0],]]
[36482,18,36,[[36481,0],[36483,0],[36738,0],[36226,0],]]
[36483,18,36,[[36484,0],[36482,0],[36739,0],[36738,0],[36227,0],]]
[36484,7,36,[[36483,0],[36485,0],[36740,0],[36228,0],]]
[36485,16,36,[[36486,0],[36484,0],[36741,0],[36740,0],[36229,0],]]
[36486,4,36,[[36485,0],[36487,0],[36742,0],[36230,0],]]
[36487,6,36,[[36488,0],[36486,0],[36743,0],[36742,0],[36231,0],]]
[36488,5,36,[[36487,0],[36489,0],[36744,0],[36232,0],]]
[36489,11,36,[[36490,0],[36488,0],[36745,0],[36744,0],[36233,0],]]
[36490,2,36,[[36489,0],[36491,0],[36746,0],[36234,0],]]
[36491,14,36,[[36492,0],[36490,0],[36747,0],[36746,0],[36235,0],]]
[36492,18,36,[[36491,0],[36493,0],[36748,0],[36236,0],]]
[36493,12,36,[[36494,0],[36492,0],[36749,0],[36748,0],[36237,0],]]
[36494,9,36,[[36493,0],[36495,0],[36750,0],[36238,0],]]
[36495,9,36,[[36496,0],[36494,0],[36751,0],[36750,0],[36239,0],]]
[36496,2,36,[[36495,0],[36497,0],[36752,0],[36240,0],]]
[36497,5,36,[[36498,0],[36496,0],[36753,0],[36752,0],[36241,0],]]
[36498,17,36,[[36497,0],[36499,0],[36754,0],[36242,0],]]
[36499,6,36,[[36500,0],[36498,0],[36755,0],[36754,0],[36243,0],]]
[36500,7,36,[[36499,0],[36501,0],[36756,0],[36244,0],]]
[36501,2,36,[[36502,0],[36500,0],[36757,0],[36756,0],[36245,0],]]
[36502,12,36,[[36501,0],[36503,0],[36758,0],[36246,0],]]
[36503,3,36,[[36504,0],[36502,0],[36759,0],[36758,0],[36247,0],]]
[36504,16,36,[[36503,0],[36505,0],[36760,0],[36248,0],]]
[36505,18,36,[[36506,0],[36504,0],[36761,0],[36760,0],[36249,0],]]
[36506,10,36,[[36505,0],[36507,0],[36762,0],[36250,0],]]
[36507,10,36,[[36508,0],[36506,0],[36763,0],[36762,0],[36251,0],]]
[36508,1,36,[[36507,0],[36509,0],[36764,0],[36252,0],]]
[36509,13,36,[[36510,0],[36508,0],[36765,0],[36764,0],[36253,0],]]
[36510,18,36,[[36509,0],[36511,0],[36766,0],[36254,0],]]
[36511,15,36,[[36512,0],[36510,0],[36767,0],[36766,0],[36255,0],]]
[36512,7,37,[[36511,0],[36513,0],[36768,0],[36256,0],]]
[36513,7,37,[[36514,0],[36512,0],[36769,0],[36768,0],[36257,0],]]
[36514,8,37,[[36513,0],[36515,0],[36770,0],[36258,0],]]
[36515,6,37,[[36516,0],[36514,0],[36771,0],[36770,0],[36259,0],]]
[36516,19,37,[[36515,0],[36517,0],[36772,0],[36260,0],]]
[36517,13,37,[[36518,0],[36516,0],[36773,0],[36772,0],[36261,0],]]
[36518,10,37,[[36517,0],[36519,0],[36774,0],[36262,0],]]
[36519,19,37,[[36520,0],[36518,0],[36775,0],[36774,0],[36263,0],]]
[36520,7,37,[[36519,0],[36521,0],[36776,0],[36264,0],]]
[36521,1,37,[[36522,0],[36520,0],[36777,0],[36776,0],[36265,0],]]
[36522,10,37,[[36521,0],[36523,0],[36778,0],[36266,0],]]
[36523,15,37,[[36524,0],[36522,0],[36779,0],[36778,0],[36267,0],]]
[36524,18,37,[[36523,0],[36525,0],[36780,0],[36268,0],]]
[36525,17,37,[[36526,0],[36524,0],[36781,0],[36780,0],[36269,0],]]
[36526,13,37,[[36525,0],[36527,0],[36782,0],[36270,0],]]
[36527,8,37,[[36528,0],[36526,0],[36783,0],[36782,0],[36271,0],]]
[36528,2,37,[[36527,0],[36529,0],[36784,0],[36272,0],]]
[36529,11,37,[[36530,0],[36528,0],[36785,0],[36784,0],[36273,0],]]
[36530,5,37,[[36529,0],[36531,0],[36786,0],[36274,0],]]
[36531,18,37,[[36532,0],[36530,0],[36787,0],[36786,0],[36275,0],]]
[36532,8,37,[[36531,0],[36533,0],[36788,0],[36276,0],]]
[36533,6,37,[[36534,0],[36532,0],[36789,0],[36788,0],[36277,0],]]
[36534,15,37,[[36533,0],[36535,0],[36790,0],[36278,0],]]
[36535,1,37,[[36536,0],[36534,0],[36791,0],[36790,0],[36279,0],]]
[36536,7,37,[[36535,0],[36537,0],[36792,0],[36280,0],]]
[36537,8,37,[[36538,0],[36536,0],[36793,0],[36792,0],[36281,0],]]
[36538,1,37,[[36537,0],[36539,0],[36794,0],[36282,0],]]
[36539,17,37,[[36540,0],[36538,0],[36795,0],[36794,0],[36283,0],]]
[36540,4,37,[[36539,0],[36541,0],[36796,0],[36284,0],]]
[36541,9,37,[[36542,0],[36540,0],[36797,0],[36796,0],[36285,0],]]
[36542,4,37,[[36541,0],[36543,0],[36798,0],[36286,0],]]
[36543,16,37,[[36544,0],[36542,0],[36799,0],[36798,0],[36287,0],]]
[36544,18,38,[[36543,0],[36545,0],[36800,0],[36288,0],]]
[36545,2,38,[[36546,0],[36544,0],[36801,0],[36800,0],[36289,0],]]
[36546,8,38,[[36545,0],[36547,0],[36802,0],[36290,0],]]
[36547,12,38,[[36548,0],[36546,0],[36803,0],[36802,0],[36291,0],]]
[36548,16,38,[[36547,0],[36549,0],[36804,0],[36292,0],]]
[36549,7,38,[[36550,0],[36548,0],[36805,0],[36804,0],[36293,0],]]
[36550,17,38,[[36549,0],[36551,0],[36806,0],[36294,0],]]
[36551,3,38,[[36552,0],[36550,0],[36807,0],[36806,0],[36295,0],]]
[36552,17,38,[[36551,0],[36553,0],[36808,0],[36296,0],]]
[36553,9,38,[[36554,0],[36552,0],[36809,0],[36808,0],[36297,0],]]
[36554,17,38,[[36553,0],[36555,0],[36810,0],[36298,0],]]
[36555,1,38,[[36556,0],[36554,0],[36811,0],[36810,0],[36299,0],]]
[36556,4,38,[[36555,0],[36557,0],[36812,0],[36300,0],]]
[36557,10,38,[[36558,0],[36556,0],[36813,0],[36812,0],[36301,0],]]
[36558,11,38,[[36557,0],[36559,0],[36814,0],[36302,0],]]
[36559,17,38,[[36560,0],[36558,0],[36815,0],[36814,0],[36303,0],]]
[36560,14,38,[[36559,0],[36561,0],[36816,0],[36304,0],]]
[36561,16,38,[[36562,0],[36560,0],[36817,0],[36816,0],[36305,0],]]
[36562,11,38,[[36561,0],[36563,0],[36818,0],[36306,0],]]
[36563,17,38,[[36564,0],[36562,0],[36819,0],[36818,0],[36307,0],]]
[36564,3,38,[[36563,0],[36565,0],[36820,0],[36308,0],]]
[36565,12,38,[[36566,0],[36564,0],[36821,0],[36820,0],[36309,0],]]
[36566,18,38,[[36565,0],[36567,0],[36822,0],[36310,0],]]
[36567,18,38,[[36568,0],[36566,0],[36823,0],[36822,0],[36311,0],]]
[36568,12,38,[[36567,0],[36569,0],[36824,0],[36312,0],]]
[36569,12,38,[[36570,0],[36568,0],[36825,0],[36824,0],[36313,0],]]
[36570,18,38,[[36569,0],[36571,0],[36826,0],[36314,0],]]
[36571,19,38,[[36572,0],[36570,0],[36827,0],[36826,0],[36315,0],]]
[36572,6,38,[[36571,0],[36573,0],[36828,0],[36316,0],]]
[36573,14,38,[[36574,0],[36572,0],[36829,0],[36828,0],[36317,0],]]
[36574,13,38,[[36573,0],[36575,0],[36830,0],[36318,0],]]
[36575,7,38,[[36576,0],[36574,0],[36831,0],[36830,0],[36319,0],]]
[36576,19,39,[[36575,0],[36577,0],[36832,0],[36320,0],]]
[36577,4,39,[[36578,0],[36576,0],[36833,0],[36832,0],[36321,0],]]
[36578,11,39,[[36577,0],[36579,0],[36834,0],[36322,0],]]
[36579,2,39,[[36580,0],[36578,0],[36835,0],[36834,0],[36323,0],]]
[36580,10,39,[[36579,0],[36581,0],[36836,0],[36324,0],]]
[36581,6,39,[[36582,0],[36580,0],[36837,0],[36836,0],[36325,0],]]
[36582,2,39,[[36581,0],[36583,0],[36838,0],[36326,0],]]
[36583,16,39,[[36584,0],[36582,0],[36839,0],[36838,0],[36327,0],]]
[36584,1,39,[[36583,0],[36585,0],[36840,0],[36328,0],]]
[36585,1,39,[[36586,0],[36584,0],[36841,0],[36840,0],[36329,0],]]
[36586,10,39,[[36585,0],[36587,0],[36842,0],[36330,0],]]
[36587,8,39,[[36588,0],[36586,0],[36843,0],[36842,0],[36331,0],]]
[36588,7,39,[[36587,0],[36589,0],[36844,0],[36332,0],]]
[36589,15,39,[[36590,0],[36588,0],[36845,0],[36844,0],[36333,0],]]
[36590,6,39,[[36589,0],[36591,0],[36846,0],[36334,0],]]
[36591,11,39,[[36592,0],[36590,0],[36847,0],[36846,0],[36335,0],]]
[36592,5,39,[[36591,0],[36593,0],[36848,0],[36336,0],]]
[36593,15,39,[[36594,0],[36592,0],[36849,0],[36848,0],[36337,0],]]
[36594,1,39,[[36593,0],[36595,0],[36850,0],[36338,0],]]
[36595,10,39,[[36596,0],[36594,0],[36851,0],[36850,0],[36339,0],]]
[36596,15,39,[[36595,0],[36597,0],[36852,0],[36340,0],]]
[36597,10,39,[[36598,0],[36596,0],[36853,0],[36852,0],[36341,0],]]
[36598,7,39,[[36597,0],[36599,0],[36854,0],[36342,0],]]
[36599,7,39,[[36600,0],[36598,0],[36855,0],[36854,0],[36343,0],]]
[36600,7,39,[[36599,0],[36601,0],[36856,0],[36344,0],]]
[36601,6,39,[[36602,0],[36600,0],[36857,0],[36856,0],[36345,0],]]
[36602,12,39,[[36601,0],[36603,0],[36858,0],[36346,0],]]
[36603,14,39,[[36604,0],[36602,0],[36859,0],[36858,0],[36347,0],]]
[36604,5,39,[[36603,0],[36605,0],[36860,0],[36348,0],]]
[36605,4,39,[[36606,0],[36604,0],[36861,0],[36860,0],[36349,0],]]
[36606,4,39,[[36605,0],[36607,0],[36862,0],[36350,0],]]
[36607,13,39,[[36606,0],[36863,0],[36862,0],[36351,0],]]
[36608,2,32,[[36609,0],[36352,0],[36353,0],[36864,0],]]
[36609,17,32,[[36610,0],[36608,0],[36353,0],[36865,0],]]
[36610,9,32,[[36609,0],[36611,0],[36354,0],[36355,0],[36866,0],]]
[36611,12,32,[[36612,0],[36610,0],[36355,0],[36867,0],]]
[36612,14,32,[[36611,0],[36613,0],[36356,0],[36357,0],[36868,0],]]
[36613,9,32,[[36614,0],[36612,0],[36357,0],[36869,0],]]
[36614,5,32,[[36613,0],[36615,0],[36358,0],[36359,0],[36870,0],]]
[36615,6,32,[[36616,0],[36614,0],[36359,0],[36871,0],]]
[36616,11,32,[[36615,0],[36617,0],[36360,0],[36361,0],[36872,0],]]
[36617,15,32,[[36618,0],[36616,0],[36361,0],[36873,0],]]
[36618,1,32,[[36617,0],[36619,0],[36362,0],[36363,0],[36874,0],]]
[36619,2,32,[[36620,0],[36618,0],[36363,0],[36875,0],]]
[36620,15,32,[[36619,0],[36621,0],[36364,0],[36365,0],[36876,0],]]
[36621,9,32,[[36622,0],[36620,0],[36365,0],[36877,0],]]
[36622,16,32,[[36621,0],[36623,0],[36366,0],[36367,0],[36878,0],]]
[36623,14,32,[[36624,0],[36622,0],[36367,0],[36879,0],]]
[36624,16,32,[[36623,0],[36625,0],[36368,0],[36369,0],[36880,0],]]
[36625,2,32,[[36626,0],[36624,0],[36369,0],[36881,0],]]
[36626,10,32,[[36625,0],[36627,0],[36370,0],[36371,0],[36882,0],]]
[36627,7,32,[[36628,0],[36626,0],[36371,0],[36883,0],]]
[36628,16,32,[[36627,0],[36629,0],[36372,0],[36373,0],[36884,0],]]
[36629,8,32,[[36630,0],[36628,0],[36373,0],[36885,0],]]
[36630,15,32,[[36629,0],[36631,0],[36374,0],[36375,0],[36886,0],]]
[36631,4,32,[[36632,0],[36630,0],[36375,0],[36887,0],]]
[36632,15,32,[[36631,0],[36633,0],[36376,0],[36377,0],[36888,0],]]
[36633,15,32,[[36634,0],[36632,0],[36377,0],[36889,0],]]
[36634,6,32,[[36633,0],[36635,0],[36378,0],[36379,0],[36890,0],]]
[36635,8,32,[[36636,0],[36634,0],[36379,0],[36891,0],]]
[36636,13,32,[[36635,0],[36637,0],[36380,0],[36381,0],[36892,0],]]
[36637,18,32,[[36638,0],[36636,0],[36381,0],[36893,0],]]
[36638,4,32,[[36637,0],[36639,0],[36382,0],[36383,0],[36894,0],]]
[36639,10,32,[[36640,0],[36638,0],[36383,0],[36895,0],]]
[36640,7,33,[[36639,0],[36641,0],[36384,0],[36385,0],[36896,0],]]
[36641,12,33,[[36642,0],[36640,0],[36385,0],[36897,0],]]
[36642,17,33,[[36641,0],[36643,0],[36386,0],[36387,0],[36898,0],]]
[36643,15,33,[[36644,0],[36642,0],[36387,0],[36899,0],]]
[36644,17,33,[[36643,0],[36645,0],[36388,0],[36389,0],[36900,0],]]
[36645,17,33,[[36646,0],[36644,0],[36389,0],[36901,0],]]
[36646,7,33,[[36645,0],[36647,0],[36390,0],[36391,0],[36902,0],]]
[36647,10,33,[[36648,0],[36646,0],[36391,0],[36903,0],]]
[36648,3,33,[[36647,0],[36649,0],[36392,0],[36393,0],[36904,0],]]
[36649,15,33,[[36650,0],[36648,0],[36393,0],[36905,0],]]
[36650,12,33,[[36649,0],[36651,0],[36394,0],[36395,0],[36906,0],]]
[36651,10,33,[[36652,0],[36650,0],[36395,0],[36907,0],]]
[36652,13,33,[[36651,0],[36653,0],[36396,0],[36397,0],[36908,0],]]
[36653,19,33,[[36654,0],[36652,0],[36397,0],[36909,0],]]
[36654,15,33,[[36653,0],[36655,0],[36398,0],[36399,0],[36910,0],]]
[36655,13,33,[[36656,0],[36654,0],[36399,0],[36911,0],]]
[36656,14,33,[[36655,0],[36657,0],[36400,0],[36401,0],[36912,0],]]
[36657,4,33,[[36658,0],[36656,0],[36401,0],[36913,0],]]
[36658,15,33,[[36657,0],[36659,0],[36402,0],[36403,0],[36914,0],]]
[36659,19,33,[[36660,0],[36658,0],[36403,0],[36915,0],]]
[36660,6,33,[[36659,0],[36661,0],[36404,0],[36405,0],[36916,0],]]
[36661,10,33,[[36662,0],[36660,0],[36405,0],[36917,0],]]
[36662,18,33,[[36661,0],[36663,0],[36406,0],[36407,0],[36918,0],]]
[36663,5,33,[[36664,0],[36662,0],[36407,0],[36919,0],]]
[36664,13,33,[[36663,0],[36665,0],[36408,0],[36409,0],[36920,0],]]
[36665,2,33,[[36666,0],[36664,0],[36409,0],[36921,0],]]
[36666,14,33,[[36665,0],[36667,0],[36410,0],[36411,0],[36922,0],]]
[36667,14,33,[[36668,0],[36666,0],[36411,0],[36923,0],]]
[36668,4,33,[[36667,0],[36669,0],[36412,0],[36413,0],[36924,0],]]
[36669,18,33,[[36670,0],[36668,0],[36413,0],[36925,0],]]
[36670,12,33,[[36669,0],[36671,0],[36414,0],[36415,0],[36926,0],]]
[36671,14,33,[[36672,0],[36670,0],[36415,0],[36927,0],]]
[36672,15,34,[[36671,0],[36673,0],[36416,0],[36417,0],[36928,0],]]
[36673,3,34,[[36674,0],[36672,0],[36417,0],[36929,0],]]
[36674,2,34,[[36673,0],[36675,0],[36418,0],[36419,0],[36930,0],]]
[36675,9,34,[[36676,0],[36674,0],[36419,0],[36931,0],]]
[36676,13,34,[[36675,0],[36677,0],[36420,0],[36421,0],[36932,0],]]
[36677,8,34,[[36678,0],[36676,0],[36421,0],[36933,0],]]
[36678,13,34,[[36677,0],[36679,0],[36422,0],[36423,0],[36934,0],]]
[36679,19,34,[[36680,0],[36678,0],[36423,0],[36935,0],]]
[36680,7,34,[[36679,0],[36681,0],[36424,0],[36425,0],[36936,0],]]
[36681,3,34,[[36682,0],[36680,0],[36425,0],[36937,0],]]
[36682,18,34,[[36681,0],[36683,0],[36426,0],[36427,0],[36938,0],]]
[36683,15,34,[[36684,0],[36682,0],[36427,0],[36939,0],]]
[36684,10,34,[[36683,0],[36685,0],[36428,0],[36429,0],[36940,0],]]
[36685,7,34,[[36686,0],[36684,0],[36429,0],[36941,0],]]
[36686,10,34,[[36685,0],[36687,0],[36430,0],[36431,0],[36942,0],]]
[36687,16,34,[[36688,0],[36686,0],[36431,0],[36943,0],]]
[36688,16,34,[[36687,0],[36689,0],[36432,0],[36433,0],[36944,0],]]
[36689,7,34,[[36690,0],[36688,0],[36433,0],[36945,0],]]
[36690,1,34,[[36689,0],[36691,0],[36434,0],[36435,0],[36946,0],]]
[36691,11,34,[[36692,0],[36690,0],[36435,0],[36947,0],]]
[36692,3,34,[[36691,0],[36693,0],[36436,0],[36437,0],[36948,0],]]
[36693,10,34,[[36694,0],[36692,0],[36437,0],[36949,0],]]
[36694,18,34,[[36693,0],[36695,0],[36438,0],[36439,0],[36950,0],]]
[36695,13,34,[[36696,0],[36694,0],[36439,0],[36951,0],]]
[36696,6,34,[[36695,0],[36697,0],[36440,0],[36441,0],[36952,0],]]
[36697,17,34,[[36698,0],[36696,0],[36441,0],[36953,0],]]
[36698,1,34,[[36697,0],[36699,0],[36442,0],[36443,0],[36954,0],]]
[36699,16,34,[[36700,0],[36698,0],[36443,0],[36955,0],]]
