[38010,11,35,[[38009,0],[38011,0],[38266,0],[37754,0],]]
[38011,17,35,[[38012,0],[38010,0],[38267,0],[38266,0],[37755,0],]]
[38012,2,35,[[38011,0],[38013,0],[38268,0],[37756,0],]]
[38013,18,35,[[38014,0],[38012,0],[38269,0],[38268,0],[37757,0],]]
[38014,10,35,[[38013,0],[38015,0],[38270,0],[37758,0],]]
[38015,3,35,[[38016,0],[38014,0],[38271,0],[38270,0],[37759,0],]]
[38016,6,36,[[38015,0],[38017,0],[38272,0],[37760,0],]]
[38017,19,36,[[38018,0],[38016,0],[38273,0],[38272,0],[37761,0],]]
[38018,19,36,[[38017,0],[38019,0],[38274,0],[37762,0],]]
[38019,7,36,[[38020,0],[38018,0],[38275,0],[38274,0],[37763,0],]]
[38020,10,36,[[38019,0],[38021,0],[38276,0],[37764,0],]]
[38021,5,36,[[38022,0],[38020,0],[38277,0],[38276,0],[37765,0],]]
[38022,9,36,[[38021,0],[38023,0],[38278,0],[37766,0],]]
[38023,8,36,[[38024,0],[38022,0],[38279,0],[38278,0],[37767,0],]]
[38024,19,36,[[38023,0],[38025,0],[38280,0],[37768,0],]]
[38025,1,36,[[38026,0],[38024,0],[38281,0],[38280,0],[37769,0],]]
[38026,9,36,[[38025,0],[38027,0],[38282,0],[37770,0],]]
[38027,11,36,[[38028,0],[38026,0],[38283,0],[38282,0],[37771,0],]]
[38028,14,36,[[38027,0],[38029,0],[38284,0],[37772,0],]]
[38029,18,36,[[38030,0],[38028,0],[38285,0],[38284,0],[37773,0],]]
[38030,16,36,[[38029,0],[38031,0],[38286,0],[37774,0],]]
[38031,7,36,[[38032,0],[38030,0],[38287,0],[38286,0],[37775,0],]]
[38032,16,36,[[38031,0],[38033,0],[38288,0],[37776,0],]]
[38033,2,36,[[38034,0],[38032,0],[38289,0],[38288,0],[37777,0],]]
[38034,3,36,[[38033,0],[38035,0],[38290,0],[37778,0],]]
[38035,17,36,[[38036,0],[38034,0],[38291,0],[38290,0],[37779,0],]]
[38036,12,36,[[38035,0],[38037,0],[38292,0],[37780,0],]]
[38037,18,36,[[38038,0],[38036,0],[38293,0],[38292,0],[37781,0],]]
[38038,3,36,[[38037,0],[38039,0],[38294,0],[37782,0],]]
[38039,7,36,[[38040,0],[38038,0],[38295,0],[38294,0],[37783,0],]]
[38040,5,36,[[38039,0],[38041,0],[38296,0],[37784,0],]]
[38041,2,36,[[38042,0],[38040,0],[38297,0],[38296,0],[37785,0],]]
[38042,1,36,[[38041,0],[38043,0],[38298,0],[37786,0],]]
[38043,10,36,[[38044,0],[38042,0],[38299,0],[38298,0],[37787,0],]]
[38044,15,36,[[38043,0],[38045,0],[38300,0],[37788,0],]]
[38045,8,36,[[38046,0],[38044,0],[38301,0],[38300,0],[37789,0],]]
[38046,13,36,[[38045,0],[38047,0],[38302,0],[37790,0],]]
[38047,3,36,[[38048,0],[38046,0],[38303,0],[38302,0],[37791,0],]]
[38048,7,37,[[38047,0],[38049,0],[38304,0],[37792,0],]]
[38049,2,37,[[38050,0],[38048,0],[38305,0],[38304,0],[37793,0],]]
[38050,12,37,[[38049,0],[38051,0],[38306,0],[37794,0],]]
[38051,15,37,[[38052,0],[38050,0],[38307,0],[38306,0],[37795,0],]]
[38052,9,37,[[38051,0],[38053,0],[38308,0],[37796,0],]]
[38053,13,37,[[38054,0],[38052,0],[38309,0],[38308,0],[37797,0],]]
[38054,13,37,[[38053,0],[38055,0],[38310,0],[37798,0],]]
[38055,3,37,[[38056,0],[38054,0],[38311,0],[38310,0],[37799,0],]]
[38056,2,37,[[38055,0],[38057,0],[38312,0],[37800,0],]]
[38057,12,37,[[38058,0],[38056,0],[38313,0],[38312,0],[37801,0],]]
[38058,2,37,[[38057,0],[38059,0],[38314,0],[37802,0],]]
[38059,3,37,[[38060,0],[38058,0],[38315,0],[38314,0],[37803,0],]]
[38060,10,37,[[38059,0],[38061,0],[38316,0],[37804,0],]]
[38061,9,37,[[38062,0],[38060,0],[38317,0],[38316,0],[37805,0],]]
[38062,11,37,[[38061,0],[38063,0],[38318,0],[37806,0],]]
[38063,4,37,[[38064,0],[38062,0],[38319,0],[38318,0],[37807,0],]]
[38064,7,37,[[38063,0],[38065,0],[38320,0],[37808,0],]]
[38065,5,37,[[38066,0],[38064,0],[38321,0],[38320,0],[37809,0],]]
[38066,5,37,[[38065,0],[38067,0],[38322,0],[37810,0],]]
[38067,14,37,[[38068,0],[38066,0],[38323,0],[38322,0],[37811,0],]]
[38068,16,37,[[38067,0],[38069,0],[38324,0],[37812,0],]]
[38069,10,37,[[38070,0],[38068,0],[38325,0],[38324,0],[37813,0],]]
[38070,14,37,[[38069,0],[38071,0],[38326,0],[37814,0],]]
[38071,5,37,[[38072,0],[38070,0],[38327,0],[38326,0],[37815,0],]]
[38072,16,37,[[38071,0],[38073,0],[38328,0],[37816,0],]]
[38073,6,37,[[38074,0],[38072,0],[38329,0],[38328,0],[37817,0],]]
[38074,2,37,[[38073,0],[38075,0],[38330,0],[37818,0],]]
[38075,16,37,[[38076,0],[38074,0],[38331,0],[38330,0],[37819,0],]]
[38076,2,37,[[38075,0],[38077,0],[38332,0],[37820,0],]]
[38077,8,37,[[38078,0],[38076,0],[38333,0],[38332,0],[37821,0],]]
[38078,14,37,[[38077,0],[38079,0],[38334,0],[37822,0],]]
[38079,19,37,[[38080,0],[38078,0],[38335,0],[38334,0],[37823,0],]]
[38080,15,38,[[38079,0],[38081,0],[38336,0],[37824,0],]]
[38081,8,38,[[38082,0],[38080,0],[38337,0],[38336,0],[37825,0],]]
[38082,10,38,[[38081,0],[38083,0],[38338,0],[37826,0],]]
[38083,18,38,[[38084,0],[38082,0],[38339,0],[38338,0],[37827,0],]]
[38084,8,38,[[38083,0],[38085,0],[38340,0],[37828,0],]]
[38085,16,38,[[38086,0],[38084,0],[38341,0],[38340,0],[37829,0],]]
[38086,11,38,[[38085,0],[38087,0],[38342,0],[37830,0],]]
[38087,16,38,[[38088,0],[38086,0],[38343,0],[38342,0],[37831,0],]]
[38088,12,38,[[38087,0],[38089,0],[38344,0],[37832,0],]]
[38089,15,38,[[38090,0],[38088,0],[38345,0],[38344,0],[37833,0],]]
[38090,4,38,[[38089,0],[38091,0],[38346,0],[37834,0],]]
[38091,4,38,[[38092,0],[38090,0],[38347,0],[38346,0],[37835,0],]]
[38092,15,38,[[38091,0],[38093,0],[38348,0],[37836,0],]]
[38093,11,38,[[38094,0],[38092,0],[38349,0],[38348,0],[37837,0],]]
[38094,16,38,[[38093,0],[38095,0],[38350,0],[37838,0],]]
[38095,17,38,[[38096,0],[38094,0],[38351,0],[38350,0],[37839,0],]]
[38096,8,38,[[38095,0],[38097,0],[38352,0],[37840,0],]]
[38097,1,38,[[38098,0],[38096,0],[38353,0],[38352,0],[37841,0],]]
[38098,5,38,[[38097,0],[38099,0],[38354,0],[37842,0],]]
[38099,12,38,[[38100,0],[38098,0],[38355,0],[38354,0],[37843,0],]]
[38100,15,38,[[38099,0],[38101,0],[38356,0],[37844,0],]]
[38101,3,38,[[38102,0],[38100,0],[38357,0],[38356,0],[37845,0],]]
[38102,5,38,[[38101,0],[38103,0],[38358,0],[37846,0],]]
[38103,2,38,[[38104,0],[38102,0],[38359,0],[38358,0],[37847,0],]]
[38104,9,38,[[38103,0],[38105,0],[38360,0],[37848,0],]]
[38105,12,38,[[38106,0],[38104,0],[38361,0],[38360,0],[37849,0],]]
[38106,17,38,[[38105,0],[38107,0],[38362,0],[37850,0],]]
[38107,13,38,[[38108,0],[38106,0],[38363,0],[38362,0],[37851,0],]]
[38108,17,38,[[38107,0],[38109,0],[38364,0],[37852,0],]]
[38109,17,38,[[38110,0],[38108,0],[38365,0],[38364,0],[37853,0],]]
[38110,15,38,[[38109,0],[38111,0],[38366,0],[37854,0],]]
[38111,6,38,[[38112,0],[38110,0],[38367,0],[38366,0],[37855,0],]]
[38112,18,39,[[38111,0],[38113,0],[38368,0],[37856,0],]]
[38113,8,39,[[38114,0],[38112,0],[38369,0],[38368,0],[37857,0],]]
[38114,18,39,[[38113,0],[38115,0],[38370,0],[37858,0],]]
[38115,14,39,[[38116,0],[38114,0],[38371,0],[38370,0],[37859,0],]]
[38116,5,39,[[38115,0],[38117,0],[38372,0],[37860,0],]]
[38117,6,39,[[38118,0],[38116,0],[38373,0],[38372,0],[37861,0],]]
[38118,19,39,[[38117,0],[38119,0],[38374,0],[37862,0],]]
[38119,9,39,[[38120,0],[38118,0],[38375,0],[38374,0],[37863,0],]]
[38120,17,39,[[38119,0],[38121,0],[38376,0],[37864,0],]]
[38121,12,39,[[38122,0],[38120,0],[38377,0],[38376,0],[37865,0],]]
[38122,18,39,[[38121,0],[38123,0],[38378,0],[37866,0],]]
[38123,5,39,[[38124,0],[38122,0],[38379,0],[38378,0],[37867,0],]]
[38124,11,39,[[38123,0],[38125,0],[38380,0],[37868,0],]]
[38125,13,39,[[38126,0],[38124,0],[38381,0],[38380,0],[37869,0],]]
[38126,16,39,[[38125,0],[38127,0],[38382,0],[37870,0],]]
[38127,16,39,[[38128,0],[38126,0],[38383,0],[38382,0],[37871,0],]]
[38128,19,39,[[38127,0],[38129,0],[38384,0],[37872,0],]]
[38129,19,39,[[38130,0],[38128,0],[38385,0],[38384,0],[37873,0],]]
[38130,1,39,[[38129,0],[38131,0],[38386,0],[37874,0],]]
[38131,8,39,[[38132,0],[38130,0],[38387,0],[38386,0],[37875,0],]]
[38132,19,39,[[38131,0],[38133,0],[38388,0],[37876,0],]]
[38133,6,39,[[38134,0],[38132,0],[38389,0],[38388,0],[37877,0],]]
[38134,2,39,[[38133,0],[38135,0],[38390,0],[37878,0],]]
[38135,12,39,[[38136,0],[38134,0],[38391,0],[38390,0],[37879,0],]]
[38136,1,39,[[38135,0],[38137,0],[38392,0],[37880,0],]]
[38137,9,39,[[38138,0],[38136,0],[38393,0],[38392,0],[37881,0],]]
[38138,11,39,[[38137,0],[38139,0],[38394,0],[37882,0],]]
[38139,19,39,[[38140,0],[38138,0],[38395,0],[38394,0],[37883,0],]]
[38140,12,39,[[38139,0],[38141,0],[38396,0],[37884,0],]]
[38141,14,39,[[38142,0],[38140,0],[38397,0],[38396,0],[37885,0],]]
[38142,4,39,[[38141,0],[38143,0],[38398,0],[37886,0],]]
[38143,3,39,[[38142,0],[38399,0],[38398,0],[37887,0],]]
[38144,3,32,[[38145,0],[37888,0],[37889,0],[38400,0],]]
[38145,15,32,[[38146,0],[38144,0],[37889,0],[38401,0],]]
[38146,7,32,[[38145,0],[38147,0],[37890,0],[37891,0],[38402,0],]]
[38147,5,32,[[38148,0],[38146,0],[37891,0],[38403,0],]]
[38148,13,32,[[38147,0],[38149,0],[37892,0],[37893,0],[38404,0],]]
[38149,10,32,[[38150,0],[38148,0],[37893,0],[38405,0],]]
[38150,4,32,[[38149,0],[38151,0],[37894,0],[37895,0],[38406,0],]]
[38151,1,32,[[38152,0],[38150,0],[37895,0],[38407,0],]]
[38152,6,32,[[38151,0],[38153,0],[37896,0],[37897,0],[38408,0],]]
[38153,2,32,[[38154,0],[38152,0],[37897,0],[38409,0],]]
[38154,18,32,[[38153,0],[38155,0],[37898,0],[37899,0],[38410,0],]]
[38155,12,32,[[38156,0],[38154,0],[37899,0],[38411,0],]]
[38156,6,32,[[38155,0],[38157,0],[37900,0],[37901,0],[38412,0],]]
[38157,3,32,[[38158,0],[38156,0],[37901,0],[38413,0],]]
[38158,11,32,[[38157,0],[38159,0],[37902,0],[37903,0],[38414,0],]]
[38159,13,32,[[38160,0],[38158,0],[37903,0],[38415,0],]]
[38160,17,32,[[38159,0],[38161,0],[37904,0],[37905,0],[38416,0],]]
[38161,15,32,[[38162,0],[38160,0],[37905,0],[38417,0],]]
[38162,18,32,[[38161,0],[38163,0],[37906,0],[37907,0],[38418,0],]]
[38163,1,32,[[38164,0],[38162,0],[37907,0],[38419,0],]]
[38164,12,32,[[38163,0],[38165,0],[37908,0],[37909,0],[38420,0],]]
[38165,14,32,[[38166,0],[38164,0],[37909,0],[38421,0],]]
[38166,3,32,[[38165,0],[38167,0],[37910,0],[37911,0],[38422,0],]]
[38167,11,32,[[38168,0],[38166,0],[37911,0],[38423,0],]]
[38168,4,32,[[38167,0],[38169,0],[37912,0],[37913,0],[38424,0],]]
[38169,10,32,[[38170,0],[38168,0],[37913,0],[38425,0],]]
[38170,13,32,[[38169,0],[38171,0],[37914,0],[37915,0],[38426,0],]]
[38171,6,32,[[38172,0],[38170,0],[37915,0],[38427,0],]]
[38172,10,32,[[38171,0],[38173,0],[37916,0],[37917,0],[38428,0],]]
[38173,6,32,[[38174,0],[38172,0],[37917,0],[38429,0],]]
[38174,1,32,[[38173,0],[38175,0],[37918,0],[37919,0],[38430,0],]]
[38175,8,32,[[38176,0],[38174,0],[37919,0],[38431,0],]]
[38176,12,33,[[38175,0],[38177,0],[37920,0],[37921,0],[38432,0],]]
[38177,6,33,[[38178,0],[38176,0],[37921,0],[38433,0],]]
[38178,5,33,[[38177,0],[38179,0],[37922,0],[37923,0],[38434,0],]]
[38179,4,33,[[38180,0],[38178,0],[37923,0],[38435,0],]]
[38180,14,33,[[38179,0],[38181,0],[37924,0],[37925,0],[38436,0],]]
[38181,6,33,[[38182,0],[38180,0],[37925,0],[38437,0],]]
[38182,17,33,[[38181,0],[38183,0],[37926,0],[37927,0],[38438,0],]]
[38183,13,33,[[38184,0],[38182,0],[37927,0],[38439,0],]]
[38184,11,33,[[38183,0],[38185,0],[37928,0],[37929,0],[38440,0],]]
[38185,4,33,[[38186,0],[38184,0],[37929,0],[38441,0],]]
[38186,19,33,[[38185,0],[38187,0],[37930,0],[37931,0],[38442,0],]]
[38187,19,33,[[38188,0],[38186,0],[37931,0],[38443,0],]]
[38188,6,33,[[38187,0],[38189,0],[37932,0],[37933,0],[38444,0],]]
[38189,17,33,[[38190,0],[38188,0],[37933,0],[38445,0],]]
[38190,13,33,[[38189,0],[38191,0],[37934,0],[37935,0],[38446,0],]]
[38191,8,33,[[38192,0],[38190,0],[37935,0],[38447,0],]]
[38192,13,33,[[38191,0],[38193,0],[37936,0],[37937,0],[38448,0],]]
[38193,13,33,[[38194,0],[38192,0],[37937,0],[38449,0],]]
[38194,11,33,[[38193,0],[38195,0],[37938,0],[37939,0],[38450,0],]]
[38195,17,33,[[38196,0],[38194,0],[37939,0],[38451,0],]]
[38196,11,33,[[38195,0],[38197,0],[37940,0],[37941,0],[38452,0],]]
[38197,18,33,[[38198,0],[38196,0],[37941,0],[38453,0],]]
[38198,6,33,[[38197,0],[38199,0],[37942,0],[37943,0],[38454,0],]]
[38199,10,33,[[38200,0],[38198,0],[37943,0],[38455,0],]]
[38200,8,33,[[38199,0],[38201,0],[37944,0],[37945,0],[38456,0],]]
[38201,5,33,[[38202,0],[38200,0],[37945,0],[38457,0],]]
[38202,14,33,[[38201,0],[38203,0],[37946,0],[37947,0],[38458,0],]]
[38203,7,33,[[38204,0],[38202,0],[37947,0],[38459,0],]]
[38204,10,33,[[38203,0],[38205,0],[37948,0],[37949,0],[38460,0],]]
[38205,9,33,[[38206,0],[38204,0],[37949,0],[38461,0],]]
[38206,9,33,[[38205,0],[38207,0],[37950,0],[37951,0],[38462,0],]]
[38207,15,33,[[38208,0],[38206,0],[37951,0],[38463,0],]]
[38208,8,34,[[38207,0],[38209,0],[37952,0],[37953,0],[38464,0],]]
[38209,2,34,[[38210,0],[38208,0],[37953,0],[38465,0],]]
[38210,6,34,[[38209,0],[38211,0],[37954,0],[37955,0],[38466,0],]]
[38211,10,34,[[38212,0],[38210,0],[37955,0],[38467,0],]]
[38212,19,34,[[38211,0],[38213,0],[37956,0],[37957,0],[38468,0],]]
[38213,11,34,[[38214,0],[38212,0],[37957,0],[38469,0],]]
[38214,1,34,[[38213,0],[38215,0],[37958,0],[37959,0],[38470,0],]]
[38215,4,34,[[38216,0],[38214,0],[37959,0],[38471,0],]]
[38216,4,34,[[38215,0],[38217,0],[37960,0],[37961,0],[38472,0],]]
[38217,13,34,[[38218,0],[38216,0],[37961,0],[38473,0],]]
[38218,10,34,[[38217,0],[38219,0],[37962,0],[37963,0],[38474,0],]]
[38219,5,34,[[38220,0],[38218,0],[37963,0],[38475,0],]]
[38220,1,34,[[38219,0],[38221,0],[37964,0],[37965,0],[38476,0],]]
[38221,3,34,[[38222,0],[38220,0],[37965,0],[38477,0],]]
[38222,8,34,[[38221,0],[38223,0],[37966,0],[37967,0],[38478,0],]]
[38223,19,34,[[38224,0],[38222,0],[37967,0],[38479,0],]]
[38224,8,34,[[38223,0],[38225,0],[37968,0],[37969,0],[38480,0],]]
[38225,13,34,[[38226,0],[38224,0],[37969,0],[38481,0],]]
[38226,5,34,[[38225,0],[38227,0],[37970,0],[37971,0],[38482,0],]]
[38227,9,34,[[38228,0],[38226,0],[37971,0],[38483,0],]]
[38228,3,34,[[38227,0],[38229,0],[37972,0],[37973,0],[38484,0],]]
[38229,4,34,[[38230,0],[38228,0],[37973,0],[38485,0],]]
[38230,16,34,[[38229,0],[38231,0],[37974,0],[37975,0],[38486,0],]]
[38231,8,34,[[38232,0],[38230,0],[37975,0],[38487,0],]]
[38232,8,34,[[38231,0],[38233,0],[37976,0],[37977,0],[38488,0],]]
[38233,14,34,[[38234,0],[38232,0],[37977,0],[38489,0],]]
[38234,19,34,[[38233,0],[38235,0],[37978,0],[37979,0],[38490,0],]]
[38235,18,34,[[38236,0],[38234,0],[37979,0],[38491,0],]]
[38236,19,34,[[38235,0],[38237,0],[37980,0],[37981,0],[38492,0],]]
[38237,9,34,[[38238,0],[38236,0],[37981,0],[38493,0],]]
[38238,1,34,[[38237,0],[38239,0],[37982,0],[37983,0],[38494,0],]]
[38239,2,34,[[38240,0],[38238,0],[37983,0],[38495,0],]]
[38240,17,35,[[38239,0],[38241,0],[37984,0],[37985,0],[38496,0],]]
[38241,14,35,[[38242,0],[38240,0],[37985,0],[38497,0],]]
[38242,9,35,[[38241,0],[38243,0],[37986,0],[37987,0],[38498,0],]]
[38243,15,35,[[38244,0],[38242,0],[37987,0],[38499,0],]]
[38244,19,35,[[38243,0],[38245,0],[37988,0],[37989,0],[38500,0],]]
[38245,17,35,[[38246,0],[38244,0],[37989,0],[38501,0],]]
[38246,3,35,[[38245,0],[38247,0],[37990,0],[37991,0],[38502,0],]]
[38247,12,35,[[38248,0],[38246,0],[37991,0],[38503,0],]]
[38248,9,35,[[38247,0],[38249,0],[37992,0],[37993,0],[38504,0],]]
[38249,2,35,[[38250,0],[38248,0],[37993,0],[38505,0],]]
[38250,9,35,[[38249,0],[38251,0],[37994,0],[37995,0],[38506,0],]]
[38251,10,35,[[38252,0],[38250,0],[37995,0],[38507,0],]]
[38252,3,35,[[38251,0],[38253,0],[37996,0],[37997,0],[38508,0],]]
[38253,1,35,[[38254,0],[38252,0],[37997,0],[38509,0],]]
[38254,3,35,[[38253,0],[38255,0],[37998,0],[37999,0],[38510,0],]]
[38255,19,35,[[38256,0],[38254,0],[37999,0],[38511,0],]]
[38256,5,35,[[38255,0],[38257,0],[38000,0],[38001,0],[38512,0],]]
[38257,3,35,[[38258,0],[38256,0],[38001,0],[38513,0],]]
[38258,16,35,[[38257,0],[38259,0],[38002,0],[38003,0],[38514,0],]]
[38259,17,35,[[38260,0],[38258,0],[38003,0],[38515,0],]]
[38260,2,35,[[38259,0],[38261,0],[38004,0],[38005,0],[38516,0],]]
[38261,11,35,[[38262,0],[38260,0],[38005,0],[38517,0],]]
[38262,10,35,[[38261,0],[38263,0],[38006,0],[38007,0],[38518,0],]]
[38263,9,35,[[38264,0],[38262,0],[38007,0],[38519,0],]]
[38264,6,35,[[38263,0],[38265,0],[38008,0],[38009,0],[38520,0],]]
[38265,1,35,[[38266,0],[38264,0],[38009,0],[38521,0],]]
[38266,1,35,[[38265,0],[38267,0],[38010,0],[38011,0],[38522,0],]]
[38267,4,35,[[38268,0],[38266,0],[38011,0],[38523,0],]]
[38268,9,35,[[38267,0],[38269,0],[38012,0],[38013,0],[38524,0],]]
[38269,4,35,[[38270,0],[38268,0],[38013,0],[38525,0],]]
[38270,17,35,[[38269,0],[38271,0],[38014,0],[38015,0],[38526,0],]]
[38271,6,35,[[38272,0],[38270,0],[38015,0],[38527,0],]]
[38272,13,36,[[38271,0],[38273,0],[38016,0],[38017,0],[38528,0],]]
[38273,15,36,[[38274,0],[38272,0],[38017,0],[38529,0],]]
[38274,18,36,[[38273,0],[38275,0],[38018,0],[38019,0],[38530,0],]]
[38275,6,36,[[38276,0],[38274,0],[38019,0],[38531,0],]]
[38276,12,36,[[38275,0],[38277,0],[38020,0],[38021,0],[38532,0],]]
[38277,9,36,[[38278,0],[38276,0],[38021,0],[38533,0],]]
[38278,10,36,[[38277,0],[38279,0],[38022,0],[38023,0],[38534,0],]]
[38279,9,36,[[38280,0],[38278,0],[38023,0],[38535,0],]]
[38280,9,36,[[38279,0],[38281,0],[38024,0],[38025,0],[38536,0],]]
[38281,14,36,[[38282,0],[38280,0],[38025,0],[38537,0],]]
[38282,18,36,[[38281,0],[38283,0],[38026,0],[38027,0],[38538,0],]]
[38283,6,36,[[38284,0],[38282,0],[38027,0],[38539,0],]]
[38284,17,36,[[38283,0],[38285,0],[38028,0],[38029,0],[38540,0],]]
[38285,7,36,[[38286,0],[38284,0],[38029,0],[38541,0],]]
[38286,4,36,[[38285,0],[38287,0],[38030,0],[38031,0],[38542,0],]]
[38287,10,36,[[38288,0],[38286,0],[38031,0],[38543,0],]]
[38288,18,36,[[38287,0],[38289,0],[38032,0],[38033,0],[38544,0],]]
[38289,8,36,[[38290,0],[38288,0],[38033,0],[38545,0],]]
[38290,10,36,[[38289,0],[38291,0],[38034,0],[38035,0],[38546,0],]]
[38291,17,36,[[38292,0],[38290,0],[38035,0],[38547,0],]]
[38292,2,36,[[38291,0],[38293,0],[38036,0],[38037,0],[38548,0],]]
[38293,10,36,[[38294,0],[38292,0],[38037,0],[38549,0],]]
[38294,11,36,[[38293,0],[38295,0],[38038,0],[38039,0],[38550,0],]]
[38295,19,36,[[38296,0],[38294,0],[38039,0],[38551,0],]]
[38296,16,36,[[38295,0],[38297,0],[38040,0],[38041,0],[38552,0],]]
[38297,8,36,[[38298,0],[38296,0],[38041,0],[38553,0],]]
[38298,6,36,[[38297,0],[38299,0],[38042,0],[38043,0],[38554,0],]]
[38299,3,36,[[38300,0],[38298,0],[38043,0],[38555,0],]]
[38300,3,36,[[38299,0],[38301,0],[38044,0],[38045,0],[38556,0],]]
[38301,5,36,[[38302,0],[38300,0],[38045,0],[38557,0],]]
[38302,3,36,[[38301,0],[38303,0],[38046,0],[38047,0],[38558,0],]]
[38303,4,36,[[38304,0],[38302,0],[38047,0],[38559,0],]]
[38304,9,37,[[38303,0],[38305,0],[38048,0],[38049,0],[38560,0],]]
[38305,18,37,[[38306,0],[38304,0],[38049,0],[38561,0],]]
[38306,12,37,[[38305,0],[38307,0],[38050,0],[38051,0],[38562,0],]]
[38307,3,37,[[38308,0],[38306,0],[38051,0],[38563,0],]]
[38308,5,37,[[38307,0],[38309,0],[38052,0],[38053,0],[38564,0],]]
[38309,4,37,[[38310,0],[38308,0],[38053,0],[38565,0],]]
[38310,19,37,[[38309,0],[38311,0],[38054,0],[38055,0],[38566,0],]]
[38311,12,37,[[38312,0],[38310,0],[38055,0],[38567,0],]]
[38312,1,37,[[38311,0],[38313,0],[38056,0],[38057,0],[38568,0],]]
[38313,15,37,[[38314,0],[38312,0],[38057,0],[38569,0],]]
[38314,11,37,[[38313,0],[38315,0],[38058,0],[38059,0],[38570,0],]]
[38315,17,37,[[38316,0],[38314,0],[38059,0],[38571,0],]]
[38316,1,37,[[38315,0],[38317,0],[38060,0],[38061,0],[38572,0],]]
[38317,13,37,[[38318,0],[38316,0],[38061,0],[38573,0],]]
[38318,14,37,[[38317,0],[38319,0],[38062,0],[38063,0],[38574,0],]]
[38319,7,37,[[38320,0],[38318,0],[38063,0],[38575,0],]]
[38320,18,37,[[38319,0],[38321,0],[38064,0],[38065,0],[38576,0],]]
[38321,15,37,[[38322,0],[38320,0],[38065,0],[38577,0],]]
[38322,3,37,[[38321,0],[38323,0],[38066,0],[38067,0],[38578,0],]]
[38323,9,37,[[38324,0],[38322,0],[38067,0],[38579,0],]]
[38324,12,37,[[38323,0],[38325,0],[38068,0],[38069,0],[38580,0],]]
[38325,18,37,[[38326,0],[38324,0],[38069,0],[38581,0],]]
[38326,12,37,[[38325,0],[38327,0],[38070,0],[38071,0],[38582,0],]]
[38327,2,37,[[38328,0],[38326,0],[38071,0],[38583,0],]]
[38328,6,37,[[38327,0],[38329,0],[38072,0],[38073,0],[38584,0],]]
[38329,11,37,[[38330,0],[38328,0],[38073,0],[38585,0],]]
[38330,9,37,[[38329,0],[38331,0],[38074,0],[38075,0],[38586,0],]]
[38331,4,37,[[38332,0],[38330,0],[38075,0],[38587,0],]]
[38332,7,37,[[38331,0],[38333,0],[38076,0],[38077,0],[38588,0],]]
[38333,8,37,[[38334,0],[38332,0],[38077,0],[38589,0],]]
[38334,4,37,[[38333,0],[38335,0],[38078,0],[38079,0],[38590,0],]]
[38335,10,37,[[38336,0],[38334,0],[38079,0],[38591,0],]]
[38336,9,38,[[38335,0],[38337,0],[38080,0],[38081,0],[38592,0],]]
[38337,12,38,[[38338,0],[38336,0],[38081,0],[38593,0],]]
[38338,4,38,[[38337,0],[38339,0],[38082,0],[38083,0],[38594,0],]]
[38339,5,38,[[38340,0],[38338,0],[38083,0],[38595,0],]]
[38340,19,38,[[38339,0],[38341,0],[38084,0],[38085,0],[38596,0],]]
[38341,5,38,[[38342,0],[38340,0],[38085,0],[38597,0],]]
[38342,19,38,[[38341,0],[38343,0],[38086,0],[38087,0],[38598,0],]]
[38343,19,38,[[38344,0],[38342,0],[38087,0],[38599,0],]]
[38344,8,38,[[38343,0],[38345,0],[38088,0],[38089,0],[38600,0],]]
[38345,14,38,[[38346,0],[38344,0],[38089,0],[38601,0],]]
[38346,11,38,[[38345,0],[38347,0],[38090,0],[38091,0],[38602,0],]]
[38347,17,38,[[38348,0],[38346,0],[38091,0],[38603,0],]]
[38348,14,38,[[38347,0],[38349,0],[38092,0],[38093,0],[38604,0],]]
[38349,1,38,[[38350,0],[38348,0],[38093,0],[38605,0],]]
[38350,19,38,[[38349,0],[38351,0],[38094,0],[38095,0],[38606,0],]]
[38351,5,38,[[38352,0],[38350,0],[38095,0],[38607,0],]]
[38352,12,38,[[38351,0],[38353,0],[38096,0],[38097,0],[38608,0],]]
[38353,16,38,[[38354,0],[38352,0],[38097,0],[38609,0],]]
[38354,7,38,[[38353,0],[38355,0],[38098,0],[38099,0],[38610,0],]]
[38355,19,38,[[38356,0],[38354,0],[38099,0],[38611,0],]]
[38356,13,38,[[38355,0],[38357,0],[38100,0],[38101,0],[38612,0],]]
[38357,3,38,[[38358,0],[38356,0],[38101,0],[38613,0],]]
[38358,9,38,[[38357,0],[38359,0],[38102,0],[38103,0],[38614,0],]]
[38359,1,38,[[38360,0],[38358,0],[38103,0],[38615,0],]]
[38360,15,38,[[38359,0],[38361,0],[38104,0],[38105,0],[38616,0],]]
[38361,5,38,[[38362,0],[38360,0],[38105,0],[38617,0],]]
[38362,1,38,[[38361,0],[38363,0],[38106,0],[38107,0],[38618,0],]]
[38363,16,38,[[38364,0],[38362,0],[38107,0],[38619,0],]]
[38364,14,38,[[38363,0],[38365,0],[38108,0],[38109,0],[38620,0],]]
[38365,6,38,[[38366,0],[38364,0],[38109,0],[38621,0],]]
[38366,6,38,[[38365,0],[38367,0],[38110,0],[38111,0],[38622,0],]]
[38367,11,38,[[38368,0],[38366,0],[38111,0],[38623,0],]]
[38368,16,39,[[38367,0],[38369,0],[38112,0],[38113,0],[38624,0],]]
[38369,3,39,[[38370,0],[38368,0],[38113,0],[38625,0],]]
[38370,2,39,[[38369,0],[38371,0],[38114,0],[38115,0],[38626,0],]]
[38371,14,39,[[38372,0],[38370,0],[38115,0],[38627,0],]]
[38372,16,39,[[38371,0],[38373,0],[38116,0],[38117,0],[38628,0],]]
[38373,16,39,[[38374,0],[38372,0],[38117,0],[38629,0],]]
[38374,4,39,[[38373,0],[38375,0],[38118,0],[38119,0],[38630,0],]]
[38375,1,39,[[38376,0],[38374,0],[38119,0],[38631,0],]]
[38376,18,39,[[38375,0],[38377,0],[38120,0],[38121,0],[38632,0],]]
[38377,14,39,[[38378,0],[38376,0],[38121,0],[38633,0],]]
[38378,19,39,[[38377,0],[38379,0],[38122,0],[38123,0],[38634,0],]]
[38379,17,39,[[38380,0],[38378,0],[38123,0],[38635,0],]]
[38380,3,39,[[38379,0],[38381,0],[38124,0],[38125,0],[38636,0],]]
[38381,10,39,[[38382,0],[38380,0],[38125,0],[38637,0],]]
[38382,14,39,[[38381,0],[38383,0],[38126,0],[38127,0],[38638,0],]]
[38383,15,39,[[38384,0],[38382,0],[38127,0],[38639,0],]]
[38384,11,39,[[38383,0],[38385,0],[38128,0],[38129,0],[38640,0],]]
[38385,1,39,[[38386,0],[38384,0],[38129,0],[38641,0],]]
[38386,18,39,[[38385,0],[38387,0],[38130,0],[38131,0],[38642,0],]]
[38387,14,39,[[38388,0],[38386,0],[38131,0],[38643,0],]]
[38388,17,39,[[38387,0],[38389,0],[38132,0],[38133,0],[38644,0],]]
[38389,9,39,[[38390,0],[38388,0],[38133,0],[38645,0],]]
[38390,14,39,[[38389,0],[38391,0],[38134,0],[38135,0],[38646,0],]]
[38391,18,39,[[38392,0],[38390,0],[38135,0],[38647,0],]]
[38392,17,39,[[38391,0],[38393,0],[38136,0],[38137,0],[38648,0],]]
[38393,14,39,[[38394,0],[38392,0],[38137,0],[38649,0],]]
[38394,8,39,[[38393,0],[38395,0],[38138,0],[38139,0],[38650,0],]]
[38395,16,39,[[38396,0],[38394,0],[38139,0],[38651,0],]]
[38396,18,39,[[38395,0],[38397,0],[38140,0],[38141,0],[38652,0],]]
[38397,5,39,[[38398,0],[38396,0],[38141,0],[38653,0],]]
[38398,10,39,[[38397,0],[38399,0],[38142,0],[38143,0],[38654,0],]]
[38399,19,39,[[38398,0],[38143,0],[38655,0],]]
[38400,4,32,[[38401,0],[38656,0],[38144,0],]]
[38401,14,32,[[38402,0],[38400,0],[38657,0],[38656,0],[38145,0],]]
[38402,4,32,[[38401,0],[38403,0],[38658,0],[38146,0],]]
[38403,1,32,[[38404,0],[38402,0],[38659,0],[38658,0],[38147,0],]]
[38404,6,32,[[38403,0],[38405,0],[38660,0],[38148,0],]]
[38405,3,32,[[38406,0],[38404,0],[38661,0],[38660,0],[38149,0],]]
[38406,1,32,[[38405,0],[38407,0],[38662,0],[38150,0],]]
[38407,5,32,[[38408,0],[38406,0],[38663,0],[38662,0],[38151,0],]]
[38408,19,32,[[38407,0],[38409,0],[38664,0],[38152,0],]]
[38409,8,32,[[38410,0],[38408,0],[38665,0],[38664,0],[38153,0],]]
[38410,4,32,[[38409,0],[38411,0],[38666,0],[38154,0],]]
[38411,6,32,[[38412,0],[38410,0],[38667,0],[38666,0],[38155,0],]]
[38412,13,32,[[38411,0],[38413,0],[38668,0],[38156,0],]]
[38413,17,32,[[38414,0],[38412,0],[38669,0],[38668,0],[38157,0],]]
[38414,19,32,[[38413,0],[38415,0],[38670,0],[38158,0],]]
[38415,17,32,[[38416,0],[38414,0],[38671,0],[38670,0],[38159,0],]]
[38416,13,32,[[38415,0],[38417,0],[38672,0],[38160,0],]]
[38417,1,32,[[38418,0],[38416,0],[38673,0],[38672,0],[38161,0],]]
[38418,12,32,[[38417,0],[38419,0],[38674,0],[38162,0],]]
[38419,5,32,[[38420,0],[38418,0],[38675,0],[38674,0],[38163,0],]]
[38420,17,32,[[38419,0],[38421,0],[38676,0],[38164,0],]]
[38421,8,32,[[38422,0],[38420,0],[38677,0],[38676,0],[38165,0],]]
[38422,18,32,[[38421,0],[38423,0],[38678,0],[38166,0],]]
[38423,10,32,[[38424,0],[38422,0],[38679,0],[38678,0],[38167,0],]]
[38424,1,32,[[38423,0],[38425,0],[38680,0],[38168,0],]]
[38425,4,32,[[38426,0],[38424,0],[38681,0],[38680,0],[38169,0],]]
[38426,11,32,[[38425,0],[38427,0],[38682,0],[38170,0],]]
[38427,9,32,[[38428,0],[38426,0],[38683,0],[38682,0],[38171,0],]]
[38428,17,32,[[38427,0],[38429,0],[38684,0],[38172,0],]]
[38429,17,32,[[38430,0],[38428,0],[38685,0],[38684,0],[38173,0],]]
[38430,13,32,[[38429,0],[38431,0],[38686,0],[38174,0],]]
[38431,18,32,[[38432,0],[38430,0],[38687,0],[38686,0],[38175,0],]]
[38432,1,33,[[38431,0],[38433,0],[38688,0],[38176,0],]]
[38433,11,33,[[38434,0],[38432,0],[38689,0],[38688,0],[38177,0],]]
[38434,12,33,[[38433,0],[38435,0],[38690,0],[38178,0],]]
[38435,16,33,[[38436,0],[38434,0],[38691,0],[38690,0],[38179,0],]]
[38436,1,33,[[38435,0],[38437,0],[38692,0],[38180,0],]]
[38437,5,33,[[38438,0],[38436,0],[38693,0],[38692,0],[38181,0],]]
[38438,13,33,[[38437,0],[38439,0],[38694,0],[38182,0],]]
[38439,4,33,[[38440,0],[38438,0],[38695,0],[38694,0],[38183,0],]]
[38440,17,33,[[38439,0],[38441,0],[38696,0],[38184,0],]]
[38441,3,33,[[38442,0],[38440,0],[38697,0],[38696,0],[38185,0],]]
[38442,14,33,[[38441,0],[38443,0],[38698,0],[38186,0],]]
[38443,2,33,[[38444,0],[38442,0],[38699,0],[38698,0],[38187,0],]]
[38444,13,33,[[38443,0],[38445,0],[38700,0],[38188,0],]]
[38445,14,33,[[38446,0],[38444,0],[38701,0],[38700,0],[38189,0],]]
[38446,8,33,[[38445,0],[38447,0],[38702,0],[38190,0],]]
[38447,3,33,[[38448,0],[38446,0],[38703,0],[38702,0],[38191,0],]]
[38448,6,33,[[38447,0],[38449,0],[38704,0],[38192,0],]]
[38449,14,33,[[38450,0],[38448,0],[38705,0],[38704,0],[38193,0],]]
[38450,2,33,[[38449,0],[38451,0],[38706,0],[38194,0],]]
[38451,19,33,[[38452,0],[38450,0],[38707,0],[38706,0],[38195,0],]]
[38452,8,33,[[38451,0],[38453,0],[38708,0],[38196,0],]]
[38453,13,33,[[38454,0],[38452,0],[38709,0],[38708,0],[38197,0],]]
[38454,1,33,[[38453,0],[38455,0],[38710,0],[38198,0],]]
[38455,19,33,[[38456,0],[38454,0],[38711,0],[38710,0],[38199,0],]]
[38456,2,33,[[38455,0],[38457,0],[38712,0],[38200,0],]]
[38457,15,33,[[38458,0],[38456,0],[38713,0],[38712,0],[38201,0],]]
[38458,8,33,[[38457,0],[38459,0],[38714,0],[38202,0],]]
[38459,5,33,[[38460,0],[38458,0],[38715,0],[38714,0],[38203,0],]]
[38460,18,33,[[38459,0],[38461,0],[38716,0],[38204,0],]]
[38461,12,33,[[38462,0],[38460,0],[38717,0],[38716,0],[38205,0],]]
[38462,15,33,[[38461,0],[38463,0],[38718,0],[38206,0],]]
[38463,13,33,[[38464,0],[38462,0],[38719,0],[38718,0],[38207,0],]]
[38464,14,34,[[38463,0],[38465,0],[38720,0],[38208,0],]]
[38465,10,34,[[38466,0],[38464,0],[38721,0],[38720,0],[38209,0],]]
[38466,10,34,[[38465,0],[38467,0],[38722,0],[38210,0],]]
[38467,15,34,[[38468,0],[38466,0],[38723,0],[38722,0],[38211,0],]]
[38468,13,34,[[38467,0],[38469,0],[38724,0],[38212,0],]]
[38469,17,34,[[38470,0],[38468,0],[38725,0],[38724,0],[38213,0],]]
[38470,3,34,[[38469,0],[38471,0],[38726,0],[38214,0],]]
[38471,5,34,[[38472,0],[38470,0],[38727,0],[38726,0],[38215,0],]]
[38472,4,34,[[38471,0],[38473,0],[38728,0],[38216,0],]]
[38473,15,34,[[38474,0],[38472,0],[38729,0],[38728,0],[38217,0],]]
[38474,8,34,[[38473,0],[38475,0],[38730,0],[38218,0],]]
[38475,9,34,[[38476,0],[38474,0],[38731,0],[38730,0],[38219,0],]]
[38476,6,34,[[38475,0],[38477,0],[38732,0],[38220,0],]]
[38477,16,34,[[38478,0],[38476,0],[38733,0],[38732,0],[38221,0],]]
[38478,8,34,[[38477,0],[38479,0],[38734,0],[38222,0],]]
[38479,14,34,[[38480,0],[38478,0],[38735,0],[38734,0],[38223,0],]]
[38480,10,34,[[38479,0],[38481,0],[38736,0],[38224,0],]]
[38481,14,34,[[38482,0],[38480,0],[38737,0],[38736,0],[38225,0],]]
[38482,7,34,[[38481,0],[38483,0],[38738,0],[38226,0],]]
[38483,13,34,[[38484,0],[38482,0],[38739,0],[38738,0],[38227,0],]]
[38484,4,34,[[38483,0],[38485,0],[38740,0],[38228,0],]]
[38485,13,34,[[38486,0],[38484,0],[38741,0],[38740,0],[38229,0],]]
[38486,7,34,[[38485,0],[38487,0],[38742,0],[38230,0],]]
[38487,5,34,[[38488,0],[38486,0],[38743,0],[38742,0],[38231,0],]]
[38488,7,34,[[38487,0],[38489,0],[38744,0],[38232,0],]]
[38489,16,34,[[38490,0],[38488,0],[38745,0],[38744,0],[38233,0],]]
[38490,12,34,[[38489,0],[38491,0],[38746,0],[38234,0],]]
[38491,19,34,[[38492,0],[38490,0],[38747,0],[38746,0],[38235,0],]]
[38492,8,34,[[38491,0],[38493,0],[38748,0],[38236,0],]]
[38493,5,34,[[38494,0],[38492,0],[38749,0],[38748,0],[38237,0],]]
[38494,5,34,[[38493,0],[38495,0],[38750,0],[38238,0],]]
[38495,4,34,[[38496,0],[38494,0],[38751,0],[38750,0],[38239,0],]]
[38496,16,35,[[38495,0],[38497,0],[38752,0],[38240,0],]]
[38497,1,35,[[38498,0],[38496,0],[38753,0],[38752,0],[38241,0],]]
[38498,1,35,[[38497,0],[38499,0],[38754,0],[38242,0],]]
[38499,2,35,[[38500,0],[38498,0],[38755,0],[38754,0],[38243,0],]]
[38500,4,35,[[38499,0],[38501,0],[38756,0],[38244,0],]]
[38501,3,35,[[38502,0],[38500,0],[38757,0],[38756,0],[38245,0],]]
[38502,11,35,[[38501,0],[38503,0],[38758,0],[38246,0],]]
[38503,18,35,[[38504,0],[38502,0],[38759,0],[38758,0],[38247,0],]]
[38504,13,35,[[38503,0],[38505,0],[38760,0],[38248,0],]]
[38505,10,35,[[38506,0],[38504,0],[38761,0],[38760,0],[38249,0],]]
[38506,1,35,[[38505,0],[38507,0],[38762,0],[38250,0],]]
[38507,2,35,[[38508,0],[38506,0],[38763,0],[38762,0],[38251,0],]]
[38508,10,35,[[38507,0],[38509,0],[38764,0],[38252,0],]]
[38509,19,35,[[38510,0],[38508,0],[38765,0],[38764,0],[38253,0],]]
[38510,4,35,[[38509,0],[38511,0],[38766,0],[38254,0],]]
[38511,1,35,[[38512,0],[38510,0],[38767,0],[38766,0],[38255,0],]]
[38512,5,35,[[38511,0],[38513,0],[38768,0],[38256,0],]]
[38513,18,35,[[38514,0],[38512,0],[38769,0],[38768,0],[38257,0],]]
[38514,10,35,[[38513,0],[38515,0],[38770,0],[38258,0],]]
[38515,15,35,[[38516,0],[38514,0],[38771,0],[38770,0],[38259,0],]]
[38516,8,35,[[38515,0],[38517,0],[38772,0],[38260,0],]]
[38517,15,35,[[38518,0],[38516,0],[38773,0],[38772,0],[38261,0],]]
[38518,10,35,[[38517,0],[38519,0],[38774,0],[38262,0],]]
[38519,17,35,[[38520,0],[38518,0],[38775,0],[38774,0],[38263,0],]]
[38520,18,35,[[38519,0],[38521,0],[38776,0],[38264,0],]]
[38521,8,35,[[38522,0],[38520,0],[38777,0],[38776,0],[38265,0],]]
[38522,12,35,[[38521,0],[38523,0],[38778,0],[38266,0],]]
[38523,2,35,[[38524,0],[38522,0],[38779,0],[38778,0],[38267,0],]]
[38524,10,35,[[38523,0],[38525,0],[38780,0],[38268,0],]]
[38525,2,35,[[38526,0],[38524,0],[38781,0],[38780,0],[38269,0],]]
[38526,4,35,[[38525,0],[38527,0],[38782,0],[38270,0],]]
[38527,15,35,[[38528,0],[38526,0],[38783,0],[38782,0],[38271,0],]]
[38528,14,36,[[38527,0],[38529,0],[38784,0],[38272,0],]]
[38529,16,36,[[38530,0],[38528,0],[38785,0],[38784,0],[38273,0],]]
[38530,9,36,[[38529,0],[38531,0],[38786,0],[38274,0],]]
[38531,14,36,[[38532,0],[38530,0],[38787,0],[38786,0],[38275,0],]]
[38532,13,36,[[38531,0],[38533,0],[38788,0],[38276,0],]]
[38533,16,36,[[38534,0],[38532,0],[38789,0],[38788,0],[38277,0],]]
[38534,8,36,[[38533,0],[38535,0],[38790,0],[38278,0],]]
[38535,10,36,[[38536,0],[38534,0],[38791,0],[38790,0],[38279,0],]]
[38536,18,36,[[38535,0],[38537,0],[38792,0],[38280,0],]]
[38537,8,36,[[38538,0],[38536,0],[38793,0],[38792,0],[38281,0],]]
[38538,6,36,[[38537,0],[38539,0],[38794,0],[38282,0],]]
[38539,18,36,[[38540,0],[38538,0],[38795,0],[38794,0],[38283,0],]]
[38540,4,36,[[38539,0],[38541,0],[38796,0],[38284,0],]]
[38541,11,36,[[38542,0],[38540,0],[38797,0],[38796,0],[38285,0],]]
[38542,19,36,[[38541,0],[38543,0],[38798,0],[38286,0],]]
[38543,1,36,[[38544,0],[38542,0],[38799,0],[38798,0],[38287,0],]]
[38544,6,36,[[38543,0],[38545,0],[38800,0],[38288,0],]]
[38545,13,36,[[38546,0],[38544,0],[38801,0],[38800,0],[38289,0],]]
[38546,11,36,[[38545,0],[38547,0],[38802,0],[38290,0],]]
[38547,13,36,[[38548,0],[38546,0],[38803,0],[38802,0],[38291,0],]]
[38548,5,36,[[38547,0],[38549,0],[38804,0],[38292,0],]]
[38549,7,36,[[38550,0],[38548,0],[38805,0],[38804,0],[38293,0],]]
[38550,15,36,[[38549,0],[38551,0],[38806,0],[38294,0],]]
[38551,7,36,[[38552,0],[38550,0],[38807,0],[38806,0],[38295,0],]]
[38552,5,36,[[38551,0],[38553,0],[38808,0],[38296,0],]]
[38553,18,36,[[38554,0],[38552,0],[38809,0],[38808,0],[38297,0],]]
[38554,4,36,[[38553,0],[38555,0],[38810,0],[38298,0],]]
[38555,10,36,[[38556,0],[38554,0],[38811,0],[38810,0],[38299,0],]]
[38556,19,36,[[38555,0],[38557,0],[38812,0],[38300,0],]]
[38557,12,36,[[38558,0],[38556,0],[38813,0],[38812,0],[38301,0],]]
[38558,1,36,[[38557,0],[38559,0],[38814,0],[38302,0],]]
[38559,6,36,[[38560,0],[38558,0],[38815,0],[38814,0],[38303,0],]]
[38560,17,37,[[38559,0],[38561,0],[38816,0],[38304,0],]]
[38561,9,37,[[38562,0],[38560,0],[38817,0],[38816,0],[38305,0],]]
[38562,11,37,[[38561,0],[38563,0],[38818,0],[38306,0],]]
[38563,10,37,[[38564,0],[38562,0],[38819,0],[38818,0],[38307,0],]]
[38564,4,37,[[38563,0],[38565,0],[38820,0],[38308,0],]]
[38565,11,37,[[38566,0],[38564,0],[38821,0],[38820,0],[38309,0],]]
[38566,10,37,[[38565,0],[38567,0],[38822,0],[38310,0],]]
[38567,16,37,[[38568,0],[38566,0],[38823,0],[38822,0],[38311,0],]]
[38568,9,37,[[38567,0],[38569,0],[38824,0],[38312,0],]]
[38569,11,37,[[38570,0],[38568,0],[38825,0],[38824,0],[38313,0],]]
[38570,3,37,[[38569,0],[38571,0],[38826,0],[38314,0],]]
[38571,3,37,[[38572,0],[38570,0],[38827,0],[38826,0],[38315,0],]]
[38572,7,37,[[38571,0],[38573,0],[38828,0],[38316,0],]]
[38573,1,37,[[38574,0],[38572,0],[38829,0],[38828,0],[38317,0],]]
[38574,6,37,[[38573,0],[38575,0],[38830,0],[38318,0],]]
[38575,15,37,[[38576,0],[38574,0],[38831,0],[38830,0],[38319,0],]]
[38576,14,37,[[38575,0],[38577,0],[38832,0],[38320,0],]]
[38577,18,37,[[38578,0],[38576,0],[38833,0],[38832,0],[38321,0],]]
[38578,3,37,[[38577,0],[38579,0],[38834,0],[38322,0],]]
[38579,19,37,[[38580,0],[38578,0],[38835,0],[38834,0],[38323,0],]]
[38580,2,37,[[38579,0],[38581,0],[38836,0],[38324,0],]]
[38581,17,37,[[38582,0],[38580,0],[38837,0],[38836,0],[38325,0],]]
[38582,8,37,[[38581,0],[38583,0],[38838,0],[38326,0],]]
[38583,5,37,[[38584,0],[38582,0],[38839,0],[38838,0],[38327,0],]]
[38584,13,37,[[38583,0],[38585,0],[38840,0],[38328,0],]]
[38585,14,37,[[38586,0],[38584,0],[38841,0],[38840,0],[38329,0],]]
[38586,4,37,[[38585,0],[38587,0],[38842,0],[38330,0],]]
[38587,2,37,[[38588,0],[38586,0],[38843,0],[38842,0],[38331,0],]]
[38588,17,37,[[38587,0],[38589,0],[38844,0],[38332,0],]]
[38589,17,37,[[38590,0],[38588,0],[38845,0],[38844,0],[38333,0],]]
[38590,4,37,[[38589,0],[38591,0],[38846,0],[38334,0],]]
[38591,7,37,[[38592,0],[38590,0],[38847,0],[38846,0],[38335,0],]]
[38592,4,38,[[38591,0],[38593,0],[38848,0],[38336,0],]]
[38593,14,38,[[38594,0],[38592,0],[38849,0],[38848,0],[38337,0],]]
[38594,1,38,[[38593,0],[38595,0],[38850,0],[38338,0],]]
[38595,9,38,[[38596,0],[38594,0],[38851,0],[38850,0],[38339,0],]]
[38596,2,38,[[38595,0],[38597,0],[38852,0],[38340,0],]]
[38597,2,38,[[38598,0],[38596,0],[38853,0],[38852,0],[38341,0],]]
[38598,1,38,[[38597,0],[38599,0],[38854,0],[38342,0],]]
[38599,11,38,[[38600,0],[38598,0],[38855,0],[38854,0],[38343,0],]]
[38600,10,38,[[38599,0],[38601,0],[38856,0],[38344,0],]]
[38601,7,38,[[38602,0],[38600,0],[38857,0],[38856,0],[38345,0],]]
[38602,11,38,[[38601,0],[38603,0],[38858,0],[38346,0],]]
[38603,5,38,[[38604,0],[38602,0],[38859,0],[38858,0],[38347,0],]]
[38604,16,38,[[38603,0],[38605,0],[38860,0],[38348,0],]]
[38605,1,38,[[38606,0],[38604,0],[38861,0],[38860,0],[38349,0],]]
[38606,17,38,[[38605,0],[38607,0],[38862,0],[38350,0],]]
[38607,3,38,[[38608,0],[38606,0],[38863,0],[38862,0],[38351,0],]]
[38608,18,38,[[38607,0],[38609,0],[38864,0],[38352,0],]]
[38609,5,38,[[38610,0],[38608,0],[38865,0],[38864,0],[38353,0],]]
[38610,4,38,[[38609,0],[38611,0],[38866,0],[38354,0],]]
[38611,4,38,[[38612,0],[38610,0],[38867,0],[38866,0],[38355,0],]]
[38612,10,38,[[38611,0],[38613,0],[38868,0],[38356,0],]]
[38613,3,38,[[38614,0],[38612,0],[38869,0],[38868,0],[38357,0],]]
[38614,6,38,[[38613,0],[38615,0],[38870,0],[38358,0],]]
[38615,15,38,[[38616,0],[38614,0],[38871,0],[38870,0],[38359,0],]]
[38616,10,38,[[38615,0],[38617,0],[38872,0],[38360,0],]]
[38617,12,38,[[38618,0],[38616,0],[38873,0],[38872,0],[38361,0],]]
[38618,13,38,[[38617,0],[38619,0],[38874,0],[38362,0],]]
[38619,3,38,[[38620,0],[38618,0],[38875,0],[38874,0],[38363,0],]]
[38620,4,38,[[38619,0],[38621,0],[38876,0],[38364,0],]]
[38621,12,38,[[38622,0],[38620,0],[38877,0],[38876,0],[38365,0],]]
[38622,2,38,[[38621,0],[38623,0],[38878,0],[38366,0],]]
[38623,14,38,[[38624,0],[38622,0],[38879,0],[38878,0],[38367,0],]]
[38624,9,39,[[38623,0],[38625,0],[38880,0],[38368,0],]]
[38625,12,39,[[38626,0],[38624,0],[38881,0],[38880,0],[38369,0],]]
[38626,5,39,[[38625,0],[38627,0],[38882,0],[38370,0],]]
[38627,10,39,[[38628,0],[38626,0],[38883,0],[38882,0],[38371,0],]]
[38628,1,39,[[38627,0],[38629,0],[38884,0],[38372,0],]]
[38629,18,39,[[38630,0],[38628,0],[38885,0],[38884,0],[38373,0],]]
[38630,15,39,[[38629,0],[38631,0],[38886,0],[38374,0],]]
[38631,2,39,[[38632,0],[38630,0],[38887,0],[38886,0],[38375,0],]]
[38632,17,39,[[38631,0],[38633,0],[38888,0],[38376,0],]]
[38633,11,39,[[38634,0],[38632,0],[38889,0],[38888,0],[38377,0],]]
[38634,11,39,[[38633,0],[38635,0],[38890,0],[38378,0],]]
[38635,5,39,[[38636,0],[38634,0],[38891,0],[38890,0],[38379,0],]]
[38636,18,39,[[38635,0],[38637,0],[38892,0],[38380,0],]]
[38637,17,39,[[38638,0],[38636,0],[38893,0],[38892,0],[38381,0],]]
[38638,7,39,[[38637,0],[38639,0],[38894,0],[38382,0],]]
[38639,14,39,[[38640,0],[38638,0],[38895,0],[38894,0],[38383,0],]]
[38640,5,39,[[38639,0],[38641,0],[38896,0],[38384,0],]]
[38641,10,39,[[38642,0],[38640,0],[38897,0],[38896,0],[38385,0],]]
[38642,3,39,[[38641,0],[38643,0],[38898,0],[38386,0],]]
[38643,9,39,[[38644,0],[38642,0],[38899,0],[38898,0],[38387,0],]]
[38644,11,39,[[38643,0],[38645,0],[38900,0],[38388,0],]]
[38645,12,39,[[38646,0],[38644,0],[38901,0],[38900,0],[38389,0],]]
[38646,3,39,[[38645,0],[38647,0],[38902,0],[38390,0],]]
[38647,5,39,[[38648,0],[38646,0],[38903,0],[38902,0],[38391,0],]]
[38648,1,39,[[38647,0],[38649,0],[38904,0],[38392,0],]]
[38649,16,39,[[38650,0],[38648,0],[38905,0],[38904,0],[38393,0],]]
[38650,11,39,[[38649,0],[38651,0],[38906,0],[38394,0],]]
[38651,6,39,[[38652,0],[38650,0],[38907,0],[38906,0],[38395,0],]]
[38652,12,39,[[38651,0],[38653,0],[38908,0],[38396,0],]]
[38653,13,39,[[38654,0],[38652,0],[38909,0],[38908,0],[38397,0],]]
[38654,14,39,[[38653,0],[38655,0],[38910,0],[38398,0],]]
[38655,4,39,[[38654,0],[38911,0],[38910,0],[38399,0],]]
[38656,19,32,[[38657,0],[38400,0],[38401,0],[38912,0],]]
[38657,2,32,[[38658,0],[38656,0],[38401,0],[38913,0],]]
[38658,5,32,[[38657,0],[38659,0],[38402,0],[38403,0],[38914,0],]]
[38659,10,32,[[38660,0],[38658,0],[38403,0],[38915,0],]]
[38660,4,32,[[38659,0],[38661,0],[38404,0],[38405,0],[38916,0],]]
[38661,10,32,[[38662,0],[38660,0],[38405,0],[38917,0],]]
[38662,11,32,[[38661,0],[38663,0],[38406,0],[38407,0],[38918,0],]]
[38663,10,32,[[38664,0],[38662,0],[38407,0],[38919,0],]]
[38664,13,32,[[38663,0],[38665,0],[38408,0],[38409,0],[38920,0],]]
[38665,16,32,[[38666,0],[38664,0],[38409,0],[38921,0],]]
