[34078,1,32,[[34077,0],[34079,0],[33822,0],[33823,0],[34334,0],]]
[34079,18,32,[[34080,0],[34078,0],[33823,0],[34335,0],]]
[34080,8,33,[[34079,0],[34081,0],[33824,0],[33825,0],[34336,0],]]
[34081,8,33,[[34082,0],[34080,0],[33825,0],[34337,0],]]
[34082,12,33,[[34081,0],[34083,0],[33826,0],[33827,0],[34338,0],]]
[34083,3,33,[[34084,0],[34082,0],[33827,0],[34339,0],]]
[34084,10,33,[[34083,0],[34085,0],[33828,0],[33829,0],[34340,0],]]
[34085,11,33,[[34086,0],[34084,0],[33829,0],[34341,0],]]
[34086,1,33,[[34085,0],[34087,0],[33830,0],[33831,0],[34342,0],]]
[34087,1,33,[[34088,0],[34086,0],[33831,0],[34343,0],]]
[34088,11,33,[[34087,0],[34089,0],[33832,0],[33833,0],[34344,0],]]
[34089,16,33,[[34090,0],[34088,0],[33833,0],[34345,0],]]
[34090,15,33,[[34089,0],[34091,0],[33834,0],[33835,0],[34346,0],]]
[34091,14,33,[[34092,0],[34090,0],[33835,0],[34347,0],]]
[34092,18,33,[[34091,0],[34093,0],[33836,0],[33837,0],[34348,0],]]
[34093,16,33,[[34094,0],[34092,0],[33837,0],[34349,0],]]
[34094,15,33,[[34093,0],[34095,0],[33838,0],[33839,0],[34350,0],]]
[34095,9,33,[[34096,0],[34094,0],[33839,0],[34351,0],]]
[34096,11,33,[[34095,0],[34097,0],[33840,0],[33841,0],[34352,0],]]
[34097,15,33,[[34098,0],[34096,0],[33841,0],[34353,0],]]
[34098,8,33,[[34097,0],[34099,0],[33842,0],[33843,0],[34354,0],]]
[34099,15,33,[[34100,0],[34098,0],[33843,0],[34355,0],]]
[34100,4,33,[[34099,0],[34101,0],[33844,0],[33845,0],[34356,0],]]
[34101,13,33,[[34102,0],[34100,0],[33845,0],[34357,0],]]
[34102,19,33,[[34101,0],[34103,0],[33846,0],[33847,0],[34358,0],]]
[34103,16,33,[[34104,0],[34102,0],[33847,0],[34359,0],]]
[34104,13,33,[[34103,0],[34105,0],[33848,0],[33849,0],[34360,0],]]
[34105,17,33,[[34106,0],[34104,0],[33849,0],[34361,0],]]
[34106,1,33,[[34105,0],[34107,0],[33850,0],[33851,0],[34362,0],]]
[34107,13,33,[[34108,0],[34106,0],[33851,0],[34363,0],]]
[34108,11,33,[[34107,0],[34109,0],[33852,0],[33853,0],[34364,0],]]
[34109,11,33,[[34110,0],[34108,0],[33853,0],[34365,0],]]
[34110,2,33,[[34109,0],[34111,0],[33854,0],[33855,0],[34366,0],]]
[34111,3,33,[[34112,0],[34110,0],[33855,0],[34367,0],]]
[34112,5,34,[[34111,0],[34113,0],[33856,0],[33857,0],[34368,0],]]
[34113,14,34,[[34114,0],[34112,0],[33857,0],[34369,0],]]
[34114,7,34,[[34113,0],[34115,0],[33858,0],[33859,0],[34370,0],]]
[34115,19,34,[[34116,0],[34114,0],[33859,0],[34371,0],]]
[34116,14,34,[[34115,0],[34117,0],[33860,0],[33861,0],[34372,0],]]
[34117,16,34,[[34118,0],[34116,0],[33861,0],[34373,0],]]
[34118,3,34,[[34117,0],[34119,0],[33862,0],[33863,0],[34374,0],]]
[34119,16,34,[[34120,0],[34118,0],[33863,0],[34375,0],]]
[34120,15,34,[[34119,0],[34121,0],[33864,0],[33865,0],[34376,0],]]
[34121,2,34,[[34122,0],[34120,0],[33865,0],[34377,0],]]
[34122,17,34,[[34121,0],[34123,0],[33866,0],[33867,0],[34378,0],]]
[34123,16,34,[[34124,0],[34122,0],[33867,0],[34379,0],]]
[34124,17,34,[[34123,0],[34125,0],[33868,0],[33869,0],[34380,0],]]
[34125,2,34,[[34126,0],[34124,0],[33869,0],[34381,0],]]
[34126,18,34,[[34125,0],[34127,0],[33870,0],[33871,0],[34382,0],]]
[34127,9,34,[[34128,0],[34126,0],[33871,0],[34383,0],]]
[34128,7,34,[[34127,0],[34129,0],[33872,0],[33873,0],[34384,0],]]
[34129,13,34,[[34130,0],[34128,0],[33873,0],[34385,0],]]
[34130,2,34,[[34129,0],[34131,0],[33874,0],[33875,0],[34386,0],]]
[34131,19,34,[[34132,0],[34130,0],[33875,0],[34387,0],]]
[34132,4,34,[[34131,0],[34133,0],[33876,0],[33877,0],[34388,0],]]
[34133,19,34,[[34134,0],[34132,0],[33877,0],[34389,0],]]
[34134,9,34,[[34133,0],[34135,0],[33878,0],[33879,0],[34390,0],]]
[34135,2,34,[[34136,0],[34134,0],[33879,0],[34391,0],]]
[34136,7,34,[[34135,0],[34137,0],[33880,0],[33881,0],[34392,0],]]
[34137,1,34,[[34138,0],[34136,0],[33881,0],[34393,0],]]
[34138,3,34,[[34137,0],[34139,0],[33882,0],[33883,0],[34394,0],]]
[34139,10,34,[[34140,0],[34138,0],[33883,0],[34395,0],]]
[34140,11,34,[[34139,0],[34141,0],[33884,0],[33885,0],[34396,0],]]
[34141,2,34,[[34142,0],[34140,0],[33885,0],[34397,0],]]
[34142,6,34,[[34141,0],[34143,0],[33886,0],[33887,0],[34398,0],]]
[34143,5,34,[[34144,0],[34142,0],[33887,0],[34399,0],]]
[34144,7,35,[[34143,0],[34145,0],[33888,0],[33889,0],[34400,0],]]
[34145,14,35,[[34146,0],[34144,0],[33889,0],[34401,0],]]
[34146,15,35,[[34145,0],[34147,0],[33890,0],[33891,0],[34402,0],]]
[34147,19,35,[[34148,0],[34146,0],[33891,0],[34403,0],]]
[34148,17,35,[[34147,0],[34149,0],[33892,0],[33893,0],[34404,0],]]
[34149,3,35,[[34150,0],[34148,0],[33893,0],[34405,0],]]
[34150,17,35,[[34149,0],[34151,0],[33894,0],[33895,0],[34406,0],]]
[34151,8,35,[[34152,0],[34150,0],[33895,0],[34407,0],]]
[34152,14,35,[[34151,0],[34153,0],[33896,0],[33897,0],[34408,0],]]
[34153,19,35,[[34154,0],[34152,0],[33897,0],[34409,0],]]
[34154,6,35,[[34153,0],[34155,0],[33898,0],[33899,0],[34410,0],]]
[34155,10,35,[[34156,0],[34154,0],[33899,0],[34411,0],]]
[34156,18,35,[[34155,0],[34157,0],[33900,0],[33901,0],[34412,0],]]
[34157,4,35,[[34158,0],[34156,0],[33901,0],[34413,0],]]
[34158,17,35,[[34157,0],[34159,0],[33902,0],[33903,0],[34414,0],]]
[34159,6,35,[[34160,0],[34158,0],[33903,0],[34415,0],]]
[34160,2,35,[[34159,0],[34161,0],[33904,0],[33905,0],[34416,0],]]
[34161,9,35,[[34162,0],[34160,0],[33905,0],[34417,0],]]
[34162,16,35,[[34161,0],[34163,0],[33906,0],[33907,0],[34418,0],]]
[34163,17,35,[[34164,0],[34162,0],[33907,0],[34419,0],]]
[34164,3,35,[[34163,0],[34165,0],[33908,0],[33909,0],[34420,0],]]
[34165,16,35,[[34166,0],[34164,0],[33909,0],[34421,0],]]
[34166,9,35,[[34165,0],[34167,0],[33910,0],[33911,0],[34422,0],]]
[34167,7,35,[[34168,0],[34166,0],[33911,0],[34423,0],]]
[34168,15,35,[[34167,0],[34169,0],[33912,0],[33913,0],[34424,0],]]
[34169,16,35,[[34170,0],[34168,0],[33913,0],[34425,0],]]
[34170,11,35,[[34169,0],[34171,0],[33914,0],[33915,0],[34426,0],]]
[34171,11,35,[[34172,0],[34170,0],[33915,0],[34427,0],]]
[34172,13,35,[[34171,0],[34173,0],[33916,0],[33917,0],[34428,0],]]
[34173,10,35,[[34174,0],[34172,0],[33917,0],[34429,0],]]
[34174,1,35,[[34173,0],[34175,0],[33918,0],[33919,0],[34430,0],]]
[34175,17,35,[[34176,0],[34174,0],[33919,0],[34431,0],]]
[34176,13,36,[[34175,0],[34177,0],[33920,0],[33921,0],[34432,0],]]
[34177,4,36,[[34178,0],[34176,0],[33921,0],[34433,0],]]
[34178,19,36,[[34177,0],[34179,0],[33922,0],[33923,0],[34434,0],]]
[34179,10,36,[[34180,0],[34178,0],[33923,0],[34435,0],]]
[34180,1,36,[[34179,0],[34181,0],[33924,0],[33925,0],[34436,0],]]
[34181,8,36,[[34182,0],[34180,0],[33925,0],[34437,0],]]
[34182,11,36,[[34181,0],[34183,0],[33926,0],[33927,0],[34438,0],]]
[34183,16,36,[[34184,0],[34182,0],[33927,0],[34439,0],]]
[34184,6,36,[[34183,0],[34185,0],[33928,0],[33929,0],[34440,0],]]
[34185,15,36,[[34186,0],[34184,0],[33929,0],[34441,0],]]
[34186,3,36,[[34185,0],[34187,0],[33930,0],[33931,0],[34442,0],]]
[34187,16,36,[[34188,0],[34186,0],[33931,0],[34443,0],]]
[34188,11,36,[[34187,0],[34189,0],[33932,0],[33933,0],[34444,0],]]
[34189,13,36,[[34190,0],[34188,0],[33933,0],[34445,0],]]
[34190,17,36,[[34189,0],[34191,0],[33934,0],[33935,0],[34446,0],]]
[34191,7,36,[[34192,0],[34190,0],[33935,0],[34447,0],]]
[34192,13,36,[[34191,0],[34193,0],[33936,0],[33937,0],[34448,0],]]
[34193,10,36,[[34194,0],[34192,0],[33937,0],[34449,0],]]
[34194,5,36,[[34193,0],[34195,0],[33938,0],[33939,0],[34450,0],]]
[34195,8,36,[[34196,0],[34194,0],[33939,0],[34451,0],]]
[34196,1,36,[[34195,0],[34197,0],[33940,0],[33941,0],[34452,0],]]
[34197,16,36,[[34198,0],[34196,0],[33941,0],[34453,0],]]
[34198,3,36,[[34197,0],[34199,0],[33942,0],[33943,0],[34454,0],]]
[34199,7,36,[[34200,0],[34198,0],[33943,0],[34455,0],]]
[34200,2,36,[[34199,0],[34201,0],[33944,0],[33945,0],[34456,0],]]
[34201,12,36,[[34202,0],[34200,0],[33945,0],[34457,0],]]
[34202,14,36,[[34201,0],[34203,0],[33946,0],[33947,0],[34458,0],]]
[34203,7,36,[[34204,0],[34202,0],[33947,0],[34459,0],]]
[34204,1,36,[[34203,0],[34205,0],[33948,0],[33949,0],[34460,0],]]
[34205,9,36,[[34206,0],[34204,0],[33949,0],[34461,0],]]
[34206,10,36,[[34205,0],[34207,0],[33950,0],[33951,0],[34462,0],]]
[34207,15,36,[[34208,0],[34206,0],[33951,0],[34463,0],]]
[34208,6,37,[[34207,0],[34209,0],[33952,0],[33953,0],[34464,0],]]
[34209,17,37,[[34210,0],[34208,0],[33953,0],[34465,0],]]
[34210,14,37,[[34209,0],[34211,0],[33954,0],[33955,0],[34466,0],]]
[34211,4,37,[[34212,0],[34210,0],[33955,0],[34467,0],]]
[34212,6,37,[[34211,0],[34213,0],[33956,0],[33957,0],[34468,0],]]
[34213,5,37,[[34214,0],[34212,0],[33957,0],[34469,0],]]
[34214,17,37,[[34213,0],[34215,0],[33958,0],[33959,0],[34470,0],]]
[34215,3,37,[[34216,0],[34214,0],[33959,0],[34471,0],]]
[34216,10,37,[[34215,0],[34217,0],[33960,0],[33961,0],[34472,0],]]
[34217,3,37,[[34218,0],[34216,0],[33961,0],[34473,0],]]
[34218,2,37,[[34217,0],[34219,0],[33962,0],[33963,0],[34474,0],]]
[34219,17,37,[[34220,0],[34218,0],[33963,0],[34475,0],]]
[34220,9,37,[[34219,0],[34221,0],[33964,0],[33965,0],[34476,0],]]
[34221,19,37,[[34222,0],[34220,0],[33965,0],[34477,0],]]
[34222,4,37,[[34221,0],[34223,0],[33966,0],[33967,0],[34478,0],]]
[34223,12,37,[[34224,0],[34222,0],[33967,0],[34479,0],]]
[34224,1,37,[[34223,0],[34225,0],[33968,0],[33969,0],[34480,0],]]
[34225,3,37,[[34226,0],[34224,0],[33969,0],[34481,0],]]
[34226,17,37,[[34225,0],[34227,0],[33970,0],[33971,0],[34482,0],]]
[34227,5,37,[[34228,0],[34226,0],[33971,0],[34483,0],]]
[34228,3,37,[[34227,0],[34229,0],[33972,0],[33973,0],[34484,0],]]
[34229,6,37,[[34230,0],[34228,0],[33973,0],[34485,0],]]
[34230,7,37,[[34229,0],[34231,0],[33974,0],[33975,0],[34486,0],]]
[34231,19,37,[[34232,0],[34230,0],[33975,0],[34487,0],]]
[34232,10,37,[[34231,0],[34233,0],[33976,0],[33977,0],[34488,0],]]
[34233,4,37,[[34234,0],[34232,0],[33977,0],[34489,0],]]
[34234,15,37,[[34233,0],[34235,0],[33978,0],[33979,0],[34490,0],]]
[34235,17,37,[[34236,0],[34234,0],[33979,0],[34491,0],]]
[34236,18,37,[[34235,0],[34237,0],[33980,0],[33981,0],[34492,0],]]
[34237,17,37,[[34238,0],[34236,0],[33981,0],[34493,0],]]
[34238,7,37,[[34237,0],[34239,0],[33982,0],[33983,0],[34494,0],]]
[34239,6,37,[[34240,0],[34238,0],[33983,0],[34495,0],]]
[34240,3,38,[[34239,0],[34241,0],[33984,0],[33985,0],[34496,0],]]
[34241,2,38,[[34242,0],[34240,0],[33985,0],[34497,0],]]
[34242,4,38,[[34241,0],[34243,0],[33986,0],[33987,0],[34498,0],]]
[34243,17,38,[[34244,0],[34242,0],[33987,0],[34499,0],]]
[34244,3,38,[[34243,0],[34245,0],[33988,0],[33989,0],[34500,0],]]
[34245,13,38,[[34246,0],[34244,0],[33989,0],[34501,0],]]
[34246,14,38,[[34245,0],[34247,0],[33990,0],[33991,0],[34502,0],]]
[34247,9,38,[[34248,0],[34246,0],[33991,0],[34503,0],]]
[34248,17,38,[[34247,0],[34249,0],[33992,0],[33993,0],[34504,0],]]
[34249,3,38,[[34250,0],[34248,0],[33993,0],[34505,0],]]
[34250,17,38,[[34249,0],[34251,0],[33994,0],[33995,0],[34506,0],]]
[34251,14,38,[[34252,0],[34250,0],[33995,0],[34507,0],]]
[34252,12,38,[[34251,0],[34253,0],[33996,0],[33997,0],[34508,0],]]
[34253,4,38,[[34254,0],[34252,0],[33997,0],[34509,0],]]
[34254,8,38,[[34253,0],[34255,0],[33998,0],[33999,0],[34510,0],]]
[34255,9,38,[[34256,0],[34254,0],[33999,0],[34511,0],]]
[34256,10,38,[[34255,0],[34257,0],[34000,0],[34001,0],[34512,0],]]
[34257,12,38,[[34258,0],[34256,0],[34001,0],[34513,0],]]
[34258,4,38,[[34257,0],[34259,0],[34002,0],[34003,0],[34514,0],]]
[34259,16,38,[[34260,0],[34258,0],[34003,0],[34515,0],]]
[34260,18,38,[[34259,0],[34261,0],[34004,0],[34005,0],[34516,0],]]
[34261,11,38,[[34262,0],[34260,0],[34005,0],[34517,0],]]
[34262,9,38,[[34261,0],[34263,0],[34006,0],[34007,0],[34518,0],]]
[34263,8,38,[[34264,0],[34262,0],[34007,0],[34519,0],]]
[34264,18,38,[[34263,0],[34265,0],[34008,0],[34009,0],[34520,0],]]
[34265,8,38,[[34266,0],[34264,0],[34009,0],[34521,0],]]
[34266,16,38,[[34265,0],[34267,0],[34010,0],[34011,0],[34522,0],]]
[34267,12,38,[[34268,0],[34266,0],[34011,0],[34523,0],]]
[34268,6,38,[[34267,0],[34269,0],[34012,0],[34013,0],[34524,0],]]
[34269,17,38,[[34270,0],[34268,0],[34013,0],[34525,0],]]
[34270,4,38,[[34269,0],[34271,0],[34014,0],[34015,0],[34526,0],]]
[34271,15,38,[[34272,0],[34270,0],[34015,0],[34527,0],]]
[34272,17,39,[[34271,0],[34273,0],[34016,0],[34017,0],[34528,0],]]
[34273,18,39,[[34274,0],[34272,0],[34017,0],[34529,0],]]
[34274,7,39,[[34273,0],[34275,0],[34018,0],[34019,0],[34530,0],]]
[34275,8,39,[[34276,0],[34274,0],[34019,0],[34531,0],]]
[34276,8,39,[[34275,0],[34277,0],[34020,0],[34021,0],[34532,0],]]
[34277,7,39,[[34278,0],[34276,0],[34021,0],[34533,0],]]
[34278,2,39,[[34277,0],[34279,0],[34022,0],[34023,0],[34534,0],]]
[34279,19,39,[[34280,0],[34278,0],[34023,0],[34535,0],]]
[34280,19,39,[[34279,0],[34281,0],[34024,0],[34025,0],[34536,0],]]
[34281,2,39,[[34282,0],[34280,0],[34025,0],[34537,0],]]
[34282,13,39,[[34281,0],[34283,0],[34026,0],[34027,0],[34538,0],]]
[34283,19,39,[[34284,0],[34282,0],[34027,0],[34539,0],]]
[34284,1,39,[[34283,0],[34285,0],[34028,0],[34029,0],[34540,0],]]
[34285,6,39,[[34286,0],[34284,0],[34029,0],[34541,0],]]
[34286,18,39,[[34285,0],[34287,0],[34030,0],[34031,0],[34542,0],]]
[34287,15,39,[[34288,0],[34286,0],[34031,0],[34543,0],]]
[34288,15,39,[[34287,0],[34289,0],[34032,0],[34033,0],[34544,0],]]
[34289,10,39,[[34290,0],[34288,0],[34033,0],[34545,0],]]
[34290,8,39,[[34289,0],[34291,0],[34034,0],[34035,0],[34546,0],]]
[34291,17,39,[[34292,0],[34290,0],[34035,0],[34547,0],]]
[34292,14,39,[[34291,0],[34293,0],[34036,0],[34037,0],[34548,0],]]
[34293,4,39,[[34294,0],[34292,0],[34037,0],[34549,0],]]
[34294,8,39,[[34293,0],[34295,0],[34038,0],[34039,0],[34550,0],]]
[34295,18,39,[[34296,0],[34294,0],[34039,0],[34551,0],]]
[34296,10,39,[[34295,0],[34297,0],[34040,0],[34041,0],[34552,0],]]
[34297,12,39,[[34298,0],[34296,0],[34041,0],[34553,0],]]
[34298,16,39,[[34297,0],[34299,0],[34042,0],[34043,0],[34554,0],]]
[34299,19,39,[[34300,0],[34298,0],[34043,0],[34555,0],]]
[34300,16,39,[[34299,0],[34301,0],[34044,0],[34045,0],[34556,0],]]
[34301,19,39,[[34302,0],[34300,0],[34045,0],[34557,0],]]
[34302,1,39,[[34301,0],[34303,0],[34046,0],[34047,0],[34558,0],]]
[34303,5,39,[[34302,0],[34047,0],[34559,0],]]
[34304,18,32,[[34305,0],[34560,0],[34048,0],]]
[34305,16,32,[[34306,0],[34304,0],[34561,0],[34560,0],[34049,0],]]
[34306,8,32,[[34305,0],[34307,0],[34562,0],[34050,0],]]
[34307,12,32,[[34308,0],[34306,0],[34563,0],[34562,0],[34051,0],]]
[34308,18,32,[[34307,0],[34309,0],[34564,0],[34052,0],]]
[34309,11,32,[[34310,0],[34308,0],[34565,0],[34564,0],[34053,0],]]
[34310,1,32,[[34309,0],[34311,0],[34566,0],[34054,0],]]
[34311,9,32,[[34312,0],[34310,0],[34567,0],[34566,0],[34055,0],]]
[34312,8,32,[[34311,0],[34313,0],[34568,0],[34056,0],]]
[34313,12,32,[[34314,0],[34312,0],[34569,0],[34568,0],[34057,0],]]
[34314,16,32,[[34313,0],[34315,0],[34570,0],[34058,0],]]
[34315,17,32,[[34316,0],[34314,0],[34571,0],[34570,0],[34059,0],]]
[34316,19,32,[[34315,0],[34317,0],[34572,0],[34060,0],]]
[34317,15,32,[[34318,0],[34316,0],[34573,0],[34572,0],[34061,0],]]
[34318,19,32,[[34317,0],[34319,0],[34574,0],[34062,0],]]
[34319,1,32,[[34320,0],[34318,0],[34575,0],[34574,0],[34063,0],]]
[34320,11,32,[[34319,0],[34321,0],[34576,0],[34064,0],]]
[34321,2,32,[[34322,0],[34320,0],[34577,0],[34576,0],[34065,0],]]
[34322,6,32,[[34321,0],[34323,0],[34578,0],[34066,0],]]
[34323,14,32,[[34324,0],[34322,0],[34579,0],[34578,0],[34067,0],]]
[34324,17,32,[[34323,0],[34325,0],[34580,0],[34068,0],]]
[34325,19,32,[[34326,0],[34324,0],[34581,0],[34580,0],[34069,0],]]
[34326,3,32,[[34325,0],[34327,0],[34582,0],[34070,0],]]
[34327,3,32,[[34328,0],[34326,0],[34583,0],[34582,0],[34071,0],]]
[34328,13,32,[[34327,0],[34329,0],[34584,0],[34072,0],]]
[34329,11,32,[[34330,0],[34328,0],[34585,0],[34584,0],[34073,0],]]
[34330,16,32,[[34329,0],[34331,0],[34586,0],[34074,0],]]
[34331,13,32,[[34332,0],[34330,0],[34587,0],[34586,0],[34075,0],]]
[34332,19,32,[[34331,0],[34333,0],[34588,0],[34076,0],]]
[34333,10,32,[[34334,0],[34332,0],[34589,0],[34588,0],[34077,0],]]
[34334,17,32,[[34333,0],[34335,0],[34590,0],[34078,0],]]
[34335,2,32,[[34336,0],[34334,0],[34591,0],[34590,0],[34079,0],]]
[34336,1,33,[[34335,0],[34337,0],[34592,0],[34080,0],]]
[34337,10,33,[[34338,0],[34336,0],[34593,0],[34592,0],[34081,0],]]
[34338,2,33,[[34337,0],[34339,0],[34594,0],[34082,0],]]
[34339,19,33,[[34340,0],[34338,0],[34595,0],[34594,0],[34083,0],]]
[34340,10,33,[[34339,0],[34341,0],[34596,0],[34084,0],]]
[34341,1,33,[[34342,0],[34340,0],[34597,0],[34596,0],[34085,0],]]
[34342,1,33,[[34341,0],[34343,0],[34598,0],[34086,0],]]
[34343,18,33,[[34344,0],[34342,0],[34599,0],[34598,0],[34087,0],]]
[34344,11,33,[[34343,0],[34345,0],[34600,0],[34088,0],]]
[34345,13,33,[[34346,0],[34344,0],[34601,0],[34600,0],[34089,0],]]
[34346,16,33,[[34345,0],[34347,0],[34602,0],[34090,0],]]
[34347,13,33,[[34348,0],[34346,0],[34603,0],[34602,0],[34091,0],]]
[34348,16,33,[[34347,0],[34349,0],[34604,0],[34092,0],]]
[34349,14,33,[[34350,0],[34348,0],[34605,0],[34604,0],[34093,0],]]
[34350,12,33,[[34349,0],[34351,0],[34606,0],[34094,0],]]
[34351,4,33,[[34352,0],[34350,0],[34607,0],[34606,0],[34095,0],]]
[34352,5,33,[[34351,0],[34353,0],[34608,0],[34096,0],]]
[34353,14,33,[[34354,0],[34352,0],[34609,0],[34608,0],[34097,0],]]
[34354,14,33,[[34353,0],[34355,0],[34610,0],[34098,0],]]
[34355,8,33,[[34356,0],[34354,0],[34611,0],[34610,0],[34099,0],]]
[34356,11,33,[[34355,0],[34357,0],[34612,0],[34100,0],]]
[34357,10,33,[[34358,0],[34356,0],[34613,0],[34612,0],[34101,0],]]
[34358,7,33,[[34357,0],[34359,0],[34614,0],[34102,0],]]
[34359,10,33,[[34360,0],[34358,0],[34615,0],[34614,0],[34103,0],]]
[34360,2,33,[[34359,0],[34361,0],[34616,0],[34104,0],]]
[34361,14,33,[[34362,0],[34360,0],[34617,0],[34616,0],[34105,0],]]
[34362,10,33,[[34361,0],[34363,0],[34618,0],[34106,0],]]
[34363,9,33,[[34364,0],[34362,0],[34619,0],[34618,0],[34107,0],]]
[34364,8,33,[[34363,0],[34365,0],[34620,0],[34108,0],]]
[34365,8,33,[[34366,0],[34364,0],[34621,0],[34620,0],[34109,0],]]
[34366,14,33,[[34365,0],[34367,0],[34622,0],[34110,0],]]
[34367,7,33,[[34368,0],[34366,0],[34623,0],[34622,0],[34111,0],]]
[34368,13,34,[[34367,0],[34369,0],[34624,0],[34112,0],]]
[34369,8,34,[[34370,0],[34368,0],[34625,0],[34624,0],[34113,0],]]
[34370,16,34,[[34369,0],[34371,0],[34626,0],[34114,0],]]
[34371,3,34,[[34372,0],[34370,0],[34627,0],[34626,0],[34115,0],]]
[34372,17,34,[[34371,0],[34373,0],[34628,0],[34116,0],]]
[34373,7,34,[[34374,0],[34372,0],[34629,0],[34628,0],[34117,0],]]
[34374,10,34,[[34373,0],[34375,0],[34630,0],[34118,0],]]
[34375,4,34,[[34376,0],[34374,0],[34631,0],[34630,0],[34119,0],]]
[34376,4,34,[[34375,0],[34377,0],[34632,0],[34120,0],]]
[34377,8,34,[[34378,0],[34376,0],[34633,0],[34632,0],[34121,0],]]
[34378,6,34,[[34377,0],[34379,0],[34634,0],[34122,0],]]
[34379,4,34,[[34380,0],[34378,0],[34635,0],[34634,0],[34123,0],]]
[34380,5,34,[[34379,0],[34381,0],[34636,0],[34124,0],]]
[34381,7,34,[[34382,0],[34380,0],[34637,0],[34636,0],[34125,0],]]
[34382,2,34,[[34381,0],[34383,0],[34638,0],[34126,0],]]
[34383,13,34,[[34384,0],[34382,0],[34639,0],[34638,0],[34127,0],]]
[34384,6,34,[[34383,0],[34385,0],[34640,0],[34128,0],]]
[34385,12,34,[[34386,0],[34384,0],[34641,0],[34640,0],[34129,0],]]
[34386,1,34,[[34385,0],[34387,0],[34642,0],[34130,0],]]
[34387,13,34,[[34388,0],[34386,0],[34643,0],[34642,0],[34131,0],]]
[34388,4,34,[[34387,0],[34389,0],[34644,0],[34132,0],]]
[34389,18,34,[[34390,0],[34388,0],[34645,0],[34644,0],[34133,0],]]
[34390,17,34,[[34389,0],[34391,0],[34646,0],[34134,0],]]
[34391,8,34,[[34392,0],[34390,0],[34647,0],[34646,0],[34135,0],]]
[34392,14,34,[[34391,0],[34393,0],[34648,0],[34136,0],]]
[34393,4,34,[[34394,0],[34392,0],[34649,0],[34648,0],[34137,0],]]
[34394,12,34,[[34393,0],[34395,0],[34650,0],[34138,0],]]
[34395,5,34,[[34396,0],[34394,0],[34651,0],[34650,0],[34139,0],]]
[34396,17,34,[[34395,0],[34397,0],[34652,0],[34140,0],]]
[34397,10,34,[[34398,0],[34396,0],[34653,0],[34652,0],[34141,0],]]
[34398,9,34,[[34397,0],[34399,0],[34654,0],[34142,0],]]
[34399,10,34,[[34400,0],[34398,0],[34655,0],[34654,0],[34143,0],]]
[34400,8,35,[[34399,0],[34401,0],[34656,0],[34144,0],]]
[34401,3,35,[[34402,0],[34400,0],[34657,0],[34656,0],[34145,0],]]
[34402,8,35,[[34401,0],[34403,0],[34658,0],[34146,0],]]
[34403,13,35,[[34404,0],[34402,0],[34659,0],[34658,0],[34147,0],]]
[34404,19,35,[[34403,0],[34405,0],[34660,0],[34148,0],]]
[34405,13,35,[[34406,0],[34404,0],[34661,0],[34660,0],[34149,0],]]
[34406,6,35,[[34405,0],[34407,0],[34662,0],[34150,0],]]
[34407,3,35,[[34408,0],[34406,0],[34663,0],[34662,0],[34151,0],]]
[34408,11,35,[[34407,0],[34409,0],[34664,0],[34152,0],]]
[34409,6,35,[[34410,0],[34408,0],[34665,0],[34664,0],[34153,0],]]
[34410,16,35,[[34409,0],[34411,0],[34666,0],[34154,0],]]
[34411,16,35,[[34412,0],[34410,0],[34667,0],[34666,0],[34155,0],]]
[34412,11,35,[[34411,0],[34413,0],[34668,0],[34156,0],]]
[34413,7,35,[[34414,0],[34412,0],[34669,0],[34668,0],[34157,0],]]
[34414,13,35,[[34413,0],[34415,0],[34670,0],[34158,0],]]
[34415,15,35,[[34416,0],[34414,0],[34671,0],[34670,0],[34159,0],]]
[34416,19,35,[[34415,0],[34417,0],[34672,0],[34160,0],]]
[34417,11,35,[[34418,0],[34416,0],[34673,0],[34672,0],[34161,0],]]
[34418,17,35,[[34417,0],[34419,0],[34674,0],[34162,0],]]
[34419,9,35,[[34420,0],[34418,0],[34675,0],[34674,0],[34163,0],]]
[34420,2,35,[[34419,0],[34421,0],[34676,0],[34164,0],]]
[34421,13,35,[[34422,0],[34420,0],[34677,0],[34676,0],[34165,0],]]
[34422,6,35,[[34421,0],[34423,0],[34678,0],[34166,0],]]
[34423,16,35,[[34424,0],[34422,0],[34679,0],[34678,0],[34167,0],]]
[34424,2,35,[[34423,0],[34425,0],[34680,0],[34168,0],]]
[34425,1,35,[[34426,0],[34424,0],[34681,0],[34680,0],[34169,0],]]
[34426,19,35,[[34425,0],[34427,0],[34682,0],[34170,0],]]
[34427,7,35,[[34428,0],[34426,0],[34683,0],[34682,0],[34171,0],]]
[34428,17,35,[[34427,0],[34429,0],[34684,0],[34172,0],]]
[34429,15,35,[[34430,0],[34428,0],[34685,0],[34684,0],[34173,0],]]
[34430,5,35,[[34429,0],[34431,0],[34686,0],[34174,0],]]
[34431,17,35,[[34432,0],[34430,0],[34687,0],[34686,0],[34175,0],]]
[34432,4,36,[[34431,0],[34433,0],[34688,0],[34176,0],]]
[34433,18,36,[[34434,0],[34432,0],[34689,0],[34688,0],[34177,0],]]
[34434,17,36,[[34433,0],[34435,0],[34690,0],[34178,0],]]
[34435,14,36,[[34436,0],[34434,0],[34691,0],[34690,0],[34179,0],]]
[34436,4,36,[[34435,0],[34437,0],[34692,0],[34180,0],]]
[34437,11,36,[[34438,0],[34436,0],[34693,0],[34692,0],[34181,0],]]
[34438,16,36,[[34437,0],[34439,0],[34694,0],[34182,0],]]
[34439,17,36,[[34440,0],[34438,0],[34695,0],[34694,0],[34183,0],]]
[34440,6,36,[[34439,0],[34441,0],[34696,0],[34184,0],]]
[34441,6,36,[[34442,0],[34440,0],[34697,0],[34696,0],[34185,0],]]
[34442,14,36,[[34441,0],[34443,0],[34698,0],[34186,0],]]
[34443,10,36,[[34444,0],[34442,0],[34699,0],[34698,0],[34187,0],]]
[34444,12,36,[[34443,0],[34445,0],[34700,0],[34188,0],]]
[34445,3,36,[[34446,0],[34444,0],[34701,0],[34700,0],[34189,0],]]
[34446,12,36,[[34445,0],[34447,0],[34702,0],[34190,0],]]
[34447,10,36,[[34448,0],[34446,0],[34703,0],[34702,0],[34191,0],]]
[34448,10,36,[[34447,0],[34449,0],[34704,0],[34192,0],]]
[34449,3,36,[[34450,0],[34448,0],[34705,0],[34704,0],[34193,0],]]
[34450,3,36,[[34449,0],[34451,0],[34706,0],[34194,0],]]
[34451,4,36,[[34452,0],[34450,0],[34707,0],[34706,0],[34195,0],]]
[34452,11,36,[[34451,0],[34453,0],[34708,0],[34196,0],]]
[34453,8,36,[[34454,0],[34452,0],[34709,0],[34708,0],[34197,0],]]
[34454,19,36,[[34453,0],[34455,0],[34710,0],[34198,0],]]
[34455,12,36,[[34456,0],[34454,0],[34711,0],[34710,0],[34199,0],]]
[34456,15,36,[[34455,0],[34457,0],[34712,0],[34200,0],]]
[34457,9,36,[[34458,0],[34456,0],[34713,0],[34712,0],[34201,0],]]
[34458,8,36,[[34457,0],[34459,0],[34714,0],[34202,0],]]
[34459,18,36,[[34460,0],[34458,0],[34715,0],[34714,0],[34203,0],]]
[34460,18,36,[[34459,0],[34461,0],[34716,0],[34204,0],]]
[34461,15,36,[[34462,0],[34460,0],[34717,0],[34716,0],[34205,0],]]
[34462,3,36,[[34461,0],[34463,0],[34718,0],[34206,0],]]
[34463,3,36,[[34464,0],[34462,0],[34719,0],[34718,0],[34207,0],]]
[34464,16,37,[[34463,0],[34465,0],[34720,0],[34208,0],]]
[34465,17,37,[[34466,0],[34464,0],[34721,0],[34720,0],[34209,0],]]
[34466,11,37,[[34465,0],[34467,0],[34722,0],[34210,0],]]
[34467,19,37,[[34468,0],[34466,0],[34723,0],[34722,0],[34211,0],]]
[34468,5,37,[[34467,0],[34469,0],[34724,0],[34212,0],]]
[34469,4,37,[[34470,0],[34468,0],[34725,0],[34724,0],[34213,0],]]
[34470,7,37,[[34469,0],[34471,0],[34726,0],[34214,0],]]
[34471,1,37,[[34472,0],[34470,0],[34727,0],[34726,0],[34215,0],]]
[34472,8,37,[[34471,0],[34473,0],[34728,0],[34216,0],]]
[34473,8,37,[[34474,0],[34472,0],[34729,0],[34728,0],[34217,0],]]
[34474,12,37,[[34473,0],[34475,0],[34730,0],[34218,0],]]
[34475,19,37,[[34476,0],[34474,0],[34731,0],[34730,0],[34219,0],]]
[34476,11,37,[[34475,0],[34477,0],[34732,0],[34220,0],]]
[34477,14,37,[[34478,0],[34476,0],[34733,0],[34732,0],[34221,0],]]
[34478,15,37,[[34477,0],[34479,0],[34734,0],[34222,0],]]
[34479,3,37,[[34480,0],[34478,0],[34735,0],[34734,0],[34223,0],]]
[34480,8,37,[[34479,0],[34481,0],[34736,0],[34224,0],]]
[34481,14,37,[[34482,0],[34480,0],[34737,0],[34736,0],[34225,0],]]
[34482,9,37,[[34481,0],[34483,0],[34738,0],[34226,0],]]
[34483,3,37,[[34484,0],[34482,0],[34739,0],[34738,0],[34227,0],]]
[34484,12,37,[[34483,0],[34485,0],[34740,0],[34228,0],]]
[34485,12,37,[[34486,0],[34484,0],[34741,0],[34740,0],[34229,0],]]
[34486,3,37,[[34485,0],[34487,0],[34742,0],[34230,0],]]
[34487,13,37,[[34488,0],[34486,0],[34743,0],[34742,0],[34231,0],]]
[34488,15,37,[[34487,0],[34489,0],[34744,0],[34232,0],]]
[34489,16,37,[[34490,0],[34488,0],[34745,0],[34744,0],[34233,0],]]
[34490,7,37,[[34489,0],[34491,0],[34746,0],[34234,0],]]
[34491,11,37,[[34492,0],[34490,0],[34747,0],[34746,0],[34235,0],]]
[34492,9,37,[[34491,0],[34493,0],[34748,0],[34236,0],]]
[34493,1,37,[[34494,0],[34492,0],[34749,0],[34748,0],[34237,0],]]
[34494,9,37,[[34493,0],[34495,0],[34750,0],[34238,0],]]
[34495,11,37,[[34496,0],[34494,0],[34751,0],[34750,0],[34239,0],]]
[34496,18,38,[[34495,0],[34497,0],[34752,0],[34240,0],]]
[34497,7,38,[[34498,0],[34496,0],[34753,0],[34752,0],[34241,0],]]
[34498,13,38,[[34497,0],[34499,0],[34754,0],[34242,0],]]
[34499,16,38,[[34500,0],[34498,0],[34755,0],[34754,0],[34243,0],]]
[34500,5,38,[[34499,0],[34501,0],[34756,0],[34244,0],]]
[34501,18,38,[[34502,0],[34500,0],[34757,0],[34756,0],[34245,0],]]
[34502,5,38,[[34501,0],[34503,0],[34758,0],[34246,0],]]
[34503,5,38,[[34504,0],[34502,0],[34759,0],[34758,0],[34247,0],]]
[34504,13,38,[[34503,0],[34505,0],[34760,0],[34248,0],]]
[34505,13,38,[[34506,0],[34504,0],[34761,0],[34760,0],[34249,0],]]
[34506,17,38,[[34505,0],[34507,0],[34762,0],[34250,0],]]
[34507,4,38,[[34508,0],[34506,0],[34763,0],[34762,0],[34251,0],]]
[34508,16,38,[[34507,0],[34509,0],[34764,0],[34252,0],]]
[34509,8,38,[[34510,0],[34508,0],[34765,0],[34764,0],[34253,0],]]
[34510,6,38,[[34509,0],[34511,0],[34766,0],[34254,0],]]
[34511,5,38,[[34512,0],[34510,0],[34767,0],[34766,0],[34255,0],]]
[34512,17,38,[[34511,0],[34513,0],[34768,0],[34256,0],]]
[34513,17,38,[[34514,0],[34512,0],[34769,0],[34768,0],[34257,0],]]
[34514,1,38,[[34513,0],[34515,0],[34770,0],[34258,0],]]
[34515,5,38,[[34516,0],[34514,0],[34771,0],[34770,0],[34259,0],]]
[34516,19,38,[[34515,0],[34517,0],[34772,0],[34260,0],]]
[34517,17,38,[[34518,0],[34516,0],[34773,0],[34772,0],[34261,0],]]
[34518,12,38,[[34517,0],[34519,0],[34774,0],[34262,0],]]
[34519,4,38,[[34520,0],[34518,0],[34775,0],[34774,0],[34263,0],]]
[34520,17,38,[[34519,0],[34521,0],[34776,0],[34264,0],]]
[34521,17,38,[[34522,0],[34520,0],[34777,0],[34776,0],[34265,0],]]
[34522,1,38,[[34521,0],[34523,0],[34778,0],[34266,0],]]
[34523,7,38,[[34524,0],[34522,0],[34779,0],[34778,0],[34267,0],]]
[34524,5,38,[[34523,0],[34525,0],[34780,0],[34268,0],]]
[34525,2,38,[[34526,0],[34524,0],[34781,0],[34780,0],[34269,0],]]
[34526,13,38,[[34525,0],[34527,0],[34782,0],[34270,0],]]
[34527,18,38,[[34528,0],[34526,0],[34783,0],[34782,0],[34271,0],]]
[34528,9,39,[[34527,0],[34529,0],[34784,0],[34272,0],]]
[34529,5,39,[[34530,0],[34528,0],[34785,0],[34784,0],[34273,0],]]
[34530,10,39,[[34529,0],[34531,0],[34786,0],[34274,0],]]
[34531,6,39,[[34532,0],[34530,0],[34787,0],[34786,0],[34275,0],]]
[34532,16,39,[[34531,0],[34533,0],[34788,0],[34276,0],]]
[34533,10,39,[[34534,0],[34532,0],[34789,0],[34788,0],[34277,0],]]
[34534,9,39,[[34533,0],[34535,0],[34790,0],[34278,0],]]
[34535,19,39,[[34536,0],[34534,0],[34791,0],[34790,0],[34279,0],]]
[34536,9,39,[[34535,0],[34537,0],[34792,0],[34280,0],]]
[34537,1,39,[[34538,0],[34536,0],[34793,0],[34792,0],[34281,0],]]
[34538,11,39,[[34537,0],[34539,0],[34794,0],[34282,0],]]
[34539,1,39,[[34540,0],[34538,0],[34795,0],[34794,0],[34283,0],]]
[34540,9,39,[[34539,0],[34541,0],[34796,0],[34284,0],]]
[34541,2,39,[[34542,0],[34540,0],[34797,0],[34796,0],[34285,0],]]
[34542,16,39,[[34541,0],[34543,0],[34798,0],[34286,0],]]
[34543,1,39,[[34544,0],[34542,0],[34799,0],[34798,0],[34287,0],]]
[34544,9,39,[[34543,0],[34545,0],[34800,0],[34288,0],]]
[34545,18,39,[[34546,0],[34544,0],[34801,0],[34800,0],[34289,0],]]
[34546,5,39,[[34545,0],[34547,0],[34802,0],[34290,0],]]
[34547,15,39,[[34548,0],[34546,0],[34803,0],[34802,0],[34291,0],]]
[34548,18,39,[[34547,0],[34549,0],[34804,0],[34292,0],]]
[34549,5,39,[[34550,0],[34548,0],[34805,0],[34804,0],[34293,0],]]
[34550,13,39,[[34549,0],[34551,0],[34806,0],[34294,0],]]
[34551,1,39,[[34552,0],[34550,0],[34807,0],[34806,0],[34295,0],]]
[34552,13,39,[[34551,0],[34553,0],[34808,0],[34296,0],]]
[34553,5,39,[[34554,0],[34552,0],[34809,0],[34808,0],[34297,0],]]
[34554,13,39,[[34553,0],[34555,0],[34810,0],[34298,0],]]
[34555,6,39,[[34556,0],[34554,0],[34811,0],[34810,0],[34299,0],]]
[34556,7,39,[[34555,0],[34557,0],[34812,0],[34300,0],]]
[34557,19,39,[[34558,0],[34556,0],[34813,0],[34812,0],[34301,0],]]
[34558,7,39,[[34557,0],[34559,0],[34814,0],[34302,0],]]
[34559,13,39,[[34558,0],[34815,0],[34814,0],[34303,0],]]
[34560,15,32,[[34561,0],[34304,0],[34305,0],[34816,0],]]
[34561,17,32,[[34562,0],[34560,0],[34305,0],[34817,0],]]
[34562,13,32,[[34561,0],[34563,0],[34306,0],[34307,0],[34818,0],]]
[34563,16,32,[[34564,0],[34562,0],[34307,0],[34819,0],]]
[34564,3,32,[[34563,0],[34565,0],[34308,0],[34309,0],[34820,0],]]
[34565,19,32,[[34566,0],[34564,0],[34309,0],[34821,0],]]
[34566,9,32,[[34565,0],[34567,0],[34310,0],[34311,0],[34822,0],]]
[34567,3,32,[[34568,0],[34566,0],[34311,0],[34823,0],]]
[34568,19,32,[[34567,0],[34569,0],[34312,0],[34313,0],[34824,0],]]
[34569,5,32,[[34570,0],[34568,0],[34313,0],[34825,0],]]
[34570,10,32,[[34569,0],[34571,0],[34314,0],[34315,0],[34826,0],]]
[34571,8,32,[[34572,0],[34570,0],[34315,0],[34827,0],]]
[34572,3,32,[[34571,0],[34573,0],[34316,0],[34317,0],[34828,0],]]
[34573,15,32,[[34574,0],[34572,0],[34317,0],[34829,0],]]
[34574,3,32,[[34573,0],[34575,0],[34318,0],[34319,0],[34830,0],]]
[34575,15,32,[[34576,0],[34574,0],[34319,0],[34831,0],]]
[34576,19,32,[[34575,0],[34577,0],[34320,0],[34321,0],[34832,0],]]
[34577,1,32,[[34578,0],[34576,0],[34321,0],[34833,0],]]
[34578,12,32,[[34577,0],[34579,0],[34322,0],[34323,0],[34834,0],]]
[34579,13,32,[[34580,0],[34578,0],[34323,0],[34835,0],]]
[34580,4,32,[[34579,0],[34581,0],[34324,0],[34325,0],[34836,0],]]
[34581,3,32,[[34582,0],[34580,0],[34325,0],[34837,0],]]
[34582,10,32,[[34581,0],[34583,0],[34326,0],[34327,0],[34838,0],]]
[34583,18,32,[[34584,0],[34582,0],[34327,0],[34839,0],]]
[34584,8,32,[[34583,0],[34585,0],[34328,0],[34329,0],[34840,0],]]
[34585,17,32,[[34586,0],[34584,0],[34329,0],[34841,0],]]
[34586,18,32,[[34585,0],[34587,0],[34330,0],[34331,0],[34842,0],]]
[34587,6,32,[[34588,0],[34586,0],[34331,0],[34843,0],]]
[34588,16,32,[[34587,0],[34589,0],[34332,0],[34333,0],[34844,0],]]
[34589,7,32,[[34590,0],[34588,0],[34333,0],[34845,0],]]
[34590,6,32,[[34589,0],[34591,0],[34334,0],[34335,0],[34846,0],]]
[34591,6,32,[[34592,0],[34590,0],[34335,0],[34847,0],]]
[34592,3,33,[[34591,0],[34593,0],[34336,0],[34337,0],[34848,0],]]
[34593,19,33,[[34594,0],[34592,0],[34337,0],[34849,0],]]
[34594,3,33,[[34593,0],[34595,0],[34338,0],[34339,0],[34850,0],]]
[34595,15,33,[[34596,0],[34594,0],[34339,0],[34851,0],]]
[34596,10,33,[[34595,0],[34597,0],[34340,0],[34341,0],[34852,0],]]
[34597,15,33,[[34598,0],[34596,0],[34341,0],[34853,0],]]
[34598,2,33,[[34597,0],[34599,0],[34342,0],[34343,0],[34854,0],]]
[34599,19,33,[[34600,0],[34598,0],[34343,0],[34855,0],]]
[34600,15,33,[[34599,0],[34601,0],[34344,0],[34345,0],[34856,0],]]
[34601,18,33,[[34602,0],[34600,0],[34345,0],[34857,0],]]
[34602,12,33,[[34601,0],[34603,0],[34346,0],[34347,0],[34858,0],]]
[34603,16,33,[[34604,0],[34602,0],[34347,0],[34859,0],]]
[34604,16,33,[[34603,0],[34605,0],[34348,0],[34349,0],[34860,0],]]
[34605,3,33,[[34606,0],[34604,0],[34349,0],[34861,0],]]
[34606,19,33,[[34605,0],[34607,0],[34350,0],[34351,0],[34862,0],]]
[34607,10,33,[[34608,0],[34606,0],[34351,0],[34863,0],]]
[34608,3,33,[[34607,0],[34609,0],[34352,0],[34353,0],[34864,0],]]
[34609,1,33,[[34610,0],[34608,0],[34353,0],[34865,0],]]
[34610,4,33,[[34609,0],[34611,0],[34354,0],[34355,0],[34866,0],]]
[34611,17,33,[[34612,0],[34610,0],[34355,0],[34867,0],]]
[34612,2,33,[[34611,0],[34613,0],[34356,0],[34357,0],[34868,0],]]
[34613,11,33,[[34614,0],[34612,0],[34357,0],[34869,0],]]
[34614,12,33,[[34613,0],[34615,0],[34358,0],[34359,0],[34870,0],]]
[34615,2,33,[[34616,0],[34614,0],[34359,0],[34871,0],]]
[34616,8,33,[[34615,0],[34617,0],[34360,0],[34361,0],[34872,0],]]
[34617,19,33,[[34618,0],[34616,0],[34361,0],[34873,0],]]
[34618,16,33,[[34617,0],[34619,0],[34362,0],[34363,0],[34874,0],]]
[34619,1,33,[[34620,0],[34618,0],[34363,0],[34875,0],]]
[34620,15,33,[[34619,0],[34621,0],[34364,0],[34365,0],[34876,0],]]
[34621,10,33,[[34622,0],[34620,0],[34365,0],[34877,0],]]
[34622,1,33,[[34621,0],[34623,0],[34366,0],[34367,0],[34878,0],]]
[34623,12,33,[[34624,0],[34622,0],[34367,0],[34879,0],]]
[34624,7,34,[[34623,0],[34625,0],[34368,0],[34369,0],[34880,0],]]
[34625,2,34,[[34626,0],[34624,0],[34369,0],[34881,0],]]
[34626,19,34,[[34625,0],[34627,0],[34370,0],[34371,0],[34882,0],]]
[34627,3,34,[[34628,0],[34626,0],[34371,0],[34883,0],]]
[34628,6,34,[[34627,0],[34629,0],[34372,0],[34373,0],[34884,0],]]
[34629,15,34,[[34630,0],[34628,0],[34373,0],[34885,0],]]
[34630,18,34,[[34629,0],[34631,0],[34374,0],[34375,0],[34886,0],]]
[34631,6,34,[[34632,0],[34630,0],[34375,0],[34887,0],]]
[34632,19,34,[[34631,0],[34633,0],[34376,0],[34377,0],[34888,0],]]
[34633,9,34,[[34634,0],[34632,0],[34377,0],[34889,0],]]
[34634,1,34,[[34633,0],[34635,0],[34378,0],[34379,0],[34890,0],]]
[34635,8,34,[[34636,0],[34634,0],[34379,0],[34891,0],]]
[34636,19,34,[[34635,0],[34637,0],[34380,0],[34381,0],[34892,0],]]
[34637,2,34,[[34638,0],[34636,0],[34381,0],[34893,0],]]
[34638,10,34,[[34637,0],[34639,0],[34382,0],[34383,0],[34894,0],]]
[34639,7,34,[[34640,0],[34638,0],[34383,0],[34895,0],]]
[34640,6,34,[[34639,0],[34641,0],[34384,0],[34385,0],[34896,0],]]
[34641,19,34,[[34642,0],[34640,0],[34385,0],[34897,0],]]
[34642,4,34,[[34641,0],[34643,0],[34386,0],[34387,0],[34898,0],]]
[34643,5,34,[[34644,0],[34642,0],[34387,0],[34899,0],]]
[34644,17,34,[[34643,0],[34645,0],[34388,0],[34389,0],[34900,0],]]
[34645,18,34,[[34646,0],[34644,0],[34389,0],[34901,0],]]
[34646,15,34,[[34645,0],[34647,0],[34390,0],[34391,0],[34902,0],]]
[34647,17,34,[[34648,0],[34646,0],[34391,0],[34903,0],]]
[34648,9,34,[[34647,0],[34649,0],[34392,0],[34393,0],[34904,0],]]
[34649,14,34,[[34650,0],[34648,0],[34393,0],[34905,0],]]
[34650,7,34,[[34649,0],[34651,0],[34394,0],[34395,0],[34906,0],]]
[34651,13,34,[[34652,0],[34650,0],[34395,0],[34907,0],]]
[34652,15,34,[[34651,0],[34653,0],[34396,0],[34397,0],[34908,0],]]
[34653,3,34,[[34654,0],[34652,0],[34397,0],[34909,0],]]
[34654,11,34,[[34653,0],[34655,0],[34398,0],[34399,0],[34910,0],]]
[34655,1,34,[[34656,0],[34654,0],[34399,0],[34911,0],]]
[34656,10,35,[[34655,0],[34657,0],[34400,0],[34401,0],[34912,0],]]
[34657,9,35,[[34658,0],[34656,0],[34401,0],[34913,0],]]
[34658,4,35,[[34657,0],[34659,0],[34402,0],[34403,0],[34914,0],]]
[34659,16,35,[[34660,0],[34658,0],[34403,0],[34915,0],]]
[34660,18,35,[[34659,0],[34661,0],[34404,0],[34405,0],[34916,0],]]
[34661,15,35,[[34662,0],[34660,0],[34405,0],[34917,0],]]
[34662,2,35,[[34661,0],[34663,0],[34406,0],[34407,0],[34918,0],]]
[34663,18,35,[[34664,0],[34662,0],[34407,0],[34919,0],]]
[34664,7,35,[[34663,0],[34665,0],[34408,0],[34409,0],[34920,0],]]
[34665,1,35,[[34666,0],[34664,0],[34409,0],[34921,0],]]
[34666,3,35,[[34665,0],[34667,0],[34410,0],[34411,0],[34922,0],]]
[34667,15,35,[[34668,0],[34666,0],[34411,0],[34923,0],]]
[34668,6,35,[[34667,0],[34669,0],[34412,0],[34413,0],[34924,0],]]
[34669,2,35,[[34670,0],[34668,0],[34413,0],[34925,0],]]
[34670,9,35,[[34669,0],[34671,0],[34414,0],[34415,0],[34926,0],]]
[34671,11,35,[[34672,0],[34670,0],[34415,0],[34927,0],]]
[34672,17,35,[[34671,0],[34673,0],[34416,0],[34417,0],[34928,0],]]
[34673,9,35,[[34674,0],[34672,0],[34417,0],[34929,0],]]
[34674,14,35,[[34673,0],[34675,0],[34418,0],[34419,0],[34930,0],]]
[34675,13,35,[[34676,0],[34674,0],[34419,0],[34931,0],]]
[34676,12,35,[[34675,0],[34677,0],[34420,0],[34421,0],[34932,0],]]
[34677,5,35,[[34678,0],[34676,0],[34421,0],[34933,0],]]
[34678,6,35,[[34677,0],[34679,0],[34422,0],[34423,0],[34934,0],]]
[34679,2,35,[[34680,0],[34678,0],[34423,0],[34935,0],]]
[34680,15,35,[[34679,0],[34681,0],[34424,0],[34425,0],[34936,0],]]
[34681,8,35,[[34682,0],[34680,0],[34425,0],[34937,0],]]
[34682,16,35,[[34681,0],[34683,0],[34426,0],[34427,0],[34938,0],]]
[34683,19,35,[[34684,0],[34682,0],[34427,0],[34939,0],]]
[34684,15,35,[[34683,0],[34685,0],[34428,0],[34429,0],[34940,0],]]
[34685,15,35,[[34686,0],[34684,0],[34429,0],[34941,0],]]
[34686,10,35,[[34685,0],[34687,0],[34430,0],[34431,0],[34942,0],]]
[34687,11,35,[[34688,0],[34686,0],[34431,0],[34943,0],]]
[34688,5,36,[[34687,0],[34689,0],[34432,0],[34433,0],[34944,0],]]
[34689,18,36,[[34690,0],[34688,0],[34433,0],[34945,0],]]
[34690,2,36,[[34689,0],[34691,0],[34434,0],[34435,0],[34946,0],]]
[34691,7,36,[[34692,0],[34690,0],[34435,0],[34947,0],]]
[34692,3,36,[[34691,0],[34693,0],[34436,0],[34437,0],[34948,0],]]
[34693,1,36,[[34694,0],[34692,0],[34437,0],[34949,0],]]
[34694,4,36,[[34693,0],[34695,0],[34438,0],[34439,0],[34950,0],]]
[34695,5,36,[[34696,0],[34694,0],[34439,0],[34951,0],]]
[34696,1,36,[[34695,0],[34697,0],[34440,0],[34441,0],[34952,0],]]
[34697,18,36,[[34698,0],[34696,0],[34441,0],[34953,0],]]
[34698,5,36,[[34697,0],[34699,0],[34442,0],[34443,0],[34954,0],]]
[34699,3,36,[[34700,0],[34698,0],[34443,0],[34955,0],]]
[34700,12,36,[[34699,0],[34701,0],[34444,0],[34445,0],[34956,0],]]
[34701,18,36,[[34702,0],[34700,0],[34445,0],[34957,0],]]
[34702,17,36,[[34701,0],[34703,0],[34446,0],[34447,0],[34958,0],]]
[34703,17,36,[[34704,0],[34702,0],[34447,0],[34959,0],]]
[34704,13,36,[[34703,0],[34705,0],[34448,0],[34449,0],[34960,0],]]
[34705,13,36,[[34706,0],[34704,0],[34449,0],[34961,0],]]
[34706,8,36,[[34705,0],[34707,0],[34450,0],[34451,0],[34962,0],]]
[34707,9,36,[[34708,0],[34706,0],[34451,0],[34963,0],]]
[34708,14,36,[[34707,0],[34709,0],[34452,0],[34453,0],[34964,0],]]
[34709,18,36,[[34710,0],[34708,0],[34453,0],[34965,0],]]
[34710,5,36,[[34709,0],[34711,0],[34454,0],[34455,0],[34966,0],]]
[34711,5,36,[[34712,0],[34710,0],[34455,0],[34967,0],]]
[34712,1,36,[[34711,0],[34713,0],[34456,0],[34457,0],[34968,0],]]
[34713,10,36,[[34714,0],[34712,0],[34457,0],[34969,0],]]
[34714,12,36,[[34713,0],[34715,0],[34458,0],[34459,0],[34970,0],]]
[34715,13,36,[[34716,0],[34714,0],[34459,0],[34971,0],]]
[34716,8,36,[[34715,0],[34717,0],[34460,0],[34461,0],[34972,0],]]
[34717,4,36,[[34718,0],[34716,0],[34461,0],[34973,0],]]
[34718,3,36,[[34717,0],[34719,0],[34462,0],[34463,0],[34974,0],]]
[34719,9,36,[[34720,0],[34718,0],[34463,0],[34975,0],]]
[34720,2,37,[[34719,0],[34721,0],[34464,0],[34465,0],[34976,0],]]
[34721,16,37,[[34722,0],[34720,0],[34465,0],[34977,0],]]
[34722,5,37,[[34721,0],[34723,0],[34466,0],[34467,0],[34978,0],]]
[34723,14,37,[[34724,0],[34722,0],[34467,0],[34979,0],]]
[34724,6,37,[[34723,0],[34725,0],[34468,0],[34469,0],[34980,0],]]
[34725,9,37,[[34726,0],[34724,0],[34469,0],[34981,0],]]
[34726,2,37,[[34725,0],[34727,0],[34470,0],[34471,0],[34982,0],]]
[34727,16,37,[[34728,0],[34726,0],[34471,0],[34983,0],]]
[34728,19,37,[[34727,0],[34729,0],[34472,0],[34473,0],[34984,0],]]
[34729,1,37,[[34730,0],[34728,0],[34473,0],[34985,0],]]
[34730,7,37,[[34729,0],[34731,0],[34474,0],[34475,0],[34986,0],]]
[34731,9,37,[[34732,0],[34730,0],[34475,0],[34987,0],]]
[34732,8,37,[[34731,0],[34733,0],[34476,0],[34477,0],[34988,0],]]
[34733,4,37,[[34734,0],[34732,0],[34477,0],[34989,0],]]
