[36700,9,34,[[36699,0],[36701,0],[36444,0],[36445,0],[36956,0],]]
[36701,9,34,[[36702,0],[36700,0],[36445,0],[36957,0],]]
[36702,5,34,[[36701,0],[36703,0],[36446,0],[36447,0],[36958,0],]]
[36703,5,34,[[36704,0],[36702,0],[36447,0],[36959,0],]]
[36704,7,35,[[36703,0],[36705,0],[36448,0],[36449,0],[36960,0],]]
[36705,15,35,[[36706,0],[36704,0],[36449,0],[36961,0],]]
[36706,5,35,[[36705,0],[36707,0],[36450,0],[36451,0],[36962,0],]]
[36707,18,35,[[36708,0],[36706,0],[36451,0],[36963,0],]]
[36708,11,35,[[36707,0],[36709,0],[36452,0],[36453,0],[36964,0],]]
[36709,12,35,[[36710,0],[36708,0],[36453,0],[36965,0],]]
[36710,16,35,[[36709,0],[36711,0],[36454,0],[36455,0],[36966,0],]]
[36711,2,35,[[36712,0],[36710,0],[36455,0],[36967,0],]]
[36712,19,35,[[36711,0],[36713,0],[36456,0],[36457,0],[36968,0],]]
[36713,19,35,[[36714,0],[36712,0],[36457,0],[36969,0],]]
[36714,4,35,[[36713,0],[36715,0],[36458,0],[36459,0],[36970,0],]]
[36715,19,35,[[36716,0],[36714,0],[36459,0],[36971,0],]]
[36716,13,35,[[36715,0],[36717,0],[36460,0],[36461,0],[36972,0],]]
[36717,6,35,[[36718,0],[36716,0],[36461,0],[36973,0],]]
[36718,8,35,[[36717,0],[36719,0],[36462,0],[36463,0],[36974,0],]]
[36719,9,35,[[36720,0],[36718,0],[36463,0],[36975,0],]]
[36720,17,35,[[36719,0],[36721,0],[36464,0],[36465,0],[36976,0],]]
[36721,5,35,[[36722,0],[36720,0],[36465,0],[36977,0],]]
[36722,15,35,[[36721,0],[36723,0],[36466,0],[36467,0],[36978,0],]]
[36723,12,35,[[36724,0],[36722,0],[36467,0],[36979,0],]]
[36724,2,35,[[36723,0],[36725,0],[36468,0],[36469,0],[36980,0],]]
[36725,1,35,[[36726,0],[36724,0],[36469,0],[36981,0],]]
[36726,6,35,[[36725,0],[36727,0],[36470,0],[36471,0],[36982,0],]]
[36727,3,35,[[36728,0],[36726,0],[36471,0],[36983,0],]]
[36728,12,35,[[36727,0],[36729,0],[36472,0],[36473,0],[36984,0],]]
[36729,13,35,[[36730,0],[36728,0],[36473,0],[36985,0],]]
[36730,16,35,[[36729,0],[36731,0],[36474,0],[36475,0],[36986,0],]]
[36731,5,35,[[36732,0],[36730,0],[36475,0],[36987,0],]]
[36732,7,35,[[36731,0],[36733,0],[36476,0],[36477,0],[36988,0],]]
[36733,13,35,[[36734,0],[36732,0],[36477,0],[36989,0],]]
[36734,18,35,[[36733,0],[36735,0],[36478,0],[36479,0],[36990,0],]]
[36735,14,35,[[36736,0],[36734,0],[36479,0],[36991,0],]]
[36736,6,36,[[36735,0],[36737,0],[36480,0],[36481,0],[36992,0],]]
[36737,10,36,[[36738,0],[36736,0],[36481,0],[36993,0],]]
[36738,15,36,[[36737,0],[36739,0],[36482,0],[36483,0],[36994,0],]]
[36739,11,36,[[36740,0],[36738,0],[36483,0],[36995,0],]]
[36740,12,36,[[36739,0],[36741,0],[36484,0],[36485,0],[36996,0],]]
[36741,18,36,[[36742,0],[36740,0],[36485,0],[36997,0],]]
[36742,12,36,[[36741,0],[36743,0],[36486,0],[36487,0],[36998,0],]]
[36743,3,36,[[36744,0],[36742,0],[36487,0],[36999,0],]]
[36744,18,36,[[36743,0],[36745,0],[36488,0],[36489,0],[37000,0],]]
[36745,10,36,[[36746,0],[36744,0],[36489,0],[37001,0],]]
[36746,15,36,[[36745,0],[36747,0],[36490,0],[36491,0],[37002,0],]]
[36747,5,36,[[36748,0],[36746,0],[36491,0],[37003,0],]]
[36748,2,36,[[36747,0],[36749,0],[36492,0],[36493,0],[37004,0],]]
[36749,13,36,[[36750,0],[36748,0],[36493,0],[37005,0],]]
[36750,18,36,[[36749,0],[36751,0],[36494,0],[36495,0],[37006,0],]]
[36751,17,36,[[36752,0],[36750,0],[36495,0],[37007,0],]]
[36752,9,36,[[36751,0],[36753,0],[36496,0],[36497,0],[37008,0],]]
[36753,16,36,[[36754,0],[36752,0],[36497,0],[37009,0],]]
[36754,14,36,[[36753,0],[36755,0],[36498,0],[36499,0],[37010,0],]]
[36755,5,36,[[36756,0],[36754,0],[36499,0],[37011,0],]]
[36756,2,36,[[36755,0],[36757,0],[36500,0],[36501,0],[37012,0],]]
[36757,11,36,[[36758,0],[36756,0],[36501,0],[37013,0],]]
[36758,12,36,[[36757,0],[36759,0],[36502,0],[36503,0],[37014,0],]]
[36759,2,36,[[36760,0],[36758,0],[36503,0],[37015,0],]]
[36760,12,36,[[36759,0],[36761,0],[36504,0],[36505,0],[37016,0],]]
[36761,11,36,[[36762,0],[36760,0],[36505,0],[37017,0],]]
[36762,9,36,[[36761,0],[36763,0],[36506,0],[36507,0],[37018,0],]]
[36763,18,36,[[36764,0],[36762,0],[36507,0],[37019,0],]]
[36764,10,36,[[36763,0],[36765,0],[36508,0],[36509,0],[37020,0],]]
[36765,8,36,[[36766,0],[36764,0],[36509,0],[37021,0],]]
[36766,16,36,[[36765,0],[36767,0],[36510,0],[36511,0],[37022,0],]]
[36767,7,36,[[36768,0],[36766,0],[36511,0],[37023,0],]]
[36768,3,37,[[36767,0],[36769,0],[36512,0],[36513,0],[37024,0],]]
[36769,13,37,[[36770,0],[36768,0],[36513,0],[37025,0],]]
[36770,18,37,[[36769,0],[36771,0],[36514,0],[36515,0],[37026,0],]]
[36771,2,37,[[36772,0],[36770,0],[36515,0],[37027,0],]]
[36772,18,37,[[36771,0],[36773,0],[36516,0],[36517,0],[37028,0],]]
[36773,17,37,[[36774,0],[36772,0],[36517,0],[37029,0],]]
[36774,10,37,[[36773,0],[36775,0],[36518,0],[36519,0],[37030,0],]]
[36775,16,37,[[36776,0],[36774,0],[36519,0],[37031,0],]]
[36776,8,37,[[36775,0],[36777,0],[36520,0],[36521,0],[37032,0],]]
[36777,9,37,[[36778,0],[36776,0],[36521,0],[37033,0],]]
[36778,19,37,[[36777,0],[36779,0],[36522,0],[36523,0],[37034,0],]]
[36779,7,37,[[36780,0],[36778,0],[36523,0],[37035,0],]]
[36780,19,37,[[36779,0],[36781,0],[36524,0],[36525,0],[37036,0],]]
[36781,6,37,[[36782,0],[36780,0],[36525,0],[37037,0],]]
[36782,18,37,[[36781,0],[36783,0],[36526,0],[36527,0],[37038,0],]]
[36783,1,37,[[36784,0],[36782,0],[36527,0],[37039,0],]]
[36784,4,37,[[36783,0],[36785,0],[36528,0],[36529,0],[37040,0],]]
[36785,7,37,[[36786,0],[36784,0],[36529,0],[37041,0],]]
[36786,7,37,[[36785,0],[36787,0],[36530,0],[36531,0],[37042,0],]]
[36787,3,37,[[36788,0],[36786,0],[36531,0],[37043,0],]]
[36788,13,37,[[36787,0],[36789,0],[36532,0],[36533,0],[37044,0],]]
[36789,2,37,[[36790,0],[36788,0],[36533,0],[37045,0],]]
[36790,12,37,[[36789,0],[36791,0],[36534,0],[36535,0],[37046,0],]]
[36791,4,37,[[36792,0],[36790,0],[36535,0],[37047,0],]]
[36792,17,37,[[36791,0],[36793,0],[36536,0],[36537,0],[37048,0],]]
[36793,13,37,[[36794,0],[36792,0],[36537,0],[37049,0],]]
[36794,6,37,[[36793,0],[36795,0],[36538,0],[36539,0],[37050,0],]]
[36795,13,37,[[36796,0],[36794,0],[36539,0],[37051,0],]]
[36796,12,37,[[36795,0],[36797,0],[36540,0],[36541,0],[37052,0],]]
[36797,3,37,[[36798,0],[36796,0],[36541,0],[37053,0],]]
[36798,4,37,[[36797,0],[36799,0],[36542,0],[36543,0],[37054,0],]]
[36799,2,37,[[36800,0],[36798,0],[36543,0],[37055,0],]]
[36800,18,38,[[36799,0],[36801,0],[36544,0],[36545,0],[37056,0],]]
[36801,15,38,[[36802,0],[36800,0],[36545,0],[37057,0],]]
[36802,17,38,[[36801,0],[36803,0],[36546,0],[36547,0],[37058,0],]]
[36803,12,38,[[36804,0],[36802,0],[36547,0],[37059,0],]]
[36804,6,38,[[36803,0],[36805,0],[36548,0],[36549,0],[37060,0],]]
[36805,4,38,[[36806,0],[36804,0],[36549,0],[37061,0],]]
[36806,19,38,[[36805,0],[36807,0],[36550,0],[36551,0],[37062,0],]]
[36807,6,38,[[36808,0],[36806,0],[36551,0],[37063,0],]]
[36808,9,38,[[36807,0],[36809,0],[36552,0],[36553,0],[37064,0],]]
[36809,4,38,[[36810,0],[36808,0],[36553,0],[37065,0],]]
[36810,17,38,[[36809,0],[36811,0],[36554,0],[36555,0],[37066,0],]]
[36811,5,38,[[36812,0],[36810,0],[36555,0],[37067,0],]]
[36812,13,38,[[36811,0],[36813,0],[36556,0],[36557,0],[37068,0],]]
[36813,19,38,[[36814,0],[36812,0],[36557,0],[37069,0],]]
[36814,15,38,[[36813,0],[36815,0],[36558,0],[36559,0],[37070,0],]]
[36815,9,38,[[36816,0],[36814,0],[36559,0],[37071,0],]]
[36816,5,38,[[36815,0],[36817,0],[36560,0],[36561,0],[37072,0],]]
[36817,14,38,[[36818,0],[36816,0],[36561,0],[37073,0],]]
[36818,10,38,[[36817,0],[36819,0],[36562,0],[36563,0],[37074,0],]]
[36819,14,38,[[36820,0],[36818,0],[36563,0],[37075,0],]]
[36820,19,38,[[36819,0],[36821,0],[36564,0],[36565,0],[37076,0],]]
[36821,16,38,[[36822,0],[36820,0],[36565,0],[37077,0],]]
[36822,8,38,[[36821,0],[36823,0],[36566,0],[36567,0],[37078,0],]]
[36823,3,38,[[36824,0],[36822,0],[36567,0],[37079,0],]]
[36824,18,38,[[36823,0],[36825,0],[36568,0],[36569,0],[37080,0],]]
[36825,5,38,[[36826,0],[36824,0],[36569,0],[37081,0],]]
[36826,10,38,[[36825,0],[36827,0],[36570,0],[36571,0],[37082,0],]]
[36827,8,38,[[36828,0],[36826,0],[36571,0],[37083,0],]]
[36828,19,38,[[36827,0],[36829,0],[36572,0],[36573,0],[37084,0],]]
[36829,19,38,[[36830,0],[36828,0],[36573,0],[37085,0],]]
[36830,1,38,[[36829,0],[36831,0],[36574,0],[36575,0],[37086,0],]]
[36831,9,38,[[36832,0],[36830,0],[36575,0],[37087,0],]]
[36832,5,39,[[36831,0],[36833,0],[36576,0],[36577,0],[37088,0],]]
[36833,12,39,[[36834,0],[36832,0],[36577,0],[37089,0],]]
[36834,8,39,[[36833,0],[36835,0],[36578,0],[36579,0],[37090,0],]]
[36835,12,39,[[36836,0],[36834,0],[36579,0],[37091,0],]]
[36836,18,39,[[36835,0],[36837,0],[36580,0],[36581,0],[37092,0],]]
[36837,17,39,[[36838,0],[36836,0],[36581,0],[37093,0],]]
[36838,6,39,[[36837,0],[36839,0],[36582,0],[36583,0],[37094,0],]]
[36839,19,39,[[36840,0],[36838,0],[36583,0],[37095,0],]]
[36840,1,39,[[36839,0],[36841,0],[36584,0],[36585,0],[37096,0],]]
[36841,11,39,[[36842,0],[36840,0],[36585,0],[37097,0],]]
[36842,7,39,[[36841,0],[36843,0],[36586,0],[36587,0],[37098,0],]]
[36843,10,39,[[36844,0],[36842,0],[36587,0],[37099,0],]]
[36844,8,39,[[36843,0],[36845,0],[36588,0],[36589,0],[37100,0],]]
[36845,8,39,[[36846,0],[36844,0],[36589,0],[37101,0],]]
[36846,4,39,[[36845,0],[36847,0],[36590,0],[36591,0],[37102,0],]]
[36847,2,39,[[36848,0],[36846,0],[36591,0],[37103,0],]]
[36848,15,39,[[36847,0],[36849,0],[36592,0],[36593,0],[37104,0],]]
[36849,13,39,[[36850,0],[36848,0],[36593,0],[37105,0],]]
[36850,13,39,[[36849,0],[36851,0],[36594,0],[36595,0],[37106,0],]]
[36851,19,39,[[36852,0],[36850,0],[36595,0],[37107,0],]]
[36852,5,39,[[36851,0],[36853,0],[36596,0],[36597,0],[37108,0],]]
[36853,14,39,[[36854,0],[36852,0],[36597,0],[37109,0],]]
[36854,4,39,[[36853,0],[36855,0],[36598,0],[36599,0],[37110,0],]]
[36855,2,39,[[36856,0],[36854,0],[36599,0],[37111,0],]]
[36856,12,39,[[36855,0],[36857,0],[36600,0],[36601,0],[37112,0],]]
[36857,6,39,[[36858,0],[36856,0],[36601,0],[37113,0],]]
[36858,16,39,[[36857,0],[36859,0],[36602,0],[36603,0],[37114,0],]]
[36859,13,39,[[36860,0],[36858,0],[36603,0],[37115,0],]]
[36860,17,39,[[36859,0],[36861,0],[36604,0],[36605,0],[37116,0],]]
[36861,7,39,[[36862,0],[36860,0],[36605,0],[37117,0],]]
[36862,3,39,[[36861,0],[36863,0],[36606,0],[36607,0],[37118,0],]]
[36863,13,39,[[36862,0],[36607,0],[37119,0],]]
[36864,5,32,[[36865,0],[37120,0],[36608,0],]]
[36865,18,32,[[36866,0],[36864,0],[37121,0],[37120,0],[36609,0],]]
[36866,7,32,[[36865,0],[36867,0],[37122,0],[36610,0],]]
[36867,2,32,[[36868,0],[36866,0],[37123,0],[37122,0],[36611,0],]]
[36868,5,32,[[36867,0],[36869,0],[37124,0],[36612,0],]]
[36869,5,32,[[36870,0],[36868,0],[37125,0],[37124,0],[36613,0],]]
[36870,15,32,[[36869,0],[36871,0],[37126,0],[36614,0],]]
[36871,15,32,[[36872,0],[36870,0],[37127,0],[37126,0],[36615,0],]]
[36872,3,32,[[36871,0],[36873,0],[37128,0],[36616,0],]]
[36873,16,32,[[36874,0],[36872,0],[37129,0],[37128,0],[36617,0],]]
[36874,14,32,[[36873,0],[36875,0],[37130,0],[36618,0],]]
[36875,18,32,[[36876,0],[36874,0],[37131,0],[37130,0],[36619,0],]]
[36876,19,32,[[36875,0],[36877,0],[37132,0],[36620,0],]]
[36877,3,32,[[36878,0],[36876,0],[37133,0],[37132,0],[36621,0],]]
[36878,11,32,[[36877,0],[36879,0],[37134,0],[36622,0],]]
[36879,16,32,[[36880,0],[36878,0],[37135,0],[37134,0],[36623,0],]]
[36880,2,32,[[36879,0],[36881,0],[37136,0],[36624,0],]]
[36881,17,32,[[36882,0],[36880,0],[37137,0],[37136,0],[36625,0],]]
[36882,3,32,[[36881,0],[36883,0],[37138,0],[36626,0],]]
[36883,17,32,[[36884,0],[36882,0],[37139,0],[37138,0],[36627,0],]]
[36884,6,32,[[36883,0],[36885,0],[37140,0],[36628,0],]]
[36885,14,32,[[36886,0],[36884,0],[37141,0],[37140,0],[36629,0],]]
[36886,2,32,[[36885,0],[36887,0],[37142,0],[36630,0],]]
[36887,2,32,[[36888,0],[36886,0],[37143,0],[37142,0],[36631,0],]]
[36888,14,32,[[36887,0],[36889,0],[37144,0],[36632,0],]]
[36889,17,32,[[36890,0],[36888,0],[37145,0],[37144,0],[36633,0],]]
[36890,8,32,[[36889,0],[36891,0],[37146,0],[36634,0],]]
[36891,19,32,[[36892,0],[36890,0],[37147,0],[37146,0],[36635,0],]]
[36892,2,32,[[36891,0],[36893,0],[37148,0],[36636,0],]]
[36893,16,32,[[36894,0],[36892,0],[37149,0],[37148,0],[36637,0],]]
[36894,9,32,[[36893,0],[36895,0],[37150,0],[36638,0],]]
[36895,6,32,[[36896,0],[36894,0],[37151,0],[37150,0],[36639,0],]]
[36896,17,33,[[36895,0],[36897,0],[37152,0],[36640,0],]]
[36897,16,33,[[36898,0],[36896,0],[37153,0],[37152,0],[36641,0],]]
[36898,8,33,[[36897,0],[36899,0],[37154,0],[36642,0],]]
[36899,1,33,[[36900,0],[36898,0],[37155,0],[37154,0],[36643,0],]]
[36900,1,33,[[36899,0],[36901,0],[37156,0],[36644,0],]]
[36901,3,33,[[36902,0],[36900,0],[37157,0],[37156,0],[36645,0],]]
[36902,11,33,[[36901,0],[36903,0],[37158,0],[36646,0],]]
[36903,9,33,[[36904,0],[36902,0],[37159,0],[37158,0],[36647,0],]]
[36904,4,33,[[36903,0],[36905,0],[37160,0],[36648,0],]]
[36905,8,33,[[36906,0],[36904,0],[37161,0],[37160,0],[36649,0],]]
[36906,9,33,[[36905,0],[36907,0],[37162,0],[36650,0],]]
[36907,17,33,[[36908,0],[36906,0],[37163,0],[37162,0],[36651,0],]]
[36908,5,33,[[36907,0],[36909,0],[37164,0],[36652,0],]]
[36909,18,33,[[36910,0],[36908,0],[37165,0],[37164,0],[36653,0],]]
[36910,1,33,[[36909,0],[36911,0],[37166,0],[36654,0],]]
[36911,5,33,[[36912,0],[36910,0],[37167,0],[37166,0],[36655,0],]]
[36912,18,33,[[36911,0],[36913,0],[37168,0],[36656,0],]]
[36913,19,33,[[36914,0],[36912,0],[37169,0],[37168,0],[36657,0],]]
[36914,14,33,[[36913,0],[36915,0],[37170,0],[36658,0],]]
[36915,16,33,[[36916,0],[36914,0],[37171,0],[37170,0],[36659,0],]]
[36916,13,33,[[36915,0],[36917,0],[37172,0],[36660,0],]]
[36917,16,33,[[36918,0],[36916,0],[37173,0],[37172,0],[36661,0],]]
[36918,17,33,[[36917,0],[36919,0],[37174,0],[36662,0],]]
[36919,11,33,[[36920,0],[36918,0],[37175,0],[37174,0],[36663,0],]]
[36920,7,33,[[36919,0],[36921,0],[37176,0],[36664,0],]]
[36921,17,33,[[36922,0],[36920,0],[37177,0],[37176,0],[36665,0],]]
[36922,10,33,[[36921,0],[36923,0],[37178,0],[36666,0],]]
[36923,2,33,[[36924,0],[36922,0],[37179,0],[37178,0],[36667,0],]]
[36924,15,33,[[36923,0],[36925,0],[37180,0],[36668,0],]]
[36925,19,33,[[36926,0],[36924,0],[37181,0],[37180,0],[36669,0],]]
[36926,10,33,[[36925,0],[36927,0],[37182,0],[36670,0],]]
[36927,6,33,[[36928,0],[36926,0],[37183,0],[37182,0],[36671,0],]]
[36928,17,34,[[36927,0],[36929,0],[37184,0],[36672,0],]]
[36929,7,34,[[36930,0],[36928,0],[37185,0],[37184,0],[36673,0],]]
[36930,18,34,[[36929,0],[36931,0],[37186,0],[36674,0],]]
[36931,10,34,[[36932,0],[36930,0],[37187,0],[37186,0],[36675,0],]]
[36932,13,34,[[36931,0],[36933,0],[37188,0],[36676,0],]]
[36933,19,34,[[36934,0],[36932,0],[37189,0],[37188,0],[36677,0],]]
[36934,9,34,[[36933,0],[36935,0],[37190,0],[36678,0],]]
[36935,4,34,[[36936,0],[36934,0],[37191,0],[37190,0],[36679,0],]]
[36936,12,34,[[36935,0],[36937,0],[37192,0],[36680,0],]]
[36937,17,34,[[36938,0],[36936,0],[37193,0],[37192,0],[36681,0],]]
[36938,2,34,[[36937,0],[36939,0],[37194,0],[36682,0],]]
[36939,7,34,[[36940,0],[36938,0],[37195,0],[37194,0],[36683,0],]]
[36940,16,34,[[36939,0],[36941,0],[37196,0],[36684,0],]]
[36941,2,34,[[36942,0],[36940,0],[37197,0],[37196,0],[36685,0],]]
[36942,14,34,[[36941,0],[36943,0],[37198,0],[36686,0],]]
[36943,14,34,[[36944,0],[36942,0],[37199,0],[37198,0],[36687,0],]]
[36944,9,34,[[36943,0],[36945,0],[37200,0],[36688,0],]]
[36945,1,34,[[36946,0],[36944,0],[37201,0],[37200,0],[36689,0],]]
[36946,7,34,[[36945,0],[36947,0],[37202,0],[36690,0],]]
[36947,4,34,[[36948,0],[36946,0],[37203,0],[37202,0],[36691,0],]]
[36948,16,34,[[36947,0],[36949,0],[37204,0],[36692,0],]]
[36949,7,34,[[36950,0],[36948,0],[37205,0],[37204,0],[36693,0],]]
[36950,15,34,[[36949,0],[36951,0],[37206,0],[36694,0],]]
[36951,19,34,[[36952,0],[36950,0],[37207,0],[37206,0],[36695,0],]]
[36952,4,34,[[36951,0],[36953,0],[37208,0],[36696,0],]]
[36953,14,34,[[36954,0],[36952,0],[37209,0],[37208,0],[36697,0],]]
[36954,14,34,[[36953,0],[36955,0],[37210,0],[36698,0],]]
[36955,13,34,[[36956,0],[36954,0],[37211,0],[37210,0],[36699,0],]]
[36956,19,34,[[36955,0],[36957,0],[37212,0],[36700,0],]]
[36957,4,34,[[36958,0],[36956,0],[37213,0],[37212,0],[36701,0],]]
[36958,6,34,[[36957,0],[36959,0],[37214,0],[36702,0],]]
[36959,3,34,[[36960,0],[36958,0],[37215,0],[37214,0],[36703,0],]]
[36960,2,35,[[36959,0],[36961,0],[37216,0],[36704,0],]]
[36961,9,35,[[36962,0],[36960,0],[37217,0],[37216,0],[36705,0],]]
[36962,12,35,[[36961,0],[36963,0],[37218,0],[36706,0],]]
[36963,3,35,[[36964,0],[36962,0],[37219,0],[37218,0],[36707,0],]]
[36964,19,35,[[36963,0],[36965,0],[37220,0],[36708,0],]]
[36965,5,35,[[36966,0],[36964,0],[37221,0],[37220,0],[36709,0],]]
[36966,4,35,[[36965,0],[36967,0],[37222,0],[36710,0],]]
[36967,5,35,[[36968,0],[36966,0],[37223,0],[37222,0],[36711,0],]]
[36968,9,35,[[36967,0],[36969,0],[37224,0],[36712,0],]]
[36969,11,35,[[36970,0],[36968,0],[37225,0],[37224,0],[36713,0],]]
[36970,2,35,[[36969,0],[36971,0],[37226,0],[36714,0],]]
[36971,13,35,[[36972,0],[36970,0],[37227,0],[37226,0],[36715,0],]]
[36972,17,35,[[36971,0],[36973,0],[37228,0],[36716,0],]]
[36973,2,35,[[36974,0],[36972,0],[37229,0],[37228,0],[36717,0],]]
[36974,5,35,[[36973,0],[36975,0],[37230,0],[36718,0],]]
[36975,18,35,[[36976,0],[36974,0],[37231,0],[37230,0],[36719,0],]]
[36976,10,35,[[36975,0],[36977,0],[37232,0],[36720,0],]]
[36977,18,35,[[36978,0],[36976,0],[37233,0],[37232,0],[36721,0],]]
[36978,9,35,[[36977,0],[36979,0],[37234,0],[36722,0],]]
[36979,19,35,[[36980,0],[36978,0],[37235,0],[37234,0],[36723,0],]]
[36980,6,35,[[36979,0],[36981,0],[37236,0],[36724,0],]]
[36981,6,35,[[36982,0],[36980,0],[37237,0],[37236,0],[36725,0],]]
[36982,11,35,[[36981,0],[36983,0],[37238,0],[36726,0],]]
[36983,7,35,[[36984,0],[36982,0],[37239,0],[37238,0],[36727,0],]]
[36984,6,35,[[36983,0],[36985,0],[37240,0],[36728,0],]]
[36985,5,35,[[36986,0],[36984,0],[37241,0],[37240,0],[36729,0],]]
[36986,2,35,[[36985,0],[36987,0],[37242,0],[36730,0],]]
[36987,12,35,[[36988,0],[36986,0],[37243,0],[37242,0],[36731,0],]]
[36988,2,35,[[36987,0],[36989,0],[37244,0],[36732,0],]]
[36989,5,35,[[36990,0],[36988,0],[37245,0],[37244,0],[36733,0],]]
[36990,7,35,[[36989,0],[36991,0],[37246,0],[36734,0],]]
[36991,8,35,[[36992,0],[36990,0],[37247,0],[37246,0],[36735,0],]]
[36992,17,36,[[36991,0],[36993,0],[37248,0],[36736,0],]]
[36993,12,36,[[36994,0],[36992,0],[37249,0],[37248,0],[36737,0],]]
[36994,17,36,[[36993,0],[36995,0],[37250,0],[36738,0],]]
[36995,15,36,[[36996,0],[36994,0],[37251,0],[37250,0],[36739,0],]]
[36996,1,36,[[36995,0],[36997,0],[37252,0],[36740,0],]]
[36997,9,36,[[36998,0],[36996,0],[37253,0],[37252,0],[36741,0],]]
[36998,18,36,[[36997,0],[36999,0],[37254,0],[36742,0],]]
[36999,3,36,[[37000,0],[36998,0],[37255,0],[37254,0],[36743,0],]]
[37000,6,36,[[36999,0],[37001,0],[37256,0],[36744,0],]]
[37001,12,36,[[37002,0],[37000,0],[37257,0],[37256,0],[36745,0],]]
[37002,10,36,[[37001,0],[37003,0],[37258,0],[36746,0],]]
[37003,18,36,[[37004,0],[37002,0],[37259,0],[37258,0],[36747,0],]]
[37004,16,36,[[37003,0],[37005,0],[37260,0],[36748,0],]]
[37005,9,36,[[37006,0],[37004,0],[37261,0],[37260,0],[36749,0],]]
[37006,19,36,[[37005,0],[37007,0],[37262,0],[36750,0],]]
[37007,18,36,[[37008,0],[37006,0],[37263,0],[37262,0],[36751,0],]]
[37008,5,36,[[37007,0],[37009,0],[37264,0],[36752,0],]]
[37009,18,36,[[37010,0],[37008,0],[37265,0],[37264,0],[36753,0],]]
[37010,9,36,[[37009,0],[37011,0],[37266,0],[36754,0],]]
[37011,5,36,[[37012,0],[37010,0],[37267,0],[37266,0],[36755,0],]]
[37012,18,36,[[37011,0],[37013,0],[37268,0],[36756,0],]]
[37013,2,36,[[37014,0],[37012,0],[37269,0],[37268,0],[36757,0],]]
[37014,18,36,[[37013,0],[37015,0],[37270,0],[36758,0],]]
[37015,13,36,[[37016,0],[37014,0],[37271,0],[37270,0],[36759,0],]]
[37016,11,36,[[37015,0],[37017,0],[37272,0],[36760,0],]]
[37017,7,36,[[37018,0],[37016,0],[37273,0],[37272,0],[36761,0],]]
[37018,9,36,[[37017,0],[37019,0],[37274,0],[36762,0],]]
[37019,12,36,[[37020,0],[37018,0],[37275,0],[37274,0],[36763,0],]]
[37020,13,36,[[37019,0],[37021,0],[37276,0],[36764,0],]]
[37021,6,36,[[37022,0],[37020,0],[37277,0],[37276,0],[36765,0],]]
[37022,6,36,[[37021,0],[37023,0],[37278,0],[36766,0],]]
[37023,15,36,[[37024,0],[37022,0],[37279,0],[37278,0],[36767,0],]]
[37024,19,37,[[37023,0],[37025,0],[37280,0],[36768,0],]]
[37025,12,37,[[37026,0],[37024,0],[37281,0],[37280,0],[36769,0],]]
[37026,10,37,[[37025,0],[37027,0],[37282,0],[36770,0],]]
[37027,6,37,[[37028,0],[37026,0],[37283,0],[37282,0],[36771,0],]]
[37028,13,37,[[37027,0],[37029,0],[37284,0],[36772,0],]]
[37029,8,37,[[37030,0],[37028,0],[37285,0],[37284,0],[36773,0],]]
[37030,1,37,[[37029,0],[37031,0],[37286,0],[36774,0],]]
[37031,7,37,[[37032,0],[37030,0],[37287,0],[37286,0],[36775,0],]]
[37032,8,37,[[37031,0],[37033,0],[37288,0],[36776,0],]]
[37033,10,37,[[37034,0],[37032,0],[37289,0],[37288,0],[36777,0],]]
[37034,12,37,[[37033,0],[37035,0],[37290,0],[36778,0],]]
[37035,1,37,[[37036,0],[37034,0],[37291,0],[37290,0],[36779,0],]]
[37036,4,37,[[37035,0],[37037,0],[37292,0],[36780,0],]]
[37037,15,37,[[37038,0],[37036,0],[37293,0],[37292,0],[36781,0],]]
[37038,18,37,[[37037,0],[37039,0],[37294,0],[36782,0],]]
[37039,13,37,[[37040,0],[37038,0],[37295,0],[37294,0],[36783,0],]]
[37040,9,37,[[37039,0],[37041,0],[37296,0],[36784,0],]]
[37041,10,37,[[37042,0],[37040,0],[37297,0],[37296,0],[36785,0],]]
[37042,17,37,[[37041,0],[37043,0],[37298,0],[36786,0],]]
[37043,8,37,[[37044,0],[37042,0],[37299,0],[37298,0],[36787,0],]]
[37044,7,37,[[37043,0],[37045,0],[37300,0],[36788,0],]]
[37045,12,37,[[37046,0],[37044,0],[37301,0],[37300,0],[36789,0],]]
[37046,9,37,[[37045,0],[37047,0],[37302,0],[36790,0],]]
[37047,16,37,[[37048,0],[37046,0],[37303,0],[37302,0],[36791,0],]]
[37048,11,37,[[37047,0],[37049,0],[37304,0],[36792,0],]]
[37049,4,37,[[37050,0],[37048,0],[37305,0],[37304,0],[36793,0],]]
[37050,8,37,[[37049,0],[37051,0],[37306,0],[36794,0],]]
[37051,7,37,[[37052,0],[37050,0],[37307,0],[37306,0],[36795,0],]]
[37052,13,37,[[37051,0],[37053,0],[37308,0],[36796,0],]]
[37053,10,37,[[37054,0],[37052,0],[37309,0],[37308,0],[36797,0],]]
[37054,9,37,[[37053,0],[37055,0],[37310,0],[36798,0],]]
[37055,3,37,[[37056,0],[37054,0],[37311,0],[37310,0],[36799,0],]]
[37056,2,38,[[37055,0],[37057,0],[37312,0],[36800,0],]]
[37057,5,38,[[37058,0],[37056,0],[37313,0],[37312,0],[36801,0],]]
[37058,1,38,[[37057,0],[37059,0],[37314,0],[36802,0],]]
[37059,9,38,[[37060,0],[37058,0],[37315,0],[37314,0],[36803,0],]]
[37060,1,38,[[37059,0],[37061,0],[37316,0],[36804,0],]]
[37061,12,38,[[37062,0],[37060,0],[37317,0],[37316,0],[36805,0],]]
[37062,17,38,[[37061,0],[37063,0],[37318,0],[36806,0],]]
[37063,7,38,[[37064,0],[37062,0],[37319,0],[37318,0],[36807,0],]]
[37064,11,38,[[37063,0],[37065,0],[37320,0],[36808,0],]]
[37065,12,38,[[37066,0],[37064,0],[37321,0],[37320,0],[36809,0],]]
[37066,10,38,[[37065,0],[37067,0],[37322,0],[36810,0],]]
[37067,5,38,[[37068,0],[37066,0],[37323,0],[37322,0],[36811,0],]]
[37068,14,38,[[37067,0],[37069,0],[37324,0],[36812,0],]]
[37069,17,38,[[37070,0],[37068,0],[37325,0],[37324,0],[36813,0],]]
[37070,12,38,[[37069,0],[37071,0],[37326,0],[36814,0],]]
[37071,7,38,[[37072,0],[37070,0],[37327,0],[37326,0],[36815,0],]]
[37072,1,38,[[37071,0],[37073,0],[37328,0],[36816,0],]]
[37073,3,38,[[37074,0],[37072,0],[37329,0],[37328,0],[36817,0],]]
[37074,13,38,[[37073,0],[37075,0],[37330,0],[36818,0],]]
[37075,19,38,[[37076,0],[37074,0],[37331,0],[37330,0],[36819,0],]]
[37076,13,38,[[37075,0],[37077,0],[37332,0],[36820,0],]]
[37077,17,38,[[37078,0],[37076,0],[37333,0],[37332,0],[36821,0],]]
[37078,2,38,[[37077,0],[37079,0],[37334,0],[36822,0],]]
[37079,14,38,[[37080,0],[37078,0],[37335,0],[37334,0],[36823,0],]]
[37080,8,38,[[37079,0],[37081,0],[37336,0],[36824,0],]]
[37081,4,38,[[37082,0],[37080,0],[37337,0],[37336,0],[36825,0],]]
[37082,16,38,[[37081,0],[37083,0],[37338,0],[36826,0],]]
[37083,1,38,[[37084,0],[37082,0],[37339,0],[37338,0],[36827,0],]]
[37084,18,38,[[37083,0],[37085,0],[37340,0],[36828,0],]]
[37085,9,38,[[37086,0],[37084,0],[37341,0],[37340,0],[36829,0],]]
[37086,12,38,[[37085,0],[37087,0],[37342,0],[36830,0],]]
[37087,3,38,[[37088,0],[37086,0],[37343,0],[37342,0],[36831,0],]]
[37088,8,39,[[37087,0],[37089,0],[37344,0],[36832,0],]]
[37089,16,39,[[37090,0],[37088,0],[37345,0],[37344,0],[36833,0],]]
[37090,6,39,[[37089,0],[37091,0],[37346,0],[36834,0],]]
[37091,19,39,[[37092,0],[37090,0],[37347,0],[37346,0],[36835,0],]]
[37092,3,39,[[37091,0],[37093,0],[37348,0],[36836,0],]]
[37093,12,39,[[37094,0],[37092,0],[37349,0],[37348,0],[36837,0],]]
[37094,7,39,[[37093,0],[37095,0],[37350,0],[36838,0],]]
[37095,8,39,[[37096,0],[37094,0],[37351,0],[37350,0],[36839,0],]]
[37096,19,39,[[37095,0],[37097,0],[37352,0],[36840,0],]]
[37097,5,39,[[37098,0],[37096,0],[37353,0],[37352,0],[36841,0],]]
[37098,6,39,[[37097,0],[37099,0],[37354,0],[36842,0],]]
[37099,4,39,[[37100,0],[37098,0],[37355,0],[37354,0],[36843,0],]]
[37100,13,39,[[37099,0],[37101,0],[37356,0],[36844,0],]]
[37101,13,39,[[37102,0],[37100,0],[37357,0],[37356,0],[36845,0],]]
[37102,15,39,[[37101,0],[37103,0],[37358,0],[36846,0],]]
[37103,12,39,[[37104,0],[37102,0],[37359,0],[37358,0],[36847,0],]]
[37104,9,39,[[37103,0],[37105,0],[37360,0],[36848,0],]]
[37105,2,39,[[37106,0],[37104,0],[37361,0],[37360,0],[36849,0],]]
[37106,9,39,[[37105,0],[37107,0],[37362,0],[36850,0],]]
[37107,12,39,[[37108,0],[37106,0],[37363,0],[37362,0],[36851,0],]]
[37108,2,39,[[37107,0],[37109,0],[37364,0],[36852,0],]]
[37109,17,39,[[37110,0],[37108,0],[37365,0],[37364,0],[36853,0],]]
[37110,18,39,[[37109,0],[37111,0],[37366,0],[36854,0],]]
[37111,3,39,[[37112,0],[37110,0],[37367,0],[37366,0],[36855,0],]]
[37112,6,39,[[37111,0],[37113,0],[37368,0],[36856,0],]]
[37113,11,39,[[37114,0],[37112,0],[37369,0],[37368,0],[36857,0],]]
[37114,10,39,[[37113,0],[37115,0],[37370,0],[36858,0],]]
[37115,4,39,[[37116,0],[37114,0],[37371,0],[37370,0],[36859,0],]]
[37116,12,39,[[37115,0],[37117,0],[37372,0],[36860,0],]]
[37117,17,39,[[37118,0],[37116,0],[37373,0],[37372,0],[36861,0],]]
[37118,8,39,[[37117,0],[37119,0],[37374,0],[36862,0],]]
[37119,15,39,[[37118,0],[37375,0],[37374,0],[36863,0],]]
[37120,4,32,[[37121,0],[36864,0],[36865,0],[37376,0],]]
[37121,17,32,[[37122,0],[37120,0],[36865,0],[37377,0],]]
[37122,6,32,[[37121,0],[37123,0],[36866,0],[36867,0],[37378,0],]]
[37123,15,32,[[37124,0],[37122,0],[36867,0],[37379,0],]]
[37124,19,32,[[37123,0],[37125,0],[36868,0],[36869,0],[37380,0],]]
[37125,13,32,[[37126,0],[37124,0],[36869,0],[37381,0],]]
[37126,13,32,[[37125,0],[37127,0],[36870,0],[36871,0],[37382,0],]]
[37127,13,32,[[37128,0],[37126,0],[36871,0],[37383,0],]]
[37128,15,32,[[37127,0],[37129,0],[36872,0],[36873,0],[37384,0],]]
[37129,19,32,[[37130,0],[37128,0],[36873,0],[37385,0],]]
[37130,17,32,[[37129,0],[37131,0],[36874,0],[36875,0],[37386,0],]]
[37131,12,32,[[37132,0],[37130,0],[36875,0],[37387,0],]]
[37132,8,32,[[37131,0],[37133,0],[36876,0],[36877,0],[37388,0],]]
[37133,10,32,[[37134,0],[37132,0],[36877,0],[37389,0],]]
[37134,1,32,[[37133,0],[37135,0],[36878,0],[36879,0],[37390,0],]]
[37135,1,32,[[37136,0],[37134,0],[36879,0],[37391,0],]]
[37136,12,32,[[37135,0],[37137,0],[36880,0],[36881,0],[37392,0],]]
[37137,14,32,[[37138,0],[37136,0],[36881,0],[37393,0],]]
[37138,18,32,[[37137,0],[37139,0],[36882,0],[36883,0],[37394,0],]]
[37139,9,32,[[37140,0],[37138,0],[36883,0],[37395,0],]]
[37140,12,32,[[37139,0],[37141,0],[36884,0],[36885,0],[37396,0],]]
[37141,16,32,[[37142,0],[37140,0],[36885,0],[37397,0],]]
[37142,10,32,[[37141,0],[37143,0],[36886,0],[36887,0],[37398,0],]]
[37143,10,32,[[37144,0],[37142,0],[36887,0],[37399,0],]]
[37144,15,32,[[37143,0],[37145,0],[36888,0],[36889,0],[37400,0],]]
[37145,2,32,[[37146,0],[37144,0],[36889,0],[37401,0],]]
[37146,3,32,[[37145,0],[37147,0],[36890,0],[36891,0],[37402,0],]]
[37147,11,32,[[37148,0],[37146,0],[36891,0],[37403,0],]]
[37148,16,32,[[37147,0],[37149,0],[36892,0],[36893,0],[37404,0],]]
[37149,12,32,[[37150,0],[37148,0],[36893,0],[37405,0],]]
[37150,14,32,[[37149,0],[37151,0],[36894,0],[36895,0],[37406,0],]]
[37151,7,32,[[37152,0],[37150,0],[36895,0],[37407,0],]]
[37152,9,33,[[37151,0],[37153,0],[36896,0],[36897,0],[37408,0],]]
[37153,11,33,[[37154,0],[37152,0],[36897,0],[37409,0],]]
[37154,15,33,[[37153,0],[37155,0],[36898,0],[36899,0],[37410,0],]]
[37155,11,33,[[37156,0],[37154,0],[36899,0],[37411,0],]]
[37156,12,33,[[37155,0],[37157,0],[36900,0],[36901,0],[37412,0],]]
[37157,18,33,[[37158,0],[37156,0],[36901,0],[37413,0],]]
[37158,4,33,[[37157,0],[37159,0],[36902,0],[36903,0],[37414,0],]]
[37159,17,33,[[37160,0],[37158,0],[36903,0],[37415,0],]]
[37160,2,33,[[37159,0],[37161,0],[36904,0],[36905,0],[37416,0],]]
[37161,18,33,[[37162,0],[37160,0],[36905,0],[37417,0],]]
[37162,11,33,[[37161,0],[37163,0],[36906,0],[36907,0],[37418,0],]]
[37163,8,33,[[37164,0],[37162,0],[36907,0],[37419,0],]]
[37164,14,33,[[37163,0],[37165,0],[36908,0],[36909,0],[37420,0],]]
[37165,14,33,[[37166,0],[37164,0],[36909,0],[37421,0],]]
[37166,8,33,[[37165,0],[37167,0],[36910,0],[36911,0],[37422,0],]]
[37167,16,33,[[37168,0],[37166,0],[36911,0],[37423,0],]]
[37168,14,33,[[37167,0],[37169,0],[36912,0],[36913,0],[37424,0],]]
[37169,13,33,[[37170,0],[37168,0],[36913,0],[37425,0],]]
[37170,13,33,[[37169,0],[37171,0],[36914,0],[36915,0],[37426,0],]]
[37171,10,33,[[37172,0],[37170,0],[36915,0],[37427,0],]]
[37172,2,33,[[37171,0],[37173,0],[36916,0],[36917,0],[37428,0],]]
[37173,7,33,[[37174,0],[37172,0],[36917,0],[37429,0],]]
[37174,11,33,[[37173,0],[37175,0],[36918,0],[36919,0],[37430,0],]]
[37175,10,33,[[37176,0],[37174,0],[36919,0],[37431,0],]]
[37176,15,33,[[37175,0],[37177,0],[36920,0],[36921,0],[37432,0],]]
[37177,17,33,[[37178,0],[37176,0],[36921,0],[37433,0],]]
[37178,6,33,[[37177,0],[37179,0],[36922,0],[36923,0],[37434,0],]]
[37179,13,33,[[37180,0],[37178,0],[36923,0],[37435,0],]]
[37180,11,33,[[37179,0],[37181,0],[36924,0],[36925,0],[37436,0],]]
[37181,16,33,[[37182,0],[37180,0],[36925,0],[37437,0],]]
[37182,8,33,[[37181,0],[37183,0],[36926,0],[36927,0],[37438,0],]]
[37183,12,33,[[37184,0],[37182,0],[36927,0],[37439,0],]]
[37184,17,34,[[37183,0],[37185,0],[36928,0],[36929,0],[37440,0],]]
[37185,3,34,[[37186,0],[37184,0],[36929,0],[37441,0],]]
[37186,4,34,[[37185,0],[37187,0],[36930,0],[36931,0],[37442,0],]]
[37187,6,34,[[37188,0],[37186,0],[36931,0],[37443,0],]]
[37188,9,34,[[37187,0],[37189,0],[36932,0],[36933,0],[37444,0],]]
[37189,14,34,[[37190,0],[37188,0],[36933,0],[37445,0],]]
[37190,13,34,[[37189,0],[37191,0],[36934,0],[36935,0],[37446,0],]]
[37191,7,34,[[37192,0],[37190,0],[36935,0],[37447,0],]]
[37192,17,34,[[37191,0],[37193,0],[36936,0],[36937,0],[37448,0],]]
[37193,15,34,[[37194,0],[37192,0],[36937,0],[37449,0],]]
[37194,18,34,[[37193,0],[37195,0],[36938,0],[36939,0],[37450,0],]]
[37195,12,34,[[37196,0],[37194,0],[36939,0],[37451,0],]]
[37196,7,34,[[37195,0],[37197,0],[36940,0],[36941,0],[37452,0],]]
[37197,3,34,[[37198,0],[37196,0],[36941,0],[37453,0],]]
[37198,1,34,[[37197,0],[37199,0],[36942,0],[36943,0],[37454,0],]]
[37199,19,34,[[37200,0],[37198,0],[36943,0],[37455,0],]]
[37200,3,34,[[37199,0],[37201,0],[36944,0],[36945,0],[37456,0],]]
[37201,16,34,[[37202,0],[37200,0],[36945,0],[37457,0],]]
[37202,15,34,[[37201,0],[37203,0],[36946,0],[36947,0],[37458,0],]]
[37203,1,34,[[37204,0],[37202,0],[36947,0],[37459,0],]]
[37204,16,34,[[37203,0],[37205,0],[36948,0],[36949,0],[37460,0],]]
[37205,10,34,[[37206,0],[37204,0],[36949,0],[37461,0],]]
[37206,2,34,[[37205,0],[37207,0],[36950,0],[36951,0],[37462,0],]]
[37207,16,34,[[37208,0],[37206,0],[36951,0],[37463,0],]]
[37208,5,34,[[37207,0],[37209,0],[36952,0],[36953,0],[37464,0],]]
[37209,15,34,[[37210,0],[37208,0],[36953,0],[37465,0],]]
[37210,10,34,[[37209,0],[37211,0],[36954,0],[36955,0],[37466,0],]]
[37211,2,34,[[37212,0],[37210,0],[36955,0],[37467,0],]]
[37212,5,34,[[37211,0],[37213,0],[36956,0],[36957,0],[37468,0],]]
[37213,11,34,[[37214,0],[37212,0],[36957,0],[37469,0],]]
[37214,15,34,[[37213,0],[37215,0],[36958,0],[36959,0],[37470,0],]]
[37215,1,34,[[37216,0],[37214,0],[36959,0],[37471,0],]]
[37216,18,35,[[37215,0],[37217,0],[36960,0],[36961,0],[37472,0],]]
[37217,1,35,[[37218,0],[37216,0],[36961,0],[37473,0],]]
[37218,15,35,[[37217,0],[37219,0],[36962,0],[36963,0],[37474,0],]]
[37219,3,35,[[37220,0],[37218,0],[36963,0],[37475,0],]]
[37220,4,35,[[37219,0],[37221,0],[36964,0],[36965,0],[37476,0],]]
[37221,12,35,[[37222,0],[37220,0],[36965,0],[37477,0],]]
[37222,14,35,[[37221,0],[37223,0],[36966,0],[36967,0],[37478,0],]]
[37223,13,35,[[37224,0],[37222,0],[36967,0],[37479,0],]]
[37224,15,35,[[37223,0],[37225,0],[36968,0],[36969,0],[37480,0],]]
[37225,8,35,[[37226,0],[37224,0],[36969,0],[37481,0],]]
[37226,18,35,[[37225,0],[37227,0],[36970,0],[36971,0],[37482,0],]]
[37227,6,35,[[37228,0],[37226,0],[36971,0],[37483,0],]]
[37228,1,35,[[37227,0],[37229,0],[36972,0],[36973,0],[37484,0],]]
[37229,6,35,[[37230,0],[37228,0],[36973,0],[37485,0],]]
[37230,13,35,[[37229,0],[37231,0],[36974,0],[36975,0],[37486,0],]]
[37231,3,35,[[37232,0],[37230,0],[36975,0],[37487,0],]]
[37232,17,35,[[37231,0],[37233,0],[36976,0],[36977,0],[37488,0],]]
[37233,7,35,[[37234,0],[37232,0],[36977,0],[37489,0],]]
[37234,18,35,[[37233,0],[37235,0],[36978,0],[36979,0],[37490,0],]]
[37235,14,35,[[37236,0],[37234,0],[36979,0],[37491,0],]]
[37236,11,35,[[37235,0],[37237,0],[36980,0],[36981,0],[37492,0],]]
[37237,4,35,[[37238,0],[37236,0],[36981,0],[37493,0],]]
[37238,5,35,[[37237,0],[37239,0],[36982,0],[36983,0],[37494,0],]]
[37239,2,35,[[37240,0],[37238,0],[36983,0],[37495,0],]]
[37240,12,35,[[37239,0],[37241,0],[36984,0],[36985,0],[37496,0],]]
[37241,13,35,[[37242,0],[37240,0],[36985,0],[37497,0],]]
[37242,5,35,[[37241,0],[37243,0],[36986,0],[36987,0],[37498,0],]]
[37243,12,35,[[37244,0],[37242,0],[36987,0],[37499,0],]]
[37244,11,35,[[37243,0],[37245,0],[36988,0],[36989,0],[37500,0],]]
[37245,14,35,[[37246,0],[37244,0],[36989,0],[37501,0],]]
[37246,13,35,[[37245,0],[37247,0],[36990,0],[36991,0],[37502,0],]]
[37247,14,35,[[37248,0],[37246,0],[36991,0],[37503,0],]]
[37248,8,36,[[37247,0],[37249,0],[36992,0],[36993,0],[37504,0],]]
[37249,8,36,[[37250,0],[37248,0],[36993,0],[37505,0],]]
[37250,12,36,[[37249,0],[37251,0],[36994,0],[36995,0],[37506,0],]]
[37251,19,36,[[37252,0],[37250,0],[36995,0],[37507,0],]]
[37252,18,36,[[37251,0],[37253,0],[36996,0],[36997,0],[37508,0],]]
[37253,19,36,[[37254,0],[37252,0],[36997,0],[37509,0],]]
[37254,17,36,[[37253,0],[37255,0],[36998,0],[36999,0],[37510,0],]]
[37255,13,36,[[37256,0],[37254,0],[36999,0],[37511,0],]]
[37256,17,36,[[37255,0],[37257,0],[37000,0],[37001,0],[37512,0],]]
[37257,7,36,[[37258,0],[37256,0],[37001,0],[37513,0],]]
[37258,18,36,[[37257,0],[37259,0],[37002,0],[37003,0],[37514,0],]]
[37259,17,36,[[37260,0],[37258,0],[37003,0],[37515,0],]]
[37260,15,36,[[37259,0],[37261,0],[37004,0],[37005,0],[37516,0],]]
[37261,19,36,[[37262,0],[37260,0],[37005,0],[37517,0],]]
[37262,12,36,[[37261,0],[37263,0],[37006,0],[37007,0],[37518,0],]]
[37263,11,36,[[37264,0],[37262,0],[37007,0],[37519,0],]]
[37264,16,36,[[37263,0],[37265,0],[37008,0],[37009,0],[37520,0],]]
[37265,10,36,[[37266,0],[37264,0],[37009,0],[37521,0],]]
[37266,9,36,[[37265,0],[37267,0],[37010,0],[37011,0],[37522,0],]]
[37267,4,36,[[37268,0],[37266,0],[37011,0],[37523,0],]]
[37268,5,36,[[37267,0],[37269,0],[37012,0],[37013,0],[37524,0],]]
[37269,8,36,[[37270,0],[37268,0],[37013,0],[37525,0],]]
[37270,3,36,[[37269,0],[37271,0],[37014,0],[37015,0],[37526,0],]]
[37271,1,36,[[37272,0],[37270,0],[37015,0],[37527,0],]]
[37272,8,36,[[37271,0],[37273,0],[37016,0],[37017,0],[37528,0],]]
[37273,19,36,[[37274,0],[37272,0],[37017,0],[37529,0],]]
[37274,3,36,[[37273,0],[37275,0],[37018,0],[37019,0],[37530,0],]]
[37275,12,36,[[37276,0],[37274,0],[37019,0],[37531,0],]]
[37276,19,36,[[37275,0],[37277,0],[37020,0],[37021,0],[37532,0],]]
[37277,15,36,[[37278,0],[37276,0],[37021,0],[37533,0],]]
[37278,2,36,[[37277,0],[37279,0],[37022,0],[37023,0],[37534,0],]]
[37279,16,36,[[37280,0],[37278,0],[37023,0],[37535,0],]]
[37280,14,37,[[37279,0],[37281,0],[37024,0],[37025,0],[37536,0],]]
[37281,6,37,[[37282,0],[37280,0],[37025,0],[37537,0],]]
[37282,8,37,[[37281,0],[37283,0],[37026,0],[37027,0],[37538,0],]]
[37283,10,37,[[37284,0],[37282,0],[37027,0],[37539,0],]]
[37284,19,37,[[37283,0],[37285,0],[37028,0],[37029,0],[37540,0],]]
[37285,10,37,[[37286,0],[37284,0],[37029,0],[37541,0],]]
[37286,11,37,[[37285,0],[37287,0],[37030,0],[37031,0],[37542,0],]]
[37287,4,37,[[37288,0],[37286,0],[37031,0],[37543,0],]]
[37288,18,37,[[37287,0],[37289,0],[37032,0],[37033,0],[37544,0],]]
[37289,18,37,[[37290,0],[37288,0],[37033,0],[37545,0],]]
[37290,5,37,[[37289,0],[37291,0],[37034,0],[37035,0],[37546,0],]]
[37291,19,37,[[37292,0],[37290,0],[37035,0],[37547,0],]]
[37292,13,37,[[37291,0],[37293,0],[37036,0],[37037,0],[37548,0],]]
[37293,17,37,[[37294,0],[37292,0],[37037,0],[37549,0],]]
[37294,1,37,[[37293,0],[37295,0],[37038,0],[37039,0],[37550,0],]]
[37295,11,37,[[37296,0],[37294,0],[37039,0],[37551,0],]]
[37296,19,37,[[37295,0],[37297,0],[37040,0],[37041,0],[37552,0],]]
[37297,11,37,[[37298,0],[37296,0],[37041,0],[37553,0],]]
[37298,13,37,[[37297,0],[37299,0],[37042,0],[37043,0],[37554,0],]]
[37299,17,37,[[37300,0],[37298,0],[37043,0],[37555,0],]]
[37300,11,37,[[37299,0],[37301,0],[37044,0],[37045,0],[37556,0],]]
[37301,7,37,[[37302,0],[37300,0],[37045,0],[37557,0],]]
[37302,10,37,[[37301,0],[37303,0],[37046,0],[37047,0],[37558,0],]]
[37303,8,37,[[37304,0],[37302,0],[37047,0],[37559,0],]]
[37304,7,37,[[37303,0],[37305,0],[37048,0],[37049,0],[37560,0],]]
[37305,4,37,[[37306,0],[37304,0],[37049,0],[37561,0],]]
[37306,19,37,[[37305,0],[37307,0],[37050,0],[37051,0],[37562,0],]]
[37307,3,37,[[37308,0],[37306,0],[37051,0],[37563,0],]]
[37308,18,37,[[37307,0],[37309,0],[37052,0],[37053,0],[37564,0],]]
[37309,12,37,[[37310,0],[37308,0],[37053,0],[37565,0],]]
[37310,14,37,[[37309,0],[37311,0],[37054,0],[37055,0],[37566,0],]]
[37311,10,37,[[37312,0],[37310,0],[37055,0],[37567,0],]]
[37312,16,38,[[37311,0],[37313,0],[37056,0],[37057,0],[37568,0],]]
[37313,14,38,[[37314,0],[37312,0],[37057,0],[37569,0],]]
[37314,2,38,[[37313,0],[37315,0],[37058,0],[37059,0],[37570,0],]]
[37315,13,38,[[37316,0],[37314,0],[37059,0],[37571,0],]]
[37316,15,38,[[37315,0],[37317,0],[37060,0],[37061,0],[37572,0],]]
[37317,1,38,[[37318,0],[37316,0],[37061,0],[37573,0],]]
[37318,11,38,[[37317,0],[37319,0],[37062,0],[37063,0],[37574,0],]]
[37319,14,38,[[37320,0],[37318,0],[37063,0],[37575,0],]]
[37320,10,38,[[37319,0],[37321,0],[37064,0],[37065,0],[37576,0],]]
[37321,3,38,[[37322,0],[37320,0],[37065,0],[37577,0],]]
[37322,19,38,[[37321,0],[37323,0],[37066,0],[37067,0],[37578,0],]]
[37323,3,38,[[37324,0],[37322,0],[37067,0],[37579,0],]]
[37324,10,38,[[37323,0],[37325,0],[37068,0],[37069,0],[37580,0],]]
[37325,14,38,[[37326,0],[37324,0],[37069,0],[37581,0],]]
[37326,10,38,[[37325,0],[37327,0],[37070,0],[37071,0],[37582,0],]]
[37327,10,38,[[37328,0],[37326,0],[37071,0],[37583,0],]]
[37328,15,38,[[37327,0],[37329,0],[37072,0],[37073,0],[37584,0],]]
[37329,5,38,[[37330,0],[37328,0],[37073,0],[37585,0],]]
[37330,15,38,[[37329,0],[37331,0],[37074,0],[37075,0],[37586,0],]]
[37331,9,38,[[37332,0],[37330,0],[37075,0],[37587,0],]]
[37332,18,38,[[37331,0],[37333,0],[37076,0],[37077,0],[37588,0],]]
[37333,11,38,[[37334,0],[37332,0],[37077,0],[37589,0],]]
[37334,10,38,[[37333,0],[37335,0],[37078,0],[37079,0],[37590,0],]]
[37335,12,38,[[37336,0],[37334,0],[37079,0],[37591,0],]]
[37336,9,38,[[37335,0],[37337,0],[37080,0],[37081,0],[37592,0],]]
[37337,7,38,[[37338,0],[37336,0],[37081,0],[37593,0],]]
[37338,10,38,[[37337,0],[37339,0],[37082,0],[37083,0],[37594,0],]]
[37339,16,38,[[37340,0],[37338,0],[37083,0],[37595,0],]]
[37340,12,38,[[37339,0],[37341,0],[37084,0],[37085,0],[37596,0],]]
[37341,18,38,[[37342,0],[37340,0],[37085,0],[37597,0],]]
[37342,2,38,[[37341,0],[37343,0],[37086,0],[37087,0],[37598,0],]]
[37343,12,38,[[37344,0],[37342,0],[37087,0],[37599,0],]]
[37344,13,39,[[37343,0],[37345,0],[37088,0],[37089,0],[37600,0],]]
[37345,18,39,[[37346,0],[37344,0],[37089,0],[37601,0],]]
[37346,14,39,[[37345,0],[37347,0],[37090,0],[37091,0],[37602,0],]]
[37347,16,39,[[37348,0],[37346,0],[37091,0],[37603,0],]]
[37348,3,39,[[37347,0],[37349,0],[37092,0],[37093,0],[37604,0],]]
[37349,1,39,[[37350,0],[37348,0],[37093,0],[37605,0],]]
[37350,3,39,[[37349,0],[37351,0],[37094,0],[37095,0],[37606,0],]]
[37351,6,39,[[37352,0],[37350,0],[37095,0],[37607,0],]]
[37352,16,39,[[37351,0],[37353,0],[37096,0],[37097,0],[37608,0],]]
[37353,2,39,[[37354,0],[37352,0],[37097,0],[37609,0],]]
[37354,7,39,[[37353,0],[37355,0],[37098,0],[37099,0],[37610,0],]]
