[35389,14,33,[[35390,0],[35388,0],[35645,0],[35644,0],[35133,0],]]
[35390,2,33,[[35389,0],[35391,0],[35646,0],[35134,0],]]
[35391,11,33,[[35392,0],[35390,0],[35647,0],[35646,0],[35135,0],]]
[35392,15,34,[[35391,0],[35393,0],[35648,0],[35136,0],]]
[35393,16,34,[[35394,0],[35392,0],[35649,0],[35648,0],[35137,0],]]
[35394,11,34,[[35393,0],[35395,0],[35650,0],[35138,0],]]
[35395,18,34,[[35396,0],[35394,0],[35651,0],[35650,0],[35139,0],]]
[35396,5,34,[[35395,0],[35397,0],[35652,0],[35140,0],]]
[35397,12,34,[[35398,0],[35396,0],[35653,0],[35652,0],[35141,0],]]
[35398,2,34,[[35397,0],[35399,0],[35654,0],[35142,0],]]
[35399,19,34,[[35400,0],[35398,0],[35655,0],[35654,0],[35143,0],]]
[35400,1,34,[[35399,0],[35401,0],[35656,0],[35144,0],]]
[35401,17,34,[[35402,0],[35400,0],[35657,0],[35656,0],[35145,0],]]
[35402,18,34,[[35401,0],[35403,0],[35658,0],[35146,0],]]
[35403,12,34,[[35404,0],[35402,0],[35659,0],[35658,0],[35147,0],]]
[35404,16,34,[[35403,0],[35405,0],[35660,0],[35148,0],]]
[35405,14,34,[[35406,0],[35404,0],[35661,0],[35660,0],[35149,0],]]
[35406,12,34,[[35405,0],[35407,0],[35662,0],[35150,0],]]
[35407,19,34,[[35408,0],[35406,0],[35663,0],[35662,0],[35151,0],]]
[35408,4,34,[[35407,0],[35409,0],[35664,0],[35152,0],]]
[35409,15,34,[[35410,0],[35408,0],[35665,0],[35664,0],[35153,0],]]
[35410,6,34,[[35409,0],[35411,0],[35666,0],[35154,0],]]
[35411,4,34,[[35412,0],[35410,0],[35667,0],[35666,0],[35155,0],]]
[35412,15,34,[[35411,0],[35413,0],[35668,0],[35156,0],]]
[35413,3,34,[[35414,0],[35412,0],[35669,0],[35668,0],[35157,0],]]
[35414,8,34,[[35413,0],[35415,0],[35670,0],[35158,0],]]
[35415,15,34,[[35416,0],[35414,0],[35671,0],[35670,0],[35159,0],]]
[35416,17,34,[[35415,0],[35417,0],[35672,0],[35160,0],]]
[35417,11,34,[[35418,0],[35416,0],[35673,0],[35672,0],[35161,0],]]
[35418,8,34,[[35417,0],[35419,0],[35674,0],[35162,0],]]
[35419,9,34,[[35420,0],[35418,0],[35675,0],[35674,0],[35163,0],]]
[35420,17,34,[[35419,0],[35421,0],[35676,0],[35164,0],]]
[35421,15,34,[[35422,0],[35420,0],[35677,0],[35676,0],[35165,0],]]
[35422,2,34,[[35421,0],[35423,0],[35678,0],[35166,0],]]
[35423,7,34,[[35424,0],[35422,0],[35679,0],[35678,0],[35167,0],]]
[35424,18,35,[[35423,0],[35425,0],[35680,0],[35168,0],]]
[35425,1,35,[[35426,0],[35424,0],[35681,0],[35680,0],[35169,0],]]
[35426,9,35,[[35425,0],[35427,0],[35682,0],[35170,0],]]
[35427,6,35,[[35428,0],[35426,0],[35683,0],[35682,0],[35171,0],]]
[35428,13,35,[[35427,0],[35429,0],[35684,0],[35172,0],]]
[35429,10,35,[[35430,0],[35428,0],[35685,0],[35684,0],[35173,0],]]
[35430,1,35,[[35429,0],[35431,0],[35686,0],[35174,0],]]
[35431,4,35,[[35432,0],[35430,0],[35687,0],[35686,0],[35175,0],]]
[35432,5,35,[[35431,0],[35433,0],[35688,0],[35176,0],]]
[35433,13,35,[[35434,0],[35432,0],[35689,0],[35688,0],[35177,0],]]
[35434,11,35,[[35433,0],[35435,0],[35690,0],[35178,0],]]
[35435,13,35,[[35436,0],[35434,0],[35691,0],[35690,0],[35179,0],]]
[35436,17,35,[[35435,0],[35437,0],[35692,0],[35180,0],]]
[35437,5,35,[[35438,0],[35436,0],[35693,0],[35692,0],[35181,0],]]
[35438,19,35,[[35437,0],[35439,0],[35694,0],[35182,0],]]
[35439,18,35,[[35440,0],[35438,0],[35695,0],[35694,0],[35183,0],]]
[35440,12,35,[[35439,0],[35441,0],[35696,0],[35184,0],]]
[35441,8,35,[[35442,0],[35440,0],[35697,0],[35696,0],[35185,0],]]
[35442,16,35,[[35441,0],[35443,0],[35698,0],[35186,0],]]
[35443,9,35,[[35444,0],[35442,0],[35699,0],[35698,0],[35187,0],]]
[35444,5,35,[[35443,0],[35445,0],[35700,0],[35188,0],]]
[35445,14,35,[[35446,0],[35444,0],[35701,0],[35700,0],[35189,0],]]
[35446,14,35,[[35445,0],[35447,0],[35702,0],[35190,0],]]
[35447,19,35,[[35448,0],[35446,0],[35703,0],[35702,0],[35191,0],]]
[35448,9,35,[[35447,0],[35449,0],[35704,0],[35192,0],]]
[35449,15,35,[[35450,0],[35448,0],[35705,0],[35704,0],[35193,0],]]
[35450,17,35,[[35449,0],[35451,0],[35706,0],[35194,0],]]
[35451,3,35,[[35452,0],[35450,0],[35707,0],[35706,0],[35195,0],]]
[35452,3,35,[[35451,0],[35453,0],[35708,0],[35196,0],]]
[35453,8,35,[[35454,0],[35452,0],[35709,0],[35708,0],[35197,0],]]
[35454,6,35,[[35453,0],[35455,0],[35710,0],[35198,0],]]
[35455,4,35,[[35456,0],[35454,0],[35711,0],[35710,0],[35199,0],]]
[35456,2,36,[[35455,0],[35457,0],[35712,0],[35200,0],]]
[35457,17,36,[[35458,0],[35456,0],[35713,0],[35712,0],[35201,0],]]
[35458,10,36,[[35457,0],[35459,0],[35714,0],[35202,0],]]
[35459,14,36,[[35460,0],[35458,0],[35715,0],[35714,0],[35203,0],]]
[35460,7,36,[[35459,0],[35461,0],[35716,0],[35204,0],]]
[35461,3,36,[[35462,0],[35460,0],[35717,0],[35716,0],[35205,0],]]
[35462,18,36,[[35461,0],[35463,0],[35718,0],[35206,0],]]
[35463,12,36,[[35464,0],[35462,0],[35719,0],[35718,0],[35207,0],]]
[35464,3,36,[[35463,0],[35465,0],[35720,0],[35208,0],]]
[35465,10,36,[[35466,0],[35464,0],[35721,0],[35720,0],[35209,0],]]
[35466,14,36,[[35465,0],[35467,0],[35722,0],[35210,0],]]
[35467,6,36,[[35468,0],[35466,0],[35723,0],[35722,0],[35211,0],]]
[35468,1,36,[[35467,0],[35469,0],[35724,0],[35212,0],]]
[35469,2,36,[[35470,0],[35468,0],[35725,0],[35724,0],[35213,0],]]
[35470,12,36,[[35469,0],[35471,0],[35726,0],[35214,0],]]
[35471,18,36,[[35472,0],[35470,0],[35727,0],[35726,0],[35215,0],]]
[35472,1,36,[[35471,0],[35473,0],[35728,0],[35216,0],]]
[35473,19,36,[[35474,0],[35472,0],[35729,0],[35728,0],[35217,0],]]
[35474,7,36,[[35473,0],[35475,0],[35730,0],[35218,0],]]
[35475,19,36,[[35476,0],[35474,0],[35731,0],[35730,0],[35219,0],]]
[35476,7,36,[[35475,0],[35477,0],[35732,0],[35220,0],]]
[35477,15,36,[[35478,0],[35476,0],[35733,0],[35732,0],[35221,0],]]
[35478,19,36,[[35477,0],[35479,0],[35734,0],[35222,0],]]
[35479,11,36,[[35480,0],[35478,0],[35735,0],[35734,0],[35223,0],]]
[35480,12,36,[[35479,0],[35481,0],[35736,0],[35224,0],]]
[35481,9,36,[[35482,0],[35480,0],[35737,0],[35736,0],[35225,0],]]
[35482,10,36,[[35481,0],[35483,0],[35738,0],[35226,0],]]
[35483,13,36,[[35484,0],[35482,0],[35739,0],[35738,0],[35227,0],]]
[35484,6,36,[[35483,0],[35485,0],[35740,0],[35228,0],]]
[35485,8,36,[[35486,0],[35484,0],[35741,0],[35740,0],[35229,0],]]
[35486,10,36,[[35485,0],[35487,0],[35742,0],[35230,0],]]
[35487,15,36,[[35488,0],[35486,0],[35743,0],[35742,0],[35231,0],]]
[35488,19,37,[[35487,0],[35489,0],[35744,0],[35232,0],]]
[35489,13,37,[[35490,0],[35488,0],[35745,0],[35744,0],[35233,0],]]
[35490,8,37,[[35489,0],[35491,0],[35746,0],[35234,0],]]
[35491,11,37,[[35492,0],[35490,0],[35747,0],[35746,0],[35235,0],]]
[35492,15,37,[[35491,0],[35493,0],[35748,0],[35236,0],]]
[35493,18,37,[[35494,0],[35492,0],[35749,0],[35748,0],[35237,0],]]
[35494,9,37,[[35493,0],[35495,0],[35750,0],[35238,0],]]
[35495,16,37,[[35496,0],[35494,0],[35751,0],[35750,0],[35239,0],]]
[35496,18,37,[[35495,0],[35497,0],[35752,0],[35240,0],]]
[35497,3,37,[[35498,0],[35496,0],[35753,0],[35752,0],[35241,0],]]
[35498,16,37,[[35497,0],[35499,0],[35754,0],[35242,0],]]
[35499,17,37,[[35500,0],[35498,0],[35755,0],[35754,0],[35243,0],]]
[35500,11,37,[[35499,0],[35501,0],[35756,0],[35244,0],]]
[35501,18,37,[[35502,0],[35500,0],[35757,0],[35756,0],[35245,0],]]
[35502,9,37,[[35501,0],[35503,0],[35758,0],[35246,0],]]
[35503,14,37,[[35504,0],[35502,0],[35759,0],[35758,0],[35247,0],]]
[35504,6,37,[[35503,0],[35505,0],[35760,0],[35248,0],]]
[35505,15,37,[[35506,0],[35504,0],[35761,0],[35760,0],[35249,0],]]
[35506,15,37,[[35505,0],[35507,0],[35762,0],[35250,0],]]
[35507,9,37,[[35508,0],[35506,0],[35763,0],[35762,0],[35251,0],]]
[35508,19,37,[[35507,0],[35509,0],[35764,0],[35252,0],]]
[35509,19,37,[[35510,0],[35508,0],[35765,0],[35764,0],[35253,0],]]
[35510,5,37,[[35509,0],[35511,0],[35766,0],[35254,0],]]
[35511,3,37,[[35512,0],[35510,0],[35767,0],[35766,0],[35255,0],]]
[35512,17,37,[[35511,0],[35513,0],[35768,0],[35256,0],]]
[35513,3,37,[[35514,0],[35512,0],[35769,0],[35768,0],[35257,0],]]
[35514,17,37,[[35513,0],[35515,0],[35770,0],[35258,0],]]
[35515,4,37,[[35516,0],[35514,0],[35771,0],[35770,0],[35259,0],]]
[35516,15,37,[[35515,0],[35517,0],[35772,0],[35260,0],]]
[35517,7,37,[[35518,0],[35516,0],[35773,0],[35772,0],[35261,0],]]
[35518,6,37,[[35517,0],[35519,0],[35774,0],[35262,0],]]
[35519,2,37,[[35520,0],[35518,0],[35775,0],[35774,0],[35263,0],]]
[35520,9,38,[[35519,0],[35521,0],[35776,0],[35264,0],]]
[35521,1,38,[[35522,0],[35520,0],[35777,0],[35776,0],[35265,0],]]
[35522,14,38,[[35521,0],[35523,0],[35778,0],[35266,0],]]
[35523,18,38,[[35524,0],[35522,0],[35779,0],[35778,0],[35267,0],]]
[35524,9,38,[[35523,0],[35525,0],[35780,0],[35268,0],]]
[35525,15,38,[[35526,0],[35524,0],[35781,0],[35780,0],[35269,0],]]
[35526,11,38,[[35525,0],[35527,0],[35782,0],[35270,0],]]
[35527,14,38,[[35528,0],[35526,0],[35783,0],[35782,0],[35271,0],]]
[35528,15,38,[[35527,0],[35529,0],[35784,0],[35272,0],]]
[35529,2,38,[[35530,0],[35528,0],[35785,0],[35784,0],[35273,0],]]
[35530,14,38,[[35529,0],[35531,0],[35786,0],[35274,0],]]
[35531,5,38,[[35532,0],[35530,0],[35787,0],[35786,0],[35275,0],]]
[35532,13,38,[[35531,0],[35533,0],[35788,0],[35276,0],]]
[35533,1,38,[[35534,0],[35532,0],[35789,0],[35788,0],[35277,0],]]
[35534,5,38,[[35533,0],[35535,0],[35790,0],[35278,0],]]
[35535,18,38,[[35536,0],[35534,0],[35791,0],[35790,0],[35279,0],]]
[35536,12,38,[[35535,0],[35537,0],[35792,0],[35280,0],]]
[35537,11,38,[[35538,0],[35536,0],[35793,0],[35792,0],[35281,0],]]
[35538,12,38,[[35537,0],[35539,0],[35794,0],[35282,0],]]
[35539,1,38,[[35540,0],[35538,0],[35795,0],[35794,0],[35283,0],]]
[35540,14,38,[[35539,0],[35541,0],[35796,0],[35284,0],]]
[35541,16,38,[[35542,0],[35540,0],[35797,0],[35796,0],[35285,0],]]
[35542,3,38,[[35541,0],[35543,0],[35798,0],[35286,0],]]
[35543,16,38,[[35544,0],[35542,0],[35799,0],[35798,0],[35287,0],]]
[35544,15,38,[[35543,0],[35545,0],[35800,0],[35288,0],]]
[35545,7,38,[[35546,0],[35544,0],[35801,0],[35800,0],[35289,0],]]
[35546,12,38,[[35545,0],[35547,0],[35802,0],[35290,0],]]
[35547,10,38,[[35548,0],[35546,0],[35803,0],[35802,0],[35291,0],]]
[35548,10,38,[[35547,0],[35549,0],[35804,0],[35292,0],]]
[35549,19,38,[[35550,0],[35548,0],[35805,0],[35804,0],[35293,0],]]
[35550,11,38,[[35549,0],[35551,0],[35806,0],[35294,0],]]
[35551,19,38,[[35552,0],[35550,0],[35807,0],[35806,0],[35295,0],]]
[35552,15,39,[[35551,0],[35553,0],[35808,0],[35296,0],]]
[35553,2,39,[[35554,0],[35552,0],[35809,0],[35808,0],[35297,0],]]
[35554,11,39,[[35553,0],[35555,0],[35810,0],[35298,0],]]
[35555,16,39,[[35556,0],[35554,0],[35811,0],[35810,0],[35299,0],]]
[35556,13,39,[[35555,0],[35557,0],[35812,0],[35300,0],]]
[35557,6,39,[[35558,0],[35556,0],[35813,0],[35812,0],[35301,0],]]
[35558,5,39,[[35557,0],[35559,0],[35814,0],[35302,0],]]
[35559,4,39,[[35560,0],[35558,0],[35815,0],[35814,0],[35303,0],]]
[35560,10,39,[[35559,0],[35561,0],[35816,0],[35304,0],]]
[35561,9,39,[[35562,0],[35560,0],[35817,0],[35816,0],[35305,0],]]
[35562,19,39,[[35561,0],[35563,0],[35818,0],[35306,0],]]
[35563,4,39,[[35564,0],[35562,0],[35819,0],[35818,0],[35307,0],]]
[35564,19,39,[[35563,0],[35565,0],[35820,0],[35308,0],]]
[35565,6,39,[[35566,0],[35564,0],[35821,0],[35820,0],[35309,0],]]
[35566,13,39,[[35565,0],[35567,0],[35822,0],[35310,0],]]
[35567,13,39,[[35568,0],[35566,0],[35823,0],[35822,0],[35311,0],]]
[35568,5,39,[[35567,0],[35569,0],[35824,0],[35312,0],]]
[35569,11,39,[[35570,0],[35568,0],[35825,0],[35824,0],[35313,0],]]
[35570,7,39,[[35569,0],[35571,0],[35826,0],[35314,0],]]
[35571,9,39,[[35572,0],[35570,0],[35827,0],[35826,0],[35315,0],]]
[35572,15,39,[[35571,0],[35573,0],[35828,0],[35316,0],]]
[35573,5,39,[[35574,0],[35572,0],[35829,0],[35828,0],[35317,0],]]
[35574,4,39,[[35573,0],[35575,0],[35830,0],[35318,0],]]
[35575,4,39,[[35576,0],[35574,0],[35831,0],[35830,0],[35319,0],]]
[35576,17,39,[[35575,0],[35577,0],[35832,0],[35320,0],]]
[35577,18,39,[[35578,0],[35576,0],[35833,0],[35832,0],[35321,0],]]
[35578,1,39,[[35577,0],[35579,0],[35834,0],[35322,0],]]
[35579,11,39,[[35580,0],[35578,0],[35835,0],[35834,0],[35323,0],]]
[35580,19,39,[[35579,0],[35581,0],[35836,0],[35324,0],]]
[35581,14,39,[[35582,0],[35580,0],[35837,0],[35836,0],[35325,0],]]
[35582,12,39,[[35581,0],[35583,0],[35838,0],[35326,0],]]
[35583,2,39,[[35582,0],[35839,0],[35838,0],[35327,0],]]
[35584,15,32,[[35585,0],[35328,0],[35329,0],[35840,0],]]
[35585,8,32,[[35586,0],[35584,0],[35329,0],[35841,0],]]
[35586,19,32,[[35585,0],[35587,0],[35330,0],[35331,0],[35842,0],]]
[35587,8,32,[[35588,0],[35586,0],[35331,0],[35843,0],]]
[35588,16,32,[[35587,0],[35589,0],[35332,0],[35333,0],[35844,0],]]
[35589,13,32,[[35590,0],[35588,0],[35333,0],[35845,0],]]
[35590,11,32,[[35589,0],[35591,0],[35334,0],[35335,0],[35846,0],]]
[35591,7,32,[[35592,0],[35590,0],[35335,0],[35847,0],]]
[35592,6,32,[[35591,0],[35593,0],[35336,0],[35337,0],[35848,0],]]
[35593,15,32,[[35594,0],[35592,0],[35337,0],[35849,0],]]
[35594,1,32,[[35593,0],[35595,0],[35338,0],[35339,0],[35850,0],]]
[35595,13,32,[[35596,0],[35594,0],[35339,0],[35851,0],]]
[35596,5,32,[[35595,0],[35597,0],[35340,0],[35341,0],[35852,0],]]
[35597,17,32,[[35598,0],[35596,0],[35341,0],[35853,0],]]
[35598,7,32,[[35597,0],[35599,0],[35342,0],[35343,0],[35854,0],]]
[35599,11,32,[[35600,0],[35598,0],[35343,0],[35855,0],]]
[35600,16,32,[[35599,0],[35601,0],[35344,0],[35345,0],[35856,0],]]
[35601,10,32,[[35602,0],[35600,0],[35345,0],[35857,0],]]
[35602,2,32,[[35601,0],[35603,0],[35346,0],[35347,0],[35858,0],]]
[35603,1,32,[[35604,0],[35602,0],[35347,0],[35859,0],]]
[35604,3,32,[[35603,0],[35605,0],[35348,0],[35349,0],[35860,0],]]
[35605,14,32,[[35606,0],[35604,0],[35349,0],[35861,0],]]
[35606,12,32,[[35605,0],[35607,0],[35350,0],[35351,0],[35862,0],]]
[35607,8,32,[[35608,0],[35606,0],[35351,0],[35863,0],]]
[35608,11,32,[[35607,0],[35609,0],[35352,0],[35353,0],[35864,0],]]
[35609,4,32,[[35610,0],[35608,0],[35353,0],[35865,0],]]
[35610,16,32,[[35609,0],[35611,0],[35354,0],[35355,0],[35866,0],]]
[35611,3,32,[[35612,0],[35610,0],[35355,0],[35867,0],]]
[35612,10,32,[[35611,0],[35613,0],[35356,0],[35357,0],[35868,0],]]
[35613,5,32,[[35614,0],[35612,0],[35357,0],[35869,0],]]
[35614,11,32,[[35613,0],[35615,0],[35358,0],[35359,0],[35870,0],]]
[35615,3,32,[[35616,0],[35614,0],[35359,0],[35871,0],]]
[35616,3,33,[[35615,0],[35617,0],[35360,0],[35361,0],[35872,0],]]
[35617,6,33,[[35618,0],[35616,0],[35361,0],[35873,0],]]
[35618,5,33,[[35617,0],[35619,0],[35362,0],[35363,0],[35874,0],]]
[35619,14,33,[[35620,0],[35618,0],[35363,0],[35875,0],]]
[35620,16,33,[[35619,0],[35621,0],[35364,0],[35365,0],[35876,0],]]
[35621,10,33,[[35622,0],[35620,0],[35365,0],[35877,0],]]
[35622,12,33,[[35621,0],[35623,0],[35366,0],[35367,0],[35878,0],]]
[35623,8,33,[[35624,0],[35622,0],[35367,0],[35879,0],]]
[35624,15,33,[[35623,0],[35625,0],[35368,0],[35369,0],[35880,0],]]
[35625,4,33,[[35626,0],[35624,0],[35369,0],[35881,0],]]
[35626,4,33,[[35625,0],[35627,0],[35370,0],[35371,0],[35882,0],]]
[35627,8,33,[[35628,0],[35626,0],[35371,0],[35883,0],]]
[35628,14,33,[[35627,0],[35629,0],[35372,0],[35373,0],[35884,0],]]
[35629,3,33,[[35630,0],[35628,0],[35373,0],[35885,0],]]
[35630,5,33,[[35629,0],[35631,0],[35374,0],[35375,0],[35886,0],]]
[35631,13,33,[[35632,0],[35630,0],[35375,0],[35887,0],]]
[35632,6,33,[[35631,0],[35633,0],[35376,0],[35377,0],[35888,0],]]
[35633,2,33,[[35634,0],[35632,0],[35377,0],[35889,0],]]
[35634,18,33,[[35633,0],[35635,0],[35378,0],[35379,0],[35890,0],]]
[35635,1,33,[[35636,0],[35634,0],[35379,0],[35891,0],]]
[35636,5,33,[[35635,0],[35637,0],[35380,0],[35381,0],[35892,0],]]
[35637,10,33,[[35638,0],[35636,0],[35381,0],[35893,0],]]
[35638,13,33,[[35637,0],[35639,0],[35382,0],[35383,0],[35894,0],]]
[35639,11,33,[[35640,0],[35638,0],[35383,0],[35895,0],]]
[35640,10,33,[[35639,0],[35641,0],[35384,0],[35385,0],[35896,0],]]
[35641,5,33,[[35642,0],[35640,0],[35385,0],[35897,0],]]
[35642,8,33,[[35641,0],[35643,0],[35386,0],[35387,0],[35898,0],]]
[35643,19,33,[[35644,0],[35642,0],[35387,0],[35899,0],]]
[35644,9,33,[[35643,0],[35645,0],[35388,0],[35389,0],[35900,0],]]
[35645,14,33,[[35646,0],[35644,0],[35389,0],[35901,0],]]
[35646,19,33,[[35645,0],[35647,0],[35390,0],[35391,0],[35902,0],]]
[35647,10,33,[[35648,0],[35646,0],[35391,0],[35903,0],]]
[35648,15,34,[[35647,0],[35649,0],[35392,0],[35393,0],[35904,0],]]
[35649,9,34,[[35650,0],[35648,0],[35393,0],[35905,0],]]
[35650,9,34,[[35649,0],[35651,0],[35394,0],[35395,0],[35906,0],]]
[35651,3,34,[[35652,0],[35650,0],[35395,0],[35907,0],]]
[35652,2,34,[[35651,0],[35653,0],[35396,0],[35397,0],[35908,0],]]
[35653,17,34,[[35654,0],[35652,0],[35397,0],[35909,0],]]
[35654,3,34,[[35653,0],[35655,0],[35398,0],[35399,0],[35910,0],]]
[35655,4,34,[[35656,0],[35654,0],[35399,0],[35911,0],]]
[35656,4,34,[[35655,0],[35657,0],[35400,0],[35401,0],[35912,0],]]
[35657,9,34,[[35658,0],[35656,0],[35401,0],[35913,0],]]
[35658,13,34,[[35657,0],[35659,0],[35402,0],[35403,0],[35914,0],]]
[35659,7,34,[[35660,0],[35658,0],[35403,0],[35915,0],]]
[35660,1,34,[[35659,0],[35661,0],[35404,0],[35405,0],[35916,0],]]
[35661,18,34,[[35662,0],[35660,0],[35405,0],[35917,0],]]
[35662,13,34,[[35661,0],[35663,0],[35406,0],[35407,0],[35918,0],]]
[35663,9,34,[[35664,0],[35662,0],[35407,0],[35919,0],]]
[35664,10,34,[[35663,0],[35665,0],[35408,0],[35409,0],[35920,0],]]
[35665,19,34,[[35666,0],[35664,0],[35409,0],[35921,0],]]
[35666,12,34,[[35665,0],[35667,0],[35410,0],[35411,0],[35922,0],]]
[35667,11,34,[[35668,0],[35666,0],[35411,0],[35923,0],]]
[35668,10,34,[[35667,0],[35669,0],[35412,0],[35413,0],[35924,0],]]
[35669,8,34,[[35670,0],[35668,0],[35413,0],[35925,0],]]
[35670,17,34,[[35669,0],[35671,0],[35414,0],[35415,0],[35926,0],]]
[35671,7,34,[[35672,0],[35670,0],[35415,0],[35927,0],]]
[35672,17,34,[[35671,0],[35673,0],[35416,0],[35417,0],[35928,0],]]
[35673,3,34,[[35674,0],[35672,0],[35417,0],[35929,0],]]
[35674,1,34,[[35673,0],[35675,0],[35418,0],[35419,0],[35930,0],]]
[35675,12,34,[[35676,0],[35674,0],[35419,0],[35931,0],]]
[35676,17,34,[[35675,0],[35677,0],[35420,0],[35421,0],[35932,0],]]
[35677,16,34,[[35678,0],[35676,0],[35421,0],[35933,0],]]
[35678,15,34,[[35677,0],[35679,0],[35422,0],[35423,0],[35934,0],]]
[35679,8,34,[[35680,0],[35678,0],[35423,0],[35935,0],]]
[35680,16,35,[[35679,0],[35681,0],[35424,0],[35425,0],[35936,0],]]
[35681,2,35,[[35682,0],[35680,0],[35425,0],[35937,0],]]
[35682,6,35,[[35681,0],[35683,0],[35426,0],[35427,0],[35938,0],]]
[35683,1,35,[[35684,0],[35682,0],[35427,0],[35939,0],]]
[35684,11,35,[[35683,0],[35685,0],[35428,0],[35429,0],[35940,0],]]
[35685,4,35,[[35686,0],[35684,0],[35429,0],[35941,0],]]
[35686,13,35,[[35685,0],[35687,0],[35430,0],[35431,0],[35942,0],]]
[35687,19,35,[[35688,0],[35686,0],[35431,0],[35943,0],]]
[35688,3,35,[[35687,0],[35689,0],[35432,0],[35433,0],[35944,0],]]
[35689,18,35,[[35690,0],[35688,0],[35433,0],[35945,0],]]
[35690,18,35,[[35689,0],[35691,0],[35434,0],[35435,0],[35946,0],]]
[35691,1,35,[[35692,0],[35690,0],[35435,0],[35947,0],]]
[35692,8,35,[[35691,0],[35693,0],[35436,0],[35437,0],[35948,0],]]
[35693,12,35,[[35694,0],[35692,0],[35437,0],[35949,0],]]
[35694,16,35,[[35693,0],[35695,0],[35438,0],[35439,0],[35950,0],]]
[35695,2,35,[[35696,0],[35694,0],[35439,0],[35951,0],]]
[35696,5,35,[[35695,0],[35697,0],[35440,0],[35441,0],[35952,0],]]
[35697,16,35,[[35698,0],[35696,0],[35441,0],[35953,0],]]
[35698,6,35,[[35697,0],[35699,0],[35442,0],[35443,0],[35954,0],]]
[35699,7,35,[[35700,0],[35698,0],[35443,0],[35955,0],]]
[35700,6,35,[[35699,0],[35701,0],[35444,0],[35445,0],[35956,0],]]
[35701,18,35,[[35702,0],[35700,0],[35445,0],[35957,0],]]
[35702,12,35,[[35701,0],[35703,0],[35446,0],[35447,0],[35958,0],]]
[35703,19,35,[[35704,0],[35702,0],[35447,0],[35959,0],]]
[35704,5,35,[[35703,0],[35705,0],[35448,0],[35449,0],[35960,0],]]
[35705,5,35,[[35706,0],[35704,0],[35449,0],[35961,0],]]
[35706,14,35,[[35705,0],[35707,0],[35450,0],[35451,0],[35962,0],]]
[35707,3,35,[[35708,0],[35706,0],[35451,0],[35963,0],]]
[35708,6,35,[[35707,0],[35709,0],[35452,0],[35453,0],[35964,0],]]
[35709,12,35,[[35710,0],[35708,0],[35453,0],[35965,0],]]
[35710,5,35,[[35709,0],[35711,0],[35454,0],[35455,0],[35966,0],]]
[35711,1,35,[[35712,0],[35710,0],[35455,0],[35967,0],]]
[35712,13,36,[[35711,0],[35713,0],[35456,0],[35457,0],[35968,0],]]
[35713,13,36,[[35714,0],[35712,0],[35457,0],[35969,0],]]
[35714,17,36,[[35713,0],[35715,0],[35458,0],[35459,0],[35970,0],]]
[35715,6,36,[[35716,0],[35714,0],[35459,0],[35971,0],]]
[35716,15,36,[[35715,0],[35717,0],[35460,0],[35461,0],[35972,0],]]
[35717,2,36,[[35718,0],[35716,0],[35461,0],[35973,0],]]
[35718,19,36,[[35717,0],[35719,0],[35462,0],[35463,0],[35974,0],]]
[35719,14,36,[[35720,0],[35718,0],[35463,0],[35975,0],]]
[35720,15,36,[[35719,0],[35721,0],[35464,0],[35465,0],[35976,0],]]
[35721,8,36,[[35722,0],[35720,0],[35465,0],[35977,0],]]
[35722,3,36,[[35721,0],[35723,0],[35466,0],[35467,0],[35978,0],]]
[35723,10,36,[[35724,0],[35722,0],[35467,0],[35979,0],]]
[35724,7,36,[[35723,0],[35725,0],[35468,0],[35469,0],[35980,0],]]
[35725,8,36,[[35726,0],[35724,0],[35469,0],[35981,0],]]
[35726,19,36,[[35725,0],[35727,0],[35470,0],[35471,0],[35982,0],]]
[35727,16,36,[[35728,0],[35726,0],[35471,0],[35983,0],]]
[35728,15,36,[[35727,0],[35729,0],[35472,0],[35473,0],[35984,0],]]
[35729,1,36,[[35730,0],[35728,0],[35473,0],[35985,0],]]
[35730,9,36,[[35729,0],[35731,0],[35474,0],[35475,0],[35986,0],]]
[35731,1,36,[[35732,0],[35730,0],[35475,0],[35987,0],]]
[35732,10,36,[[35731,0],[35733,0],[35476,0],[35477,0],[35988,0],]]
[35733,10,36,[[35734,0],[35732,0],[35477,0],[35989,0],]]
[35734,11,36,[[35733,0],[35735,0],[35478,0],[35479,0],[35990,0],]]
[35735,1,36,[[35736,0],[35734,0],[35479,0],[35991,0],]]
[35736,18,36,[[35735,0],[35737,0],[35480,0],[35481,0],[35992,0],]]
[35737,12,36,[[35738,0],[35736,0],[35481,0],[35993,0],]]
[35738,10,36,[[35737,0],[35739,0],[35482,0],[35483,0],[35994,0],]]
[35739,14,36,[[35740,0],[35738,0],[35483,0],[35995,0],]]
[35740,9,36,[[35739,0],[35741,0],[35484,0],[35485,0],[35996,0],]]
[35741,5,36,[[35742,0],[35740,0],[35485,0],[35997,0],]]
[35742,8,36,[[35741,0],[35743,0],[35486,0],[35487,0],[35998,0],]]
[35743,16,36,[[35744,0],[35742,0],[35487,0],[35999,0],]]
[35744,14,37,[[35743,0],[35745,0],[35488,0],[35489,0],[36000,0],]]
[35745,3,37,[[35746,0],[35744,0],[35489,0],[36001,0],]]
[35746,15,37,[[35745,0],[35747,0],[35490,0],[35491,0],[36002,0],]]
[35747,3,37,[[35748,0],[35746,0],[35491,0],[36003,0],]]
[35748,13,37,[[35747,0],[35749,0],[35492,0],[35493,0],[36004,0],]]
[35749,5,37,[[35750,0],[35748,0],[35493,0],[36005,0],]]
[35750,17,37,[[35749,0],[35751,0],[35494,0],[35495,0],[36006,0],]]
[35751,2,37,[[35752,0],[35750,0],[35495,0],[36007,0],]]
[35752,6,37,[[35751,0],[35753,0],[35496,0],[35497,0],[36008,0],]]
[35753,11,37,[[35754,0],[35752,0],[35497,0],[36009,0],]]
[35754,5,37,[[35753,0],[35755,0],[35498,0],[35499,0],[36010,0],]]
[35755,6,37,[[35756,0],[35754,0],[35499,0],[36011,0],]]
[35756,8,37,[[35755,0],[35757,0],[35500,0],[35501,0],[36012,0],]]
[35757,15,37,[[35758,0],[35756,0],[35501,0],[36013,0],]]
[35758,14,37,[[35757,0],[35759,0],[35502,0],[35503,0],[36014,0],]]
[35759,14,37,[[35760,0],[35758,0],[35503,0],[36015,0],]]
[35760,1,37,[[35759,0],[35761,0],[35504,0],[35505,0],[36016,0],]]
[35761,16,37,[[35762,0],[35760,0],[35505,0],[36017,0],]]
[35762,12,37,[[35761,0],[35763,0],[35506,0],[35507,0],[36018,0],]]
[35763,5,37,[[35764,0],[35762,0],[35507,0],[36019,0],]]
[35764,9,37,[[35763,0],[35765,0],[35508,0],[35509,0],[36020,0],]]
[35765,6,37,[[35766,0],[35764,0],[35509,0],[36021,0],]]
[35766,2,37,[[35765,0],[35767,0],[35510,0],[35511,0],[36022,0],]]
[35767,9,37,[[35768,0],[35766,0],[35511,0],[36023,0],]]
[35768,11,37,[[35767,0],[35769,0],[35512,0],[35513,0],[36024,0],]]
[35769,19,37,[[35770,0],[35768,0],[35513,0],[36025,0],]]
[35770,14,37,[[35769,0],[35771,0],[35514,0],[35515,0],[36026,0],]]
[35771,18,37,[[35772,0],[35770,0],[35515,0],[36027,0],]]
[35772,9,37,[[35771,0],[35773,0],[35516,0],[35517,0],[36028,0],]]
[35773,11,37,[[35774,0],[35772,0],[35517,0],[36029,0],]]
[35774,16,37,[[35773,0],[35775,0],[35518,0],[35519,0],[36030,0],]]
[35775,11,37,[[35776,0],[35774,0],[35519,0],[36031,0],]]
[35776,5,38,[[35775,0],[35777,0],[35520,0],[35521,0],[36032,0],]]
[35777,19,38,[[35778,0],[35776,0],[35521,0],[36033,0],]]
[35778,16,38,[[35777,0],[35779,0],[35522,0],[35523,0],[36034,0],]]
[35779,1,38,[[35780,0],[35778,0],[35523,0],[36035,0],]]
[35780,15,38,[[35779,0],[35781,0],[35524,0],[35525,0],[36036,0],]]
[35781,12,38,[[35782,0],[35780,0],[35525,0],[36037,0],]]
[35782,16,38,[[35781,0],[35783,0],[35526,0],[35527,0],[36038,0],]]
[35783,4,38,[[35784,0],[35782,0],[35527,0],[36039,0],]]
[35784,13,38,[[35783,0],[35785,0],[35528,0],[35529,0],[36040,0],]]
[35785,2,38,[[35786,0],[35784,0],[35529,0],[36041,0],]]
[35786,1,38,[[35785,0],[35787,0],[35530,0],[35531,0],[36042,0],]]
[35787,5,38,[[35788,0],[35786,0],[35531,0],[36043,0],]]
[35788,11,38,[[35787,0],[35789,0],[35532,0],[35533,0],[36044,0],]]
[35789,2,38,[[35790,0],[35788,0],[35533,0],[36045,0],]]
[35790,4,38,[[35789,0],[35791,0],[35534,0],[35535,0],[36046,0],]]
[35791,2,38,[[35792,0],[35790,0],[35535,0],[36047,0],]]
[35792,15,38,[[35791,0],[35793,0],[35536,0],[35537,0],[36048,0],]]
[35793,6,38,[[35794,0],[35792,0],[35537,0],[36049,0],]]
[35794,4,38,[[35793,0],[35795,0],[35538,0],[35539,0],[36050,0],]]
[35795,15,38,[[35796,0],[35794,0],[35539,0],[36051,0],]]
[35796,19,38,[[35795,0],[35797,0],[35540,0],[35541,0],[36052,0],]]
[35797,11,38,[[35798,0],[35796,0],[35541,0],[36053,0],]]
[35798,1,38,[[35797,0],[35799,0],[35542,0],[35543,0],[36054,0],]]
[35799,12,38,[[35800,0],[35798,0],[35543,0],[36055,0],]]
[35800,5,38,[[35799,0],[35801,0],[35544,0],[35545,0],[36056,0],]]
[35801,16,38,[[35802,0],[35800,0],[35545,0],[36057,0],]]
[35802,16,38,[[35801,0],[35803,0],[35546,0],[35547,0],[36058,0],]]
[35803,6,38,[[35804,0],[35802,0],[35547,0],[36059,0],]]
[35804,17,38,[[35803,0],[35805,0],[35548,0],[35549,0],[36060,0],]]
[35805,11,38,[[35806,0],[35804,0],[35549,0],[36061,0],]]
[35806,14,38,[[35805,0],[35807,0],[35550,0],[35551,0],[36062,0],]]
[35807,15,38,[[35808,0],[35806,0],[35551,0],[36063,0],]]
[35808,10,39,[[35807,0],[35809,0],[35552,0],[35553,0],[36064,0],]]
[35809,9,39,[[35810,0],[35808,0],[35553,0],[36065,0],]]
[35810,9,39,[[35809,0],[35811,0],[35554,0],[35555,0],[36066,0],]]
[35811,9,39,[[35812,0],[35810,0],[35555,0],[36067,0],]]
[35812,5,39,[[35811,0],[35813,0],[35556,0],[35557,0],[36068,0],]]
[35813,2,39,[[35814,0],[35812,0],[35557,0],[36069,0],]]
[35814,9,39,[[35813,0],[35815,0],[35558,0],[35559,0],[36070,0],]]
[35815,2,39,[[35816,0],[35814,0],[35559,0],[36071,0],]]
[35816,11,39,[[35815,0],[35817,0],[35560,0],[35561,0],[36072,0],]]
[35817,19,39,[[35818,0],[35816,0],[35561,0],[36073,0],]]
[35818,13,39,[[35817,0],[35819,0],[35562,0],[35563,0],[36074,0],]]
[35819,5,39,[[35820,0],[35818,0],[35563,0],[36075,0],]]
[35820,8,39,[[35819,0],[35821,0],[35564,0],[35565,0],[36076,0],]]
[35821,11,39,[[35822,0],[35820,0],[35565,0],[36077,0],]]
[35822,7,39,[[35821,0],[35823,0],[35566,0],[35567,0],[36078,0],]]
[35823,14,39,[[35824,0],[35822,0],[35567,0],[36079,0],]]
[35824,18,39,[[35823,0],[35825,0],[35568,0],[35569,0],[36080,0],]]
[35825,9,39,[[35826,0],[35824,0],[35569,0],[36081,0],]]
[35826,11,39,[[35825,0],[35827,0],[35570,0],[35571,0],[36082,0],]]
[35827,8,39,[[35828,0],[35826,0],[35571,0],[36083,0],]]
[35828,1,39,[[35827,0],[35829,0],[35572,0],[35573,0],[36084,0],]]
[35829,8,39,[[35830,0],[35828,0],[35573,0],[36085,0],]]
[35830,15,39,[[35829,0],[35831,0],[35574,0],[35575,0],[36086,0],]]
[35831,1,39,[[35832,0],[35830,0],[35575,0],[36087,0],]]
[35832,1,39,[[35831,0],[35833,0],[35576,0],[35577,0],[36088,0],]]
[35833,17,39,[[35834,0],[35832,0],[35577,0],[36089,0],]]
[35834,4,39,[[35833,0],[35835,0],[35578,0],[35579,0],[36090,0],]]
[35835,13,39,[[35836,0],[35834,0],[35579,0],[36091,0],]]
[35836,10,39,[[35835,0],[35837,0],[35580,0],[35581,0],[36092,0],]]
[35837,15,39,[[35838,0],[35836,0],[35581,0],[36093,0],]]
[35838,10,39,[[35837,0],[35839,0],[35582,0],[35583,0],[36094,0],]]
[35839,14,39,[[35838,0],[35583,0],[36095,0],]]
[35840,8,32,[[35841,0],[36096,0],[35584,0],]]
[35841,14,32,[[35842,0],[35840,0],[36097,0],[36096,0],[35585,0],]]
[35842,10,32,[[35841,0],[35843,0],[36098,0],[35586,0],]]
[35843,3,32,[[35844,0],[35842,0],[36099,0],[36098,0],[35587,0],]]
[35844,3,32,[[35843,0],[35845,0],[36100,0],[35588,0],]]
[35845,15,32,[[35846,0],[35844,0],[36101,0],[36100,0],[35589,0],]]
[35846,7,32,[[35845,0],[35847,0],[36102,0],[35590,0],]]
[35847,14,32,[[35848,0],[35846,0],[36103,0],[36102,0],[35591,0],]]
[35848,8,32,[[35847,0],[35849,0],[36104,0],[35592,0],]]
[35849,19,32,[[35850,0],[35848,0],[36105,0],[36104,0],[35593,0],]]
[35850,17,32,[[35849,0],[35851,0],[36106,0],[35594,0],]]
[35851,5,32,[[35852,0],[35850,0],[36107,0],[36106,0],[35595,0],]]
[35852,6,32,[[35851,0],[35853,0],[36108,0],[35596,0],]]
[35853,8,32,[[35854,0],[35852,0],[36109,0],[36108,0],[35597,0],]]
[35854,14,32,[[35853,0],[35855,0],[36110,0],[35598,0],]]
[35855,6,32,[[35856,0],[35854,0],[36111,0],[36110,0],[35599,0],]]
[35856,15,32,[[35855,0],[35857,0],[36112,0],[35600,0],]]
[35857,19,32,[[35858,0],[35856,0],[36113,0],[36112,0],[35601,0],]]
[35858,4,32,[[35857,0],[35859,0],[36114,0],[35602,0],]]
[35859,16,32,[[35860,0],[35858,0],[36115,0],[36114,0],[35603,0],]]
[35860,14,32,[[35859,0],[35861,0],[36116,0],[35604,0],]]
[35861,12,32,[[35862,0],[35860,0],[36117,0],[36116,0],[35605,0],]]
[35862,3,32,[[35861,0],[35863,0],[36118,0],[35606,0],]]
[35863,9,32,[[35864,0],[35862,0],[36119,0],[36118,0],[35607,0],]]
[35864,7,32,[[35863,0],[35865,0],[36120,0],[35608,0],]]
[35865,8,32,[[35866,0],[35864,0],[36121,0],[36120,0],[35609,0],]]
[35866,7,32,[[35865,0],[35867,0],[36122,0],[35610,0],]]
[35867,11,32,[[35868,0],[35866,0],[36123,0],[36122,0],[35611,0],]]
[35868,4,32,[[35867,0],[35869,0],[36124,0],[35612,0],]]
[35869,11,32,[[35870,0],[35868,0],[36125,0],[36124,0],[35613,0],]]
[35870,15,32,[[35869,0],[35871,0],[36126,0],[35614,0],]]
[35871,6,32,[[35872,0],[35870,0],[36127,0],[36126,0],[35615,0],]]
[35872,14,33,[[35871,0],[35873,0],[36128,0],[35616,0],]]
[35873,15,33,[[35874,0],[35872,0],[36129,0],[36128,0],[35617,0],]]
[35874,16,33,[[35873,0],[35875,0],[36130,0],[35618,0],]]
[35875,8,33,[[35876,0],[35874,0],[36131,0],[36130,0],[35619,0],]]
[35876,15,33,[[35875,0],[35877,0],[36132,0],[35620,0],]]
[35877,18,33,[[35878,0],[35876,0],[36133,0],[36132,0],[35621,0],]]
[35878,10,33,[[35877,0],[35879,0],[36134,0],[35622,0],]]
[35879,12,33,[[35880,0],[35878,0],[36135,0],[36134,0],[35623,0],]]
[35880,17,33,[[35879,0],[35881,0],[36136,0],[35624,0],]]
[35881,2,33,[[35882,0],[35880,0],[36137,0],[36136,0],[35625,0],]]
[35882,16,33,[[35881,0],[35883,0],[36138,0],[35626,0],]]
[35883,14,33,[[35884,0],[35882,0],[36139,0],[36138,0],[35627,0],]]
[35884,2,33,[[35883,0],[35885,0],[36140,0],[35628,0],]]
[35885,7,33,[[35886,0],[35884,0],[36141,0],[36140,0],[35629,0],]]
[35886,13,33,[[35885,0],[35887,0],[36142,0],[35630,0],]]
[35887,17,33,[[35888,0],[35886,0],[36143,0],[36142,0],[35631,0],]]
[35888,2,33,[[35887,0],[35889,0],[36144,0],[35632,0],]]
[35889,6,33,[[35890,0],[35888,0],[36145,0],[36144,0],[35633,0],]]
[35890,9,33,[[35889,0],[35891,0],[36146,0],[35634,0],]]
[35891,14,33,[[35892,0],[35890,0],[36147,0],[36146,0],[35635,0],]]
[35892,19,33,[[35891,0],[35893,0],[36148,0],[35636,0],]]
[35893,12,33,[[35894,0],[35892,0],[36149,0],[36148,0],[35637,0],]]
[35894,17,33,[[35893,0],[35895,0],[36150,0],[35638,0],]]
[35895,10,33,[[35896,0],[35894,0],[36151,0],[36150,0],[35639,0],]]
[35896,1,33,[[35895,0],[35897,0],[36152,0],[35640,0],]]
[35897,19,33,[[35898,0],[35896,0],[36153,0],[36152,0],[35641,0],]]
[35898,3,33,[[35897,0],[35899,0],[36154,0],[35642,0],]]
[35899,11,33,[[35900,0],[35898,0],[36155,0],[36154,0],[35643,0],]]
[35900,12,33,[[35899,0],[35901,0],[36156,0],[35644,0],]]
[35901,12,33,[[35902,0],[35900,0],[36157,0],[36156,0],[35645,0],]]
[35902,5,33,[[35901,0],[35903,0],[36158,0],[35646,0],]]
[35903,17,33,[[35904,0],[35902,0],[36159,0],[36158,0],[35647,0],]]
[35904,5,34,[[35903,0],[35905,0],[36160,0],[35648,0],]]
[35905,8,34,[[35906,0],[35904,0],[36161,0],[36160,0],[35649,0],]]
[35906,17,34,[[35905,0],[35907,0],[36162,0],[35650,0],]]
[35907,13,34,[[35908,0],[35906,0],[36163,0],[36162,0],[35651,0],]]
[35908,13,34,[[35907,0],[35909,0],[36164,0],[35652,0],]]
[35909,1,34,[[35910,0],[35908,0],[36165,0],[36164,0],[35653,0],]]
[35910,3,34,[[35909,0],[35911,0],[36166,0],[35654,0],]]
[35911,17,34,[[35912,0],[35910,0],[36167,0],[36166,0],[35655,0],]]
[35912,7,34,[[35911,0],[35913,0],[36168,0],[35656,0],]]
[35913,1,34,[[35914,0],[35912,0],[36169,0],[36168,0],[35657,0],]]
[35914,14,34,[[35913,0],[35915,0],[36170,0],[35658,0],]]
[35915,19,34,[[35916,0],[35914,0],[36171,0],[36170,0],[35659,0],]]
[35916,17,34,[[35915,0],[35917,0],[36172,0],[35660,0],]]
[35917,2,34,[[35918,0],[35916,0],[36173,0],[36172,0],[35661,0],]]
[35918,3,34,[[35917,0],[35919,0],[36174,0],[35662,0],]]
[35919,3,34,[[35920,0],[35918,0],[36175,0],[36174,0],[35663,0],]]
[35920,4,34,[[35919,0],[35921,0],[36176,0],[35664,0],]]
[35921,14,34,[[35922,0],[35920,0],[36177,0],[36176,0],[35665,0],]]
[35922,18,34,[[35921,0],[35923,0],[36178,0],[35666,0],]]
[35923,16,34,[[35924,0],[35922,0],[36179,0],[36178,0],[35667,0],]]
[35924,14,34,[[35923,0],[35925,0],[36180,0],[35668,0],]]
[35925,18,34,[[35926,0],[35924,0],[36181,0],[36180,0],[35669,0],]]
[35926,19,34,[[35925,0],[35927,0],[36182,0],[35670,0],]]
[35927,12,34,[[35928,0],[35926,0],[36183,0],[36182,0],[35671,0],]]
[35928,10,34,[[35927,0],[35929,0],[36184,0],[35672,0],]]
[35929,6,34,[[35930,0],[35928,0],[36185,0],[36184,0],[35673,0],]]
[35930,4,34,[[35929,0],[35931,0],[36186,0],[35674,0],]]
[35931,15,34,[[35932,0],[35930,0],[36187,0],[36186,0],[35675,0],]]
[35932,14,34,[[35931,0],[35933,0],[36188,0],[35676,0],]]
[35933,19,34,[[35934,0],[35932,0],[36189,0],[36188,0],[35677,0],]]
[35934,12,34,[[35933,0],[35935,0],[36190,0],[35678,0],]]
[35935,2,34,[[35936,0],[35934,0],[36191,0],[36190,0],[35679,0],]]
[35936,4,35,[[35935,0],[35937,0],[36192,0],[35680,0],]]
[35937,18,35,[[35938,0],[35936,0],[36193,0],[36192,0],[35681,0],]]
[35938,8,35,[[35937,0],[35939,0],[36194,0],[35682,0],]]
[35939,15,35,[[35940,0],[35938,0],[36195,0],[36194,0],[35683,0],]]
[35940,3,35,[[35939,0],[35941,0],[36196,0],[35684,0],]]
[35941,19,35,[[35942,0],[35940,0],[36197,0],[36196,0],[35685,0],]]
[35942,7,35,[[35941,0],[35943,0],[36198,0],[35686,0],]]
[35943,12,35,[[35944,0],[35942,0],[36199,0],[36198,0],[35687,0],]]
[35944,7,35,[[35943,0],[35945,0],[36200,0],[35688,0],]]
[35945,1,35,[[35946,0],[35944,0],[36201,0],[36200,0],[35689,0],]]
[35946,18,35,[[35945,0],[35947,0],[36202,0],[35690,0],]]
[35947,2,35,[[35948,0],[35946,0],[36203,0],[36202,0],[35691,0],]]
[35948,18,35,[[35947,0],[35949,0],[36204,0],[35692,0],]]
[35949,14,35,[[35950,0],[35948,0],[36205,0],[36204,0],[35693,0],]]
[35950,10,35,[[35949,0],[35951,0],[36206,0],[35694,0],]]
[35951,1,35,[[35952,0],[35950,0],[36207,0],[36206,0],[35695,0],]]
[35952,6,35,[[35951,0],[35953,0],[36208,0],[35696,0],]]
[35953,10,35,[[35954,0],[35952,0],[36209,0],[36208,0],[35697,0],]]
[35954,15,35,[[35953,0],[35955,0],[36210,0],[35698,0],]]
[35955,8,35,[[35956,0],[35954,0],[36211,0],[36210,0],[35699,0],]]
[35956,13,35,[[35955,0],[35957,0],[36212,0],[35700,0],]]
[35957,8,35,[[35958,0],[35956,0],[36213,0],[36212,0],[35701,0],]]
[35958,5,35,[[35957,0],[35959,0],[36214,0],[35702,0],]]
[35959,13,35,[[35960,0],[35958,0],[36215,0],[36214,0],[35703,0],]]
[35960,11,35,[[35959,0],[35961,0],[36216,0],[35704,0],]]
[35961,9,35,[[35962,0],[35960,0],[36217,0],[36216,0],[35705,0],]]
[35962,11,35,[[35961,0],[35963,0],[36218,0],[35706,0],]]
[35963,10,35,[[35964,0],[35962,0],[36219,0],[36218,0],[35707,0],]]
[35964,12,35,[[35963,0],[35965,0],[36220,0],[35708,0],]]
[35965,6,35,[[35966,0],[35964,0],[36221,0],[36220,0],[35709,0],]]
[35966,11,35,[[35965,0],[35967,0],[36222,0],[35710,0],]]
[35967,4,35,[[35968,0],[35966,0],[36223,0],[36222,0],[35711,0],]]
[35968,3,36,[[35967,0],[35969,0],[36224,0],[35712,0],]]
[35969,1,36,[[35970,0],[35968,0],[36225,0],[36224,0],[35713,0],]]
[35970,5,36,[[35969,0],[35971,0],[36226,0],[35714,0],]]
[35971,1,36,[[35972,0],[35970,0],[36227,0],[36226,0],[35715,0],]]
[35972,4,36,[[35971,0],[35973,0],[36228,0],[35716,0],]]
[35973,17,36,[[35974,0],[35972,0],[36229,0],[36228,0],[35717,0],]]
[35974,12,36,[[35973,0],[35975,0],[36230,0],[35718,0],]]
[35975,15,36,[[35976,0],[35974,0],[36231,0],[36230,0],[35719,0],]]
[35976,15,36,[[35975,0],[35977,0],[36232,0],[35720,0],]]
[35977,13,36,[[35978,0],[35976,0],[36233,0],[36232,0],[35721,0],]]
[35978,6,36,[[35977,0],[35979,0],[36234,0],[35722,0],]]
[35979,7,36,[[35980,0],[35978,0],[36235,0],[36234,0],[35723,0],]]
[35980,14,36,[[35979,0],[35981,0],[36236,0],[35724,0],]]
[35981,3,36,[[35982,0],[35980,0],[36237,0],[36236,0],[35725,0],]]
[35982,18,36,[[35981,0],[35983,0],[36238,0],[35726,0],]]
[35983,8,36,[[35984,0],[35982,0],[36239,0],[36238,0],[35727,0],]]
[35984,16,36,[[35983,0],[35985,0],[36240,0],[35728,0],]]
[35985,6,36,[[35986,0],[35984,0],[36241,0],[36240,0],[35729,0],]]
[35986,8,36,[[35985,0],[35987,0],[36242,0],[35730,0],]]
[35987,10,36,[[35988,0],[35986,0],[36243,0],[36242,0],[35731,0],]]
[35988,18,36,[[35987,0],[35989,0],[36244,0],[35732,0],]]
[35989,12,36,[[35990,0],[35988,0],[36245,0],[36244,0],[35733,0],]]
[35990,1,36,[[35989,0],[35991,0],[36246,0],[35734,0],]]
[35991,7,36,[[35992,0],[35990,0],[36247,0],[36246,0],[35735,0],]]
[35992,5,36,[[35991,0],[35993,0],[36248,0],[35736,0],]]
[35993,7,36,[[35994,0],[35992,0],[36249,0],[36248,0],[35737,0],]]
[35994,7,36,[[35993,0],[35995,0],[36250,0],[35738,0],]]
[35995,16,36,[[35996,0],[35994,0],[36251,0],[36250,0],[35739,0],]]
[35996,6,36,[[35995,0],[35997,0],[36252,0],[35740,0],]]
[35997,5,36,[[35998,0],[35996,0],[36253,0],[36252,0],[35741,0],]]
[35998,15,36,[[35997,0],[35999,0],[36254,0],[35742,0],]]
[35999,8,36,[[36000,0],[35998,0],[36255,0],[36254,0],[35743,0],]]
[36000,3,37,[[35999,0],[36001,0],[36256,0],[35744,0],]]
[36001,11,37,[[36002,0],[36000,0],[36257,0],[36256,0],[35745,0],]]
[36002,12,37,[[36001,0],[36003,0],[36258,0],[35746,0],]]
[36003,1,37,[[36004,0],[36002,0],[36259,0],[36258,0],[35747,0],]]
[36004,4,37,[[36003,0],[36005,0],[36260,0],[35748,0],]]
[36005,10,37,[[36006,0],[36004,0],[36261,0],[36260,0],[35749,0],]]
[36006,10,37,[[36005,0],[36007,0],[36262,0],[35750,0],]]
[36007,10,37,[[36008,0],[36006,0],[36263,0],[36262,0],[35751,0],]]
[36008,9,37,[[36007,0],[36009,0],[36264,0],[35752,0],]]
[36009,11,37,[[36010,0],[36008,0],[36265,0],[36264,0],[35753,0],]]
[36010,3,37,[[36009,0],[36011,0],[36266,0],[35754,0],]]
[36011,19,37,[[36012,0],[36010,0],[36267,0],[36266,0],[35755,0],]]
[36012,4,37,[[36011,0],[36013,0],[36268,0],[35756,0],]]
[36013,1,37,[[36014,0],[36012,0],[36269,0],[36268,0],[35757,0],]]
[36014,7,37,[[36013,0],[36015,0],[36270,0],[35758,0],]]
[36015,7,37,[[36016,0],[36014,0],[36271,0],[36270,0],[35759,0],]]
[36016,11,37,[[36015,0],[36017,0],[36272,0],[35760,0],]]
[36017,11,37,[[36018,0],[36016,0],[36273,0],[36272,0],[35761,0],]]
[36018,16,37,[[36017,0],[36019,0],[36274,0],[35762,0],]]
[36019,3,37,[[36020,0],[36018,0],[36275,0],[36274,0],[35763,0],]]
[36020,4,37,[[36019,0],[36021,0],[36276,0],[35764,0],]]
[36021,8,37,[[36022,0],[36020,0],[36277,0],[36276,0],[35765,0],]]
[36022,5,37,[[36021,0],[36023,0],[36278,0],[35766,0],]]
[36023,15,37,[[36024,0],[36022,0],[36279,0],[36278,0],[35767,0],]]
[36024,5,37,[[36023,0],[36025,0],[36280,0],[35768,0],]]
[36025,16,37,[[36026,0],[36024,0],[36281,0],[36280,0],[35769,0],]]
[36026,11,37,[[36025,0],[36027,0],[36282,0],[35770,0],]]
[36027,12,37,[[36028,0],[36026,0],[36283,0],[36282,0],[35771,0],]]
[36028,1,37,[[36027,0],[36029,0],[36284,0],[35772,0],]]
[36029,10,37,[[36030,0],[36028,0],[36285,0],[36284,0],[35773,0],]]
[36030,8,37,[[36029,0],[36031,0],[36286,0],[35774,0],]]
[36031,9,37,[[36032,0],[36030,0],[36287,0],[36286,0],[35775,0],]]
[36032,15,38,[[36031,0],[36033,0],[36288,0],[35776,0],]]
[36033,2,38,[[36034,0],[36032,0],[36289,0],[36288,0],[35777,0],]]
[36034,15,38,[[36033,0],[36035,0],[36290,0],[35778,0],]]
[36035,8,38,[[36036,0],[36034,0],[36291,0],[36290,0],[35779,0],]]
[36036,7,38,[[36035,0],[36037,0],[36292,0],[35780,0],]]
[36037,18,38,[[36038,0],[36036,0],[36293,0],[36292,0],[35781,0],]]
[36038,1,38,[[36037,0],[36039,0],[36294,0],[35782,0],]]
[36039,4,38,[[36040,0],[36038,0],[36295,0],[36294,0],[35783,0],]]
[36040,10,38,[[36039,0],[36041,0],[36296,0],[35784,0],]]
[36041,15,38,[[36042,0],[36040,0],[36297,0],[36296,0],[35785,0],]]
[36042,4,38,[[36041,0],[36043,0],[36298,0],[35786,0],]]
[36043,8,38,[[36044,0],[36042,0],[36299,0],[36298,0],[35787,0],]]
