[37355,12,39,[[37356,0],[37354,0],[37099,0],[37611,0],]]
[37356,6,39,[[37355,0],[37357,0],[37100,0],[37101,0],[37612,0],]]
[37357,13,39,[[37358,0],[37356,0],[37101,0],[37613,0],]]
[37358,8,39,[[37357,0],[37359,0],[37102,0],[37103,0],[37614,0],]]
[37359,3,39,[[37360,0],[37358,0],[37103,0],[37615,0],]]
[37360,15,39,[[37359,0],[37361,0],[37104,0],[37105,0],[37616,0],]]
[37361,13,39,[[37362,0],[37360,0],[37105,0],[37617,0],]]
[37362,4,39,[[37361,0],[37363,0],[37106,0],[37107,0],[37618,0],]]
[37363,19,39,[[37364,0],[37362,0],[37107,0],[37619,0],]]
[37364,14,39,[[37363,0],[37365,0],[37108,0],[37109,0],[37620,0],]]
[37365,4,39,[[37366,0],[37364,0],[37109,0],[37621,0],]]
[37366,9,39,[[37365,0],[37367,0],[37110,0],[37111,0],[37622,0],]]
[37367,19,39,[[37368,0],[37366,0],[37111,0],[37623,0],]]
[37368,6,39,[[37367,0],[37369,0],[37112,0],[37113,0],[37624,0],]]
[37369,2,39,[[37370,0],[37368,0],[37113,0],[37625,0],]]
[37370,5,39,[[37369,0],[37371,0],[37114,0],[37115,0],[37626,0],]]
[37371,7,39,[[37372,0],[37370,0],[37115,0],[37627,0],]]
[37372,9,39,[[37371,0],[37373,0],[37116,0],[37117,0],[37628,0],]]
[37373,4,39,[[37374,0],[37372,0],[37117,0],[37629,0],]]
[37374,7,39,[[37373,0],[37375,0],[37118,0],[37119,0],[37630,0],]]
[37375,6,39,[[37374,0],[37119,0],[37631,0],]]
[37376,1,32,[[37377,0],[37632,0],[37120,0],]]
[37377,12,32,[[37378,0],[37376,0],[37633,0],[37632,0],[37121,0],]]
[37378,16,32,[[37377,0],[37379,0],[37634,0],[37122,0],]]
[37379,12,32,[[37380,0],[37378,0],[37635,0],[37634,0],[37123,0],]]
[37380,8,32,[[37379,0],[37381,0],[37636,0],[37124,0],]]
[37381,13,32,[[37382,0],[37380,0],[37637,0],[37636,0],[37125,0],]]
[37382,8,32,[[37381,0],[37383,0],[37638,0],[37126,0],]]
[37383,3,32,[[37384,0],[37382,0],[37639,0],[37638,0],[37127,0],]]
[37384,6,32,[[37383,0],[37385,0],[37640,0],[37128,0],]]
[37385,12,32,[[37386,0],[37384,0],[37641,0],[37640,0],[37129,0],]]
[37386,15,32,[[37385,0],[37387,0],[37642,0],[37130,0],]]
[37387,18,32,[[37388,0],[37386,0],[37643,0],[37642,0],[37131,0],]]
[37388,9,32,[[37387,0],[37389,0],[37644,0],[37132,0],]]
[37389,10,32,[[37390,0],[37388,0],[37645,0],[37644,0],[37133,0],]]
[37390,16,32,[[37389,0],[37391,0],[37646,0],[37134,0],]]
[37391,13,32,[[37392,0],[37390,0],[37647,0],[37646,0],[37135,0],]]
[37392,6,32,[[37391,0],[37393,0],[37648,0],[37136,0],]]
[37393,4,32,[[37394,0],[37392,0],[37649,0],[37648,0],[37137,0],]]
[37394,17,32,[[37393,0],[37395,0],[37650,0],[37138,0],]]
[37395,7,32,[[37396,0],[37394,0],[37651,0],[37650,0],[37139,0],]]
[37396,7,32,[[37395,0],[37397,0],[37652,0],[37140,0],]]
[37397,19,32,[[37398,0],[37396,0],[37653,0],[37652,0],[37141,0],]]
[37398,8,32,[[37397,0],[37399,0],[37654,0],[37142,0],]]
[37399,16,32,[[37400,0],[37398,0],[37655,0],[37654,0],[37143,0],]]
[37400,17,32,[[37399,0],[37401,0],[37656,0],[37144,0],]]
[37401,5,32,[[37402,0],[37400,0],[37657,0],[37656,0],[37145,0],]]
[37402,7,32,[[37401,0],[37403,0],[37658,0],[37146,0],]]
[37403,17,32,[[37404,0],[37402,0],[37659,0],[37658,0],[37147,0],]]
[37404,19,32,[[37403,0],[37405,0],[37660,0],[37148,0],]]
[37405,8,32,[[37406,0],[37404,0],[37661,0],[37660,0],[37149,0],]]
[37406,15,32,[[37405,0],[37407,0],[37662,0],[37150,0],]]
[37407,16,32,[[37408,0],[37406,0],[37663,0],[37662,0],[37151,0],]]
[37408,19,33,[[37407,0],[37409,0],[37664,0],[37152,0],]]
[37409,12,33,[[37410,0],[37408,0],[37665,0],[37664,0],[37153,0],]]
[37410,4,33,[[37409,0],[37411,0],[37666,0],[37154,0],]]
[37411,12,33,[[37412,0],[37410,0],[37667,0],[37666,0],[37155,0],]]
[37412,8,33,[[37411,0],[37413,0],[37668,0],[37156,0],]]
[37413,16,33,[[37414,0],[37412,0],[37669,0],[37668,0],[37157,0],]]
[37414,6,33,[[37413,0],[37415,0],[37670,0],[37158,0],]]
[37415,9,33,[[37416,0],[37414,0],[37671,0],[37670,0],[37159,0],]]
[37416,17,33,[[37415,0],[37417,0],[37672,0],[37160,0],]]
[37417,8,33,[[37418,0],[37416,0],[37673,0],[37672,0],[37161,0],]]
[37418,6,33,[[37417,0],[37419,0],[37674,0],[37162,0],]]
[37419,9,33,[[37420,0],[37418,0],[37675,0],[37674,0],[37163,0],]]
[37420,11,33,[[37419,0],[37421,0],[37676,0],[37164,0],]]
[37421,6,33,[[37422,0],[37420,0],[37677,0],[37676,0],[37165,0],]]
[37422,14,33,[[37421,0],[37423,0],[37678,0],[37166,0],]]
[37423,10,33,[[37424,0],[37422,0],[37679,0],[37678,0],[37167,0],]]
[37424,1,33,[[37423,0],[37425,0],[37680,0],[37168,0],]]
[37425,1,33,[[37426,0],[37424,0],[37681,0],[37680,0],[37169,0],]]
[37426,8,33,[[37425,0],[37427,0],[37682,0],[37170,0],]]
[37427,13,33,[[37428,0],[37426,0],[37683,0],[37682,0],[37171,0],]]
[37428,1,33,[[37427,0],[37429,0],[37684,0],[37172,0],]]
[37429,3,33,[[37430,0],[37428,0],[37685,0],[37684,0],[37173,0],]]
[37430,14,33,[[37429,0],[37431,0],[37686,0],[37174,0],]]
[37431,1,33,[[37432,0],[37430,0],[37687,0],[37686,0],[37175,0],]]
[37432,1,33,[[37431,0],[37433,0],[37688,0],[37176,0],]]
[37433,10,33,[[37434,0],[37432,0],[37689,0],[37688,0],[37177,0],]]
[37434,11,33,[[37433,0],[37435,0],[37690,0],[37178,0],]]
[37435,8,33,[[37436,0],[37434,0],[37691,0],[37690,0],[37179,0],]]
[37436,7,33,[[37435,0],[37437,0],[37692,0],[37180,0],]]
[37437,9,33,[[37438,0],[37436,0],[37693,0],[37692,0],[37181,0],]]
[37438,17,33,[[37437,0],[37439,0],[37694,0],[37182,0],]]
[37439,18,33,[[37440,0],[37438,0],[37695,0],[37694,0],[37183,0],]]
[37440,13,34,[[37439,0],[37441,0],[37696,0],[37184,0],]]
[37441,9,34,[[37442,0],[37440,0],[37697,0],[37696,0],[37185,0],]]
[37442,7,34,[[37441,0],[37443,0],[37698,0],[37186,0],]]
[37443,13,34,[[37444,0],[37442,0],[37699,0],[37698,0],[37187,0],]]
[37444,11,34,[[37443,0],[37445,0],[37700,0],[37188,0],]]
[37445,16,34,[[37446,0],[37444,0],[37701,0],[37700,0],[37189,0],]]
[37446,11,34,[[37445,0],[37447,0],[37702,0],[37190,0],]]
[37447,4,34,[[37448,0],[37446,0],[37703,0],[37702,0],[37191,0],]]
[37448,4,34,[[37447,0],[37449,0],[37704,0],[37192,0],]]
[37449,4,34,[[37450,0],[37448,0],[37705,0],[37704,0],[37193,0],]]
[37450,10,34,[[37449,0],[37451,0],[37706,0],[37194,0],]]
[37451,12,34,[[37452,0],[37450,0],[37707,0],[37706,0],[37195,0],]]
[37452,1,34,[[37451,0],[37453,0],[37708,0],[37196,0],]]
[37453,15,34,[[37454,0],[37452,0],[37709,0],[37708,0],[37197,0],]]
[37454,3,34,[[37453,0],[37455,0],[37710,0],[37198,0],]]
[37455,6,34,[[37456,0],[37454,0],[37711,0],[37710,0],[37199,0],]]
[37456,5,34,[[37455,0],[37457,0],[37712,0],[37200,0],]]
[37457,1,34,[[37458,0],[37456,0],[37713,0],[37712,0],[37201,0],]]
[37458,13,34,[[37457,0],[37459,0],[37714,0],[37202,0],]]
[37459,9,34,[[37460,0],[37458,0],[37715,0],[37714,0],[37203,0],]]
[37460,15,34,[[37459,0],[37461,0],[37716,0],[37204,0],]]
[37461,13,34,[[37462,0],[37460,0],[37717,0],[37716,0],[37205,0],]]
[37462,5,34,[[37461,0],[37463,0],[37718,0],[37206,0],]]
[37463,15,34,[[37464,0],[37462,0],[37719,0],[37718,0],[37207,0],]]
[37464,4,34,[[37463,0],[37465,0],[37720,0],[37208,0],]]
[37465,9,34,[[37466,0],[37464,0],[37721,0],[37720,0],[37209,0],]]
[37466,18,34,[[37465,0],[37467,0],[37722,0],[37210,0],]]
[37467,3,34,[[37468,0],[37466,0],[37723,0],[37722,0],[37211,0],]]
[37468,18,34,[[37467,0],[37469,0],[37724,0],[37212,0],]]
[37469,3,34,[[37470,0],[37468,0],[37725,0],[37724,0],[37213,0],]]
[37470,11,34,[[37469,0],[37471,0],[37726,0],[37214,0],]]
[37471,5,34,[[37472,0],[37470,0],[37727,0],[37726,0],[37215,0],]]
[37472,19,35,[[37471,0],[37473,0],[37728,0],[37216,0],]]
[37473,8,35,[[37474,0],[37472,0],[37729,0],[37728,0],[37217,0],]]
[37474,12,35,[[37473,0],[37475,0],[37730,0],[37218,0],]]
[37475,4,35,[[37476,0],[37474,0],[37731,0],[37730,0],[37219,0],]]
[37476,2,35,[[37475,0],[37477,0],[37732,0],[37220,0],]]
[37477,18,35,[[37478,0],[37476,0],[37733,0],[37732,0],[37221,0],]]
[37478,2,35,[[37477,0],[37479,0],[37734,0],[37222,0],]]
[37479,7,35,[[37480,0],[37478,0],[37735,0],[37734,0],[37223,0],]]
[37480,18,35,[[37479,0],[37481,0],[37736,0],[37224,0],]]
[37481,9,35,[[37482,0],[37480,0],[37737,0],[37736,0],[37225,0],]]
[37482,6,35,[[37481,0],[37483,0],[37738,0],[37226,0],]]
[37483,7,35,[[37484,0],[37482,0],[37739,0],[37738,0],[37227,0],]]
[37484,17,35,[[37483,0],[37485,0],[37740,0],[37228,0],]]
[37485,3,35,[[37486,0],[37484,0],[37741,0],[37740,0],[37229,0],]]
[37486,13,35,[[37485,0],[37487,0],[37742,0],[37230,0],]]
[37487,8,35,[[37488,0],[37486,0],[37743,0],[37742,0],[37231,0],]]
[37488,9,35,[[37487,0],[37489,0],[37744,0],[37232,0],]]
[37489,6,35,[[37490,0],[37488,0],[37745,0],[37744,0],[37233,0],]]
[37490,5,35,[[37489,0],[37491,0],[37746,0],[37234,0],]]
[37491,14,35,[[37492,0],[37490,0],[37747,0],[37746,0],[37235,0],]]
[37492,19,35,[[37491,0],[37493,0],[37748,0],[37236,0],]]
[37493,12,35,[[37494,0],[37492,0],[37749,0],[37748,0],[37237,0],]]
[37494,9,35,[[37493,0],[37495,0],[37750,0],[37238,0],]]
[37495,2,35,[[37496,0],[37494,0],[37751,0],[37750,0],[37239,0],]]
[37496,14,35,[[37495,0],[37497,0],[37752,0],[37240,0],]]
[37497,1,35,[[37498,0],[37496,0],[37753,0],[37752,0],[37241,0],]]
[37498,15,35,[[37497,0],[37499,0],[37754,0],[37242,0],]]
[37499,15,35,[[37500,0],[37498,0],[37755,0],[37754,0],[37243,0],]]
[37500,11,35,[[37499,0],[37501,0],[37756,0],[37244,0],]]
[37501,2,35,[[37502,0],[37500,0],[37757,0],[37756,0],[37245,0],]]
[37502,8,35,[[37501,0],[37503,0],[37758,0],[37246,0],]]
[37503,12,35,[[37504,0],[37502,0],[37759,0],[37758,0],[37247,0],]]
[37504,5,36,[[37503,0],[37505,0],[37760,0],[37248,0],]]
[37505,14,36,[[37506,0],[37504,0],[37761,0],[37760,0],[37249,0],]]
[37506,16,36,[[37505,0],[37507,0],[37762,0],[37250,0],]]
[37507,15,36,[[37508,0],[37506,0],[37763,0],[37762,0],[37251,0],]]
[37508,15,36,[[37507,0],[37509,0],[37764,0],[37252,0],]]
[37509,18,36,[[37510,0],[37508,0],[37765,0],[37764,0],[37253,0],]]
[37510,1,36,[[37509,0],[37511,0],[37766,0],[37254,0],]]
[37511,11,36,[[37512,0],[37510,0],[37767,0],[37766,0],[37255,0],]]
[37512,2,36,[[37511,0],[37513,0],[37768,0],[37256,0],]]
[37513,16,36,[[37514,0],[37512,0],[37769,0],[37768,0],[37257,0],]]
[37514,19,36,[[37513,0],[37515,0],[37770,0],[37258,0],]]
[37515,11,36,[[37516,0],[37514,0],[37771,0],[37770,0],[37259,0],]]
[37516,5,36,[[37515,0],[37517,0],[37772,0],[37260,0],]]
[37517,11,36,[[37518,0],[37516,0],[37773,0],[37772,0],[37261,0],]]
[37518,14,36,[[37517,0],[37519,0],[37774,0],[37262,0],]]
[37519,5,36,[[37520,0],[37518,0],[37775,0],[37774,0],[37263,0],]]
[37520,12,36,[[37519,0],[37521,0],[37776,0],[37264,0],]]
[37521,19,36,[[37522,0],[37520,0],[37777,0],[37776,0],[37265,0],]]
[37522,3,36,[[37521,0],[37523,0],[37778,0],[37266,0],]]
[37523,7,36,[[37524,0],[37522,0],[37779,0],[37778,0],[37267,0],]]
[37524,11,36,[[37523,0],[37525,0],[37780,0],[37268,0],]]
[37525,16,36,[[37526,0],[37524,0],[37781,0],[37780,0],[37269,0],]]
[37526,10,36,[[37525,0],[37527,0],[37782,0],[37270,0],]]
[37527,19,36,[[37528,0],[37526,0],[37783,0],[37782,0],[37271,0],]]
[37528,15,36,[[37527,0],[37529,0],[37784,0],[37272,0],]]
[37529,2,36,[[37530,0],[37528,0],[37785,0],[37784,0],[37273,0],]]
[37530,9,36,[[37529,0],[37531,0],[37786,0],[37274,0],]]
[37531,11,36,[[37532,0],[37530,0],[37787,0],[37786,0],[37275,0],]]
[37532,8,36,[[37531,0],[37533,0],[37788,0],[37276,0],]]
[37533,10,36,[[37534,0],[37532,0],[37789,0],[37788,0],[37277,0],]]
[37534,14,36,[[37533,0],[37535,0],[37790,0],[37278,0],]]
[37535,18,36,[[37536,0],[37534,0],[37791,0],[37790,0],[37279,0],]]
[37536,4,37,[[37535,0],[37537,0],[37792,0],[37280,0],]]
[37537,10,37,[[37538,0],[37536,0],[37793,0],[37792,0],[37281,0],]]
[37538,11,37,[[37537,0],[37539,0],[37794,0],[37282,0],]]
[37539,16,37,[[37540,0],[37538,0],[37795,0],[37794,0],[37283,0],]]
[37540,10,37,[[37539,0],[37541,0],[37796,0],[37284,0],]]
[37541,19,37,[[37542,0],[37540,0],[37797,0],[37796,0],[37285,0],]]
[37542,12,37,[[37541,0],[37543,0],[37798,0],[37286,0],]]
[37543,14,37,[[37544,0],[37542,0],[37799,0],[37798,0],[37287,0],]]
[37544,14,37,[[37543,0],[37545,0],[37800,0],[37288,0],]]
[37545,13,37,[[37546,0],[37544,0],[37801,0],[37800,0],[37289,0],]]
[37546,12,37,[[37545,0],[37547,0],[37802,0],[37290,0],]]
[37547,4,37,[[37548,0],[37546,0],[37803,0],[37802,0],[37291,0],]]
[37548,6,37,[[37547,0],[37549,0],[37804,0],[37292,0],]]
[37549,10,37,[[37550,0],[37548,0],[37805,0],[37804,0],[37293,0],]]
[37550,17,37,[[37549,0],[37551,0],[37806,0],[37294,0],]]
[37551,10,37,[[37552,0],[37550,0],[37807,0],[37806,0],[37295,0],]]
[37552,7,37,[[37551,0],[37553,0],[37808,0],[37296,0],]]
[37553,9,37,[[37554,0],[37552,0],[37809,0],[37808,0],[37297,0],]]
[37554,15,37,[[37553,0],[37555,0],[37810,0],[37298,0],]]
[37555,2,37,[[37556,0],[37554,0],[37811,0],[37810,0],[37299,0],]]
[37556,11,37,[[37555,0],[37557,0],[37812,0],[37300,0],]]
[37557,5,37,[[37558,0],[37556,0],[37813,0],[37812,0],[37301,0],]]
[37558,1,37,[[37557,0],[37559,0],[37814,0],[37302,0],]]
[37559,2,37,[[37560,0],[37558,0],[37815,0],[37814,0],[37303,0],]]
[37560,15,37,[[37559,0],[37561,0],[37816,0],[37304,0],]]
[37561,12,37,[[37562,0],[37560,0],[37817,0],[37816,0],[37305,0],]]
[37562,6,37,[[37561,0],[37563,0],[37818,0],[37306,0],]]
[37563,10,37,[[37564,0],[37562,0],[37819,0],[37818,0],[37307,0],]]
[37564,10,37,[[37563,0],[37565,0],[37820,0],[37308,0],]]
[37565,8,37,[[37566,0],[37564,0],[37821,0],[37820,0],[37309,0],]]
[37566,11,37,[[37565,0],[37567,0],[37822,0],[37310,0],]]
[37567,12,37,[[37568,0],[37566,0],[37823,0],[37822,0],[37311,0],]]
[37568,19,38,[[37567,0],[37569,0],[37824,0],[37312,0],]]
[37569,12,38,[[37570,0],[37568,0],[37825,0],[37824,0],[37313,0],]]
[37570,15,38,[[37569,0],[37571,0],[37826,0],[37314,0],]]
[37571,11,38,[[37572,0],[37570,0],[37827,0],[37826,0],[37315,0],]]
[37572,5,38,[[37571,0],[37573,0],[37828,0],[37316,0],]]
[37573,9,38,[[37574,0],[37572,0],[37829,0],[37828,0],[37317,0],]]
[37574,2,38,[[37573,0],[37575,0],[37830,0],[37318,0],]]
[37575,5,38,[[37576,0],[37574,0],[37831,0],[37830,0],[37319,0],]]
[37576,15,38,[[37575,0],[37577,0],[37832,0],[37320,0],]]
[37577,13,38,[[37578,0],[37576,0],[37833,0],[37832,0],[37321,0],]]
[37578,13,38,[[37577,0],[37579,0],[37834,0],[37322,0],]]
[37579,16,38,[[37580,0],[37578,0],[37835,0],[37834,0],[37323,0],]]
[37580,14,38,[[37579,0],[37581,0],[37836,0],[37324,0],]]
[37581,9,38,[[37582,0],[37580,0],[37837,0],[37836,0],[37325,0],]]
[37582,4,38,[[37581,0],[37583,0],[37838,0],[37326,0],]]
[37583,1,38,[[37584,0],[37582,0],[37839,0],[37838,0],[37327,0],]]
[37584,16,38,[[37583,0],[37585,0],[37840,0],[37328,0],]]
[37585,13,38,[[37586,0],[37584,0],[37841,0],[37840,0],[37329,0],]]
[37586,9,38,[[37585,0],[37587,0],[37842,0],[37330,0],]]
[37587,12,38,[[37588,0],[37586,0],[37843,0],[37842,0],[37331,0],]]
[37588,3,38,[[37587,0],[37589,0],[37844,0],[37332,0],]]
[37589,14,38,[[37590,0],[37588,0],[37845,0],[37844,0],[37333,0],]]
[37590,15,38,[[37589,0],[37591,0],[37846,0],[37334,0],]]
[37591,9,38,[[37592,0],[37590,0],[37847,0],[37846,0],[37335,0],]]
[37592,8,38,[[37591,0],[37593,0],[37848,0],[37336,0],]]
[37593,15,38,[[37594,0],[37592,0],[37849,0],[37848,0],[37337,0],]]
[37594,9,38,[[37593,0],[37595,0],[37850,0],[37338,0],]]
[37595,5,38,[[37596,0],[37594,0],[37851,0],[37850,0],[37339,0],]]
[37596,13,38,[[37595,0],[37597,0],[37852,0],[37340,0],]]
[37597,2,38,[[37598,0],[37596,0],[37853,0],[37852,0],[37341,0],]]
[37598,13,38,[[37597,0],[37599,0],[37854,0],[37342,0],]]
[37599,5,38,[[37600,0],[37598,0],[37855,0],[37854,0],[37343,0],]]
[37600,8,39,[[37599,0],[37601,0],[37856,0],[37344,0],]]
[37601,6,39,[[37602,0],[37600,0],[37857,0],[37856,0],[37345,0],]]
[37602,6,39,[[37601,0],[37603,0],[37858,0],[37346,0],]]
[37603,14,39,[[37604,0],[37602,0],[37859,0],[37858,0],[37347,0],]]
[37604,8,39,[[37603,0],[37605,0],[37860,0],[37348,0],]]
[37605,2,39,[[37606,0],[37604,0],[37861,0],[37860,0],[37349,0],]]
[37606,8,39,[[37605,0],[37607,0],[37862,0],[37350,0],]]
[37607,13,39,[[37608,0],[37606,0],[37863,0],[37862,0],[37351,0],]]
[37608,16,39,[[37607,0],[37609,0],[37864,0],[37352,0],]]
[37609,13,39,[[37610,0],[37608,0],[37865,0],[37864,0],[37353,0],]]
[37610,5,39,[[37609,0],[37611,0],[37866,0],[37354,0],]]
[37611,4,39,[[37612,0],[37610,0],[37867,0],[37866,0],[37355,0],]]
[37612,17,39,[[37611,0],[37613,0],[37868,0],[37356,0],]]
[37613,12,39,[[37614,0],[37612,0],[37869,0],[37868,0],[37357,0],]]
[37614,7,39,[[37613,0],[37615,0],[37870,0],[37358,0],]]
[37615,12,39,[[37616,0],[37614,0],[37871,0],[37870,0],[37359,0],]]
[37616,8,39,[[37615,0],[37617,0],[37872,0],[37360,0],]]
[37617,18,39,[[37618,0],[37616,0],[37873,0],[37872,0],[37361,0],]]
[37618,10,39,[[37617,0],[37619,0],[37874,0],[37362,0],]]
[37619,11,39,[[37620,0],[37618,0],[37875,0],[37874,0],[37363,0],]]
[37620,4,39,[[37619,0],[37621,0],[37876,0],[37364,0],]]
[37621,1,39,[[37622,0],[37620,0],[37877,0],[37876,0],[37365,0],]]
[37622,1,39,[[37621,0],[37623,0],[37878,0],[37366,0],]]
[37623,4,39,[[37624,0],[37622,0],[37879,0],[37878,0],[37367,0],]]
[37624,5,39,[[37623,0],[37625,0],[37880,0],[37368,0],]]
[37625,18,39,[[37626,0],[37624,0],[37881,0],[37880,0],[37369,0],]]
[37626,14,39,[[37625,0],[37627,0],[37882,0],[37370,0],]]
[37627,8,39,[[37628,0],[37626,0],[37883,0],[37882,0],[37371,0],]]
[37628,9,39,[[37627,0],[37629,0],[37884,0],[37372,0],]]
[37629,15,39,[[37630,0],[37628,0],[37885,0],[37884,0],[37373,0],]]
[37630,13,39,[[37629,0],[37631,0],[37886,0],[37374,0],]]
[37631,14,39,[[37630,0],[37887,0],[37886,0],[37375,0],]]
[37632,16,32,[[37633,0],[37376,0],[37377,0],[37888,0],]]
[37633,17,32,[[37634,0],[37632,0],[37377,0],[37889,0],]]
[37634,2,32,[[37633,0],[37635,0],[37378,0],[37379,0],[37890,0],]]
[37635,1,32,[[37636,0],[37634,0],[37379,0],[37891,0],]]
[37636,12,32,[[37635,0],[37637,0],[37380,0],[37381,0],[37892,0],]]
[37637,19,32,[[37638,0],[37636,0],[37381,0],[37893,0],]]
[37638,5,32,[[37637,0],[37639,0],[37382,0],[37383,0],[37894,0],]]
[37639,1,32,[[37640,0],[37638,0],[37383,0],[37895,0],]]
[37640,13,32,[[37639,0],[37641,0],[37384,0],[37385,0],[37896,0],]]
[37641,4,32,[[37642,0],[37640,0],[37385,0],[37897,0],]]
[37642,2,32,[[37641,0],[37643,0],[37386,0],[37387,0],[37898,0],]]
[37643,12,32,[[37644,0],[37642,0],[37387,0],[37899,0],]]
[37644,9,32,[[37643,0],[37645,0],[37388,0],[37389,0],[37900,0],]]
[37645,13,32,[[37646,0],[37644,0],[37389,0],[37901,0],]]
[37646,15,32,[[37645,0],[37647,0],[37390,0],[37391,0],[37902,0],]]
[37647,8,32,[[37648,0],[37646,0],[37391,0],[37903,0],]]
[37648,14,32,[[37647,0],[37649,0],[37392,0],[37393,0],[37904,0],]]
[37649,1,32,[[37650,0],[37648,0],[37393,0],[37905,0],]]
[37650,4,32,[[37649,0],[37651,0],[37394,0],[37395,0],[37906,0],]]
[37651,15,32,[[37652,0],[37650,0],[37395,0],[37907,0],]]
[37652,12,32,[[37651,0],[37653,0],[37396,0],[37397,0],[37908,0],]]
[37653,5,32,[[37654,0],[37652,0],[37397,0],[37909,0],]]
[37654,11,32,[[37653,0],[37655,0],[37398,0],[37399,0],[37910,0],]]
[37655,11,32,[[37656,0],[37654,0],[37399,0],[37911,0],]]
[37656,17,32,[[37655,0],[37657,0],[37400,0],[37401,0],[37912,0],]]
[37657,13,32,[[37658,0],[37656,0],[37401,0],[37913,0],]]
[37658,11,32,[[37657,0],[37659,0],[37402,0],[37403,0],[37914,0],]]
[37659,1,32,[[37660,0],[37658,0],[37403,0],[37915,0],]]
[37660,4,32,[[37659,0],[37661,0],[37404,0],[37405,0],[37916,0],]]
[37661,1,32,[[37662,0],[37660,0],[37405,0],[37917,0],]]
[37662,2,32,[[37661,0],[37663,0],[37406,0],[37407,0],[37918,0],]]
[37663,19,32,[[37664,0],[37662,0],[37407,0],[37919,0],]]
[37664,4,33,[[37663,0],[37665,0],[37408,0],[37409,0],[37920,0],]]
[37665,9,33,[[37666,0],[37664,0],[37409,0],[37921,0],]]
[37666,14,33,[[37665,0],[37667,0],[37410,0],[37411,0],[37922,0],]]
[37667,2,33,[[37668,0],[37666,0],[37411,0],[37923,0],]]
[37668,1,33,[[37667,0],[37669,0],[37412,0],[37413,0],[37924,0],]]
[37669,17,33,[[37670,0],[37668,0],[37413,0],[37925,0],]]
[37670,5,33,[[37669,0],[37671,0],[37414,0],[37415,0],[37926,0],]]
[37671,1,33,[[37672,0],[37670,0],[37415,0],[37927,0],]]
[37672,7,33,[[37671,0],[37673,0],[37416,0],[37417,0],[37928,0],]]
[37673,7,33,[[37674,0],[37672,0],[37417,0],[37929,0],]]
[37674,8,33,[[37673,0],[37675,0],[37418,0],[37419,0],[37930,0],]]
[37675,16,33,[[37676,0],[37674,0],[37419,0],[37931,0],]]
[37676,14,33,[[37675,0],[37677,0],[37420,0],[37421,0],[37932,0],]]
[37677,17,33,[[37678,0],[37676,0],[37421,0],[37933,0],]]
[37678,12,33,[[37677,0],[37679,0],[37422,0],[37423,0],[37934,0],]]
[37679,2,33,[[37680,0],[37678,0],[37423,0],[37935,0],]]
[37680,1,33,[[37679,0],[37681,0],[37424,0],[37425,0],[37936,0],]]
[37681,13,33,[[37682,0],[37680,0],[37425,0],[37937,0],]]
[37682,13,33,[[37681,0],[37683,0],[37426,0],[37427,0],[37938,0],]]
[37683,19,33,[[37684,0],[37682,0],[37427,0],[37939,0],]]
[37684,12,33,[[37683,0],[37685,0],[37428,0],[37429,0],[37940,0],]]
[37685,2,33,[[37686,0],[37684,0],[37429,0],[37941,0],]]
[37686,16,33,[[37685,0],[37687,0],[37430,0],[37431,0],[37942,0],]]
[37687,15,33,[[37688,0],[37686,0],[37431,0],[37943,0],]]
[37688,13,33,[[37687,0],[37689,0],[37432,0],[37433,0],[37944,0],]]
[37689,2,33,[[37690,0],[37688,0],[37433,0],[37945,0],]]
[37690,10,33,[[37689,0],[37691,0],[37434,0],[37435,0],[37946,0],]]
[37691,19,33,[[37692,0],[37690,0],[37435,0],[37947,0],]]
[37692,1,33,[[37691,0],[37693,0],[37436,0],[37437,0],[37948,0],]]
[37693,12,33,[[37694,0],[37692,0],[37437,0],[37949,0],]]
[37694,3,33,[[37693,0],[37695,0],[37438,0],[37439,0],[37950,0],]]
[37695,6,33,[[37696,0],[37694,0],[37439,0],[37951,0],]]
[37696,14,34,[[37695,0],[37697,0],[37440,0],[37441,0],[37952,0],]]
[37697,18,34,[[37698,0],[37696,0],[37441,0],[37953,0],]]
[37698,8,34,[[37697,0],[37699,0],[37442,0],[37443,0],[37954,0],]]
[37699,15,34,[[37700,0],[37698,0],[37443,0],[37955,0],]]
[37700,6,34,[[37699,0],[37701,0],[37444,0],[37445,0],[37956,0],]]
[37701,14,34,[[37702,0],[37700,0],[37445,0],[37957,0],]]
[37702,4,34,[[37701,0],[37703,0],[37446,0],[37447,0],[37958,0],]]
[37703,19,34,[[37704,0],[37702,0],[37447,0],[37959,0],]]
[37704,14,34,[[37703,0],[37705,0],[37448,0],[37449,0],[37960,0],]]
[37705,14,34,[[37706,0],[37704,0],[37449,0],[37961,0],]]
[37706,14,34,[[37705,0],[37707,0],[37450,0],[37451,0],[37962,0],]]
[37707,8,34,[[37708,0],[37706,0],[37451,0],[37963,0],]]
[37708,2,34,[[37707,0],[37709,0],[37452,0],[37453,0],[37964,0],]]
[37709,14,34,[[37710,0],[37708,0],[37453,0],[37965,0],]]
[37710,11,34,[[37709,0],[37711,0],[37454,0],[37455,0],[37966,0],]]
[37711,12,34,[[37712,0],[37710,0],[37455,0],[37967,0],]]
[37712,3,34,[[37711,0],[37713,0],[37456,0],[37457,0],[37968,0],]]
[37713,2,34,[[37714,0],[37712,0],[37457,0],[37969,0],]]
[37714,18,34,[[37713,0],[37715,0],[37458,0],[37459,0],[37970,0],]]
[37715,14,34,[[37716,0],[37714,0],[37459,0],[37971,0],]]
[37716,17,34,[[37715,0],[37717,0],[37460,0],[37461,0],[37972,0],]]
[37717,16,34,[[37718,0],[37716,0],[37461,0],[37973,0],]]
[37718,11,34,[[37717,0],[37719,0],[37462,0],[37463,0],[37974,0],]]
[37719,2,34,[[37720,0],[37718,0],[37463,0],[37975,0],]]
[37720,17,34,[[37719,0],[37721,0],[37464,0],[37465,0],[37976,0],]]
[37721,7,34,[[37722,0],[37720,0],[37465,0],[37977,0],]]
[37722,19,34,[[37721,0],[37723,0],[37466,0],[37467,0],[37978,0],]]
[37723,11,34,[[37724,0],[37722,0],[37467,0],[37979,0],]]
[37724,17,34,[[37723,0],[37725,0],[37468,0],[37469,0],[37980,0],]]
[37725,1,34,[[37726,0],[37724,0],[37469,0],[37981,0],]]
[37726,15,34,[[37725,0],[37727,0],[37470,0],[37471,0],[37982,0],]]
[37727,12,34,[[37728,0],[37726,0],[37471,0],[37983,0],]]
[37728,5,35,[[37727,0],[37729,0],[37472,0],[37473,0],[37984,0],]]
[37729,18,35,[[37730,0],[37728,0],[37473,0],[37985,0],]]
[37730,12,35,[[37729,0],[37731,0],[37474,0],[37475,0],[37986,0],]]
[37731,8,35,[[37732,0],[37730,0],[37475,0],[37987,0],]]
[37732,2,35,[[37731,0],[37733,0],[37476,0],[37477,0],[37988,0],]]
[37733,14,35,[[37734,0],[37732,0],[37477,0],[37989,0],]]
[37734,19,35,[[37733,0],[37735,0],[37478,0],[37479,0],[37990,0],]]
[37735,10,35,[[37736,0],[37734,0],[37479,0],[37991,0],]]
[37736,18,35,[[37735,0],[37737,0],[37480,0],[37481,0],[37992,0],]]
[37737,15,35,[[37738,0],[37736,0],[37481,0],[37993,0],]]
[37738,8,35,[[37737,0],[37739,0],[37482,0],[37483,0],[37994,0],]]
[37739,12,35,[[37740,0],[37738,0],[37483,0],[37995,0],]]
[37740,7,35,[[37739,0],[37741,0],[37484,0],[37485,0],[37996,0],]]
[37741,4,35,[[37742,0],[37740,0],[37485,0],[37997,0],]]
[37742,8,35,[[37741,0],[37743,0],[37486,0],[37487,0],[37998,0],]]
[37743,10,35,[[37744,0],[37742,0],[37487,0],[37999,0],]]
[37744,10,35,[[37743,0],[37745,0],[37488,0],[37489,0],[38000,0],]]
[37745,2,35,[[37746,0],[37744,0],[37489,0],[38001,0],]]
[37746,4,35,[[37745,0],[37747,0],[37490,0],[37491,0],[38002,0],]]
[37747,17,35,[[37748,0],[37746,0],[37491,0],[38003,0],]]
[37748,4,35,[[37747,0],[37749,0],[37492,0],[37493,0],[38004,0],]]
[37749,7,35,[[37750,0],[37748,0],[37493,0],[38005,0],]]
[37750,1,35,[[37749,0],[37751,0],[37494,0],[37495,0],[38006,0],]]
[37751,9,35,[[37752,0],[37750,0],[37495,0],[38007,0],]]
[37752,17,35,[[37751,0],[37753,0],[37496,0],[37497,0],[38008,0],]]
[37753,17,35,[[37754,0],[37752,0],[37497,0],[38009,0],]]
[37754,6,35,[[37753,0],[37755,0],[37498,0],[37499,0],[38010,0],]]
[37755,1,35,[[37756,0],[37754,0],[37499,0],[38011,0],]]
[37756,3,35,[[37755,0],[37757,0],[37500,0],[37501,0],[38012,0],]]
[37757,16,35,[[37758,0],[37756,0],[37501,0],[38013,0],]]
[37758,1,35,[[37757,0],[37759,0],[37502,0],[37503,0],[38014,0],]]
[37759,16,35,[[37760,0],[37758,0],[37503,0],[38015,0],]]
[37760,18,36,[[37759,0],[37761,0],[37504,0],[37505,0],[38016,0],]]
[37761,9,36,[[37762,0],[37760,0],[37505,0],[38017,0],]]
[37762,4,36,[[37761,0],[37763,0],[37506,0],[37507,0],[38018,0],]]
[37763,17,36,[[37764,0],[37762,0],[37507,0],[38019,0],]]
[37764,17,36,[[37763,0],[37765,0],[37508,0],[37509,0],[38020,0],]]
[37765,2,36,[[37766,0],[37764,0],[37509,0],[38021,0],]]
[37766,13,36,[[37765,0],[37767,0],[37510,0],[37511,0],[38022,0],]]
[37767,2,36,[[37768,0],[37766,0],[37511,0],[38023,0],]]
[37768,14,36,[[37767,0],[37769,0],[37512,0],[37513,0],[38024,0],]]
[37769,6,36,[[37770,0],[37768,0],[37513,0],[38025,0],]]
[37770,8,36,[[37769,0],[37771,0],[37514,0],[37515,0],[38026,0],]]
[37771,1,36,[[37772,0],[37770,0],[37515,0],[38027,0],]]
[37772,8,36,[[37771,0],[37773,0],[37516,0],[37517,0],[38028,0],]]
[37773,6,36,[[37774,0],[37772,0],[37517,0],[38029,0],]]
[37774,12,36,[[37773,0],[37775,0],[37518,0],[37519,0],[38030,0],]]
[37775,18,36,[[37776,0],[37774,0],[37519,0],[38031,0],]]
[37776,9,36,[[37775,0],[37777,0],[37520,0],[37521,0],[38032,0],]]
[37777,4,36,[[37778,0],[37776,0],[37521,0],[38033,0],]]
[37778,13,36,[[37777,0],[37779,0],[37522,0],[37523,0],[38034,0],]]
[37779,5,36,[[37780,0],[37778,0],[37523,0],[38035,0],]]
[37780,2,36,[[37779,0],[37781,0],[37524,0],[37525,0],[38036,0],]]
[37781,17,36,[[37782,0],[37780,0],[37525,0],[38037,0],]]
[37782,12,36,[[37781,0],[37783,0],[37526,0],[37527,0],[38038,0],]]
[37783,1,36,[[37784,0],[37782,0],[37527,0],[38039,0],]]
[37784,9,36,[[37783,0],[37785,0],[37528,0],[37529,0],[38040,0],]]
[37785,8,36,[[37786,0],[37784,0],[37529,0],[38041,0],]]
[37786,12,36,[[37785,0],[37787,0],[37530,0],[37531,0],[38042,0],]]
[37787,12,36,[[37788,0],[37786,0],[37531,0],[38043,0],]]
[37788,9,36,[[37787,0],[37789,0],[37532,0],[37533,0],[38044,0],]]
[37789,8,36,[[37790,0],[37788,0],[37533,0],[38045,0],]]
[37790,4,36,[[37789,0],[37791,0],[37534,0],[37535,0],[38046,0],]]
[37791,3,36,[[37792,0],[37790,0],[37535,0],[38047,0],]]
[37792,2,37,[[37791,0],[37793,0],[37536,0],[37537,0],[38048,0],]]
[37793,19,37,[[37794,0],[37792,0],[37537,0],[38049,0],]]
[37794,14,37,[[37793,0],[37795,0],[37538,0],[37539,0],[38050,0],]]
[37795,14,37,[[37796,0],[37794,0],[37539,0],[38051,0],]]
[37796,6,37,[[37795,0],[37797,0],[37540,0],[37541,0],[38052,0],]]
[37797,1,37,[[37798,0],[37796,0],[37541,0],[38053,0],]]
[37798,1,37,[[37797,0],[37799,0],[37542,0],[37543,0],[38054,0],]]
[37799,13,37,[[37800,0],[37798,0],[37543,0],[38055,0],]]
[37800,2,37,[[37799,0],[37801,0],[37544,0],[37545,0],[38056,0],]]
[37801,7,37,[[37802,0],[37800,0],[37545,0],[38057,0],]]
[37802,11,37,[[37801,0],[37803,0],[37546,0],[37547,0],[38058,0],]]
[37803,3,37,[[37804,0],[37802,0],[37547,0],[38059,0],]]
[37804,7,37,[[37803,0],[37805,0],[37548,0],[37549,0],[38060,0],]]
[37805,6,37,[[37806,0],[37804,0],[37549,0],[38061,0],]]
[37806,2,37,[[37805,0],[37807,0],[37550,0],[37551,0],[38062,0],]]
[37807,6,37,[[37808,0],[37806,0],[37551,0],[38063,0],]]
[37808,5,37,[[37807,0],[37809,0],[37552,0],[37553,0],[38064,0],]]
[37809,7,37,[[37810,0],[37808,0],[37553,0],[38065,0],]]
[37810,13,37,[[37809,0],[37811,0],[37554,0],[37555,0],[38066,0],]]
[37811,9,37,[[37812,0],[37810,0],[37555,0],[38067,0],]]
[37812,2,37,[[37811,0],[37813,0],[37556,0],[37557,0],[38068,0],]]
[37813,1,37,[[37814,0],[37812,0],[37557,0],[38069,0],]]
[37814,7,37,[[37813,0],[37815,0],[37558,0],[37559,0],[38070,0],]]
[37815,10,37,[[37816,0],[37814,0],[37559,0],[38071,0],]]
[37816,2,37,[[37815,0],[37817,0],[37560,0],[37561,0],[38072,0],]]
[37817,12,37,[[37818,0],[37816,0],[37561,0],[38073,0],]]
[37818,16,37,[[37817,0],[37819,0],[37562,0],[37563,0],[38074,0],]]
[37819,19,37,[[37820,0],[37818,0],[37563,0],[38075,0],]]
[37820,3,37,[[37819,0],[37821,0],[37564,0],[37565,0],[38076,0],]]
[37821,5,37,[[37822,0],[37820,0],[37565,0],[38077,0],]]
[37822,13,37,[[37821,0],[37823,0],[37566,0],[37567,0],[38078,0],]]
[37823,13,37,[[37824,0],[37822,0],[37567,0],[38079,0],]]
[37824,14,38,[[37823,0],[37825,0],[37568,0],[37569,0],[38080,0],]]
[37825,4,38,[[37826,0],[37824,0],[37569,0],[38081,0],]]
[37826,5,38,[[37825,0],[37827,0],[37570,0],[37571,0],[38082,0],]]
[37827,2,38,[[37828,0],[37826,0],[37571,0],[38083,0],]]
[37828,4,38,[[37827,0],[37829,0],[37572,0],[37573,0],[38084,0],]]
[37829,14,38,[[37830,0],[37828,0],[37573,0],[38085,0],]]
[37830,2,38,[[37829,0],[37831,0],[37574,0],[37575,0],[38086,0],]]
[37831,8,38,[[37832,0],[37830,0],[37575,0],[38087,0],]]
[37832,3,38,[[37831,0],[37833,0],[37576,0],[37577,0],[38088,0],]]
[37833,11,38,[[37834,0],[37832,0],[37577,0],[38089,0],]]
[37834,3,38,[[37833,0],[37835,0],[37578,0],[37579,0],[38090,0],]]
[37835,16,38,[[37836,0],[37834,0],[37579,0],[38091,0],]]
[37836,2,38,[[37835,0],[37837,0],[37580,0],[37581,0],[38092,0],]]
[37837,17,38,[[37838,0],[37836,0],[37581,0],[38093,0],]]
[37838,1,38,[[37837,0],[37839,0],[37582,0],[37583,0],[38094,0],]]
[37839,1,38,[[37840,0],[37838,0],[37583,0],[38095,0],]]
[37840,4,38,[[37839,0],[37841,0],[37584,0],[37585,0],[38096,0],]]
[37841,6,38,[[37842,0],[37840,0],[37585,0],[38097,0],]]
[37842,15,38,[[37841,0],[37843,0],[37586,0],[37587,0],[38098,0],]]
[37843,3,38,[[37844,0],[37842,0],[37587,0],[38099,0],]]
[37844,7,38,[[37843,0],[37845,0],[37588,0],[37589,0],[38100,0],]]
[37845,12,38,[[37846,0],[37844,0],[37589,0],[38101,0],]]
[37846,18,38,[[37845,0],[37847,0],[37590,0],[37591,0],[38102,0],]]
[37847,2,38,[[37848,0],[37846,0],[37591,0],[38103,0],]]
[37848,2,38,[[37847,0],[37849,0],[37592,0],[37593,0],[38104,0],]]
[37849,2,38,[[37850,0],[37848,0],[37593,0],[38105,0],]]
[37850,10,38,[[37849,0],[37851,0],[37594,0],[37595,0],[38106,0],]]
[37851,8,38,[[37852,0],[37850,0],[37595,0],[38107,0],]]
[37852,16,38,[[37851,0],[37853,0],[37596,0],[37597,0],[38108,0],]]
[37853,2,38,[[37854,0],[37852,0],[37597,0],[38109,0],]]
[37854,9,38,[[37853,0],[37855,0],[37598,0],[37599,0],[38110,0],]]
[37855,19,38,[[37856,0],[37854,0],[37599,0],[38111,0],]]
[37856,5,39,[[37855,0],[37857,0],[37600,0],[37601,0],[38112,0],]]
[37857,5,39,[[37858,0],[37856,0],[37601,0],[38113,0],]]
[37858,15,39,[[37857,0],[37859,0],[37602,0],[37603,0],[38114,0],]]
[37859,11,39,[[37860,0],[37858,0],[37603,0],[38115,0],]]
[37860,18,39,[[37859,0],[37861,0],[37604,0],[37605,0],[38116,0],]]
[37861,1,39,[[37862,0],[37860,0],[37605,0],[38117,0],]]
[37862,13,39,[[37861,0],[37863,0],[37606,0],[37607,0],[38118,0],]]
[37863,18,39,[[37864,0],[37862,0],[37607,0],[38119,0],]]
[37864,2,39,[[37863,0],[37865,0],[37608,0],[37609,0],[38120,0],]]
[37865,9,39,[[37866,0],[37864,0],[37609,0],[38121,0],]]
[37866,3,39,[[37865,0],[37867,0],[37610,0],[37611,0],[38122,0],]]
[37867,14,39,[[37868,0],[37866,0],[37611,0],[38123,0],]]
[37868,13,39,[[37867,0],[37869,0],[37612,0],[37613,0],[38124,0],]]
[37869,13,39,[[37870,0],[37868,0],[37613,0],[38125,0],]]
[37870,3,39,[[37869,0],[37871,0],[37614,0],[37615,0],[38126,0],]]
[37871,14,39,[[37872,0],[37870,0],[37615,0],[38127,0],]]
[37872,6,39,[[37871,0],[37873,0],[37616,0],[37617,0],[38128,0],]]
[37873,14,39,[[37874,0],[37872,0],[37617,0],[38129,0],]]
[37874,3,39,[[37873,0],[37875,0],[37618,0],[37619,0],[38130,0],]]
[37875,1,39,[[37876,0],[37874,0],[37619,0],[38131,0],]]
[37876,13,39,[[37875,0],[37877,0],[37620,0],[37621,0],[38132,0],]]
[37877,19,39,[[37878,0],[37876,0],[37621,0],[38133,0],]]
[37878,11,39,[[37877,0],[37879,0],[37622,0],[37623,0],[38134,0],]]
[37879,16,39,[[37880,0],[37878,0],[37623,0],[38135,0],]]
[37880,7,39,[[37879,0],[37881,0],[37624,0],[37625,0],[38136,0],]]
[37881,8,39,[[37882,0],[37880,0],[37625,0],[38137,0],]]
[37882,8,39,[[37881,0],[37883,0],[37626,0],[37627,0],[38138,0],]]
[37883,13,39,[[37884,0],[37882,0],[37627,0],[38139,0],]]
[37884,4,39,[[37883,0],[37885,0],[37628,0],[37629,0],[38140,0],]]
[37885,16,39,[[37886,0],[37884,0],[37629,0],[38141,0],]]
[37886,6,39,[[37885,0],[37887,0],[37630,0],[37631,0],[38142,0],]]
[37887,7,39,[[37886,0],[37631,0],[38143,0],]]
[37888,17,32,[[37889,0],[38144,0],[37632,0],]]
[37889,18,32,[[37890,0],[37888,0],[38145,0],[38144,0],[37633,0],]]
[37890,8,32,[[37889,0],[37891,0],[38146,0],[37634,0],]]
[37891,12,32,[[37892,0],[37890,0],[38147,0],[38146,0],[37635,0],]]
[37892,7,32,[[37891,0],[37893,0],[38148,0],[37636,0],]]
[37893,18,32,[[37894,0],[37892,0],[38149,0],[38148,0],[37637,0],]]
[37894,4,32,[[37893,0],[37895,0],[38150,0],[37638,0],]]
[37895,16,32,[[37896,0],[37894,0],[38151,0],[38150,0],[37639,0],]]
[37896,16,32,[[37895,0],[37897,0],[38152,0],[37640,0],]]
[37897,12,32,[[37898,0],[37896,0],[38153,0],[38152,0],[37641,0],]]
[37898,5,32,[[37897,0],[37899,0],[38154,0],[37642,0],]]
[37899,5,32,[[37900,0],[37898,0],[38155,0],[38154,0],[37643,0],]]
[37900,14,32,[[37899,0],[37901,0],[38156,0],[37644,0],]]
[37901,9,32,[[37902,0],[37900,0],[38157,0],[38156,0],[37645,0],]]
[37902,10,32,[[37901,0],[37903,0],[38158,0],[37646,0],]]
[37903,15,32,[[37904,0],[37902,0],[38159,0],[38158,0],[37647,0],]]
[37904,3,32,[[37903,0],[37905,0],[38160,0],[37648,0],]]
[37905,4,32,[[37906,0],[37904,0],[38161,0],[38160,0],[37649,0],]]
[37906,14,32,[[37905,0],[37907,0],[38162,0],[37650,0],]]
[37907,10,32,[[37908,0],[37906,0],[38163,0],[38162,0],[37651,0],]]
[37908,18,32,[[37907,0],[37909,0],[38164,0],[37652,0],]]
[37909,11,32,[[37910,0],[37908,0],[38165,0],[38164,0],[37653,0],]]
[37910,8,32,[[37909,0],[37911,0],[38166,0],[37654,0],]]
[37911,7,32,[[37912,0],[37910,0],[38167,0],[38166,0],[37655,0],]]
[37912,13,32,[[37911,0],[37913,0],[38168,0],[37656,0],]]
[37913,14,32,[[37914,0],[37912,0],[38169,0],[38168,0],[37657,0],]]
[37914,19,32,[[37913,0],[37915,0],[38170,0],[37658,0],]]
[37915,8,32,[[37916,0],[37914,0],[38171,0],[38170,0],[37659,0],]]
[37916,10,32,[[37915,0],[37917,0],[38172,0],[37660,0],]]
[37917,11,32,[[37918,0],[37916,0],[38173,0],[38172,0],[37661,0],]]
[37918,1,32,[[37917,0],[37919,0],[38174,0],[37662,0],]]
[37919,19,32,[[37920,0],[37918,0],[38175,0],[38174,0],[37663,0],]]
[37920,6,33,[[37919,0],[37921,0],[38176,0],[37664,0],]]
[37921,1,33,[[37922,0],[37920,0],[38177,0],[38176,0],[37665,0],]]
[37922,18,33,[[37921,0],[37923,0],[38178,0],[37666,0],]]
[37923,19,33,[[37924,0],[37922,0],[38179,0],[38178,0],[37667,0],]]
[37924,13,33,[[37923,0],[37925,0],[38180,0],[37668,0],]]
[37925,13,33,[[37926,0],[37924,0],[38181,0],[38180,0],[37669,0],]]
[37926,17,33,[[37925,0],[37927,0],[38182,0],[37670,0],]]
[37927,18,33,[[37928,0],[37926,0],[38183,0],[38182,0],[37671,0],]]
[37928,14,33,[[37927,0],[37929,0],[38184,0],[37672,0],]]
[37929,18,33,[[37930,0],[37928,0],[38185,0],[38184,0],[37673,0],]]
[37930,13,33,[[37929,0],[37931,0],[38186,0],[37674,0],]]
[37931,8,33,[[37932,0],[37930,0],[38187,0],[38186,0],[37675,0],]]
[37932,11,33,[[37931,0],[37933,0],[38188,0],[37676,0],]]
[37933,10,33,[[37934,0],[37932,0],[38189,0],[38188,0],[37677,0],]]
[37934,16,33,[[37933,0],[37935,0],[38190,0],[37678,0],]]
[37935,1,33,[[37936,0],[37934,0],[38191,0],[38190,0],[37679,0],]]
[37936,12,33,[[37935,0],[37937,0],[38192,0],[37680,0],]]
[37937,1,33,[[37938,0],[37936,0],[38193,0],[38192,0],[37681,0],]]
[37938,8,33,[[37937,0],[37939,0],[38194,0],[37682,0],]]
[37939,6,33,[[37940,0],[37938,0],[38195,0],[38194,0],[37683,0],]]
[37940,18,33,[[37939,0],[37941,0],[38196,0],[37684,0],]]
[37941,12,33,[[37942,0],[37940,0],[38197,0],[38196,0],[37685,0],]]
[37942,14,33,[[37941,0],[37943,0],[38198,0],[37686,0],]]
[37943,10,33,[[37944,0],[37942,0],[38199,0],[38198,0],[37687,0],]]
[37944,3,33,[[37943,0],[37945,0],[38200,0],[37688,0],]]
[37945,9,33,[[37946,0],[37944,0],[38201,0],[38200,0],[37689,0],]]
[37946,5,33,[[37945,0],[37947,0],[38202,0],[37690,0],]]
[37947,10,33,[[37948,0],[37946,0],[38203,0],[38202,0],[37691,0],]]
[37948,10,33,[[37947,0],[37949,0],[38204,0],[37692,0],]]
[37949,5,33,[[37950,0],[37948,0],[38205,0],[38204,0],[37693,0],]]
[37950,16,33,[[37949,0],[37951,0],[38206,0],[37694,0],]]
[37951,15,33,[[37952,0],[37950,0],[38207,0],[38206,0],[37695,0],]]
[37952,18,34,[[37951,0],[37953,0],[38208,0],[37696,0],]]
[37953,11,34,[[37954,0],[37952,0],[38209,0],[38208,0],[37697,0],]]
[37954,8,34,[[37953,0],[37955,0],[38210,0],[37698,0],]]
[37955,8,34,[[37956,0],[37954,0],[38211,0],[38210,0],[37699,0],]]
[37956,4,34,[[37955,0],[37957,0],[38212,0],[37700,0],]]
[37957,15,34,[[37958,0],[37956,0],[38213,0],[38212,0],[37701,0],]]
[37958,15,34,[[37957,0],[37959,0],[38214,0],[37702,0],]]
[37959,9,34,[[37960,0],[37958,0],[38215,0],[38214,0],[37703,0],]]
[37960,7,34,[[37959,0],[37961,0],[38216,0],[37704,0],]]
[37961,1,34,[[37962,0],[37960,0],[38217,0],[38216,0],[37705,0],]]
[37962,14,34,[[37961,0],[37963,0],[38218,0],[37706,0],]]
[37963,14,34,[[37964,0],[37962,0],[38219,0],[38218,0],[37707,0],]]
[37964,19,34,[[37963,0],[37965,0],[38220,0],[37708,0],]]
[37965,12,34,[[37966,0],[37964,0],[38221,0],[38220,0],[37709,0],]]
[37966,6,34,[[37965,0],[37967,0],[38222,0],[37710,0],]]
[37967,3,34,[[37968,0],[37966,0],[38223,0],[38222,0],[37711,0],]]
[37968,12,34,[[37967,0],[37969,0],[38224,0],[37712,0],]]
[37969,13,34,[[37970,0],[37968,0],[38225,0],[38224,0],[37713,0],]]
[37970,8,34,[[37969,0],[37971,0],[38226,0],[37714,0],]]
[37971,1,34,[[37972,0],[37970,0],[38227,0],[38226,0],[37715,0],]]
[37972,12,34,[[37971,0],[37973,0],[38228,0],[37716,0],]]
[37973,6,34,[[37974,0],[37972,0],[38229,0],[38228,0],[37717,0],]]
[37974,13,34,[[37973,0],[37975,0],[38230,0],[37718,0],]]
[37975,7,34,[[37976,0],[37974,0],[38231,0],[38230,0],[37719,0],]]
[37976,9,34,[[37975,0],[37977,0],[38232,0],[37720,0],]]
[37977,11,34,[[37978,0],[37976,0],[38233,0],[38232,0],[37721,0],]]
[37978,13,34,[[37977,0],[37979,0],[38234,0],[37722,0],]]
[37979,4,34,[[37980,0],[37978,0],[38235,0],[38234,0],[37723,0],]]
[37980,6,34,[[37979,0],[37981,0],[38236,0],[37724,0],]]
[37981,4,34,[[37982,0],[37980,0],[38237,0],[38236,0],[37725,0],]]
[37982,13,34,[[37981,0],[37983,0],[38238,0],[37726,0],]]
[37983,1,34,[[37984,0],[37982,0],[38239,0],[38238,0],[37727,0],]]
[37984,19,35,[[37983,0],[37985,0],[38240,0],[37728,0],]]
[37985,6,35,[[37986,0],[37984,0],[38241,0],[38240,0],[37729,0],]]
[37986,10,35,[[37985,0],[37987,0],[38242,0],[37730,0],]]
[37987,19,35,[[37988,0],[37986,0],[38243,0],[38242,0],[37731,0],]]
[37988,6,35,[[37987,0],[37989,0],[38244,0],[37732,0],]]
[37989,14,35,[[37990,0],[37988,0],[38245,0],[38244,0],[37733,0],]]
[37990,18,35,[[37989,0],[37991,0],[38246,0],[37734,0],]]
[37991,17,35,[[37992,0],[37990,0],[38247,0],[38246,0],[37735,0],]]
[37992,17,35,[[37991,0],[37993,0],[38248,0],[37736,0],]]
[37993,1,35,[[37994,0],[37992,0],[38249,0],[38248,0],[37737,0],]]
[37994,7,35,[[37993,0],[37995,0],[38250,0],[37738,0],]]
[37995,13,35,[[37996,0],[37994,0],[38251,0],[38250,0],[37739,0],]]
[37996,17,35,[[37995,0],[37997,0],[38252,0],[37740,0],]]
[37997,14,35,[[37998,0],[37996,0],[38253,0],[38252,0],[37741,0],]]
[37998,2,35,[[37997,0],[37999,0],[38254,0],[37742,0],]]
[37999,8,35,[[38000,0],[37998,0],[38255,0],[38254,0],[37743,0],]]
[38000,7,35,[[37999,0],[38001,0],[38256,0],[37744,0],]]
[38001,15,35,[[38002,0],[38000,0],[38257,0],[38256,0],[37745,0],]]
[38002,13,35,[[38001,0],[38003,0],[38258,0],[37746,0],]]
[38003,3,35,[[38004,0],[38002,0],[38259,0],[38258,0],[37747,0],]]
[38004,1,35,[[38003,0],[38005,0],[38260,0],[37748,0],]]
[38005,9,35,[[38006,0],[38004,0],[38261,0],[38260,0],[37749,0],]]
[38006,12,35,[[38005,0],[38007,0],[38262,0],[37750,0],]]
[38007,13,35,[[38008,0],[38006,0],[38263,0],[38262,0],[37751,0],]]
[38008,9,35,[[38007,0],[38009,0],[38264,0],[37752,0],]]
[38009,17,35,[[38010,0],[38008,0],[38265,0],[38264,0],[37753,0],]]
