[34734,4,37,[[34733,0],[34735,0],[34478,0],[34479,0],[34990,0],]]
[34735,9,37,[[34736,0],[34734,0],[34479,0],[34991,0],]]
[34736,1,37,[[34735,0],[34737,0],[34480,0],[34481,0],[34992,0],]]
[34737,8,37,[[34738,0],[34736,0],[34481,0],[34993,0],]]
[34738,7,37,[[34737,0],[34739,0],[34482,0],[34483,0],[34994,0],]]
[34739,1,37,[[34740,0],[34738,0],[34483,0],[34995,0],]]
[34740,18,37,[[34739,0],[34741,0],[34484,0],[34485,0],[34996,0],]]
[34741,15,37,[[34742,0],[34740,0],[34485,0],[34997,0],]]
[34742,6,37,[[34741,0],[34743,0],[34486,0],[34487,0],[34998,0],]]
[34743,13,37,[[34744,0],[34742,0],[34487,0],[34999,0],]]
[34744,2,37,[[34743,0],[34745,0],[34488,0],[34489,0],[35000,0],]]
[34745,1,37,[[34746,0],[34744,0],[34489,0],[35001,0],]]
[34746,18,37,[[34745,0],[34747,0],[34490,0],[34491,0],[35002,0],]]
[34747,1,37,[[34748,0],[34746,0],[34491,0],[35003,0],]]
[34748,11,37,[[34747,0],[34749,0],[34492,0],[34493,0],[35004,0],]]
[34749,11,37,[[34750,0],[34748,0],[34493,0],[35005,0],]]
[34750,5,37,[[34749,0],[34751,0],[34494,0],[34495,0],[35006,0],]]
[34751,15,37,[[34752,0],[34750,0],[34495,0],[35007,0],]]
[34752,5,38,[[34751,0],[34753,0],[34496,0],[34497,0],[35008,0],]]
[34753,14,38,[[34754,0],[34752,0],[34497,0],[35009,0],]]
[34754,17,38,[[34753,0],[34755,0],[34498,0],[34499,0],[35010,0],]]
[34755,18,38,[[34756,0],[34754,0],[34499,0],[35011,0],]]
[34756,15,38,[[34755,0],[34757,0],[34500,0],[34501,0],[35012,0],]]
[34757,3,38,[[34758,0],[34756,0],[34501,0],[35013,0],]]
[34758,11,38,[[34757,0],[34759,0],[34502,0],[34503,0],[35014,0],]]
[34759,7,38,[[34760,0],[34758,0],[34503,0],[35015,0],]]
[34760,6,38,[[34759,0],[34761,0],[34504,0],[34505,0],[35016,0],]]
[34761,16,38,[[34762,0],[34760,0],[34505,0],[35017,0],]]
[34762,6,38,[[34761,0],[34763,0],[34506,0],[34507,0],[35018,0],]]
[34763,13,38,[[34764,0],[34762,0],[34507,0],[35019,0],]]
[34764,10,38,[[34763,0],[34765,0],[34508,0],[34509,0],[35020,0],]]
[34765,15,38,[[34766,0],[34764,0],[34509,0],[35021,0],]]
[34766,9,38,[[34765,0],[34767,0],[34510,0],[34511,0],[35022,0],]]
[34767,3,38,[[34768,0],[34766,0],[34511,0],[35023,0],]]
[34768,8,38,[[34767,0],[34769,0],[34512,0],[34513,0],[35024,0],]]
[34769,15,38,[[34770,0],[34768,0],[34513,0],[35025,0],]]
[34770,5,38,[[34769,0],[34771,0],[34514,0],[34515,0],[35026,0],]]
[34771,8,38,[[34772,0],[34770,0],[34515,0],[35027,0],]]
[34772,17,38,[[34771,0],[34773,0],[34516,0],[34517,0],[35028,0],]]
[34773,19,38,[[34774,0],[34772,0],[34517,0],[35029,0],]]
[34774,16,38,[[34773,0],[34775,0],[34518,0],[34519,0],[35030,0],]]
[34775,9,38,[[34776,0],[34774,0],[34519,0],[35031,0],]]
[34776,9,38,[[34775,0],[34777,0],[34520,0],[34521,0],[35032,0],]]
[34777,2,38,[[34778,0],[34776,0],[34521,0],[35033,0],]]
[34778,6,38,[[34777,0],[34779,0],[34522,0],[34523,0],[35034,0],]]
[34779,14,38,[[34780,0],[34778,0],[34523,0],[35035,0],]]
[34780,5,38,[[34779,0],[34781,0],[34524,0],[34525,0],[35036,0],]]
[34781,17,38,[[34782,0],[34780,0],[34525,0],[35037,0],]]
[34782,14,38,[[34781,0],[34783,0],[34526,0],[34527,0],[35038,0],]]
[34783,5,38,[[34784,0],[34782,0],[34527,0],[35039,0],]]
[34784,11,39,[[34783,0],[34785,0],[34528,0],[34529,0],[35040,0],]]
[34785,15,39,[[34786,0],[34784,0],[34529,0],[35041,0],]]
[34786,8,39,[[34785,0],[34787,0],[34530,0],[34531,0],[35042,0],]]
[34787,2,39,[[34788,0],[34786,0],[34531,0],[35043,0],]]
[34788,10,39,[[34787,0],[34789,0],[34532,0],[34533,0],[35044,0],]]
[34789,4,39,[[34790,0],[34788,0],[34533,0],[35045,0],]]
[34790,1,39,[[34789,0],[34791,0],[34534,0],[34535,0],[35046,0],]]
[34791,5,39,[[34792,0],[34790,0],[34535,0],[35047,0],]]
[34792,16,39,[[34791,0],[34793,0],[34536,0],[34537,0],[35048,0],]]
[34793,13,39,[[34794,0],[34792,0],[34537,0],[35049,0],]]
[34794,3,39,[[34793,0],[34795,0],[34538,0],[34539,0],[35050,0],]]
[34795,15,39,[[34796,0],[34794,0],[34539,0],[35051,0],]]
[34796,7,39,[[34795,0],[34797,0],[34540,0],[34541,0],[35052,0],]]
[34797,13,39,[[34798,0],[34796,0],[34541,0],[35053,0],]]
[34798,2,39,[[34797,0],[34799,0],[34542,0],[34543,0],[35054,0],]]
[34799,15,39,[[34800,0],[34798,0],[34543,0],[35055,0],]]
[34800,9,39,[[34799,0],[34801,0],[34544,0],[34545,0],[35056,0],]]
[34801,18,39,[[34802,0],[34800,0],[34545,0],[35057,0],]]
[34802,2,39,[[34801,0],[34803,0],[34546,0],[34547,0],[35058,0],]]
[34803,16,39,[[34804,0],[34802,0],[34547,0],[35059,0],]]
[34804,19,39,[[34803,0],[34805,0],[34548,0],[34549,0],[35060,0],]]
[34805,1,39,[[34806,0],[34804,0],[34549,0],[35061,0],]]
[34806,2,39,[[34805,0],[34807,0],[34550,0],[34551,0],[35062,0],]]
[34807,16,39,[[34808,0],[34806,0],[34551,0],[35063,0],]]
[34808,19,39,[[34807,0],[34809,0],[34552,0],[34553,0],[35064,0],]]
[34809,18,39,[[34810,0],[34808,0],[34553,0],[35065,0],]]
[34810,19,39,[[34809,0],[34811,0],[34554,0],[34555,0],[35066,0],]]
[34811,3,39,[[34812,0],[34810,0],[34555,0],[35067,0],]]
[34812,2,39,[[34811,0],[34813,0],[34556,0],[34557,0],[35068,0],]]
[34813,17,39,[[34814,0],[34812,0],[34557,0],[35069,0],]]
[34814,11,39,[[34813,0],[34815,0],[34558,0],[34559,0],[35070,0],]]
[34815,1,39,[[34814,0],[34559,0],[35071,0],]]
[34816,13,32,[[34817,0],[35072,0],[34560,0],]]
[34817,9,32,[[34818,0],[34816,0],[35073,0],[35072,0],[34561,0],]]
[34818,10,32,[[34817,0],[34819,0],[35074,0],[34562,0],]]
[34819,13,32,[[34820,0],[34818,0],[35075,0],[35074,0],[34563,0],]]
[34820,3,32,[[34819,0],[34821,0],[35076,0],[34564,0],]]
[34821,15,32,[[34822,0],[34820,0],[35077,0],[35076,0],[34565,0],]]
[34822,17,32,[[34821,0],[34823,0],[35078,0],[34566,0],]]
[34823,13,32,[[34824,0],[34822,0],[35079,0],[35078,0],[34567,0],]]
[34824,5,32,[[34823,0],[34825,0],[35080,0],[34568,0],]]
[34825,6,32,[[34826,0],[34824,0],[35081,0],[35080,0],[34569,0],]]
[34826,18,32,[[34825,0],[34827,0],[35082,0],[34570,0],]]
[34827,19,32,[[34828,0],[34826,0],[35083,0],[35082,0],[34571,0],]]
[34828,8,32,[[34827,0],[34829,0],[35084,0],[34572,0],]]
[34829,8,32,[[34830,0],[34828,0],[35085,0],[35084,0],[34573,0],]]
[34830,2,32,[[34829,0],[34831,0],[35086,0],[34574,0],]]
[34831,12,32,[[34832,0],[34830,0],[35087,0],[35086,0],[34575,0],]]
[34832,8,32,[[34831,0],[34833,0],[35088,0],[34576,0],]]
[34833,6,32,[[34834,0],[34832,0],[35089,0],[35088,0],[34577,0],]]
[34834,7,32,[[34833,0],[34835,0],[35090,0],[34578,0],]]
[34835,5,32,[[34836,0],[34834,0],[35091,0],[35090,0],[34579,0],]]
[34836,9,32,[[34835,0],[34837,0],[35092,0],[34580,0],]]
[34837,5,32,[[34838,0],[34836,0],[35093,0],[35092,0],[34581,0],]]
[34838,10,32,[[34837,0],[34839,0],[35094,0],[34582,0],]]
[34839,5,32,[[34840,0],[34838,0],[35095,0],[35094,0],[34583,0],]]
[34840,5,32,[[34839,0],[34841,0],[35096,0],[34584,0],]]
[34841,19,32,[[34842,0],[34840,0],[35097,0],[35096,0],[34585,0],]]
[34842,8,32,[[34841,0],[34843,0],[35098,0],[34586,0],]]
[34843,11,32,[[34844,0],[34842,0],[35099,0],[35098,0],[34587,0],]]
[34844,1,32,[[34843,0],[34845,0],[35100,0],[34588,0],]]
[34845,12,32,[[34846,0],[34844,0],[35101,0],[35100,0],[34589,0],]]
[34846,5,32,[[34845,0],[34847,0],[35102,0],[34590,0],]]
[34847,16,32,[[34848,0],[34846,0],[35103,0],[35102,0],[34591,0],]]
[34848,16,33,[[34847,0],[34849,0],[35104,0],[34592,0],]]
[34849,13,33,[[34850,0],[34848,0],[35105,0],[35104,0],[34593,0],]]
[34850,3,33,[[34849,0],[34851,0],[35106,0],[34594,0],]]
[34851,5,33,[[34852,0],[34850,0],[35107,0],[35106,0],[34595,0],]]
[34852,10,33,[[34851,0],[34853,0],[35108,0],[34596,0],]]
[34853,13,33,[[34854,0],[34852,0],[35109,0],[35108,0],[34597,0],]]
[34854,7,33,[[34853,0],[34855,0],[35110,0],[34598,0],]]
[34855,5,33,[[34856,0],[34854,0],[35111,0],[35110,0],[34599,0],]]
[34856,10,33,[[34855,0],[34857,0],[35112,0],[34600,0],]]
[34857,13,33,[[34858,0],[34856,0],[35113,0],[35112,0],[34601,0],]]
[34858,13,33,[[34857,0],[34859,0],[35114,0],[34602,0],]]
[34859,11,33,[[34860,0],[34858,0],[35115,0],[35114,0],[34603,0],]]
[34860,11,33,[[34859,0],[34861,0],[35116,0],[34604,0],]]
[34861,13,33,[[34862,0],[34860,0],[35117,0],[35116,0],[34605,0],]]
[34862,8,33,[[34861,0],[34863,0],[35118,0],[34606,0],]]
[34863,4,33,[[34864,0],[34862,0],[35119,0],[35118,0],[34607,0],]]
[34864,18,33,[[34863,0],[34865,0],[35120,0],[34608,0],]]
[34865,1,33,[[34866,0],[34864,0],[35121,0],[35120,0],[34609,0],]]
[34866,7,33,[[34865,0],[34867,0],[35122,0],[34610,0],]]
[34867,18,33,[[34868,0],[34866,0],[35123,0],[35122,0],[34611,0],]]
[34868,7,33,[[34867,0],[34869,0],[35124,0],[34612,0],]]
[34869,4,33,[[34870,0],[34868,0],[35125,0],[35124,0],[34613,0],]]
[34870,18,33,[[34869,0],[34871,0],[35126,0],[34614,0],]]
[34871,1,33,[[34872,0],[34870,0],[35127,0],[35126,0],[34615,0],]]
[34872,11,33,[[34871,0],[34873,0],[35128,0],[34616,0],]]
[34873,17,33,[[34874,0],[34872,0],[35129,0],[35128,0],[34617,0],]]
[34874,3,33,[[34873,0],[34875,0],[35130,0],[34618,0],]]
[34875,15,33,[[34876,0],[34874,0],[35131,0],[35130,0],[34619,0],]]
[34876,15,33,[[34875,0],[34877,0],[35132,0],[34620,0],]]
[34877,6,33,[[34878,0],[34876,0],[35133,0],[35132,0],[34621,0],]]
[34878,19,33,[[34877,0],[34879,0],[35134,0],[34622,0],]]
[34879,8,33,[[34880,0],[34878,0],[35135,0],[35134,0],[34623,0],]]
[34880,19,34,[[34879,0],[34881,0],[35136,0],[34624,0],]]
[34881,8,34,[[34882,0],[34880,0],[35137,0],[35136,0],[34625,0],]]
[34882,10,34,[[34881,0],[34883,0],[35138,0],[34626,0],]]
[34883,9,34,[[34884,0],[34882,0],[35139,0],[35138,0],[34627,0],]]
[34884,5,34,[[34883,0],[34885,0],[35140,0],[34628,0],]]
[34885,9,34,[[34886,0],[34884,0],[35141,0],[35140,0],[34629,0],]]
[34886,12,34,[[34885,0],[34887,0],[35142,0],[34630,0],]]
[34887,12,34,[[34888,0],[34886,0],[35143,0],[35142,0],[34631,0],]]
[34888,3,34,[[34887,0],[34889,0],[35144,0],[34632,0],]]
[34889,17,34,[[34890,0],[34888,0],[35145,0],[35144,0],[34633,0],]]
[34890,10,34,[[34889,0],[34891,0],[35146,0],[34634,0],]]
[34891,14,34,[[34892,0],[34890,0],[35147,0],[35146,0],[34635,0],]]
[34892,6,34,[[34891,0],[34893,0],[35148,0],[34636,0],]]
[34893,4,34,[[34894,0],[34892,0],[35149,0],[35148,0],[34637,0],]]
[34894,4,34,[[34893,0],[34895,0],[35150,0],[34638,0],]]
[34895,14,34,[[34896,0],[34894,0],[35151,0],[35150,0],[34639,0],]]
[34896,16,34,[[34895,0],[34897,0],[35152,0],[34640,0],]]
[34897,13,34,[[34898,0],[34896,0],[35153,0],[35152,0],[34641,0],]]
[34898,19,34,[[34897,0],[34899,0],[35154,0],[34642,0],]]
[34899,4,34,[[34900,0],[34898,0],[35155,0],[35154,0],[34643,0],]]
[34900,4,34,[[34899,0],[34901,0],[35156,0],[34644,0],]]
[34901,15,34,[[34902,0],[34900,0],[35157,0],[35156,0],[34645,0],]]
[34902,12,34,[[34901,0],[34903,0],[35158,0],[34646,0],]]
[34903,19,34,[[34904,0],[34902,0],[35159,0],[35158,0],[34647,0],]]
[34904,10,34,[[34903,0],[34905,0],[35160,0],[34648,0],]]
[34905,5,34,[[34906,0],[34904,0],[35161,0],[35160,0],[34649,0],]]
[34906,12,34,[[34905,0],[34907,0],[35162,0],[34650,0],]]
[34907,4,34,[[34908,0],[34906,0],[35163,0],[35162,0],[34651,0],]]
[34908,5,34,[[34907,0],[34909,0],[35164,0],[34652,0],]]
[34909,19,34,[[34910,0],[34908,0],[35165,0],[35164,0],[34653,0],]]
[34910,15,34,[[34909,0],[34911,0],[35166,0],[34654,0],]]
[34911,17,34,[[34912,0],[34910,0],[35167,0],[35166,0],[34655,0],]]
[34912,2,35,[[34911,0],[34913,0],[35168,0],[34656,0],]]
[34913,19,35,[[34914,0],[34912,0],[35169,0],[35168,0],[34657,0],]]
[34914,3,35,[[34913,0],[34915,0],[35170,0],[34658,0],]]
[34915,17,35,[[34916,0],[34914,0],[35171,0],[35170,0],[34659,0],]]
[34916,14,35,[[34915,0],[34917,0],[35172,0],[34660,0],]]
[34917,2,35,[[34918,0],[34916,0],[35173,0],[35172,0],[34661,0],]]
[34918,5,35,[[34917,0],[34919,0],[35174,0],[34662,0],]]
[34919,18,35,[[34920,0],[34918,0],[35175,0],[35174,0],[34663,0],]]
[34920,16,35,[[34919,0],[34921,0],[35176,0],[34664,0],]]
[34921,7,35,[[34922,0],[34920,0],[35177,0],[35176,0],[34665,0],]]
[34922,11,35,[[34921,0],[34923,0],[35178,0],[34666,0],]]
[34923,19,35,[[34924,0],[34922,0],[35179,0],[35178,0],[34667,0],]]
[34924,4,35,[[34923,0],[34925,0],[35180,0],[34668,0],]]
[34925,3,35,[[34926,0],[34924,0],[35181,0],[35180,0],[34669,0],]]
[34926,1,35,[[34925,0],[34927,0],[35182,0],[34670,0],]]
[34927,19,35,[[34928,0],[34926,0],[35183,0],[35182,0],[34671,0],]]
[34928,5,35,[[34927,0],[34929,0],[35184,0],[34672,0],]]
[34929,15,35,[[34930,0],[34928,0],[35185,0],[35184,0],[34673,0],]]
[34930,8,35,[[34929,0],[34931,0],[35186,0],[34674,0],]]
[34931,14,35,[[34932,0],[34930,0],[35187,0],[35186,0],[34675,0],]]
[34932,18,35,[[34931,0],[34933,0],[35188,0],[34676,0],]]
[34933,6,35,[[34934,0],[34932,0],[35189,0],[35188,0],[34677,0],]]
[34934,15,35,[[34933,0],[34935,0],[35190,0],[34678,0],]]
[34935,10,35,[[34936,0],[34934,0],[35191,0],[35190,0],[34679,0],]]
[34936,16,35,[[34935,0],[34937,0],[35192,0],[34680,0],]]
[34937,6,35,[[34938,0],[34936,0],[35193,0],[35192,0],[34681,0],]]
[34938,13,35,[[34937,0],[34939,0],[35194,0],[34682,0],]]
[34939,1,35,[[34940,0],[34938,0],[35195,0],[35194,0],[34683,0],]]
[34940,4,35,[[34939,0],[34941,0],[35196,0],[34684,0],]]
[34941,15,35,[[34942,0],[34940,0],[35197,0],[35196,0],[34685,0],]]
[34942,14,35,[[34941,0],[34943,0],[35198,0],[34686,0],]]
[34943,2,35,[[34944,0],[34942,0],[35199,0],[35198,0],[34687,0],]]
[34944,15,36,[[34943,0],[34945,0],[35200,0],[34688,0],]]
[34945,3,36,[[34946,0],[34944,0],[35201,0],[35200,0],[34689,0],]]
[34946,9,36,[[34945,0],[34947,0],[35202,0],[34690,0],]]
[34947,19,36,[[34948,0],[34946,0],[35203,0],[35202,0],[34691,0],]]
[34948,6,36,[[34947,0],[34949,0],[35204,0],[34692,0],]]
[34949,3,36,[[34950,0],[34948,0],[35205,0],[35204,0],[34693,0],]]
[34950,4,36,[[34949,0],[34951,0],[35206,0],[34694,0],]]
[34951,17,36,[[34952,0],[34950,0],[35207,0],[35206,0],[34695,0],]]
[34952,12,36,[[34951,0],[34953,0],[35208,0],[34696,0],]]
[34953,6,36,[[34954,0],[34952,0],[35209,0],[35208,0],[34697,0],]]
[34954,7,36,[[34953,0],[34955,0],[35210,0],[34698,0],]]
[34955,9,36,[[34956,0],[34954,0],[35211,0],[35210,0],[34699,0],]]
[34956,10,36,[[34955,0],[34957,0],[35212,0],[34700,0],]]
[34957,2,36,[[34958,0],[34956,0],[35213,0],[35212,0],[34701,0],]]
[34958,17,36,[[34957,0],[34959,0],[35214,0],[34702,0],]]
[34959,8,36,[[34960,0],[34958,0],[35215,0],[35214,0],[34703,0],]]
[34960,17,36,[[34959,0],[34961,0],[35216,0],[34704,0],]]
[34961,15,36,[[34962,0],[34960,0],[35217,0],[35216,0],[34705,0],]]
[34962,1,36,[[34961,0],[34963,0],[35218,0],[34706,0],]]
[34963,5,36,[[34964,0],[34962,0],[35219,0],[35218,0],[34707,0],]]
[34964,9,36,[[34963,0],[34965,0],[35220,0],[34708,0],]]
[34965,10,36,[[34966,0],[34964,0],[35221,0],[35220,0],[34709,0],]]
[34966,7,36,[[34965,0],[34967,0],[35222,0],[34710,0],]]
[34967,12,36,[[34968,0],[34966,0],[35223,0],[35222,0],[34711,0],]]
[34968,14,36,[[34967,0],[34969,0],[35224,0],[34712,0],]]
[34969,13,36,[[34970,0],[34968,0],[35225,0],[35224,0],[34713,0],]]
[34970,10,36,[[34969,0],[34971,0],[35226,0],[34714,0],]]
[34971,6,36,[[34972,0],[34970,0],[35227,0],[35226,0],[34715,0],]]
[34972,17,36,[[34971,0],[34973,0],[35228,0],[34716,0],]]
[34973,7,36,[[34974,0],[34972,0],[35229,0],[35228,0],[34717,0],]]
[34974,12,36,[[34973,0],[34975,0],[35230,0],[34718,0],]]
[34975,6,36,[[34976,0],[34974,0],[35231,0],[35230,0],[34719,0],]]
[34976,1,37,[[34975,0],[34977,0],[35232,0],[34720,0],]]
[34977,5,37,[[34978,0],[34976,0],[35233,0],[35232,0],[34721,0],]]
[34978,5,37,[[34977,0],[34979,0],[35234,0],[34722,0],]]
[34979,6,37,[[34980,0],[34978,0],[35235,0],[35234,0],[34723,0],]]
[34980,10,37,[[34979,0],[34981,0],[35236,0],[34724,0],]]
[34981,8,37,[[34982,0],[34980,0],[35237,0],[35236,0],[34725,0],]]
[34982,4,37,[[34981,0],[34983,0],[35238,0],[34726,0],]]
[34983,13,37,[[34984,0],[34982,0],[35239,0],[35238,0],[34727,0],]]
[34984,8,37,[[34983,0],[34985,0],[35240,0],[34728,0],]]
[34985,6,37,[[34986,0],[34984,0],[35241,0],[35240,0],[34729,0],]]
[34986,12,37,[[34985,0],[34987,0],[35242,0],[34730,0],]]
[34987,9,37,[[34988,0],[34986,0],[35243,0],[35242,0],[34731,0],]]
[34988,11,37,[[34987,0],[34989,0],[35244,0],[34732,0],]]
[34989,14,37,[[34990,0],[34988,0],[35245,0],[35244,0],[34733,0],]]
[34990,13,37,[[34989,0],[34991,0],[35246,0],[34734,0],]]
[34991,14,37,[[34992,0],[34990,0],[35247,0],[35246,0],[34735,0],]]
[34992,10,37,[[34991,0],[34993,0],[35248,0],[34736,0],]]
[34993,19,37,[[34994,0],[34992,0],[35249,0],[35248,0],[34737,0],]]
[34994,7,37,[[34993,0],[34995,0],[35250,0],[34738,0],]]
[34995,15,37,[[34996,0],[34994,0],[35251,0],[35250,0],[34739,0],]]
[34996,17,37,[[34995,0],[34997,0],[35252,0],[34740,0],]]
[34997,17,37,[[34998,0],[34996,0],[35253,0],[35252,0],[34741,0],]]
[34998,7,37,[[34997,0],[34999,0],[35254,0],[34742,0],]]
[34999,11,37,[[35000,0],[34998,0],[35255,0],[35254,0],[34743,0],]]
[35000,16,37,[[34999,0],[35001,0],[35256,0],[34744,0],]]
[35001,1,37,[[35002,0],[35000,0],[35257,0],[35256,0],[34745,0],]]
[35002,4,37,[[35001,0],[35003,0],[35258,0],[34746,0],]]
[35003,17,37,[[35004,0],[35002,0],[35259,0],[35258,0],[34747,0],]]
[35004,6,37,[[35003,0],[35005,0],[35260,0],[34748,0],]]
[35005,15,37,[[35006,0],[35004,0],[35261,0],[35260,0],[34749,0],]]
[35006,13,37,[[35005,0],[35007,0],[35262,0],[34750,0],]]
[35007,1,37,[[35008,0],[35006,0],[35263,0],[35262,0],[34751,0],]]
[35008,3,38,[[35007,0],[35009,0],[35264,0],[34752,0],]]
[35009,1,38,[[35010,0],[35008,0],[35265,0],[35264,0],[34753,0],]]
[35010,5,38,[[35009,0],[35011,0],[35266,0],[34754,0],]]
[35011,10,38,[[35012,0],[35010,0],[35267,0],[35266,0],[34755,0],]]
[35012,6,38,[[35011,0],[35013,0],[35268,0],[34756,0],]]
[35013,6,38,[[35014,0],[35012,0],[35269,0],[35268,0],[34757,0],]]
[35014,2,38,[[35013,0],[35015,0],[35270,0],[34758,0],]]
[35015,5,38,[[35016,0],[35014,0],[35271,0],[35270,0],[34759,0],]]
[35016,11,38,[[35015,0],[35017,0],[35272,0],[34760,0],]]
[35017,8,38,[[35018,0],[35016,0],[35273,0],[35272,0],[34761,0],]]
[35018,1,38,[[35017,0],[35019,0],[35274,0],[34762,0],]]
[35019,5,38,[[35020,0],[35018,0],[35275,0],[35274,0],[34763,0],]]
[35020,11,38,[[35019,0],[35021,0],[35276,0],[34764,0],]]
[35021,1,38,[[35022,0],[35020,0],[35277,0],[35276,0],[34765,0],]]
[35022,6,38,[[35021,0],[35023,0],[35278,0],[34766,0],]]
[35023,3,38,[[35024,0],[35022,0],[35279,0],[35278,0],[34767,0],]]
[35024,5,38,[[35023,0],[35025,0],[35280,0],[34768,0],]]
[35025,13,38,[[35026,0],[35024,0],[35281,0],[35280,0],[34769,0],]]
[35026,15,38,[[35025,0],[35027,0],[35282,0],[34770,0],]]
[35027,2,38,[[35028,0],[35026,0],[35283,0],[35282,0],[34771,0],]]
[35028,11,38,[[35027,0],[35029,0],[35284,0],[34772,0],]]
[35029,4,38,[[35030,0],[35028,0],[35285,0],[35284,0],[34773,0],]]
[35030,11,38,[[35029,0],[35031,0],[35286,0],[34774,0],]]
[35031,6,38,[[35032,0],[35030,0],[35287,0],[35286,0],[34775,0],]]
[35032,11,38,[[35031,0],[35033,0],[35288,0],[34776,0],]]
[35033,4,38,[[35034,0],[35032,0],[35289,0],[35288,0],[34777,0],]]
[35034,6,38,[[35033,0],[35035,0],[35290,0],[34778,0],]]
[35035,19,38,[[35036,0],[35034,0],[35291,0],[35290,0],[34779,0],]]
[35036,14,38,[[35035,0],[35037,0],[35292,0],[34780,0],]]
[35037,1,38,[[35038,0],[35036,0],[35293,0],[35292,0],[34781,0],]]
[35038,13,38,[[35037,0],[35039,0],[35294,0],[34782,0],]]
[35039,17,38,[[35040,0],[35038,0],[35295,0],[35294,0],[34783,0],]]
[35040,10,39,[[35039,0],[35041,0],[35296,0],[34784,0],]]
[35041,6,39,[[35042,0],[35040,0],[35297,0],[35296,0],[34785,0],]]
[35042,2,39,[[35041,0],[35043,0],[35298,0],[34786,0],]]
[35043,19,39,[[35044,0],[35042,0],[35299,0],[35298,0],[34787,0],]]
[35044,10,39,[[35043,0],[35045,0],[35300,0],[34788,0],]]
[35045,9,39,[[35046,0],[35044,0],[35301,0],[35300,0],[34789,0],]]
[35046,13,39,[[35045,0],[35047,0],[35302,0],[34790,0],]]
[35047,16,39,[[35048,0],[35046,0],[35303,0],[35302,0],[34791,0],]]
[35048,2,39,[[35047,0],[35049,0],[35304,0],[34792,0],]]
[35049,3,39,[[35050,0],[35048,0],[35305,0],[35304,0],[34793,0],]]
[35050,3,39,[[35049,0],[35051,0],[35306,0],[34794,0],]]
[35051,7,39,[[35052,0],[35050,0],[35307,0],[35306,0],[34795,0],]]
[35052,7,39,[[35051,0],[35053,0],[35308,0],[34796,0],]]
[35053,11,39,[[35054,0],[35052,0],[35309,0],[35308,0],[34797,0],]]
[35054,8,39,[[35053,0],[35055,0],[35310,0],[34798,0],]]
[35055,17,39,[[35056,0],[35054,0],[35311,0],[35310,0],[34799,0],]]
[35056,14,39,[[35055,0],[35057,0],[35312,0],[34800,0],]]
[35057,9,39,[[35058,0],[35056,0],[35313,0],[35312,0],[34801,0],]]
[35058,8,39,[[35057,0],[35059,0],[35314,0],[34802,0],]]
[35059,3,39,[[35060,0],[35058,0],[35315,0],[35314,0],[34803,0],]]
[35060,19,39,[[35059,0],[35061,0],[35316,0],[34804,0],]]
[35061,9,39,[[35062,0],[35060,0],[35317,0],[35316,0],[34805,0],]]
[35062,2,39,[[35061,0],[35063,0],[35318,0],[34806,0],]]
[35063,10,39,[[35064,0],[35062,0],[35319,0],[35318,0],[34807,0],]]
[35064,9,39,[[35063,0],[35065,0],[35320,0],[34808,0],]]
[35065,9,39,[[35066,0],[35064,0],[35321,0],[35320,0],[34809,0],]]
[35066,4,39,[[35065,0],[35067,0],[35322,0],[34810,0],]]
[35067,5,39,[[35068,0],[35066,0],[35323,0],[35322,0],[34811,0],]]
[35068,9,39,[[35067,0],[35069,0],[35324,0],[34812,0],]]
[35069,9,39,[[35070,0],[35068,0],[35325,0],[35324,0],[34813,0],]]
[35070,1,39,[[35069,0],[35071,0],[35326,0],[34814,0],]]
[35071,11,39,[[35070,0],[35327,0],[35326,0],[34815,0],]]
[35072,18,32,[[35073,0],[34816,0],[34817,0],[35328,0],]]
[35073,14,32,[[35074,0],[35072,0],[34817,0],[35329,0],]]
[35074,16,32,[[35073,0],[35075,0],[34818,0],[34819,0],[35330,0],]]
[35075,12,32,[[35076,0],[35074,0],[34819,0],[35331,0],]]
[35076,12,32,[[35075,0],[35077,0],[34820,0],[34821,0],[35332,0],]]
[35077,5,32,[[35078,0],[35076,0],[34821,0],[35333,0],]]
[35078,6,32,[[35077,0],[35079,0],[34822,0],[34823,0],[35334,0],]]
[35079,5,32,[[35080,0],[35078,0],[34823,0],[35335,0],]]
[35080,14,32,[[35079,0],[35081,0],[34824,0],[34825,0],[35336,0],]]
[35081,7,32,[[35082,0],[35080,0],[34825,0],[35337,0],]]
[35082,8,32,[[35081,0],[35083,0],[34826,0],[34827,0],[35338,0],]]
[35083,19,32,[[35084,0],[35082,0],[34827,0],[35339,0],]]
[35084,3,32,[[35083,0],[35085,0],[34828,0],[34829,0],[35340,0],]]
[35085,11,32,[[35086,0],[35084,0],[34829,0],[35341,0],]]
[35086,2,32,[[35085,0],[35087,0],[34830,0],[34831,0],[35342,0],]]
[35087,17,32,[[35088,0],[35086,0],[34831,0],[35343,0],]]
[35088,11,32,[[35087,0],[35089,0],[34832,0],[34833,0],[35344,0],]]
[35089,7,32,[[35090,0],[35088,0],[34833,0],[35345,0],]]
[35090,12,32,[[35089,0],[35091,0],[34834,0],[34835,0],[35346,0],]]
[35091,2,32,[[35092,0],[35090,0],[34835,0],[35347,0],]]
[35092,6,32,[[35091,0],[35093,0],[34836,0],[34837,0],[35348,0],]]
[35093,18,32,[[35094,0],[35092,0],[34837,0],[35349,0],]]
[35094,7,32,[[35093,0],[35095,0],[34838,0],[34839,0],[35350,0],]]
[35095,8,32,[[35096,0],[35094,0],[34839,0],[35351,0],]]
[35096,10,32,[[35095,0],[35097,0],[34840,0],[34841,0],[35352,0],]]
[35097,14,32,[[35098,0],[35096,0],[34841,0],[35353,0],]]
[35098,14,32,[[35097,0],[35099,0],[34842,0],[34843,0],[35354,0],]]
[35099,12,32,[[35100,0],[35098,0],[34843,0],[35355,0],]]
[35100,11,32,[[35099,0],[35101,0],[34844,0],[34845,0],[35356,0],]]
[35101,13,32,[[35102,0],[35100,0],[34845,0],[35357,0],]]
[35102,4,32,[[35101,0],[35103,0],[34846,0],[34847,0],[35358,0],]]
[35103,13,32,[[35104,0],[35102,0],[34847,0],[35359,0],]]
[35104,7,33,[[35103,0],[35105,0],[34848,0],[34849,0],[35360,0],]]
[35105,16,33,[[35106,0],[35104,0],[34849,0],[35361,0],]]
[35106,12,33,[[35105,0],[35107,0],[34850,0],[34851,0],[35362,0],]]
[35107,13,33,[[35108,0],[35106,0],[34851,0],[35363,0],]]
[35108,8,33,[[35107,0],[35109,0],[34852,0],[34853,0],[35364,0],]]
[35109,13,33,[[35110,0],[35108,0],[34853,0],[35365,0],]]
[35110,2,33,[[35109,0],[35111,0],[34854,0],[34855,0],[35366,0],]]
[35111,4,33,[[35112,0],[35110,0],[34855,0],[35367,0],]]
[35112,14,33,[[35111,0],[35113,0],[34856,0],[34857,0],[35368,0],]]
[35113,8,33,[[35114,0],[35112,0],[34857,0],[35369,0],]]
[35114,5,33,[[35113,0],[35115,0],[34858,0],[34859,0],[35370,0],]]
[35115,4,33,[[35116,0],[35114,0],[34859,0],[35371,0],]]
[35116,6,33,[[35115,0],[35117,0],[34860,0],[34861,0],[35372,0],]]
[35117,19,33,[[35118,0],[35116,0],[34861,0],[35373,0],]]
[35118,4,33,[[35117,0],[35119,0],[34862,0],[34863,0],[35374,0],]]
[35119,4,33,[[35120,0],[35118,0],[34863,0],[35375,0],]]
[35120,7,33,[[35119,0],[35121,0],[34864,0],[34865,0],[35376,0],]]
[35121,15,33,[[35122,0],[35120,0],[34865,0],[35377,0],]]
[35122,15,33,[[35121,0],[35123,0],[34866,0],[34867,0],[35378,0],]]
[35123,3,33,[[35124,0],[35122,0],[34867,0],[35379,0],]]
[35124,12,33,[[35123,0],[35125,0],[34868,0],[34869,0],[35380,0],]]
[35125,3,33,[[35126,0],[35124,0],[34869,0],[35381,0],]]
[35126,9,33,[[35125,0],[35127,0],[34870,0],[34871,0],[35382,0],]]
[35127,12,33,[[35128,0],[35126,0],[34871,0],[35383,0],]]
[35128,12,33,[[35127,0],[35129,0],[34872,0],[34873,0],[35384,0],]]
[35129,1,33,[[35130,0],[35128,0],[34873,0],[35385,0],]]
[35130,16,33,[[35129,0],[35131,0],[34874,0],[34875,0],[35386,0],]]
[35131,4,33,[[35132,0],[35130,0],[34875,0],[35387,0],]]
[35132,10,33,[[35131,0],[35133,0],[34876,0],[34877,0],[35388,0],]]
[35133,17,33,[[35134,0],[35132,0],[34877,0],[35389,0],]]
[35134,5,33,[[35133,0],[35135,0],[34878,0],[34879,0],[35390,0],]]
[35135,6,33,[[35136,0],[35134,0],[34879,0],[35391,0],]]
[35136,8,34,[[35135,0],[35137,0],[34880,0],[34881,0],[35392,0],]]
[35137,7,34,[[35138,0],[35136,0],[34881,0],[35393,0],]]
[35138,13,34,[[35137,0],[35139,0],[34882,0],[34883,0],[35394,0],]]
[35139,11,34,[[35140,0],[35138,0],[34883,0],[35395,0],]]
[35140,15,34,[[35139,0],[35141,0],[34884,0],[34885,0],[35396,0],]]
[35141,15,34,[[35142,0],[35140,0],[34885,0],[35397,0],]]
[35142,10,34,[[35141,0],[35143,0],[34886,0],[34887,0],[35398,0],]]
[35143,19,34,[[35144,0],[35142,0],[34887,0],[35399,0],]]
[35144,6,34,[[35143,0],[35145,0],[34888,0],[34889,0],[35400,0],]]
[35145,8,34,[[35146,0],[35144,0],[34889,0],[35401,0],]]
[35146,12,34,[[35145,0],[35147,0],[34890,0],[34891,0],[35402,0],]]
[35147,17,34,[[35148,0],[35146,0],[34891,0],[35403,0],]]
[35148,14,34,[[35147,0],[35149,0],[34892,0],[34893,0],[35404,0],]]
[35149,2,34,[[35150,0],[35148,0],[34893,0],[35405,0],]]
[35150,17,34,[[35149,0],[35151,0],[34894,0],[34895,0],[35406,0],]]
[35151,1,34,[[35152,0],[35150,0],[34895,0],[35407,0],]]
[35152,15,34,[[35151,0],[35153,0],[34896,0],[34897,0],[35408,0],]]
[35153,8,34,[[35154,0],[35152,0],[34897,0],[35409,0],]]
[35154,7,34,[[35153,0],[35155,0],[34898,0],[34899,0],[35410,0],]]
[35155,13,34,[[35156,0],[35154,0],[34899,0],[35411,0],]]
[35156,6,34,[[35155,0],[35157,0],[34900,0],[34901,0],[35412,0],]]
[35157,8,34,[[35158,0],[35156,0],[34901,0],[35413,0],]]
[35158,13,34,[[35157,0],[35159,0],[34902,0],[34903,0],[35414,0],]]
[35159,10,34,[[35160,0],[35158,0],[34903,0],[35415,0],]]
[35160,14,34,[[35159,0],[35161,0],[34904,0],[34905,0],[35416,0],]]
[35161,3,34,[[35162,0],[35160,0],[34905,0],[35417,0],]]
[35162,13,34,[[35161,0],[35163,0],[34906,0],[34907,0],[35418,0],]]
[35163,9,34,[[35164,0],[35162,0],[34907,0],[35419,0],]]
[35164,5,34,[[35163,0],[35165,0],[34908,0],[34909,0],[35420,0],]]
[35165,3,34,[[35166,0],[35164,0],[34909,0],[35421,0],]]
[35166,15,34,[[35165,0],[35167,0],[34910,0],[34911,0],[35422,0],]]
[35167,10,34,[[35168,0],[35166,0],[34911,0],[35423,0],]]
[35168,1,35,[[35167,0],[35169,0],[34912,0],[34913,0],[35424,0],]]
[35169,5,35,[[35170,0],[35168,0],[34913,0],[35425,0],]]
[35170,19,35,[[35169,0],[35171,0],[34914,0],[34915,0],[35426,0],]]
[35171,18,35,[[35172,0],[35170,0],[34915,0],[35427,0],]]
[35172,6,35,[[35171,0],[35173,0],[34916,0],[34917,0],[35428,0],]]
[35173,17,35,[[35174,0],[35172,0],[34917,0],[35429,0],]]
[35174,7,35,[[35173,0],[35175,0],[34918,0],[34919,0],[35430,0],]]
[35175,19,35,[[35176,0],[35174,0],[34919,0],[35431,0],]]
[35176,5,35,[[35175,0],[35177,0],[34920,0],[34921,0],[35432,0],]]
[35177,17,35,[[35178,0],[35176,0],[34921,0],[35433,0],]]
[35178,4,35,[[35177,0],[35179,0],[34922,0],[34923,0],[35434,0],]]
[35179,16,35,[[35180,0],[35178,0],[34923,0],[35435,0],]]
[35180,15,35,[[35179,0],[35181,0],[34924,0],[34925,0],[35436,0],]]
[35181,3,35,[[35182,0],[35180,0],[34925,0],[35437,0],]]
[35182,1,35,[[35181,0],[35183,0],[34926,0],[34927,0],[35438,0],]]
[35183,12,35,[[35184,0],[35182,0],[34927,0],[35439,0],]]
[35184,1,35,[[35183,0],[35185,0],[34928,0],[34929,0],[35440,0],]]
[35185,18,35,[[35186,0],[35184,0],[34929,0],[35441,0],]]
[35186,13,35,[[35185,0],[35187,0],[34930,0],[34931,0],[35442,0],]]
[35187,8,35,[[35188,0],[35186,0],[34931,0],[35443,0],]]
[35188,17,35,[[35187,0],[35189,0],[34932,0],[34933,0],[35444,0],]]
[35189,6,35,[[35190,0],[35188,0],[34933,0],[35445,0],]]
[35190,17,35,[[35189,0],[35191,0],[34934,0],[34935,0],[35446,0],]]
[35191,19,35,[[35192,0],[35190,0],[34935,0],[35447,0],]]
[35192,1,35,[[35191,0],[35193,0],[34936,0],[34937,0],[35448,0],]]
[35193,6,35,[[35194,0],[35192,0],[34937,0],[35449,0],]]
[35194,12,35,[[35193,0],[35195,0],[34938,0],[34939,0],[35450,0],]]
[35195,18,35,[[35196,0],[35194,0],[34939,0],[35451,0],]]
[35196,3,35,[[35195,0],[35197,0],[34940,0],[34941,0],[35452,0],]]
[35197,6,35,[[35198,0],[35196,0],[34941,0],[35453,0],]]
[35198,19,35,[[35197,0],[35199,0],[34942,0],[34943,0],[35454,0],]]
[35199,15,35,[[35200,0],[35198,0],[34943,0],[35455,0],]]
[35200,17,36,[[35199,0],[35201,0],[34944,0],[34945,0],[35456,0],]]
[35201,11,36,[[35202,0],[35200,0],[34945,0],[35457,0],]]
[35202,2,36,[[35201,0],[35203,0],[34946,0],[34947,0],[35458,0],]]
[35203,8,36,[[35204,0],[35202,0],[34947,0],[35459,0],]]
[35204,19,36,[[35203,0],[35205,0],[34948,0],[34949,0],[35460,0],]]
[35205,18,36,[[35206,0],[35204,0],[34949,0],[35461,0],]]
[35206,3,36,[[35205,0],[35207,0],[34950,0],[34951,0],[35462,0],]]
[35207,14,36,[[35208,0],[35206,0],[34951,0],[35463,0],]]
[35208,18,36,[[35207,0],[35209,0],[34952,0],[34953,0],[35464,0],]]
[35209,12,36,[[35210,0],[35208,0],[34953,0],[35465,0],]]
[35210,16,36,[[35209,0],[35211,0],[34954,0],[34955,0],[35466,0],]]
[35211,17,36,[[35212,0],[35210,0],[34955,0],[35467,0],]]
[35212,4,36,[[35211,0],[35213,0],[34956,0],[34957,0],[35468,0],]]
[35213,6,36,[[35214,0],[35212,0],[34957,0],[35469,0],]]
[35214,7,36,[[35213,0],[35215,0],[34958,0],[34959,0],[35470,0],]]
[35215,18,36,[[35216,0],[35214,0],[34959,0],[35471,0],]]
[35216,3,36,[[35215,0],[35217,0],[34960,0],[34961,0],[35472,0],]]
[35217,10,36,[[35218,0],[35216,0],[34961,0],[35473,0],]]
[35218,16,36,[[35217,0],[35219,0],[34962,0],[34963,0],[35474,0],]]
[35219,8,36,[[35220,0],[35218,0],[34963,0],[35475,0],]]
[35220,11,36,[[35219,0],[35221,0],[34964,0],[34965,0],[35476,0],]]
[35221,6,36,[[35222,0],[35220,0],[34965,0],[35477,0],]]
[35222,19,36,[[35221,0],[35223,0],[34966,0],[34967,0],[35478,0],]]
[35223,10,36,[[35224,0],[35222,0],[34967,0],[35479,0],]]
[35224,12,36,[[35223,0],[35225,0],[34968,0],[34969,0],[35480,0],]]
[35225,6,36,[[35226,0],[35224,0],[34969,0],[35481,0],]]
[35226,4,36,[[35225,0],[35227,0],[34970,0],[34971,0],[35482,0],]]
[35227,13,36,[[35228,0],[35226,0],[34971,0],[35483,0],]]
[35228,6,36,[[35227,0],[35229,0],[34972,0],[34973,0],[35484,0],]]
[35229,3,36,[[35230,0],[35228,0],[34973,0],[35485,0],]]
[35230,14,36,[[35229,0],[35231,0],[34974,0],[34975,0],[35486,0],]]
[35231,12,36,[[35232,0],[35230,0],[34975,0],[35487,0],]]
[35232,16,37,[[35231,0],[35233,0],[34976,0],[34977,0],[35488,0],]]
[35233,8,37,[[35234,0],[35232,0],[34977,0],[35489,0],]]
[35234,17,37,[[35233,0],[35235,0],[34978,0],[34979,0],[35490,0],]]
[35235,6,37,[[35236,0],[35234,0],[34979,0],[35491,0],]]
[35236,8,37,[[35235,0],[35237,0],[34980,0],[34981,0],[35492,0],]]
[35237,10,37,[[35238,0],[35236,0],[34981,0],[35493,0],]]
[35238,16,37,[[35237,0],[35239,0],[34982,0],[34983,0],[35494,0],]]
[35239,2,37,[[35240,0],[35238,0],[34983,0],[35495,0],]]
[35240,3,37,[[35239,0],[35241,0],[34984,0],[34985,0],[35496,0],]]
[35241,6,37,[[35242,0],[35240,0],[34985,0],[35497,0],]]
[35242,11,37,[[35241,0],[35243,0],[34986,0],[34987,0],[35498,0],]]
[35243,10,37,[[35244,0],[35242,0],[34987,0],[35499,0],]]
[35244,7,37,[[35243,0],[35245,0],[34988,0],[34989,0],[35500,0],]]
[35245,2,37,[[35246,0],[35244,0],[34989,0],[35501,0],]]
[35246,5,37,[[35245,0],[35247,0],[34990,0],[34991,0],[35502,0],]]
[35247,13,37,[[35248,0],[35246,0],[34991,0],[35503,0],]]
[35248,11,37,[[35247,0],[35249,0],[34992,0],[34993,0],[35504,0],]]
[35249,3,37,[[35250,0],[35248,0],[34993,0],[35505,0],]]
[35250,16,37,[[35249,0],[35251,0],[34994,0],[34995,0],[35506,0],]]
[35251,7,37,[[35252,0],[35250,0],[34995,0],[35507,0],]]
[35252,3,37,[[35251,0],[35253,0],[34996,0],[34997,0],[35508,0],]]
[35253,15,37,[[35254,0],[35252,0],[34997,0],[35509,0],]]
[35254,2,37,[[35253,0],[35255,0],[34998,0],[34999,0],[35510,0],]]
[35255,19,37,[[35256,0],[35254,0],[34999,0],[35511,0],]]
[35256,19,37,[[35255,0],[35257,0],[35000,0],[35001,0],[35512,0],]]
[35257,15,37,[[35258,0],[35256,0],[35001,0],[35513,0],]]
[35258,2,37,[[35257,0],[35259,0],[35002,0],[35003,0],[35514,0],]]
[35259,12,37,[[35260,0],[35258,0],[35003,0],[35515,0],]]
[35260,11,37,[[35259,0],[35261,0],[35004,0],[35005,0],[35516,0],]]
[35261,13,37,[[35262,0],[35260,0],[35005,0],[35517,0],]]
[35262,14,37,[[35261,0],[35263,0],[35006,0],[35007,0],[35518,0],]]
[35263,1,37,[[35264,0],[35262,0],[35007,0],[35519,0],]]
[35264,2,38,[[35263,0],[35265,0],[35008,0],[35009,0],[35520,0],]]
[35265,14,38,[[35266,0],[35264,0],[35009,0],[35521,0],]]
[35266,9,38,[[35265,0],[35267,0],[35010,0],[35011,0],[35522,0],]]
[35267,6,38,[[35268,0],[35266,0],[35011,0],[35523,0],]]
[35268,11,38,[[35267,0],[35269,0],[35012,0],[35013,0],[35524,0],]]
[35269,1,38,[[35270,0],[35268,0],[35013,0],[35525,0],]]
[35270,18,38,[[35269,0],[35271,0],[35014,0],[35015,0],[35526,0],]]
[35271,19,38,[[35272,0],[35270,0],[35015,0],[35527,0],]]
[35272,15,38,[[35271,0],[35273,0],[35016,0],[35017,0],[35528,0],]]
[35273,17,38,[[35274,0],[35272,0],[35017,0],[35529,0],]]
[35274,14,38,[[35273,0],[35275,0],[35018,0],[35019,0],[35530,0],]]
[35275,11,38,[[35276,0],[35274,0],[35019,0],[35531,0],]]
[35276,9,38,[[35275,0],[35277,0],[35020,0],[35021,0],[35532,0],]]
[35277,12,38,[[35278,0],[35276,0],[35021,0],[35533,0],]]
[35278,8,38,[[35277,0],[35279,0],[35022,0],[35023,0],[35534,0],]]
[35279,18,38,[[35280,0],[35278,0],[35023,0],[35535,0],]]
[35280,7,38,[[35279,0],[35281,0],[35024,0],[35025,0],[35536,0],]]
[35281,13,38,[[35282,0],[35280,0],[35025,0],[35537,0],]]
[35282,8,38,[[35281,0],[35283,0],[35026,0],[35027,0],[35538,0],]]
[35283,3,38,[[35284,0],[35282,0],[35027,0],[35539,0],]]
[35284,13,38,[[35283,0],[35285,0],[35028,0],[35029,0],[35540,0],]]
[35285,12,38,[[35286,0],[35284,0],[35029,0],[35541,0],]]
[35286,16,38,[[35285,0],[35287,0],[35030,0],[35031,0],[35542,0],]]
[35287,17,38,[[35288,0],[35286,0],[35031,0],[35543,0],]]
[35288,12,38,[[35287,0],[35289,0],[35032,0],[35033,0],[35544,0],]]
[35289,12,38,[[35290,0],[35288,0],[35033,0],[35545,0],]]
[35290,13,38,[[35289,0],[35291,0],[35034,0],[35035,0],[35546,0],]]
[35291,8,38,[[35292,0],[35290,0],[35035,0],[35547,0],]]
[35292,12,38,[[35291,0],[35293,0],[35036,0],[35037,0],[35548,0],]]
[35293,13,38,[[35294,0],[35292,0],[35037,0],[35549,0],]]
[35294,7,38,[[35293,0],[35295,0],[35038,0],[35039,0],[35550,0],]]
[35295,5,38,[[35296,0],[35294,0],[35039,0],[35551,0],]]
[35296,13,39,[[35295,0],[35297,0],[35040,0],[35041,0],[35552,0],]]
[35297,12,39,[[35298,0],[35296,0],[35041,0],[35553,0],]]
[35298,5,39,[[35297,0],[35299,0],[35042,0],[35043,0],[35554,0],]]
[35299,10,39,[[35300,0],[35298,0],[35043,0],[35555,0],]]
[35300,4,39,[[35299,0],[35301,0],[35044,0],[35045,0],[35556,0],]]
[35301,9,39,[[35302,0],[35300,0],[35045,0],[35557,0],]]
[35302,19,39,[[35301,0],[35303,0],[35046,0],[35047,0],[35558,0],]]
[35303,15,39,[[35304,0],[35302,0],[35047,0],[35559,0],]]
[35304,7,39,[[35303,0],[35305,0],[35048,0],[35049,0],[35560,0],]]
[35305,2,39,[[35306,0],[35304,0],[35049,0],[35561,0],]]
[35306,15,39,[[35305,0],[35307,0],[35050,0],[35051,0],[35562,0],]]
[35307,17,39,[[35308,0],[35306,0],[35051,0],[35563,0],]]
[35308,7,39,[[35307,0],[35309,0],[35052,0],[35053,0],[35564,0],]]
[35309,15,39,[[35310,0],[35308,0],[35053,0],[35565,0],]]
[35310,2,39,[[35309,0],[35311,0],[35054,0],[35055,0],[35566,0],]]
[35311,7,39,[[35312,0],[35310,0],[35055,0],[35567,0],]]
[35312,12,39,[[35311,0],[35313,0],[35056,0],[35057,0],[35568,0],]]
[35313,18,39,[[35314,0],[35312,0],[35057,0],[35569,0],]]
[35314,13,39,[[35313,0],[35315,0],[35058,0],[35059,0],[35570,0],]]
[35315,16,39,[[35316,0],[35314,0],[35059,0],[35571,0],]]
[35316,12,39,[[35315,0],[35317,0],[35060,0],[35061,0],[35572,0],]]
[35317,4,39,[[35318,0],[35316,0],[35061,0],[35573,0],]]
[35318,3,39,[[35317,0],[35319,0],[35062,0],[35063,0],[35574,0],]]
[35319,17,39,[[35320,0],[35318,0],[35063,0],[35575,0],]]
[35320,3,39,[[35319,0],[35321,0],[35064,0],[35065,0],[35576,0],]]
[35321,17,39,[[35322,0],[35320,0],[35065,0],[35577,0],]]
[35322,6,39,[[35321,0],[35323,0],[35066,0],[35067,0],[35578,0],]]
[35323,16,39,[[35324,0],[35322,0],[35067,0],[35579,0],]]
[35324,18,39,[[35323,0],[35325,0],[35068,0],[35069,0],[35580,0],]]
[35325,15,39,[[35326,0],[35324,0],[35069,0],[35581,0],]]
[35326,4,39,[[35325,0],[35327,0],[35070,0],[35071,0],[35582,0],]]
[35327,9,39,[[35326,0],[35071,0],[35583,0],]]
[35328,11,32,[[35329,0],[35584,0],[35072,0],]]
[35329,15,32,[[35330,0],[35328,0],[35585,0],[35584,0],[35073,0],]]
[35330,6,32,[[35329,0],[35331,0],[35586,0],[35074,0],]]
[35331,13,32,[[35332,0],[35330,0],[35587,0],[35586,0],[35075,0],]]
[35332,17,32,[[35331,0],[35333,0],[35588,0],[35076,0],]]
[35333,3,32,[[35334,0],[35332,0],[35589,0],[35588,0],[35077,0],]]
[35334,1,32,[[35333,0],[35335,0],[35590,0],[35078,0],]]
[35335,18,32,[[35336,0],[35334,0],[35591,0],[35590,0],[35079,0],]]
[35336,4,32,[[35335,0],[35337,0],[35592,0],[35080,0],]]
[35337,17,32,[[35338,0],[35336,0],[35593,0],[35592,0],[35081,0],]]
[35338,6,32,[[35337,0],[35339,0],[35594,0],[35082,0],]]
[35339,18,32,[[35340,0],[35338,0],[35595,0],[35594,0],[35083,0],]]
[35340,12,32,[[35339,0],[35341,0],[35596,0],[35084,0],]]
[35341,8,32,[[35342,0],[35340,0],[35597,0],[35596,0],[35085,0],]]
[35342,13,32,[[35341,0],[35343,0],[35598,0],[35086,0],]]
[35343,7,32,[[35344,0],[35342,0],[35599,0],[35598,0],[35087,0],]]
[35344,2,32,[[35343,0],[35345,0],[35600,0],[35088,0],]]
[35345,18,32,[[35346,0],[35344,0],[35601,0],[35600,0],[35089,0],]]
[35346,11,32,[[35345,0],[35347,0],[35602,0],[35090,0],]]
[35347,6,32,[[35348,0],[35346,0],[35603,0],[35602,0],[35091,0],]]
[35348,11,32,[[35347,0],[35349,0],[35604,0],[35092,0],]]
[35349,12,32,[[35350,0],[35348,0],[35605,0],[35604,0],[35093,0],]]
[35350,17,32,[[35349,0],[35351,0],[35606,0],[35094,0],]]
[35351,12,32,[[35352,0],[35350,0],[35607,0],[35606,0],[35095,0],]]
[35352,16,32,[[35351,0],[35353,0],[35608,0],[35096,0],]]
[35353,16,32,[[35354,0],[35352,0],[35609,0],[35608,0],[35097,0],]]
[35354,13,32,[[35353,0],[35355,0],[35610,0],[35098,0],]]
[35355,11,32,[[35356,0],[35354,0],[35611,0],[35610,0],[35099,0],]]
[35356,14,32,[[35355,0],[35357,0],[35612,0],[35100,0],]]
[35357,15,32,[[35358,0],[35356,0],[35613,0],[35612,0],[35101,0],]]
[35358,10,32,[[35357,0],[35359,0],[35614,0],[35102,0],]]
[35359,6,32,[[35360,0],[35358,0],[35615,0],[35614,0],[35103,0],]]
[35360,18,33,[[35359,0],[35361,0],[35616,0],[35104,0],]]
[35361,7,33,[[35362,0],[35360,0],[35617,0],[35616,0],[35105,0],]]
[35362,8,33,[[35361,0],[35363,0],[35618,0],[35106,0],]]
[35363,9,33,[[35364,0],[35362,0],[35619,0],[35618,0],[35107,0],]]
[35364,10,33,[[35363,0],[35365,0],[35620,0],[35108,0],]]
[35365,8,33,[[35366,0],[35364,0],[35621,0],[35620,0],[35109,0],]]
[35366,2,33,[[35365,0],[35367,0],[35622,0],[35110,0],]]
[35367,8,33,[[35368,0],[35366,0],[35623,0],[35622,0],[35111,0],]]
[35368,16,33,[[35367,0],[35369,0],[35624,0],[35112,0],]]
[35369,15,33,[[35370,0],[35368,0],[35625,0],[35624,0],[35113,0],]]
[35370,6,33,[[35369,0],[35371,0],[35626,0],[35114,0],]]
[35371,5,33,[[35372,0],[35370,0],[35627,0],[35626,0],[35115,0],]]
[35372,11,33,[[35371,0],[35373,0],[35628,0],[35116,0],]]
[35373,17,33,[[35374,0],[35372,0],[35629,0],[35628,0],[35117,0],]]
[35374,6,33,[[35373,0],[35375,0],[35630,0],[35118,0],]]
[35375,5,33,[[35376,0],[35374,0],[35631,0],[35630,0],[35119,0],]]
[35376,5,33,[[35375,0],[35377,0],[35632,0],[35120,0],]]
[35377,18,33,[[35378,0],[35376,0],[35633,0],[35632,0],[35121,0],]]
[35378,1,33,[[35377,0],[35379,0],[35634,0],[35122,0],]]
[35379,12,33,[[35380,0],[35378,0],[35635,0],[35634,0],[35123,0],]]
[35380,5,33,[[35379,0],[35381,0],[35636,0],[35124,0],]]
[35381,17,33,[[35382,0],[35380,0],[35637,0],[35636,0],[35125,0],]]
[35382,2,33,[[35381,0],[35383,0],[35638,0],[35126,0],]]
[35383,7,33,[[35384,0],[35382,0],[35639,0],[35638,0],[35127,0],]]
[35384,6,33,[[35383,0],[35385,0],[35640,0],[35128,0],]]
[35385,12,33,[[35386,0],[35384,0],[35641,0],[35640,0],[35129,0],]]
[35386,11,33,[[35385,0],[35387,0],[35642,0],[35130,0],]]
[35387,8,33,[[35388,0],[35386,0],[35643,0],[35642,0],[35131,0],]]
[35388,17,33,[[35387,0],[35389,0],[35644,0],[35132,0],]]
