[32768,9,32,[[32769,0],[33024,0],[32512,0],]]
[32769,7,32,[[32770,0],[32768,0],[33025,0],[33024,0],[32513,0],]]
[32770,7,32,[[32769,0],[32771,0],[33026,0],[32514,0],]]
[32771,8,32,[[32772,0],[32770,0],[33027,0],[33026,0],[32515,0],]]
[32772,14,32,[[32771,0],[32773,0],[33028,0],[32516,0],]]
[32773,12,32,[[32774,0],[32772,0],[33029,0],[33028,0],[32517,0],]]
[32774,9,32,[[32773,0],[32775,0],[33030,0],[32518,0],]]
[32775,7,32,[[32776,0],[32774,0],[33031,0],[33030,0],[32519,0],]]
[32776,9,32,[[32775,0],[32777,0],[33032,0],[32520,0],]]
[32777,16,32,[[32778,0],[32776,0],[33033,0],[33032,0],[32521,0],]]
[32778,5,32,[[32777,0],[32779,0],[33034,0],[32522,0],]]
[32779,15,32,[[32780,0],[32778,0],[33035,0],[33034,0],[32523,0],]]
[32780,19,32,[[32779,0],[32781,0],[33036,0],[32524,0],]]
[32781,18,32,[[32782,0],[32780,0],[33037,0],[33036,0],[32525,0],]]
[32782,17,32,[[32781,0],[32783,0],[33038,0],[32526,0],]]
[32783,14,32,[[32784,0],[32782,0],[33039,0],[33038,0],[32527,0],]]
[32784,11,32,[[32783,0],[32785,0],[33040,0],[32528,0],]]
[32785,5,32,[[32786,0],[32784,0],[33041,0],[33040,0],[32529,0],]]
[32786,16,32,[[32785,0],[32787,0],[33042,0],[32530,0],]]
[32787,3,32,[[32788,0],[32786,0],[33043,0],[33042,0],[32531,0],]]
[32788,2,32,[[32787,0],[32789,0],[33044,0],[32532,0],]]
[32789,12,32,[[32790,0],[32788,0],[33045,0],[33044,0],[32533,0],]]
[32790,15,32,[[32789,0],[32791,0],[33046,0],[32534,0],]]
[32791,12,32,[[32792,0],[32790,0],[33047,0],[33046,0],[32535,0],]]
[32792,17,32,[[32791,0],[32793,0],[33048,0],[32536,0],]]
[32793,13,32,[[32794,0],[32792,0],[33049,0],[33048,0],[32537,0],]]
[32794,4,32,[[32793,0],[32795,0],[33050,0],[32538,0],]]
[32795,9,32,[[32796,0],[32794,0],[33051,0],[33050,0],[32539,0],]]
[32796,5,32,[[32795,0],[32797,0],[33052,0],[32540,0],]]
[32797,12,32,[[32798,0],[32796,0],[33053,0],[33052,0],[32541,0],]]
[32798,4,32,[[32797,0],[32799,0],[33054,0],[32542,0],]]
[32799,14,32,[[32800,0],[32798,0],[33055,0],[33054,0],[32543,0],]]
[32800,8,33,[[32799,0],[32801,0],[33056,0],[32544,0],]]
[32801,19,33,[[32802,0],[32800,0],[33057,0],[33056,0],[32545,0],]]
[32802,11,33,[[32801,0],[32803,0],[33058,0],[32546,0],]]
[32803,11,33,[[32804,0],[32802,0],[33059,0],[33058,0],[32547,0],]]
[32804,3,33,[[32803,0],[32805,0],[33060,0],[32548,0],]]
[32805,16,33,[[32806,0],[32804,0],[33061,0],[33060,0],[32549,0],]]
[32806,10,33,[[32805,0],[32807,0],[33062,0],[32550,0],]]
[32807,14,33,[[32808,0],[32806,0],[33063,0],[33062,0],[32551,0],]]
[32808,15,33,[[32807,0],[32809,0],[33064,0],[32552,0],]]
[32809,17,33,[[32810,0],[32808,0],[33065,0],[33064,0],[32553,0],]]
[32810,3,33,[[32809,0],[32811,0],[33066,0],[32554,0],]]
[32811,15,33,[[32812,0],[32810,0],[33067,0],[33066,0],[32555,0],]]
[32812,3,33,[[32811,0],[32813,0],[33068,0],[32556,0],]]
[32813,5,33,[[32814,0],[32812,0],[33069,0],[33068,0],[32557,0],]]
[32814,8,33,[[32813,0],[32815,0],[33070,0],[32558,0],]]
[32815,16,33,[[32816,0],[32814,0],[33071,0],[33070,0],[32559,0],]]
[32816,1,33,[[32815,0],[32817,0],[33072,0],[32560,0],]]
[32817,9,33,[[32818,0],[32816,0],[33073,0],[33072,0],[32561,0],]]
[32818,19,33,[[32817,0],[32819,0],[33074,0],[32562,0],]]
[32819,2,33,[[32820,0],[32818,0],[33075,0],[33074,0],[32563,0],]]
[32820,7,33,[[32819,0],[32821,0],[33076,0],[32564,0],]]
[32821,12,33,[[32822,0],[32820,0],[33077,0],[33076,0],[32565,0],]]
[32822,11,33,[[32821,0],[32823,0],[33078,0],[32566,0],]]
[32823,8,33,[[32824,0],[32822,0],[33079,0],[33078,0],[32567,0],]]
[32824,7,33,[[32823,0],[32825,0],[33080,0],[32568,0],]]
[32825,4,33,[[32826,0],[32824,0],[33081,0],[33080,0],[32569,0],]]
[32826,17,33,[[32825,0],[32827,0],[33082,0],[32570,0],]]
[32827,14,33,[[32828,0],[32826,0],[33083,0],[33082,0],[32571,0],]]
[32828,6,33,[[32827,0],[32829,0],[33084,0],[32572,0],]]
[32829,3,33,[[32830,0],[32828,0],[33085,0],[33084,0],[32573,0],]]
[32830,10,33,[[32829,0],[32831,0],[33086,0],[32574,0],]]
[32831,12,33,[[32832,0],[32830,0],[33087,0],[33086,0],[32575,0],]]
[32832,4,34,[[32831,0],[32833,0],[33088,0],[32576,0],]]
[32833,4,34,[[32834,0],[32832,0],[33089,0],[33088,0],[32577,0],]]
[32834,16,34,[[32833,0],[32835,0],[33090,0],[32578,0],]]
[32835,4,34,[[32836,0],[32834,0],[33091,0],[33090,0],[32579,0],]]
[32836,1,34,[[32835,0],[32837,0],[33092,0],[32580,0],]]
[32837,16,34,[[32838,0],[32836,0],[33093,0],[33092,0],[32581,0],]]
[32838,18,34,[[32837,0],[32839,0],[33094,0],[32582,0],]]
[32839,19,34,[[32840,0],[32838,0],[33095,0],[33094,0],[32583,0],]]
[32840,8,34,[[32839,0],[32841,0],[33096,0],[32584,0],]]
[32841,9,34,[[32842,0],[32840,0],[33097,0],[33096,0],[32585,0],]]
[32842,7,34,[[32841,0],[32843,0],[33098,0],[32586,0],]]
[32843,5,34,[[32844,0],[32842,0],[33099,0],[33098,0],[32587,0],]]
[32844,15,34,[[32843,0],[32845,0],[33100,0],[32588,0],]]
[32845,13,34,[[32846,0],[32844,0],[33101,0],[33100,0],[32589,0],]]
[32846,14,34,[[32845,0],[32847,0],[33102,0],[32590,0],]]
[32847,2,34,[[32848,0],[32846,0],[33103,0],[33102,0],[32591,0],]]
[32848,9,34,[[32847,0],[32849,0],[33104,0],[32592,0],]]
[32849,8,34,[[32850,0],[32848,0],[33105,0],[33104,0],[32593,0],]]
[32850,4,34,[[32849,0],[32851,0],[33106,0],[32594,0],]]
[32851,7,34,[[32852,0],[32850,0],[33107,0],[33106,0],[32595,0],]]
[32852,1,34,[[32851,0],[32853,0],[33108,0],[32596,0],]]
[32853,11,34,[[32854,0],[32852,0],[33109,0],[33108,0],[32597,0],]]
[32854,4,34,[[32853,0],[32855,0],[33110,0],[32598,0],]]
[32855,6,34,[[32856,0],[32854,0],[33111,0],[33110,0],[32599,0],]]
[32856,4,34,[[32855,0],[32857,0],[33112,0],[32600,0],]]
[32857,14,34,[[32858,0],[32856,0],[33113,0],[33112,0],[32601,0],]]
[32858,3,34,[[32857,0],[32859,0],[33114,0],[32602,0],]]
[32859,4,34,[[32860,0],[32858,0],[33115,0],[33114,0],[32603,0],]]
[32860,19,34,[[32859,0],[32861,0],[33116,0],[32604,0],]]
[32861,16,34,[[32862,0],[32860,0],[33117,0],[33116,0],[32605,0],]]
[32862,15,34,[[32861,0],[32863,0],[33118,0],[32606,0],]]
[32863,13,34,[[32864,0],[32862,0],[33119,0],[33118,0],[32607,0],]]
[32864,16,35,[[32863,0],[32865,0],[33120,0],[32608,0],]]
[32865,8,35,[[32866,0],[32864,0],[33121,0],[33120,0],[32609,0],]]
[32866,3,35,[[32865,0],[32867,0],[33122,0],[32610,0],]]
[32867,1,35,[[32868,0],[32866,0],[33123,0],[33122,0],[32611,0],]]
[32868,14,35,[[32867,0],[32869,0],[33124,0],[32612,0],]]
[32869,7,35,[[32870,0],[32868,0],[33125,0],[33124,0],[32613,0],]]
[32870,7,35,[[32869,0],[32871,0],[33126,0],[32614,0],]]
[32871,5,35,[[32872,0],[32870,0],[33127,0],[33126,0],[32615,0],]]
[32872,15,35,[[32871,0],[32873,0],[33128,0],[32616,0],]]
[32873,7,35,[[32874,0],[32872,0],[33129,0],[33128,0],[32617,0],]]
[32874,7,35,[[32873,0],[32875,0],[33130,0],[32618,0],]]
[32875,1,35,[[32876,0],[32874,0],[33131,0],[33130,0],[32619,0],]]
[32876,4,35,[[32875,0],[32877,0],[33132,0],[32620,0],]]
[32877,7,35,[[32878,0],[32876,0],[33133,0],[33132,0],[32621,0],]]
[32878,4,35,[[32877,0],[32879,0],[33134,0],[32622,0],]]
[32879,7,35,[[32880,0],[32878,0],[33135,0],[33134,0],[32623,0],]]
[32880,4,35,[[32879,0],[32881,0],[33136,0],[32624,0],]]
[32881,7,35,[[32882,0],[32880,0],[33137,0],[33136,0],[32625,0],]]
[32882,2,35,[[32881,0],[32883,0],[33138,0],[32626,0],]]
[32883,2,35,[[32884,0],[32882,0],[33139,0],[33138,0],[32627,0],]]
[32884,11,35,[[32883,0],[32885,0],[33140,0],[32628,0],]]
[32885,1,35,[[32886,0],[32884,0],[33141,0],[33140,0],[32629,0],]]
[32886,5,35,[[32885,0],[32887,0],[33142,0],[32630,0],]]
[32887,11,35,[[32888,0],[32886,0],[33143,0],[33142,0],[32631,0],]]
[32888,5,35,[[32887,0],[32889,0],[33144,0],[32632,0],]]
[32889,3,35,[[32890,0],[32888,0],[33145,0],[33144,0],[32633,0],]]
[32890,1,35,[[32889,0],[32891,0],[33146,0],[32634,0],]]
[32891,3,35,[[32892,0],[32890,0],[33147,0],[33146,0],[32635,0],]]
[32892,13,35,[[32891,0],[32893,0],[33148,0],[32636,0],]]
[32893,15,35,[[32894,0],[32892,0],[33149,0],[33148,0],[32637,0],]]
[32894,8,35,[[32893,0],[32895,0],[33150,0],[32638,0],]]
[32895,15,35,[[32896,0],[32894,0],[33151,0],[33150,0],[32639,0],]]
[32896,3,36,[[32895,0],[32897,0],[33152,0],[32640,0],]]
[32897,10,36,[[32898,0],[32896,0],[33153,0],[33152,0],[32641,0],]]
[32898,3,36,[[32897,0],[32899,0],[33154,0],[32642,0],]]
[32899,6,36,[[32900,0],[32898,0],[33155,0],[33154,0],[32643,0],]]
[32900,16,36,[[32899,0],[32901,0],[33156,0],[32644,0],]]
[32901,6,36,[[32902,0],[32900,0],[33157,0],[33156,0],[32645,0],]]
[32902,15,36,[[32901,0],[32903,0],[33158,0],[32646,0],]]
[32903,4,36,[[32904,0],[32902,0],[33159,0],[33158,0],[32647,0],]]
[32904,9,36,[[32903,0],[32905,0],[33160,0],[32648,0],]]
[32905,17,36,[[32906,0],[32904,0],[33161,0],[33160,0],[32649,0],]]
[32906,9,36,[[32905,0],[32907,0],[33162,0],[32650,0],]]
[32907,14,36,[[32908,0],[32906,0],[33163,0],[33162,0],[32651,0],]]
[32908,10,36,[[32907,0],[32909,0],[33164,0],[32652,0],]]
[32909,14,36,[[32910,0],[32908,0],[33165,0],[33164,0],[32653,0],]]
[32910,16,36,[[32909,0],[32911,0],[33166,0],[32654,0],]]
[32911,1,36,[[32912,0],[32910,0],[33167,0],[33166,0],[32655,0],]]
[32912,10,36,[[32911,0],[32913,0],[33168,0],[32656,0],]]
[32913,5,36,[[32914,0],[32912,0],[33169,0],[33168,0],[32657,0],]]
[32914,1,36,[[32913,0],[32915,0],[33170,0],[32658,0],]]
[32915,10,36,[[32916,0],[32914,0],[33171,0],[33170,0],[32659,0],]]
[32916,14,36,[[32915,0],[32917,0],[33172,0],[32660,0],]]
[32917,1,36,[[32918,0],[32916,0],[33173,0],[33172,0],[32661,0],]]
[32918,11,36,[[32917,0],[32919,0],[33174,0],[32662,0],]]
[32919,14,36,[[32920,0],[32918,0],[33175,0],[33174,0],[32663,0],]]
[32920,8,36,[[32919,0],[32921,0],[33176,0],[32664,0],]]
[32921,2,36,[[32922,0],[32920,0],[33177,0],[33176,0],[32665,0],]]
[32922,16,36,[[32921,0],[32923,0],[33178,0],[32666,0],]]
[32923,4,36,[[32924,0],[32922,0],[33179,0],[33178,0],[32667,0],]]
[32924,11,36,[[32923,0],[32925,0],[33180,0],[32668,0],]]
[32925,14,36,[[32926,0],[32924,0],[33181,0],[33180,0],[32669,0],]]
[32926,9,36,[[32925,0],[32927,0],[33182,0],[32670,0],]]
[32927,9,36,[[32928,0],[32926,0],[33183,0],[33182,0],[32671,0],]]
[32928,9,37,[[32927,0],[32929,0],[33184,0],[32672,0],]]
[32929,4,37,[[32930,0],[32928,0],[33185,0],[33184,0],[32673,0],]]
[32930,14,37,[[32929,0],[32931,0],[33186,0],[32674,0],]]
[32931,18,37,[[32932,0],[32930,0],[33187,0],[33186,0],[32675,0],]]
[32932,4,37,[[32931,0],[32933,0],[33188,0],[32676,0],]]
[32933,10,37,[[32934,0],[32932,0],[33189,0],[33188,0],[32677,0],]]
[32934,5,37,[[32933,0],[32935,0],[33190,0],[32678,0],]]
[32935,19,37,[[32936,0],[32934,0],[33191,0],[33190,0],[32679,0],]]
[32936,4,37,[[32935,0],[32937,0],[33192,0],[32680,0],]]
[32937,9,37,[[32938,0],[32936,0],[33193,0],[33192,0],[32681,0],]]
[32938,2,37,[[32937,0],[32939,0],[33194,0],[32682,0],]]
[32939,12,37,[[32940,0],[32938,0],[33195,0],[33194,0],[32683,0],]]
[32940,14,37,[[32939,0],[32941,0],[33196,0],[32684,0],]]
[32941,11,37,[[32942,0],[32940,0],[33197,0],[33196,0],[32685,0],]]
[32942,6,37,[[32941,0],[32943,0],[33198,0],[32686,0],]]
[32943,5,37,[[32944,0],[32942,0],[33199,0],[33198,0],[32687,0],]]
[32944,13,37,[[32943,0],[32945,0],[33200,0],[32688,0],]]
[32945,18,37,[[32946,0],[32944,0],[33201,0],[33200,0],[32689,0],]]
[32946,19,37,[[32945,0],[32947,0],[33202,0],[32690,0],]]
[32947,18,37,[[32948,0],[32946,0],[33203,0],[33202,0],[32691,0],]]
[32948,11,37,[[32947,0],[32949,0],[33204,0],[32692,0],]]
[32949,5,37,[[32950,0],[32948,0],[33205,0],[33204,0],[32693,0],]]
[32950,7,37,[[32949,0],[32951,0],[33206,0],[32694,0],]]
[32951,17,37,[[32952,0],[32950,0],[33207,0],[33206,0],[32695,0],]]
[32952,13,37,[[32951,0],[32953,0],[33208,0],[32696,0],]]
[32953,6,37,[[32954,0],[32952,0],[33209,0],[33208,0],[32697,0],]]
[32954,18,37,[[32953,0],[32955,0],[33210,0],[32698,0],]]
[32955,4,37,[[32956,0],[32954,0],[33211,0],[33210,0],[32699,0],]]
[32956,8,37,[[32955,0],[32957,0],[33212,0],[32700,0],]]
[32957,5,37,[[32958,0],[32956,0],[33213,0],[33212,0],[32701,0],]]
[32958,17,37,[[32957,0],[32959,0],[33214,0],[32702,0],]]
[32959,11,37,[[32960,0],[32958,0],[33215,0],[33214,0],[32703,0],]]
[32960,14,38,[[32959,0],[32961,0],[33216,0],[32704,0],]]
[32961,9,38,[[32962,0],[32960,0],[33217,0],[33216,0],[32705,0],]]
[32962,16,38,[[32961,0],[32963,0],[33218,0],[32706,0],]]
[32963,1,38,[[32964,0],[32962,0],[33219,0],[33218,0],[32707,0],]]
[32964,17,38,[[32963,0],[32965,0],[33220,0],[32708,0],]]
[32965,12,38,[[32966,0],[32964,0],[33221,0],[33220,0],[32709,0],]]
[32966,5,38,[[32965,0],[32967,0],[33222,0],[32710,0],]]
[32967,19,38,[[32968,0],[32966,0],[33223,0],[33222,0],[32711,0],]]
[32968,12,38,[[32967,0],[32969,0],[33224,0],[32712,0],]]
[32969,17,38,[[32970,0],[32968,0],[33225,0],[33224,0],[32713,0],]]
[32970,9,38,[[32969,0],[32971,0],[33226,0],[32714,0],]]
[32971,7,38,[[32972,0],[32970,0],[33227,0],[33226,0],[32715,0],]]
[32972,17,38,[[32971,0],[32973,0],[33228,0],[32716,0],]]
[32973,6,38,[[32974,0],[32972,0],[33229,0],[33228,0],[32717,0],]]
[32974,8,38,[[32973,0],[32975,0],[33230,0],[32718,0],]]
[32975,7,38,[[32976,0],[32974,0],[33231,0],[33230,0],[32719,0],]]
[32976,19,38,[[32975,0],[32977,0],[33232,0],[32720,0],]]
[32977,15,38,[[32978,0],[32976,0],[33233,0],[33232,0],[32721,0],]]
[32978,13,38,[[32977,0],[32979,0],[33234,0],[32722,0],]]
[32979,8,38,[[32980,0],[32978,0],[33235,0],[33234,0],[32723,0],]]
[32980,12,38,[[32979,0],[32981,0],[33236,0],[32724,0],]]
[32981,1,38,[[32982,0],[32980,0],[33237,0],[33236,0],[32725,0],]]
[32982,15,38,[[32981,0],[32983,0],[33238,0],[32726,0],]]
[32983,10,38,[[32984,0],[32982,0],[33239,0],[33238,0],[32727,0],]]
[32984,17,38,[[32983,0],[32985,0],[33240,0],[32728,0],]]
[32985,14,38,[[32986,0],[32984,0],[33241,0],[33240,0],[32729,0],]]
[32986,2,38,[[32985,0],[32987,0],[33242,0],[32730,0],]]
[32987,17,38,[[32988,0],[32986,0],[33243,0],[33242,0],[32731,0],]]
[32988,15,38,[[32987,0],[32989,0],[33244,0],[32732,0],]]
[32989,12,38,[[32990,0],[32988,0],[33245,0],[33244,0],[32733,0],]]
[32990,6,38,[[32989,0],[32991,0],[33246,0],[32734,0],]]
[32991,6,38,[[32992,0],[32990,0],[33247,0],[33246,0],[32735,0],]]
[32992,16,39,[[32991,0],[32993,0],[33248,0],[32736,0],]]
[32993,17,39,[[32994,0],[32992,0],[33249,0],[33248,0],[32737,0],]]
[32994,14,39,[[32993,0],[32995,0],[33250,0],[32738,0],]]
[32995,17,39,[[32996,0],[32994,0],[33251,0],[33250,0],[32739,0],]]
[32996,18,39,[[32995,0],[32997,0],[33252,0],[32740,0],]]
[32997,11,39,[[32998,0],[32996,0],[33253,0],[33252,0],[32741,0],]]
[32998,12,39,[[32997,0],[32999,0],[33254,0],[32742,0],]]
[32999,7,39,[[33000,0],[32998,0],[33255,0],[33254,0],[32743,0],]]
[33000,15,39,[[32999,0],[33001,0],[33256,0],[32744,0],]]
[33001,15,39,[[33002,0],[33000,0],[33257,0],[33256,0],[32745,0],]]
[33002,6,39,[[33001,0],[33003,0],[33258,0],[32746,0],]]
[33003,17,39,[[33004,0],[33002,0],[33259,0],[33258,0],[32747,0],]]
[33004,5,39,[[33003,0],[33005,0],[33260,0],[32748,0],]]
[33005,15,39,[[33006,0],[33004,0],[33261,0],[33260,0],[32749,0],]]
[33006,10,39,[[33005,0],[33007,0],[33262,0],[32750,0],]]
[33007,13,39,[[33008,0],[33006,0],[33263,0],[33262,0],[32751,0],]]
[33008,13,39,[[33007,0],[33009,0],[33264,0],[32752,0],]]
[33009,17,39,[[33010,0],[33008,0],[33265,0],[33264,0],[32753,0],]]
[33010,5,39,[[33009,0],[33011,0],[33266,0],[32754,0],]]
[33011,16,39,[[33012,0],[33010,0],[33267,0],[33266,0],[32755,0],]]
[33012,18,39,[[33011,0],[33013,0],[33268,0],[32756,0],]]
[33013,5,39,[[33014,0],[33012,0],[33269,0],[33268,0],[32757,0],]]
[33014,15,39,[[33013,0],[33015,0],[33270,0],[32758,0],]]
[33015,15,39,[[33016,0],[33014,0],[33271,0],[33270,0],[32759,0],]]
[33016,15,39,[[33015,0],[33017,0],[33272,0],[32760,0],]]
[33017,3,39,[[33018,0],[33016,0],[33273,0],[33272,0],[32761,0],]]
[33018,2,39,[[33017,0],[33019,0],[33274,0],[32762,0],]]
[33019,9,39,[[33020,0],[33018,0],[33275,0],[33274,0],[32763,0],]]
[33020,4,39,[[33019,0],[33021,0],[33276,0],[32764,0],]]
[33021,5,39,[[33022,0],[33020,0],[33277,0],[33276,0],[32765,0],]]
[33022,5,39,[[33021,0],[33023,0],[33278,0],[32766,0],]]
[33023,17,39,[[33022,0],[33279,0],[33278,0],[32767,0],]]
[33024,17,32,[[33025,0],[32768,0],[32769,0],[33280,0],]]
[33025,14,32,[[33026,0],[33024,0],[32769,0],[33281,0],]]
[33026,16,32,[[33025,0],[33027,0],[32770,0],[32771,0],[33282,0],]]
[33027,8,32,[[33028,0],[33026,0],[32771,0],[33283,0],]]
[33028,17,32,[[33027,0],[33029,0],[32772,0],[32773,0],[33284,0],]]
[33029,9,32,[[33030,0],[33028,0],[32773,0],[33285,0],]]
[33030,14,32,[[33029,0],[33031,0],[32774,0],[32775,0],[33286,0],]]
[33031,12,32,[[33032,0],[33030,0],[32775,0],[33287,0],]]
[33032,18,32,[[33031,0],[33033,0],[32776,0],[32777,0],[33288,0],]]
[33033,8,32,[[33034,0],[33032,0],[32777,0],[33289,0],]]
[33034,18,32,[[33033,0],[33035,0],[32778,0],[32779,0],[33290,0],]]
[33035,11,32,[[33036,0],[33034,0],[32779,0],[33291,0],]]
[33036,18,32,[[33035,0],[33037,0],[32780,0],[32781,0],[33292,0],]]
[33037,17,32,[[33038,0],[33036,0],[32781,0],[33293,0],]]
[33038,7,32,[[33037,0],[33039,0],[32782,0],[32783,0],[33294,0],]]
[33039,4,32,[[33040,0],[33038,0],[32783,0],[33295,0],]]
[33040,7,32,[[33039,0],[33041,0],[32784,0],[32785,0],[33296,0],]]
[33041,4,32,[[33042,0],[33040,0],[32785,0],[33297,0],]]
[33042,15,32,[[33041,0],[33043,0],[32786,0],[32787,0],[33298,0],]]
[33043,2,32,[[33044,0],[33042,0],[32787,0],[33299,0],]]
[33044,11,32,[[33043,0],[33045,0],[32788,0],[32789,0],[33300,0],]]
[33045,5,32,[[33046,0],[33044,0],[32789,0],[33301,0],]]
[33046,11,32,[[33045,0],[33047,0],[32790,0],[32791,0],[33302,0],]]
[33047,18,32,[[33048,0],[33046,0],[32791,0],[33303,0],]]
[33048,17,32,[[33047,0],[33049,0],[32792,0],[32793,0],[33304,0],]]
[33049,8,32,[[33050,0],[33048,0],[32793,0],[33305,0],]]
[33050,4,32,[[33049,0],[33051,0],[32794,0],[32795,0],[33306,0],]]
[33051,11,32,[[33052,0],[33050,0],[32795,0],[33307,0],]]
[33052,17,32,[[33051,0],[33053,0],[32796,0],[32797,0],[33308,0],]]
[33053,15,32,[[33054,0],[33052,0],[32797,0],[33309,0],]]
[33054,5,32,[[33053,0],[33055,0],[32798,0],[32799,0],[33310,0],]]
[33055,15,32,[[33056,0],[33054,0],[32799,0],[33311,0],]]
[33056,11,33,[[33055,0],[33057,0],[32800,0],[32801,0],[33312,0],]]
[33057,10,33,[[33058,0],[33056,0],[32801,0],[33313,0],]]
[33058,3,33,[[33057,0],[33059,0],[32802,0],[32803,0],[33314,0],]]
[33059,5,33,[[33060,0],[33058,0],[32803,0],[33315,0],]]
[33060,10,33,[[33059,0],[33061,0],[32804,0],[32805,0],[33316,0],]]
[33061,13,33,[[33062,0],[33060,0],[32805,0],[33317,0],]]
[33062,19,33,[[33061,0],[33063,0],[32806,0],[32807,0],[33318,0],]]
[33063,16,33,[[33064,0],[33062,0],[32807,0],[33319,0],]]
[33064,6,33,[[33063,0],[33065,0],[32808,0],[32809,0],[33320,0],]]
[33065,6,33,[[33066,0],[33064,0],[32809,0],[33321,0],]]
[33066,18,33,[[33065,0],[33067,0],[32810,0],[32811,0],[33322,0],]]
[33067,1,33,[[33068,0],[33066,0],[32811,0],[33323,0],]]
[33068,1,33,[[33067,0],[33069,0],[32812,0],[32813,0],[33324,0],]]
[33069,7,33,[[33070,0],[33068,0],[32813,0],[33325,0],]]
[33070,19,33,[[33069,0],[33071,0],[32814,0],[32815,0],[33326,0],]]
[33071,9,33,[[33072,0],[33070,0],[32815,0],[33327,0],]]
[33072,12,33,[[33071,0],[33073,0],[32816,0],[32817,0],[33328,0],]]
[33073,1,33,[[33074,0],[33072,0],[32817,0],[33329,0],]]
[33074,10,33,[[33073,0],[33075,0],[32818,0],[32819,0],[33330,0],]]
[33075,13,33,[[33076,0],[33074,0],[32819,0],[33331,0],]]
[33076,9,33,[[33075,0],[33077,0],[32820,0],[32821,0],[33332,0],]]
[33077,19,33,[[33078,0],[33076,0],[32821,0],[33333,0],]]
[33078,13,33,[[33077,0],[33079,0],[32822,0],[32823,0],[33334,0],]]
[33079,9,33,[[33080,0],[33078,0],[32823,0],[33335,0],]]
[33080,1,33,[[33079,0],[33081,0],[32824,0],[32825,0],[33336,0],]]
[33081,7,33,[[33082,0],[33080,0],[32825,0],[33337,0],]]
[33082,16,33,[[33081,0],[33083,0],[32826,0],[32827,0],[33338,0],]]
[33083,7,33,[[33084,0],[33082,0],[32827,0],[33339,0],]]
[33084,10,33,[[33083,0],[33085,0],[32828,0],[32829,0],[33340,0],]]
[33085,12,33,[[33086,0],[33084,0],[32829,0],[33341,0],]]
[33086,4,33,[[33085,0],[33087,0],[32830,0],[32831,0],[33342,0],]]
[33087,10,33,[[33088,0],[33086,0],[32831,0],[33343,0],]]
[33088,13,34,[[33087,0],[33089,0],[32832,0],[32833,0],[33344,0],]]
[33089,11,34,[[33090,0],[33088,0],[32833,0],[33345,0],]]
[33090,19,34,[[33089,0],[33091,0],[32834,0],[32835,0],[33346,0],]]
[33091,19,34,[[33092,0],[33090,0],[32835,0],[33347,0],]]
[33092,15,34,[[33091,0],[33093,0],[32836,0],[32837,0],[33348,0],]]
[33093,19,34,[[33094,0],[33092,0],[32837,0],[33349,0],]]
[33094,8,34,[[33093,0],[33095,0],[32838,0],[32839,0],[33350,0],]]
[33095,1,34,[[33096,0],[33094,0],[32839,0],[33351,0],]]
[33096,1,34,[[33095,0],[33097,0],[32840,0],[32841,0],[33352,0],]]
[33097,18,34,[[33098,0],[33096,0],[32841,0],[33353,0],]]
[33098,15,34,[[33097,0],[33099,0],[32842,0],[32843,0],[33354,0],]]
[33099,16,34,[[33100,0],[33098,0],[32843,0],[33355,0],]]
[33100,12,34,[[33099,0],[33101,0],[32844,0],[32845,0],[33356,0],]]
[33101,15,34,[[33102,0],[33100,0],[32845,0],[33357,0],]]
[33102,5,34,[[33101,0],[33103,0],[32846,0],[32847,0],[33358,0],]]
[33103,14,34,[[33104,0],[33102,0],[32847,0],[33359,0],]]
[33104,11,34,[[33103,0],[33105,0],[32848,0],[32849,0],[33360,0],]]
[33105,2,34,[[33106,0],[33104,0],[32849,0],[33361,0],]]
[33106,7,34,[[33105,0],[33107,0],[32850,0],[32851,0],[33362,0],]]
[33107,14,34,[[33108,0],[33106,0],[32851,0],[33363,0],]]
[33108,17,34,[[33107,0],[33109,0],[32852,0],[32853,0],[33364,0],]]
[33109,6,34,[[33110,0],[33108,0],[32853,0],[33365,0],]]
[33110,19,34,[[33109,0],[33111,0],[32854,0],[32855,0],[33366,0],]]
[33111,7,34,[[33112,0],[33110,0],[32855,0],[33367,0],]]
[33112,19,34,[[33111,0],[33113,0],[32856,0],[32857,0],[33368,0],]]
[33113,18,34,[[33114,0],[33112,0],[32857,0],[33369,0],]]
[33114,8,34,[[33113,0],[33115,0],[32858,0],[32859,0],[33370,0],]]
[33115,19,34,[[33116,0],[33114,0],[32859,0],[33371,0],]]
[33116,6,34,[[33115,0],[33117,0],[32860,0],[32861,0],[33372,0],]]
[33117,14,34,[[33118,0],[33116,0],[32861,0],[33373,0],]]
[33118,19,34,[[33117,0],[33119,0],[32862,0],[32863,0],[33374,0],]]
[33119,12,34,[[33120,0],[33118,0],[32863,0],[33375,0],]]
[33120,1,35,[[33119,0],[33121,0],[32864,0],[32865,0],[33376,0],]]
[33121,7,35,[[33122,0],[33120,0],[32865,0],[33377,0],]]
[33122,3,35,[[33121,0],[33123,0],[32866,0],[32867,0],[33378,0],]]
[33123,6,35,[[33124,0],[33122,0],[32867,0],[33379,0],]]
[33124,19,35,[[33123,0],[33125,0],[32868,0],[32869,0],[33380,0],]]
[33125,19,35,[[33126,0],[33124,0],[32869,0],[33381,0],]]
[33126,6,35,[[33125,0],[33127,0],[32870,0],[32871,0],[33382,0],]]
[33127,5,35,[[33128,0],[33126,0],[32871,0],[33383,0],]]
[33128,1,35,[[33127,0],[33129,0],[32872,0],[32873,0],[33384,0],]]
[33129,6,35,[[33130,0],[33128,0],[32873,0],[33385,0],]]
[33130,4,35,[[33129,0],[33131,0],[32874,0],[32875,0],[33386,0],]]
[33131,6,35,[[33132,0],[33130,0],[32875,0],[33387,0],]]
[33132,2,35,[[33131,0],[33133,0],[32876,0],[32877,0],[33388,0],]]
[33133,11,35,[[33134,0],[33132,0],[32877,0],[33389,0],]]
[33134,6,35,[[33133,0],[33135,0],[32878,0],[32879,0],[33390,0],]]
[33135,10,35,[[33136,0],[33134,0],[32879,0],[33391,0],]]
[33136,11,35,[[33135,0],[33137,0],[32880,0],[32881,0],[33392,0],]]
[33137,9,35,[[33138,0],[33136,0],[32881,0],[33393,0],]]
[33138,14,35,[[33137,0],[33139,0],[32882,0],[32883,0],[33394,0],]]
[33139,12,35,[[33140,0],[33138,0],[32883,0],[33395,0],]]
[33140,9,35,[[33139,0],[33141,0],[32884,0],[32885,0],[33396,0],]]
[33141,6,35,[[33142,0],[33140,0],[32885,0],[33397,0],]]
[33142,14,35,[[33141,0],[33143,0],[32886,0],[32887,0],[33398,0],]]
[33143,2,35,[[33144,0],[33142,0],[32887,0],[33399,0],]]
[33144,13,35,[[33143,0],[33145,0],[32888,0],[32889,0],[33400,0],]]
[33145,1,35,[[33146,0],[33144,0],[32889,0],[33401,0],]]
[33146,19,35,[[33145,0],[33147,0],[32890,0],[32891,0],[33402,0],]]
[33147,18,35,[[33148,0],[33146,0],[32891,0],[33403,0],]]
[33148,10,35,[[33147,0],[33149,0],[32892,0],[32893,0],[33404,0],]]
[33149,5,35,[[33150,0],[33148,0],[32893,0],[33405,0],]]
[33150,16,35,[[33149,0],[33151,0],[32894,0],[32895,0],[33406,0],]]
[33151,10,35,[[33152,0],[33150,0],[32895,0],[33407,0],]]
[33152,11,36,[[33151,0],[33153,0],[32896,0],[32897,0],[33408,0],]]
[33153,4,36,[[33154,0],[33152,0],[32897,0],[33409,0],]]
[33154,11,36,[[33153,0],[33155,0],[32898,0],[32899,0],[33410,0],]]
[33155,17,36,[[33156,0],[33154,0],[32899,0],[33411,0],]]
[33156,15,36,[[33155,0],[33157,0],[32900,0],[32901,0],[33412,0],]]
[33157,14,36,[[33158,0],[33156,0],[32901,0],[33413,0],]]
[33158,15,36,[[33157,0],[33159,0],[32902,0],[32903,0],[33414,0],]]
[33159,17,36,[[33160,0],[33158,0],[32903,0],[33415,0],]]
[33160,1,36,[[33159,0],[33161,0],[32904,0],[32905,0],[33416,0],]]
[33161,18,36,[[33162,0],[33160,0],[32905,0],[33417,0],]]
[33162,19,36,[[33161,0],[33163,0],[32906,0],[32907,0],[33418,0],]]
[33163,13,36,[[33164,0],[33162,0],[32907,0],[33419,0],]]
[33164,5,36,[[33163,0],[33165,0],[32908,0],[32909,0],[33420,0],]]
[33165,11,36,[[33166,0],[33164,0],[32909,0],[33421,0],]]
[33166,7,36,[[33165,0],[33167,0],[32910,0],[32911,0],[33422,0],]]
[33167,8,36,[[33168,0],[33166,0],[32911,0],[33423,0],]]
[33168,2,36,[[33167,0],[33169,0],[32912,0],[32913,0],[33424,0],]]
[33169,12,36,[[33170,0],[33168,0],[32913,0],[33425,0],]]
[33170,16,36,[[33169,0],[33171,0],[32914,0],[32915,0],[33426,0],]]
[33171,15,36,[[33172,0],[33170,0],[32915,0],[33427,0],]]
[33172,9,36,[[33171,0],[33173,0],[32916,0],[32917,0],[33428,0],]]
[33173,11,36,[[33174,0],[33172,0],[32917,0],[33429,0],]]
[33174,6,36,[[33173,0],[33175,0],[32918,0],[32919,0],[33430,0],]]
[33175,16,36,[[33176,0],[33174,0],[32919,0],[33431,0],]]
[33176,9,36,[[33175,0],[33177,0],[32920,0],[32921,0],[33432,0],]]
[33177,19,36,[[33178,0],[33176,0],[32921,0],[33433,0],]]
[33178,16,36,[[33177,0],[33179,0],[32922,0],[32923,0],[33434,0],]]
[33179,7,36,[[33180,0],[33178,0],[32923,0],[33435,0],]]
[33180,8,36,[[33179,0],[33181,0],[32924,0],[32925,0],[33436,0],]]
[33181,1,36,[[33182,0],[33180,0],[32925,0],[33437,0],]]
[33182,8,36,[[33181,0],[33183,0],[32926,0],[32927,0],[33438,0],]]
[33183,13,36,[[33184,0],[33182,0],[32927,0],[33439,0],]]
[33184,13,37,[[33183,0],[33185,0],[32928,0],[32929,0],[33440,0],]]
[33185,4,37,[[33186,0],[33184,0],[32929,0],[33441,0],]]
[33186,16,37,[[33185,0],[33187,0],[32930,0],[32931,0],[33442,0],]]
[33187,7,37,[[33188,0],[33186,0],[32931,0],[33443,0],]]
[33188,10,37,[[33187,0],[33189,0],[32932,0],[32933,0],[33444,0],]]
[33189,2,37,[[33190,0],[33188,0],[32933,0],[33445,0],]]
[33190,12,37,[[33189,0],[33191,0],[32934,0],[32935,0],[33446,0],]]
[33191,5,37,[[33192,0],[33190,0],[32935,0],[33447,0],]]
[33192,8,37,[[33191,0],[33193,0],[32936,0],[32937,0],[33448,0],]]
[33193,8,37,[[33194,0],[33192,0],[32937,0],[33449,0],]]
[33194,2,37,[[33193,0],[33195,0],[32938,0],[32939,0],[33450,0],]]
[33195,9,37,[[33196,0],[33194,0],[32939,0],[33451,0],]]
[33196,15,37,[[33195,0],[33197,0],[32940,0],[32941,0],[33452,0],]]
[33197,11,37,[[33198,0],[33196,0],[32941,0],[33453,0],]]
[33198,3,37,[[33197,0],[33199,0],[32942,0],[32943,0],[33454,0],]]
[33199,4,37,[[33200,0],[33198,0],[32943,0],[33455,0],]]
[33200,6,37,[[33199,0],[33201,0],[32944,0],[32945,0],[33456,0],]]
[33201,9,37,[[33202,0],[33200,0],[32945,0],[33457,0],]]
[33202,1,37,[[33201,0],[33203,0],[32946,0],[32947,0],[33458,0],]]
[33203,19,37,[[33204,0],[33202,0],[32947,0],[33459,0],]]
[33204,16,37,[[33203,0],[33205,0],[32948,0],[32949,0],[33460,0],]]
[33205,13,37,[[33206,0],[33204,0],[32949,0],[33461,0],]]
[33206,19,37,[[33205,0],[33207,0],[32950,0],[32951,0],[33462,0],]]
[33207,8,37,[[33208,0],[33206,0],[32951,0],[33463,0],]]
[33208,14,37,[[33207,0],[33209,0],[32952,0],[32953,0],[33464,0],]]
[33209,6,37,[[33210,0],[33208,0],[32953,0],[33465,0],]]
[33210,6,37,[[33209,0],[33211,0],[32954,0],[32955,0],[33466,0],]]
[33211,10,37,[[33212,0],[33210,0],[32955,0],[33467,0],]]
[33212,13,37,[[33211,0],[33213,0],[32956,0],[32957,0],[33468,0],]]
[33213,3,37,[[33214,0],[33212,0],[32957,0],[33469,0],]]
[33214,19,37,[[33213,0],[33215,0],[32958,0],[32959,0],[33470,0],]]
[33215,8,37,[[33216,0],[33214,0],[32959,0],[33471,0],]]
[33216,5,38,[[33215,0],[33217,0],[32960,0],[32961,0],[33472,0],]]
[33217,11,38,[[33218,0],[33216,0],[32961,0],[33473,0],]]
[33218,3,38,[[33217,0],[33219,0],[32962,0],[32963,0],[33474,0],]]
[33219,11,38,[[33220,0],[33218,0],[32963,0],[33475,0],]]
[33220,12,38,[[33219,0],[33221,0],[32964,0],[32965,0],[33476,0],]]
[33221,7,38,[[33222,0],[33220,0],[32965,0],[33477,0],]]
[33222,13,38,[[33221,0],[33223,0],[32966,0],[32967,0],[33478,0],]]
[33223,8,38,[[33224,0],[33222,0],[32967,0],[33479,0],]]
[33224,1,38,[[33223,0],[33225,0],[32968,0],[32969,0],[33480,0],]]
[33225,9,38,[[33226,0],[33224,0],[32969,0],[33481,0],]]
[33226,4,38,[[33225,0],[33227,0],[32970,0],[32971,0],[33482,0],]]
[33227,16,38,[[33228,0],[33226,0],[32971,0],[33483,0],]]
[33228,3,38,[[33227,0],[33229,0],[32972,0],[32973,0],[33484,0],]]
[33229,6,38,[[33230,0],[33228,0],[32973,0],[33485,0],]]
[33230,2,38,[[33229,0],[33231,0],[32974,0],[32975,0],[33486,0],]]
[33231,8,38,[[33232,0],[33230,0],[32975,0],[33487,0],]]
[33232,14,38,[[33231,0],[33233,0],[32976,0],[32977,0],[33488,0],]]
[33233,2,38,[[33234,0],[33232,0],[32977,0],[33489,0],]]
[33234,10,38,[[33233,0],[33235,0],[32978,0],[32979,0],[33490,0],]]
[33235,16,38,[[33236,0],[33234,0],[32979,0],[33491,0],]]
[33236,17,38,[[33235,0],[33237,0],[32980,0],[32981,0],[33492,0],]]
[33237,16,38,[[33238,0],[33236,0],[32981,0],[33493,0],]]
[33238,15,38,[[33237,0],[33239,0],[32982,0],[32983,0],[33494,0],]]
[33239,5,38,[[33240,0],[33238,0],[32983,0],[33495,0],]]
[33240,12,38,[[33239,0],[33241,0],[32984,0],[32985,0],[33496,0],]]
[33241,13,38,[[33242,0],[33240,0],[32985,0],[33497,0],]]
[33242,9,38,[[33241,0],[33243,0],[32986,0],[32987,0],[33498,0],]]
[33243,19,38,[[33244,0],[33242,0],[32987,0],[33499,0],]]
[33244,2,38,[[33243,0],[33245,0],[32988,0],[32989,0],[33500,0],]]
[33245,11,38,[[33246,0],[33244,0],[32989,0],[33501,0],]]
[33246,7,38,[[33245,0],[33247,0],[32990,0],[32991,0],[33502,0],]]
[33247,10,38,[[33248,0],[33246,0],[32991,0],[33503,0],]]
[33248,15,39,[[33247,0],[33249,0],[32992,0],[32993,0],[33504,0],]]
[33249,2,39,[[33250,0],[33248,0],[32993,0],[33505,0],]]
[33250,19,39,[[33249,0],[33251,0],[32994,0],[32995,0],[33506,0],]]
[33251,10,39,[[33252,0],[33250,0],[32995,0],[33507,0],]]
[33252,1,39,[[33251,0],[33253,0],[32996,0],[32997,0],[33508,0],]]
[33253,12,39,[[33254,0],[33252,0],[32997,0],[33509,0],]]
[33254,6,39,[[33253,0],[33255,0],[32998,0],[32999,0],[33510,0],]]
[33255,13,39,[[33256,0],[33254,0],[32999,0],[33511,0],]]
[33256,9,39,[[33255,0],[33257,0],[33000,0],[33001,0],[33512,0],]]
[33257,10,39,[[33258,0],[33256,0],[33001,0],[33513,0],]]
[33258,15,39,[[33257,0],[33259,0],[33002,0],[33003,0],[33514,0],]]
[33259,10,39,[[33260,0],[33258,0],[33003,0],[33515,0],]]
[33260,16,39,[[33259,0],[33261,0],[33004,0],[33005,0],[33516,0],]]
[33261,3,39,[[33262,0],[33260,0],[33005,0],[33517,0],]]
[33262,3,39,[[33261,0],[33263,0],[33006,0],[33007,0],[33518,0],]]
[33263,15,39,[[33264,0],[33262,0],[33007,0],[33519,0],]]
[33264,10,39,[[33263,0],[33265,0],[33008,0],[33009,0],[33520,0],]]
[33265,10,39,[[33266,0],[33264,0],[33009,0],[33521,0],]]
[33266,13,39,[[33265,0],[33267,0],[33010,0],[33011,0],[33522,0],]]
[33267,13,39,[[33268,0],[33266,0],[33011,0],[33523,0],]]
[33268,15,39,[[33267,0],[33269,0],[33012,0],[33013,0],[33524,0],]]
[33269,15,39,[[33270,0],[33268,0],[33013,0],[33525,0],]]
[33270,5,39,[[33269,0],[33271,0],[33014,0],[33015,0],[33526,0],]]
[33271,19,39,[[33272,0],[33270,0],[33015,0],[33527,0],]]
[33272,2,39,[[33271,0],[33273,0],[33016,0],[33017,0],[33528,0],]]
[33273,18,39,[[33274,0],[33272,0],[33017,0],[33529,0],]]
[33274,9,39,[[33273,0],[33275,0],[33018,0],[33019,0],[33530,0],]]
[33275,17,39,[[33276,0],[33274,0],[33019,0],[33531,0],]]
[33276,13,39,[[33275,0],[33277,0],[33020,0],[33021,0],[33532,0],]]
[33277,10,39,[[33278,0],[33276,0],[33021,0],[33533,0],]]
[33278,1,39,[[33277,0],[33279,0],[33022,0],[33023,0],[33534,0],]]
[33279,15,39,[[33278,0],[33023,0],[33535,0],]]
[33280,11,32,[[33281,0],[33536,0],[33024,0],]]
[33281,8,32,[[33282,0],[33280,0],[33537,0],[33536,0],[33025,0],]]
[33282,11,32,[[33281,0],[33283,0],[33538,0],[33026,0],]]
[33283,18,32,[[33284,0],[33282,0],[33539,0],[33538,0],[33027,0],]]
[33284,6,32,[[33283,0],[33285,0],[33540,0],[33028,0],]]
[33285,13,32,[[33286,0],[33284,0],[33541,0],[33540,0],[33029,0],]]
[33286,19,32,[[33285,0],[33287,0],[33542,0],[33030,0],]]
[33287,2,32,[[33288,0],[33286,0],[33543,0],[33542,0],[33031,0],]]
[33288,12,32,[[33287,0],[33289,0],[33544,0],[33032,0],]]
[33289,11,32,[[33290,0],[33288,0],[33545,0],[33544,0],[33033,0],]]
[33290,18,32,[[33289,0],[33291,0],[33546,0],[33034,0],]]
[33291,17,32,[[33292,0],[33290,0],[33547,0],[33546,0],[33035,0],]]
[33292,2,32,[[33291,0],[33293,0],[33548,0],[33036,0],]]
[33293,11,32,[[33294,0],[33292,0],[33549,0],[33548,0],[33037,0],]]
[33294,14,32,[[33293,0],[33295,0],[33550,0],[33038,0],]]
[33295,2,32,[[33296,0],[33294,0],[33551,0],[33550,0],[33039,0],]]
[33296,9,32,[[33295,0],[33297,0],[33552,0],[33040,0],]]
[33297,11,32,[[33298,0],[33296,0],[33553,0],[33552,0],[33041,0],]]
[33298,8,32,[[33297,0],[33299,0],[33554,0],[33042,0],]]
[33299,1,32,[[33300,0],[33298,0],[33555,0],[33554,0],[33043,0],]]
[33300,13,32,[[33299,0],[33301,0],[33556,0],[33044,0],]]
[33301,12,32,[[33302,0],[33300,0],[33557,0],[33556,0],[33045,0],]]
[33302,9,32,[[33301,0],[33303,0],[33558,0],[33046,0],]]
[33303,10,32,[[33304,0],[33302,0],[33559,0],[33558,0],[33047,0],]]
[33304,2,32,[[33303,0],[33305,0],[33560,0],[33048,0],]]
[33305,1,32,[[33306,0],[33304,0],[33561,0],[33560,0],[33049,0],]]
[33306,9,32,[[33305,0],[33307,0],[33562,0],[33050,0],]]
[33307,2,32,[[33308,0],[33306,0],[33563,0],[33562,0],[33051,0],]]
[33308,12,32,[[33307,0],[33309,0],[33564,0],[33052,0],]]
[33309,12,32,[[33310,0],[33308,0],[33565,0],[33564,0],[33053,0],]]
[33310,15,32,[[33309,0],[33311,0],[33566,0],[33054,0],]]
[33311,17,32,[[33312,0],[33310,0],[33567,0],[33566,0],[33055,0],]]
[33312,7,33,[[33311,0],[33313,0],[33568,0],[33056,0],]]
[33313,13,33,[[33314,0],[33312,0],[33569,0],[33568,0],[33057,0],]]
[33314,19,33,[[33313,0],[33315,0],[33570,0],[33058,0],]]
[33315,15,33,[[33316,0],[33314,0],[33571,0],[33570,0],[33059,0],]]
[33316,10,33,[[33315,0],[33317,0],[33572,0],[33060,0],]]
[33317,1,33,[[33318,0],[33316,0],[33573,0],[33572,0],[33061,0],]]
[33318,5,33,[[33317,0],[33319,0],[33574,0],[33062,0],]]
[33319,15,33,[[33320,0],[33318,0],[33575,0],[33574,0],[33063,0],]]
[33320,8,33,[[33319,0],[33321,0],[33576,0],[33064,0],]]
[33321,4,33,[[33322,0],[33320,0],[33577,0],[33576,0],[33065,0],]]
[33322,6,33,[[33321,0],[33323,0],[33578,0],[33066,0],]]
[33323,15,33,[[33324,0],[33322,0],[33579,0],[33578,0],[33067,0],]]
[33324,3,33,[[33323,0],[33325,0],[33580,0],[33068,0],]]
[33325,4,33,[[33326,0],[33324,0],[33581,0],[33580,0],[33069,0],]]
[33326,2,33,[[33325,0],[33327,0],[33582,0],[33070,0],]]
[33327,6,33,[[33328,0],[33326,0],[33583,0],[33582,0],[33071,0],]]
[33328,6,33,[[33327,0],[33329,0],[33584,0],[33072,0],]]
[33329,15,33,[[33330,0],[33328,0],[33585,0],[33584,0],[33073,0],]]
[33330,1,33,[[33329,0],[33331,0],[33586,0],[33074,0],]]
[33331,18,33,[[33332,0],[33330,0],[33587,0],[33586,0],[33075,0],]]
[33332,13,33,[[33331,0],[33333,0],[33588,0],[33076,0],]]
[33333,11,33,[[33334,0],[33332,0],[33589,0],[33588,0],[33077,0],]]
[33334,19,33,[[33333,0],[33335,0],[33590,0],[33078,0],]]
[33335,7,33,[[33336,0],[33334,0],[33591,0],[33590,0],[33079,0],]]
[33336,4,33,[[33335,0],[33337,0],[33592,0],[33080,0],]]
[33337,13,33,[[33338,0],[33336,0],[33593,0],[33592,0],[33081,0],]]
[33338,19,33,[[33337,0],[33339,0],[33594,0],[33082,0],]]
[33339,13,33,[[33340,0],[33338,0],[33595,0],[33594,0],[33083,0],]]
[33340,5,33,[[33339,0],[33341,0],[33596,0],[33084,0],]]
[33341,4,33,[[33342,0],[33340,0],[33597,0],[33596,0],[33085,0],]]
[33342,3,33,[[33341,0],[33343,0],[33598,0],[33086,0],]]
[33343,2,33,[[33344,0],[33342,0],[33599,0],[33598,0],[33087,0],]]
[33344,17,34,[[33343,0],[33345,0],[33600,0],[33088,0],]]
[33345,5,34,[[33346,0],[33344,0],[33601,0],[33600,0],[33089,0],]]
[33346,18,34,[[33345,0],[33347,0],[33602,0],[33090,0],]]
[33347,13,34,[[33348,0],[33346,0],[33603,0],[33602,0],[33091,0],]]
[33348,5,34,[[33347,0],[33349,0],[33604,0],[33092,0],]]
[33349,3,34,[[33350,0],[33348,0],[33605,0],[33604,0],[33093,0],]]
[33350,2,34,[[33349,0],[33351,0],[33606,0],[33094,0],]]
[33351,12,34,[[33352,0],[33350,0],[33607,0],[33606,0],[33095,0],]]
[33352,17,34,[[33351,0],[33353,0],[33608,0],[33096,0],]]
[33353,9,34,[[33354,0],[33352,0],[33609,0],[33608,0],[33097,0],]]
[33354,2,34,[[33353,0],[33355,0],[33610,0],[33098,0],]]
[33355,16,34,[[33356,0],[33354,0],[33611,0],[33610,0],[33099,0],]]
[33356,17,34,[[33355,0],[33357,0],[33612,0],[33100,0],]]
[33357,7,34,[[33358,0],[33356,0],[33613,0],[33612,0],[33101,0],]]
[33358,6,34,[[33357,0],[33359,0],[33614,0],[33102,0],]]
[33359,8,34,[[33360,0],[33358,0],[33615,0],[33614,0],[33103,0],]]
[33360,18,34,[[33359,0],[33361,0],[33616,0],[33104,0],]]
[33361,15,34,[[33362,0],[33360,0],[33617,0],[33616,0],[33105,0],]]
[33362,7,34,[[33361,0],[33363,0],[33618,0],[33106,0],]]
[33363,10,34,[[33364,0],[33362,0],[33619,0],[33618,0],[33107,0],]]
[33364,6,34,[[33363,0],[33365,0],[33620,0],[33108,0],]]
[33365,18,34,[[33366,0],[33364,0],[33621,0],[33620,0],[33109,0],]]
[33366,15,34,[[33365,0],[33367,0],[33622,0],[33110,0],]]
[33367,18,34,[[33368,0],[33366,0],[33623,0],[33622,0],[33111,0],]]
[33368,7,34,[[33367,0],[33369,0],[33624,0],[33112,0],]]
[33369,9,34,[[33370,0],[33368,0],[33625,0],[33624,0],[33113,0],]]
[33370,17,34,[[33369,0],[33371,0],[33626,0],[33114,0],]]
[33371,4,34,[[33372,0],[33370,0],[33627,0],[33626,0],[33115,0],]]
[33372,9,34,[[33371,0],[33373,0],[33628,0],[33116,0],]]
[33373,16,34,[[33374,0],[33372,0],[33629,0],[33628,0],[33117,0],]]
[33374,11,34,[[33373,0],[33375,0],[33630,0],[33118,0],]]
[33375,7,34,[[33376,0],[33374,0],[33631,0],[33630,0],[33119,0],]]
[33376,9,35,[[33375,0],[33377,0],[33632,0],[33120,0],]]
[33377,5,35,[[33378,0],[33376,0],[33633,0],[33632,0],[33121,0],]]
[33378,15,35,[[33377,0],[33379,0],[33634,0],[33122,0],]]
[33379,2,35,[[33380,0],[33378,0],[33635,0],[33634,0],[33123,0],]]
[33380,10,35,[[33379,0],[33381,0],[33636,0],[33124,0],]]
[33381,1,35,[[33382,0],[33380,0],[33637,0],[33636,0],[33125,0],]]
[33382,14,35,[[33381,0],[33383,0],[33638,0],[33126,0],]]
[33383,19,35,[[33384,0],[33382,0],[33639,0],[33638,0],[33127,0],]]
[33384,18,35,[[33383,0],[33385,0],[33640,0],[33128,0],]]
[33385,16,35,[[33386,0],[33384,0],[33641,0],[33640,0],[33129,0],]]
[33386,18,35,[[33385,0],[33387,0],[33642,0],[33130,0],]]
[33387,9,35,[[33388,0],[33386,0],[33643,0],[33642,0],[33131,0],]]
[33388,9,35,[[33387,0],[33389,0],[33644,0],[33132,0],]]
[33389,16,35,[[33390,0],[33388,0],[33645,0],[33644,0],[33133,0],]]
[33390,1,35,[[33389,0],[33391,0],[33646,0],[33134,0],]]
[33391,6,35,[[33392,0],[33390,0],[33647,0],[33646,0],[33135,0],]]
[33392,9,35,[[33391,0],[33393,0],[33648,0],[33136,0],]]
[33393,13,35,[[33394,0],[33392,0],[33649,0],[33648,0],[33137,0],]]
[33394,9,35,[[33393,0],[33395,0],[33650,0],[33138,0],]]
[33395,6,35,[[33396,0],[33394,0],[33651,0],[33650,0],[33139,0],]]
[33396,5,35,[[33395,0],[33397,0],[33652,0],[33140,0],]]
[33397,8,35,[[33398,0],[33396,0],[33653,0],[33652,0],[33141,0],]]
[33398,11,35,[[33397,0],[33399,0],[33654,0],[33142,0],]]
[33399,5,35,[[33400,0],[33398,0],[33655,0],[33654,0],[33143,0],]]
[33400,9,35,[[33399,0],[33401,0],[33656,0],[33144,0],]]
[33401,11,35,[[33402,0],[33400,0],[33657,0],[33656,0],[33145,0],]]
[33402,5,35,[[33401,0],[33403,0],[33658,0],[33146,0],]]
[33403,6,35,[[33404,0],[33402,0],[33659,0],[33658,0],[33147,0],]]
[33404,3,35,[[33403,0],[33405,0],[33660,0],[33148,0],]]
[33405,2,35,[[33406,0],[33404,0],[33661,0],[33660,0],[33149,0],]]
[33406,14,35,[[33405,0],[33407,0],[33662,0],[33150,0],]]
[33407,2,35,[[33408,0],[33406,0],[33663,0],[33662,0],[33151,0],]]
[33408,3,36,[[33407,0],[33409,0],[33664,0],[33152,0],]]
[33409,13,36,[[33410,0],[33408,0],[33665,0],[33664,0],[33153,0],]]
[33410,12,36,[[33409,0],[33411,0],[33666,0],[33154,0],]]
[33411,19,36,[[33412,0],[33410,0],[33667,0],[33666,0],[33155,0],]]
[33412,8,36,[[33411,0],[33413,0],[33668,0],[33156,0],]]
[33413,11,36,[[33414,0],[33412,0],[33669,0],[33668,0],[33157,0],]]
[33414,14,36,[[33413,0],[33415,0],[33670,0],[33158,0],]]
[33415,1,36,[[33416,0],[33414,0],[33671,0],[33670,0],[33159,0],]]
[33416,18,36,[[33415,0],[33417,0],[33672,0],[33160,0],]]
[33417,14,36,[[33418,0],[33416,0],[33673,0],[33672,0],[33161,0],]]
[33418,11,36,[[33417,0],[33419,0],[33674,0],[33162,0],]]
[33419,5,36,[[33420,0],[33418,0],[33675,0],[33674,0],[33163,0],]]
[33420,16,36,[[33419,0],[33421,0],[33676,0],[33164,0],]]
[33421,7,36,[[33422,0],[33420,0],[33677,0],[33676,0],[33165,0],]]
[33422,13,36,[[33421,0],[33423,0],[33678,0],[33166,0],]]
