[33423,7,36,[[33424,0],[33422,0],[33679,0],[33678,0],[33167,0],]]
[33424,13,36,[[33423,0],[33425,0],[33680,0],[33168,0],]]
[33425,4,36,[[33426,0],[33424,0],[33681,0],[33680,0],[33169,0],]]
[33426,19,36,[[33425,0],[33427,0],[33682,0],[33170,0],]]
[33427,18,36,[[33428,0],[33426,0],[33683,0],[33682,0],[33171,0],]]
[33428,15,36,[[33427,0],[33429,0],[33684,0],[33172,0],]]
[33429,10,36,[[33430,0],[33428,0],[33685,0],[33684,0],[33173,0],]]
[33430,2,36,[[33429,0],[33431,0],[33686,0],[33174,0],]]
[33431,8,36,[[33432,0],[33430,0],[33687,0],[33686,0],[33175,0],]]
[33432,19,36,[[33431,0],[33433,0],[33688,0],[33176,0],]]
[33433,19,36,[[33434,0],[33432,0],[33689,0],[33688,0],[33177,0],]]
[33434,2,36,[[33433,0],[33435,0],[33690,0],[33178,0],]]
[33435,11,36,[[33436,0],[33434,0],[33691,0],[33690,0],[33179,0],]]
[33436,14,36,[[33435,0],[33437,0],[33692,0],[33180,0],]]
[33437,1,36,[[33438,0],[33436,0],[33693,0],[33692,0],[33181,0],]]
[33438,15,36,[[33437,0],[33439,0],[33694,0],[33182,0],]]
[33439,6,36,[[33440,0],[33438,0],[33695,0],[33694,0],[33183,0],]]
[33440,2,37,[[33439,0],[33441,0],[33696,0],[33184,0],]]
[33441,5,37,[[33442,0],[33440,0],[33697,0],[33696,0],[33185,0],]]
[33442,6,37,[[33441,0],[33443,0],[33698,0],[33186,0],]]
[33443,17,37,[[33444,0],[33442,0],[33699,0],[33698,0],[33187,0],]]
[33444,4,37,[[33443,0],[33445,0],[33700,0],[33188,0],]]
[33445,17,37,[[33446,0],[33444,0],[33701,0],[33700,0],[33189,0],]]
[33446,11,37,[[33445,0],[33447,0],[33702,0],[33190,0],]]
[33447,14,37,[[33448,0],[33446,0],[33703,0],[33702,0],[33191,0],]]
[33448,10,37,[[33447,0],[33449,0],[33704,0],[33192,0],]]
[33449,5,37,[[33450,0],[33448,0],[33705,0],[33704,0],[33193,0],]]
[33450,4,37,[[33449,0],[33451,0],[33706,0],[33194,0],]]
[33451,13,37,[[33452,0],[33450,0],[33707,0],[33706,0],[33195,0],]]
[33452,9,37,[[33451,0],[33453,0],[33708,0],[33196,0],]]
[33453,12,37,[[33454,0],[33452,0],[33709,0],[33708,0],[33197,0],]]
[33454,15,37,[[33453,0],[33455,0],[33710,0],[33198,0],]]
[33455,4,37,[[33456,0],[33454,0],[33711,0],[33710,0],[33199,0],]]
[33456,3,37,[[33455,0],[33457,0],[33712,0],[33200,0],]]
[33457,14,37,[[33458,0],[33456,0],[33713,0],[33712,0],[33201,0],]]
[33458,5,37,[[33457,0],[33459,0],[33714,0],[33202,0],]]
[33459,12,37,[[33460,0],[33458,0],[33715,0],[33714,0],[33203,0],]]
[33460,7,37,[[33459,0],[33461,0],[33716,0],[33204,0],]]
[33461,10,37,[[33462,0],[33460,0],[33717,0],[33716,0],[33205,0],]]
[33462,8,37,[[33461,0],[33463,0],[33718,0],[33206,0],]]
[33463,12,37,[[33464,0],[33462,0],[33719,0],[33718,0],[33207,0],]]
[33464,7,37,[[33463,0],[33465,0],[33720,0],[33208,0],]]
[33465,11,37,[[33466,0],[33464,0],[33721,0],[33720,0],[33209,0],]]
[33466,10,37,[[33465,0],[33467,0],[33722,0],[33210,0],]]
[33467,5,37,[[33468,0],[33466,0],[33723,0],[33722,0],[33211,0],]]
[33468,1,37,[[33467,0],[33469,0],[33724,0],[33212,0],]]
[33469,14,37,[[33470,0],[33468,0],[33725,0],[33724,0],[33213,0],]]
[33470,17,37,[[33469,0],[33471,0],[33726,0],[33214,0],]]
[33471,6,37,[[33472,0],[33470,0],[33727,0],[33726,0],[33215,0],]]
[33472,7,38,[[33471,0],[33473,0],[33728,0],[33216,0],]]
[33473,16,38,[[33474,0],[33472,0],[33729,0],[33728,0],[33217,0],]]
[33474,2,38,[[33473,0],[33475,0],[33730,0],[33218,0],]]
[33475,17,38,[[33476,0],[33474,0],[33731,0],[33730,0],[33219,0],]]
[33476,9,38,[[33475,0],[33477,0],[33732,0],[33220,0],]]
[33477,2,38,[[33478,0],[33476,0],[33733,0],[33732,0],[33221,0],]]
[33478,13,38,[[33477,0],[33479,0],[33734,0],[33222,0],]]
[33479,14,38,[[33480,0],[33478,0],[33735,0],[33734,0],[33223,0],]]
[33480,12,38,[[33479,0],[33481,0],[33736,0],[33224,0],]]
[33481,11,38,[[33482,0],[33480,0],[33737,0],[33736,0],[33225,0],]]
[33482,1,38,[[33481,0],[33483,0],[33738,0],[33226,0],]]
[33483,1,38,[[33484,0],[33482,0],[33739,0],[33738,0],[33227,0],]]
[33484,3,38,[[33483,0],[33485,0],[33740,0],[33228,0],]]
[33485,5,38,[[33486,0],[33484,0],[33741,0],[33740,0],[33229,0],]]
[33486,10,38,[[33485,0],[33487,0],[33742,0],[33230,0],]]
[33487,8,38,[[33488,0],[33486,0],[33743,0],[33742,0],[33231,0],]]
[33488,14,38,[[33487,0],[33489,0],[33744,0],[33232,0],]]
[33489,6,38,[[33490,0],[33488,0],[33745,0],[33744,0],[33233,0],]]
[33490,2,38,[[33489,0],[33491,0],[33746,0],[33234,0],]]
[33491,14,38,[[33492,0],[33490,0],[33747,0],[33746,0],[33235,0],]]
[33492,10,38,[[33491,0],[33493,0],[33748,0],[33236,0],]]
[33493,18,38,[[33494,0],[33492,0],[33749,0],[33748,0],[33237,0],]]
[33494,13,38,[[33493,0],[33495,0],[33750,0],[33238,0],]]
[33495,8,38,[[33496,0],[33494,0],[33751,0],[33750,0],[33239,0],]]
[33496,19,38,[[33495,0],[33497,0],[33752,0],[33240,0],]]
[33497,13,38,[[33498,0],[33496,0],[33753,0],[33752,0],[33241,0],]]
[33498,14,38,[[33497,0],[33499,0],[33754,0],[33242,0],]]
[33499,13,38,[[33500,0],[33498,0],[33755,0],[33754,0],[33243,0],]]
[33500,19,38,[[33499,0],[33501,0],[33756,0],[33244,0],]]
[33501,12,38,[[33502,0],[33500,0],[33757,0],[33756,0],[33245,0],]]
[33502,4,38,[[33501,0],[33503,0],[33758,0],[33246,0],]]
[33503,10,38,[[33504,0],[33502,0],[33759,0],[33758,0],[33247,0],]]
[33504,5,39,[[33503,0],[33505,0],[33760,0],[33248,0],]]
[33505,18,39,[[33506,0],[33504,0],[33761,0],[33760,0],[33249,0],]]
[33506,18,39,[[33505,0],[33507,0],[33762,0],[33250,0],]]
[33507,8,39,[[33508,0],[33506,0],[33763,0],[33762,0],[33251,0],]]
[33508,5,39,[[33507,0],[33509,0],[33764,0],[33252,0],]]
[33509,19,39,[[33510,0],[33508,0],[33765,0],[33764,0],[33253,0],]]
[33510,6,39,[[33509,0],[33511,0],[33766,0],[33254,0],]]
[33511,18,39,[[33512,0],[33510,0],[33767,0],[33766,0],[33255,0],]]
[33512,16,39,[[33511,0],[33513,0],[33768,0],[33256,0],]]
[33513,10,39,[[33514,0],[33512,0],[33769,0],[33768,0],[33257,0],]]
[33514,2,39,[[33513,0],[33515,0],[33770,0],[33258,0],]]
[33515,6,39,[[33516,0],[33514,0],[33771,0],[33770,0],[33259,0],]]
[33516,4,39,[[33515,0],[33517,0],[33772,0],[33260,0],]]
[33517,16,39,[[33518,0],[33516,0],[33773,0],[33772,0],[33261,0],]]
[33518,19,39,[[33517,0],[33519,0],[33774,0],[33262,0],]]
[33519,11,39,[[33520,0],[33518,0],[33775,0],[33774,0],[33263,0],]]
[33520,18,39,[[33519,0],[33521,0],[33776,0],[33264,0],]]
[33521,15,39,[[33522,0],[33520,0],[33777,0],[33776,0],[33265,0],]]
[33522,8,39,[[33521,0],[33523,0],[33778,0],[33266,0],]]
[33523,7,39,[[33524,0],[33522,0],[33779,0],[33778,0],[33267,0],]]
[33524,8,39,[[33523,0],[33525,0],[33780,0],[33268,0],]]
[33525,10,39,[[33526,0],[33524,0],[33781,0],[33780,0],[33269,0],]]
[33526,3,39,[[33525,0],[33527,0],[33782,0],[33270,0],]]
[33527,13,39,[[33528,0],[33526,0],[33783,0],[33782,0],[33271,0],]]
[33528,19,39,[[33527,0],[33529,0],[33784,0],[33272,0],]]
[33529,5,39,[[33530,0],[33528,0],[33785,0],[33784,0],[33273,0],]]
[33530,13,39,[[33529,0],[33531,0],[33786,0],[33274,0],]]
[33531,8,39,[[33532,0],[33530,0],[33787,0],[33786,0],[33275,0],]]
[33532,18,39,[[33531,0],[33533,0],[33788,0],[33276,0],]]
[33533,14,39,[[33534,0],[33532,0],[33789,0],[33788,0],[33277,0],]]
[33534,3,39,[[33533,0],[33535,0],[33790,0],[33278,0],]]
[33535,2,39,[[33534,0],[33791,0],[33790,0],[33279,0],]]
[33536,9,32,[[33537,0],[33280,0],[33281,0],[33792,0],]]
[33537,7,32,[[33538,0],[33536,0],[33281,0],[33793,0],]]
[33538,15,32,[[33537,0],[33539,0],[33282,0],[33283,0],[33794,0],]]
[33539,11,32,[[33540,0],[33538,0],[33283,0],[33795,0],]]
[33540,15,32,[[33539,0],[33541,0],[33284,0],[33285,0],[33796,0],]]
[33541,11,32,[[33542,0],[33540,0],[33285,0],[33797,0],]]
[33542,15,32,[[33541,0],[33543,0],[33286,0],[33287,0],[33798,0],]]
[33543,8,32,[[33544,0],[33542,0],[33287,0],[33799,0],]]
[33544,4,32,[[33543,0],[33545,0],[33288,0],[33289,0],[33800,0],]]
[33545,5,32,[[33546,0],[33544,0],[33289,0],[33801,0],]]
[33546,12,32,[[33545,0],[33547,0],[33290,0],[33291,0],[33802,0],]]
[33547,2,32,[[33548,0],[33546,0],[33291,0],[33803,0],]]
[33548,19,32,[[33547,0],[33549,0],[33292,0],[33293,0],[33804,0],]]
[33549,10,32,[[33550,0],[33548,0],[33293,0],[33805,0],]]
[33550,2,32,[[33549,0],[33551,0],[33294,0],[33295,0],[33806,0],]]
[33551,3,32,[[33552,0],[33550,0],[33295,0],[33807,0],]]
[33552,1,32,[[33551,0],[33553,0],[33296,0],[33297,0],[33808,0],]]
[33553,18,32,[[33554,0],[33552,0],[33297,0],[33809,0],]]
[33554,13,32,[[33553,0],[33555,0],[33298,0],[33299,0],[33810,0],]]
[33555,2,32,[[33556,0],[33554,0],[33299,0],[33811,0],]]
[33556,3,32,[[33555,0],[33557,0],[33300,0],[33301,0],[33812,0],]]
[33557,10,32,[[33558,0],[33556,0],[33301,0],[33813,0],]]
[33558,19,32,[[33557,0],[33559,0],[33302,0],[33303,0],[33814,0],]]
[33559,2,32,[[33560,0],[33558,0],[33303,0],[33815,0],]]
[33560,2,32,[[33559,0],[33561,0],[33304,0],[33305,0],[33816,0],]]
[33561,10,32,[[33562,0],[33560,0],[33305,0],[33817,0],]]
[33562,17,32,[[33561,0],[33563,0],[33306,0],[33307,0],[33818,0],]]
[33563,14,32,[[33564,0],[33562,0],[33307,0],[33819,0],]]
[33564,11,32,[[33563,0],[33565,0],[33308,0],[33309,0],[33820,0],]]
[33565,7,32,[[33566,0],[33564,0],[33309,0],[33821,0],]]
[33566,18,32,[[33565,0],[33567,0],[33310,0],[33311,0],[33822,0],]]
[33567,19,32,[[33568,0],[33566,0],[33311,0],[33823,0],]]
[33568,1,33,[[33567,0],[33569,0],[33312,0],[33313,0],[33824,0],]]
[33569,4,33,[[33570,0],[33568,0],[33313,0],[33825,0],]]
[33570,6,33,[[33569,0],[33571,0],[33314,0],[33315,0],[33826,0],]]
[33571,10,33,[[33572,0],[33570,0],[33315,0],[33827,0],]]
[33572,10,33,[[33571,0],[33573,0],[33316,0],[33317,0],[33828,0],]]
[33573,5,33,[[33574,0],[33572,0],[33317,0],[33829,0],]]
[33574,17,33,[[33573,0],[33575,0],[33318,0],[33319,0],[33830,0],]]
[33575,2,33,[[33576,0],[33574,0],[33319,0],[33831,0],]]
[33576,10,33,[[33575,0],[33577,0],[33320,0],[33321,0],[33832,0],]]
[33577,8,33,[[33578,0],[33576,0],[33321,0],[33833,0],]]
[33578,3,33,[[33577,0],[33579,0],[33322,0],[33323,0],[33834,0],]]
[33579,5,33,[[33580,0],[33578,0],[33323,0],[33835,0],]]
[33580,10,33,[[33579,0],[33581,0],[33324,0],[33325,0],[33836,0],]]
[33581,16,33,[[33582,0],[33580,0],[33325,0],[33837,0],]]
[33582,19,33,[[33581,0],[33583,0],[33326,0],[33327,0],[33838,0],]]
[33583,12,33,[[33584,0],[33582,0],[33327,0],[33839,0],]]
[33584,2,33,[[33583,0],[33585,0],[33328,0],[33329,0],[33840,0],]]
[33585,13,33,[[33586,0],[33584,0],[33329,0],[33841,0],]]
[33586,14,33,[[33585,0],[33587,0],[33330,0],[33331,0],[33842,0],]]
[33587,7,33,[[33588,0],[33586,0],[33331,0],[33843,0],]]
[33588,13,33,[[33587,0],[33589,0],[33332,0],[33333,0],[33844,0],]]
[33589,4,33,[[33590,0],[33588,0],[33333,0],[33845,0],]]
[33590,13,33,[[33589,0],[33591,0],[33334,0],[33335,0],[33846,0],]]
[33591,6,33,[[33592,0],[33590,0],[33335,0],[33847,0],]]
[33592,16,33,[[33591,0],[33593,0],[33336,0],[33337,0],[33848,0],]]
[33593,10,33,[[33594,0],[33592,0],[33337,0],[33849,0],]]
[33594,12,33,[[33593,0],[33595,0],[33338,0],[33339,0],[33850,0],]]
[33595,18,33,[[33596,0],[33594,0],[33339,0],[33851,0],]]
[33596,13,33,[[33595,0],[33597,0],[33340,0],[33341,0],[33852,0],]]
[33597,10,33,[[33598,0],[33596,0],[33341,0],[33853,0],]]
[33598,6,33,[[33597,0],[33599,0],[33342,0],[33343,0],[33854,0],]]
[33599,13,33,[[33600,0],[33598,0],[33343,0],[33855,0],]]
[33600,2,34,[[33599,0],[33601,0],[33344,0],[33345,0],[33856,0],]]
[33601,2,34,[[33602,0],[33600,0],[33345,0],[33857,0],]]
[33602,17,34,[[33601,0],[33603,0],[33346,0],[33347,0],[33858,0],]]
[33603,15,34,[[33604,0],[33602,0],[33347,0],[33859,0],]]
[33604,19,34,[[33603,0],[33605,0],[33348,0],[33349,0],[33860,0],]]
[33605,7,34,[[33606,0],[33604,0],[33349,0],[33861,0],]]
[33606,3,34,[[33605,0],[33607,0],[33350,0],[33351,0],[33862,0],]]
[33607,15,34,[[33608,0],[33606,0],[33351,0],[33863,0],]]
[33608,9,34,[[33607,0],[33609,0],[33352,0],[33353,0],[33864,0],]]
[33609,3,34,[[33610,0],[33608,0],[33353,0],[33865,0],]]
[33610,7,34,[[33609,0],[33611,0],[33354,0],[33355,0],[33866,0],]]
[33611,4,34,[[33612,0],[33610,0],[33355,0],[33867,0],]]
[33612,14,34,[[33611,0],[33613,0],[33356,0],[33357,0],[33868,0],]]
[33613,4,34,[[33614,0],[33612,0],[33357,0],[33869,0],]]
[33614,4,34,[[33613,0],[33615,0],[33358,0],[33359,0],[33870,0],]]
[33615,16,34,[[33616,0],[33614,0],[33359,0],[33871,0],]]
[33616,12,34,[[33615,0],[33617,0],[33360,0],[33361,0],[33872,0],]]
[33617,2,34,[[33618,0],[33616,0],[33361,0],[33873,0],]]
[33618,4,34,[[33617,0],[33619,0],[33362,0],[33363,0],[33874,0],]]
[33619,2,34,[[33620,0],[33618,0],[33363,0],[33875,0],]]
[33620,14,34,[[33619,0],[33621,0],[33364,0],[33365,0],[33876,0],]]
[33621,10,34,[[33622,0],[33620,0],[33365,0],[33877,0],]]
[33622,5,34,[[33621,0],[33623,0],[33366,0],[33367,0],[33878,0],]]
[33623,17,34,[[33624,0],[33622,0],[33367,0],[33879,0],]]
[33624,11,34,[[33623,0],[33625,0],[33368,0],[33369,0],[33880,0],]]
[33625,19,34,[[33626,0],[33624,0],[33369,0],[33881,0],]]
[33626,12,34,[[33625,0],[33627,0],[33370,0],[33371,0],[33882,0],]]
[33627,11,34,[[33628,0],[33626,0],[33371,0],[33883,0],]]
[33628,13,34,[[33627,0],[33629,0],[33372,0],[33373,0],[33884,0],]]
[33629,10,34,[[33630,0],[33628,0],[33373,0],[33885,0],]]
[33630,15,34,[[33629,0],[33631,0],[33374,0],[33375,0],[33886,0],]]
[33631,10,34,[[33632,0],[33630,0],[33375,0],[33887,0],]]
[33632,4,35,[[33631,0],[33633,0],[33376,0],[33377,0],[33888,0],]]
[33633,19,35,[[33634,0],[33632,0],[33377,0],[33889,0],]]
[33634,11,35,[[33633,0],[33635,0],[33378,0],[33379,0],[33890,0],]]
[33635,12,35,[[33636,0],[33634,0],[33379,0],[33891,0],]]
[33636,4,35,[[33635,0],[33637,0],[33380,0],[33381,0],[33892,0],]]
[33637,15,35,[[33638,0],[33636,0],[33381,0],[33893,0],]]
[33638,8,35,[[33637,0],[33639,0],[33382,0],[33383,0],[33894,0],]]
[33639,16,35,[[33640,0],[33638,0],[33383,0],[33895,0],]]
[33640,12,35,[[33639,0],[33641,0],[33384,0],[33385,0],[33896,0],]]
[33641,7,35,[[33642,0],[33640,0],[33385,0],[33897,0],]]
[33642,9,35,[[33641,0],[33643,0],[33386,0],[33387,0],[33898,0],]]
[33643,13,35,[[33644,0],[33642,0],[33387,0],[33899,0],]]
[33644,8,35,[[33643,0],[33645,0],[33388,0],[33389,0],[33900,0],]]
[33645,5,35,[[33646,0],[33644,0],[33389,0],[33901,0],]]
[33646,3,35,[[33645,0],[33647,0],[33390,0],[33391,0],[33902,0],]]
[33647,10,35,[[33648,0],[33646,0],[33391,0],[33903,0],]]
[33648,19,35,[[33647,0],[33649,0],[33392,0],[33393,0],[33904,0],]]
[33649,15,35,[[33650,0],[33648,0],[33393,0],[33905,0],]]
[33650,5,35,[[33649,0],[33651,0],[33394,0],[33395,0],[33906,0],]]
[33651,16,35,[[33652,0],[33650,0],[33395,0],[33907,0],]]
[33652,16,35,[[33651,0],[33653,0],[33396,0],[33397,0],[33908,0],]]
[33653,17,35,[[33654,0],[33652,0],[33397,0],[33909,0],]]
[33654,19,35,[[33653,0],[33655,0],[33398,0],[33399,0],[33910,0],]]
[33655,10,35,[[33656,0],[33654,0],[33399,0],[33911,0],]]
[33656,15,35,[[33655,0],[33657,0],[33400,0],[33401,0],[33912,0],]]
[33657,17,35,[[33658,0],[33656,0],[33401,0],[33913,0],]]
[33658,1,35,[[33657,0],[33659,0],[33402,0],[33403,0],[33914,0],]]
[33659,19,35,[[33660,0],[33658,0],[33403,0],[33915,0],]]
[33660,11,35,[[33659,0],[33661,0],[33404,0],[33405,0],[33916,0],]]
[33661,10,35,[[33662,0],[33660,0],[33405,0],[33917,0],]]
[33662,12,35,[[33661,0],[33663,0],[33406,0],[33407,0],[33918,0],]]
[33663,15,35,[[33664,0],[33662,0],[33407,0],[33919,0],]]
[33664,15,36,[[33663,0],[33665,0],[33408,0],[33409,0],[33920,0],]]
[33665,17,36,[[33666,0],[33664,0],[33409,0],[33921,0],]]
[33666,3,36,[[33665,0],[33667,0],[33410,0],[33411,0],[33922,0],]]
[33667,12,36,[[33668,0],[33666,0],[33411,0],[33923,0],]]
[33668,16,36,[[33667,0],[33669,0],[33412,0],[33413,0],[33924,0],]]
[33669,10,36,[[33670,0],[33668,0],[33413,0],[33925,0],]]
[33670,2,36,[[33669,0],[33671,0],[33414,0],[33415,0],[33926,0],]]
[33671,7,36,[[33672,0],[33670,0],[33415,0],[33927,0],]]
[33672,18,36,[[33671,0],[33673,0],[33416,0],[33417,0],[33928,0],]]
[33673,15,36,[[33674,0],[33672,0],[33417,0],[33929,0],]]
[33674,15,36,[[33673,0],[33675,0],[33418,0],[33419,0],[33930,0],]]
[33675,5,36,[[33676,0],[33674,0],[33419,0],[33931,0],]]
[33676,5,36,[[33675,0],[33677,0],[33420,0],[33421,0],[33932,0],]]
[33677,15,36,[[33678,0],[33676,0],[33421,0],[33933,0],]]
[33678,11,36,[[33677,0],[33679,0],[33422,0],[33423,0],[33934,0],]]
[33679,8,36,[[33680,0],[33678,0],[33423,0],[33935,0],]]
[33680,12,36,[[33679,0],[33681,0],[33424,0],[33425,0],[33936,0],]]
[33681,4,36,[[33682,0],[33680,0],[33425,0],[33937,0],]]
[33682,13,36,[[33681,0],[33683,0],[33426,0],[33427,0],[33938,0],]]
[33683,15,36,[[33684,0],[33682,0],[33427,0],[33939,0],]]
[33684,14,36,[[33683,0],[33685,0],[33428,0],[33429,0],[33940,0],]]
[33685,8,36,[[33686,0],[33684,0],[33429,0],[33941,0],]]
[33686,6,36,[[33685,0],[33687,0],[33430,0],[33431,0],[33942,0],]]
[33687,12,36,[[33688,0],[33686,0],[33431,0],[33943,0],]]
[33688,10,36,[[33687,0],[33689,0],[33432,0],[33433,0],[33944,0],]]
[33689,12,36,[[33690,0],[33688,0],[33433,0],[33945,0],]]
[33690,12,36,[[33689,0],[33691,0],[33434,0],[33435,0],[33946,0],]]
[33691,5,36,[[33692,0],[33690,0],[33435,0],[33947,0],]]
[33692,2,36,[[33691,0],[33693,0],[33436,0],[33437,0],[33948,0],]]
[33693,7,36,[[33694,0],[33692,0],[33437,0],[33949,0],]]
[33694,12,36,[[33693,0],[33695,0],[33438,0],[33439,0],[33950,0],]]
[33695,14,36,[[33696,0],[33694,0],[33439,0],[33951,0],]]
[33696,1,37,[[33695,0],[33697,0],[33440,0],[33441,0],[33952,0],]]
[33697,12,37,[[33698,0],[33696,0],[33441,0],[33953,0],]]
[33698,2,37,[[33697,0],[33699,0],[33442,0],[33443,0],[33954,0],]]
[33699,12,37,[[33700,0],[33698,0],[33443,0],[33955,0],]]
[33700,10,37,[[33699,0],[33701,0],[33444,0],[33445,0],[33956,0],]]
[33701,9,37,[[33702,0],[33700,0],[33445,0],[33957,0],]]
[33702,3,37,[[33701,0],[33703,0],[33446,0],[33447,0],[33958,0],]]
[33703,5,37,[[33704,0],[33702,0],[33447,0],[33959,0],]]
[33704,18,37,[[33703,0],[33705,0],[33448,0],[33449,0],[33960,0],]]
[33705,13,37,[[33706,0],[33704,0],[33449,0],[33961,0],]]
[33706,19,37,[[33705,0],[33707,0],[33450,0],[33451,0],[33962,0],]]
[33707,19,37,[[33708,0],[33706,0],[33451,0],[33963,0],]]
[33708,8,37,[[33707,0],[33709,0],[33452,0],[33453,0],[33964,0],]]
[33709,4,37,[[33710,0],[33708,0],[33453,0],[33965,0],]]
[33710,6,37,[[33709,0],[33711,0],[33454,0],[33455,0],[33966,0],]]
[33711,16,37,[[33712,0],[33710,0],[33455,0],[33967,0],]]
[33712,2,37,[[33711,0],[33713,0],[33456,0],[33457,0],[33968,0],]]
[33713,15,37,[[33714,0],[33712,0],[33457,0],[33969,0],]]
[33714,3,37,[[33713,0],[33715,0],[33458,0],[33459,0],[33970,0],]]
[33715,14,37,[[33716,0],[33714,0],[33459,0],[33971,0],]]
[33716,6,37,[[33715,0],[33717,0],[33460,0],[33461,0],[33972,0],]]
[33717,8,37,[[33718,0],[33716,0],[33461,0],[33973,0],]]
[33718,13,37,[[33717,0],[33719,0],[33462,0],[33463,0],[33974,0],]]
[33719,1,37,[[33720,0],[33718,0],[33463,0],[33975,0],]]
[33720,11,37,[[33719,0],[33721,0],[33464,0],[33465,0],[33976,0],]]
[33721,6,37,[[33722,0],[33720,0],[33465,0],[33977,0],]]
[33722,4,37,[[33721,0],[33723,0],[33466,0],[33467,0],[33978,0],]]
[33723,1,37,[[33724,0],[33722,0],[33467,0],[33979,0],]]
[33724,15,37,[[33723,0],[33725,0],[33468,0],[33469,0],[33980,0],]]
[33725,13,37,[[33726,0],[33724,0],[33469,0],[33981,0],]]
[33726,10,37,[[33725,0],[33727,0],[33470,0],[33471,0],[33982,0],]]
[33727,3,37,[[33728,0],[33726,0],[33471,0],[33983,0],]]
[33728,5,38,[[33727,0],[33729,0],[33472,0],[33473,0],[33984,0],]]
[33729,11,38,[[33730,0],[33728,0],[33473,0],[33985,0],]]
[33730,10,38,[[33729,0],[33731,0],[33474,0],[33475,0],[33986,0],]]
[33731,15,38,[[33732,0],[33730,0],[33475,0],[33987,0],]]
[33732,15,38,[[33731,0],[33733,0],[33476,0],[33477,0],[33988,0],]]
[33733,5,38,[[33734,0],[33732,0],[33477,0],[33989,0],]]
[33734,11,38,[[33733,0],[33735,0],[33478,0],[33479,0],[33990,0],]]
[33735,11,38,[[33736,0],[33734,0],[33479,0],[33991,0],]]
[33736,17,38,[[33735,0],[33737,0],[33480,0],[33481,0],[33992,0],]]
[33737,13,38,[[33738,0],[33736,0],[33481,0],[33993,0],]]
[33738,13,38,[[33737,0],[33739,0],[33482,0],[33483,0],[33994,0],]]
[33739,12,38,[[33740,0],[33738,0],[33483,0],[33995,0],]]
[33740,9,38,[[33739,0],[33741,0],[33484,0],[33485,0],[33996,0],]]
[33741,18,38,[[33742,0],[33740,0],[33485,0],[33997,0],]]
[33742,9,38,[[33741,0],[33743,0],[33486,0],[33487,0],[33998,0],]]
[33743,8,38,[[33744,0],[33742,0],[33487,0],[33999,0],]]
[33744,12,38,[[33743,0],[33745,0],[33488,0],[33489,0],[34000,0],]]
[33745,6,38,[[33746,0],[33744,0],[33489,0],[34001,0],]]
[33746,18,38,[[33745,0],[33747,0],[33490,0],[33491,0],[34002,0],]]
[33747,14,38,[[33748,0],[33746,0],[33491,0],[34003,0],]]
[33748,18,38,[[33747,0],[33749,0],[33492,0],[33493,0],[34004,0],]]
[33749,3,38,[[33750,0],[33748,0],[33493,0],[34005,0],]]
[33750,19,38,[[33749,0],[33751,0],[33494,0],[33495,0],[34006,0],]]
[33751,2,38,[[33752,0],[33750,0],[33495,0],[34007,0],]]
[33752,5,38,[[33751,0],[33753,0],[33496,0],[33497,0],[34008,0],]]
[33753,16,38,[[33754,0],[33752,0],[33497,0],[34009,0],]]
[33754,10,38,[[33753,0],[33755,0],[33498,0],[33499,0],[34010,0],]]
[33755,2,38,[[33756,0],[33754,0],[33499,0],[34011,0],]]
[33756,10,38,[[33755,0],[33757,0],[33500,0],[33501,0],[34012,0],]]
[33757,3,38,[[33758,0],[33756,0],[33501,0],[34013,0],]]
[33758,7,38,[[33757,0],[33759,0],[33502,0],[33503,0],[34014,0],]]
[33759,3,38,[[33760,0],[33758,0],[33503,0],[34015,0],]]
[33760,5,39,[[33759,0],[33761,0],[33504,0],[33505,0],[34016,0],]]
[33761,17,39,[[33762,0],[33760,0],[33505,0],[34017,0],]]
[33762,15,39,[[33761,0],[33763,0],[33506,0],[33507,0],[34018,0],]]
[33763,8,39,[[33764,0],[33762,0],[33507,0],[34019,0],]]
[33764,17,39,[[33763,0],[33765,0],[33508,0],[33509,0],[34020,0],]]
[33765,14,39,[[33766,0],[33764,0],[33509,0],[34021,0],]]
[33766,15,39,[[33765,0],[33767,0],[33510,0],[33511,0],[34022,0],]]
[33767,16,39,[[33768,0],[33766,0],[33511,0],[34023,0],]]
[33768,12,39,[[33767,0],[33769,0],[33512,0],[33513,0],[34024,0],]]
[33769,18,39,[[33770,0],[33768,0],[33513,0],[34025,0],]]
[33770,3,39,[[33769,0],[33771,0],[33514,0],[33515,0],[34026,0],]]
[33771,8,39,[[33772,0],[33770,0],[33515,0],[34027,0],]]
[33772,13,39,[[33771,0],[33773,0],[33516,0],[33517,0],[34028,0],]]
[33773,18,39,[[33774,0],[33772,0],[33517,0],[34029,0],]]
[33774,11,39,[[33773,0],[33775,0],[33518,0],[33519,0],[34030,0],]]
[33775,8,39,[[33776,0],[33774,0],[33519,0],[34031,0],]]
[33776,5,39,[[33775,0],[33777,0],[33520,0],[33521,0],[34032,0],]]
[33777,17,39,[[33778,0],[33776,0],[33521,0],[34033,0],]]
[33778,3,39,[[33777,0],[33779,0],[33522,0],[33523,0],[34034,0],]]
[33779,6,39,[[33780,0],[33778,0],[33523,0],[34035,0],]]
[33780,19,39,[[33779,0],[33781,0],[33524,0],[33525,0],[34036,0],]]
[33781,9,39,[[33782,0],[33780,0],[33525,0],[34037,0],]]
[33782,1,39,[[33781,0],[33783,0],[33526,0],[33527,0],[34038,0],]]
[33783,15,39,[[33784,0],[33782,0],[33527,0],[34039,0],]]
[33784,11,39,[[33783,0],[33785,0],[33528,0],[33529,0],[34040,0],]]
[33785,11,39,[[33786,0],[33784,0],[33529,0],[34041,0],]]
[33786,11,39,[[33785,0],[33787,0],[33530,0],[33531,0],[34042,0],]]
[33787,16,39,[[33788,0],[33786,0],[33531,0],[34043,0],]]
[33788,2,39,[[33787,0],[33789,0],[33532,0],[33533,0],[34044,0],]]
[33789,3,39,[[33790,0],[33788,0],[33533,0],[34045,0],]]
[33790,19,39,[[33789,0],[33791,0],[33534,0],[33535,0],[34046,0],]]
[33791,7,39,[[33790,0],[33535,0],[34047,0],]]
[33792,19,32,[[33793,0],[34048,0],[33536,0],]]
[33793,14,32,[[33794,0],[33792,0],[34049,0],[34048,0],[33537,0],]]
[33794,14,32,[[33793,0],[33795,0],[34050,0],[33538,0],]]
[33795,14,32,[[33796,0],[33794,0],[34051,0],[34050,0],[33539,0],]]
[33796,3,32,[[33795,0],[33797,0],[34052,0],[33540,0],]]
[33797,15,32,[[33798,0],[33796,0],[34053,0],[34052,0],[33541,0],]]
[33798,13,32,[[33797,0],[33799,0],[34054,0],[33542,0],]]
[33799,18,32,[[33800,0],[33798,0],[34055,0],[34054,0],[33543,0],]]
[33800,5,32,[[33799,0],[33801,0],[34056,0],[33544,0],]]
[33801,3,32,[[33802,0],[33800,0],[34057,0],[34056,0],[33545,0],]]
[33802,17,32,[[33801,0],[33803,0],[34058,0],[33546,0],]]
[33803,12,32,[[33804,0],[33802,0],[34059,0],[34058,0],[33547,0],]]
[33804,3,32,[[33803,0],[33805,0],[34060,0],[33548,0],]]
[33805,12,32,[[33806,0],[33804,0],[34061,0],[34060,0],[33549,0],]]
[33806,7,32,[[33805,0],[33807,0],[34062,0],[33550,0],]]
[33807,10,32,[[33808,0],[33806,0],[34063,0],[34062,0],[33551,0],]]
[33808,9,32,[[33807,0],[33809,0],[34064,0],[33552,0],]]
[33809,6,32,[[33810,0],[33808,0],[34065,0],[34064,0],[33553,0],]]
[33810,19,32,[[33809,0],[33811,0],[34066,0],[33554,0],]]
[33811,4,32,[[33812,0],[33810,0],[34067,0],[34066,0],[33555,0],]]
[33812,19,32,[[33811,0],[33813,0],[34068,0],[33556,0],]]
[33813,2,32,[[33814,0],[33812,0],[34069,0],[34068,0],[33557,0],]]
[33814,12,32,[[33813,0],[33815,0],[34070,0],[33558,0],]]
[33815,12,32,[[33816,0],[33814,0],[34071,0],[34070,0],[33559,0],]]
[33816,8,32,[[33815,0],[33817,0],[34072,0],[33560,0],]]
[33817,16,32,[[33818,0],[33816,0],[34073,0],[34072,0],[33561,0],]]
[33818,14,32,[[33817,0],[33819,0],[34074,0],[33562,0],]]
[33819,14,32,[[33820,0],[33818,0],[34075,0],[34074,0],[33563,0],]]
[33820,6,32,[[33819,0],[33821,0],[34076,0],[33564,0],]]
[33821,4,32,[[33822,0],[33820,0],[34077,0],[34076,0],[33565,0],]]
[33822,11,32,[[33821,0],[33823,0],[34078,0],[33566,0],]]
[33823,7,32,[[33824,0],[33822,0],[34079,0],[34078,0],[33567,0],]]
[33824,5,33,[[33823,0],[33825,0],[34080,0],[33568,0],]]
[33825,17,33,[[33826,0],[33824,0],[34081,0],[34080,0],[33569,0],]]
[33826,11,33,[[33825,0],[33827,0],[34082,0],[33570,0],]]
[33827,18,33,[[33828,0],[33826,0],[34083,0],[34082,0],[33571,0],]]
[33828,17,33,[[33827,0],[33829,0],[34084,0],[33572,0],]]
[33829,5,33,[[33830,0],[33828,0],[34085,0],[34084,0],[33573,0],]]
[33830,16,33,[[33829,0],[33831,0],[34086,0],[33574,0],]]
[33831,13,33,[[33832,0],[33830,0],[34087,0],[34086,0],[33575,0],]]
[33832,16,33,[[33831,0],[33833,0],[34088,0],[33576,0],]]
[33833,11,33,[[33834,0],[33832,0],[34089,0],[34088,0],[33577,0],]]
[33834,11,33,[[33833,0],[33835,0],[34090,0],[33578,0],]]
[33835,1,33,[[33836,0],[33834,0],[34091,0],[34090,0],[33579,0],]]
[33836,14,33,[[33835,0],[33837,0],[34092,0],[33580,0],]]
[33837,18,33,[[33838,0],[33836,0],[34093,0],[34092,0],[33581,0],]]
[33838,6,33,[[33837,0],[33839,0],[34094,0],[33582,0],]]
[33839,13,33,[[33840,0],[33838,0],[34095,0],[34094,0],[33583,0],]]
[33840,4,33,[[33839,0],[33841,0],[34096,0],[33584,0],]]
[33841,1,33,[[33842,0],[33840,0],[34097,0],[34096,0],[33585,0],]]
[33842,13,33,[[33841,0],[33843,0],[34098,0],[33586,0],]]
[33843,6,33,[[33844,0],[33842,0],[34099,0],[34098,0],[33587,0],]]
[33844,4,33,[[33843,0],[33845,0],[34100,0],[33588,0],]]
[33845,15,33,[[33846,0],[33844,0],[34101,0],[34100,0],[33589,0],]]
[33846,17,33,[[33845,0],[33847,0],[34102,0],[33590,0],]]
[33847,8,33,[[33848,0],[33846,0],[34103,0],[34102,0],[33591,0],]]
[33848,8,33,[[33847,0],[33849,0],[34104,0],[33592,0],]]
[33849,15,33,[[33850,0],[33848,0],[34105,0],[34104,0],[33593,0],]]
[33850,6,33,[[33849,0],[33851,0],[34106,0],[33594,0],]]
[33851,12,33,[[33852,0],[33850,0],[34107,0],[34106,0],[33595,0],]]
[33852,9,33,[[33851,0],[33853,0],[34108,0],[33596,0],]]
[33853,14,33,[[33854,0],[33852,0],[34109,0],[34108,0],[33597,0],]]
[33854,1,33,[[33853,0],[33855,0],[34110,0],[33598,0],]]
[33855,17,33,[[33856,0],[33854,0],[34111,0],[34110,0],[33599,0],]]
[33856,6,34,[[33855,0],[33857,0],[34112,0],[33600,0],]]
[33857,8,34,[[33858,0],[33856,0],[34113,0],[34112,0],[33601,0],]]
[33858,15,34,[[33857,0],[33859,0],[34114,0],[33602,0],]]
[33859,17,34,[[33860,0],[33858,0],[34115,0],[34114,0],[33603,0],]]
[33860,19,34,[[33859,0],[33861,0],[34116,0],[33604,0],]]
[33861,5,34,[[33862,0],[33860,0],[34117,0],[34116,0],[33605,0],]]
[33862,2,34,[[33861,0],[33863,0],[34118,0],[33606,0],]]
[33863,6,34,[[33864,0],[33862,0],[34119,0],[34118,0],[33607,0],]]
[33864,11,34,[[33863,0],[33865,0],[34120,0],[33608,0],]]
[33865,2,34,[[33866,0],[33864,0],[34121,0],[34120,0],[33609,0],]]
[33866,2,34,[[33865,0],[33867,0],[34122,0],[33610,0],]]
[33867,10,34,[[33868,0],[33866,0],[34123,0],[34122,0],[33611,0],]]
[33868,1,34,[[33867,0],[33869,0],[34124,0],[33612,0],]]
[33869,8,34,[[33870,0],[33868,0],[34125,0],[34124,0],[33613,0],]]
[33870,5,34,[[33869,0],[33871,0],[34126,0],[33614,0],]]
[33871,14,34,[[33872,0],[33870,0],[34127,0],[34126,0],[33615,0],]]
[33872,17,34,[[33871,0],[33873,0],[34128,0],[33616,0],]]
[33873,8,34,[[33874,0],[33872,0],[34129,0],[34128,0],[33617,0],]]
[33874,15,34,[[33873,0],[33875,0],[34130,0],[33618,0],]]
[33875,19,34,[[33876,0],[33874,0],[34131,0],[34130,0],[33619,0],]]
[33876,8,34,[[33875,0],[33877,0],[34132,0],[33620,0],]]
[33877,1,34,[[33878,0],[33876,0],[34133,0],[34132,0],[33621,0],]]
[33878,13,34,[[33877,0],[33879,0],[34134,0],[33622,0],]]
[33879,12,34,[[33880,0],[33878,0],[34135,0],[34134,0],[33623,0],]]
[33880,19,34,[[33879,0],[33881,0],[34136,0],[33624,0],]]
[33881,4,34,[[33882,0],[33880,0],[34137,0],[34136,0],[33625,0],]]
[33882,12,34,[[33881,0],[33883,0],[34138,0],[33626,0],]]
[33883,3,34,[[33884,0],[33882,0],[34139,0],[34138,0],[33627,0],]]
[33884,3,34,[[33883,0],[33885,0],[34140,0],[33628,0],]]
[33885,2,34,[[33886,0],[33884,0],[34141,0],[34140,0],[33629,0],]]
[33886,8,34,[[33885,0],[33887,0],[34142,0],[33630,0],]]
[33887,6,34,[[33888,0],[33886,0],[34143,0],[34142,0],[33631,0],]]
[33888,8,35,[[33887,0],[33889,0],[34144,0],[33632,0],]]
[33889,12,35,[[33890,0],[33888,0],[34145,0],[34144,0],[33633,0],]]
[33890,18,35,[[33889,0],[33891,0],[34146,0],[33634,0],]]
[33891,15,35,[[33892,0],[33890,0],[34147,0],[34146,0],[33635,0],]]
[33892,12,35,[[33891,0],[33893,0],[34148,0],[33636,0],]]
[33893,15,35,[[33894,0],[33892,0],[34149,0],[34148,0],[33637,0],]]
[33894,18,35,[[33893,0],[33895,0],[34150,0],[33638,0],]]
[33895,10,35,[[33896,0],[33894,0],[34151,0],[34150,0],[33639,0],]]
[33896,18,35,[[33895,0],[33897,0],[34152,0],[33640,0],]]
[33897,10,35,[[33898,0],[33896,0],[34153,0],[34152,0],[33641,0],]]
[33898,2,35,[[33897,0],[33899,0],[34154,0],[33642,0],]]
[33899,9,35,[[33900,0],[33898,0],[34155,0],[34154,0],[33643,0],]]
[33900,17,35,[[33899,0],[33901,0],[34156,0],[33644,0],]]
[33901,8,35,[[33902,0],[33900,0],[34157,0],[34156,0],[33645,0],]]
[33902,8,35,[[33901,0],[33903,0],[34158,0],[33646,0],]]
[33903,8,35,[[33904,0],[33902,0],[34159,0],[34158,0],[33647,0],]]
[33904,19,35,[[33903,0],[33905,0],[34160,0],[33648,0],]]
[33905,11,35,[[33906,0],[33904,0],[34161,0],[34160,0],[33649,0],]]
[33906,2,35,[[33905,0],[33907,0],[34162,0],[33650,0],]]
[33907,1,35,[[33908,0],[33906,0],[34163,0],[34162,0],[33651,0],]]
[33908,2,35,[[33907,0],[33909,0],[34164,0],[33652,0],]]
[33909,3,35,[[33910,0],[33908,0],[34165,0],[34164,0],[33653,0],]]
[33910,6,35,[[33909,0],[33911,0],[34166,0],[33654,0],]]
[33911,10,35,[[33912,0],[33910,0],[34167,0],[34166,0],[33655,0],]]
[33912,6,35,[[33911,0],[33913,0],[34168,0],[33656,0],]]
[33913,8,35,[[33914,0],[33912,0],[34169,0],[34168,0],[33657,0],]]
[33914,5,35,[[33913,0],[33915,0],[34170,0],[33658,0],]]
[33915,5,35,[[33916,0],[33914,0],[34171,0],[34170,0],[33659,0],]]
[33916,18,35,[[33915,0],[33917,0],[34172,0],[33660,0],]]
[33917,1,35,[[33918,0],[33916,0],[34173,0],[34172,0],[33661,0],]]
[33918,6,35,[[33917,0],[33919,0],[34174,0],[33662,0],]]
[33919,11,35,[[33920,0],[33918,0],[34175,0],[34174,0],[33663,0],]]
[33920,1,36,[[33919,0],[33921,0],[34176,0],[33664,0],]]
[33921,18,36,[[33922,0],[33920,0],[34177,0],[34176,0],[33665,0],]]
[33922,7,36,[[33921,0],[33923,0],[34178,0],[33666,0],]]
[33923,12,36,[[33924,0],[33922,0],[34179,0],[34178,0],[33667,0],]]
[33924,4,36,[[33923,0],[33925,0],[34180,0],[33668,0],]]
[33925,2,36,[[33926,0],[33924,0],[34181,0],[34180,0],[33669,0],]]
[33926,4,36,[[33925,0],[33927,0],[34182,0],[33670,0],]]
[33927,1,36,[[33928,0],[33926,0],[34183,0],[34182,0],[33671,0],]]
[33928,17,36,[[33927,0],[33929,0],[34184,0],[33672,0],]]
[33929,19,36,[[33930,0],[33928,0],[34185,0],[34184,0],[33673,0],]]
[33930,7,36,[[33929,0],[33931,0],[34186,0],[33674,0],]]
[33931,15,36,[[33932,0],[33930,0],[34187,0],[34186,0],[33675,0],]]
[33932,17,36,[[33931,0],[33933,0],[34188,0],[33676,0],]]
[33933,4,36,[[33934,0],[33932,0],[34189,0],[34188,0],[33677,0],]]
[33934,15,36,[[33933,0],[33935,0],[34190,0],[33678,0],]]
[33935,3,36,[[33936,0],[33934,0],[34191,0],[34190,0],[33679,0],]]
[33936,11,36,[[33935,0],[33937,0],[34192,0],[33680,0],]]
[33937,10,36,[[33938,0],[33936,0],[34193,0],[34192,0],[33681,0],]]
[33938,5,36,[[33937,0],[33939,0],[34194,0],[33682,0],]]
[33939,16,36,[[33940,0],[33938,0],[34195,0],[34194,0],[33683,0],]]
[33940,5,36,[[33939,0],[33941,0],[34196,0],[33684,0],]]
[33941,12,36,[[33942,0],[33940,0],[34197,0],[34196,0],[33685,0],]]
[33942,6,36,[[33941,0],[33943,0],[34198,0],[33686,0],]]
[33943,11,36,[[33944,0],[33942,0],[34199,0],[34198,0],[33687,0],]]
[33944,18,36,[[33943,0],[33945,0],[34200,0],[33688,0],]]
[33945,4,36,[[33946,0],[33944,0],[34201,0],[34200,0],[33689,0],]]
[33946,17,36,[[33945,0],[33947,0],[34202,0],[33690,0],]]
[33947,1,36,[[33948,0],[33946,0],[34203,0],[34202,0],[33691,0],]]
[33948,16,36,[[33947,0],[33949,0],[34204,0],[33692,0],]]
[33949,10,36,[[33950,0],[33948,0],[34205,0],[34204,0],[33693,0],]]
[33950,16,36,[[33949,0],[33951,0],[34206,0],[33694,0],]]
[33951,2,36,[[33952,0],[33950,0],[34207,0],[34206,0],[33695,0],]]
[33952,19,37,[[33951,0],[33953,0],[34208,0],[33696,0],]]
[33953,12,37,[[33954,0],[33952,0],[34209,0],[34208,0],[33697,0],]]
[33954,9,37,[[33953,0],[33955,0],[34210,0],[33698,0],]]
[33955,10,37,[[33956,0],[33954,0],[34211,0],[34210,0],[33699,0],]]
[33956,1,37,[[33955,0],[33957,0],[34212,0],[33700,0],]]
[33957,17,37,[[33958,0],[33956,0],[34213,0],[34212,0],[33701,0],]]
[33958,8,37,[[33957,0],[33959,0],[34214,0],[33702,0],]]
[33959,11,37,[[33960,0],[33958,0],[34215,0],[34214,0],[33703,0],]]
[33960,19,37,[[33959,0],[33961,0],[34216,0],[33704,0],]]
[33961,15,37,[[33962,0],[33960,0],[34217,0],[34216,0],[33705,0],]]
[33962,13,37,[[33961,0],[33963,0],[34218,0],[33706,0],]]
[33963,9,37,[[33964,0],[33962,0],[34219,0],[34218,0],[33707,0],]]
[33964,9,37,[[33963,0],[33965,0],[34220,0],[33708,0],]]
[33965,14,37,[[33966,0],[33964,0],[34221,0],[34220,0],[33709,0],]]
[33966,15,37,[[33965,0],[33967,0],[34222,0],[33710,0],]]
[33967,12,37,[[33968,0],[33966,0],[34223,0],[34222,0],[33711,0],]]
[33968,13,37,[[33967,0],[33969,0],[34224,0],[33712,0],]]
[33969,13,37,[[33970,0],[33968,0],[34225,0],[34224,0],[33713,0],]]
[33970,3,37,[[33969,0],[33971,0],[34226,0],[33714,0],]]
[33971,15,37,[[33972,0],[33970,0],[34227,0],[34226,0],[33715,0],]]
[33972,13,37,[[33971,0],[33973,0],[34228,0],[33716,0],]]
[33973,14,37,[[33974,0],[33972,0],[34229,0],[34228,0],[33717,0],]]
[33974,19,37,[[33973,0],[33975,0],[34230,0],[33718,0],]]
[33975,15,37,[[33976,0],[33974,0],[34231,0],[34230,0],[33719,0],]]
[33976,15,37,[[33975,0],[33977,0],[34232,0],[33720,0],]]
[33977,14,37,[[33978,0],[33976,0],[34233,0],[34232,0],[33721,0],]]
[33978,15,37,[[33977,0],[33979,0],[34234,0],[33722,0],]]
[33979,15,37,[[33980,0],[33978,0],[34235,0],[34234,0],[33723,0],]]
[33980,6,37,[[33979,0],[33981,0],[34236,0],[33724,0],]]
[33981,19,37,[[33982,0],[33980,0],[34237,0],[34236,0],[33725,0],]]
[33982,4,37,[[33981,0],[33983,0],[34238,0],[33726,0],]]
[33983,1,37,[[33984,0],[33982,0],[34239,0],[34238,0],[33727,0],]]
[33984,17,38,[[33983,0],[33985,0],[34240,0],[33728,0],]]
[33985,6,38,[[33986,0],[33984,0],[34241,0],[34240,0],[33729,0],]]
[33986,10,38,[[33985,0],[33987,0],[34242,0],[33730,0],]]
[33987,3,38,[[33988,0],[33986,0],[34243,0],[34242,0],[33731,0],]]
[33988,14,38,[[33987,0],[33989,0],[34244,0],[33732,0],]]
[33989,12,38,[[33990,0],[33988,0],[34245,0],[34244,0],[33733,0],]]
[33990,7,38,[[33989,0],[33991,0],[34246,0],[33734,0],]]
[33991,15,38,[[33992,0],[33990,0],[34247,0],[34246,0],[33735,0],]]
[33992,11,38,[[33991,0],[33993,0],[34248,0],[33736,0],]]
[33993,7,38,[[33994,0],[33992,0],[34249,0],[34248,0],[33737,0],]]
[33994,10,38,[[33993,0],[33995,0],[34250,0],[33738,0],]]
[33995,9,38,[[33996,0],[33994,0],[34251,0],[34250,0],[33739,0],]]
[33996,2,38,[[33995,0],[33997,0],[34252,0],[33740,0],]]
[33997,8,38,[[33998,0],[33996,0],[34253,0],[34252,0],[33741,0],]]
[33998,6,38,[[33997,0],[33999,0],[34254,0],[33742,0],]]
[33999,11,38,[[34000,0],[33998,0],[34255,0],[34254,0],[33743,0],]]
[34000,9,38,[[33999,0],[34001,0],[34256,0],[33744,0],]]
[34001,15,38,[[34002,0],[34000,0],[34257,0],[34256,0],[33745,0],]]
[34002,5,38,[[34001,0],[34003,0],[34258,0],[33746,0],]]
[34003,1,38,[[34004,0],[34002,0],[34259,0],[34258,0],[33747,0],]]
[34004,1,38,[[34003,0],[34005,0],[34260,0],[33748,0],]]
[34005,4,38,[[34006,0],[34004,0],[34261,0],[34260,0],[33749,0],]]
[34006,15,38,[[34005,0],[34007,0],[34262,0],[33750,0],]]
[34007,6,38,[[34008,0],[34006,0],[34263,0],[34262,0],[33751,0],]]
[34008,8,38,[[34007,0],[34009,0],[34264,0],[33752,0],]]
[34009,3,38,[[34010,0],[34008,0],[34265,0],[34264,0],[33753,0],]]
[34010,5,38,[[34009,0],[34011,0],[34266,0],[33754,0],]]
[34011,17,38,[[34012,0],[34010,0],[34267,0],[34266,0],[33755,0],]]
[34012,11,38,[[34011,0],[34013,0],[34268,0],[33756,0],]]
[34013,2,38,[[34014,0],[34012,0],[34269,0],[34268,0],[33757,0],]]
[34014,9,38,[[34013,0],[34015,0],[34270,0],[33758,0],]]
[34015,14,38,[[34016,0],[34014,0],[34271,0],[34270,0],[33759,0],]]
[34016,2,39,[[34015,0],[34017,0],[34272,0],[33760,0],]]
[34017,9,39,[[34018,0],[34016,0],[34273,0],[34272,0],[33761,0],]]
[34018,17,39,[[34017,0],[34019,0],[34274,0],[33762,0],]]
[34019,7,39,[[34020,0],[34018,0],[34275,0],[34274,0],[33763,0],]]
[34020,4,39,[[34019,0],[34021,0],[34276,0],[33764,0],]]
[34021,19,39,[[34022,0],[34020,0],[34277,0],[34276,0],[33765,0],]]
[34022,4,39,[[34021,0],[34023,0],[34278,0],[33766,0],]]
[34023,13,39,[[34024,0],[34022,0],[34279,0],[34278,0],[33767,0],]]
[34024,5,39,[[34023,0],[34025,0],[34280,0],[33768,0],]]
[34025,19,39,[[34026,0],[34024,0],[34281,0],[34280,0],[33769,0],]]
[34026,7,39,[[34025,0],[34027,0],[34282,0],[33770,0],]]
[34027,3,39,[[34028,0],[34026,0],[34283,0],[34282,0],[33771,0],]]
[34028,11,39,[[34027,0],[34029,0],[34284,0],[33772,0],]]
[34029,3,39,[[34030,0],[34028,0],[34285,0],[34284,0],[33773,0],]]
[34030,4,39,[[34029,0],[34031,0],[34286,0],[33774,0],]]
[34031,10,39,[[34032,0],[34030,0],[34287,0],[34286,0],[33775,0],]]
[34032,8,39,[[34031,0],[34033,0],[34288,0],[33776,0],]]
[34033,16,39,[[34034,0],[34032,0],[34289,0],[34288,0],[33777,0],]]
[34034,18,39,[[34033,0],[34035,0],[34290,0],[33778,0],]]
[34035,18,39,[[34036,0],[34034,0],[34291,0],[34290,0],[33779,0],]]
[34036,1,39,[[34035,0],[34037,0],[34292,0],[33780,0],]]
[34037,11,39,[[34038,0],[34036,0],[34293,0],[34292,0],[33781,0],]]
[34038,6,39,[[34037,0],[34039,0],[34294,0],[33782,0],]]
[34039,7,39,[[34040,0],[34038,0],[34295,0],[34294,0],[33783,0],]]
[34040,11,39,[[34039,0],[34041,0],[34296,0],[33784,0],]]
[34041,8,39,[[34042,0],[34040,0],[34297,0],[34296,0],[33785,0],]]
[34042,14,39,[[34041,0],[34043,0],[34298,0],[33786,0],]]
[34043,5,39,[[34044,0],[34042,0],[34299,0],[34298,0],[33787,0],]]
[34044,13,39,[[34043,0],[34045,0],[34300,0],[33788,0],]]
[34045,17,39,[[34046,0],[34044,0],[34301,0],[34300,0],[33789,0],]]
[34046,2,39,[[34045,0],[34047,0],[34302,0],[33790,0],]]
[34047,18,39,[[34046,0],[34303,0],[34302,0],[33791,0],]]
[34048,8,32,[[34049,0],[33792,0],[33793,0],[34304,0],]]
[34049,18,32,[[34050,0],[34048,0],[33793,0],[34305,0],]]
[34050,4,32,[[34049,0],[34051,0],[33794,0],[33795,0],[34306,0],]]
[34051,19,32,[[34052,0],[34050,0],[33795,0],[34307,0],]]
[34052,2,32,[[34051,0],[34053,0],[33796,0],[33797,0],[34308,0],]]
[34053,14,32,[[34054,0],[34052,0],[33797,0],[34309,0],]]
[34054,4,32,[[34053,0],[34055,0],[33798,0],[33799,0],[34310,0],]]
[34055,16,32,[[34056,0],[34054,0],[33799,0],[34311,0],]]
[34056,18,32,[[34055,0],[34057,0],[33800,0],[33801,0],[34312,0],]]
[34057,19,32,[[34058,0],[34056,0],[33801,0],[34313,0],]]
[34058,18,32,[[34057,0],[34059,0],[33802,0],[33803,0],[34314,0],]]
[34059,7,32,[[34060,0],[34058,0],[33803,0],[34315,0],]]
[34060,11,32,[[34059,0],[34061,0],[33804,0],[33805,0],[34316,0],]]
[34061,14,32,[[34062,0],[34060,0],[33805,0],[34317,0],]]
[34062,17,32,[[34061,0],[34063,0],[33806,0],[33807,0],[34318,0],]]
[34063,11,32,[[34064,0],[34062,0],[33807,0],[34319,0],]]
[34064,2,32,[[34063,0],[34065,0],[33808,0],[33809,0],[34320,0],]]
[34065,13,32,[[34066,0],[34064,0],[33809,0],[34321,0],]]
[34066,13,32,[[34065,0],[34067,0],[33810,0],[33811,0],[34322,0],]]
[34067,15,32,[[34068,0],[34066,0],[33811,0],[34323,0],]]
[34068,7,32,[[34067,0],[34069,0],[33812,0],[33813,0],[34324,0],]]
[34069,5,32,[[34070,0],[34068,0],[33813,0],[34325,0],]]
[34070,2,32,[[34069,0],[34071,0],[33814,0],[33815,0],[34326,0],]]
[34071,7,32,[[34072,0],[34070,0],[33815,0],[34327,0],]]
[34072,5,32,[[34071,0],[34073,0],[33816,0],[33817,0],[34328,0],]]
[34073,12,32,[[34074,0],[34072,0],[33817,0],[34329,0],]]
[34074,15,32,[[34073,0],[34075,0],[33818,0],[33819,0],[34330,0],]]
[34075,13,32,[[34076,0],[34074,0],[33819,0],[34331,0],]]
[34076,1,32,[[34075,0],[34077,0],[33820,0],[33821,0],[34332,0],]]
[34077,15,32,[[34078,0],[34076,0],[33821,0],[34333,0],]]
