[43909,6,44,[[43910,0],[43908,0],[43653,0],[44165,0],]]
[43910,9,44,[[43909,0],[43911,0],[43654,0],[43655,0],[44166,0],]]
[43911,2,44,[[43912,0],[43910,0],[43655,0],[44167,0],]]
[43912,9,44,[[43911,0],[43913,0],[43656,0],[43657,0],[44168,0],]]
[43913,15,44,[[43914,0],[43912,0],[43657,0],[44169,0],]]
[43914,14,44,[[43913,0],[43915,0],[43658,0],[43659,0],[44170,0],]]
[43915,16,44,[[43916,0],[43914,0],[43659,0],[44171,0],]]
[43916,8,44,[[43915,0],[43917,0],[43660,0],[43661,0],[44172,0],]]
[43917,6,44,[[43918,0],[43916,0],[43661,0],[44173,0],]]
[43918,18,44,[[43917,0],[43919,0],[43662,0],[43663,0],[44174,0],]]
[43919,12,44,[[43920,0],[43918,0],[43663,0],[44175,0],]]
[43920,7,44,[[43919,0],[43921,0],[43664,0],[43665,0],[44176,0],]]
[43921,19,44,[[43922,0],[43920,0],[43665,0],[44177,0],]]
[43922,7,44,[[43921,0],[43923,0],[43666,0],[43667,0],[44178,0],]]
[43923,19,44,[[43924,0],[43922,0],[43667,0],[44179,0],]]
[43924,15,44,[[43923,0],[43925,0],[43668,0],[43669,0],[44180,0],]]
[43925,13,44,[[43926,0],[43924,0],[43669,0],[44181,0],]]
[43926,17,44,[[43925,0],[43927,0],[43670,0],[43671,0],[44182,0],]]
[43927,5,44,[[43928,0],[43926,0],[43671,0],[44183,0],]]
[43928,15,44,[[43927,0],[43929,0],[43672,0],[43673,0],[44184,0],]]
[43929,10,44,[[43930,0],[43928,0],[43673,0],[44185,0],]]
[43930,15,44,[[43929,0],[43931,0],[43674,0],[43675,0],[44186,0],]]
[43931,7,44,[[43932,0],[43930,0],[43675,0],[44187,0],]]
[43932,18,44,[[43931,0],[43933,0],[43676,0],[43677,0],[44188,0],]]
[43933,4,44,[[43934,0],[43932,0],[43677,0],[44189,0],]]
[43934,18,44,[[43933,0],[43935,0],[43678,0],[43679,0],[44190,0],]]
[43935,6,44,[[43936,0],[43934,0],[43679,0],[44191,0],]]
[43936,13,45,[[43935,0],[43937,0],[43680,0],[43681,0],[44192,0],]]
[43937,6,45,[[43938,0],[43936,0],[43681,0],[44193,0],]]
[43938,18,45,[[43937,0],[43939,0],[43682,0],[43683,0],[44194,0],]]
[43939,19,45,[[43940,0],[43938,0],[43683,0],[44195,0],]]
[43940,13,45,[[43939,0],[43941,0],[43684,0],[43685,0],[44196,0],]]
[43941,19,45,[[43942,0],[43940,0],[43685,0],[44197,0],]]
[43942,5,45,[[43941,0],[43943,0],[43686,0],[43687,0],[44198,0],]]
[43943,4,45,[[43944,0],[43942,0],[43687,0],[44199,0],]]
[43944,13,45,[[43943,0],[43945,0],[43688,0],[43689,0],[44200,0],]]
[43945,8,45,[[43946,0],[43944,0],[43689,0],[44201,0],]]
[43946,15,45,[[43945,0],[43947,0],[43690,0],[43691,0],[44202,0],]]
[43947,6,45,[[43948,0],[43946,0],[43691,0],[44203,0],]]
[43948,17,45,[[43947,0],[43949,0],[43692,0],[43693,0],[44204,0],]]
[43949,6,45,[[43950,0],[43948,0],[43693,0],[44205,0],]]
[43950,8,45,[[43949,0],[43951,0],[43694,0],[43695,0],[44206,0],]]
[43951,1,45,[[43952,0],[43950,0],[43695,0],[44207,0],]]
[43952,15,45,[[43951,0],[43953,0],[43696,0],[43697,0],[44208,0],]]
[43953,10,45,[[43954,0],[43952,0],[43697,0],[44209,0],]]
[43954,18,45,[[43953,0],[43955,0],[43698,0],[43699,0],[44210,0],]]
[43955,3,45,[[43956,0],[43954,0],[43699,0],[44211,0],]]
[43956,11,45,[[43955,0],[43957,0],[43700,0],[43701,0],[44212,0],]]
[43957,4,45,[[43958,0],[43956,0],[43701,0],[44213,0],]]
[43958,3,45,[[43957,0],[43959,0],[43702,0],[43703,0],[44214,0],]]
[43959,17,45,[[43960,0],[43958,0],[43703,0],[44215,0],]]
[43960,6,45,[[43959,0],[43961,0],[43704,0],[43705,0],[44216,0],]]
[43961,19,45,[[43962,0],[43960,0],[43705,0],[44217,0],]]
[43962,11,45,[[43961,0],[43963,0],[43706,0],[43707,0],[44218,0],]]
[43963,15,45,[[43964,0],[43962,0],[43707,0],[44219,0],]]
[43964,5,45,[[43963,0],[43965,0],[43708,0],[43709,0],[44220,0],]]
[43965,9,45,[[43966,0],[43964,0],[43709,0],[44221,0],]]
[43966,14,45,[[43965,0],[43967,0],[43710,0],[43711,0],[44222,0],]]
[43967,15,45,[[43968,0],[43966,0],[43711,0],[44223,0],]]
[43968,10,46,[[43967,0],[43969,0],[43712,0],[43713,0],[44224,0],]]
[43969,5,46,[[43970,0],[43968,0],[43713,0],[44225,0],]]
[43970,4,46,[[43969,0],[43971,0],[43714,0],[43715,0],[44226,0],]]
[43971,11,46,[[43972,0],[43970,0],[43715,0],[44227,0],]]
[43972,16,46,[[43971,0],[43973,0],[43716,0],[43717,0],[44228,0],]]
[43973,13,46,[[43974,0],[43972,0],[43717,0],[44229,0],]]
[43974,7,46,[[43973,0],[43975,0],[43718,0],[43719,0],[44230,0],]]
[43975,2,46,[[43976,0],[43974,0],[43719,0],[44231,0],]]
[43976,15,46,[[43975,0],[43977,0],[43720,0],[43721,0],[44232,0],]]
[43977,14,46,[[43978,0],[43976,0],[43721,0],[44233,0],]]
[43978,17,46,[[43977,0],[43979,0],[43722,0],[43723,0],[44234,0],]]
[43979,13,46,[[43980,0],[43978,0],[43723,0],[44235,0],]]
[43980,9,46,[[43979,0],[43981,0],[43724,0],[43725,0],[44236,0],]]
[43981,11,46,[[43982,0],[43980,0],[43725,0],[44237,0],]]
[43982,16,46,[[43981,0],[43983,0],[43726,0],[43727,0],[44238,0],]]
[43983,6,46,[[43984,0],[43982,0],[43727,0],[44239,0],]]
[43984,18,46,[[43983,0],[43985,0],[43728,0],[43729,0],[44240,0],]]
[43985,14,46,[[43986,0],[43984,0],[43729,0],[44241,0],]]
[43986,19,46,[[43985,0],[43987,0],[43730,0],[43731,0],[44242,0],]]
[43987,19,46,[[43988,0],[43986,0],[43731,0],[44243,0],]]
[43988,16,46,[[43987,0],[43989,0],[43732,0],[43733,0],[44244,0],]]
[43989,7,46,[[43990,0],[43988,0],[43733,0],[44245,0],]]
[43990,14,46,[[43989,0],[43991,0],[43734,0],[43735,0],[44246,0],]]
[43991,9,46,[[43992,0],[43990,0],[43735,0],[44247,0],]]
[43992,4,46,[[43991,0],[43993,0],[43736,0],[43737,0],[44248,0],]]
[43993,16,46,[[43994,0],[43992,0],[43737,0],[44249,0],]]
[43994,6,46,[[43993,0],[43995,0],[43738,0],[43739,0],[44250,0],]]
[43995,9,46,[[43996,0],[43994,0],[43739,0],[44251,0],]]
[43996,4,46,[[43995,0],[43997,0],[43740,0],[43741,0],[44252,0],]]
[43997,12,46,[[43998,0],[43996,0],[43741,0],[44253,0],]]
[43998,6,46,[[43997,0],[43999,0],[43742,0],[43743,0],[44254,0],]]
[43999,1,46,[[44000,0],[43998,0],[43743,0],[44255,0],]]
[44000,14,47,[[43999,0],[44001,0],[43744,0],[43745,0],[44256,0],]]
[44001,17,47,[[44002,0],[44000,0],[43745,0],[44257,0],]]
[44002,6,47,[[44001,0],[44003,0],[43746,0],[43747,0],[44258,0],]]
[44003,18,47,[[44004,0],[44002,0],[43747,0],[44259,0],]]
[44004,3,47,[[44003,0],[44005,0],[43748,0],[43749,0],[44260,0],]]
[44005,17,47,[[44006,0],[44004,0],[43749,0],[44261,0],]]
[44006,6,47,[[44005,0],[44007,0],[43750,0],[43751,0],[44262,0],]]
[44007,11,47,[[44008,0],[44006,0],[43751,0],[44263,0],]]
[44008,3,47,[[44007,0],[44009,0],[43752,0],[43753,0],[44264,0],]]
[44009,19,47,[[44010,0],[44008,0],[43753,0],[44265,0],]]
[44010,2,47,[[44009,0],[44011,0],[43754,0],[43755,0],[44266,0],]]
[44011,13,47,[[44012,0],[44010,0],[43755,0],[44267,0],]]
[44012,6,47,[[44011,0],[44013,0],[43756,0],[43757,0],[44268,0],]]
[44013,9,47,[[44014,0],[44012,0],[43757,0],[44269,0],]]
[44014,6,47,[[44013,0],[44015,0],[43758,0],[43759,0],[44270,0],]]
[44015,6,47,[[44016,0],[44014,0],[43759,0],[44271,0],]]
[44016,2,47,[[44015,0],[44017,0],[43760,0],[43761,0],[44272,0],]]
[44017,14,47,[[44018,0],[44016,0],[43761,0],[44273,0],]]
[44018,4,47,[[44017,0],[44019,0],[43762,0],[43763,0],[44274,0],]]
[44019,7,47,[[44020,0],[44018,0],[43763,0],[44275,0],]]
[44020,13,47,[[44019,0],[44021,0],[43764,0],[43765,0],[44276,0],]]
[44021,6,47,[[44022,0],[44020,0],[43765,0],[44277,0],]]
[44022,10,47,[[44021,0],[44023,0],[43766,0],[43767,0],[44278,0],]]
[44023,4,47,[[44024,0],[44022,0],[43767,0],[44279,0],]]
[44024,2,47,[[44023,0],[44025,0],[43768,0],[43769,0],[44280,0],]]
[44025,7,47,[[44026,0],[44024,0],[43769,0],[44281,0],]]
[44026,16,47,[[44025,0],[44027,0],[43770,0],[43771,0],[44282,0],]]
[44027,12,47,[[44028,0],[44026,0],[43771,0],[44283,0],]]
[44028,11,47,[[44027,0],[44029,0],[43772,0],[43773,0],[44284,0],]]
[44029,16,47,[[44030,0],[44028,0],[43773,0],[44285,0],]]
[44030,15,47,[[44029,0],[44031,0],[43774,0],[43775,0],[44286,0],]]
[44031,5,47,[[44030,0],[43775,0],[44287,0],]]
[44032,10,40,[[44033,0],[44288,0],[43776,0],]]
[44033,8,40,[[44034,0],[44032,0],[44289,0],[44288,0],[43777,0],]]
[44034,10,40,[[44033,0],[44035,0],[44290,0],[43778,0],]]
[44035,12,40,[[44036,0],[44034,0],[44291,0],[44290,0],[43779,0],]]
[44036,18,40,[[44035,0],[44037,0],[44292,0],[43780,0],]]
[44037,17,40,[[44038,0],[44036,0],[44293,0],[44292,0],[43781,0],]]
[44038,4,40,[[44037,0],[44039,0],[44294,0],[43782,0],]]
[44039,9,40,[[44040,0],[44038,0],[44295,0],[44294,0],[43783,0],]]
[44040,3,40,[[44039,0],[44041,0],[44296,0],[43784,0],]]
[44041,12,40,[[44042,0],[44040,0],[44297,0],[44296,0],[43785,0],]]
[44042,5,40,[[44041,0],[44043,0],[44298,0],[43786,0],]]
[44043,4,40,[[44044,0],[44042,0],[44299,0],[44298,0],[43787,0],]]
[44044,3,40,[[44043,0],[44045,0],[44300,0],[43788,0],]]
[44045,11,40,[[44046,0],[44044,0],[44301,0],[44300,0],[43789,0],]]
[44046,3,40,[[44045,0],[44047,0],[44302,0],[43790,0],]]
[44047,8,40,[[44048,0],[44046,0],[44303,0],[44302,0],[43791,0],]]
[44048,12,40,[[44047,0],[44049,0],[44304,0],[43792,0],]]
[44049,3,40,[[44050,0],[44048,0],[44305,0],[44304,0],[43793,0],]]
[44050,19,40,[[44049,0],[44051,0],[44306,0],[43794,0],]]
[44051,11,40,[[44052,0],[44050,0],[44307,0],[44306,0],[43795,0],]]
[44052,8,40,[[44051,0],[44053,0],[44308,0],[43796,0],]]
[44053,9,40,[[44054,0],[44052,0],[44309,0],[44308,0],[43797,0],]]
[44054,9,40,[[44053,0],[44055,0],[44310,0],[43798,0],]]
[44055,2,40,[[44056,0],[44054,0],[44311,0],[44310,0],[43799,0],]]
[44056,4,40,[[44055,0],[44057,0],[44312,0],[43800,0],]]
[44057,1,40,[[44058,0],[44056,0],[44313,0],[44312,0],[43801,0],]]
[44058,16,40,[[44057,0],[44059,0],[44314,0],[43802,0],]]
[44059,19,40,[[44060,0],[44058,0],[44315,0],[44314,0],[43803,0],]]
[44060,3,40,[[44059,0],[44061,0],[44316,0],[43804,0],]]
[44061,11,40,[[44062,0],[44060,0],[44317,0],[44316,0],[43805,0],]]
[44062,16,40,[[44061,0],[44063,0],[44318,0],[43806,0],]]
[44063,8,40,[[44064,0],[44062,0],[44319,0],[44318,0],[43807,0],]]
[44064,13,41,[[44063,0],[44065,0],[44320,0],[43808,0],]]
[44065,5,41,[[44066,0],[44064,0],[44321,0],[44320,0],[43809,0],]]
[44066,14,41,[[44065,0],[44067,0],[44322,0],[43810,0],]]
[44067,5,41,[[44068,0],[44066,0],[44323,0],[44322,0],[43811,0],]]
[44068,19,41,[[44067,0],[44069,0],[44324,0],[43812,0],]]
[44069,8,41,[[44070,0],[44068,0],[44325,0],[44324,0],[43813,0],]]
[44070,16,41,[[44069,0],[44071,0],[44326,0],[43814,0],]]
[44071,13,41,[[44072,0],[44070,0],[44327,0],[44326,0],[43815,0],]]
[44072,1,41,[[44071,0],[44073,0],[44328,0],[43816,0],]]
[44073,1,41,[[44074,0],[44072,0],[44329,0],[44328,0],[43817,0],]]
[44074,3,41,[[44073,0],[44075,0],[44330,0],[43818,0],]]
[44075,11,41,[[44076,0],[44074,0],[44331,0],[44330,0],[43819,0],]]
[44076,14,41,[[44075,0],[44077,0],[44332,0],[43820,0],]]
[44077,3,41,[[44078,0],[44076,0],[44333,0],[44332,0],[43821,0],]]
[44078,15,41,[[44077,0],[44079,0],[44334,0],[43822,0],]]
[44079,19,41,[[44080,0],[44078,0],[44335,0],[44334,0],[43823,0],]]
[44080,6,41,[[44079,0],[44081,0],[44336,0],[43824,0],]]
[44081,19,41,[[44082,0],[44080,0],[44337,0],[44336,0],[43825,0],]]
[44082,2,41,[[44081,0],[44083,0],[44338,0],[43826,0],]]
[44083,16,41,[[44084,0],[44082,0],[44339,0],[44338,0],[43827,0],]]
[44084,13,41,[[44083,0],[44085,0],[44340,0],[43828,0],]]
[44085,14,41,[[44086,0],[44084,0],[44341,0],[44340,0],[43829,0],]]
[44086,4,41,[[44085,0],[44087,0],[44342,0],[43830,0],]]
[44087,1,41,[[44088,0],[44086,0],[44343,0],[44342,0],[43831,0],]]
[44088,2,41,[[44087,0],[44089,0],[44344,0],[43832,0],]]
[44089,19,41,[[44090,0],[44088,0],[44345,0],[44344,0],[43833,0],]]
[44090,2,41,[[44089,0],[44091,0],[44346,0],[43834,0],]]
[44091,16,41,[[44092,0],[44090,0],[44347,0],[44346,0],[43835,0],]]
[44092,16,41,[[44091,0],[44093,0],[44348,0],[43836,0],]]
[44093,9,41,[[44094,0],[44092,0],[44349,0],[44348,0],[43837,0],]]
[44094,3,41,[[44093,0],[44095,0],[44350,0],[43838,0],]]
[44095,18,41,[[44096,0],[44094,0],[44351,0],[44350,0],[43839,0],]]
[44096,19,42,[[44095,0],[44097,0],[44352,0],[43840,0],]]
[44097,14,42,[[44098,0],[44096,0],[44353,0],[44352,0],[43841,0],]]
[44098,15,42,[[44097,0],[44099,0],[44354,0],[43842,0],]]
[44099,9,42,[[44100,0],[44098,0],[44355,0],[44354,0],[43843,0],]]
[44100,16,42,[[44099,0],[44101,0],[44356,0],[43844,0],]]
[44101,19,42,[[44102,0],[44100,0],[44357,0],[44356,0],[43845,0],]]
[44102,7,42,[[44101,0],[44103,0],[44358,0],[43846,0],]]
[44103,11,42,[[44104,0],[44102,0],[44359,0],[44358,0],[43847,0],]]
[44104,9,42,[[44103,0],[44105,0],[44360,0],[43848,0],]]
[44105,3,42,[[44106,0],[44104,0],[44361,0],[44360,0],[43849,0],]]
[44106,6,42,[[44105,0],[44107,0],[44362,0],[43850,0],]]
[44107,8,42,[[44108,0],[44106,0],[44363,0],[44362,0],[43851,0],]]
[44108,4,42,[[44107,0],[44109,0],[44364,0],[43852,0],]]
[44109,14,42,[[44110,0],[44108,0],[44365,0],[44364,0],[43853,0],]]
[44110,10,42,[[44109,0],[44111,0],[44366,0],[43854,0],]]
[44111,14,42,[[44112,0],[44110,0],[44367,0],[44366,0],[43855,0],]]
[44112,4,42,[[44111,0],[44113,0],[44368,0],[43856,0],]]
[44113,8,42,[[44114,0],[44112,0],[44369,0],[44368,0],[43857,0],]]
[44114,8,42,[[44113,0],[44115,0],[44370,0],[43858,0],]]
[44115,12,42,[[44116,0],[44114,0],[44371,0],[44370,0],[43859,0],]]
[44116,14,42,[[44115,0],[44117,0],[44372,0],[43860,0],]]
[44117,15,42,[[44118,0],[44116,0],[44373,0],[44372,0],[43861,0],]]
[44118,3,42,[[44117,0],[44119,0],[44374,0],[43862,0],]]
[44119,5,42,[[44120,0],[44118,0],[44375,0],[44374,0],[43863,0],]]
[44120,19,42,[[44119,0],[44121,0],[44376,0],[43864,0],]]
[44121,16,42,[[44122,0],[44120,0],[44377,0],[44376,0],[43865,0],]]
[44122,1,42,[[44121,0],[44123,0],[44378,0],[43866,0],]]
[44123,13,42,[[44124,0],[44122,0],[44379,0],[44378,0],[43867,0],]]
[44124,5,42,[[44123,0],[44125,0],[44380,0],[43868,0],]]
[44125,3,42,[[44126,0],[44124,0],[44381,0],[44380,0],[43869,0],]]
[44126,3,42,[[44125,0],[44127,0],[44382,0],[43870,0],]]
[44127,3,42,[[44128,0],[44126,0],[44383,0],[44382,0],[43871,0],]]
[44128,8,43,[[44127,0],[44129,0],[44384,0],[43872,0],]]
[44129,13,43,[[44130,0],[44128,0],[44385,0],[44384,0],[43873,0],]]
[44130,11,43,[[44129,0],[44131,0],[44386,0],[43874,0],]]
[44131,6,43,[[44132,0],[44130,0],[44387,0],[44386,0],[43875,0],]]
[44132,2,43,[[44131,0],[44133,0],[44388,0],[43876,0],]]
[44133,6,43,[[44134,0],[44132,0],[44389,0],[44388,0],[43877,0],]]
[44134,6,43,[[44133,0],[44135,0],[44390,0],[43878,0],]]
[44135,6,43,[[44136,0],[44134,0],[44391,0],[44390,0],[43879,0],]]
[44136,16,43,[[44135,0],[44137,0],[44392,0],[43880,0],]]
[44137,14,43,[[44138,0],[44136,0],[44393,0],[44392,0],[43881,0],]]
[44138,7,43,[[44137,0],[44139,0],[44394,0],[43882,0],]]
[44139,9,43,[[44140,0],[44138,0],[44395,0],[44394,0],[43883,0],]]
[44140,15,43,[[44139,0],[44141,0],[44396,0],[43884,0],]]
[44141,15,43,[[44142,0],[44140,0],[44397,0],[44396,0],[43885,0],]]
[44142,18,43,[[44141,0],[44143,0],[44398,0],[43886,0],]]
[44143,10,43,[[44144,0],[44142,0],[44399,0],[44398,0],[43887,0],]]
[44144,7,43,[[44143,0],[44145,0],[44400,0],[43888,0],]]
[44145,18,43,[[44146,0],[44144,0],[44401,0],[44400,0],[43889,0],]]
[44146,17,43,[[44145,0],[44147,0],[44402,0],[43890,0],]]
[44147,12,43,[[44148,0],[44146,0],[44403,0],[44402,0],[43891,0],]]
[44148,16,43,[[44147,0],[44149,0],[44404,0],[43892,0],]]
[44149,7,43,[[44150,0],[44148,0],[44405,0],[44404,0],[43893,0],]]
[44150,15,43,[[44149,0],[44151,0],[44406,0],[43894,0],]]
[44151,13,43,[[44152,0],[44150,0],[44407,0],[44406,0],[43895,0],]]
[44152,4,43,[[44151,0],[44153,0],[44408,0],[43896,0],]]
[44153,9,43,[[44154,0],[44152,0],[44409,0],[44408,0],[43897,0],]]
[44154,12,43,[[44153,0],[44155,0],[44410,0],[43898,0],]]
[44155,1,43,[[44156,0],[44154,0],[44411,0],[44410,0],[43899,0],]]
[44156,14,43,[[44155,0],[44157,0],[44412,0],[43900,0],]]
[44157,17,43,[[44158,0],[44156,0],[44413,0],[44412,0],[43901,0],]]
[44158,6,43,[[44157,0],[44159,0],[44414,0],[43902,0],]]
[44159,10,43,[[44160,0],[44158,0],[44415,0],[44414,0],[43903,0],]]
[44160,13,44,[[44159,0],[44161,0],[44416,0],[43904,0],]]
[44161,3,44,[[44162,0],[44160,0],[44417,0],[44416,0],[43905,0],]]
[44162,8,44,[[44161,0],[44163,0],[44418,0],[43906,0],]]
[44163,5,44,[[44164,0],[44162,0],[44419,0],[44418,0],[43907,0],]]
[44164,8,44,[[44163,0],[44165,0],[44420,0],[43908,0],]]
[44165,1,44,[[44166,0],[44164,0],[44421,0],[44420,0],[43909,0],]]
[44166,3,44,[[44165,0],[44167,0],[44422,0],[43910,0],]]
[44167,7,44,[[44168,0],[44166,0],[44423,0],[44422,0],[43911,0],]]
[44168,3,44,[[44167,0],[44169,0],[44424,0],[43912,0],]]
[44169,11,44,[[44170,0],[44168,0],[44425,0],[44424,0],[43913,0],]]
[44170,6,44,[[44169,0],[44171,0],[44426,0],[43914,0],]]
[44171,14,44,[[44172,0],[44170,0],[44427,0],[44426,0],[43915,0],]]
[44172,17,44,[[44171,0],[44173,0],[44428,0],[43916,0],]]
[44173,18,44,[[44174,0],[44172,0],[44429,0],[44428,0],[43917,0],]]
[44174,6,44,[[44173,0],[44175,0],[44430,0],[43918,0],]]
[44175,9,44,[[44176,0],[44174,0],[44431,0],[44430,0],[43919,0],]]
[44176,19,44,[[44175,0],[44177,0],[44432,0],[43920,0],]]
[44177,1,44,[[44178,0],[44176,0],[44433,0],[44432,0],[43921,0],]]
[44178,15,44,[[44177,0],[44179,0],[44434,0],[43922,0],]]
[44179,14,44,[[44180,0],[44178,0],[44435,0],[44434,0],[43923,0],]]
[44180,7,44,[[44179,0],[44181,0],[44436,0],[43924,0],]]
[44181,14,44,[[44182,0],[44180,0],[44437,0],[44436,0],[43925,0],]]
[44182,12,44,[[44181,0],[44183,0],[44438,0],[43926,0],]]
[44183,8,44,[[44184,0],[44182,0],[44439,0],[44438,0],[43927,0],]]
[44184,19,44,[[44183,0],[44185,0],[44440,0],[43928,0],]]
[44185,19,44,[[44186,0],[44184,0],[44441,0],[44440,0],[43929,0],]]
[44186,16,44,[[44185,0],[44187,0],[44442,0],[43930,0],]]
[44187,5,44,[[44188,0],[44186,0],[44443,0],[44442,0],[43931,0],]]
[44188,17,44,[[44187,0],[44189,0],[44444,0],[43932,0],]]
[44189,3,44,[[44190,0],[44188,0],[44445,0],[44444,0],[43933,0],]]
[44190,18,44,[[44189,0],[44191,0],[44446,0],[43934,0],]]
[44191,15,44,[[44192,0],[44190,0],[44447,0],[44446,0],[43935,0],]]
[44192,14,45,[[44191,0],[44193,0],[44448,0],[43936,0],]]
[44193,8,45,[[44194,0],[44192,0],[44449,0],[44448,0],[43937,0],]]
[44194,11,45,[[44193,0],[44195,0],[44450,0],[43938,0],]]
[44195,19,45,[[44196,0],[44194,0],[44451,0],[44450,0],[43939,0],]]
[44196,18,45,[[44195,0],[44197,0],[44452,0],[43940,0],]]
[44197,19,45,[[44198,0],[44196,0],[44453,0],[44452,0],[43941,0],]]
[44198,4,45,[[44197,0],[44199,0],[44454,0],[43942,0],]]
[44199,3,45,[[44200,0],[44198,0],[44455,0],[44454,0],[43943,0],]]
[44200,15,45,[[44199,0],[44201,0],[44456,0],[43944,0],]]
[44201,18,45,[[44202,0],[44200,0],[44457,0],[44456,0],[43945,0],]]
[44202,7,45,[[44201,0],[44203,0],[44458,0],[43946,0],]]
[44203,13,45,[[44204,0],[44202,0],[44459,0],[44458,0],[43947,0],]]
[44204,12,45,[[44203,0],[44205,0],[44460,0],[43948,0],]]
[44205,12,45,[[44206,0],[44204,0],[44461,0],[44460,0],[43949,0],]]
[44206,11,45,[[44205,0],[44207,0],[44462,0],[43950,0],]]
[44207,9,45,[[44208,0],[44206,0],[44463,0],[44462,0],[43951,0],]]
[44208,15,45,[[44207,0],[44209,0],[44464,0],[43952,0],]]
[44209,1,45,[[44210,0],[44208,0],[44465,0],[44464,0],[43953,0],]]
[44210,14,45,[[44209,0],[44211,0],[44466,0],[43954,0],]]
[44211,11,45,[[44212,0],[44210,0],[44467,0],[44466,0],[43955,0],]]
[44212,8,45,[[44211,0],[44213,0],[44468,0],[43956,0],]]
[44213,19,45,[[44214,0],[44212,0],[44469,0],[44468,0],[43957,0],]]
[44214,6,45,[[44213,0],[44215,0],[44470,0],[43958,0],]]
[44215,16,45,[[44216,0],[44214,0],[44471,0],[44470,0],[43959,0],]]
[44216,17,45,[[44215,0],[44217,0],[44472,0],[43960,0],]]
[44217,14,45,[[44218,0],[44216,0],[44473,0],[44472,0],[43961,0],]]
[44218,9,45,[[44217,0],[44219,0],[44474,0],[43962,0],]]
[44219,19,45,[[44220,0],[44218,0],[44475,0],[44474,0],[43963,0],]]
[44220,11,45,[[44219,0],[44221,0],[44476,0],[43964,0],]]
[44221,4,45,[[44222,0],[44220,0],[44477,0],[44476,0],[43965,0],]]
[44222,13,45,[[44221,0],[44223,0],[44478,0],[43966,0],]]
[44223,10,45,[[44224,0],[44222,0],[44479,0],[44478,0],[43967,0],]]
[44224,18,46,[[44223,0],[44225,0],[44480,0],[43968,0],]]
[44225,6,46,[[44226,0],[44224,0],[44481,0],[44480,0],[43969,0],]]
[44226,8,46,[[44225,0],[44227,0],[44482,0],[43970,0],]]
[44227,17,46,[[44228,0],[44226,0],[44483,0],[44482,0],[43971,0],]]
[44228,6,46,[[44227,0],[44229,0],[44484,0],[43972,0],]]
[44229,9,46,[[44230,0],[44228,0],[44485,0],[44484,0],[43973,0],]]
[44230,8,46,[[44229,0],[44231,0],[44486,0],[43974,0],]]
[44231,15,46,[[44232,0],[44230,0],[44487,0],[44486,0],[43975,0],]]
[44232,14,46,[[44231,0],[44233,0],[44488,0],[43976,0],]]
[44233,13,46,[[44234,0],[44232,0],[44489,0],[44488,0],[43977,0],]]
[44234,17,46,[[44233,0],[44235,0],[44490,0],[43978,0],]]
[44235,14,46,[[44236,0],[44234,0],[44491,0],[44490,0],[43979,0],]]
[44236,11,46,[[44235,0],[44237,0],[44492,0],[43980,0],]]
[44237,18,46,[[44238,0],[44236,0],[44493,0],[44492,0],[43981,0],]]
[44238,5,46,[[44237,0],[44239,0],[44494,0],[43982,0],]]
[44239,19,46,[[44240,0],[44238,0],[44495,0],[44494,0],[43983,0],]]
[44240,10,46,[[44239,0],[44241,0],[44496,0],[43984,0],]]
[44241,17,46,[[44242,0],[44240,0],[44497,0],[44496,0],[43985,0],]]
[44242,11,46,[[44241,0],[44243,0],[44498,0],[43986,0],]]
[44243,12,46,[[44244,0],[44242,0],[44499,0],[44498,0],[43987,0],]]
[44244,12,46,[[44243,0],[44245,0],[44500,0],[43988,0],]]
[44245,6,46,[[44246,0],[44244,0],[44501,0],[44500,0],[43989,0],]]
[44246,19,46,[[44245,0],[44247,0],[44502,0],[43990,0],]]
[44247,4,46,[[44248,0],[44246,0],[44503,0],[44502,0],[43991,0],]]
[44248,6,46,[[44247,0],[44249,0],[44504,0],[43992,0],]]
[44249,12,46,[[44250,0],[44248,0],[44505,0],[44504,0],[43993,0],]]
[44250,3,46,[[44249,0],[44251,0],[44506,0],[43994,0],]]
[44251,5,46,[[44252,0],[44250,0],[44507,0],[44506,0],[43995,0],]]
[44252,19,46,[[44251,0],[44253,0],[44508,0],[43996,0],]]
[44253,10,46,[[44254,0],[44252,0],[44509,0],[44508,0],[43997,0],]]
[44254,8,46,[[44253,0],[44255,0],[44510,0],[43998,0],]]
[44255,12,46,[[44256,0],[44254,0],[44511,0],[44510,0],[43999,0],]]
[44256,2,47,[[44255,0],[44257,0],[44512,0],[44000,0],]]
[44257,7,47,[[44258,0],[44256,0],[44513,0],[44512,0],[44001,0],]]
[44258,11,47,[[44257,0],[44259,0],[44514,0],[44002,0],]]
[44259,15,47,[[44260,0],[44258,0],[44515,0],[44514,0],[44003,0],]]
[44260,9,47,[[44259,0],[44261,0],[44516,0],[44004,0],]]
[44261,2,47,[[44262,0],[44260,0],[44517,0],[44516,0],[44005,0],]]
[44262,1,47,[[44261,0],[44263,0],[44518,0],[44006,0],]]
[44263,19,47,[[44264,0],[44262,0],[44519,0],[44518,0],[44007,0],]]
[44264,17,47,[[44263,0],[44265,0],[44520,0],[44008,0],]]
[44265,4,47,[[44266,0],[44264,0],[44521,0],[44520,0],[44009,0],]]
[44266,13,47,[[44265,0],[44267,0],[44522,0],[44010,0],]]
[44267,13,47,[[44268,0],[44266,0],[44523,0],[44522,0],[44011,0],]]
[44268,18,47,[[44267,0],[44269,0],[44524,0],[44012,0],]]
[44269,10,47,[[44270,0],[44268,0],[44525,0],[44524,0],[44013,0],]]
[44270,18,47,[[44269,0],[44271,0],[44526,0],[44014,0],]]
[44271,7,47,[[44272,0],[44270,0],[44527,0],[44526,0],[44015,0],]]
[44272,7,47,[[44271,0],[44273,0],[44528,0],[44016,0],]]
[44273,15,47,[[44274,0],[44272,0],[44529,0],[44528,0],[44017,0],]]
[44274,1,47,[[44273,0],[44275,0],[44530,0],[44018,0],]]
[44275,1,47,[[44276,0],[44274,0],[44531,0],[44530,0],[44019,0],]]
[44276,3,47,[[44275,0],[44277,0],[44532,0],[44020,0],]]
[44277,9,47,[[44278,0],[44276,0],[44533,0],[44532,0],[44021,0],]]
[44278,8,47,[[44277,0],[44279,0],[44534,0],[44022,0],]]
[44279,16,47,[[44280,0],[44278,0],[44535,0],[44534,0],[44023,0],]]
[44280,17,47,[[44279,0],[44281,0],[44536,0],[44024,0],]]
[44281,4,47,[[44282,0],[44280,0],[44537,0],[44536,0],[44025,0],]]
[44282,11,47,[[44281,0],[44283,0],[44538,0],[44026,0],]]
[44283,9,47,[[44284,0],[44282,0],[44539,0],[44538,0],[44027,0],]]
[44284,8,47,[[44283,0],[44285,0],[44540,0],[44028,0],]]
[44285,13,47,[[44286,0],[44284,0],[44541,0],[44540,0],[44029,0],]]
[44286,15,47,[[44285,0],[44287,0],[44542,0],[44030,0],]]
[44287,2,47,[[44286,0],[44543,0],[44542,0],[44031,0],]]
[44288,11,40,[[44289,0],[44032,0],[44033,0],[44544,0],]]
[44289,10,40,[[44290,0],[44288,0],[44033,0],[44545,0],]]
[44290,12,40,[[44289,0],[44291,0],[44034,0],[44035,0],[44546,0],]]
[44291,12,40,[[44292,0],[44290,0],[44035,0],[44547,0],]]
[44292,11,40,[[44291,0],[44293,0],[44036,0],[44037,0],[44548,0],]]
[44293,17,40,[[44294,0],[44292,0],[44037,0],[44549,0],]]
[44294,3,40,[[44293,0],[44295,0],[44038,0],[44039,0],[44550,0],]]
[44295,16,40,[[44296,0],[44294,0],[44039,0],[44551,0],]]
[44296,4,40,[[44295,0],[44297,0],[44040,0],[44041,0],[44552,0],]]
[44297,5,40,[[44298,0],[44296,0],[44041,0],[44553,0],]]
[44298,8,40,[[44297,0],[44299,0],[44042,0],[44043,0],[44554,0],]]
[44299,17,40,[[44300,0],[44298,0],[44043,0],[44555,0],]]
[44300,14,40,[[44299,0],[44301,0],[44044,0],[44045,0],[44556,0],]]
[44301,10,40,[[44302,0],[44300,0],[44045,0],[44557,0],]]
[44302,13,40,[[44301,0],[44303,0],[44046,0],[44047,0],[44558,0],]]
[44303,5,40,[[44304,0],[44302,0],[44047,0],[44559,0],]]
[44304,17,40,[[44303,0],[44305,0],[44048,0],[44049,0],[44560,0],]]
[44305,18,40,[[44306,0],[44304,0],[44049,0],[44561,0],]]
[44306,14,40,[[44305,0],[44307,0],[44050,0],[44051,0],[44562,0],]]
[44307,6,40,[[44308,0],[44306,0],[44051,0],[44563,0],]]
[44308,3,40,[[44307,0],[44309,0],[44052,0],[44053,0],[44564,0],]]
[44309,4,40,[[44310,0],[44308,0],[44053,0],[44565,0],]]
[44310,16,40,[[44309,0],[44311,0],[44054,0],[44055,0],[44566,0],]]
[44311,17,40,[[44312,0],[44310,0],[44055,0],[44567,0],]]
[44312,17,40,[[44311,0],[44313,0],[44056,0],[44057,0],[44568,0],]]
[44313,4,40,[[44314,0],[44312,0],[44057,0],[44569,0],]]
[44314,2,40,[[44313,0],[44315,0],[44058,0],[44059,0],[44570,0],]]
[44315,5,40,[[44316,0],[44314,0],[44059,0],[44571,0],]]
[44316,1,40,[[44315,0],[44317,0],[44060,0],[44061,0],[44572,0],]]
[44317,4,40,[[44318,0],[44316,0],[44061,0],[44573,0],]]
[44318,18,40,[[44317,0],[44319,0],[44062,0],[44063,0],[44574,0],]]
[44319,3,40,[[44320,0],[44318,0],[44063,0],[44575,0],]]
[44320,16,41,[[44319,0],[44321,0],[44064,0],[44065,0],[44576,0],]]
[44321,19,41,[[44322,0],[44320,0],[44065,0],[44577,0],]]
[44322,1,41,[[44321,0],[44323,0],[44066,0],[44067,0],[44578,0],]]
[44323,8,41,[[44324,0],[44322,0],[44067,0],[44579,0],]]
[44324,10,41,[[44323,0],[44325,0],[44068,0],[44069,0],[44580,0],]]
[44325,18,41,[[44326,0],[44324,0],[44069,0],[44581,0],]]
[44326,7,41,[[44325,0],[44327,0],[44070,0],[44071,0],[44582,0],]]
[44327,2,41,[[44328,0],[44326,0],[44071,0],[44583,0],]]
[44328,10,41,[[44327,0],[44329,0],[44072,0],[44073,0],[44584,0],]]
[44329,1,41,[[44330,0],[44328,0],[44073,0],[44585,0],]]
[44330,4,41,[[44329,0],[44331,0],[44074,0],[44075,0],[44586,0],]]
[44331,13,41,[[44332,0],[44330,0],[44075,0],[44587,0],]]
[44332,10,41,[[44331,0],[44333,0],[44076,0],[44077,0],[44588,0],]]
[44333,15,41,[[44334,0],[44332,0],[44077,0],[44589,0],]]
[44334,13,41,[[44333,0],[44335,0],[44078,0],[44079,0],[44590,0],]]
[44335,2,41,[[44336,0],[44334,0],[44079,0],[44591,0],]]
[44336,1,41,[[44335,0],[44337,0],[44080,0],[44081,0],[44592,0],]]
[44337,17,41,[[44338,0],[44336,0],[44081,0],[44593,0],]]
[44338,13,41,[[44337,0],[44339,0],[44082,0],[44083,0],[44594,0],]]
[44339,9,41,[[44340,0],[44338,0],[44083,0],[44595,0],]]
[44340,18,41,[[44339,0],[44341,0],[44084,0],[44085,0],[44596,0],]]
[44341,17,41,[[44342,0],[44340,0],[44085,0],[44597,0],]]
[44342,7,41,[[44341,0],[44343,0],[44086,0],[44087,0],[44598,0],]]
[44343,3,41,[[44344,0],[44342,0],[44087,0],[44599,0],]]
[44344,3,41,[[44343,0],[44345,0],[44088,0],[44089,0],[44600,0],]]
[44345,19,41,[[44346,0],[44344,0],[44089,0],[44601,0],]]
[44346,7,41,[[44345,0],[44347,0],[44090,0],[44091,0],[44602,0],]]
[44347,2,41,[[44348,0],[44346,0],[44091,0],[44603,0],]]
[44348,10,41,[[44347,0],[44349,0],[44092,0],[44093,0],[44604,0],]]
[44349,4,41,[[44350,0],[44348,0],[44093,0],[44605,0],]]
[44350,18,41,[[44349,0],[44351,0],[44094,0],[44095,0],[44606,0],]]
[44351,3,41,[[44352,0],[44350,0],[44095,0],[44607,0],]]
[44352,1,42,[[44351,0],[44353,0],[44096,0],[44097,0],[44608,0],]]
[44353,17,42,[[44354,0],[44352,0],[44097,0],[44609,0],]]
[44354,11,42,[[44353,0],[44355,0],[44098,0],[44099,0],[44610,0],]]
[44355,19,42,[[44356,0],[44354,0],[44099,0],[44611,0],]]
[44356,3,42,[[44355,0],[44357,0],[44100,0],[44101,0],[44612,0],]]
[44357,15,42,[[44358,0],[44356,0],[44101,0],[44613,0],]]
[44358,2,42,[[44357,0],[44359,0],[44102,0],[44103,0],[44614,0],]]
[44359,11,42,[[44360,0],[44358,0],[44103,0],[44615,0],]]
[44360,4,42,[[44359,0],[44361,0],[44104,0],[44105,0],[44616,0],]]
[44361,10,42,[[44362,0],[44360,0],[44105,0],[44617,0],]]
[44362,12,42,[[44361,0],[44363,0],[44106,0],[44107,0],[44618,0],]]
[44363,8,42,[[44364,0],[44362,0],[44107,0],[44619,0],]]
[44364,9,42,[[44363,0],[44365,0],[44108,0],[44109,0],[44620,0],]]
[44365,6,42,[[44366,0],[44364,0],[44109,0],[44621,0],]]
[44366,4,42,[[44365,0],[44367,0],[44110,0],[44111,0],[44622,0],]]
[44367,18,42,[[44368,0],[44366,0],[44111,0],[44623,0],]]
[44368,14,42,[[44367,0],[44369,0],[44112,0],[44113,0],[44624,0],]]
[44369,18,42,[[44370,0],[44368,0],[44113,0],[44625,0],]]
[44370,10,42,[[44369,0],[44371,0],[44114,0],[44115,0],[44626,0],]]
[44371,2,42,[[44372,0],[44370,0],[44115,0],[44627,0],]]
[44372,14,42,[[44371,0],[44373,0],[44116,0],[44117,0],[44628,0],]]
[44373,19,42,[[44374,0],[44372,0],[44117,0],[44629,0],]]
[44374,3,42,[[44373,0],[44375,0],[44118,0],[44119,0],[44630,0],]]
[44375,7,42,[[44376,0],[44374,0],[44119,0],[44631,0],]]
[44376,6,42,[[44375,0],[44377,0],[44120,0],[44121,0],[44632,0],]]
[44377,6,42,[[44378,0],[44376,0],[44121,0],[44633,0],]]
[44378,7,42,[[44377,0],[44379,0],[44122,0],[44123,0],[44634,0],]]
[44379,14,42,[[44380,0],[44378,0],[44123,0],[44635,0],]]
[44380,7,42,[[44379,0],[44381,0],[44124,0],[44125,0],[44636,0],]]
[44381,14,42,[[44382,0],[44380,0],[44125,0],[44637,0],]]
[44382,1,42,[[44381,0],[44383,0],[44126,0],[44127,0],[44638,0],]]
[44383,12,42,[[44384,0],[44382,0],[44127,0],[44639,0],]]
[44384,7,43,[[44383,0],[44385,0],[44128,0],[44129,0],[44640,0],]]
[44385,10,43,[[44386,0],[44384,0],[44129,0],[44641,0],]]
[44386,18,43,[[44385,0],[44387,0],[44130,0],[44131,0],[44642,0],]]
[44387,16,43,[[44388,0],[44386,0],[44131,0],[44643,0],]]
[44388,12,43,[[44387,0],[44389,0],[44132,0],[44133,0],[44644,0],]]
[44389,10,43,[[44390,0],[44388,0],[44133,0],[44645,0],]]
[44390,6,43,[[44389,0],[44391,0],[44134,0],[44135,0],[44646,0],]]
[44391,18,43,[[44392,0],[44390,0],[44135,0],[44647,0],]]
[44392,11,43,[[44391,0],[44393,0],[44136,0],[44137,0],[44648,0],]]
[44393,3,43,[[44394,0],[44392,0],[44137,0],[44649,0],]]
[44394,18,43,[[44393,0],[44395,0],[44138,0],[44139,0],[44650,0],]]
[44395,5,43,[[44396,0],[44394,0],[44139,0],[44651,0],]]
[44396,6,43,[[44395,0],[44397,0],[44140,0],[44141,0],[44652,0],]]
[44397,8,43,[[44398,0],[44396,0],[44141,0],[44653,0],]]
[44398,11,43,[[44397,0],[44399,0],[44142,0],[44143,0],[44654,0],]]
[44399,9,43,[[44400,0],[44398,0],[44143,0],[44655,0],]]
[44400,4,43,[[44399,0],[44401,0],[44144,0],[44145,0],[44656,0],]]
[44401,15,43,[[44402,0],[44400,0],[44145,0],[44657,0],]]
[44402,16,43,[[44401,0],[44403,0],[44146,0],[44147,0],[44658,0],]]
[44403,17,43,[[44404,0],[44402,0],[44147,0],[44659,0],]]
[44404,1,43,[[44403,0],[44405,0],[44148,0],[44149,0],[44660,0],]]
[44405,14,43,[[44406,0],[44404,0],[44149,0],[44661,0],]]
[44406,11,43,[[44405,0],[44407,0],[44150,0],[44151,0],[44662,0],]]
[44407,4,43,[[44408,0],[44406,0],[44151,0],[44663,0],]]
[44408,9,43,[[44407,0],[44409,0],[44152,0],[44153,0],[44664,0],]]
[44409,15,43,[[44410,0],[44408,0],[44153,0],[44665,0],]]
[44410,11,43,[[44409,0],[44411,0],[44154,0],[44155,0],[44666,0],]]
[44411,9,43,[[44412,0],[44410,0],[44155,0],[44667,0],]]
[44412,12,43,[[44411,0],[44413,0],[44156,0],[44157,0],[44668,0],]]
[44413,6,43,[[44414,0],[44412,0],[44157,0],[44669,0],]]
[44414,6,43,[[44413,0],[44415,0],[44158,0],[44159,0],[44670,0],]]
[44415,17,43,[[44416,0],[44414,0],[44159,0],[44671,0],]]
[44416,19,44,[[44415,0],[44417,0],[44160,0],[44161,0],[44672,0],]]
[44417,11,44,[[44418,0],[44416,0],[44161,0],[44673,0],]]
[44418,5,44,[[44417,0],[44419,0],[44162,0],[44163,0],[44674,0],]]
[44419,7,44,[[44420,0],[44418,0],[44163,0],[44675,0],]]
[44420,19,44,[[44419,0],[44421,0],[44164,0],[44165,0],[44676,0],]]
[44421,2,44,[[44422,0],[44420,0],[44165,0],[44677,0],]]
[44422,13,44,[[44421,0],[44423,0],[44166,0],[44167,0],[44678,0],]]
[44423,5,44,[[44424,0],[44422,0],[44167,0],[44679,0],]]
[44424,17,44,[[44423,0],[44425,0],[44168,0],[44169,0],[44680,0],]]
[44425,3,44,[[44426,0],[44424,0],[44169,0],[44681,0],]]
[44426,11,44,[[44425,0],[44427,0],[44170,0],[44171,0],[44682,0],]]
[44427,15,44,[[44428,0],[44426,0],[44171,0],[44683,0],]]
[44428,4,44,[[44427,0],[44429,0],[44172,0],[44173,0],[44684,0],]]
[44429,17,44,[[44430,0],[44428,0],[44173,0],[44685,0],]]
[44430,13,44,[[44429,0],[44431,0],[44174,0],[44175,0],[44686,0],]]
[44431,5,44,[[44432,0],[44430,0],[44175,0],[44687,0],]]
[44432,19,44,[[44431,0],[44433,0],[44176,0],[44177,0],[44688,0],]]
[44433,14,44,[[44434,0],[44432,0],[44177,0],[44689,0],]]
[44434,19,44,[[44433,0],[44435,0],[44178,0],[44179,0],[44690,0],]]
[44435,5,44,[[44436,0],[44434,0],[44179,0],[44691,0],]]
[44436,19,44,[[44435,0],[44437,0],[44180,0],[44181,0],[44692,0],]]
[44437,1,44,[[44438,0],[44436,0],[44181,0],[44693,0],]]
[44438,2,44,[[44437,0],[44439,0],[44182,0],[44183,0],[44694,0],]]
[44439,15,44,[[44440,0],[44438,0],[44183,0],[44695,0],]]
[44440,19,44,[[44439,0],[44441,0],[44184,0],[44185,0],[44696,0],]]
[44441,1,44,[[44442,0],[44440,0],[44185,0],[44697,0],]]
[44442,6,44,[[44441,0],[44443,0],[44186,0],[44187,0],[44698,0],]]
[44443,10,44,[[44444,0],[44442,0],[44187,0],[44699,0],]]
[44444,13,44,[[44443,0],[44445,0],[44188,0],[44189,0],[44700,0],]]
[44445,8,44,[[44446,0],[44444,0],[44189,0],[44701,0],]]
[44446,14,44,[[44445,0],[44447,0],[44190,0],[44191,0],[44702,0],]]
[44447,14,44,[[44448,0],[44446,0],[44191,0],[44703,0],]]
[44448,17,45,[[44447,0],[44449,0],[44192,0],[44193,0],[44704,0],]]
[44449,6,45,[[44450,0],[44448,0],[44193,0],[44705,0],]]
[44450,11,45,[[44449,0],[44451,0],[44194,0],[44195,0],[44706,0],]]
[44451,1,45,[[44452,0],[44450,0],[44195,0],[44707,0],]]
[44452,13,45,[[44451,0],[44453,0],[44196,0],[44197,0],[44708,0],]]
[44453,2,45,[[44454,0],[44452,0],[44197,0],[44709,0],]]
[44454,5,45,[[44453,0],[44455,0],[44198,0],[44199,0],[44710,0],]]
[44455,5,45,[[44456,0],[44454,0],[44199,0],[44711,0],]]
[44456,14,45,[[44455,0],[44457,0],[44200,0],[44201,0],[44712,0],]]
[44457,8,45,[[44458,0],[44456,0],[44201,0],[44713,0],]]
[44458,1,45,[[44457,0],[44459,0],[44202,0],[44203,0],[44714,0],]]
[44459,10,45,[[44460,0],[44458,0],[44203,0],[44715,0],]]
[44460,11,45,[[44459,0],[44461,0],[44204,0],[44205,0],[44716,0],]]
[44461,16,45,[[44462,0],[44460,0],[44205,0],[44717,0],]]
[44462,13,45,[[44461,0],[44463,0],[44206,0],[44207,0],[44718,0],]]
[44463,15,45,[[44464,0],[44462,0],[44207,0],[44719,0],]]
[44464,1,45,[[44463,0],[44465,0],[44208,0],[44209,0],[44720,0],]]
[44465,18,45,[[44466,0],[44464,0],[44209,0],[44721,0],]]
[44466,15,45,[[44465,0],[44467,0],[44210,0],[44211,0],[44722,0],]]
[44467,4,45,[[44468,0],[44466,0],[44211,0],[44723,0],]]
[44468,13,45,[[44467,0],[44469,0],[44212,0],[44213,0],[44724,0],]]
[44469,6,45,[[44470,0],[44468,0],[44213,0],[44725,0],]]
[44470,4,45,[[44469,0],[44471,0],[44214,0],[44215,0],[44726,0],]]
[44471,5,45,[[44472,0],[44470,0],[44215,0],[44727,0],]]
[44472,6,45,[[44471,0],[44473,0],[44216,0],[44217,0],[44728,0],]]
[44473,8,45,[[44474,0],[44472,0],[44217,0],[44729,0],]]
[44474,19,45,[[44473,0],[44475,0],[44218,0],[44219,0],[44730,0],]]
[44475,17,45,[[44476,0],[44474,0],[44219,0],[44731,0],]]
[44476,5,45,[[44475,0],[44477,0],[44220,0],[44221,0],[44732,0],]]
[44477,19,45,[[44478,0],[44476,0],[44221,0],[44733,0],]]
[44478,1,45,[[44477,0],[44479,0],[44222,0],[44223,0],[44734,0],]]
[44479,8,45,[[44480,0],[44478,0],[44223,0],[44735,0],]]
[44480,2,46,[[44479,0],[44481,0],[44224,0],[44225,0],[44736,0],]]
[44481,3,46,[[44482,0],[44480,0],[44225,0],[44737,0],]]
[44482,8,46,[[44481,0],[44483,0],[44226,0],[44227,0],[44738,0],]]
[44483,18,46,[[44484,0],[44482,0],[44227,0],[44739,0],]]
[44484,17,46,[[44483,0],[44485,0],[44228,0],[44229,0],[44740,0],]]
[44485,2,46,[[44486,0],[44484,0],[44229,0],[44741,0],]]
[44486,6,46,[[44485,0],[44487,0],[44230,0],[44231,0],[44742,0],]]
[44487,13,46,[[44488,0],[44486,0],[44231,0],[44743,0],]]
[44488,16,46,[[44487,0],[44489,0],[44232,0],[44233,0],[44744,0],]]
[44489,12,46,[[44490,0],[44488,0],[44233,0],[44745,0],]]
[44490,6,46,[[44489,0],[44491,0],[44234,0],[44235,0],[44746,0],]]
[44491,12,46,[[44492,0],[44490,0],[44235,0],[44747,0],]]
[44492,14,46,[[44491,0],[44493,0],[44236,0],[44237,0],[44748,0],]]
[44493,11,46,[[44494,0],[44492,0],[44237,0],[44749,0],]]
[44494,18,46,[[44493,0],[44495,0],[44238,0],[44239,0],[44750,0],]]
[44495,13,46,[[44496,0],[44494,0],[44239,0],[44751,0],]]
[44496,16,46,[[44495,0],[44497,0],[44240,0],[44241,0],[44752,0],]]
[44497,10,46,[[44498,0],[44496,0],[44241,0],[44753,0],]]
[44498,5,46,[[44497,0],[44499,0],[44242,0],[44243,0],[44754,0],]]
[44499,15,46,[[44500,0],[44498,0],[44243,0],[44755,0],]]
[44500,14,46,[[44499,0],[44501,0],[44244,0],[44245,0],[44756,0],]]
[44501,19,46,[[44502,0],[44500,0],[44245,0],[44757,0],]]
[44502,13,46,[[44501,0],[44503,0],[44246,0],[44247,0],[44758,0],]]
[44503,15,46,[[44504,0],[44502,0],[44247,0],[44759,0],]]
[44504,17,46,[[44503,0],[44505,0],[44248,0],[44249,0],[44760,0],]]
[44505,12,46,[[44506,0],[44504,0],[44249,0],[44761,0],]]
[44506,18,46,[[44505,0],[44507,0],[44250,0],[44251,0],[44762,0],]]
[44507,7,46,[[44508,0],[44506,0],[44251,0],[44763,0],]]
[44508,16,46,[[44507,0],[44509,0],[44252,0],[44253,0],[44764,0],]]
[44509,6,46,[[44510,0],[44508,0],[44253,0],[44765,0],]]
[44510,4,46,[[44509,0],[44511,0],[44254,0],[44255,0],[44766,0],]]
[44511,1,46,[[44512,0],[44510,0],[44255,0],[44767,0],]]
[44512,11,47,[[44511,0],[44513,0],[44256,0],[44257,0],[44768,0],]]
[44513,17,47,[[44514,0],[44512,0],[44257,0],[44769,0],]]
[44514,15,47,[[44513,0],[44515,0],[44258,0],[44259,0],[44770,0],]]
[44515,10,47,[[44516,0],[44514,0],[44259,0],[44771,0],]]
[44516,9,47,[[44515,0],[44517,0],[44260,0],[44261,0],[44772,0],]]
[44517,14,47,[[44518,0],[44516,0],[44261,0],[44773,0],]]
[44518,19,47,[[44517,0],[44519,0],[44262,0],[44263,0],[44774,0],]]
[44519,17,47,[[44520,0],[44518,0],[44263,0],[44775,0],]]
[44520,7,47,[[44519,0],[44521,0],[44264,0],[44265,0],[44776,0],]]
[44521,7,47,[[44522,0],[44520,0],[44265,0],[44777,0],]]
[44522,2,47,[[44521,0],[44523,0],[44266,0],[44267,0],[44778,0],]]
[44523,3,47,[[44524,0],[44522,0],[44267,0],[44779,0],]]
[44524,5,47,[[44523,0],[44525,0],[44268,0],[44269,0],[44780,0],]]
[44525,6,47,[[44526,0],[44524,0],[44269,0],[44781,0],]]
[44526,4,47,[[44525,0],[44527,0],[44270,0],[44271,0],[44782,0],]]
[44527,14,47,[[44528,0],[44526,0],[44271,0],[44783,0],]]
[44528,11,47,[[44527,0],[44529,0],[44272,0],[44273,0],[44784,0],]]
[44529,19,47,[[44530,0],[44528,0],[44273,0],[44785,0],]]
[44530,13,47,[[44529,0],[44531,0],[44274,0],[44275,0],[44786,0],]]
[44531,18,47,[[44532,0],[44530,0],[44275,0],[44787,0],]]
[44532,17,47,[[44531,0],[44533,0],[44276,0],[44277,0],[44788,0],]]
[44533,12,47,[[44534,0],[44532,0],[44277,0],[44789,0],]]
[44534,19,47,[[44533,0],[44535,0],[44278,0],[44279,0],[44790,0],]]
[44535,5,47,[[44536,0],[44534,0],[44279,0],[44791,0],]]
[44536,3,47,[[44535,0],[44537,0],[44280,0],[44281,0],[44792,0],]]
[44537,19,47,[[44538,0],[44536,0],[44281,0],[44793,0],]]
[44538,4,47,[[44537,0],[44539,0],[44282,0],[44283,0],[44794,0],]]
[44539,2,47,[[44540,0],[44538,0],[44283,0],[44795,0],]]
[44540,6,47,[[44539,0],[44541,0],[44284,0],[44285,0],[44796,0],]]
[44541,13,47,[[44542,0],[44540,0],[44285,0],[44797,0],]]
[44542,12,47,[[44541,0],[44543,0],[44286,0],[44287,0],[44798,0],]]
[44543,11,47,[[44542,0],[44287,0],[44799,0],]]
[44544,14,40,[[44545,0],[44800,0],[44288,0],]]
[44545,5,40,[[44546,0],[44544,0],[44801,0],[44800,0],[44289,0],]]
[44546,8,40,[[44545,0],[44547,0],[44802,0],[44290,0],]]
[44547,19,40,[[44548,0],[44546,0],[44803,0],[44802,0],[44291,0],]]
[44548,8,40,[[44547,0],[44549,0],[44804,0],[44292,0],]]
[44549,18,40,[[44550,0],[44548,0],[44805,0],[44804,0],[44293,0],]]
[44550,16,40,[[44549,0],[44551,0],[44806,0],[44294,0],]]
[44551,4,40,[[44552,0],[44550,0],[44807,0],[44806,0],[44295,0],]]
[44552,3,40,[[44551,0],[44553,0],[44808,0],[44296,0],]]
[44553,17,40,[[44554,0],[44552,0],[44809,0],[44808,0],[44297,0],]]
[44554,5,40,[[44553,0],[44555,0],[44810,0],[44298,0],]]
[44555,14,40,[[44556,0],[44554,0],[44811,0],[44810,0],[44299,0],]]
[44556,13,40,[[44555,0],[44557,0],[44812,0],[44300,0],]]
[44557,19,40,[[44558,0],[44556,0],[44813,0],[44812,0],[44301,0],]]
[44558,12,40,[[44557,0],[44559,0],[44814,0],[44302,0],]]
[44559,10,40,[[44560,0],[44558,0],[44815,0],[44814,0],[44303,0],]]
[44560,15,40,[[44559,0],[44561,0],[44816,0],[44304,0],]]
[44561,11,40,[[44562,0],[44560,0],[44817,0],[44816,0],[44305,0],]]
[44562,4,40,[[44561,0],[44563,0],[44818,0],[44306,0],]]
[44563,5,40,[[44564,0],[44562,0],[44819,0],[44818,0],[44307,0],]]
