[3932,11,2,[[3931,0],[3933,0],[3676,0],[3677,0],[4188,0],]]
[3933,9,2,[[3934,0],[3932,0],[3677,0],[4189,0],]]
[3934,4,2,[[3933,0],[3935,0],[3678,0],[3679,0],[4190,0],]]
[3935,13,2,[[3936,0],[3934,0],[3679,0],[4191,0],]]
[3936,9,3,[[3935,0],[3937,0],[3680,0],[3681,0],[4192,0],]]
[3937,11,3,[[3938,0],[3936,0],[3681,0],[4193,0],]]
[3938,6,3,[[3937,0],[3939,0],[3682,0],[3683,0],[4194,0],]]
[3939,8,3,[[3940,0],[3938,0],[3683,0],[4195,0],]]
[3940,8,3,[[3939,0],[3941,0],[3684,0],[3685,0],[4196,0],]]
[3941,15,3,[[3942,0],[3940,0],[3685,0],[4197,0],]]
[3942,14,3,[[3941,0],[3943,0],[3686,0],[3687,0],[4198,0],]]
[3943,13,3,[[3944,0],[3942,0],[3687,0],[4199,0],]]
[3944,2,3,[[3943,0],[3945,0],[3688,0],[3689,0],[4200,0],]]
[3945,12,3,[[3946,0],[3944,0],[3689,0],[4201,0],]]
[3946,12,3,[[3945,0],[3947,0],[3690,0],[3691,0],[4202,0],]]
[3947,15,3,[[3948,0],[3946,0],[3691,0],[4203,0],]]
[3948,17,3,[[3947,0],[3949,0],[3692,0],[3693,0],[4204,0],]]
[3949,2,3,[[3950,0],[3948,0],[3693,0],[4205,0],]]
[3950,9,3,[[3949,0],[3951,0],[3694,0],[3695,0],[4206,0],]]
[3951,12,3,[[3952,0],[3950,0],[3695,0],[4207,0],]]
[3952,15,3,[[3951,0],[3953,0],[3696,0],[3697,0],[4208,0],]]
[3953,8,3,[[3954,0],[3952,0],[3697,0],[4209,0],]]
[3954,16,3,[[3953,0],[3955,0],[3698,0],[3699,0],[4210,0],]]
[3955,12,3,[[3956,0],[3954,0],[3699,0],[4211,0],]]
[3956,9,3,[[3955,0],[3957,0],[3700,0],[3701,0],[4212,0],]]
[3957,12,3,[[3958,0],[3956,0],[3701,0],[4213,0],]]
[3958,19,3,[[3957,0],[3959,0],[3702,0],[3703,0],[4214,0],]]
[3959,3,3,[[3960,0],[3958,0],[3703,0],[4215,0],]]
[3960,18,3,[[3959,0],[3961,0],[3704,0],[3705,0],[4216,0],]]
[3961,2,3,[[3962,0],[3960,0],[3705,0],[4217,0],]]
[3962,5,3,[[3961,0],[3963,0],[3706,0],[3707,0],[4218,0],]]
[3963,19,3,[[3964,0],[3962,0],[3707,0],[4219,0],]]
[3964,8,3,[[3963,0],[3965,0],[3708,0],[3709,0],[4220,0],]]
[3965,3,3,[[3966,0],[3964,0],[3709,0],[4221,0],]]
[3966,18,3,[[3965,0],[3967,0],[3710,0],[3711,0],[4222,0],]]
[3967,19,3,[[3968,0],[3966,0],[3711,0],[4223,0],]]
[3968,3,4,[[3967,0],[3969,0],[3712,0],[3713,0],[4224,0],]]
[3969,15,4,[[3970,0],[3968,0],[3713,0],[4225,0],]]
[3970,9,4,[[3969,0],[3971,0],[3714,0],[3715,0],[4226,0],]]
[3971,3,4,[[3972,0],[3970,0],[3715,0],[4227,0],]]
[3972,7,4,[[3971,0],[3973,0],[3716,0],[3717,0],[4228,0],]]
[3973,3,4,[[3974,0],[3972,0],[3717,0],[4229,0],]]
[3974,1,4,[[3973,0],[3975,0],[3718,0],[3719,0],[4230,0],]]
[3975,11,4,[[3976,0],[3974,0],[3719,0],[4231,0],]]
[3976,1,4,[[3975,0],[3977,0],[3720,0],[3721,0],[4232,0],]]
[3977,11,4,[[3978,0],[3976,0],[3721,0],[4233,0],]]
[3978,1,4,[[3977,0],[3979,0],[3722,0],[3723,0],[4234,0],]]
[3979,4,4,[[3980,0],[3978,0],[3723,0],[4235,0],]]
[3980,2,4,[[3979,0],[3981,0],[3724,0],[3725,0],[4236,0],]]
[3981,19,4,[[3982,0],[3980,0],[3725,0],[4237,0],]]
[3982,19,4,[[3981,0],[3983,0],[3726,0],[3727,0],[4238,0],]]
[3983,9,4,[[3984,0],[3982,0],[3727,0],[4239,0],]]
[3984,10,4,[[3983,0],[3985,0],[3728,0],[3729,0],[4240,0],]]
[3985,3,4,[[3986,0],[3984,0],[3729,0],[4241,0],]]
[3986,9,4,[[3985,0],[3987,0],[3730,0],[3731,0],[4242,0],]]
[3987,5,4,[[3988,0],[3986,0],[3731,0],[4243,0],]]
[3988,18,4,[[3987,0],[3989,0],[3732,0],[3733,0],[4244,0],]]
[3989,3,4,[[3990,0],[3988,0],[3733,0],[4245,0],]]
[3990,18,4,[[3989,0],[3991,0],[3734,0],[3735,0],[4246,0],]]
[3991,18,4,[[3992,0],[3990,0],[3735,0],[4247,0],]]
[3992,4,4,[[3991,0],[3993,0],[3736,0],[3737,0],[4248,0],]]
[3993,14,4,[[3994,0],[3992,0],[3737,0],[4249,0],]]
[3994,8,4,[[3993,0],[3995,0],[3738,0],[3739,0],[4250,0],]]
[3995,4,4,[[3996,0],[3994,0],[3739,0],[4251,0],]]
[3996,1,4,[[3995,0],[3997,0],[3740,0],[3741,0],[4252,0],]]
[3997,15,4,[[3998,0],[3996,0],[3741,0],[4253,0],]]
[3998,3,4,[[3997,0],[3999,0],[3742,0],[3743,0],[4254,0],]]
[3999,15,4,[[4000,0],[3998,0],[3743,0],[4255,0],]]
[4000,11,5,[[3999,0],[4001,0],[3744,0],[3745,0],[4256,0],]]
[4001,3,5,[[4002,0],[4000,0],[3745,0],[4257,0],]]
[4002,17,5,[[4001,0],[4003,0],[3746,0],[3747,0],[4258,0],]]
[4003,9,5,[[4004,0],[4002,0],[3747,0],[4259,0],]]
[4004,17,5,[[4003,0],[4005,0],[3748,0],[3749,0],[4260,0],]]
[4005,8,5,[[4006,0],[4004,0],[3749,0],[4261,0],]]
[4006,16,5,[[4005,0],[4007,0],[3750,0],[3751,0],[4262,0],]]
[4007,6,5,[[4008,0],[4006,0],[3751,0],[4263,0],]]
[4008,6,5,[[4007,0],[4009,0],[3752,0],[3753,0],[4264,0],]]
[4009,16,5,[[4010,0],[4008,0],[3753,0],[4265,0],]]
[4010,2,5,[[4009,0],[4011,0],[3754,0],[3755,0],[4266,0],]]
[4011,1,5,[[4012,0],[4010,0],[3755,0],[4267,0],]]
[4012,2,5,[[4011,0],[4013,0],[3756,0],[3757,0],[4268,0],]]
[4013,13,5,[[4014,0],[4012,0],[3757,0],[4269,0],]]
[4014,1,5,[[4013,0],[4015,0],[3758,0],[3759,0],[4270,0],]]
[4015,8,5,[[4016,0],[4014,0],[3759,0],[4271,0],]]
[4016,11,5,[[4015,0],[4017,0],[3760,0],[3761,0],[4272,0],]]
[4017,6,5,[[4018,0],[4016,0],[3761,0],[4273,0],]]
[4018,15,5,[[4017,0],[4019,0],[3762,0],[3763,0],[4274,0],]]
[4019,19,5,[[4020,0],[4018,0],[3763,0],[4275,0],]]
[4020,15,5,[[4019,0],[4021,0],[3764,0],[3765,0],[4276,0],]]
[4021,15,5,[[4022,0],[4020,0],[3765,0],[4277,0],]]
[4022,18,5,[[4021,0],[4023,0],[3766,0],[3767,0],[4278,0],]]
[4023,4,5,[[4024,0],[4022,0],[3767,0],[4279,0],]]
[4024,18,5,[[4023,0],[4025,0],[3768,0],[3769,0],[4280,0],]]
[4025,2,5,[[4026,0],[4024,0],[3769,0],[4281,0],]]
[4026,5,5,[[4025,0],[4027,0],[3770,0],[3771,0],[4282,0],]]
[4027,10,5,[[4028,0],[4026,0],[3771,0],[4283,0],]]
[4028,18,5,[[4027,0],[4029,0],[3772,0],[3773,0],[4284,0],]]
[4029,14,5,[[4030,0],[4028,0],[3773,0],[4285,0],]]
[4030,10,5,[[4029,0],[4031,0],[3774,0],[3775,0],[4286,0],]]
[4031,4,5,[[4032,0],[4030,0],[3775,0],[4287,0],]]
[4032,4,6,[[4031,0],[4033,0],[3776,0],[3777,0],[4288,0],]]
[4033,13,6,[[4034,0],[4032,0],[3777,0],[4289,0],]]
[4034,5,6,[[4033,0],[4035,0],[3778,0],[3779,0],[4290,0],]]
[4035,10,6,[[4036,0],[4034,0],[3779,0],[4291,0],]]
[4036,11,6,[[4035,0],[4037,0],[3780,0],[3781,0],[4292,0],]]
[4037,5,6,[[4038,0],[4036,0],[3781,0],[4293,0],]]
[4038,17,6,[[4037,0],[4039,0],[3782,0],[3783,0],[4294,0],]]
[4039,5,6,[[4040,0],[4038,0],[3783,0],[4295,0],]]
[4040,12,6,[[4039,0],[4041,0],[3784,0],[3785,0],[4296,0],]]
[4041,13,6,[[4042,0],[4040,0],[3785,0],[4297,0],]]
[4042,13,6,[[4041,0],[4043,0],[3786,0],[3787,0],[4298,0],]]
[4043,2,6,[[4044,0],[4042,0],[3787,0],[4299,0],]]
[4044,17,6,[[4043,0],[4045,0],[3788,0],[3789,0],[4300,0],]]
[4045,16,6,[[4046,0],[4044,0],[3789,0],[4301,0],]]
[4046,1,6,[[4045,0],[4047,0],[3790,0],[3791,0],[4302,0],]]
[4047,11,6,[[4048,0],[4046,0],[3791,0],[4303,0],]]
[4048,3,6,[[4047,0],[4049,0],[3792,0],[3793,0],[4304,0],]]
[4049,5,6,[[4050,0],[4048,0],[3793,0],[4305,0],]]
[4050,4,6,[[4049,0],[4051,0],[3794,0],[3795,0],[4306,0],]]
[4051,15,6,[[4052,0],[4050,0],[3795,0],[4307,0],]]
[4052,18,6,[[4051,0],[4053,0],[3796,0],[3797,0],[4308,0],]]
[4053,17,6,[[4054,0],[4052,0],[3797,0],[4309,0],]]
[4054,11,6,[[4053,0],[4055,0],[3798,0],[3799,0],[4310,0],]]
[4055,19,6,[[4056,0],[4054,0],[3799,0],[4311,0],]]
[4056,17,6,[[4055,0],[4057,0],[3800,0],[3801,0],[4312,0],]]
[4057,15,6,[[4058,0],[4056,0],[3801,0],[4313,0],]]
[4058,10,6,[[4057,0],[4059,0],[3802,0],[3803,0],[4314,0],]]
[4059,11,6,[[4060,0],[4058,0],[3803,0],[4315,0],]]
[4060,6,6,[[4059,0],[4061,0],[3804,0],[3805,0],[4316,0],]]
[4061,18,6,[[4062,0],[4060,0],[3805,0],[4317,0],]]
[4062,15,6,[[4061,0],[4063,0],[3806,0],[3807,0],[4318,0],]]
[4063,7,6,[[4064,0],[4062,0],[3807,0],[4319,0],]]
[4064,17,7,[[4063,0],[4065,0],[3808,0],[3809,0],[4320,0],]]
[4065,13,7,[[4066,0],[4064,0],[3809,0],[4321,0],]]
[4066,10,7,[[4065,0],[4067,0],[3810,0],[3811,0],[4322,0],]]
[4067,13,7,[[4068,0],[4066,0],[3811,0],[4323,0],]]
[4068,7,7,[[4067,0],[4069,0],[3812,0],[3813,0],[4324,0],]]
[4069,14,7,[[4070,0],[4068,0],[3813,0],[4325,0],]]
[4070,6,7,[[4069,0],[4071,0],[3814,0],[3815,0],[4326,0],]]
[4071,3,7,[[4072,0],[4070,0],[3815,0],[4327,0],]]
[4072,16,7,[[4071,0],[4073,0],[3816,0],[3817,0],[4328,0],]]
[4073,10,7,[[4074,0],[4072,0],[3817,0],[4329,0],]]
[4074,6,7,[[4073,0],[4075,0],[3818,0],[3819,0],[4330,0],]]
[4075,19,7,[[4076,0],[4074,0],[3819,0],[4331,0],]]
[4076,5,7,[[4075,0],[4077,0],[3820,0],[3821,0],[4332,0],]]
[4077,10,7,[[4078,0],[4076,0],[3821,0],[4333,0],]]
[4078,3,7,[[4077,0],[4079,0],[3822,0],[3823,0],[4334,0],]]
[4079,4,7,[[4080,0],[4078,0],[3823,0],[4335,0],]]
[4080,19,7,[[4079,0],[4081,0],[3824,0],[3825,0],[4336,0],]]
[4081,15,7,[[4082,0],[4080,0],[3825,0],[4337,0],]]
[4082,5,7,[[4081,0],[4083,0],[3826,0],[3827,0],[4338,0],]]
[4083,6,7,[[4084,0],[4082,0],[3827,0],[4339,0],]]
[4084,1,7,[[4083,0],[4085,0],[3828,0],[3829,0],[4340,0],]]
[4085,17,7,[[4086,0],[4084,0],[3829,0],[4341,0],]]
[4086,1,7,[[4085,0],[4087,0],[3830,0],[3831,0],[4342,0],]]
[4087,7,7,[[4088,0],[4086,0],[3831,0],[4343,0],]]
[4088,3,7,[[4087,0],[4089,0],[3832,0],[3833,0],[4344,0],]]
[4089,15,7,[[4090,0],[4088,0],[3833,0],[4345,0],]]
[4090,19,7,[[4089,0],[4091,0],[3834,0],[3835,0],[4346,0],]]
[4091,16,7,[[4092,0],[4090,0],[3835,0],[4347,0],]]
[4092,16,7,[[4091,0],[4093,0],[3836,0],[3837,0],[4348,0],]]
[4093,15,7,[[4094,0],[4092,0],[3837,0],[4349,0],]]
[4094,10,7,[[4093,0],[4095,0],[3838,0],[3839,0],[4350,0],]]
[4095,3,7,[[4094,0],[3839,0],[4351,0],]]
[4096,19,0,[[4097,0],[4352,0],[3840,0],]]
[4097,16,0,[[4098,0],[4096,0],[4353,0],[4352,0],[3841,0],]]
[4098,4,0,[[4097,0],[4099,0],[4354,0],[3842,0],]]
[4099,7,0,[[4100,0],[4098,0],[4355,0],[4354,0],[3843,0],]]
[4100,2,0,[[4099,0],[4101,0],[4356,0],[3844,0],]]
[4101,5,0,[[4102,0],[4100,0],[4357,0],[4356,0],[3845,0],]]
[4102,18,0,[[4101,0],[4103,0],[4358,0],[3846,0],]]
[4103,17,0,[[4104,0],[4102,0],[4359,0],[4358,0],[3847,0],]]
[4104,4,0,[[4103,0],[4105,0],[4360,0],[3848,0],]]
[4105,3,0,[[4106,0],[4104,0],[4361,0],[4360,0],[3849,0],]]
[4106,17,0,[[4105,0],[4107,0],[4362,0],[3850,0],]]
[4107,18,0,[[4108,0],[4106,0],[4363,0],[4362,0],[3851,0],]]
[4108,8,0,[[4107,0],[4109,0],[4364,0],[3852,0],]]
[4109,5,0,[[4110,0],[4108,0],[4365,0],[4364,0],[3853,0],]]
[4110,12,0,[[4109,0],[4111,0],[4366,0],[3854,0],]]
[4111,18,0,[[4112,0],[4110,0],[4367,0],[4366,0],[3855,0],]]
[4112,5,0,[[4111,0],[4113,0],[4368,0],[3856,0],]]
[4113,11,0,[[4114,0],[4112,0],[4369,0],[4368,0],[3857,0],]]
[4114,11,0,[[4113,0],[4115,0],[4370,0],[3858,0],]]
[4115,18,0,[[4116,0],[4114,0],[4371,0],[4370,0],[3859,0],]]
[4116,19,0,[[4115,0],[4117,0],[4372,0],[3860,0],]]
[4117,17,0,[[4118,0],[4116,0],[4373,0],[4372,0],[3861,0],]]
[4118,10,0,[[4117,0],[4119,0],[4374,0],[3862,0],]]
[4119,4,0,[[4120,0],[4118,0],[4375,0],[4374,0],[3863,0],]]
[4120,8,0,[[4119,0],[4121,0],[4376,0],[3864,0],]]
[4121,4,0,[[4122,0],[4120,0],[4377,0],[4376,0],[3865,0],]]
[4122,8,0,[[4121,0],[4123,0],[4378,0],[3866,0],]]
[4123,16,0,[[4124,0],[4122,0],[4379,0],[4378,0],[3867,0],]]
[4124,17,0,[[4123,0],[4125,0],[4380,0],[3868,0],]]
[4125,14,0,[[4126,0],[4124,0],[4381,0],[4380,0],[3869,0],]]
[4126,8,0,[[4125,0],[4127,0],[4382,0],[3870,0],]]
[4127,15,0,[[4128,0],[4126,0],[4383,0],[4382,0],[3871,0],]]
[4128,13,1,[[4127,0],[4129,0],[4384,0],[3872,0],]]
[4129,9,1,[[4130,0],[4128,0],[4385,0],[4384,0],[3873,0],]]
[4130,19,1,[[4129,0],[4131,0],[4386,0],[3874,0],]]
[4131,12,1,[[4132,0],[4130,0],[4387,0],[4386,0],[3875,0],]]
[4132,1,1,[[4131,0],[4133,0],[4388,0],[3876,0],]]
[4133,9,1,[[4134,0],[4132,0],[4389,0],[4388,0],[3877,0],]]
[4134,4,1,[[4133,0],[4135,0],[4390,0],[3878,0],]]
[4135,11,1,[[4136,0],[4134,0],[4391,0],[4390,0],[3879,0],]]
[4136,16,1,[[4135,0],[4137,0],[4392,0],[3880,0],]]
[4137,14,1,[[4138,0],[4136,0],[4393,0],[4392,0],[3881,0],]]
[4138,16,1,[[4137,0],[4139,0],[4394,0],[3882,0],]]
[4139,2,1,[[4140,0],[4138,0],[4395,0],[4394,0],[3883,0],]]
[4140,10,1,[[4139,0],[4141,0],[4396,0],[3884,0],]]
[4141,9,1,[[4142,0],[4140,0],[4397,0],[4396,0],[3885,0],]]
[4142,19,1,[[4141,0],[4143,0],[4398,0],[3886,0],]]
[4143,18,1,[[4144,0],[4142,0],[4399,0],[4398,0],[3887,0],]]
[4144,12,1,[[4143,0],[4145,0],[4400,0],[3888,0],]]
[4145,14,1,[[4146,0],[4144,0],[4401,0],[4400,0],[3889,0],]]
[4146,12,1,[[4145,0],[4147,0],[4402,0],[3890,0],]]
[4147,7,1,[[4148,0],[4146,0],[4403,0],[4402,0],[3891,0],]]
[4148,1,1,[[4147,0],[4149,0],[4404,0],[3892,0],]]
[4149,11,1,[[4150,0],[4148,0],[4405,0],[4404,0],[3893,0],]]
[4150,2,1,[[4149,0],[4151,0],[4406,0],[3894,0],]]
[4151,14,1,[[4152,0],[4150,0],[4407,0],[4406,0],[3895,0],]]
[4152,17,1,[[4151,0],[4153,0],[4408,0],[3896,0],]]
[4153,18,1,[[4154,0],[4152,0],[4409,0],[4408,0],[3897,0],]]
[4154,1,1,[[4153,0],[4155,0],[4410,0],[3898,0],]]
[4155,15,1,[[4156,0],[4154,0],[4411,0],[4410,0],[3899,0],]]
[4156,5,1,[[4155,0],[4157,0],[4412,0],[3900,0],]]
[4157,19,1,[[4158,0],[4156,0],[4413,0],[4412,0],[3901,0],]]
[4158,8,1,[[4157,0],[4159,0],[4414,0],[3902,0],]]
[4159,2,1,[[4160,0],[4158,0],[4415,0],[4414,0],[3903,0],]]
[4160,6,2,[[4159,0],[4161,0],[4416,0],[3904,0],]]
[4161,19,2,[[4162,0],[4160,0],[4417,0],[4416,0],[3905,0],]]
[4162,2,2,[[4161,0],[4163,0],[4418,0],[3906,0],]]
[4163,10,2,[[4164,0],[4162,0],[4419,0],[4418,0],[3907,0],]]
[4164,6,2,[[4163,0],[4165,0],[4420,0],[3908,0],]]
[4165,5,2,[[4166,0],[4164,0],[4421,0],[4420,0],[3909,0],]]
[4166,1,2,[[4165,0],[4167,0],[4422,0],[3910,0],]]
[4167,5,2,[[4168,0],[4166,0],[4423,0],[4422,0],[3911,0],]]
[4168,6,2,[[4167,0],[4169,0],[4424,0],[3912,0],]]
[4169,15,2,[[4170,0],[4168,0],[4425,0],[4424,0],[3913,0],]]
[4170,10,2,[[4169,0],[4171,0],[4426,0],[3914,0],]]
[4171,4,2,[[4172,0],[4170,0],[4427,0],[4426,0],[3915,0],]]
[4172,14,2,[[4171,0],[4173,0],[4428,0],[3916,0],]]
[4173,16,2,[[4174,0],[4172,0],[4429,0],[4428,0],[3917,0],]]
[4174,10,2,[[4173,0],[4175,0],[4430,0],[3918,0],]]
[4175,17,2,[[4176,0],[4174,0],[4431,0],[4430,0],[3919,0],]]
[4176,4,2,[[4175,0],[4177,0],[4432,0],[3920,0],]]
[4177,2,2,[[4178,0],[4176,0],[4433,0],[4432,0],[3921,0],]]
[4178,6,2,[[4177,0],[4179,0],[4434,0],[3922,0],]]
[4179,10,2,[[4180,0],[4178,0],[4435,0],[4434,0],[3923,0],]]
[4180,5,2,[[4179,0],[4181,0],[4436,0],[3924,0],]]
[4181,7,2,[[4182,0],[4180,0],[4437,0],[4436,0],[3925,0],]]
[4182,7,2,[[4181,0],[4183,0],[4438,0],[3926,0],]]
[4183,6,2,[[4184,0],[4182,0],[4439,0],[4438,0],[3927,0],]]
[4184,7,2,[[4183,0],[4185,0],[4440,0],[3928,0],]]
[4185,13,2,[[4186,0],[4184,0],[4441,0],[4440,0],[3929,0],]]
[4186,11,2,[[4185,0],[4187,0],[4442,0],[3930,0],]]
[4187,14,2,[[4188,0],[4186,0],[4443,0],[4442,0],[3931,0],]]
[4188,7,2,[[4187,0],[4189,0],[4444,0],[3932,0],]]
[4189,14,2,[[4190,0],[4188,0],[4445,0],[4444,0],[3933,0],]]
[4190,9,2,[[4189,0],[4191,0],[4446,0],[3934,0],]]
[4191,4,2,[[4192,0],[4190,0],[4447,0],[4446,0],[3935,0],]]
[4192,17,3,[[4191,0],[4193,0],[4448,0],[3936,0],]]
[4193,8,3,[[4194,0],[4192,0],[4449,0],[4448,0],[3937,0],]]
[4194,7,3,[[4193,0],[4195,0],[4450,0],[3938,0],]]
[4195,7,3,[[4196,0],[4194,0],[4451,0],[4450,0],[3939,0],]]
[4196,9,3,[[4195,0],[4197,0],[4452,0],[3940,0],]]
[4197,2,3,[[4198,0],[4196,0],[4453,0],[4452,0],[3941,0],]]
[4198,16,3,[[4197,0],[4199,0],[4454,0],[3942,0],]]
[4199,2,3,[[4200,0],[4198,0],[4455,0],[4454,0],[3943,0],]]
[4200,3,3,[[4199,0],[4201,0],[4456,0],[3944,0],]]
[4201,16,3,[[4202,0],[4200,0],[4457,0],[4456,0],[3945,0],]]
[4202,4,3,[[4201,0],[4203,0],[4458,0],[3946,0],]]
[4203,5,3,[[4204,0],[4202,0],[4459,0],[4458,0],[3947,0],]]
[4204,10,3,[[4203,0],[4205,0],[4460,0],[3948,0],]]
[4205,18,3,[[4206,0],[4204,0],[4461,0],[4460,0],[3949,0],]]
[4206,2,3,[[4205,0],[4207,0],[4462,0],[3950,0],]]
[4207,19,3,[[4208,0],[4206,0],[4463,0],[4462,0],[3951,0],]]
[4208,6,3,[[4207,0],[4209,0],[4464,0],[3952,0],]]
[4209,12,3,[[4210,0],[4208,0],[4465,0],[4464,0],[3953,0],]]
[4210,2,3,[[4209,0],[4211,0],[4466,0],[3954,0],]]
[4211,13,3,[[4212,0],[4210,0],[4467,0],[4466,0],[3955,0],]]
[4212,16,3,[[4211,0],[4213,0],[4468,0],[3956,0],]]
[4213,16,3,[[4214,0],[4212,0],[4469,0],[4468,0],[3957,0],]]
[4214,15,3,[[4213,0],[4215,0],[4470,0],[3958,0],]]
[4215,19,3,[[4216,0],[4214,0],[4471,0],[4470,0],[3959,0],]]
[4216,15,3,[[4215,0],[4217,0],[4472,0],[3960,0],]]
[4217,19,3,[[4218,0],[4216,0],[4473,0],[4472,0],[3961,0],]]
[4218,6,3,[[4217,0],[4219,0],[4474,0],[3962,0],]]
[4219,7,3,[[4220,0],[4218,0],[4475,0],[4474,0],[3963,0],]]
[4220,12,3,[[4219,0],[4221,0],[4476,0],[3964,0],]]
[4221,13,3,[[4222,0],[4220,0],[4477,0],[4476,0],[3965,0],]]
[4222,2,3,[[4221,0],[4223,0],[4478,0],[3966,0],]]
[4223,16,3,[[4224,0],[4222,0],[4479,0],[4478,0],[3967,0],]]
[4224,3,4,[[4223,0],[4225,0],[4480,0],[3968,0],]]
[4225,13,4,[[4226,0],[4224,0],[4481,0],[4480,0],[3969,0],]]
[4226,7,4,[[4225,0],[4227,0],[4482,0],[3970,0],]]
[4227,4,4,[[4228,0],[4226,0],[4483,0],[4482,0],[3971,0],]]
[4228,6,4,[[4227,0],[4229,0],[4484,0],[3972,0],]]
[4229,9,4,[[4230,0],[4228,0],[4485,0],[4484,0],[3973,0],]]
[4230,7,4,[[4229,0],[4231,0],[4486,0],[3974,0],]]
[4231,5,4,[[4232,0],[4230,0],[4487,0],[4486,0],[3975,0],]]
[4232,12,4,[[4231,0],[4233,0],[4488,0],[3976,0],]]
[4233,13,4,[[4234,0],[4232,0],[4489,0],[4488,0],[3977,0],]]
[4234,15,4,[[4233,0],[4235,0],[4490,0],[3978,0],]]
[4235,12,4,[[4236,0],[4234,0],[4491,0],[4490,0],[3979,0],]]
[4236,19,4,[[4235,0],[4237,0],[4492,0],[3980,0],]]
[4237,8,4,[[4238,0],[4236,0],[4493,0],[4492,0],[3981,0],]]
[4238,2,4,[[4237,0],[4239,0],[4494,0],[3982,0],]]
[4239,8,4,[[4240,0],[4238,0],[4495,0],[4494,0],[3983,0],]]
[4240,1,4,[[4239,0],[4241,0],[4496,0],[3984,0],]]
[4241,8,4,[[4242,0],[4240,0],[4497,0],[4496,0],[3985,0],]]
[4242,16,4,[[4241,0],[4243,0],[4498,0],[3986,0],]]
[4243,5,4,[[4244,0],[4242,0],[4499,0],[4498,0],[3987,0],]]
[4244,3,4,[[4243,0],[4245,0],[4500,0],[3988,0],]]
[4245,13,4,[[4246,0],[4244,0],[4501,0],[4500,0],[3989,0],]]
[4246,10,4,[[4245,0],[4247,0],[4502,0],[3990,0],]]
[4247,3,4,[[4248,0],[4246,0],[4503,0],[4502,0],[3991,0],]]
[4248,12,4,[[4247,0],[4249,0],[4504,0],[3992,0],]]
[4249,13,4,[[4250,0],[4248,0],[4505,0],[4504,0],[3993,0],]]
[4250,11,4,[[4249,0],[4251,0],[4506,0],[3994,0],]]
[4251,15,4,[[4252,0],[4250,0],[4507,0],[4506,0],[3995,0],]]
[4252,18,4,[[4251,0],[4253,0],[4508,0],[3996,0],]]
[4253,19,4,[[4254,0],[4252,0],[4509,0],[4508,0],[3997,0],]]
[4254,9,4,[[4253,0],[4255,0],[4510,0],[3998,0],]]
[4255,15,4,[[4256,0],[4254,0],[4511,0],[4510,0],[3999,0],]]
[4256,19,5,[[4255,0],[4257,0],[4512,0],[4000,0],]]
[4257,6,5,[[4258,0],[4256,0],[4513,0],[4512,0],[4001,0],]]
[4258,17,5,[[4257,0],[4259,0],[4514,0],[4002,0],]]
[4259,7,5,[[4260,0],[4258,0],[4515,0],[4514,0],[4003,0],]]
[4260,1,5,[[4259,0],[4261,0],[4516,0],[4004,0],]]
[4261,11,5,[[4262,0],[4260,0],[4517,0],[4516,0],[4005,0],]]
[4262,9,5,[[4261,0],[4263,0],[4518,0],[4006,0],]]
[4263,1,5,[[4264,0],[4262,0],[4519,0],[4518,0],[4007,0],]]
[4264,17,5,[[4263,0],[4265,0],[4520,0],[4008,0],]]
[4265,10,5,[[4266,0],[4264,0],[4521,0],[4520,0],[4009,0],]]
[4266,2,5,[[4265,0],[4267,0],[4522,0],[4010,0],]]
[4267,2,5,[[4268,0],[4266,0],[4523,0],[4522,0],[4011,0],]]
[4268,13,5,[[4267,0],[4269,0],[4524,0],[4012,0],]]
[4269,3,5,[[4270,0],[4268,0],[4525,0],[4524,0],[4013,0],]]
[4270,12,5,[[4269,0],[4271,0],[4526,0],[4014,0],]]
[4271,19,5,[[4272,0],[4270,0],[4527,0],[4526,0],[4015,0],]]
[4272,17,5,[[4271,0],[4273,0],[4528,0],[4016,0],]]
[4273,8,5,[[4274,0],[4272,0],[4529,0],[4528,0],[4017,0],]]
[4274,9,5,[[4273,0],[4275,0],[4530,0],[4018,0],]]
[4275,3,5,[[4276,0],[4274,0],[4531,0],[4530,0],[4019,0],]]
[4276,18,5,[[4275,0],[4277,0],[4532,0],[4020,0],]]
[4277,10,5,[[4278,0],[4276,0],[4533,0],[4532,0],[4021,0],]]
[4278,7,5,[[4277,0],[4279,0],[4534,0],[4022,0],]]
[4279,8,5,[[4280,0],[4278,0],[4535,0],[4534,0],[4023,0],]]
[4280,15,5,[[4279,0],[4281,0],[4536,0],[4024,0],]]
[4281,13,5,[[4282,0],[4280,0],[4537,0],[4536,0],[4025,0],]]
[4282,3,5,[[4281,0],[4283,0],[4538,0],[4026,0],]]
[4283,8,5,[[4284,0],[4282,0],[4539,0],[4538,0],[4027,0],]]
[4284,5,5,[[4283,0],[4285,0],[4540,0],[4028,0],]]
[4285,17,5,[[4286,0],[4284,0],[4541,0],[4540,0],[4029,0],]]
[4286,8,5,[[4285,0],[4287,0],[4542,0],[4030,0],]]
[4287,2,5,[[4288,0],[4286,0],[4543,0],[4542,0],[4031,0],]]
[4288,1,6,[[4287,0],[4289,0],[4544,0],[4032,0],]]
[4289,6,6,[[4290,0],[4288,0],[4545,0],[4544,0],[4033,0],]]
[4290,3,6,[[4289,0],[4291,0],[4546,0],[4034,0],]]
[4291,6,6,[[4292,0],[4290,0],[4547,0],[4546,0],[4035,0],]]
[4292,11,6,[[4291,0],[4293,0],[4548,0],[4036,0],]]
[4293,14,6,[[4294,0],[4292,0],[4549,0],[4548,0],[4037,0],]]
[4294,11,6,[[4293,0],[4295,0],[4550,0],[4038,0],]]
[4295,5,6,[[4296,0],[4294,0],[4551,0],[4550,0],[4039,0],]]
[4296,9,6,[[4295,0],[4297,0],[4552,0],[4040,0],]]
[4297,9,6,[[4298,0],[4296,0],[4553,0],[4552,0],[4041,0],]]
[4298,19,6,[[4297,0],[4299,0],[4554,0],[4042,0],]]
[4299,19,6,[[4300,0],[4298,0],[4555,0],[4554,0],[4043,0],]]
[4300,8,6,[[4299,0],[4301,0],[4556,0],[4044,0],]]
[4301,14,6,[[4302,0],[4300,0],[4557,0],[4556,0],[4045,0],]]
[4302,1,6,[[4301,0],[4303,0],[4558,0],[4046,0],]]
[4303,17,6,[[4304,0],[4302,0],[4559,0],[4558,0],[4047,0],]]
[4304,7,6,[[4303,0],[4305,0],[4560,0],[4048,0],]]
[4305,15,6,[[4306,0],[4304,0],[4561,0],[4560,0],[4049,0],]]
[4306,8,6,[[4305,0],[4307,0],[4562,0],[4050,0],]]
[4307,11,6,[[4308,0],[4306,0],[4563,0],[4562,0],[4051,0],]]
[4308,8,6,[[4307,0],[4309,0],[4564,0],[4052,0],]]
[4309,13,6,[[4310,0],[4308,0],[4565,0],[4564,0],[4053,0],]]
[4310,2,6,[[4309,0],[4311,0],[4566,0],[4054,0],]]
[4311,17,6,[[4312,0],[4310,0],[4567,0],[4566,0],[4055,0],]]
[4312,2,6,[[4311,0],[4313,0],[4568,0],[4056,0],]]
[4313,18,6,[[4314,0],[4312,0],[4569,0],[4568,0],[4057,0],]]
[4314,17,6,[[4313,0],[4315,0],[4570,0],[4058,0],]]
[4315,6,6,[[4316,0],[4314,0],[4571,0],[4570,0],[4059,0],]]
[4316,17,6,[[4315,0],[4317,0],[4572,0],[4060,0],]]
[4317,11,6,[[4318,0],[4316,0],[4573,0],[4572,0],[4061,0],]]
[4318,19,6,[[4317,0],[4319,0],[4574,0],[4062,0],]]
[4319,14,6,[[4320,0],[4318,0],[4575,0],[4574,0],[4063,0],]]
[4320,10,7,[[4319,0],[4321,0],[4576,0],[4064,0],]]
[4321,9,7,[[4322,0],[4320,0],[4577,0],[4576,0],[4065,0],]]
[4322,10,7,[[4321,0],[4323,0],[4578,0],[4066,0],]]
[4323,15,7,[[4324,0],[4322,0],[4579,0],[4578,0],[4067,0],]]
[4324,5,7,[[4323,0],[4325,0],[4580,0],[4068,0],]]
[4325,2,7,[[4326,0],[4324,0],[4581,0],[4580,0],[4069,0],]]
[4326,19,7,[[4325,0],[4327,0],[4582,0],[4070,0],]]
[4327,11,7,[[4328,0],[4326,0],[4583,0],[4582,0],[4071,0],]]
[4328,4,7,[[4327,0],[4329,0],[4584,0],[4072,0],]]
[4329,15,7,[[4330,0],[4328,0],[4585,0],[4584,0],[4073,0],]]
[4330,1,7,[[4329,0],[4331,0],[4586,0],[4074,0],]]
[4331,7,7,[[4332,0],[4330,0],[4587,0],[4586,0],[4075,0],]]
[4332,5,7,[[4331,0],[4333,0],[4588,0],[4076,0],]]
[4333,11,7,[[4334,0],[4332,0],[4589,0],[4588,0],[4077,0],]]
[4334,16,7,[[4333,0],[4335,0],[4590,0],[4078,0],]]
[4335,19,7,[[4336,0],[4334,0],[4591,0],[4590,0],[4079,0],]]
[4336,2,7,[[4335,0],[4337,0],[4592,0],[4080,0],]]
[4337,15,7,[[4338,0],[4336,0],[4593,0],[4592,0],[4081,0],]]
[4338,6,7,[[4337,0],[4339,0],[4594,0],[4082,0],]]
[4339,6,7,[[4340,0],[4338,0],[4595,0],[4594,0],[4083,0],]]
[4340,19,7,[[4339,0],[4341,0],[4596,0],[4084,0],]]
[4341,9,7,[[4342,0],[4340,0],[4597,0],[4596,0],[4085,0],]]
[4342,12,7,[[4341,0],[4343,0],[4598,0],[4086,0],]]
[4343,10,7,[[4344,0],[4342,0],[4599,0],[4598,0],[4087,0],]]
[4344,10,7,[[4343,0],[4345,0],[4600,0],[4088,0],]]
[4345,17,7,[[4346,0],[4344,0],[4601,0],[4600,0],[4089,0],]]
[4346,6,7,[[4345,0],[4347,0],[4602,0],[4090,0],]]
[4347,1,7,[[4348,0],[4346,0],[4603,0],[4602,0],[4091,0],]]
[4348,6,7,[[4347,0],[4349,0],[4604,0],[4092,0],]]
[4349,17,7,[[4350,0],[4348,0],[4605,0],[4604,0],[4093,0],]]
[4350,18,7,[[4349,0],[4351,0],[4606,0],[4094,0],]]
[4351,2,7,[[4350,0],[4607,0],[4606,0],[4095,0],]]
[4352,1,0,[[4353,0],[4096,0],[4097,0],[4608,0],]]
[4353,5,0,[[4354,0],[4352,0],[4097,0],[4609,0],]]
[4354,1,0,[[4353,0],[4355,0],[4098,0],[4099,0],[4610,0],]]
[4355,10,0,[[4356,0],[4354,0],[4099,0],[4611,0],]]
[4356,1,0,[[4355,0],[4357,0],[4100,0],[4101,0],[4612,0],]]
[4357,10,0,[[4358,0],[4356,0],[4101,0],[4613,0],]]
[4358,7,0,[[4357,0],[4359,0],[4102,0],[4103,0],[4614,0],]]
[4359,16,0,[[4360,0],[4358,0],[4103,0],[4615,0],]]
[4360,19,0,[[4359,0],[4361,0],[4104,0],[4105,0],[4616,0],]]
[4361,16,0,[[4362,0],[4360,0],[4105,0],[4617,0],]]
[4362,6,0,[[4361,0],[4363,0],[4106,0],[4107,0],[4618,0],]]
[4363,2,0,[[4364,0],[4362,0],[4107,0],[4619,0],]]
[4364,13,0,[[4363,0],[4365,0],[4108,0],[4109,0],[4620,0],]]
[4365,14,0,[[4366,0],[4364,0],[4109,0],[4621,0],]]
[4366,8,0,[[4365,0],[4367,0],[4110,0],[4111,0],[4622,0],]]
[4367,10,0,[[4368,0],[4366,0],[4111,0],[4623,0],]]
[4368,3,0,[[4367,0],[4369,0],[4112,0],[4113,0],[4624,0],]]
[4369,15,0,[[4370,0],[4368,0],[4113,0],[4625,0],]]
[4370,3,0,[[4369,0],[4371,0],[4114,0],[4115,0],[4626,0],]]
[4371,17,0,[[4372,0],[4370,0],[4115,0],[4627,0],]]
[4372,8,0,[[4371,0],[4373,0],[4116,0],[4117,0],[4628,0],]]
[4373,3,0,[[4374,0],[4372,0],[4117,0],[4629,0],]]
[4374,16,0,[[4373,0],[4375,0],[4118,0],[4119,0],[4630,0],]]
[4375,9,0,[[4376,0],[4374,0],[4119,0],[4631,0],]]
[4376,2,0,[[4375,0],[4377,0],[4120,0],[4121,0],[4632,0],]]
[4377,10,0,[[4378,0],[4376,0],[4121,0],[4633,0],]]
[4378,9,0,[[4377,0],[4379,0],[4122,0],[4123,0],[4634,0],]]
[4379,7,0,[[4380,0],[4378,0],[4123,0],[4635,0],]]
[4380,19,0,[[4379,0],[4381,0],[4124,0],[4125,0],[4636,0],]]
[4381,14,0,[[4382,0],[4380,0],[4125,0],[4637,0],]]
[4382,9,0,[[4381,0],[4383,0],[4126,0],[4127,0],[4638,0],]]
[4383,19,0,[[4384,0],[4382,0],[4127,0],[4639,0],]]
[4384,13,1,[[4383,0],[4385,0],[4128,0],[4129,0],[4640,0],]]
[4385,14,1,[[4386,0],[4384,0],[4129,0],[4641,0],]]
[4386,18,1,[[4385,0],[4387,0],[4130,0],[4131,0],[4642,0],]]
[4387,17,1,[[4388,0],[4386,0],[4131,0],[4643,0],]]
[4388,1,1,[[4387,0],[4389,0],[4132,0],[4133,0],[4644,0],]]
[4389,7,1,[[4390,0],[4388,0],[4133,0],[4645,0],]]
[4390,12,1,[[4389,0],[4391,0],[4134,0],[4135,0],[4646,0],]]
[4391,6,1,[[4392,0],[4390,0],[4135,0],[4647,0],]]
[4392,11,1,[[4391,0],[4393,0],[4136,0],[4137,0],[4648,0],]]
[4393,11,1,[[4394,0],[4392,0],[4137,0],[4649,0],]]
[4394,3,1,[[4393,0],[4395,0],[4138,0],[4139,0],[4650,0],]]
[4395,11,1,[[4396,0],[4394,0],[4139,0],[4651,0],]]
[4396,2,1,[[4395,0],[4397,0],[4140,0],[4141,0],[4652,0],]]
[4397,10,1,[[4398,0],[4396,0],[4141,0],[4653,0],]]
[4398,5,1,[[4397,0],[4399,0],[4142,0],[4143,0],[4654,0],]]
[4399,8,1,[[4400,0],[4398,0],[4143,0],[4655,0],]]
[4400,7,1,[[4399,0],[4401,0],[4144,0],[4145,0],[4656,0],]]
[4401,14,1,[[4402,0],[4400,0],[4145,0],[4657,0],]]
[4402,2,1,[[4401,0],[4403,0],[4146,0],[4147,0],[4658,0],]]
[4403,11,1,[[4404,0],[4402,0],[4147,0],[4659,0],]]
[4404,4,1,[[4403,0],[4405,0],[4148,0],[4149,0],[4660,0],]]
[4405,1,1,[[4406,0],[4404,0],[4149,0],[4661,0],]]
[4406,5,1,[[4405,0],[4407,0],[4150,0],[4151,0],[4662,0],]]
[4407,8,1,[[4408,0],[4406,0],[4151,0],[4663,0],]]
[4408,1,1,[[4407,0],[4409,0],[4152,0],[4153,0],[4664,0],]]
[4409,3,1,[[4410,0],[4408,0],[4153,0],[4665,0],]]
[4410,9,1,[[4409,0],[4411,0],[4154,0],[4155,0],[4666,0],]]
[4411,17,1,[[4412,0],[4410,0],[4155,0],[4667,0],]]
[4412,14,1,[[4411,0],[4413,0],[4156,0],[4157,0],[4668,0],]]
[4413,9,1,[[4414,0],[4412,0],[4157,0],[4669,0],]]
[4414,11,1,[[4413,0],[4415,0],[4158,0],[4159,0],[4670,0],]]
[4415,14,1,[[4416,0],[4414,0],[4159,0],[4671,0],]]
[4416,2,2,[[4415,0],[4417,0],[4160,0],[4161,0],[4672,0],]]
[4417,16,2,[[4418,0],[4416,0],[4161,0],[4673,0],]]
[4418,15,2,[[4417,0],[4419,0],[4162,0],[4163,0],[4674,0],]]
[4419,5,2,[[4420,0],[4418,0],[4163,0],[4675,0],]]
[4420,6,2,[[4419,0],[4421,0],[4164,0],[4165,0],[4676,0],]]
[4421,9,2,[[4422,0],[4420,0],[4165,0],[4677,0],]]
[4422,14,2,[[4421,0],[4423,0],[4166,0],[4167,0],[4678,0],]]
[4423,6,2,[[4424,0],[4422,0],[4167,0],[4679,0],]]
[4424,9,2,[[4423,0],[4425,0],[4168,0],[4169,0],[4680,0],]]
[4425,6,2,[[4426,0],[4424,0],[4169,0],[4681,0],]]
[4426,12,2,[[4425,0],[4427,0],[4170,0],[4171,0],[4682,0],]]
[4427,10,2,[[4428,0],[4426,0],[4171,0],[4683,0],]]
[4428,2,2,[[4427,0],[4429,0],[4172,0],[4173,0],[4684,0],]]
[4429,14,2,[[4430,0],[4428,0],[4173,0],[4685,0],]]
[4430,17,2,[[4429,0],[4431,0],[4174,0],[4175,0],[4686,0],]]
[4431,4,2,[[4432,0],[4430,0],[4175,0],[4687,0],]]
[4432,18,2,[[4431,0],[4433,0],[4176,0],[4177,0],[4688,0],]]
[4433,18,2,[[4434,0],[4432,0],[4177,0],[4689,0],]]
[4434,19,2,[[4433,0],[4435,0],[4178,0],[4179,0],[4690,0],]]
[4435,13,2,[[4436,0],[4434,0],[4179,0],[4691,0],]]
[4436,7,2,[[4435,0],[4437,0],[4180,0],[4181,0],[4692,0],]]
[4437,11,2,[[4438,0],[4436,0],[4181,0],[4693,0],]]
[4438,3,2,[[4437,0],[4439,0],[4182,0],[4183,0],[4694,0],]]
[4439,3,2,[[4440,0],[4438,0],[4183,0],[4695,0],]]
[4440,10,2,[[4439,0],[4441,0],[4184,0],[4185,0],[4696,0],]]
[4441,19,2,[[4442,0],[4440,0],[4185,0],[4697,0],]]
[4442,1,2,[[4441,0],[4443,0],[4186,0],[4187,0],[4698,0],]]
[4443,6,2,[[4444,0],[4442,0],[4187,0],[4699,0],]]
[4444,6,2,[[4443,0],[4445,0],[4188,0],[4189,0],[4700,0],]]
[4445,5,2,[[4446,0],[4444,0],[4189,0],[4701,0],]]
[4446,4,2,[[4445,0],[4447,0],[4190,0],[4191,0],[4702,0],]]
[4447,16,2,[[4448,0],[4446,0],[4191,0],[4703,0],]]
[4448,11,3,[[4447,0],[4449,0],[4192,0],[4193,0],[4704,0],]]
[4449,2,3,[[4450,0],[4448,0],[4193,0],[4705,0],]]
[4450,5,3,[[4449,0],[4451,0],[4194,0],[4195,0],[4706,0],]]
[4451,9,3,[[4452,0],[4450,0],[4195,0],[4707,0],]]
[4452,15,3,[[4451,0],[4453,0],[4196,0],[4197,0],[4708,0],]]
[4453,3,3,[[4454,0],[4452,0],[4197,0],[4709,0],]]
[4454,7,3,[[4453,0],[4455,0],[4198,0],[4199,0],[4710,0],]]
[4455,17,3,[[4456,0],[4454,0],[4199,0],[4711,0],]]
[4456,10,3,[[4455,0],[4457,0],[4200,0],[4201,0],[4712,0],]]
[4457,2,3,[[4458,0],[4456,0],[4201,0],[4713,0],]]
[4458,15,3,[[4457,0],[4459,0],[4202,0],[4203,0],[4714,0],]]
[4459,13,3,[[4460,0],[4458,0],[4203,0],[4715,0],]]
[4460,19,3,[[4459,0],[4461,0],[4204,0],[4205,0],[4716,0],]]
[4461,9,3,[[4462,0],[4460,0],[4205,0],[4717,0],]]
[4462,3,3,[[4461,0],[4463,0],[4206,0],[4207,0],[4718,0],]]
[4463,19,3,[[4464,0],[4462,0],[4207,0],[4719,0],]]
[4464,7,3,[[4463,0],[4465,0],[4208,0],[4209,0],[4720,0],]]
[4465,13,3,[[4466,0],[4464,0],[4209,0],[4721,0],]]
[4466,17,3,[[4465,0],[4467,0],[4210,0],[4211,0],[4722,0],]]
[4467,2,3,[[4468,0],[4466,0],[4211,0],[4723,0],]]
[4468,17,3,[[4467,0],[4469,0],[4212,0],[4213,0],[4724,0],]]
[4469,1,3,[[4470,0],[4468,0],[4213,0],[4725,0],]]
[4470,10,3,[[4469,0],[4471,0],[4214,0],[4215,0],[4726,0],]]
[4471,2,3,[[4472,0],[4470,0],[4215,0],[4727,0],]]
[4472,9,3,[[4471,0],[4473,0],[4216,0],[4217,0],[4728,0],]]
[4473,5,3,[[4474,0],[4472,0],[4217,0],[4729,0],]]
[4474,19,3,[[4473,0],[4475,0],[4218,0],[4219,0],[4730,0],]]
[4475,19,3,[[4476,0],[4474,0],[4219,0],[4731,0],]]
[4476,4,3,[[4475,0],[4477,0],[4220,0],[4221,0],[4732,0],]]
[4477,16,3,[[4478,0],[4476,0],[4221,0],[4733,0],]]
[4478,15,3,[[4477,0],[4479,0],[4222,0],[4223,0],[4734,0],]]
[4479,13,3,[[4480,0],[4478,0],[4223,0],[4735,0],]]
[4480,18,4,[[4479,0],[4481,0],[4224,0],[4225,0],[4736,0],]]
[4481,12,4,[[4482,0],[4480,0],[4225,0],[4737,0],]]
[4482,10,4,[[4481,0],[4483,0],[4226,0],[4227,0],[4738,0],]]
[4483,6,4,[[4484,0],[4482,0],[4227,0],[4739,0],]]
[4484,12,4,[[4483,0],[4485,0],[4228,0],[4229,0],[4740,0],]]
[4485,9,4,[[4486,0],[4484,0],[4229,0],[4741,0],]]
[4486,19,4,[[4485,0],[4487,0],[4230,0],[4231,0],[4742,0],]]
[4487,19,4,[[4488,0],[4486,0],[4231,0],[4743,0],]]
[4488,13,4,[[4487,0],[4489,0],[4232,0],[4233,0],[4744,0],]]
[4489,7,4,[[4490,0],[4488,0],[4233,0],[4745,0],]]
[4490,11,4,[[4489,0],[4491,0],[4234,0],[4235,0],[4746,0],]]
[4491,10,4,[[4492,0],[4490,0],[4235,0],[4747,0],]]
[4492,8,4,[[4491,0],[4493,0],[4236,0],[4237,0],[4748,0],]]
[4493,1,4,[[4494,0],[4492,0],[4237,0],[4749,0],]]
[4494,9,4,[[4493,0],[4495,0],[4238,0],[4239,0],[4750,0],]]
[4495,1,4,[[4496,0],[4494,0],[4239,0],[4751,0],]]
[4496,17,4,[[4495,0],[4497,0],[4240,0],[4241,0],[4752,0],]]
[4497,16,4,[[4498,0],[4496,0],[4241,0],[4753,0],]]
[4498,1,4,[[4497,0],[4499,0],[4242,0],[4243,0],[4754,0],]]
[4499,12,4,[[4500,0],[4498,0],[4243,0],[4755,0],]]
[4500,1,4,[[4499,0],[4501,0],[4244,0],[4245,0],[4756,0],]]
[4501,11,4,[[4502,0],[4500,0],[4245,0],[4757,0],]]
[4502,15,4,[[4501,0],[4503,0],[4246,0],[4247,0],[4758,0],]]
[4503,12,4,[[4504,0],[4502,0],[4247,0],[4759,0],]]
[4504,14,4,[[4503,0],[4505,0],[4248,0],[4249,0],[4760,0],]]
[4505,2,4,[[4506,0],[4504,0],[4249,0],[4761,0],]]
[4506,17,4,[[4505,0],[4507,0],[4250,0],[4251,0],[4762,0],]]
[4507,3,4,[[4508,0],[4506,0],[4251,0],[4763,0],]]
[4508,9,4,[[4507,0],[4509,0],[4252,0],[4253,0],[4764,0],]]
[4509,2,4,[[4510,0],[4508,0],[4253,0],[4765,0],]]
[4510,13,4,[[4509,0],[4511,0],[4254,0],[4255,0],[4766,0],]]
[4511,8,4,[[4512,0],[4510,0],[4255,0],[4767,0],]]
[4512,11,5,[[4511,0],[4513,0],[4256,0],[4257,0],[4768,0],]]
[4513,9,5,[[4514,0],[4512,0],[4257,0],[4769,0],]]
[4514,4,5,[[4513,0],[4515,0],[4258,0],[4259,0],[4770,0],]]
[4515,1,5,[[4516,0],[4514,0],[4259,0],[4771,0],]]
[4516,18,5,[[4515,0],[4517,0],[4260,0],[4261,0],[4772,0],]]
[4517,18,5,[[4518,0],[4516,0],[4261,0],[4773,0],]]
[4518,5,5,[[4517,0],[4519,0],[4262,0],[4263,0],[4774,0],]]
[4519,16,5,[[4520,0],[4518,0],[4263,0],[4775,0],]]
[4520,12,5,[[4519,0],[4521,0],[4264,0],[4265,0],[4776,0],]]
[4521,4,5,[[4522,0],[4520,0],[4265,0],[4777,0],]]
[4522,10,5,[[4521,0],[4523,0],[4266,0],[4267,0],[4778,0],]]
[4523,18,5,[[4524,0],[4522,0],[4267,0],[4779,0],]]
[4524,16,5,[[4523,0],[4525,0],[4268,0],[4269,0],[4780,0],]]
[4525,11,5,[[4526,0],[4524,0],[4269,0],[4781,0],]]
[4526,10,5,[[4525,0],[4527,0],[4270,0],[4271,0],[4782,0],]]
[4527,8,5,[[4528,0],[4526,0],[4271,0],[4783,0],]]
[4528,5,5,[[4527,0],[4529,0],[4272,0],[4273,0],[4784,0],]]
[4529,8,5,[[4530,0],[4528,0],[4273,0],[4785,0],]]
[4530,5,5,[[4529,0],[4531,0],[4274,0],[4275,0],[4786,0],]]
[4531,6,5,[[4532,0],[4530,0],[4275,0],[4787,0],]]
[4532,3,5,[[4531,0],[4533,0],[4276,0],[4277,0],[4788,0],]]
[4533,12,5,[[4534,0],[4532,0],[4277,0],[4789,0],]]
[4534,12,5,[[4533,0],[4535,0],[4278,0],[4279,0],[4790,0],]]
[4535,13,5,[[4536,0],[4534,0],[4279,0],[4791,0],]]
[4536,6,5,[[4535,0],[4537,0],[4280,0],[4281,0],[4792,0],]]
[4537,19,5,[[4538,0],[4536,0],[4281,0],[4793,0],]]
[4538,10,5,[[4537,0],[4539,0],[4282,0],[4283,0],[4794,0],]]
[4539,15,5,[[4540,0],[4538,0],[4283,0],[4795,0],]]
[4540,19,5,[[4539,0],[4541,0],[4284,0],[4285,0],[4796,0],]]
[4541,5,5,[[4542,0],[4540,0],[4285,0],[4797,0],]]
[4542,15,5,[[4541,0],[4543,0],[4286,0],[4287,0],[4798,0],]]
[4543,3,5,[[4544,0],[4542,0],[4287,0],[4799,0],]]
[4544,15,6,[[4543,0],[4545,0],[4288,0],[4289,0],[4800,0],]]
[4545,3,6,[[4546,0],[4544,0],[4289,0],[4801,0],]]
[4546,19,6,[[4545,0],[4547,0],[4290,0],[4291,0],[4802,0],]]
[4547,19,6,[[4548,0],[4546,0],[4291,0],[4803,0],]]
[4548,19,6,[[4547,0],[4549,0],[4292,0],[4293,0],[4804,0],]]
[4549,12,6,[[4550,0],[4548,0],[4293,0],[4805,0],]]
[4550,12,6,[[4549,0],[4551,0],[4294,0],[4295,0],[4806,0],]]
[4551,2,6,[[4552,0],[4550,0],[4295,0],[4807,0],]]
[4552,3,6,[[4551,0],[4553,0],[4296,0],[4297,0],[4808,0],]]
[4553,16,6,[[4554,0],[4552,0],[4297,0],[4809,0],]]
[4554,1,6,[[4553,0],[4555,0],[4298,0],[4299,0],[4810,0],]]
[4555,14,6,[[4556,0],[4554,0],[4299,0],[4811,0],]]
[4556,14,6,[[4555,0],[4557,0],[4300,0],[4301,0],[4812,0],]]
[4557,12,6,[[4558,0],[4556,0],[4301,0],[4813,0],]]
[4558,14,6,[[4557,0],[4559,0],[4302,0],[4303,0],[4814,0],]]
[4559,17,6,[[4560,0],[4558,0],[4303,0],[4815,0],]]
[4560,15,6,[[4559,0],[4561,0],[4304,0],[4305,0],[4816,0],]]
[4561,10,6,[[4562,0],[4560,0],[4305,0],[4817,0],]]
[4562,6,6,[[4561,0],[4563,0],[4306,0],[4307,0],[4818,0],]]
[4563,16,6,[[4564,0],[4562,0],[4307,0],[4819,0],]]
[4564,6,6,[[4563,0],[4565,0],[4308,0],[4309,0],[4820,0],]]
[4565,11,6,[[4566,0],[4564,0],[4309,0],[4821,0],]]
[4566,2,6,[[4565,0],[4567,0],[4310,0],[4311,0],[4822,0],]]
[4567,5,6,[[4568,0],[4566,0],[4311,0],[4823,0],]]
[4568,11,6,[[4567,0],[4569,0],[4312,0],[4313,0],[4824,0],]]
[4569,12,6,[[4570,0],[4568,0],[4313,0],[4825,0],]]
[4570,15,6,[[4569,0],[4571,0],[4314,0],[4315,0],[4826,0],]]
[4571,13,6,[[4572,0],[4570,0],[4315,0],[4827,0],]]
[4572,2,6,[[4571,0],[4573,0],[4316,0],[4317,0],[4828,0],]]
[4573,16,6,[[4574,0],[4572,0],[4317,0],[4829,0],]]
[4574,15,6,[[4573,0],[4575,0],[4318,0],[4319,0],[4830,0],]]
[4575,1,6,[[4576,0],[4574,0],[4319,0],[4831,0],]]
[4576,17,7,[[4575,0],[4577,0],[4320,0],[4321,0],[4832,0],]]
[4577,9,7,[[4578,0],[4576,0],[4321,0],[4833,0],]]
[4578,3,7,[[4577,0],[4579,0],[4322,0],[4323,0],[4834,0],]]
[4579,11,7,[[4580,0],[4578,0],[4323,0],[4835,0],]]
[4580,18,7,[[4579,0],[4581,0],[4324,0],[4325,0],[4836,0],]]
[4581,11,7,[[4582,0],[4580,0],[4325,0],[4837,0],]]
[4582,6,7,[[4581,0],[4583,0],[4326,0],[4327,0],[4838,0],]]
[4583,8,7,[[4584,0],[4582,0],[4327,0],[4839,0],]]
[4584,13,7,[[4583,0],[4585,0],[4328,0],[4329,0],[4840,0],]]
[4585,17,7,[[4586,0],[4584,0],[4329,0],[4841,0],]]
[4586,13,7,[[4585,0],[4587,0],[4330,0],[4331,0],[4842,0],]]
