[44564,19,40,[[44563,0],[44565,0],[44820,0],[44308,0],]]
[44565,7,40,[[44566,0],[44564,0],[44821,0],[44820,0],[44309,0],]]
[44566,5,40,[[44565,0],[44567,0],[44822,0],[44310,0],]]
[44567,5,40,[[44568,0],[44566,0],[44823,0],[44822,0],[44311,0],]]
[44568,6,40,[[44567,0],[44569,0],[44824,0],[44312,0],]]
[44569,6,40,[[44570,0],[44568,0],[44825,0],[44824,0],[44313,0],]]
[44570,6,40,[[44569,0],[44571,0],[44826,0],[44314,0],]]
[44571,18,40,[[44572,0],[44570,0],[44827,0],[44826,0],[44315,0],]]
[44572,7,40,[[44571,0],[44573,0],[44828,0],[44316,0],]]
[44573,7,40,[[44574,0],[44572,0],[44829,0],[44828,0],[44317,0],]]
[44574,10,40,[[44573,0],[44575,0],[44830,0],[44318,0],]]
[44575,2,40,[[44576,0],[44574,0],[44831,0],[44830,0],[44319,0],]]
[44576,1,41,[[44575,0],[44577,0],[44832,0],[44320,0],]]
[44577,15,41,[[44578,0],[44576,0],[44833,0],[44832,0],[44321,0],]]
[44578,11,41,[[44577,0],[44579,0],[44834,0],[44322,0],]]
[44579,4,41,[[44580,0],[44578,0],[44835,0],[44834,0],[44323,0],]]
[44580,9,41,[[44579,0],[44581,0],[44836,0],[44324,0],]]
[44581,12,41,[[44582,0],[44580,0],[44837,0],[44836,0],[44325,0],]]
[44582,6,41,[[44581,0],[44583,0],[44838,0],[44326,0],]]
[44583,2,41,[[44584,0],[44582,0],[44839,0],[44838,0],[44327,0],]]
[44584,13,41,[[44583,0],[44585,0],[44840,0],[44328,0],]]
[44585,10,41,[[44586,0],[44584,0],[44841,0],[44840,0],[44329,0],]]
[44586,15,41,[[44585,0],[44587,0],[44842,0],[44330,0],]]
[44587,2,41,[[44588,0],[44586,0],[44843,0],[44842,0],[44331,0],]]
[44588,14,41,[[44587,0],[44589,0],[44844,0],[44332,0],]]
[44589,15,41,[[44590,0],[44588,0],[44845,0],[44844,0],[44333,0],]]
[44590,9,41,[[44589,0],[44591,0],[44846,0],[44334,0],]]
[44591,10,41,[[44592,0],[44590,0],[44847,0],[44846,0],[44335,0],]]
[44592,2,41,[[44591,0],[44593,0],[44848,0],[44336,0],]]
[44593,7,41,[[44594,0],[44592,0],[44849,0],[44848,0],[44337,0],]]
[44594,18,41,[[44593,0],[44595,0],[44850,0],[44338,0],]]
[44595,2,41,[[44596,0],[44594,0],[44851,0],[44850,0],[44339,0],]]
[44596,17,41,[[44595,0],[44597,0],[44852,0],[44340,0],]]
[44597,8,41,[[44598,0],[44596,0],[44853,0],[44852,0],[44341,0],]]
[44598,15,41,[[44597,0],[44599,0],[44854,0],[44342,0],]]
[44599,13,41,[[44600,0],[44598,0],[44855,0],[44854,0],[44343,0],]]
[44600,13,41,[[44599,0],[44601,0],[44856,0],[44344,0],]]
[44601,6,41,[[44602,0],[44600,0],[44857,0],[44856,0],[44345,0],]]
[44602,18,41,[[44601,0],[44603,0],[44858,0],[44346,0],]]
[44603,8,41,[[44604,0],[44602,0],[44859,0],[44858,0],[44347,0],]]
[44604,3,41,[[44603,0],[44605,0],[44860,0],[44348,0],]]
[44605,9,41,[[44606,0],[44604,0],[44861,0],[44860,0],[44349,0],]]
[44606,16,41,[[44605,0],[44607,0],[44862,0],[44350,0],]]
[44607,11,41,[[44608,0],[44606,0],[44863,0],[44862,0],[44351,0],]]
[44608,12,42,[[44607,0],[44609,0],[44864,0],[44352,0],]]
[44609,1,42,[[44610,0],[44608,0],[44865,0],[44864,0],[44353,0],]]
[44610,14,42,[[44609,0],[44611,0],[44866,0],[44354,0],]]
[44611,10,42,[[44612,0],[44610,0],[44867,0],[44866,0],[44355,0],]]
[44612,8,42,[[44611,0],[44613,0],[44868,0],[44356,0],]]
[44613,19,42,[[44614,0],[44612,0],[44869,0],[44868,0],[44357,0],]]
[44614,17,42,[[44613,0],[44615,0],[44870,0],[44358,0],]]
[44615,16,42,[[44616,0],[44614,0],[44871,0],[44870,0],[44359,0],]]
[44616,17,42,[[44615,0],[44617,0],[44872,0],[44360,0],]]
[44617,7,42,[[44618,0],[44616,0],[44873,0],[44872,0],[44361,0],]]
[44618,12,42,[[44617,0],[44619,0],[44874,0],[44362,0],]]
[44619,9,42,[[44620,0],[44618,0],[44875,0],[44874,0],[44363,0],]]
[44620,9,42,[[44619,0],[44621,0],[44876,0],[44364,0],]]
[44621,6,42,[[44622,0],[44620,0],[44877,0],[44876,0],[44365,0],]]
[44622,18,42,[[44621,0],[44623,0],[44878,0],[44366,0],]]
[44623,19,42,[[44624,0],[44622,0],[44879,0],[44878,0],[44367,0],]]
[44624,8,42,[[44623,0],[44625,0],[44880,0],[44368,0],]]
[44625,10,42,[[44626,0],[44624,0],[44881,0],[44880,0],[44369,0],]]
[44626,5,42,[[44625,0],[44627,0],[44882,0],[44370,0],]]
[44627,4,42,[[44628,0],[44626,0],[44883,0],[44882,0],[44371,0],]]
[44628,16,42,[[44627,0],[44629,0],[44884,0],[44372,0],]]
[44629,4,42,[[44630,0],[44628,0],[44885,0],[44884,0],[44373,0],]]
[44630,15,42,[[44629,0],[44631,0],[44886,0],[44374,0],]]
[44631,13,42,[[44632,0],[44630,0],[44887,0],[44886,0],[44375,0],]]
[44632,9,42,[[44631,0],[44633,0],[44888,0],[44376,0],]]
[44633,15,42,[[44634,0],[44632,0],[44889,0],[44888,0],[44377,0],]]
[44634,17,42,[[44633,0],[44635,0],[44890,0],[44378,0],]]
[44635,1,42,[[44636,0],[44634,0],[44891,0],[44890,0],[44379,0],]]
[44636,13,42,[[44635,0],[44637,0],[44892,0],[44380,0],]]
[44637,7,42,[[44638,0],[44636,0],[44893,0],[44892,0],[44381,0],]]
[44638,5,42,[[44637,0],[44639,0],[44894,0],[44382,0],]]
[44639,17,42,[[44640,0],[44638,0],[44895,0],[44894,0],[44383,0],]]
[44640,7,43,[[44639,0],[44641,0],[44896,0],[44384,0],]]
[44641,11,43,[[44642,0],[44640,0],[44897,0],[44896,0],[44385,0],]]
[44642,13,43,[[44641,0],[44643,0],[44898,0],[44386,0],]]
[44643,3,43,[[44644,0],[44642,0],[44899,0],[44898,0],[44387,0],]]
[44644,18,43,[[44643,0],[44645,0],[44900,0],[44388,0],]]
[44645,13,43,[[44646,0],[44644,0],[44901,0],[44900,0],[44389,0],]]
[44646,16,43,[[44645,0],[44647,0],[44902,0],[44390,0],]]
[44647,10,43,[[44648,0],[44646,0],[44903,0],[44902,0],[44391,0],]]
[44648,3,43,[[44647,0],[44649,0],[44904,0],[44392,0],]]
[44649,3,43,[[44650,0],[44648,0],[44905,0],[44904,0],[44393,0],]]
[44650,18,43,[[44649,0],[44651,0],[44906,0],[44394,0],]]
[44651,8,43,[[44652,0],[44650,0],[44907,0],[44906,0],[44395,0],]]
[44652,19,43,[[44651,0],[44653,0],[44908,0],[44396,0],]]
[44653,19,43,[[44654,0],[44652,0],[44909,0],[44908,0],[44397,0],]]
[44654,6,43,[[44653,0],[44655,0],[44910,0],[44398,0],]]
[44655,11,43,[[44656,0],[44654,0],[44911,0],[44910,0],[44399,0],]]
[44656,8,43,[[44655,0],[44657,0],[44912,0],[44400,0],]]
[44657,1,43,[[44658,0],[44656,0],[44913,0],[44912,0],[44401,0],]]
[44658,16,43,[[44657,0],[44659,0],[44914,0],[44402,0],]]
[44659,13,43,[[44660,0],[44658,0],[44915,0],[44914,0],[44403,0],]]
[44660,1,43,[[44659,0],[44661,0],[44916,0],[44404,0],]]
[44661,4,43,[[44662,0],[44660,0],[44917,0],[44916,0],[44405,0],]]
[44662,2,43,[[44661,0],[44663,0],[44918,0],[44406,0],]]
[44663,19,43,[[44664,0],[44662,0],[44919,0],[44918,0],[44407,0],]]
[44664,1,43,[[44663,0],[44665,0],[44920,0],[44408,0],]]
[44665,15,43,[[44666,0],[44664,0],[44921,0],[44920,0],[44409,0],]]
[44666,12,43,[[44665,0],[44667,0],[44922,0],[44410,0],]]
[44667,19,43,[[44668,0],[44666,0],[44923,0],[44922,0],[44411,0],]]
[44668,19,43,[[44667,0],[44669,0],[44924,0],[44412,0],]]
[44669,11,43,[[44670,0],[44668,0],[44925,0],[44924,0],[44413,0],]]
[44670,6,43,[[44669,0],[44671,0],[44926,0],[44414,0],]]
[44671,6,43,[[44672,0],[44670,0],[44927,0],[44926,0],[44415,0],]]
[44672,14,44,[[44671,0],[44673,0],[44928,0],[44416,0],]]
[44673,13,44,[[44674,0],[44672,0],[44929,0],[44928,0],[44417,0],]]
[44674,12,44,[[44673,0],[44675,0],[44930,0],[44418,0],]]
[44675,3,44,[[44676,0],[44674,0],[44931,0],[44930,0],[44419,0],]]
[44676,16,44,[[44675,0],[44677,0],[44932,0],[44420,0],]]
[44677,17,44,[[44678,0],[44676,0],[44933,0],[44932,0],[44421,0],]]
[44678,4,44,[[44677,0],[44679,0],[44934,0],[44422,0],]]
[44679,6,44,[[44680,0],[44678,0],[44935,0],[44934,0],[44423,0],]]
[44680,3,44,[[44679,0],[44681,0],[44936,0],[44424,0],]]
[44681,5,44,[[44682,0],[44680,0],[44937,0],[44936,0],[44425,0],]]
[44682,15,44,[[44681,0],[44683,0],[44938,0],[44426,0],]]
[44683,13,44,[[44684,0],[44682,0],[44939,0],[44938,0],[44427,0],]]
[44684,11,44,[[44683,0],[44685,0],[44940,0],[44428,0],]]
[44685,4,44,[[44686,0],[44684,0],[44941,0],[44940,0],[44429,0],]]
[44686,12,44,[[44685,0],[44687,0],[44942,0],[44430,0],]]
[44687,16,44,[[44688,0],[44686,0],[44943,0],[44942,0],[44431,0],]]
[44688,18,44,[[44687,0],[44689,0],[44944,0],[44432,0],]]
[44689,16,44,[[44690,0],[44688,0],[44945,0],[44944,0],[44433,0],]]
[44690,6,44,[[44689,0],[44691,0],[44946,0],[44434,0],]]
[44691,15,44,[[44692,0],[44690,0],[44947,0],[44946,0],[44435,0],]]
[44692,6,44,[[44691,0],[44693,0],[44948,0],[44436,0],]]
[44693,13,44,[[44694,0],[44692,0],[44949,0],[44948,0],[44437,0],]]
[44694,15,44,[[44693,0],[44695,0],[44950,0],[44438,0],]]
[44695,17,44,[[44696,0],[44694,0],[44951,0],[44950,0],[44439,0],]]
[44696,1,44,[[44695,0],[44697,0],[44952,0],[44440,0],]]
[44697,8,44,[[44698,0],[44696,0],[44953,0],[44952,0],[44441,0],]]
[44698,11,44,[[44697,0],[44699,0],[44954,0],[44442,0],]]
[44699,12,44,[[44700,0],[44698,0],[44955,0],[44954,0],[44443,0],]]
[44700,2,44,[[44699,0],[44701,0],[44956,0],[44444,0],]]
[44701,7,44,[[44702,0],[44700,0],[44957,0],[44956,0],[44445,0],]]
[44702,1,44,[[44701,0],[44703,0],[44958,0],[44446,0],]]
[44703,19,44,[[44704,0],[44702,0],[44959,0],[44958,0],[44447,0],]]
[44704,18,45,[[44703,0],[44705,0],[44960,0],[44448,0],]]
[44705,9,45,[[44706,0],[44704,0],[44961,0],[44960,0],[44449,0],]]
[44706,11,45,[[44705,0],[44707,0],[44962,0],[44450,0],]]
[44707,11,45,[[44708,0],[44706,0],[44963,0],[44962,0],[44451,0],]]
[44708,12,45,[[44707,0],[44709,0],[44964,0],[44452,0],]]
[44709,2,45,[[44710,0],[44708,0],[44965,0],[44964,0],[44453,0],]]
[44710,5,45,[[44709,0],[44711,0],[44966,0],[44454,0],]]
[44711,7,45,[[44712,0],[44710,0],[44967,0],[44966,0],[44455,0],]]
[44712,19,45,[[44711,0],[44713,0],[44968,0],[44456,0],]]
[44713,11,45,[[44714,0],[44712,0],[44969,0],[44968,0],[44457,0],]]
[44714,4,45,[[44713,0],[44715,0],[44970,0],[44458,0],]]
[44715,11,45,[[44716,0],[44714,0],[44971,0],[44970,0],[44459,0],]]
[44716,17,45,[[44715,0],[44717,0],[44972,0],[44460,0],]]
[44717,3,45,[[44718,0],[44716,0],[44973,0],[44972,0],[44461,0],]]
[44718,15,45,[[44717,0],[44719,0],[44974,0],[44462,0],]]
[44719,1,45,[[44720,0],[44718,0],[44975,0],[44974,0],[44463,0],]]
[44720,13,45,[[44719,0],[44721,0],[44976,0],[44464,0],]]
[44721,18,45,[[44722,0],[44720,0],[44977,0],[44976,0],[44465,0],]]
[44722,19,45,[[44721,0],[44723,0],[44978,0],[44466,0],]]
[44723,14,45,[[44724,0],[44722,0],[44979,0],[44978,0],[44467,0],]]
[44724,13,45,[[44723,0],[44725,0],[44980,0],[44468,0],]]
[44725,3,45,[[44726,0],[44724,0],[44981,0],[44980,0],[44469,0],]]
[44726,14,45,[[44725,0],[44727,0],[44982,0],[44470,0],]]
[44727,10,45,[[44728,0],[44726,0],[44983,0],[44982,0],[44471,0],]]
[44728,7,45,[[44727,0],[44729,0],[44984,0],[44472,0],]]
[44729,16,45,[[44730,0],[44728,0],[44985,0],[44984,0],[44473,0],]]
[44730,12,45,[[44729,0],[44731,0],[44986,0],[44474,0],]]
[44731,3,45,[[44732,0],[44730,0],[44987,0],[44986,0],[44475,0],]]
[44732,4,45,[[44731,0],[44733,0],[44988,0],[44476,0],]]
[44733,5,45,[[44734,0],[44732,0],[44989,0],[44988,0],[44477,0],]]
[44734,15,45,[[44733,0],[44735,0],[44990,0],[44478,0],]]
[44735,4,45,[[44736,0],[44734,0],[44991,0],[44990,0],[44479,0],]]
[44736,15,46,[[44735,0],[44737,0],[44992,0],[44480,0],]]
[44737,11,46,[[44738,0],[44736,0],[44993,0],[44992,0],[44481,0],]]
[44738,6,46,[[44737,0],[44739,0],[44994,0],[44482,0],]]
[44739,12,46,[[44740,0],[44738,0],[44995,0],[44994,0],[44483,0],]]
[44740,13,46,[[44739,0],[44741,0],[44996,0],[44484,0],]]
[44741,17,46,[[44742,0],[44740,0],[44997,0],[44996,0],[44485,0],]]
[44742,19,46,[[44741,0],[44743,0],[44998,0],[44486,0],]]
[44743,6,46,[[44744,0],[44742,0],[44999,0],[44998,0],[44487,0],]]
[44744,13,46,[[44743,0],[44745,0],[45000,0],[44488,0],]]
[44745,8,46,[[44746,0],[44744,0],[45001,0],[45000,0],[44489,0],]]
[44746,5,46,[[44745,0],[44747,0],[45002,0],[44490,0],]]
[44747,18,46,[[44748,0],[44746,0],[45003,0],[45002,0],[44491,0],]]
[44748,4,46,[[44747,0],[44749,0],[45004,0],[44492,0],]]
[44749,18,46,[[44750,0],[44748,0],[45005,0],[45004,0],[44493,0],]]
[44750,10,46,[[44749,0],[44751,0],[45006,0],[44494,0],]]
[44751,15,46,[[44752,0],[44750,0],[45007,0],[45006,0],[44495,0],]]
[44752,16,46,[[44751,0],[44753,0],[45008,0],[44496,0],]]
[44753,12,46,[[44754,0],[44752,0],[45009,0],[45008,0],[44497,0],]]
[44754,5,46,[[44753,0],[44755,0],[45010,0],[44498,0],]]
[44755,18,46,[[44756,0],[44754,0],[45011,0],[45010,0],[44499,0],]]
[44756,2,46,[[44755,0],[44757,0],[45012,0],[44500,0],]]
[44757,4,46,[[44758,0],[44756,0],[45013,0],[45012,0],[44501,0],]]
[44758,12,46,[[44757,0],[44759,0],[45014,0],[44502,0],]]
[44759,2,46,[[44760,0],[44758,0],[45015,0],[45014,0],[44503,0],]]
[44760,15,46,[[44759,0],[44761,0],[45016,0],[44504,0],]]
[44761,13,46,[[44762,0],[44760,0],[45017,0],[45016,0],[44505,0],]]
[44762,10,46,[[44761,0],[44763,0],[45018,0],[44506,0],]]
[44763,7,46,[[44764,0],[44762,0],[45019,0],[45018,0],[44507,0],]]
[44764,7,46,[[44763,0],[44765,0],[45020,0],[44508,0],]]
[44765,12,46,[[44766,0],[44764,0],[45021,0],[45020,0],[44509,0],]]
[44766,16,46,[[44765,0],[44767,0],[45022,0],[44510,0],]]
[44767,5,46,[[44768,0],[44766,0],[45023,0],[45022,0],[44511,0],]]
[44768,5,47,[[44767,0],[44769,0],[45024,0],[44512,0],]]
[44769,1,47,[[44770,0],[44768,0],[45025,0],[45024,0],[44513,0],]]
[44770,19,47,[[44769,0],[44771,0],[45026,0],[44514,0],]]
[44771,11,47,[[44772,0],[44770,0],[45027,0],[45026,0],[44515,0],]]
[44772,12,47,[[44771,0],[44773,0],[45028,0],[44516,0],]]
[44773,5,47,[[44774,0],[44772,0],[45029,0],[45028,0],[44517,0],]]
[44774,11,47,[[44773,0],[44775,0],[45030,0],[44518,0],]]
[44775,3,47,[[44776,0],[44774,0],[45031,0],[45030,0],[44519,0],]]
[44776,15,47,[[44775,0],[44777,0],[45032,0],[44520,0],]]
[44777,13,47,[[44778,0],[44776,0],[45033,0],[45032,0],[44521,0],]]
[44778,12,47,[[44777,0],[44779,0],[45034,0],[44522,0],]]
[44779,12,47,[[44780,0],[44778,0],[45035,0],[45034,0],[44523,0],]]
[44780,7,47,[[44779,0],[44781,0],[45036,0],[44524,0],]]
[44781,6,47,[[44782,0],[44780,0],[45037,0],[45036,0],[44525,0],]]
[44782,1,47,[[44781,0],[44783,0],[45038,0],[44526,0],]]
[44783,2,47,[[44784,0],[44782,0],[45039,0],[45038,0],[44527,0],]]
[44784,3,47,[[44783,0],[44785,0],[45040,0],[44528,0],]]
[44785,2,47,[[44786,0],[44784,0],[45041,0],[45040,0],[44529,0],]]
[44786,15,47,[[44785,0],[44787,0],[45042,0],[44530,0],]]
[44787,14,47,[[44788,0],[44786,0],[45043,0],[45042,0],[44531,0],]]
[44788,15,47,[[44787,0],[44789,0],[45044,0],[44532,0],]]
[44789,14,47,[[44790,0],[44788,0],[45045,0],[45044,0],[44533,0],]]
[44790,4,47,[[44789,0],[44791,0],[45046,0],[44534,0],]]
[44791,18,47,[[44792,0],[44790,0],[45047,0],[45046,0],[44535,0],]]
[44792,18,47,[[44791,0],[44793,0],[45048,0],[44536,0],]]
[44793,14,47,[[44794,0],[44792,0],[45049,0],[45048,0],[44537,0],]]
[44794,8,47,[[44793,0],[44795,0],[45050,0],[44538,0],]]
[44795,7,47,[[44796,0],[44794,0],[45051,0],[45050,0],[44539,0],]]
[44796,15,47,[[44795,0],[44797,0],[45052,0],[44540,0],]]
[44797,12,47,[[44798,0],[44796,0],[45053,0],[45052,0],[44541,0],]]
[44798,11,47,[[44797,0],[44799,0],[45054,0],[44542,0],]]
[44799,17,47,[[44798,0],[45055,0],[45054,0],[44543,0],]]
[44800,17,40,[[44801,0],[44544,0],[44545,0],[45056,0],]]
[44801,3,40,[[44802,0],[44800,0],[44545,0],[45057,0],]]
[44802,7,40,[[44801,0],[44803,0],[44546,0],[44547,0],[45058,0],]]
[44803,3,40,[[44804,0],[44802,0],[44547,0],[45059,0],]]
[44804,13,40,[[44803,0],[44805,0],[44548,0],[44549,0],[45060,0],]]
[44805,8,40,[[44806,0],[44804,0],[44549,0],[45061,0],]]
[44806,12,40,[[44805,0],[44807,0],[44550,0],[44551,0],[45062,0],]]
[44807,3,40,[[44808,0],[44806,0],[44551,0],[45063,0],]]
[44808,3,40,[[44807,0],[44809,0],[44552,0],[44553,0],[45064,0],]]
[44809,18,40,[[44810,0],[44808,0],[44553,0],[45065,0],]]
[44810,11,40,[[44809,0],[44811,0],[44554,0],[44555,0],[45066,0],]]
[44811,19,40,[[44812,0],[44810,0],[44555,0],[45067,0],]]
[44812,14,40,[[44811,0],[44813,0],[44556,0],[44557,0],[45068,0],]]
[44813,17,40,[[44814,0],[44812,0],[44557,0],[45069,0],]]
[44814,6,40,[[44813,0],[44815,0],[44558,0],[44559,0],[45070,0],]]
[44815,5,40,[[44816,0],[44814,0],[44559,0],[45071,0],]]
[44816,10,40,[[44815,0],[44817,0],[44560,0],[44561,0],[45072,0],]]
[44817,3,40,[[44818,0],[44816,0],[44561,0],[45073,0],]]
[44818,7,40,[[44817,0],[44819,0],[44562,0],[44563,0],[45074,0],]]
[44819,7,40,[[44820,0],[44818,0],[44563,0],[45075,0],]]
[44820,15,40,[[44819,0],[44821,0],[44564,0],[44565,0],[45076,0],]]
[44821,10,40,[[44822,0],[44820,0],[44565,0],[45077,0],]]
[44822,11,40,[[44821,0],[44823,0],[44566,0],[44567,0],[45078,0],]]
[44823,18,40,[[44824,0],[44822,0],[44567,0],[45079,0],]]
[44824,5,40,[[44823,0],[44825,0],[44568,0],[44569,0],[45080,0],]]
[44825,13,40,[[44826,0],[44824,0],[44569,0],[45081,0],]]
[44826,6,40,[[44825,0],[44827,0],[44570,0],[44571,0],[45082,0],]]
[44827,4,40,[[44828,0],[44826,0],[44571,0],[45083,0],]]
[44828,6,40,[[44827,0],[44829,0],[44572,0],[44573,0],[45084,0],]]
[44829,8,40,[[44830,0],[44828,0],[44573,0],[45085,0],]]
[44830,15,40,[[44829,0],[44831,0],[44574,0],[44575,0],[45086,0],]]
[44831,17,40,[[44832,0],[44830,0],[44575,0],[45087,0],]]
[44832,3,41,[[44831,0],[44833,0],[44576,0],[44577,0],[45088,0],]]
[44833,1,41,[[44834,0],[44832,0],[44577,0],[45089,0],]]
[44834,3,41,[[44833,0],[44835,0],[44578,0],[44579,0],[45090,0],]]
[44835,7,41,[[44836,0],[44834,0],[44579,0],[45091,0],]]
[44836,11,41,[[44835,0],[44837,0],[44580,0],[44581,0],[45092,0],]]
[44837,17,41,[[44838,0],[44836,0],[44581,0],[45093,0],]]
[44838,8,41,[[44837,0],[44839,0],[44582,0],[44583,0],[45094,0],]]
[44839,13,41,[[44840,0],[44838,0],[44583,0],[45095,0],]]
[44840,8,41,[[44839,0],[44841,0],[44584,0],[44585,0],[45096,0],]]
[44841,19,41,[[44842,0],[44840,0],[44585,0],[45097,0],]]
[44842,12,41,[[44841,0],[44843,0],[44586,0],[44587,0],[45098,0],]]
[44843,11,41,[[44844,0],[44842,0],[44587,0],[45099,0],]]
[44844,7,41,[[44843,0],[44845,0],[44588,0],[44589,0],[45100,0],]]
[44845,3,41,[[44846,0],[44844,0],[44589,0],[45101,0],]]
[44846,16,41,[[44845,0],[44847,0],[44590,0],[44591,0],[45102,0],]]
[44847,11,41,[[44848,0],[44846,0],[44591,0],[45103,0],]]
[44848,1,41,[[44847,0],[44849,0],[44592,0],[44593,0],[45104,0],]]
[44849,10,41,[[44850,0],[44848,0],[44593,0],[45105,0],]]
[44850,16,41,[[44849,0],[44851,0],[44594,0],[44595,0],[45106,0],]]
[44851,7,41,[[44852,0],[44850,0],[44595,0],[45107,0],]]
[44852,11,41,[[44851,0],[44853,0],[44596,0],[44597,0],[45108,0],]]
[44853,1,41,[[44854,0],[44852,0],[44597,0],[45109,0],]]
[44854,15,41,[[44853,0],[44855,0],[44598,0],[44599,0],[45110,0],]]
[44855,5,41,[[44856,0],[44854,0],[44599,0],[45111,0],]]
[44856,17,41,[[44855,0],[44857,0],[44600,0],[44601,0],[45112,0],]]
[44857,10,41,[[44858,0],[44856,0],[44601,0],[45113,0],]]
[44858,2,41,[[44857,0],[44859,0],[44602,0],[44603,0],[45114,0],]]
[44859,13,41,[[44860,0],[44858,0],[44603,0],[45115,0],]]
[44860,16,41,[[44859,0],[44861,0],[44604,0],[44605,0],[45116,0],]]
[44861,12,41,[[44862,0],[44860,0],[44605,0],[45117,0],]]
[44862,15,41,[[44861,0],[44863,0],[44606,0],[44607,0],[45118,0],]]
[44863,5,41,[[44864,0],[44862,0],[44607,0],[45119,0],]]
[44864,12,42,[[44863,0],[44865,0],[44608,0],[44609,0],[45120,0],]]
[44865,17,42,[[44866,0],[44864,0],[44609,0],[45121,0],]]
[44866,2,42,[[44865,0],[44867,0],[44610,0],[44611,0],[45122,0],]]
[44867,1,42,[[44868,0],[44866,0],[44611,0],[45123,0],]]
[44868,5,42,[[44867,0],[44869,0],[44612,0],[44613,0],[45124,0],]]
[44869,19,42,[[44870,0],[44868,0],[44613,0],[45125,0],]]
[44870,15,42,[[44869,0],[44871,0],[44614,0],[44615,0],[45126,0],]]
[44871,19,42,[[44872,0],[44870,0],[44615,0],[45127,0],]]
[44872,12,42,[[44871,0],[44873,0],[44616,0],[44617,0],[45128,0],]]
[44873,5,42,[[44874,0],[44872,0],[44617,0],[45129,0],]]
[44874,11,42,[[44873,0],[44875,0],[44618,0],[44619,0],[45130,0],]]
[44875,12,42,[[44876,0],[44874,0],[44619,0],[45131,0],]]
[44876,12,42,[[44875,0],[44877,0],[44620,0],[44621,0],[45132,0],]]
[44877,15,42,[[44878,0],[44876,0],[44621,0],[45133,0],]]
[44878,16,42,[[44877,0],[44879,0],[44622,0],[44623,0],[45134,0],]]
[44879,16,42,[[44880,0],[44878,0],[44623,0],[45135,0],]]
[44880,7,42,[[44879,0],[44881,0],[44624,0],[44625,0],[45136,0],]]
[44881,13,42,[[44882,0],[44880,0],[44625,0],[45137,0],]]
[44882,2,42,[[44881,0],[44883,0],[44626,0],[44627,0],[45138,0],]]
[44883,11,42,[[44884,0],[44882,0],[44627,0],[45139,0],]]
[44884,7,42,[[44883,0],[44885,0],[44628,0],[44629,0],[45140,0],]]
[44885,9,42,[[44886,0],[44884,0],[44629,0],[45141,0],]]
[44886,19,42,[[44885,0],[44887,0],[44630,0],[44631,0],[45142,0],]]
[44887,2,42,[[44888,0],[44886,0],[44631,0],[45143,0],]]
[44888,2,42,[[44887,0],[44889,0],[44632,0],[44633,0],[45144,0],]]
[44889,4,42,[[44890,0],[44888,0],[44633,0],[45145,0],]]
[44890,12,42,[[44889,0],[44891,0],[44634,0],[44635,0],[45146,0],]]
[44891,6,42,[[44892,0],[44890,0],[44635,0],[45147,0],]]
[44892,15,42,[[44891,0],[44893,0],[44636,0],[44637,0],[45148,0],]]
[44893,17,42,[[44894,0],[44892,0],[44637,0],[45149,0],]]
[44894,17,42,[[44893,0],[44895,0],[44638,0],[44639,0],[45150,0],]]
[44895,8,42,[[44896,0],[44894,0],[44639,0],[45151,0],]]
[44896,5,43,[[44895,0],[44897,0],[44640,0],[44641,0],[45152,0],]]
[44897,16,43,[[44898,0],[44896,0],[44641,0],[45153,0],]]
[44898,10,43,[[44897,0],[44899,0],[44642,0],[44643,0],[45154,0],]]
[44899,5,43,[[44900,0],[44898,0],[44643,0],[45155,0],]]
[44900,2,43,[[44899,0],[44901,0],[44644,0],[44645,0],[45156,0],]]
[44901,11,43,[[44902,0],[44900,0],[44645,0],[45157,0],]]
[44902,16,43,[[44901,0],[44903,0],[44646,0],[44647,0],[45158,0],]]
[44903,10,43,[[44904,0],[44902,0],[44647,0],[45159,0],]]
[44904,13,43,[[44903,0],[44905,0],[44648,0],[44649,0],[45160,0],]]
[44905,1,43,[[44906,0],[44904,0],[44649,0],[45161,0],]]
[44906,17,43,[[44905,0],[44907,0],[44650,0],[44651,0],[45162,0],]]
[44907,8,43,[[44908,0],[44906,0],[44651,0],[45163,0],]]
[44908,3,43,[[44907,0],[44909,0],[44652,0],[44653,0],[45164,0],]]
[44909,12,43,[[44910,0],[44908,0],[44653,0],[45165,0],]]
[44910,12,43,[[44909,0],[44911,0],[44654,0],[44655,0],[45166,0],]]
[44911,8,43,[[44912,0],[44910,0],[44655,0],[45167,0],]]
[44912,19,43,[[44911,0],[44913,0],[44656,0],[44657,0],[45168,0],]]
[44913,4,43,[[44914,0],[44912,0],[44657,0],[45169,0],]]
[44914,1,43,[[44913,0],[44915,0],[44658,0],[44659,0],[45170,0],]]
[44915,9,43,[[44916,0],[44914,0],[44659,0],[45171,0],]]
[44916,19,43,[[44915,0],[44917,0],[44660,0],[44661,0],[45172,0],]]
[44917,18,43,[[44918,0],[44916,0],[44661,0],[45173,0],]]
[44918,15,43,[[44917,0],[44919,0],[44662,0],[44663,0],[45174,0],]]
[44919,14,43,[[44920,0],[44918,0],[44663,0],[45175,0],]]
[44920,1,43,[[44919,0],[44921,0],[44664,0],[44665,0],[45176,0],]]
[44921,8,43,[[44922,0],[44920,0],[44665,0],[45177,0],]]
[44922,4,43,[[44921,0],[44923,0],[44666,0],[44667,0],[45178,0],]]
[44923,6,43,[[44924,0],[44922,0],[44667,0],[45179,0],]]
[44924,10,43,[[44923,0],[44925,0],[44668,0],[44669,0],[45180,0],]]
[44925,6,43,[[44926,0],[44924,0],[44669,0],[45181,0],]]
[44926,5,43,[[44925,0],[44927,0],[44670,0],[44671,0],[45182,0],]]
[44927,6,43,[[44928,0],[44926,0],[44671,0],[45183,0],]]
[44928,16,44,[[44927,0],[44929,0],[44672,0],[44673,0],[45184,0],]]
[44929,10,44,[[44930,0],[44928,0],[44673,0],[45185,0],]]
[44930,6,44,[[44929,0],[44931,0],[44674,0],[44675,0],[45186,0],]]
[44931,8,44,[[44932,0],[44930,0],[44675,0],[45187,0],]]
[44932,17,44,[[44931,0],[44933,0],[44676,0],[44677,0],[45188,0],]]
[44933,10,44,[[44934,0],[44932,0],[44677,0],[45189,0],]]
[44934,3,44,[[44933,0],[44935,0],[44678,0],[44679,0],[45190,0],]]
[44935,10,44,[[44936,0],[44934,0],[44679,0],[45191,0],]]
[44936,10,44,[[44935,0],[44937,0],[44680,0],[44681,0],[45192,0],]]
[44937,1,44,[[44938,0],[44936,0],[44681,0],[45193,0],]]
[44938,11,44,[[44937,0],[44939,0],[44682,0],[44683,0],[45194,0],]]
[44939,15,44,[[44940,0],[44938,0],[44683,0],[45195,0],]]
[44940,3,44,[[44939,0],[44941,0],[44684,0],[44685,0],[45196,0],]]
[44941,5,44,[[44942,0],[44940,0],[44685,0],[45197,0],]]
[44942,11,44,[[44941,0],[44943,0],[44686,0],[44687,0],[45198,0],]]
[44943,1,44,[[44944,0],[44942,0],[44687,0],[45199,0],]]
[44944,3,44,[[44943,0],[44945,0],[44688,0],[44689,0],[45200,0],]]
[44945,3,44,[[44946,0],[44944,0],[44689,0],[45201,0],]]
[44946,14,44,[[44945,0],[44947,0],[44690,0],[44691,0],[45202,0],]]
[44947,7,44,[[44948,0],[44946,0],[44691,0],[45203,0],]]
[44948,13,44,[[44947,0],[44949,0],[44692,0],[44693,0],[45204,0],]]
[44949,18,44,[[44950,0],[44948,0],[44693,0],[45205,0],]]
[44950,19,44,[[44949,0],[44951,0],[44694,0],[44695,0],[45206,0],]]
[44951,8,44,[[44952,0],[44950,0],[44695,0],[45207,0],]]
[44952,7,44,[[44951,0],[44953,0],[44696,0],[44697,0],[45208,0],]]
[44953,17,44,[[44954,0],[44952,0],[44697,0],[45209,0],]]
[44954,14,44,[[44953,0],[44955,0],[44698,0],[44699,0],[45210,0],]]
[44955,16,44,[[44956,0],[44954,0],[44699,0],[45211,0],]]
[44956,4,44,[[44955,0],[44957,0],[44700,0],[44701,0],[45212,0],]]
[44957,13,44,[[44958,0],[44956,0],[44701,0],[45213,0],]]
[44958,1,44,[[44957,0],[44959,0],[44702,0],[44703,0],[45214,0],]]
[44959,3,44,[[44960,0],[44958,0],[44703,0],[45215,0],]]
[44960,12,45,[[44959,0],[44961,0],[44704,0],[44705,0],[45216,0],]]
[44961,14,45,[[44962,0],[44960,0],[44705,0],[45217,0],]]
[44962,16,45,[[44961,0],[44963,0],[44706,0],[44707,0],[45218,0],]]
[44963,17,45,[[44964,0],[44962,0],[44707,0],[45219,0],]]
[44964,2,45,[[44963,0],[44965,0],[44708,0],[44709,0],[45220,0],]]
[44965,8,45,[[44966,0],[44964,0],[44709,0],[45221,0],]]
[44966,5,45,[[44965,0],[44967,0],[44710,0],[44711,0],[45222,0],]]
[44967,2,45,[[44968,0],[44966,0],[44711,0],[45223,0],]]
[44968,19,45,[[44967,0],[44969,0],[44712,0],[44713,0],[45224,0],]]
[44969,3,45,[[44970,0],[44968,0],[44713,0],[45225,0],]]
[44970,4,45,[[44969,0],[44971,0],[44714,0],[44715,0],[45226,0],]]
[44971,1,45,[[44972,0],[44970,0],[44715,0],[45227,0],]]
[44972,17,45,[[44971,0],[44973,0],[44716,0],[44717,0],[45228,0],]]
[44973,9,45,[[44974,0],[44972,0],[44717,0],[45229,0],]]
[44974,13,45,[[44973,0],[44975,0],[44718,0],[44719,0],[45230,0],]]
[44975,16,45,[[44976,0],[44974,0],[44719,0],[45231,0],]]
[44976,11,45,[[44975,0],[44977,0],[44720,0],[44721,0],[45232,0],]]
[44977,17,45,[[44978,0],[44976,0],[44721,0],[45233,0],]]
[44978,16,45,[[44977,0],[44979,0],[44722,0],[44723,0],[45234,0],]]
[44979,16,45,[[44980,0],[44978,0],[44723,0],[45235,0],]]
[44980,10,45,[[44979,0],[44981,0],[44724,0],[44725,0],[45236,0],]]
[44981,17,45,[[44982,0],[44980,0],[44725,0],[45237,0],]]
[44982,11,45,[[44981,0],[44983,0],[44726,0],[44727,0],[45238,0],]]
[44983,16,45,[[44984,0],[44982,0],[44727,0],[45239,0],]]
[44984,13,45,[[44983,0],[44985,0],[44728,0],[44729,0],[45240,0],]]
[44985,17,45,[[44986,0],[44984,0],[44729,0],[45241,0],]]
[44986,15,45,[[44985,0],[44987,0],[44730,0],[44731,0],[45242,0],]]
[44987,5,45,[[44988,0],[44986,0],[44731,0],[45243,0],]]
[44988,12,45,[[44987,0],[44989,0],[44732,0],[44733,0],[45244,0],]]
[44989,8,45,[[44990,0],[44988,0],[44733,0],[45245,0],]]
[44990,15,45,[[44989,0],[44991,0],[44734,0],[44735,0],[45246,0],]]
[44991,9,45,[[44992,0],[44990,0],[44735,0],[45247,0],]]
[44992,18,46,[[44991,0],[44993,0],[44736,0],[44737,0],[45248,0],]]
[44993,10,46,[[44994,0],[44992,0],[44737,0],[45249,0],]]
[44994,19,46,[[44993,0],[44995,0],[44738,0],[44739,0],[45250,0],]]
[44995,18,46,[[44996,0],[44994,0],[44739,0],[45251,0],]]
[44996,19,46,[[44995,0],[44997,0],[44740,0],[44741,0],[45252,0],]]
[44997,11,46,[[44998,0],[44996,0],[44741,0],[45253,0],]]
[44998,12,46,[[44997,0],[44999,0],[44742,0],[44743,0],[45254,0],]]
[44999,15,46,[[45000,0],[44998,0],[44743,0],[45255,0],]]
[45000,11,46,[[44999,0],[45001,0],[44744,0],[44745,0],[45256,0],]]
[45001,9,46,[[45002,0],[45000,0],[44745,0],[45257,0],]]
[45002,6,46,[[45001,0],[45003,0],[44746,0],[44747,0],[45258,0],]]
[45003,15,46,[[45004,0],[45002,0],[44747,0],[45259,0],]]
[45004,5,46,[[45003,0],[45005,0],[44748,0],[44749,0],[45260,0],]]
[45005,8,46,[[45006,0],[45004,0],[44749,0],[45261,0],]]
[45006,13,46,[[45005,0],[45007,0],[44750,0],[44751,0],[45262,0],]]
[45007,1,46,[[45008,0],[45006,0],[44751,0],[45263,0],]]
[45008,19,46,[[45007,0],[45009,0],[44752,0],[44753,0],[45264,0],]]
[45009,16,46,[[45010,0],[45008,0],[44753,0],[45265,0],]]
[45010,16,46,[[45009,0],[45011,0],[44754,0],[44755,0],[45266,0],]]
[45011,8,46,[[45012,0],[45010,0],[44755,0],[45267,0],]]
[45012,9,46,[[45011,0],[45013,0],[44756,0],[44757,0],[45268,0],]]
[45013,13,46,[[45014,0],[45012,0],[44757,0],[45269,0],]]
[45014,3,46,[[45013,0],[45015,0],[44758,0],[44759,0],[45270,0],]]
[45015,10,46,[[45016,0],[45014,0],[44759,0],[45271,0],]]
[45016,14,46,[[45015,0],[45017,0],[44760,0],[44761,0],[45272,0],]]
[45017,15,46,[[45018,0],[45016,0],[44761,0],[45273,0],]]
[45018,19,46,[[45017,0],[45019,0],[44762,0],[44763,0],[45274,0],]]
[45019,19,46,[[45020,0],[45018,0],[44763,0],[45275,0],]]
[45020,4,46,[[45019,0],[45021,0],[44764,0],[44765,0],[45276,0],]]
[45021,3,46,[[45022,0],[45020,0],[44765,0],[45277,0],]]
[45022,17,46,[[45021,0],[45023,0],[44766,0],[44767,0],[45278,0],]]
[45023,10,46,[[45024,0],[45022,0],[44767,0],[45279,0],]]
[45024,5,47,[[45023,0],[45025,0],[44768,0],[44769,0],[45280,0],]]
[45025,2,47,[[45026,0],[45024,0],[44769,0],[45281,0],]]
[45026,2,47,[[45025,0],[45027,0],[44770,0],[44771,0],[45282,0],]]
[45027,6,47,[[45028,0],[45026,0],[44771,0],[45283,0],]]
[45028,7,47,[[45027,0],[45029,0],[44772,0],[44773,0],[45284,0],]]
[45029,12,47,[[45030,0],[45028,0],[44773,0],[45285,0],]]
[45030,6,47,[[45029,0],[45031,0],[44774,0],[44775,0],[45286,0],]]
[45031,12,47,[[45032,0],[45030,0],[44775,0],[45287,0],]]
[45032,13,47,[[45031,0],[45033,0],[44776,0],[44777,0],[45288,0],]]
[45033,16,47,[[45034,0],[45032,0],[44777,0],[45289,0],]]
[45034,6,47,[[45033,0],[45035,0],[44778,0],[44779,0],[45290,0],]]
[45035,17,47,[[45036,0],[45034,0],[44779,0],[45291,0],]]
[45036,19,47,[[45035,0],[45037,0],[44780,0],[44781,0],[45292,0],]]
[45037,6,47,[[45038,0],[45036,0],[44781,0],[45293,0],]]
[45038,6,47,[[45037,0],[45039,0],[44782,0],[44783,0],[45294,0],]]
[45039,8,47,[[45040,0],[45038,0],[44783,0],[45295,0],]]
[45040,8,47,[[45039,0],[45041,0],[44784,0],[44785,0],[45296,0],]]
[45041,1,47,[[45042,0],[45040,0],[44785,0],[45297,0],]]
[45042,13,47,[[45041,0],[45043,0],[44786,0],[44787,0],[45298,0],]]
[45043,3,47,[[45044,0],[45042,0],[44787,0],[45299,0],]]
[45044,12,47,[[45043,0],[45045,0],[44788,0],[44789,0],[45300,0],]]
[45045,19,47,[[45046,0],[45044,0],[44789,0],[45301,0],]]
[45046,13,47,[[45045,0],[45047,0],[44790,0],[44791,0],[45302,0],]]
[45047,3,47,[[45048,0],[45046,0],[44791,0],[45303,0],]]
[45048,11,47,[[45047,0],[45049,0],[44792,0],[44793,0],[45304,0],]]
[45049,9,47,[[45050,0],[45048,0],[44793,0],[45305,0],]]
[45050,18,47,[[45049,0],[45051,0],[44794,0],[44795,0],[45306,0],]]
[45051,7,47,[[45052,0],[45050,0],[44795,0],[45307,0],]]
[45052,12,47,[[45051,0],[45053,0],[44796,0],[44797,0],[45308,0],]]
[45053,1,47,[[45054,0],[45052,0],[44797,0],[45309,0],]]
[45054,18,47,[[45053,0],[45055,0],[44798,0],[44799,0],[45310,0],]]
[45055,6,47,[[45054,0],[44799,0],[45311,0],]]
[45056,2,40,[[45057,0],[45312,0],[44800,0],]]
[45057,7,40,[[45058,0],[45056,0],[45313,0],[45312,0],[44801,0],]]
[45058,5,40,[[45057,0],[45059,0],[45314,0],[44802,0],]]
[45059,1,40,[[45060,0],[45058,0],[45315,0],[45314,0],[44803,0],]]
[45060,11,40,[[45059,0],[45061,0],[45316,0],[44804,0],]]
[45061,14,40,[[45062,0],[45060,0],[45317,0],[45316,0],[44805,0],]]
[45062,10,40,[[45061,0],[45063,0],[45318,0],[44806,0],]]
[45063,8,40,[[45064,0],[45062,0],[45319,0],[45318,0],[44807,0],]]
[45064,15,40,[[45063,0],[45065,0],[45320,0],[44808,0],]]
[45065,4,40,[[45066,0],[45064,0],[45321,0],[45320,0],[44809,0],]]
[45066,9,40,[[45065,0],[45067,0],[45322,0],[44810,0],]]
[45067,19,40,[[45068,0],[45066,0],[45323,0],[45322,0],[44811,0],]]
[45068,18,40,[[45067,0],[45069,0],[45324,0],[44812,0],]]
[45069,9,40,[[45070,0],[45068,0],[45325,0],[45324,0],[44813,0],]]
[45070,13,40,[[45069,0],[45071,0],[45326,0],[44814,0],]]
[45071,4,40,[[45072,0],[45070,0],[45327,0],[45326,0],[44815,0],]]
[45072,5,40,[[45071,0],[45073,0],[45328,0],[44816,0],]]
[45073,19,40,[[45074,0],[45072,0],[45329,0],[45328,0],[44817,0],]]
[45074,5,40,[[45073,0],[45075,0],[45330,0],[44818,0],]]
[45075,12,40,[[45076,0],[45074,0],[45331,0],[45330,0],[44819,0],]]
[45076,7,40,[[45075,0],[45077,0],[45332,0],[44820,0],]]
[45077,15,40,[[45078,0],[45076,0],[45333,0],[45332,0],[44821,0],]]
[45078,14,40,[[45077,0],[45079,0],[45334,0],[44822,0],]]
[45079,9,40,[[45080,0],[45078,0],[45335,0],[45334,0],[44823,0],]]
[45080,14,40,[[45079,0],[45081,0],[45336,0],[44824,0],]]
[45081,14,40,[[45082,0],[45080,0],[45337,0],[45336,0],[44825,0],]]
[45082,16,40,[[45081,0],[45083,0],[45338,0],[44826,0],]]
[45083,3,40,[[45084,0],[45082,0],[45339,0],[45338,0],[44827,0],]]
[45084,3,40,[[45083,0],[45085,0],[45340,0],[44828,0],]]
[45085,7,40,[[45086,0],[45084,0],[45341,0],[45340,0],[44829,0],]]
[45086,14,40,[[45085,0],[45087,0],[45342,0],[44830,0],]]
[45087,7,40,[[45088,0],[45086,0],[45343,0],[45342,0],[44831,0],]]
[45088,15,41,[[45087,0],[45089,0],[45344,0],[44832,0],]]
[45089,9,41,[[45090,0],[45088,0],[45345,0],[45344,0],[44833,0],]]
[45090,17,41,[[45089,0],[45091,0],[45346,0],[44834,0],]]
[45091,10,41,[[45092,0],[45090,0],[45347,0],[45346,0],[44835,0],]]
[45092,7,41,[[45091,0],[45093,0],[45348,0],[44836,0],]]
[45093,5,41,[[45094,0],[45092,0],[45349,0],[45348,0],[44837,0],]]
[45094,19,41,[[45093,0],[45095,0],[45350,0],[44838,0],]]
[45095,15,41,[[45096,0],[45094,0],[45351,0],[45350,0],[44839,0],]]
[45096,15,41,[[45095,0],[45097,0],[45352,0],[44840,0],]]
[45097,4,41,[[45098,0],[45096,0],[45353,0],[45352,0],[44841,0],]]
[45098,17,41,[[45097,0],[45099,0],[45354,0],[44842,0],]]
[45099,15,41,[[45100,0],[45098,0],[45355,0],[45354,0],[44843,0],]]
[45100,3,41,[[45099,0],[45101,0],[45356,0],[44844,0],]]
[45101,18,41,[[45102,0],[45100,0],[45357,0],[45356,0],[44845,0],]]
[45102,17,41,[[45101,0],[45103,0],[45358,0],[44846,0],]]
[45103,1,41,[[45104,0],[45102,0],[45359,0],[45358,0],[44847,0],]]
[45104,16,41,[[45103,0],[45105,0],[45360,0],[44848,0],]]
[45105,4,41,[[45106,0],[45104,0],[45361,0],[45360,0],[44849,0],]]
[45106,13,41,[[45105,0],[45107,0],[45362,0],[44850,0],]]
[45107,4,41,[[45108,0],[45106,0],[45363,0],[45362,0],[44851,0],]]
[45108,15,41,[[45107,0],[45109,0],[45364,0],[44852,0],]]
[45109,8,41,[[45110,0],[45108,0],[45365,0],[45364,0],[44853,0],]]
[45110,5,41,[[45109,0],[45111,0],[45366,0],[44854,0],]]
[45111,6,41,[[45112,0],[45110,0],[45367,0],[45366,0],[44855,0],]]
[45112,15,41,[[45111,0],[45113,0],[45368,0],[44856,0],]]
[45113,13,41,[[45114,0],[45112,0],[45369,0],[45368,0],[44857,0],]]
[45114,16,41,[[45113,0],[45115,0],[45370,0],[44858,0],]]
[45115,5,41,[[45116,0],[45114,0],[45371,0],[45370,0],[44859,0],]]
[45116,11,41,[[45115,0],[45117,0],[45372,0],[44860,0],]]
[45117,1,41,[[45118,0],[45116,0],[45373,0],[45372,0],[44861,0],]]
[45118,17,41,[[45117,0],[45119,0],[45374,0],[44862,0],]]
[45119,9,41,[[45120,0],[45118,0],[45375,0],[45374,0],[44863,0],]]
[45120,18,42,[[45119,0],[45121,0],[45376,0],[44864,0],]]
[45121,10,42,[[45122,0],[45120,0],[45377,0],[45376,0],[44865,0],]]
[45122,17,42,[[45121,0],[45123,0],[45378,0],[44866,0],]]
[45123,4,42,[[45124,0],[45122,0],[45379,0],[45378,0],[44867,0],]]
[45124,12,42,[[45123,0],[45125,0],[45380,0],[44868,0],]]
[45125,9,42,[[45126,0],[45124,0],[45381,0],[45380,0],[44869,0],]]
[45126,19,42,[[45125,0],[45127,0],[45382,0],[44870,0],]]
[45127,5,42,[[45128,0],[45126,0],[45383,0],[45382,0],[44871,0],]]
[45128,3,42,[[45127,0],[45129,0],[45384,0],[44872,0],]]
[45129,16,42,[[45130,0],[45128,0],[45385,0],[45384,0],[44873,0],]]
[45130,12,42,[[45129,0],[45131,0],[45386,0],[44874,0],]]
[45131,11,42,[[45132,0],[45130,0],[45387,0],[45386,0],[44875,0],]]
[45132,2,42,[[45131,0],[45133,0],[45388,0],[44876,0],]]
[45133,4,42,[[45134,0],[45132,0],[45389,0],[45388,0],[44877,0],]]
[45134,16,42,[[45133,0],[45135,0],[45390,0],[44878,0],]]
[45135,13,42,[[45136,0],[45134,0],[45391,0],[45390,0],[44879,0],]]
[45136,12,42,[[45135,0],[45137,0],[45392,0],[44880,0],]]
[45137,6,42,[[45138,0],[45136,0],[45393,0],[45392,0],[44881,0],]]
[45138,17,42,[[45137,0],[45139,0],[45394,0],[44882,0],]]
[45139,15,42,[[45140,0],[45138,0],[45395,0],[45394,0],[44883,0],]]
[45140,1,42,[[45139,0],[45141,0],[45396,0],[44884,0],]]
[45141,11,42,[[45142,0],[45140,0],[45397,0],[45396,0],[44885,0],]]
[45142,15,42,[[45141,0],[45143,0],[45398,0],[44886,0],]]
[45143,14,42,[[45144,0],[45142,0],[45399,0],[45398,0],[44887,0],]]
[45144,14,42,[[45143,0],[45145,0],[45400,0],[44888,0],]]
[45145,7,42,[[45146,0],[45144,0],[45401,0],[45400,0],[44889,0],]]
[45146,7,42,[[45145,0],[45147,0],[45402,0],[44890,0],]]
[45147,19,42,[[45148,0],[45146,0],[45403,0],[45402,0],[44891,0],]]
[45148,16,42,[[45147,0],[45149,0],[45404,0],[44892,0],]]
[45149,5,42,[[45150,0],[45148,0],[45405,0],[45404,0],[44893,0],]]
[45150,11,42,[[45149,0],[45151,0],[45406,0],[44894,0],]]
[45151,7,42,[[45152,0],[45150,0],[45407,0],[45406,0],[44895,0],]]
[45152,19,43,[[45151,0],[45153,0],[45408,0],[44896,0],]]
[45153,11,43,[[45154,0],[45152,0],[45409,0],[45408,0],[44897,0],]]
[45154,8,43,[[45153,0],[45155,0],[45410,0],[44898,0],]]
[45155,15,43,[[45156,0],[45154,0],[45411,0],[45410,0],[44899,0],]]
[45156,3,43,[[45155,0],[45157,0],[45412,0],[44900,0],]]
[45157,7,43,[[45158,0],[45156,0],[45413,0],[45412,0],[44901,0],]]
[45158,2,43,[[45157,0],[45159,0],[45414,0],[44902,0],]]
[45159,4,43,[[45160,0],[45158,0],[45415,0],[45414,0],[44903,0],]]
[45160,17,43,[[45159,0],[45161,0],[45416,0],[44904,0],]]
[45161,1,43,[[45162,0],[45160,0],[45417,0],[45416,0],[44905,0],]]
[45162,15,43,[[45161,0],[45163,0],[45418,0],[44906,0],]]
[45163,10,43,[[45164,0],[45162,0],[45419,0],[45418,0],[44907,0],]]
[45164,19,43,[[45163,0],[45165,0],[45420,0],[44908,0],]]
[45165,9,43,[[45166,0],[45164,0],[45421,0],[45420,0],[44909,0],]]
[45166,17,43,[[45165,0],[45167,0],[45422,0],[44910,0],]]
[45167,19,43,[[45168,0],[45166,0],[45423,0],[45422,0],[44911,0],]]
[45168,11,43,[[45167,0],[45169,0],[45424,0],[44912,0],]]
[45169,15,43,[[45170,0],[45168,0],[45425,0],[45424,0],[44913,0],]]
[45170,10,43,[[45169,0],[45171,0],[45426,0],[44914,0],]]
[45171,10,43,[[45172,0],[45170,0],[45427,0],[45426,0],[44915,0],]]
[45172,17,43,[[45171,0],[45173,0],[45428,0],[44916,0],]]
[45173,11,43,[[45174,0],[45172,0],[45429,0],[45428,0],[44917,0],]]
[45174,1,43,[[45173,0],[45175,0],[45430,0],[44918,0],]]
[45175,18,43,[[45176,0],[45174,0],[45431,0],[45430,0],[44919,0],]]
[45176,12,43,[[45175,0],[45177,0],[45432,0],[44920,0],]]
[45177,3,43,[[45178,0],[45176,0],[45433,0],[45432,0],[44921,0],]]
[45178,7,43,[[45177,0],[45179,0],[45434,0],[44922,0],]]
[45179,19,43,[[45180,0],[45178,0],[45435,0],[45434,0],[44923,0],]]
[45180,2,43,[[45179,0],[45181,0],[45436,0],[44924,0],]]
[45181,13,43,[[45182,0],[45180,0],[45437,0],[45436,0],[44925,0],]]
[45182,17,43,[[45181,0],[45183,0],[45438,0],[44926,0],]]
[45183,14,43,[[45184,0],[45182,0],[45439,0],[45438,0],[44927,0],]]
[45184,12,44,[[45183,0],[45185,0],[45440,0],[44928,0],]]
[45185,10,44,[[45186,0],[45184,0],[45441,0],[45440,0],[44929,0],]]
[45186,17,44,[[45185,0],[45187,0],[45442,0],[44930,0],]]
[45187,12,44,[[45188,0],[45186,0],[45443,0],[45442,0],[44931,0],]]
[45188,2,44,[[45187,0],[45189,0],[45444,0],[44932,0],]]
[45189,3,44,[[45190,0],[45188,0],[45445,0],[45444,0],[44933,0],]]
[45190,11,44,[[45189,0],[45191,0],[45446,0],[44934,0],]]
[45191,6,44,[[45192,0],[45190,0],[45447,0],[45446,0],[44935,0],]]
[45192,8,44,[[45191,0],[45193,0],[45448,0],[44936,0],]]
[45193,5,44,[[45194,0],[45192,0],[45449,0],[45448,0],[44937,0],]]
[45194,9,44,[[45193,0],[45195,0],[45450,0],[44938,0],]]
[45195,14,44,[[45196,0],[45194,0],[45451,0],[45450,0],[44939,0],]]
[45196,8,44,[[45195,0],[45197,0],[45452,0],[44940,0],]]
[45197,1,44,[[45198,0],[45196,0],[45453,0],[45452,0],[44941,0],]]
[45198,7,44,[[45197,0],[45199,0],[45454,0],[44942,0],]]
[45199,5,44,[[45200,0],[45198,0],[45455,0],[45454,0],[44943,0],]]
[45200,6,44,[[45199,0],[45201,0],[45456,0],[44944,0],]]
[45201,9,44,[[45202,0],[45200,0],[45457,0],[45456,0],[44945,0],]]
[45202,6,44,[[45201,0],[45203,0],[45458,0],[44946,0],]]
[45203,6,44,[[45204,0],[45202,0],[45459,0],[45458,0],[44947,0],]]
[45204,18,44,[[45203,0],[45205,0],[45460,0],[44948,0],]]
[45205,3,44,[[45206,0],[45204,0],[45461,0],[45460,0],[44949,0],]]
[45206,10,44,[[45205,0],[45207,0],[45462,0],[44950,0],]]
[45207,3,44,[[45208,0],[45206,0],[45463,0],[45462,0],[44951,0],]]
[45208,8,44,[[45207,0],[45209,0],[45464,0],[44952,0],]]
[45209,19,44,[[45210,0],[45208,0],[45465,0],[45464,0],[44953,0],]]
[45210,17,44,[[45209,0],[45211,0],[45466,0],[44954,0],]]
[45211,4,44,[[45212,0],[45210,0],[45467,0],[45466,0],[44955,0],]]
[45212,17,44,[[45211,0],[45213,0],[45468,0],[44956,0],]]
[45213,10,44,[[45214,0],[45212,0],[45469,0],[45468,0],[44957,0],]]
[45214,7,44,[[45213,0],[45215,0],[45470,0],[44958,0],]]
[45215,14,44,[[45216,0],[45214,0],[45471,0],[45470,0],[44959,0],]]
[45216,5,45,[[45215,0],[45217,0],[45472,0],[44960,0],]]
[45217,11,45,[[45218,0],[45216,0],[45473,0],[45472,0],[44961,0],]]
[45218,4,45,[[45217,0],[45219,0],[45474,0],[44962,0],]]
