[41287,5,42,[[41288,0],[41286,0],[41031,0],[41543,0],]]
[41288,13,42,[[41287,0],[41289,0],[41032,0],[41033,0],[41544,0],]]
[41289,8,42,[[41290,0],[41288,0],[41033,0],[41545,0],]]
[41290,10,42,[[41289,0],[41291,0],[41034,0],[41035,0],[41546,0],]]
[41291,9,42,[[41292,0],[41290,0],[41035,0],[41547,0],]]
[41292,19,42,[[41291,0],[41293,0],[41036,0],[41037,0],[41548,0],]]
[41293,19,42,[[41294,0],[41292,0],[41037,0],[41549,0],]]
[41294,17,42,[[41293,0],[41295,0],[41038,0],[41039,0],[41550,0],]]
[41295,17,42,[[41296,0],[41294,0],[41039,0],[41551,0],]]
[41296,18,42,[[41295,0],[41297,0],[41040,0],[41041,0],[41552,0],]]
[41297,18,42,[[41298,0],[41296,0],[41041,0],[41553,0],]]
[41298,15,42,[[41297,0],[41299,0],[41042,0],[41043,0],[41554,0],]]
[41299,15,42,[[41300,0],[41298,0],[41043,0],[41555,0],]]
[41300,12,42,[[41299,0],[41301,0],[41044,0],[41045,0],[41556,0],]]
[41301,19,42,[[41302,0],[41300,0],[41045,0],[41557,0],]]
[41302,3,42,[[41301,0],[41303,0],[41046,0],[41047,0],[41558,0],]]
[41303,12,42,[[41304,0],[41302,0],[41047,0],[41559,0],]]
[41304,6,42,[[41303,0],[41305,0],[41048,0],[41049,0],[41560,0],]]
[41305,17,42,[[41306,0],[41304,0],[41049,0],[41561,0],]]
[41306,13,42,[[41305,0],[41307,0],[41050,0],[41051,0],[41562,0],]]
[41307,13,42,[[41308,0],[41306,0],[41051,0],[41563,0],]]
[41308,18,42,[[41307,0],[41309,0],[41052,0],[41053,0],[41564,0],]]
[41309,19,42,[[41310,0],[41308,0],[41053,0],[41565,0],]]
[41310,7,42,[[41309,0],[41311,0],[41054,0],[41055,0],[41566,0],]]
[41311,15,42,[[41312,0],[41310,0],[41055,0],[41567,0],]]
[41312,3,43,[[41311,0],[41313,0],[41056,0],[41057,0],[41568,0],]]
[41313,16,43,[[41314,0],[41312,0],[41057,0],[41569,0],]]
[41314,12,43,[[41313,0],[41315,0],[41058,0],[41059,0],[41570,0],]]
[41315,10,43,[[41316,0],[41314,0],[41059,0],[41571,0],]]
[41316,11,43,[[41315,0],[41317,0],[41060,0],[41061,0],[41572,0],]]
[41317,14,43,[[41318,0],[41316,0],[41061,0],[41573,0],]]
[41318,9,43,[[41317,0],[41319,0],[41062,0],[41063,0],[41574,0],]]
[41319,7,43,[[41320,0],[41318,0],[41063,0],[41575,0],]]
[41320,8,43,[[41319,0],[41321,0],[41064,0],[41065,0],[41576,0],]]
[41321,14,43,[[41322,0],[41320,0],[41065,0],[41577,0],]]
[41322,4,43,[[41321,0],[41323,0],[41066,0],[41067,0],[41578,0],]]
[41323,4,43,[[41324,0],[41322,0],[41067,0],[41579,0],]]
[41324,11,43,[[41323,0],[41325,0],[41068,0],[41069,0],[41580,0],]]
[41325,10,43,[[41326,0],[41324,0],[41069,0],[41581,0],]]
[41326,12,43,[[41325,0],[41327,0],[41070,0],[41071,0],[41582,0],]]
[41327,18,43,[[41328,0],[41326,0],[41071,0],[41583,0],]]
[41328,1,43,[[41327,0],[41329,0],[41072,0],[41073,0],[41584,0],]]
[41329,12,43,[[41330,0],[41328,0],[41073,0],[41585,0],]]
[41330,5,43,[[41329,0],[41331,0],[41074,0],[41075,0],[41586,0],]]
[41331,1,43,[[41332,0],[41330,0],[41075,0],[41587,0],]]
[41332,18,43,[[41331,0],[41333,0],[41076,0],[41077,0],[41588,0],]]
[41333,19,43,[[41334,0],[41332,0],[41077,0],[41589,0],]]
[41334,13,43,[[41333,0],[41335,0],[41078,0],[41079,0],[41590,0],]]
[41335,15,43,[[41336,0],[41334,0],[41079,0],[41591,0],]]
[41336,16,43,[[41335,0],[41337,0],[41080,0],[41081,0],[41592,0],]]
[41337,2,43,[[41338,0],[41336,0],[41081,0],[41593,0],]]
[41338,8,43,[[41337,0],[41339,0],[41082,0],[41083,0],[41594,0],]]
[41339,1,43,[[41340,0],[41338,0],[41083,0],[41595,0],]]
[41340,8,43,[[41339,0],[41341,0],[41084,0],[41085,0],[41596,0],]]
[41341,1,43,[[41342,0],[41340,0],[41085,0],[41597,0],]]
[41342,19,43,[[41341,0],[41343,0],[41086,0],[41087,0],[41598,0],]]
[41343,13,43,[[41344,0],[41342,0],[41087,0],[41599,0],]]
[41344,1,44,[[41343,0],[41345,0],[41088,0],[41089,0],[41600,0],]]
[41345,8,44,[[41346,0],[41344,0],[41089,0],[41601,0],]]
[41346,18,44,[[41345,0],[41347,0],[41090,0],[41091,0],[41602,0],]]
[41347,6,44,[[41348,0],[41346,0],[41091,0],[41603,0],]]
[41348,13,44,[[41347,0],[41349,0],[41092,0],[41093,0],[41604,0],]]
[41349,10,44,[[41350,0],[41348,0],[41093,0],[41605,0],]]
[41350,6,44,[[41349,0],[41351,0],[41094,0],[41095,0],[41606,0],]]
[41351,4,44,[[41352,0],[41350,0],[41095,0],[41607,0],]]
[41352,16,44,[[41351,0],[41353,0],[41096,0],[41097,0],[41608,0],]]
[41353,11,44,[[41354,0],[41352,0],[41097,0],[41609,0],]]
[41354,14,44,[[41353,0],[41355,0],[41098,0],[41099,0],[41610,0],]]
[41355,2,44,[[41356,0],[41354,0],[41099,0],[41611,0],]]
[41356,9,44,[[41355,0],[41357,0],[41100,0],[41101,0],[41612,0],]]
[41357,2,44,[[41358,0],[41356,0],[41101,0],[41613,0],]]
[41358,8,44,[[41357,0],[41359,0],[41102,0],[41103,0],[41614,0],]]
[41359,3,44,[[41360,0],[41358,0],[41103,0],[41615,0],]]
[41360,18,44,[[41359,0],[41361,0],[41104,0],[41105,0],[41616,0],]]
[41361,14,44,[[41362,0],[41360,0],[41105,0],[41617,0],]]
[41362,4,44,[[41361,0],[41363,0],[41106,0],[41107,0],[41618,0],]]
[41363,4,44,[[41364,0],[41362,0],[41107,0],[41619,0],]]
[41364,12,44,[[41363,0],[41365,0],[41108,0],[41109,0],[41620,0],]]
[41365,12,44,[[41366,0],[41364,0],[41109,0],[41621,0],]]
[41366,17,44,[[41365,0],[41367,0],[41110,0],[41111,0],[41622,0],]]
[41367,17,44,[[41368,0],[41366,0],[41111,0],[41623,0],]]
[41368,16,44,[[41367,0],[41369,0],[41112,0],[41113,0],[41624,0],]]
[41369,3,44,[[41370,0],[41368,0],[41113,0],[41625,0],]]
[41370,15,44,[[41369,0],[41371,0],[41114,0],[41115,0],[41626,0],]]
[41371,4,44,[[41372,0],[41370,0],[41115,0],[41627,0],]]
[41372,10,44,[[41371,0],[41373,0],[41116,0],[41117,0],[41628,0],]]
[41373,16,44,[[41374,0],[41372,0],[41117,0],[41629,0],]]
[41374,5,44,[[41373,0],[41375,0],[41118,0],[41119,0],[41630,0],]]
[41375,19,44,[[41376,0],[41374,0],[41119,0],[41631,0],]]
[41376,9,45,[[41375,0],[41377,0],[41120,0],[41121,0],[41632,0],]]
[41377,9,45,[[41378,0],[41376,0],[41121,0],[41633,0],]]
[41378,15,45,[[41377,0],[41379,0],[41122,0],[41123,0],[41634,0],]]
[41379,8,45,[[41380,0],[41378,0],[41123,0],[41635,0],]]
[41380,13,45,[[41379,0],[41381,0],[41124,0],[41125,0],[41636,0],]]
[41381,5,45,[[41382,0],[41380,0],[41125,0],[41637,0],]]
[41382,18,45,[[41381,0],[41383,0],[41126,0],[41127,0],[41638,0],]]
[41383,16,45,[[41384,0],[41382,0],[41127,0],[41639,0],]]
[41384,6,45,[[41383,0],[41385,0],[41128,0],[41129,0],[41640,0],]]
[41385,7,45,[[41386,0],[41384,0],[41129,0],[41641,0],]]
[41386,3,45,[[41385,0],[41387,0],[41130,0],[41131,0],[41642,0],]]
[41387,14,45,[[41388,0],[41386,0],[41131,0],[41643,0],]]
[41388,3,45,[[41387,0],[41389,0],[41132,0],[41133,0],[41644,0],]]
[41389,8,45,[[41390,0],[41388,0],[41133,0],[41645,0],]]
[41390,9,45,[[41389,0],[41391,0],[41134,0],[41135,0],[41646,0],]]
[41391,14,45,[[41392,0],[41390,0],[41135,0],[41647,0],]]
[41392,18,45,[[41391,0],[41393,0],[41136,0],[41137,0],[41648,0],]]
[41393,2,45,[[41394,0],[41392,0],[41137,0],[41649,0],]]
[41394,17,45,[[41393,0],[41395,0],[41138,0],[41139,0],[41650,0],]]
[41395,9,45,[[41396,0],[41394,0],[41139,0],[41651,0],]]
[41396,14,45,[[41395,0],[41397,0],[41140,0],[41141,0],[41652,0],]]
[41397,12,45,[[41398,0],[41396,0],[41141,0],[41653,0],]]
[41398,19,45,[[41397,0],[41399,0],[41142,0],[41143,0],[41654,0],]]
[41399,4,45,[[41400,0],[41398,0],[41143,0],[41655,0],]]
[41400,12,45,[[41399,0],[41401,0],[41144,0],[41145,0],[41656,0],]]
[41401,6,45,[[41402,0],[41400,0],[41145,0],[41657,0],]]
[41402,16,45,[[41401,0],[41403,0],[41146,0],[41147,0],[41658,0],]]
[41403,14,45,[[41404,0],[41402,0],[41147,0],[41659,0],]]
[41404,3,45,[[41403,0],[41405,0],[41148,0],[41149,0],[41660,0],]]
[41405,19,45,[[41406,0],[41404,0],[41149,0],[41661,0],]]
[41406,8,45,[[41405,0],[41407,0],[41150,0],[41151,0],[41662,0],]]
[41407,7,45,[[41408,0],[41406,0],[41151,0],[41663,0],]]
[41408,16,46,[[41407,0],[41409,0],[41152,0],[41153,0],[41664,0],]]
[41409,6,46,[[41410,0],[41408,0],[41153,0],[41665,0],]]
[41410,5,46,[[41409,0],[41411,0],[41154,0],[41155,0],[41666,0],]]
[41411,18,46,[[41412,0],[41410,0],[41155,0],[41667,0],]]
[41412,16,46,[[41411,0],[41413,0],[41156,0],[41157,0],[41668,0],]]
[41413,4,46,[[41414,0],[41412,0],[41157,0],[41669,0],]]
[41414,11,46,[[41413,0],[41415,0],[41158,0],[41159,0],[41670,0],]]
[41415,1,46,[[41416,0],[41414,0],[41159,0],[41671,0],]]
[41416,7,46,[[41415,0],[41417,0],[41160,0],[41161,0],[41672,0],]]
[41417,4,46,[[41418,0],[41416,0],[41161,0],[41673,0],]]
[41418,11,46,[[41417,0],[41419,0],[41162,0],[41163,0],[41674,0],]]
[41419,10,46,[[41420,0],[41418,0],[41163,0],[41675,0],]]
[41420,12,46,[[41419,0],[41421,0],[41164,0],[41165,0],[41676,0],]]
[41421,16,46,[[41422,0],[41420,0],[41165,0],[41677,0],]]
[41422,12,46,[[41421,0],[41423,0],[41166,0],[41167,0],[41678,0],]]
[41423,5,46,[[41424,0],[41422,0],[41167,0],[41679,0],]]
[41424,18,46,[[41423,0],[41425,0],[41168,0],[41169,0],[41680,0],]]
[41425,18,46,[[41426,0],[41424,0],[41169,0],[41681,0],]]
[41426,1,46,[[41425,0],[41427,0],[41170,0],[41171,0],[41682,0],]]
[41427,16,46,[[41428,0],[41426,0],[41171,0],[41683,0],]]
[41428,11,46,[[41427,0],[41429,0],[41172,0],[41173,0],[41684,0],]]
[41429,5,46,[[41430,0],[41428,0],[41173,0],[41685,0],]]
[41430,16,46,[[41429,0],[41431,0],[41174,0],[41175,0],[41686,0],]]
[41431,3,46,[[41432,0],[41430,0],[41175,0],[41687,0],]]
[41432,12,46,[[41431,0],[41433,0],[41176,0],[41177,0],[41688,0],]]
[41433,16,46,[[41434,0],[41432,0],[41177,0],[41689,0],]]
[41434,4,46,[[41433,0],[41435,0],[41178,0],[41179,0],[41690,0],]]
[41435,18,46,[[41436,0],[41434,0],[41179,0],[41691,0],]]
[41436,17,46,[[41435,0],[41437,0],[41180,0],[41181,0],[41692,0],]]
[41437,13,46,[[41438,0],[41436,0],[41181,0],[41693,0],]]
[41438,16,46,[[41437,0],[41439,0],[41182,0],[41183,0],[41694,0],]]
[41439,11,46,[[41440,0],[41438,0],[41183,0],[41695,0],]]
[41440,10,47,[[41439,0],[41441,0],[41184,0],[41185,0],[41696,0],]]
[41441,3,47,[[41442,0],[41440,0],[41185,0],[41697,0],]]
[41442,15,47,[[41441,0],[41443,0],[41186,0],[41187,0],[41698,0],]]
[41443,19,47,[[41444,0],[41442,0],[41187,0],[41699,0],]]
[41444,5,47,[[41443,0],[41445,0],[41188,0],[41189,0],[41700,0],]]
[41445,14,47,[[41446,0],[41444,0],[41189,0],[41701,0],]]
[41446,5,47,[[41445,0],[41447,0],[41190,0],[41191,0],[41702,0],]]
[41447,8,47,[[41448,0],[41446,0],[41191,0],[41703,0],]]
[41448,9,47,[[41447,0],[41449,0],[41192,0],[41193,0],[41704,0],]]
[41449,13,47,[[41450,0],[41448,0],[41193,0],[41705,0],]]
[41450,4,47,[[41449,0],[41451,0],[41194,0],[41195,0],[41706,0],]]
[41451,7,47,[[41452,0],[41450,0],[41195,0],[41707,0],]]
[41452,7,47,[[41451,0],[41453,0],[41196,0],[41197,0],[41708,0],]]
[41453,4,47,[[41454,0],[41452,0],[41197,0],[41709,0],]]
[41454,10,47,[[41453,0],[41455,0],[41198,0],[41199,0],[41710,0],]]
[41455,8,47,[[41456,0],[41454,0],[41199,0],[41711,0],]]
[41456,16,47,[[41455,0],[41457,0],[41200,0],[41201,0],[41712,0],]]
[41457,14,47,[[41458,0],[41456,0],[41201,0],[41713,0],]]
[41458,19,47,[[41457,0],[41459,0],[41202,0],[41203,0],[41714,0],]]
[41459,6,47,[[41460,0],[41458,0],[41203,0],[41715,0],]]
[41460,5,47,[[41459,0],[41461,0],[41204,0],[41205,0],[41716,0],]]
[41461,6,47,[[41462,0],[41460,0],[41205,0],[41717,0],]]
[41462,1,47,[[41461,0],[41463,0],[41206,0],[41207,0],[41718,0],]]
[41463,16,47,[[41464,0],[41462,0],[41207,0],[41719,0],]]
[41464,4,47,[[41463,0],[41465,0],[41208,0],[41209,0],[41720,0],]]
[41465,5,47,[[41466,0],[41464,0],[41209,0],[41721,0],]]
[41466,18,47,[[41465,0],[41467,0],[41210,0],[41211,0],[41722,0],]]
[41467,15,47,[[41468,0],[41466,0],[41211,0],[41723,0],]]
[41468,17,47,[[41467,0],[41469,0],[41212,0],[41213,0],[41724,0],]]
[41469,17,47,[[41470,0],[41468,0],[41213,0],[41725,0],]]
[41470,3,47,[[41469,0],[41471,0],[41214,0],[41215,0],[41726,0],]]
[41471,12,47,[[41470,0],[41215,0],[41727,0],]]
[41472,17,40,[[41473,0],[41728,0],[41216,0],]]
[41473,17,40,[[41474,0],[41472,0],[41729,0],[41728,0],[41217,0],]]
[41474,19,40,[[41473,0],[41475,0],[41730,0],[41218,0],]]
[41475,14,40,[[41476,0],[41474,0],[41731,0],[41730,0],[41219,0],]]
[41476,19,40,[[41475,0],[41477,0],[41732,0],[41220,0],]]
[41477,12,40,[[41478,0],[41476,0],[41733,0],[41732,0],[41221,0],]]
[41478,13,40,[[41477,0],[41479,0],[41734,0],[41222,0],]]
[41479,3,40,[[41480,0],[41478,0],[41735,0],[41734,0],[41223,0],]]
[41480,15,40,[[41479,0],[41481,0],[41736,0],[41224,0],]]
[41481,15,40,[[41482,0],[41480,0],[41737,0],[41736,0],[41225,0],]]
[41482,10,40,[[41481,0],[41483,0],[41738,0],[41226,0],]]
[41483,7,40,[[41484,0],[41482,0],[41739,0],[41738,0],[41227,0],]]
[41484,9,40,[[41483,0],[41485,0],[41740,0],[41228,0],]]
[41485,8,40,[[41486,0],[41484,0],[41741,0],[41740,0],[41229,0],]]
[41486,17,40,[[41485,0],[41487,0],[41742,0],[41230,0],]]
[41487,1,40,[[41488,0],[41486,0],[41743,0],[41742,0],[41231,0],]]
[41488,7,40,[[41487,0],[41489,0],[41744,0],[41232,0],]]
[41489,2,40,[[41490,0],[41488,0],[41745,0],[41744,0],[41233,0],]]
[41490,15,40,[[41489,0],[41491,0],[41746,0],[41234,0],]]
[41491,9,40,[[41492,0],[41490,0],[41747,0],[41746,0],[41235,0],]]
[41492,16,40,[[41491,0],[41493,0],[41748,0],[41236,0],]]
[41493,4,40,[[41494,0],[41492,0],[41749,0],[41748,0],[41237,0],]]
[41494,7,40,[[41493,0],[41495,0],[41750,0],[41238,0],]]
[41495,6,40,[[41496,0],[41494,0],[41751,0],[41750,0],[41239,0],]]
[41496,6,40,[[41495,0],[41497,0],[41752,0],[41240,0],]]
[41497,6,40,[[41498,0],[41496,0],[41753,0],[41752,0],[41241,0],]]
[41498,14,40,[[41497,0],[41499,0],[41754,0],[41242,0],]]
[41499,11,40,[[41500,0],[41498,0],[41755,0],[41754,0],[41243,0],]]
[41500,10,40,[[41499,0],[41501,0],[41756,0],[41244,0],]]
[41501,17,40,[[41502,0],[41500,0],[41757,0],[41756,0],[41245,0],]]
[41502,16,40,[[41501,0],[41503,0],[41758,0],[41246,0],]]
[41503,14,40,[[41504,0],[41502,0],[41759,0],[41758,0],[41247,0],]]
[41504,19,41,[[41503,0],[41505,0],[41760,0],[41248,0],]]
[41505,1,41,[[41506,0],[41504,0],[41761,0],[41760,0],[41249,0],]]
[41506,14,41,[[41505,0],[41507,0],[41762,0],[41250,0],]]
[41507,3,41,[[41508,0],[41506,0],[41763,0],[41762,0],[41251,0],]]
[41508,18,41,[[41507,0],[41509,0],[41764,0],[41252,0],]]
[41509,14,41,[[41510,0],[41508,0],[41765,0],[41764,0],[41253,0],]]
[41510,12,41,[[41509,0],[41511,0],[41766,0],[41254,0],]]
[41511,18,41,[[41512,0],[41510,0],[41767,0],[41766,0],[41255,0],]]
[41512,12,41,[[41511,0],[41513,0],[41768,0],[41256,0],]]
[41513,16,41,[[41514,0],[41512,0],[41769,0],[41768,0],[41257,0],]]
[41514,19,41,[[41513,0],[41515,0],[41770,0],[41258,0],]]
[41515,2,41,[[41516,0],[41514,0],[41771,0],[41770,0],[41259,0],]]
[41516,17,41,[[41515,0],[41517,0],[41772,0],[41260,0],]]
[41517,8,41,[[41518,0],[41516,0],[41773,0],[41772,0],[41261,0],]]
[41518,13,41,[[41517,0],[41519,0],[41774,0],[41262,0],]]
[41519,10,41,[[41520,0],[41518,0],[41775,0],[41774,0],[41263,0],]]
[41520,6,41,[[41519,0],[41521,0],[41776,0],[41264,0],]]
[41521,3,41,[[41522,0],[41520,0],[41777,0],[41776,0],[41265,0],]]
[41522,16,41,[[41521,0],[41523,0],[41778,0],[41266,0],]]
[41523,5,41,[[41524,0],[41522,0],[41779,0],[41778,0],[41267,0],]]
[41524,8,41,[[41523,0],[41525,0],[41780,0],[41268,0],]]
[41525,6,41,[[41526,0],[41524,0],[41781,0],[41780,0],[41269,0],]]
[41526,2,41,[[41525,0],[41527,0],[41782,0],[41270,0],]]
[41527,8,41,[[41528,0],[41526,0],[41783,0],[41782,0],[41271,0],]]
[41528,1,41,[[41527,0],[41529,0],[41784,0],[41272,0],]]
[41529,2,41,[[41530,0],[41528,0],[41785,0],[41784,0],[41273,0],]]
[41530,8,41,[[41529,0],[41531,0],[41786,0],[41274,0],]]
[41531,1,41,[[41532,0],[41530,0],[41787,0],[41786,0],[41275,0],]]
[41532,5,41,[[41531,0],[41533,0],[41788,0],[41276,0],]]
[41533,10,41,[[41534,0],[41532,0],[41789,0],[41788,0],[41277,0],]]
[41534,15,41,[[41533,0],[41535,0],[41790,0],[41278,0],]]
[41535,10,41,[[41536,0],[41534,0],[41791,0],[41790,0],[41279,0],]]
[41536,1,42,[[41535,0],[41537,0],[41792,0],[41280,0],]]
[41537,11,42,[[41538,0],[41536,0],[41793,0],[41792,0],[41281,0],]]
[41538,18,42,[[41537,0],[41539,0],[41794,0],[41282,0],]]
[41539,15,42,[[41540,0],[41538,0],[41795,0],[41794,0],[41283,0],]]
[41540,1,42,[[41539,0],[41541,0],[41796,0],[41284,0],]]
[41541,1,42,[[41542,0],[41540,0],[41797,0],[41796,0],[41285,0],]]
[41542,5,42,[[41541,0],[41543,0],[41798,0],[41286,0],]]
[41543,14,42,[[41544,0],[41542,0],[41799,0],[41798,0],[41287,0],]]
[41544,5,42,[[41543,0],[41545,0],[41800,0],[41288,0],]]
[41545,5,42,[[41546,0],[41544,0],[41801,0],[41800,0],[41289,0],]]
[41546,4,42,[[41545,0],[41547,0],[41802,0],[41290,0],]]
[41547,7,42,[[41548,0],[41546,0],[41803,0],[41802,0],[41291,0],]]
[41548,13,42,[[41547,0],[41549,0],[41804,0],[41292,0],]]
[41549,19,42,[[41550,0],[41548,0],[41805,0],[41804,0],[41293,0],]]
[41550,16,42,[[41549,0],[41551,0],[41806,0],[41294,0],]]
[41551,6,42,[[41552,0],[41550,0],[41807,0],[41806,0],[41295,0],]]
[41552,19,42,[[41551,0],[41553,0],[41808,0],[41296,0],]]
[41553,7,42,[[41554,0],[41552,0],[41809,0],[41808,0],[41297,0],]]
[41554,18,42,[[41553,0],[41555,0],[41810,0],[41298,0],]]
[41555,6,42,[[41556,0],[41554,0],[41811,0],[41810,0],[41299,0],]]
[41556,17,42,[[41555,0],[41557,0],[41812,0],[41300,0],]]
[41557,1,42,[[41558,0],[41556,0],[41813,0],[41812,0],[41301,0],]]
[41558,19,42,[[41557,0],[41559,0],[41814,0],[41302,0],]]
[41559,18,42,[[41560,0],[41558,0],[41815,0],[41814,0],[41303,0],]]
[41560,9,42,[[41559,0],[41561,0],[41816,0],[41304,0],]]
[41561,11,42,[[41562,0],[41560,0],[41817,0],[41816,0],[41305,0],]]
[41562,12,42,[[41561,0],[41563,0],[41818,0],[41306,0],]]
[41563,16,42,[[41564,0],[41562,0],[41819,0],[41818,0],[41307,0],]]
[41564,10,42,[[41563,0],[41565,0],[41820,0],[41308,0],]]
[41565,1,42,[[41566,0],[41564,0],[41821,0],[41820,0],[41309,0],]]
[41566,15,42,[[41565,0],[41567,0],[41822,0],[41310,0],]]
[41567,1,42,[[41568,0],[41566,0],[41823,0],[41822,0],[41311,0],]]
[41568,17,43,[[41567,0],[41569,0],[41824,0],[41312,0],]]
[41569,9,43,[[41570,0],[41568,0],[41825,0],[41824,0],[41313,0],]]
[41570,14,43,[[41569,0],[41571,0],[41826,0],[41314,0],]]
[41571,5,43,[[41572,0],[41570,0],[41827,0],[41826,0],[41315,0],]]
[41572,18,43,[[41571,0],[41573,0],[41828,0],[41316,0],]]
[41573,13,43,[[41574,0],[41572,0],[41829,0],[41828,0],[41317,0],]]
[41574,4,43,[[41573,0],[41575,0],[41830,0],[41318,0],]]
[41575,10,43,[[41576,0],[41574,0],[41831,0],[41830,0],[41319,0],]]
[41576,6,43,[[41575,0],[41577,0],[41832,0],[41320,0],]]
[41577,8,43,[[41578,0],[41576,0],[41833,0],[41832,0],[41321,0],]]
[41578,15,43,[[41577,0],[41579,0],[41834,0],[41322,0],]]
[41579,13,43,[[41580,0],[41578,0],[41835,0],[41834,0],[41323,0],]]
[41580,18,43,[[41579,0],[41581,0],[41836,0],[41324,0],]]
[41581,14,43,[[41582,0],[41580,0],[41837,0],[41836,0],[41325,0],]]
[41582,10,43,[[41581,0],[41583,0],[41838,0],[41326,0],]]
[41583,10,43,[[41584,0],[41582,0],[41839,0],[41838,0],[41327,0],]]
[41584,12,43,[[41583,0],[41585,0],[41840,0],[41328,0],]]
[41585,19,43,[[41586,0],[41584,0],[41841,0],[41840,0],[41329,0],]]
[41586,2,43,[[41585,0],[41587,0],[41842,0],[41330,0],]]
[41587,16,43,[[41588,0],[41586,0],[41843,0],[41842,0],[41331,0],]]
[41588,15,43,[[41587,0],[41589,0],[41844,0],[41332,0],]]
[41589,17,43,[[41590,0],[41588,0],[41845,0],[41844,0],[41333,0],]]
[41590,2,43,[[41589,0],[41591,0],[41846,0],[41334,0],]]
[41591,5,43,[[41592,0],[41590,0],[41847,0],[41846,0],[41335,0],]]
[41592,17,43,[[41591,0],[41593,0],[41848,0],[41336,0],]]
[41593,10,43,[[41594,0],[41592,0],[41849,0],[41848,0],[41337,0],]]
[41594,3,43,[[41593,0],[41595,0],[41850,0],[41338,0],]]
[41595,19,43,[[41596,0],[41594,0],[41851,0],[41850,0],[41339,0],]]
[41596,11,43,[[41595,0],[41597,0],[41852,0],[41340,0],]]
[41597,18,43,[[41598,0],[41596,0],[41853,0],[41852,0],[41341,0],]]
[41598,12,43,[[41597,0],[41599,0],[41854,0],[41342,0],]]
[41599,17,43,[[41600,0],[41598,0],[41855,0],[41854,0],[41343,0],]]
[41600,8,44,[[41599,0],[41601,0],[41856,0],[41344,0],]]
[41601,16,44,[[41602,0],[41600,0],[41857,0],[41856,0],[41345,0],]]
[41602,8,44,[[41601,0],[41603,0],[41858,0],[41346,0],]]
[41603,5,44,[[41604,0],[41602,0],[41859,0],[41858,0],[41347,0],]]
[41604,17,44,[[41603,0],[41605,0],[41860,0],[41348,0],]]
[41605,19,44,[[41606,0],[41604,0],[41861,0],[41860,0],[41349,0],]]
[41606,10,44,[[41605,0],[41607,0],[41862,0],[41350,0],]]
[41607,5,44,[[41608,0],[41606,0],[41863,0],[41862,0],[41351,0],]]
[41608,10,44,[[41607,0],[41609,0],[41864,0],[41352,0],]]
[41609,12,44,[[41610,0],[41608,0],[41865,0],[41864,0],[41353,0],]]
[41610,18,44,[[41609,0],[41611,0],[41866,0],[41354,0],]]
[41611,7,44,[[41612,0],[41610,0],[41867,0],[41866,0],[41355,0],]]
[41612,17,44,[[41611,0],[41613,0],[41868,0],[41356,0],]]
[41613,13,44,[[41614,0],[41612,0],[41869,0],[41868,0],[41357,0],]]
[41614,18,44,[[41613,0],[41615,0],[41870,0],[41358,0],]]
[41615,18,44,[[41616,0],[41614,0],[41871,0],[41870,0],[41359,0],]]
[41616,19,44,[[41615,0],[41617,0],[41872,0],[41360,0],]]
[41617,9,44,[[41618,0],[41616,0],[41873,0],[41872,0],[41361,0],]]
[41618,6,44,[[41617,0],[41619,0],[41874,0],[41362,0],]]
[41619,18,44,[[41620,0],[41618,0],[41875,0],[41874,0],[41363,0],]]
[41620,3,44,[[41619,0],[41621,0],[41876,0],[41364,0],]]
[41621,7,44,[[41622,0],[41620,0],[41877,0],[41876,0],[41365,0],]]
[41622,19,44,[[41621,0],[41623,0],[41878,0],[41366,0],]]
[41623,8,44,[[41624,0],[41622,0],[41879,0],[41878,0],[41367,0],]]
[41624,8,44,[[41623,0],[41625,0],[41880,0],[41368,0],]]
[41625,2,44,[[41626,0],[41624,0],[41881,0],[41880,0],[41369,0],]]
[41626,11,44,[[41625,0],[41627,0],[41882,0],[41370,0],]]
[41627,3,44,[[41628,0],[41626,0],[41883,0],[41882,0],[41371,0],]]
[41628,5,44,[[41627,0],[41629,0],[41884,0],[41372,0],]]
[41629,2,44,[[41630,0],[41628,0],[41885,0],[41884,0],[41373,0],]]
[41630,8,44,[[41629,0],[41631,0],[41886,0],[41374,0],]]
[41631,6,44,[[41632,0],[41630,0],[41887,0],[41886,0],[41375,0],]]
[41632,3,45,[[41631,0],[41633,0],[41888,0],[41376,0],]]
[41633,19,45,[[41634,0],[41632,0],[41889,0],[41888,0],[41377,0],]]
[41634,13,45,[[41633,0],[41635,0],[41890,0],[41378,0],]]
[41635,12,45,[[41636,0],[41634,0],[41891,0],[41890,0],[41379,0],]]
[41636,11,45,[[41635,0],[41637,0],[41892,0],[41380,0],]]
[41637,6,45,[[41638,0],[41636,0],[41893,0],[41892,0],[41381,0],]]
[41638,11,45,[[41637,0],[41639,0],[41894,0],[41382,0],]]
[41639,9,45,[[41640,0],[41638,0],[41895,0],[41894,0],[41383,0],]]
[41640,3,45,[[41639,0],[41641,0],[41896,0],[41384,0],]]
[41641,15,45,[[41642,0],[41640,0],[41897,0],[41896,0],[41385,0],]]
[41642,17,45,[[41641,0],[41643,0],[41898,0],[41386,0],]]
[41643,16,45,[[41644,0],[41642,0],[41899,0],[41898,0],[41387,0],]]
[41644,11,45,[[41643,0],[41645,0],[41900,0],[41388,0],]]
[41645,14,45,[[41646,0],[41644,0],[41901,0],[41900,0],[41389,0],]]
[41646,16,45,[[41645,0],[41647,0],[41902,0],[41390,0],]]
[41647,19,45,[[41648,0],[41646,0],[41903,0],[41902,0],[41391,0],]]
[41648,6,45,[[41647,0],[41649,0],[41904,0],[41392,0],]]
[41649,18,45,[[41650,0],[41648,0],[41905,0],[41904,0],[41393,0],]]
[41650,9,45,[[41649,0],[41651,0],[41906,0],[41394,0],]]
[41651,13,45,[[41652,0],[41650,0],[41907,0],[41906,0],[41395,0],]]
[41652,1,45,[[41651,0],[41653,0],[41908,0],[41396,0],]]
[41653,15,45,[[41654,0],[41652,0],[41909,0],[41908,0],[41397,0],]]
[41654,16,45,[[41653,0],[41655,0],[41910,0],[41398,0],]]
[41655,1,45,[[41656,0],[41654,0],[41911,0],[41910,0],[41399,0],]]
[41656,13,45,[[41655,0],[41657,0],[41912,0],[41400,0],]]
[41657,14,45,[[41658,0],[41656,0],[41913,0],[41912,0],[41401,0],]]
[41658,2,45,[[41657,0],[41659,0],[41914,0],[41402,0],]]
[41659,16,45,[[41660,0],[41658,0],[41915,0],[41914,0],[41403,0],]]
[41660,10,45,[[41659,0],[41661,0],[41916,0],[41404,0],]]
[41661,6,45,[[41662,0],[41660,0],[41917,0],[41916,0],[41405,0],]]
[41662,5,45,[[41661,0],[41663,0],[41918,0],[41406,0],]]
[41663,19,45,[[41664,0],[41662,0],[41919,0],[41918,0],[41407,0],]]
[41664,13,46,[[41663,0],[41665,0],[41920,0],[41408,0],]]
[41665,8,46,[[41666,0],[41664,0],[41921,0],[41920,0],[41409,0],]]
[41666,3,46,[[41665,0],[41667,0],[41922,0],[41410,0],]]
[41667,9,46,[[41668,0],[41666,0],[41923,0],[41922,0],[41411,0],]]
[41668,7,46,[[41667,0],[41669,0],[41924,0],[41412,0],]]
[41669,9,46,[[41670,0],[41668,0],[41925,0],[41924,0],[41413,0],]]
[41670,13,46,[[41669,0],[41671,0],[41926,0],[41414,0],]]
[41671,1,46,[[41672,0],[41670,0],[41927,0],[41926,0],[41415,0],]]
[41672,8,46,[[41671,0],[41673,0],[41928,0],[41416,0],]]
[41673,3,46,[[41674,0],[41672,0],[41929,0],[41928,0],[41417,0],]]
[41674,17,46,[[41673,0],[41675,0],[41930,0],[41418,0],]]
[41675,10,46,[[41676,0],[41674,0],[41931,0],[41930,0],[41419,0],]]
[41676,4,46,[[41675,0],[41677,0],[41932,0],[41420,0],]]
[41677,2,46,[[41678,0],[41676,0],[41933,0],[41932,0],[41421,0],]]
[41678,13,46,[[41677,0],[41679,0],[41934,0],[41422,0],]]
[41679,1,46,[[41680,0],[41678,0],[41935,0],[41934,0],[41423,0],]]
[41680,18,46,[[41679,0],[41681,0],[41936,0],[41424,0],]]
[41681,3,46,[[41682,0],[41680,0],[41937,0],[41936,0],[41425,0],]]
[41682,15,46,[[41681,0],[41683,0],[41938,0],[41426,0],]]
[41683,10,46,[[41684,0],[41682,0],[41939,0],[41938,0],[41427,0],]]
[41684,10,46,[[41683,0],[41685,0],[41940,0],[41428,0],]]
[41685,10,46,[[41686,0],[41684,0],[41941,0],[41940,0],[41429,0],]]
[41686,4,46,[[41685,0],[41687,0],[41942,0],[41430,0],]]
[41687,13,46,[[41688,0],[41686,0],[41943,0],[41942,0],[41431,0],]]
[41688,2,46,[[41687,0],[41689,0],[41944,0],[41432,0],]]
[41689,12,46,[[41690,0],[41688,0],[41945,0],[41944,0],[41433,0],]]
[41690,19,46,[[41689,0],[41691,0],[41946,0],[41434,0],]]
[41691,19,46,[[41692,0],[41690,0],[41947,0],[41946,0],[41435,0],]]
[41692,2,46,[[41691,0],[41693,0],[41948,0],[41436,0],]]
[41693,7,46,[[41694,0],[41692,0],[41949,0],[41948,0],[41437,0],]]
[41694,15,46,[[41693,0],[41695,0],[41950,0],[41438,0],]]
[41695,12,46,[[41696,0],[41694,0],[41951,0],[41950,0],[41439,0],]]
[41696,6,47,[[41695,0],[41697,0],[41952,0],[41440,0],]]
[41697,16,47,[[41698,0],[41696,0],[41953,0],[41952,0],[41441,0],]]
[41698,17,47,[[41697,0],[41699,0],[41954,0],[41442,0],]]
[41699,8,47,[[41700,0],[41698,0],[41955,0],[41954,0],[41443,0],]]
[41700,1,47,[[41699,0],[41701,0],[41956,0],[41444,0],]]
[41701,3,47,[[41702,0],[41700,0],[41957,0],[41956,0],[41445,0],]]
[41702,13,47,[[41701,0],[41703,0],[41958,0],[41446,0],]]
[41703,15,47,[[41704,0],[41702,0],[41959,0],[41958,0],[41447,0],]]
[41704,17,47,[[41703,0],[41705,0],[41960,0],[41448,0],]]
[41705,12,47,[[41706,0],[41704,0],[41961,0],[41960,0],[41449,0],]]
[41706,14,47,[[41705,0],[41707,0],[41962,0],[41450,0],]]
[41707,11,47,[[41708,0],[41706,0],[41963,0],[41962,0],[41451,0],]]
[41708,11,47,[[41707,0],[41709,0],[41964,0],[41452,0],]]
[41709,1,47,[[41710,0],[41708,0],[41965,0],[41964,0],[41453,0],]]
[41710,5,47,[[41709,0],[41711,0],[41966,0],[41454,0],]]
[41711,3,47,[[41712,0],[41710,0],[41967,0],[41966,0],[41455,0],]]
[41712,3,47,[[41711,0],[41713,0],[41968,0],[41456,0],]]
[41713,3,47,[[41714,0],[41712,0],[41969,0],[41968,0],[41457,0],]]
[41714,13,47,[[41713,0],[41715,0],[41970,0],[41458,0],]]
[41715,6,47,[[41716,0],[41714,0],[41971,0],[41970,0],[41459,0],]]
[41716,2,47,[[41715,0],[41717,0],[41972,0],[41460,0],]]
[41717,12,47,[[41718,0],[41716,0],[41973,0],[41972,0],[41461,0],]]
[41718,14,47,[[41717,0],[41719,0],[41974,0],[41462,0],]]
[41719,19,47,[[41720,0],[41718,0],[41975,0],[41974,0],[41463,0],]]
[41720,10,47,[[41719,0],[41721,0],[41976,0],[41464,0],]]
[41721,11,47,[[41722,0],[41720,0],[41977,0],[41976,0],[41465,0],]]
[41722,7,47,[[41721,0],[41723,0],[41978,0],[41466,0],]]
[41723,4,47,[[41724,0],[41722,0],[41979,0],[41978,0],[41467,0],]]
[41724,5,47,[[41723,0],[41725,0],[41980,0],[41468,0],]]
[41725,4,47,[[41726,0],[41724,0],[41981,0],[41980,0],[41469,0],]]
[41726,14,47,[[41725,0],[41727,0],[41982,0],[41470,0],]]
[41727,5,47,[[41726,0],[41983,0],[41982,0],[41471,0],]]
[41728,7,40,[[41729,0],[41472,0],[41473,0],[41984,0],]]
[41729,11,40,[[41730,0],[41728,0],[41473,0],[41985,0],]]
[41730,5,40,[[41729,0],[41731,0],[41474,0],[41475,0],[41986,0],]]
[41731,17,40,[[41732,0],[41730,0],[41475,0],[41987,0],]]
[41732,18,40,[[41731,0],[41733,0],[41476,0],[41477,0],[41988,0],]]
[41733,11,40,[[41734,0],[41732,0],[41477,0],[41989,0],]]
[41734,17,40,[[41733,0],[41735,0],[41478,0],[41479,0],[41990,0],]]
[41735,3,40,[[41736,0],[41734,0],[41479,0],[41991,0],]]
[41736,4,40,[[41735,0],[41737,0],[41480,0],[41481,0],[41992,0],]]
[41737,19,40,[[41738,0],[41736,0],[41481,0],[41993,0],]]
[41738,3,40,[[41737,0],[41739,0],[41482,0],[41483,0],[41994,0],]]
[41739,1,40,[[41740,0],[41738,0],[41483,0],[41995,0],]]
[41740,10,40,[[41739,0],[41741,0],[41484,0],[41485,0],[41996,0],]]
[41741,12,40,[[41742,0],[41740,0],[41485,0],[41997,0],]]
[41742,7,40,[[41741,0],[41743,0],[41486,0],[41487,0],[41998,0],]]
[41743,4,40,[[41744,0],[41742,0],[41487,0],[41999,0],]]
[41744,1,40,[[41743,0],[41745,0],[41488,0],[41489,0],[42000,0],]]
[41745,15,40,[[41746,0],[41744,0],[41489,0],[42001,0],]]
[41746,4,40,[[41745,0],[41747,0],[41490,0],[41491,0],[42002,0],]]
[41747,14,40,[[41748,0],[41746,0],[41491,0],[42003,0],]]
[41748,9,40,[[41747,0],[41749,0],[41492,0],[41493,0],[42004,0],]]
[41749,19,40,[[41750,0],[41748,0],[41493,0],[42005,0],]]
[41750,5,40,[[41749,0],[41751,0],[41494,0],[41495,0],[42006,0],]]
[41751,18,40,[[41752,0],[41750,0],[41495,0],[42007,0],]]
[41752,11,40,[[41751,0],[41753,0],[41496,0],[41497,0],[42008,0],]]
[41753,15,40,[[41754,0],[41752,0],[41497,0],[42009,0],]]
[41754,4,40,[[41753,0],[41755,0],[41498,0],[41499,0],[42010,0],]]
[41755,18,40,[[41756,0],[41754,0],[41499,0],[42011,0],]]
[41756,15,40,[[41755,0],[41757,0],[41500,0],[41501,0],[42012,0],]]
[41757,5,40,[[41758,0],[41756,0],[41501,0],[42013,0],]]
[41758,7,40,[[41757,0],[41759,0],[41502,0],[41503,0],[42014,0],]]
[41759,4,40,[[41760,0],[41758,0],[41503,0],[42015,0],]]
[41760,19,41,[[41759,0],[41761,0],[41504,0],[41505,0],[42016,0],]]
[41761,6,41,[[41762,0],[41760,0],[41505,0],[42017,0],]]
[41762,19,41,[[41761,0],[41763,0],[41506,0],[41507,0],[42018,0],]]
[41763,18,41,[[41764,0],[41762,0],[41507,0],[42019,0],]]
[41764,11,41,[[41763,0],[41765,0],[41508,0],[41509,0],[42020,0],]]
[41765,14,41,[[41766,0],[41764,0],[41509,0],[42021,0],]]
[41766,8,41,[[41765,0],[41767,0],[41510,0],[41511,0],[42022,0],]]
[41767,19,41,[[41768,0],[41766,0],[41511,0],[42023,0],]]
[41768,19,41,[[41767,0],[41769,0],[41512,0],[41513,0],[42024,0],]]
[41769,8,41,[[41770,0],[41768,0],[41513,0],[42025,0],]]
[41770,14,41,[[41769,0],[41771,0],[41514,0],[41515,0],[42026,0],]]
[41771,17,41,[[41772,0],[41770,0],[41515,0],[42027,0],]]
[41772,19,41,[[41771,0],[41773,0],[41516,0],[41517,0],[42028,0],]]
[41773,2,41,[[41774,0],[41772,0],[41517,0],[42029,0],]]
[41774,18,41,[[41773,0],[41775,0],[41518,0],[41519,0],[42030,0],]]
[41775,5,41,[[41776,0],[41774,0],[41519,0],[42031,0],]]
[41776,13,41,[[41775,0],[41777,0],[41520,0],[41521,0],[42032,0],]]
[41777,4,41,[[41778,0],[41776,0],[41521,0],[42033,0],]]
[41778,9,41,[[41777,0],[41779,0],[41522,0],[41523,0],[42034,0],]]
[41779,2,41,[[41780,0],[41778,0],[41523,0],[42035,0],]]
[41780,12,41,[[41779,0],[41781,0],[41524,0],[41525,0],[42036,0],]]
[41781,18,41,[[41782,0],[41780,0],[41525,0],[42037,0],]]
[41782,18,41,[[41781,0],[41783,0],[41526,0],[41527,0],[42038,0],]]
[41783,11,41,[[41784,0],[41782,0],[41527,0],[42039,0],]]
[41784,17,41,[[41783,0],[41785,0],[41528,0],[41529,0],[42040,0],]]
[41785,19,41,[[41786,0],[41784,0],[41529,0],[42041,0],]]
[41786,19,41,[[41785,0],[41787,0],[41530,0],[41531,0],[42042,0],]]
[41787,4,41,[[41788,0],[41786,0],[41531,0],[42043,0],]]
[41788,1,41,[[41787,0],[41789,0],[41532,0],[41533,0],[42044,0],]]
[41789,4,41,[[41790,0],[41788,0],[41533,0],[42045,0],]]
[41790,11,41,[[41789,0],[41791,0],[41534,0],[41535,0],[42046,0],]]
[41791,3,41,[[41792,0],[41790,0],[41535,0],[42047,0],]]
[41792,1,42,[[41791,0],[41793,0],[41536,0],[41537,0],[42048,0],]]
[41793,13,42,[[41794,0],[41792,0],[41537,0],[42049,0],]]
[41794,11,42,[[41793,0],[41795,0],[41538,0],[41539,0],[42050,0],]]
[41795,7,42,[[41796,0],[41794,0],[41539,0],[42051,0],]]
[41796,17,42,[[41795,0],[41797,0],[41540,0],[41541,0],[42052,0],]]
[41797,8,42,[[41798,0],[41796,0],[41541,0],[42053,0],]]
[41798,14,42,[[41797,0],[41799,0],[41542,0],[41543,0],[42054,0],]]
[41799,3,42,[[41800,0],[41798,0],[41543,0],[42055,0],]]
[41800,9,42,[[41799,0],[41801,0],[41544,0],[41545,0],[42056,0],]]
[41801,1,42,[[41802,0],[41800,0],[41545,0],[42057,0],]]
[41802,12,42,[[41801,0],[41803,0],[41546,0],[41547,0],[42058,0],]]
[41803,18,42,[[41804,0],[41802,0],[41547,0],[42059,0],]]
[41804,4,42,[[41803,0],[41805,0],[41548,0],[41549,0],[42060,0],]]
[41805,2,42,[[41806,0],[41804,0],[41549,0],[42061,0],]]
[41806,3,42,[[41805,0],[41807,0],[41550,0],[41551,0],[42062,0],]]
[41807,18,42,[[41808,0],[41806,0],[41551,0],[42063,0],]]
[41808,6,42,[[41807,0],[41809,0],[41552,0],[41553,0],[42064,0],]]
[41809,3,42,[[41810,0],[41808,0],[41553,0],[42065,0],]]
[41810,12,42,[[41809,0],[41811,0],[41554,0],[41555,0],[42066,0],]]
[41811,4,42,[[41812,0],[41810,0],[41555,0],[42067,0],]]
[41812,7,42,[[41811,0],[41813,0],[41556,0],[41557,0],[42068,0],]]
[41813,8,42,[[41814,0],[41812,0],[41557,0],[42069,0],]]
[41814,13,42,[[41813,0],[41815,0],[41558,0],[41559,0],[42070,0],]]
[41815,13,42,[[41816,0],[41814,0],[41559,0],[42071,0],]]
[41816,16,42,[[41815,0],[41817,0],[41560,0],[41561,0],[42072,0],]]
[41817,15,42,[[41818,0],[41816,0],[41561,0],[42073,0],]]
[41818,8,42,[[41817,0],[41819,0],[41562,0],[41563,0],[42074,0],]]
[41819,19,42,[[41820,0],[41818,0],[41563,0],[42075,0],]]
[41820,17,42,[[41819,0],[41821,0],[41564,0],[41565,0],[42076,0],]]
[41821,10,42,[[41822,0],[41820,0],[41565,0],[42077,0],]]
[41822,5,42,[[41821,0],[41823,0],[41566,0],[41567,0],[42078,0],]]
[41823,14,42,[[41824,0],[41822,0],[41567,0],[42079,0],]]
[41824,19,43,[[41823,0],[41825,0],[41568,0],[41569,0],[42080,0],]]
[41825,1,43,[[41826,0],[41824,0],[41569,0],[42081,0],]]
[41826,1,43,[[41825,0],[41827,0],[41570,0],[41571,0],[42082,0],]]
[41827,15,43,[[41828,0],[41826,0],[41571,0],[42083,0],]]
[41828,17,43,[[41827,0],[41829,0],[41572,0],[41573,0],[42084,0],]]
[41829,10,43,[[41830,0],[41828,0],[41573,0],[42085,0],]]
[41830,5,43,[[41829,0],[41831,0],[41574,0],[41575,0],[42086,0],]]
[41831,9,43,[[41832,0],[41830,0],[41575,0],[42087,0],]]
[41832,5,43,[[41831,0],[41833,0],[41576,0],[41577,0],[42088,0],]]
[41833,5,43,[[41834,0],[41832,0],[41577,0],[42089,0],]]
[41834,4,43,[[41833,0],[41835,0],[41578,0],[41579,0],[42090,0],]]
[41835,6,43,[[41836,0],[41834,0],[41579,0],[42091,0],]]
[41836,17,43,[[41835,0],[41837,0],[41580,0],[41581,0],[42092,0],]]
[41837,4,43,[[41838,0],[41836,0],[41581,0],[42093,0],]]
[41838,19,43,[[41837,0],[41839,0],[41582,0],[41583,0],[42094,0],]]
[41839,11,43,[[41840,0],[41838,0],[41583,0],[42095,0],]]
[41840,4,43,[[41839,0],[41841,0],[41584,0],[41585,0],[42096,0],]]
[41841,15,43,[[41842,0],[41840,0],[41585,0],[42097,0],]]
[41842,4,43,[[41841,0],[41843,0],[41586,0],[41587,0],[42098,0],]]
[41843,11,43,[[41844,0],[41842,0],[41587,0],[42099,0],]]
[41844,18,43,[[41843,0],[41845,0],[41588,0],[41589,0],[42100,0],]]
[41845,10,43,[[41846,0],[41844,0],[41589,0],[42101,0],]]
[41846,17,43,[[41845,0],[41847,0],[41590,0],[41591,0],[42102,0],]]
[41847,1,43,[[41848,0],[41846,0],[41591,0],[42103,0],]]
[41848,11,43,[[41847,0],[41849,0],[41592,0],[41593,0],[42104,0],]]
[41849,19,43,[[41850,0],[41848,0],[41593,0],[42105,0],]]
[41850,3,43,[[41849,0],[41851,0],[41594,0],[41595,0],[42106,0],]]
[41851,18,43,[[41852,0],[41850,0],[41595,0],[42107,0],]]
[41852,5,43,[[41851,0],[41853,0],[41596,0],[41597,0],[42108,0],]]
[41853,13,43,[[41854,0],[41852,0],[41597,0],[42109,0],]]
[41854,2,43,[[41853,0],[41855,0],[41598,0],[41599,0],[42110,0],]]
[41855,13,43,[[41856,0],[41854,0],[41599,0],[42111,0],]]
[41856,16,44,[[41855,0],[41857,0],[41600,0],[41601,0],[42112,0],]]
[41857,12,44,[[41858,0],[41856,0],[41601,0],[42113,0],]]
[41858,19,44,[[41857,0],[41859,0],[41602,0],[41603,0],[42114,0],]]
[41859,7,44,[[41860,0],[41858,0],[41603,0],[42115,0],]]
[41860,16,44,[[41859,0],[41861,0],[41604,0],[41605,0],[42116,0],]]
[41861,2,44,[[41862,0],[41860,0],[41605,0],[42117,0],]]
[41862,5,44,[[41861,0],[41863,0],[41606,0],[41607,0],[42118,0],]]
[41863,14,44,[[41864,0],[41862,0],[41607,0],[42119,0],]]
[41864,15,44,[[41863,0],[41865,0],[41608,0],[41609,0],[42120,0],]]
[41865,7,44,[[41866,0],[41864,0],[41609,0],[42121,0],]]
[41866,2,44,[[41865,0],[41867,0],[41610,0],[41611,0],[42122,0],]]
[41867,2,44,[[41868,0],[41866,0],[41611,0],[42123,0],]]
[41868,4,44,[[41867,0],[41869,0],[41612,0],[41613,0],[42124,0],]]
[41869,8,44,[[41870,0],[41868,0],[41613,0],[42125,0],]]
[41870,13,44,[[41869,0],[41871,0],[41614,0],[41615,0],[42126,0],]]
[41871,8,44,[[41872,0],[41870,0],[41615,0],[42127,0],]]
[41872,7,44,[[41871,0],[41873,0],[41616,0],[41617,0],[42128,0],]]
[41873,4,44,[[41874,0],[41872,0],[41617,0],[42129,0],]]
[41874,18,44,[[41873,0],[41875,0],[41618,0],[41619,0],[42130,0],]]
[41875,17,44,[[41876,0],[41874,0],[41619,0],[42131,0],]]
[41876,14,44,[[41875,0],[41877,0],[41620,0],[41621,0],[42132,0],]]
[41877,4,44,[[41878,0],[41876,0],[41621,0],[42133,0],]]
[41878,1,44,[[41877,0],[41879,0],[41622,0],[41623,0],[42134,0],]]
[41879,13,44,[[41880,0],[41878,0],[41623,0],[42135,0],]]
[41880,2,44,[[41879,0],[41881,0],[41624,0],[41625,0],[42136,0],]]
[41881,13,44,[[41882,0],[41880,0],[41625,0],[42137,0],]]
[41882,17,44,[[41881,0],[41883,0],[41626,0],[41627,0],[42138,0],]]
[41883,14,44,[[41884,0],[41882,0],[41627,0],[42139,0],]]
[41884,18,44,[[41883,0],[41885,0],[41628,0],[41629,0],[42140,0],]]
[41885,12,44,[[41886,0],[41884,0],[41629,0],[42141,0],]]
[41886,7,44,[[41885,0],[41887,0],[41630,0],[41631,0],[42142,0],]]
[41887,3,44,[[41888,0],[41886,0],[41631,0],[42143,0],]]
[41888,8,45,[[41887,0],[41889,0],[41632,0],[41633,0],[42144,0],]]
[41889,3,45,[[41890,0],[41888,0],[41633,0],[42145,0],]]
[41890,12,45,[[41889,0],[41891,0],[41634,0],[41635,0],[42146,0],]]
[41891,13,45,[[41892,0],[41890,0],[41635,0],[42147,0],]]
[41892,6,45,[[41891,0],[41893,0],[41636,0],[41637,0],[42148,0],]]
[41893,18,45,[[41894,0],[41892,0],[41637,0],[42149,0],]]
[41894,15,45,[[41893,0],[41895,0],[41638,0],[41639,0],[42150,0],]]
[41895,4,45,[[41896,0],[41894,0],[41639,0],[42151,0],]]
[41896,15,45,[[41895,0],[41897,0],[41640,0],[41641,0],[42152,0],]]
[41897,14,45,[[41898,0],[41896,0],[41641,0],[42153,0],]]
[41898,10,45,[[41897,0],[41899,0],[41642,0],[41643,0],[42154,0],]]
[41899,11,45,[[41900,0],[41898,0],[41643,0],[42155,0],]]
[41900,2,45,[[41899,0],[41901,0],[41644,0],[41645,0],[42156,0],]]
[41901,10,45,[[41902,0],[41900,0],[41645,0],[42157,0],]]
[41902,11,45,[[41901,0],[41903,0],[41646,0],[41647,0],[42158,0],]]
[41903,9,45,[[41904,0],[41902,0],[41647,0],[42159,0],]]
[41904,4,45,[[41903,0],[41905,0],[41648,0],[41649,0],[42160,0],]]
[41905,13,45,[[41906,0],[41904,0],[41649,0],[42161,0],]]
[41906,4,45,[[41905,0],[41907,0],[41650,0],[41651,0],[42162,0],]]
[41907,16,45,[[41908,0],[41906,0],[41651,0],[42163,0],]]
[41908,8,45,[[41907,0],[41909,0],[41652,0],[41653,0],[42164,0],]]
[41909,7,45,[[41910,0],[41908,0],[41653,0],[42165,0],]]
[41910,13,45,[[41909,0],[41911,0],[41654,0],[41655,0],[42166,0],]]
[41911,2,45,[[41912,0],[41910,0],[41655,0],[42167,0],]]
[41912,2,45,[[41911,0],[41913,0],[41656,0],[41657,0],[42168,0],]]
[41913,1,45,[[41914,0],[41912,0],[41657,0],[42169,0],]]
[41914,5,45,[[41913,0],[41915,0],[41658,0],[41659,0],[42170,0],]]
[41915,9,45,[[41916,0],[41914,0],[41659,0],[42171,0],]]
[41916,2,45,[[41915,0],[41917,0],[41660,0],[41661,0],[42172,0],]]
[41917,14,45,[[41918,0],[41916,0],[41661,0],[42173,0],]]
[41918,7,45,[[41917,0],[41919,0],[41662,0],[41663,0],[42174,0],]]
[41919,11,45,[[41920,0],[41918,0],[41663,0],[42175,0],]]
[41920,8,46,[[41919,0],[41921,0],[41664,0],[41665,0],[42176,0],]]
[41921,15,46,[[41922,0],[41920,0],[41665,0],[42177,0],]]
[41922,18,46,[[41921,0],[41923,0],[41666,0],[41667,0],[42178,0],]]
[41923,13,46,[[41924,0],[41922,0],[41667,0],[42179,0],]]
[41924,17,46,[[41923,0],[41925,0],[41668,0],[41669,0],[42180,0],]]
[41925,15,46,[[41926,0],[41924,0],[41669,0],[42181,0],]]
[41926,15,46,[[41925,0],[41927,0],[41670,0],[41671,0],[42182,0],]]
[41927,1,46,[[41928,0],[41926,0],[41671,0],[42183,0],]]
[41928,10,46,[[41927,0],[41929,0],[41672,0],[41673,0],[42184,0],]]
[41929,4,46,[[41930,0],[41928,0],[41673,0],[42185,0],]]
[41930,11,46,[[41929,0],[41931,0],[41674,0],[41675,0],[42186,0],]]
[41931,1,46,[[41932,0],[41930,0],[41675,0],[42187,0],]]
[41932,16,46,[[41931,0],[41933,0],[41676,0],[41677,0],[42188,0],]]
[41933,10,46,[[41934,0],[41932,0],[41677,0],[42189,0],]]
[41934,14,46,[[41933,0],[41935,0],[41678,0],[41679,0],[42190,0],]]
[41935,8,46,[[41936,0],[41934,0],[41679,0],[42191,0],]]
[41936,19,46,[[41935,0],[41937,0],[41680,0],[41681,0],[42192,0],]]
[41937,12,46,[[41938,0],[41936,0],[41681,0],[42193,0],]]
[41938,10,46,[[41937,0],[41939,0],[41682,0],[41683,0],[42194,0],]]
[41939,17,46,[[41940,0],[41938,0],[41683,0],[42195,0],]]
[41940,9,46,[[41939,0],[41941,0],[41684,0],[41685,0],[42196,0],]]
[41941,15,46,[[41942,0],[41940,0],[41685,0],[42197,0],]]
[41942,8,46,[[41941,0],[41943,0],[41686,0],[41687,0],[42198,0],]]
