[45219,7,45,[[45220,0],[45218,0],[45475,0],[45474,0],[44963,0],]]
[45220,14,45,[[45219,0],[45221,0],[45476,0],[44964,0],]]
[45221,16,45,[[45222,0],[45220,0],[45477,0],[45476,0],[44965,0],]]
[45222,16,45,[[45221,0],[45223,0],[45478,0],[44966,0],]]
[45223,5,45,[[45224,0],[45222,0],[45479,0],[45478,0],[44967,0],]]
[45224,7,45,[[45223,0],[45225,0],[45480,0],[44968,0],]]
[45225,3,45,[[45226,0],[45224,0],[45481,0],[45480,0],[44969,0],]]
[45226,17,45,[[45225,0],[45227,0],[45482,0],[44970,0],]]
[45227,13,45,[[45228,0],[45226,0],[45483,0],[45482,0],[44971,0],]]
[45228,17,45,[[45227,0],[45229,0],[45484,0],[44972,0],]]
[45229,2,45,[[45230,0],[45228,0],[45485,0],[45484,0],[44973,0],]]
[45230,19,45,[[45229,0],[45231,0],[45486,0],[44974,0],]]
[45231,11,45,[[45232,0],[45230,0],[45487,0],[45486,0],[44975,0],]]
[45232,6,45,[[45231,0],[45233,0],[45488,0],[44976,0],]]
[45233,15,45,[[45234,0],[45232,0],[45489,0],[45488,0],[44977,0],]]
[45234,16,45,[[45233,0],[45235,0],[45490,0],[44978,0],]]
[45235,1,45,[[45236,0],[45234,0],[45491,0],[45490,0],[44979,0],]]
[45236,18,45,[[45235,0],[45237,0],[45492,0],[44980,0],]]
[45237,12,45,[[45238,0],[45236,0],[45493,0],[45492,0],[44981,0],]]
[45238,18,45,[[45237,0],[45239,0],[45494,0],[44982,0],]]
[45239,18,45,[[45240,0],[45238,0],[45495,0],[45494,0],[44983,0],]]
[45240,18,45,[[45239,0],[45241,0],[45496,0],[44984,0],]]
[45241,19,45,[[45242,0],[45240,0],[45497,0],[45496,0],[44985,0],]]
[45242,3,45,[[45241,0],[45243,0],[45498,0],[44986,0],]]
[45243,12,45,[[45244,0],[45242,0],[45499,0],[45498,0],[44987,0],]]
[45244,14,45,[[45243,0],[45245,0],[45500,0],[44988,0],]]
[45245,2,45,[[45246,0],[45244,0],[45501,0],[45500,0],[44989,0],]]
[45246,2,45,[[45245,0],[45247,0],[45502,0],[44990,0],]]
[45247,11,45,[[45248,0],[45246,0],[45503,0],[45502,0],[44991,0],]]
[45248,15,46,[[45247,0],[45249,0],[45504,0],[44992,0],]]
[45249,14,46,[[45250,0],[45248,0],[45505,0],[45504,0],[44993,0],]]
[45250,4,46,[[45249,0],[45251,0],[45506,0],[44994,0],]]
[45251,8,46,[[45252,0],[45250,0],[45507,0],[45506,0],[44995,0],]]
[45252,5,46,[[45251,0],[45253,0],[45508,0],[44996,0],]]
[45253,16,46,[[45254,0],[45252,0],[45509,0],[45508,0],[44997,0],]]
[45254,3,46,[[45253,0],[45255,0],[45510,0],[44998,0],]]
[45255,18,46,[[45256,0],[45254,0],[45511,0],[45510,0],[44999,0],]]
[45256,11,46,[[45255,0],[45257,0],[45512,0],[45000,0],]]
[45257,3,46,[[45258,0],[45256,0],[45513,0],[45512,0],[45001,0],]]
[45258,13,46,[[45257,0],[45259,0],[45514,0],[45002,0],]]
[45259,1,46,[[45260,0],[45258,0],[45515,0],[45514,0],[45003,0],]]
[45260,15,46,[[45259,0],[45261,0],[45516,0],[45004,0],]]
[45261,17,46,[[45262,0],[45260,0],[45517,0],[45516,0],[45005,0],]]
[45262,18,46,[[45261,0],[45263,0],[45518,0],[45006,0],]]
[45263,15,46,[[45264,0],[45262,0],[45519,0],[45518,0],[45007,0],]]
[45264,4,46,[[45263,0],[45265,0],[45520,0],[45008,0],]]
[45265,16,46,[[45266,0],[45264,0],[45521,0],[45520,0],[45009,0],]]
[45266,12,46,[[45265,0],[45267,0],[45522,0],[45010,0],]]
[45267,15,46,[[45268,0],[45266,0],[45523,0],[45522,0],[45011,0],]]
[45268,18,46,[[45267,0],[45269,0],[45524,0],[45012,0],]]
[45269,1,46,[[45270,0],[45268,0],[45525,0],[45524,0],[45013,0],]]
[45270,3,46,[[45269,0],[45271,0],[45526,0],[45014,0],]]
[45271,16,46,[[45272,0],[45270,0],[45527,0],[45526,0],[45015,0],]]
[45272,9,46,[[45271,0],[45273,0],[45528,0],[45016,0],]]
[45273,16,46,[[45274,0],[45272,0],[45529,0],[45528,0],[45017,0],]]
[45274,8,46,[[45273,0],[45275,0],[45530,0],[45018,0],]]
[45275,1,46,[[45276,0],[45274,0],[45531,0],[45530,0],[45019,0],]]
[45276,10,46,[[45275,0],[45277,0],[45532,0],[45020,0],]]
[45277,11,46,[[45278,0],[45276,0],[45533,0],[45532,0],[45021,0],]]
[45278,2,46,[[45277,0],[45279,0],[45534,0],[45022,0],]]
[45279,16,46,[[45280,0],[45278,0],[45535,0],[45534,0],[45023,0],]]
[45280,8,47,[[45279,0],[45281,0],[45536,0],[45024,0],]]
[45281,16,47,[[45282,0],[45280,0],[45537,0],[45536,0],[45025,0],]]
[45282,4,47,[[45281,0],[45283,0],[45538,0],[45026,0],]]
[45283,6,47,[[45284,0],[45282,0],[45539,0],[45538,0],[45027,0],]]
[45284,2,47,[[45283,0],[45285,0],[45540,0],[45028,0],]]
[45285,10,47,[[45286,0],[45284,0],[45541,0],[45540,0],[45029,0],]]
[45286,16,47,[[45285,0],[45287,0],[45542,0],[45030,0],]]
[45287,13,47,[[45288,0],[45286,0],[45543,0],[45542,0],[45031,0],]]
[45288,16,47,[[45287,0],[45289,0],[45544,0],[45032,0],]]
[45289,6,47,[[45290,0],[45288,0],[45545,0],[45544,0],[45033,0],]]
[45290,10,47,[[45289,0],[45291,0],[45546,0],[45034,0],]]
[45291,19,47,[[45292,0],[45290,0],[45547,0],[45546,0],[45035,0],]]
[45292,15,47,[[45291,0],[45293,0],[45548,0],[45036,0],]]
[45293,2,47,[[45294,0],[45292,0],[45549,0],[45548,0],[45037,0],]]
[45294,11,47,[[45293,0],[45295,0],[45550,0],[45038,0],]]
[45295,10,47,[[45296,0],[45294,0],[45551,0],[45550,0],[45039,0],]]
[45296,11,47,[[45295,0],[45297,0],[45552,0],[45040,0],]]
[45297,11,47,[[45298,0],[45296,0],[45553,0],[45552,0],[45041,0],]]
[45298,11,47,[[45297,0],[45299,0],[45554,0],[45042,0],]]
[45299,1,47,[[45300,0],[45298,0],[45555,0],[45554,0],[45043,0],]]
[45300,6,47,[[45299,0],[45301,0],[45556,0],[45044,0],]]
[45301,8,47,[[45302,0],[45300,0],[45557,0],[45556,0],[45045,0],]]
[45302,7,47,[[45301,0],[45303,0],[45558,0],[45046,0],]]
[45303,19,47,[[45304,0],[45302,0],[45559,0],[45558,0],[45047,0],]]
[45304,10,47,[[45303,0],[45305,0],[45560,0],[45048,0],]]
[45305,14,47,[[45306,0],[45304,0],[45561,0],[45560,0],[45049,0],]]
[45306,5,47,[[45305,0],[45307,0],[45562,0],[45050,0],]]
[45307,5,47,[[45308,0],[45306,0],[45563,0],[45562,0],[45051,0],]]
[45308,17,47,[[45307,0],[45309,0],[45564,0],[45052,0],]]
[45309,12,47,[[45310,0],[45308,0],[45565,0],[45564,0],[45053,0],]]
[45310,13,47,[[45309,0],[45311,0],[45566,0],[45054,0],]]
[45311,15,47,[[45310,0],[45567,0],[45566,0],[45055,0],]]
[45312,6,40,[[45313,0],[45056,0],[45057,0],[45568,0],]]
[45313,17,40,[[45314,0],[45312,0],[45057,0],[45569,0],]]
[45314,19,40,[[45313,0],[45315,0],[45058,0],[45059,0],[45570,0],]]
[45315,12,40,[[45316,0],[45314,0],[45059,0],[45571,0],]]
[45316,15,40,[[45315,0],[45317,0],[45060,0],[45061,0],[45572,0],]]
[45317,13,40,[[45318,0],[45316,0],[45061,0],[45573,0],]]
[45318,3,40,[[45317,0],[45319,0],[45062,0],[45063,0],[45574,0],]]
[45319,1,40,[[45320,0],[45318,0],[45063,0],[45575,0],]]
[45320,13,40,[[45319,0],[45321,0],[45064,0],[45065,0],[45576,0],]]
[45321,6,40,[[45322,0],[45320,0],[45065,0],[45577,0],]]
[45322,3,40,[[45321,0],[45323,0],[45066,0],[45067,0],[45578,0],]]
[45323,15,40,[[45324,0],[45322,0],[45067,0],[45579,0],]]
[45324,15,40,[[45323,0],[45325,0],[45068,0],[45069,0],[45580,0],]]
[45325,6,40,[[45326,0],[45324,0],[45069,0],[45581,0],]]
[45326,16,40,[[45325,0],[45327,0],[45070,0],[45071,0],[45582,0],]]
[45327,1,40,[[45328,0],[45326,0],[45071,0],[45583,0],]]
[45328,19,40,[[45327,0],[45329,0],[45072,0],[45073,0],[45584,0],]]
[45329,6,40,[[45330,0],[45328,0],[45073,0],[45585,0],]]
[45330,10,40,[[45329,0],[45331,0],[45074,0],[45075,0],[45586,0],]]
[45331,3,40,[[45332,0],[45330,0],[45075,0],[45587,0],]]
[45332,9,40,[[45331,0],[45333,0],[45076,0],[45077,0],[45588,0],]]
[45333,7,40,[[45334,0],[45332,0],[45077,0],[45589,0],]]
[45334,19,40,[[45333,0],[45335,0],[45078,0],[45079,0],[45590,0],]]
[45335,7,40,[[45336,0],[45334,0],[45079,0],[45591,0],]]
[45336,1,40,[[45335,0],[45337,0],[45080,0],[45081,0],[45592,0],]]
[45337,5,40,[[45338,0],[45336,0],[45081,0],[45593,0],]]
[45338,14,40,[[45337,0],[45339,0],[45082,0],[45083,0],[45594,0],]]
[45339,9,40,[[45340,0],[45338,0],[45083,0],[45595,0],]]
[45340,16,40,[[45339,0],[45341,0],[45084,0],[45085,0],[45596,0],]]
[45341,7,40,[[45342,0],[45340,0],[45085,0],[45597,0],]]
[45342,14,40,[[45341,0],[45343,0],[45086,0],[45087,0],[45598,0],]]
[45343,12,40,[[45344,0],[45342,0],[45087,0],[45599,0],]]
[45344,13,41,[[45343,0],[45345,0],[45088,0],[45089,0],[45600,0],]]
[45345,14,41,[[45346,0],[45344,0],[45089,0],[45601,0],]]
[45346,15,41,[[45345,0],[45347,0],[45090,0],[45091,0],[45602,0],]]
[45347,7,41,[[45348,0],[45346,0],[45091,0],[45603,0],]]
[45348,6,41,[[45347,0],[45349,0],[45092,0],[45093,0],[45604,0],]]
[45349,19,41,[[45350,0],[45348,0],[45093,0],[45605,0],]]
[45350,17,41,[[45349,0],[45351,0],[45094,0],[45095,0],[45606,0],]]
[45351,12,41,[[45352,0],[45350,0],[45095,0],[45607,0],]]
[45352,5,41,[[45351,0],[45353,0],[45096,0],[45097,0],[45608,0],]]
[45353,6,41,[[45354,0],[45352,0],[45097,0],[45609,0],]]
[45354,14,41,[[45353,0],[45355,0],[45098,0],[45099,0],[45610,0],]]
[45355,14,41,[[45356,0],[45354,0],[45099,0],[45611,0],]]
[45356,18,41,[[45355,0],[45357,0],[45100,0],[45101,0],[45612,0],]]
[45357,7,41,[[45358,0],[45356,0],[45101,0],[45613,0],]]
[45358,8,41,[[45357,0],[45359,0],[45102,0],[45103,0],[45614,0],]]
[45359,4,41,[[45360,0],[45358,0],[45103,0],[45615,0],]]
[45360,4,41,[[45359,0],[45361,0],[45104,0],[45105,0],[45616,0],]]
[45361,11,41,[[45362,0],[45360,0],[45105,0],[45617,0],]]
[45362,10,41,[[45361,0],[45363,0],[45106,0],[45107,0],[45618,0],]]
[45363,7,41,[[45364,0],[45362,0],[45107,0],[45619,0],]]
[45364,3,41,[[45363,0],[45365,0],[45108,0],[45109,0],[45620,0],]]
[45365,2,41,[[45366,0],[45364,0],[45109,0],[45621,0],]]
[45366,19,41,[[45365,0],[45367,0],[45110,0],[45111,0],[45622,0],]]
[45367,19,41,[[45368,0],[45366,0],[45111,0],[45623,0],]]
[45368,19,41,[[45367,0],[45369,0],[45112,0],[45113,0],[45624,0],]]
[45369,11,41,[[45370,0],[45368,0],[45113,0],[45625,0],]]
[45370,19,41,[[45369,0],[45371,0],[45114,0],[45115,0],[45626,0],]]
[45371,16,41,[[45372,0],[45370,0],[45115,0],[45627,0],]]
[45372,10,41,[[45371,0],[45373,0],[45116,0],[45117,0],[45628,0],]]
[45373,14,41,[[45374,0],[45372,0],[45117,0],[45629,0],]]
[45374,18,41,[[45373,0],[45375,0],[45118,0],[45119,0],[45630,0],]]
[45375,5,41,[[45376,0],[45374,0],[45119,0],[45631,0],]]
[45376,15,42,[[45375,0],[45377,0],[45120,0],[45121,0],[45632,0],]]
[45377,13,42,[[45378,0],[45376,0],[45121,0],[45633,0],]]
[45378,5,42,[[45377,0],[45379,0],[45122,0],[45123,0],[45634,0],]]
[45379,14,42,[[45380,0],[45378,0],[45123,0],[45635,0],]]
[45380,4,42,[[45379,0],[45381,0],[45124,0],[45125,0],[45636,0],]]
[45381,3,42,[[45382,0],[45380,0],[45125,0],[45637,0],]]
[45382,17,42,[[45381,0],[45383,0],[45126,0],[45127,0],[45638,0],]]
[45383,6,42,[[45384,0],[45382,0],[45127,0],[45639,0],]]
[45384,5,42,[[45383,0],[45385,0],[45128,0],[45129,0],[45640,0],]]
[45385,4,42,[[45386,0],[45384,0],[45129,0],[45641,0],]]
[45386,8,42,[[45385,0],[45387,0],[45130,0],[45131,0],[45642,0],]]
[45387,9,42,[[45388,0],[45386,0],[45131,0],[45643,0],]]
[45388,1,42,[[45387,0],[45389,0],[45132,0],[45133,0],[45644,0],]]
[45389,12,42,[[45390,0],[45388,0],[45133,0],[45645,0],]]
[45390,18,42,[[45389,0],[45391,0],[45134,0],[45135,0],[45646,0],]]
[45391,11,42,[[45392,0],[45390,0],[45135,0],[45647,0],]]
[45392,17,42,[[45391,0],[45393,0],[45136,0],[45137,0],[45648,0],]]
[45393,11,42,[[45394,0],[45392,0],[45137,0],[45649,0],]]
[45394,12,42,[[45393,0],[45395,0],[45138,0],[45139,0],[45650,0],]]
[45395,14,42,[[45396,0],[45394,0],[45139,0],[45651,0],]]
[45396,1,42,[[45395,0],[45397,0],[45140,0],[45141,0],[45652,0],]]
[45397,15,42,[[45398,0],[45396,0],[45141,0],[45653,0],]]
[45398,19,42,[[45397,0],[45399,0],[45142,0],[45143,0],[45654,0],]]
[45399,13,42,[[45400,0],[45398,0],[45143,0],[45655,0],]]
[45400,6,42,[[45399,0],[45401,0],[45144,0],[45145,0],[45656,0],]]
[45401,8,42,[[45402,0],[45400,0],[45145,0],[45657,0],]]
[45402,19,42,[[45401,0],[45403,0],[45146,0],[45147,0],[45658,0],]]
[45403,13,42,[[45404,0],[45402,0],[45147,0],[45659,0],]]
[45404,6,42,[[45403,0],[45405,0],[45148,0],[45149,0],[45660,0],]]
[45405,8,42,[[45406,0],[45404,0],[45149,0],[45661,0],]]
[45406,12,42,[[45405,0],[45407,0],[45150,0],[45151,0],[45662,0],]]
[45407,12,42,[[45408,0],[45406,0],[45151,0],[45663,0],]]
[45408,9,43,[[45407,0],[45409,0],[45152,0],[45153,0],[45664,0],]]
[45409,14,43,[[45410,0],[45408,0],[45153,0],[45665,0],]]
[45410,7,43,[[45409,0],[45411,0],[45154,0],[45155,0],[45666,0],]]
[45411,5,43,[[45412,0],[45410,0],[45155,0],[45667,0],]]
[45412,6,43,[[45411,0],[45413,0],[45156,0],[45157,0],[45668,0],]]
[45413,5,43,[[45414,0],[45412,0],[45157,0],[45669,0],]]
[45414,17,43,[[45413,0],[45415,0],[45158,0],[45159,0],[45670,0],]]
[45415,17,43,[[45416,0],[45414,0],[45159,0],[45671,0],]]
[45416,18,43,[[45415,0],[45417,0],[45160,0],[45161,0],[45672,0],]]
[45417,17,43,[[45418,0],[45416,0],[45161,0],[45673,0],]]
[45418,4,43,[[45417,0],[45419,0],[45162,0],[45163,0],[45674,0],]]
[45419,10,43,[[45420,0],[45418,0],[45163,0],[45675,0],]]
[45420,19,43,[[45419,0],[45421,0],[45164,0],[45165,0],[45676,0],]]
[45421,3,43,[[45422,0],[45420,0],[45165,0],[45677,0],]]
[45422,1,43,[[45421,0],[45423,0],[45166,0],[45167,0],[45678,0],]]
[45423,5,43,[[45424,0],[45422,0],[45167,0],[45679,0],]]
[45424,4,43,[[45423,0],[45425,0],[45168,0],[45169,0],[45680,0],]]
[45425,14,43,[[45426,0],[45424,0],[45169,0],[45681,0],]]
[45426,6,43,[[45425,0],[45427,0],[45170,0],[45171,0],[45682,0],]]
[45427,14,43,[[45428,0],[45426,0],[45171,0],[45683,0],]]
[45428,16,43,[[45427,0],[45429,0],[45172,0],[45173,0],[45684,0],]]
[45429,3,43,[[45430,0],[45428,0],[45173,0],[45685,0],]]
[45430,8,43,[[45429,0],[45431,0],[45174,0],[45175,0],[45686,0],]]
[45431,5,43,[[45432,0],[45430,0],[45175,0],[45687,0],]]
[45432,19,43,[[45431,0],[45433,0],[45176,0],[45177,0],[45688,0],]]
[45433,9,43,[[45434,0],[45432,0],[45177,0],[45689,0],]]
[45434,6,43,[[45433,0],[45435,0],[45178,0],[45179,0],[45690,0],]]
[45435,8,43,[[45436,0],[45434,0],[45179,0],[45691,0],]]
[45436,6,43,[[45435,0],[45437,0],[45180,0],[45181,0],[45692,0],]]
[45437,17,43,[[45438,0],[45436,0],[45181,0],[45693,0],]]
[45438,6,43,[[45437,0],[45439,0],[45182,0],[45183,0],[45694,0],]]
[45439,17,43,[[45440,0],[45438,0],[45183,0],[45695,0],]]
[45440,4,44,[[45439,0],[45441,0],[45184,0],[45185,0],[45696,0],]]
[45441,16,44,[[45442,0],[45440,0],[45185,0],[45697,0],]]
[45442,6,44,[[45441,0],[45443,0],[45186,0],[45187,0],[45698,0],]]
[45443,15,44,[[45444,0],[45442,0],[45187,0],[45699,0],]]
[45444,2,44,[[45443,0],[45445,0],[45188,0],[45189,0],[45700,0],]]
[45445,10,44,[[45446,0],[45444,0],[45189,0],[45701,0],]]
[45446,2,44,[[45445,0],[45447,0],[45190,0],[45191,0],[45702,0],]]
[45447,17,44,[[45448,0],[45446,0],[45191,0],[45703,0],]]
[45448,8,44,[[45447,0],[45449,0],[45192,0],[45193,0],[45704,0],]]
[45449,14,44,[[45450,0],[45448,0],[45193,0],[45705,0],]]
[45450,8,44,[[45449,0],[45451,0],[45194,0],[45195,0],[45706,0],]]
[45451,6,44,[[45452,0],[45450,0],[45195,0],[45707,0],]]
[45452,6,44,[[45451,0],[45453,0],[45196,0],[45197,0],[45708,0],]]
[45453,4,44,[[45454,0],[45452,0],[45197,0],[45709,0],]]
[45454,16,44,[[45453,0],[45455,0],[45198,0],[45199,0],[45710,0],]]
[45455,16,44,[[45456,0],[45454,0],[45199,0],[45711,0],]]
[45456,2,44,[[45455,0],[45457,0],[45200,0],[45201,0],[45712,0],]]
[45457,7,44,[[45458,0],[45456,0],[45201,0],[45713,0],]]
[45458,9,44,[[45457,0],[45459,0],[45202,0],[45203,0],[45714,0],]]
[45459,17,44,[[45460,0],[45458,0],[45203,0],[45715,0],]]
[45460,8,44,[[45459,0],[45461,0],[45204,0],[45205,0],[45716,0],]]
[45461,2,44,[[45462,0],[45460,0],[45205,0],[45717,0],]]
[45462,18,44,[[45461,0],[45463,0],[45206,0],[45207,0],[45718,0],]]
[45463,18,44,[[45464,0],[45462,0],[45207,0],[45719,0],]]
[45464,4,44,[[45463,0],[45465,0],[45208,0],[45209,0],[45720,0],]]
[45465,10,44,[[45466,0],[45464,0],[45209,0],[45721,0],]]
[45466,12,44,[[45465,0],[45467,0],[45210,0],[45211,0],[45722,0],]]
[45467,7,44,[[45468,0],[45466,0],[45211,0],[45723,0],]]
[45468,16,44,[[45467,0],[45469,0],[45212,0],[45213,0],[45724,0],]]
[45469,15,44,[[45470,0],[45468,0],[45213,0],[45725,0],]]
[45470,17,44,[[45469,0],[45471,0],[45214,0],[45215,0],[45726,0],]]
[45471,18,44,[[45472,0],[45470,0],[45215,0],[45727,0],]]
[45472,3,45,[[45471,0],[45473,0],[45216,0],[45217,0],[45728,0],]]
[45473,5,45,[[45474,0],[45472,0],[45217,0],[45729,0],]]
[45474,11,45,[[45473,0],[45475,0],[45218,0],[45219,0],[45730,0],]]
[45475,4,45,[[45476,0],[45474,0],[45219,0],[45731,0],]]
[45476,18,45,[[45475,0],[45477,0],[45220,0],[45221,0],[45732,0],]]
[45477,16,45,[[45478,0],[45476,0],[45221,0],[45733,0],]]
[45478,13,45,[[45477,0],[45479,0],[45222,0],[45223,0],[45734,0],]]
[45479,13,45,[[45480,0],[45478,0],[45223,0],[45735,0],]]
[45480,10,45,[[45479,0],[45481,0],[45224,0],[45225,0],[45736,0],]]
[45481,16,45,[[45482,0],[45480,0],[45225,0],[45737,0],]]
[45482,5,45,[[45481,0],[45483,0],[45226,0],[45227,0],[45738,0],]]
[45483,2,45,[[45484,0],[45482,0],[45227,0],[45739,0],]]
[45484,6,45,[[45483,0],[45485,0],[45228,0],[45229,0],[45740,0],]]
[45485,10,45,[[45486,0],[45484,0],[45229,0],[45741,0],]]
[45486,7,45,[[45485,0],[45487,0],[45230,0],[45231,0],[45742,0],]]
[45487,11,45,[[45488,0],[45486,0],[45231,0],[45743,0],]]
[45488,6,45,[[45487,0],[45489,0],[45232,0],[45233,0],[45744,0],]]
[45489,6,45,[[45490,0],[45488,0],[45233,0],[45745,0],]]
[45490,19,45,[[45489,0],[45491,0],[45234,0],[45235,0],[45746,0],]]
[45491,16,45,[[45492,0],[45490,0],[45235,0],[45747,0],]]
[45492,19,45,[[45491,0],[45493,0],[45236,0],[45237,0],[45748,0],]]
[45493,15,45,[[45494,0],[45492,0],[45237,0],[45749,0],]]
[45494,6,45,[[45493,0],[45495,0],[45238,0],[45239,0],[45750,0],]]
[45495,2,45,[[45496,0],[45494,0],[45239,0],[45751,0],]]
[45496,12,45,[[45495,0],[45497,0],[45240,0],[45241,0],[45752,0],]]
[45497,11,45,[[45498,0],[45496,0],[45241,0],[45753,0],]]
[45498,3,45,[[45497,0],[45499,0],[45242,0],[45243,0],[45754,0],]]
[45499,4,45,[[45500,0],[45498,0],[45243,0],[45755,0],]]
[45500,14,45,[[45499,0],[45501,0],[45244,0],[45245,0],[45756,0],]]
[45501,8,45,[[45502,0],[45500,0],[45245,0],[45757,0],]]
[45502,12,45,[[45501,0],[45503,0],[45246,0],[45247,0],[45758,0],]]
[45503,19,45,[[45504,0],[45502,0],[45247,0],[45759,0],]]
[45504,10,46,[[45503,0],[45505,0],[45248,0],[45249,0],[45760,0],]]
[45505,19,46,[[45506,0],[45504,0],[45249,0],[45761,0],]]
[45506,7,46,[[45505,0],[45507,0],[45250,0],[45251,0],[45762,0],]]
[45507,16,46,[[45508,0],[45506,0],[45251,0],[45763,0],]]
[45508,7,46,[[45507,0],[45509,0],[45252,0],[45253,0],[45764,0],]]
[45509,16,46,[[45510,0],[45508,0],[45253,0],[45765,0],]]
[45510,2,46,[[45509,0],[45511,0],[45254,0],[45255,0],[45766,0],]]
[45511,2,46,[[45512,0],[45510,0],[45255,0],[45767,0],]]
[45512,10,46,[[45511,0],[45513,0],[45256,0],[45257,0],[45768,0],]]
[45513,8,46,[[45514,0],[45512,0],[45257,0],[45769,0],]]
[45514,14,46,[[45513,0],[45515,0],[45258,0],[45259,0],[45770,0],]]
[45515,1,46,[[45516,0],[45514,0],[45259,0],[45771,0],]]
[45516,18,46,[[45515,0],[45517,0],[45260,0],[45261,0],[45772,0],]]
[45517,13,46,[[45518,0],[45516,0],[45261,0],[45773,0],]]
[45518,19,46,[[45517,0],[45519,0],[45262,0],[45263,0],[45774,0],]]
[45519,9,46,[[45520,0],[45518,0],[45263,0],[45775,0],]]
[45520,10,46,[[45519,0],[45521,0],[45264,0],[45265,0],[45776,0],]]
[45521,19,46,[[45522,0],[45520,0],[45265,0],[45777,0],]]
[45522,11,46,[[45521,0],[45523,0],[45266,0],[45267,0],[45778,0],]]
[45523,6,46,[[45524,0],[45522,0],[45267,0],[45779,0],]]
[45524,6,46,[[45523,0],[45525,0],[45268,0],[45269,0],[45780,0],]]
[45525,18,46,[[45526,0],[45524,0],[45269,0],[45781,0],]]
[45526,4,46,[[45525,0],[45527,0],[45270,0],[45271,0],[45782,0],]]
[45527,12,46,[[45528,0],[45526,0],[45271,0],[45783,0],]]
[45528,15,46,[[45527,0],[45529,0],[45272,0],[45273,0],[45784,0],]]
[45529,8,46,[[45530,0],[45528,0],[45273,0],[45785,0],]]
[45530,10,46,[[45529,0],[45531,0],[45274,0],[45275,0],[45786,0],]]
[45531,6,46,[[45532,0],[45530,0],[45275,0],[45787,0],]]
[45532,2,46,[[45531,0],[45533,0],[45276,0],[45277,0],[45788,0],]]
[45533,7,46,[[45534,0],[45532,0],[45277,0],[45789,0],]]
[45534,16,46,[[45533,0],[45535,0],[45278,0],[45279,0],[45790,0],]]
[45535,8,46,[[45536,0],[45534,0],[45279,0],[45791,0],]]
[45536,18,47,[[45535,0],[45537,0],[45280,0],[45281,0],[45792,0],]]
[45537,10,47,[[45538,0],[45536,0],[45281,0],[45793,0],]]
[45538,18,47,[[45537,0],[45539,0],[45282,0],[45283,0],[45794,0],]]
[45539,1,47,[[45540,0],[45538,0],[45283,0],[45795,0],]]
[45540,11,47,[[45539,0],[45541,0],[45284,0],[45285,0],[45796,0],]]
[45541,1,47,[[45542,0],[45540,0],[45285,0],[45797,0],]]
[45542,3,47,[[45541,0],[45543,0],[45286,0],[45287,0],[45798,0],]]
[45543,11,47,[[45544,0],[45542,0],[45287,0],[45799,0],]]
[45544,12,47,[[45543,0],[45545,0],[45288,0],[45289,0],[45800,0],]]
[45545,3,47,[[45546,0],[45544,0],[45289,0],[45801,0],]]
[45546,15,47,[[45545,0],[45547,0],[45290,0],[45291,0],[45802,0],]]
[45547,9,47,[[45548,0],[45546,0],[45291,0],[45803,0],]]
[45548,12,47,[[45547,0],[45549,0],[45292,0],[45293,0],[45804,0],]]
[45549,19,47,[[45550,0],[45548,0],[45293,0],[45805,0],]]
[45550,17,47,[[45549,0],[45551,0],[45294,0],[45295,0],[45806,0],]]
[45551,19,47,[[45552,0],[45550,0],[45295,0],[45807,0],]]
[45552,9,47,[[45551,0],[45553,0],[45296,0],[45297,0],[45808,0],]]
[45553,19,47,[[45554,0],[45552,0],[45297,0],[45809,0],]]
[45554,14,47,[[45553,0],[45555,0],[45298,0],[45299,0],[45810,0],]]
[45555,16,47,[[45556,0],[45554,0],[45299,0],[45811,0],]]
[45556,3,47,[[45555,0],[45557,0],[45300,0],[45301,0],[45812,0],]]
[45557,1,47,[[45558,0],[45556,0],[45301,0],[45813,0],]]
[45558,11,47,[[45557,0],[45559,0],[45302,0],[45303,0],[45814,0],]]
[45559,9,47,[[45560,0],[45558,0],[45303,0],[45815,0],]]
[45560,3,47,[[45559,0],[45561,0],[45304,0],[45305,0],[45816,0],]]
[45561,2,47,[[45562,0],[45560,0],[45305,0],[45817,0],]]
[45562,19,47,[[45561,0],[45563,0],[45306,0],[45307,0],[45818,0],]]
[45563,11,47,[[45564,0],[45562,0],[45307,0],[45819,0],]]
[45564,14,47,[[45563,0],[45565,0],[45308,0],[45309,0],[45820,0],]]
[45565,17,47,[[45566,0],[45564,0],[45309,0],[45821,0],]]
[45566,16,47,[[45565,0],[45567,0],[45310,0],[45311,0],[45822,0],]]
[45567,9,47,[[45566,0],[45311,0],[45823,0],]]
[45568,11,40,[[45569,0],[45824,0],[45312,0],]]
[45569,5,40,[[45570,0],[45568,0],[45825,0],[45824,0],[45313,0],]]
[45570,18,40,[[45569,0],[45571,0],[45826,0],[45314,0],]]
[45571,17,40,[[45572,0],[45570,0],[45827,0],[45826,0],[45315,0],]]
[45572,9,40,[[45571,0],[45573,0],[45828,0],[45316,0],]]
[45573,14,40,[[45574,0],[45572,0],[45829,0],[45828,0],[45317,0],]]
[45574,13,40,[[45573,0],[45575,0],[45830,0],[45318,0],]]
[45575,2,40,[[45576,0],[45574,0],[45831,0],[45830,0],[45319,0],]]
[45576,11,40,[[45575,0],[45577,0],[45832,0],[45320,0],]]
[45577,19,40,[[45578,0],[45576,0],[45833,0],[45832,0],[45321,0],]]
[45578,5,40,[[45577,0],[45579,0],[45834,0],[45322,0],]]
[45579,19,40,[[45580,0],[45578,0],[45835,0],[45834,0],[45323,0],]]
[45580,19,40,[[45579,0],[45581,0],[45836,0],[45324,0],]]
[45581,8,40,[[45582,0],[45580,0],[45837,0],[45836,0],[45325,0],]]
[45582,18,40,[[45581,0],[45583,0],[45838,0],[45326,0],]]
[45583,14,40,[[45584,0],[45582,0],[45839,0],[45838,0],[45327,0],]]
[45584,2,40,[[45583,0],[45585,0],[45840,0],[45328,0],]]
[45585,7,40,[[45586,0],[45584,0],[45841,0],[45840,0],[45329,0],]]
[45586,16,40,[[45585,0],[45587,0],[45842,0],[45330,0],]]
[45587,15,40,[[45588,0],[45586,0],[45843,0],[45842,0],[45331,0],]]
[45588,1,40,[[45587,0],[45589,0],[45844,0],[45332,0],]]
[45589,13,40,[[45590,0],[45588,0],[45845,0],[45844,0],[45333,0],]]
[45590,5,40,[[45589,0],[45591,0],[45846,0],[45334,0],]]
[45591,13,40,[[45592,0],[45590,0],[45847,0],[45846,0],[45335,0],]]
[45592,8,40,[[45591,0],[45593,0],[45848,0],[45336,0],]]
[45593,17,40,[[45594,0],[45592,0],[45849,0],[45848,0],[45337,0],]]
[45594,19,40,[[45593,0],[45595,0],[45850,0],[45338,0],]]
[45595,11,40,[[45596,0],[45594,0],[45851,0],[45850,0],[45339,0],]]
[45596,16,40,[[45595,0],[45597,0],[45852,0],[45340,0],]]
[45597,4,40,[[45598,0],[45596,0],[45853,0],[45852,0],[45341,0],]]
[45598,15,40,[[45597,0],[45599,0],[45854,0],[45342,0],]]
[45599,15,40,[[45600,0],[45598,0],[45855,0],[45854,0],[45343,0],]]
[45600,2,41,[[45599,0],[45601,0],[45856,0],[45344,0],]]
[45601,3,41,[[45602,0],[45600,0],[45857,0],[45856,0],[45345,0],]]
[45602,9,41,[[45601,0],[45603,0],[45858,0],[45346,0],]]
[45603,11,41,[[45604,0],[45602,0],[45859,0],[45858,0],[45347,0],]]
[45604,1,41,[[45603,0],[45605,0],[45860,0],[45348,0],]]
[45605,8,41,[[45606,0],[45604,0],[45861,0],[45860,0],[45349,0],]]
[45606,1,41,[[45605,0],[45607,0],[45862,0],[45350,0],]]
[45607,2,41,[[45608,0],[45606,0],[45863,0],[45862,0],[45351,0],]]
[45608,17,41,[[45607,0],[45609,0],[45864,0],[45352,0],]]
[45609,16,41,[[45610,0],[45608,0],[45865,0],[45864,0],[45353,0],]]
[45610,2,41,[[45609,0],[45611,0],[45866,0],[45354,0],]]
[45611,1,41,[[45612,0],[45610,0],[45867,0],[45866,0],[45355,0],]]
[45612,16,41,[[45611,0],[45613,0],[45868,0],[45356,0],]]
[45613,1,41,[[45614,0],[45612,0],[45869,0],[45868,0],[45357,0],]]
[45614,14,41,[[45613,0],[45615,0],[45870,0],[45358,0],]]
[45615,5,41,[[45616,0],[45614,0],[45871,0],[45870,0],[45359,0],]]
[45616,15,41,[[45615,0],[45617,0],[45872,0],[45360,0],]]
[45617,8,41,[[45618,0],[45616,0],[45873,0],[45872,0],[45361,0],]]
[45618,3,41,[[45617,0],[45619,0],[45874,0],[45362,0],]]
[45619,7,41,[[45620,0],[45618,0],[45875,0],[45874,0],[45363,0],]]
[45620,5,41,[[45619,0],[45621,0],[45876,0],[45364,0],]]
[45621,10,41,[[45622,0],[45620,0],[45877,0],[45876,0],[45365,0],]]
[45622,7,41,[[45621,0],[45623,0],[45878,0],[45366,0],]]
[45623,13,41,[[45624,0],[45622,0],[45879,0],[45878,0],[45367,0],]]
[45624,15,41,[[45623,0],[45625,0],[45880,0],[45368,0],]]
[45625,15,41,[[45626,0],[45624,0],[45881,0],[45880,0],[45369,0],]]
[45626,2,41,[[45625,0],[45627,0],[45882,0],[45370,0],]]
[45627,5,41,[[45628,0],[45626,0],[45883,0],[45882,0],[45371,0],]]
[45628,9,41,[[45627,0],[45629,0],[45884,0],[45372,0],]]
[45629,8,41,[[45630,0],[45628,0],[45885,0],[45884,0],[45373,0],]]
[45630,13,41,[[45629,0],[45631,0],[45886,0],[45374,0],]]
[45631,8,41,[[45632,0],[45630,0],[45887,0],[45886,0],[45375,0],]]
[45632,3,42,[[45631,0],[45633,0],[45888,0],[45376,0],]]
[45633,14,42,[[45634,0],[45632,0],[45889,0],[45888,0],[45377,0],]]
[45634,12,42,[[45633,0],[45635,0],[45890,0],[45378,0],]]
[45635,11,42,[[45636,0],[45634,0],[45891,0],[45890,0],[45379,0],]]
[45636,15,42,[[45635,0],[45637,0],[45892,0],[45380,0],]]
[45637,17,42,[[45638,0],[45636,0],[45893,0],[45892,0],[45381,0],]]
[45638,4,42,[[45637,0],[45639,0],[45894,0],[45382,0],]]
[45639,1,42,[[45640,0],[45638,0],[45895,0],[45894,0],[45383,0],]]
[45640,7,42,[[45639,0],[45641,0],[45896,0],[45384,0],]]
[45641,5,42,[[45642,0],[45640,0],[45897,0],[45896,0],[45385,0],]]
[45642,19,42,[[45641,0],[45643,0],[45898,0],[45386,0],]]
[45643,16,42,[[45644,0],[45642,0],[45899,0],[45898,0],[45387,0],]]
[45644,2,42,[[45643,0],[45645,0],[45900,0],[45388,0],]]
[45645,2,42,[[45646,0],[45644,0],[45901,0],[45900,0],[45389,0],]]
[45646,5,42,[[45645,0],[45647,0],[45902,0],[45390,0],]]
[45647,14,42,[[45648,0],[45646,0],[45903,0],[45902,0],[45391,0],]]
[45648,7,42,[[45647,0],[45649,0],[45904,0],[45392,0],]]
[45649,15,42,[[45650,0],[45648,0],[45905,0],[45904,0],[45393,0],]]
[45650,12,42,[[45649,0],[45651,0],[45906,0],[45394,0],]]
[45651,17,42,[[45652,0],[45650,0],[45907,0],[45906,0],[45395,0],]]
[45652,2,42,[[45651,0],[45653,0],[45908,0],[45396,0],]]
[45653,13,42,[[45654,0],[45652,0],[45909,0],[45908,0],[45397,0],]]
[45654,17,42,[[45653,0],[45655,0],[45910,0],[45398,0],]]
[45655,16,42,[[45656,0],[45654,0],[45911,0],[45910,0],[45399,0],]]
[45656,7,42,[[45655,0],[45657,0],[45912,0],[45400,0],]]
[45657,4,42,[[45658,0],[45656,0],[45913,0],[45912,0],[45401,0],]]
[45658,15,42,[[45657,0],[45659,0],[45914,0],[45402,0],]]
[45659,3,42,[[45660,0],[45658,0],[45915,0],[45914,0],[45403,0],]]
[45660,17,42,[[45659,0],[45661,0],[45916,0],[45404,0],]]
[45661,15,42,[[45662,0],[45660,0],[45917,0],[45916,0],[45405,0],]]
[45662,19,42,[[45661,0],[45663,0],[45918,0],[45406,0],]]
[45663,19,42,[[45664,0],[45662,0],[45919,0],[45918,0],[45407,0],]]
[45664,15,43,[[45663,0],[45665,0],[45920,0],[45408,0],]]
[45665,1,43,[[45666,0],[45664,0],[45921,0],[45920,0],[45409,0],]]
[45666,18,43,[[45665,0],[45667,0],[45922,0],[45410,0],]]
[45667,6,43,[[45668,0],[45666,0],[45923,0],[45922,0],[45411,0],]]
[45668,8,43,[[45667,0],[45669,0],[45924,0],[45412,0],]]
[45669,8,43,[[45670,0],[45668,0],[45925,0],[45924,0],[45413,0],]]
[45670,19,43,[[45669,0],[45671,0],[45926,0],[45414,0],]]
[45671,19,43,[[45672,0],[45670,0],[45927,0],[45926,0],[45415,0],]]
[45672,9,43,[[45671,0],[45673,0],[45928,0],[45416,0],]]
[45673,6,43,[[45674,0],[45672,0],[45929,0],[45928,0],[45417,0],]]
[45674,19,43,[[45673,0],[45675,0],[45930,0],[45418,0],]]
[45675,19,43,[[45676,0],[45674,0],[45931,0],[45930,0],[45419,0],]]
[45676,2,43,[[45675,0],[45677,0],[45932,0],[45420,0],]]
[45677,14,43,[[45678,0],[45676,0],[45933,0],[45932,0],[45421,0],]]
[45678,4,43,[[45677,0],[45679,0],[45934,0],[45422,0],]]
[45679,4,43,[[45680,0],[45678,0],[45935,0],[45934,0],[45423,0],]]
[45680,13,43,[[45679,0],[45681,0],[45936,0],[45424,0],]]
[45681,17,43,[[45682,0],[45680,0],[45937,0],[45936,0],[45425,0],]]
[45682,4,43,[[45681,0],[45683,0],[45938,0],[45426,0],]]
[45683,3,43,[[45684,0],[45682,0],[45939,0],[45938,0],[45427,0],]]
[45684,17,43,[[45683,0],[45685,0],[45940,0],[45428,0],]]
[45685,11,43,[[45686,0],[45684,0],[45941,0],[45940,0],[45429,0],]]
[45686,5,43,[[45685,0],[45687,0],[45942,0],[45430,0],]]
[45687,8,43,[[45688,0],[45686,0],[45943,0],[45942,0],[45431,0],]]
[45688,6,43,[[45687,0],[45689,0],[45944,0],[45432,0],]]
[45689,9,43,[[45690,0],[45688,0],[45945,0],[45944,0],[45433,0],]]
[45690,9,43,[[45689,0],[45691,0],[45946,0],[45434,0],]]
[45691,5,43,[[45692,0],[45690,0],[45947,0],[45946,0],[45435,0],]]
[45692,5,43,[[45691,0],[45693,0],[45948,0],[45436,0],]]
[45693,15,43,[[45694,0],[45692,0],[45949,0],[45948,0],[45437,0],]]
[45694,1,43,[[45693,0],[45695,0],[45950,0],[45438,0],]]
[45695,4,43,[[45696,0],[45694,0],[45951,0],[45950,0],[45439,0],]]
[45696,11,44,[[45695,0],[45697,0],[45952,0],[45440,0],]]
[45697,14,44,[[45698,0],[45696,0],[45953,0],[45952,0],[45441,0],]]
[45698,7,44,[[45697,0],[45699,0],[45954,0],[45442,0],]]
[45699,6,44,[[45700,0],[45698,0],[45955,0],[45954,0],[45443,0],]]
[45700,14,44,[[45699,0],[45701,0],[45956,0],[45444,0],]]
[45701,19,44,[[45702,0],[45700,0],[45957,0],[45956,0],[45445,0],]]
[45702,15,44,[[45701,0],[45703,0],[45958,0],[45446,0],]]
[45703,19,44,[[45704,0],[45702,0],[45959,0],[45958,0],[45447,0],]]
[45704,19,44,[[45703,0],[45705,0],[45960,0],[45448,0],]]
[45705,16,44,[[45706,0],[45704,0],[45961,0],[45960,0],[45449,0],]]
[45706,16,44,[[45705,0],[45707,0],[45962,0],[45450,0],]]
[45707,6,44,[[45708,0],[45706,0],[45963,0],[45962,0],[45451,0],]]
[45708,11,44,[[45707,0],[45709,0],[45964,0],[45452,0],]]
[45709,2,44,[[45710,0],[45708,0],[45965,0],[45964,0],[45453,0],]]
[45710,3,44,[[45709,0],[45711,0],[45966,0],[45454,0],]]
[45711,9,44,[[45712,0],[45710,0],[45967,0],[45966,0],[45455,0],]]
[45712,7,44,[[45711,0],[45713,0],[45968,0],[45456,0],]]
[45713,13,44,[[45714,0],[45712,0],[45969,0],[45968,0],[45457,0],]]
[45714,3,44,[[45713,0],[45715,0],[45970,0],[45458,0],]]
[45715,16,44,[[45716,0],[45714,0],[45971,0],[45970,0],[45459,0],]]
[45716,18,44,[[45715,0],[45717,0],[45972,0],[45460,0],]]
[45717,2,44,[[45718,0],[45716,0],[45973,0],[45972,0],[45461,0],]]
[45718,3,44,[[45717,0],[45719,0],[45974,0],[45462,0],]]
[45719,8,44,[[45720,0],[45718,0],[45975,0],[45974,0],[45463,0],]]
[45720,8,44,[[45719,0],[45721,0],[45976,0],[45464,0],]]
[45721,19,44,[[45722,0],[45720,0],[45977,0],[45976,0],[45465,0],]]
[45722,17,44,[[45721,0],[45723,0],[45978,0],[45466,0],]]
[45723,11,44,[[45724,0],[45722,0],[45979,0],[45978,0],[45467,0],]]
[45724,9,44,[[45723,0],[45725,0],[45980,0],[45468,0],]]
[45725,11,44,[[45726,0],[45724,0],[45981,0],[45980,0],[45469,0],]]
[45726,5,44,[[45725,0],[45727,0],[45982,0],[45470,0],]]
[45727,17,44,[[45728,0],[45726,0],[45983,0],[45982,0],[45471,0],]]
[45728,4,45,[[45727,0],[45729,0],[45984,0],[45472,0],]]
[45729,13,45,[[45730,0],[45728,0],[45985,0],[45984,0],[45473,0],]]
[45730,2,45,[[45729,0],[45731,0],[45986,0],[45474,0],]]
[45731,19,45,[[45732,0],[45730,0],[45987,0],[45986,0],[45475,0],]]
[45732,14,45,[[45731,0],[45733,0],[45988,0],[45476,0],]]
[45733,4,45,[[45734,0],[45732,0],[45989,0],[45988,0],[45477,0],]]
[45734,16,45,[[45733,0],[45735,0],[45990,0],[45478,0],]]
[45735,8,45,[[45736,0],[45734,0],[45991,0],[45990,0],[45479,0],]]
[45736,18,45,[[45735,0],[45737,0],[45992,0],[45480,0],]]
[45737,13,45,[[45738,0],[45736,0],[45993,0],[45992,0],[45481,0],]]
[45738,9,45,[[45737,0],[45739,0],[45994,0],[45482,0],]]
[45739,15,45,[[45740,0],[45738,0],[45995,0],[45994,0],[45483,0],]]
[45740,12,45,[[45739,0],[45741,0],[45996,0],[45484,0],]]
[45741,8,45,[[45742,0],[45740,0],[45997,0],[45996,0],[45485,0],]]
[45742,1,45,[[45741,0],[45743,0],[45998,0],[45486,0],]]
[45743,4,45,[[45744,0],[45742,0],[45999,0],[45998,0],[45487,0],]]
[45744,6,45,[[45743,0],[45745,0],[46000,0],[45488,0],]]
[45745,15,45,[[45746,0],[45744,0],[46001,0],[46000,0],[45489,0],]]
[45746,13,45,[[45745,0],[45747,0],[46002,0],[45490,0],]]
[45747,12,45,[[45748,0],[45746,0],[46003,0],[46002,0],[45491,0],]]
[45748,14,45,[[45747,0],[45749,0],[46004,0],[45492,0],]]
[45749,1,45,[[45750,0],[45748,0],[46005,0],[46004,0],[45493,0],]]
[45750,4,45,[[45749,0],[45751,0],[46006,0],[45494,0],]]
[45751,17,45,[[45752,0],[45750,0],[46007,0],[46006,0],[45495,0],]]
[45752,3,45,[[45751,0],[45753,0],[46008,0],[45496,0],]]
[45753,19,45,[[45754,0],[45752,0],[46009,0],[46008,0],[45497,0],]]
[45754,11,45,[[45753,0],[45755,0],[46010,0],[45498,0],]]
[45755,1,45,[[45756,0],[45754,0],[46011,0],[46010,0],[45499,0],]]
[45756,9,45,[[45755,0],[45757,0],[46012,0],[45500,0],]]
[45757,19,45,[[45758,0],[45756,0],[46013,0],[46012,0],[45501,0],]]
[45758,7,45,[[45757,0],[45759,0],[46014,0],[45502,0],]]
[45759,15,45,[[45760,0],[45758,0],[46015,0],[46014,0],[45503,0],]]
[45760,16,46,[[45759,0],[45761,0],[46016,0],[45504,0],]]
[45761,15,46,[[45762,0],[45760,0],[46017,0],[46016,0],[45505,0],]]
[45762,7,46,[[45761,0],[45763,0],[46018,0],[45506,0],]]
[45763,19,46,[[45764,0],[45762,0],[46019,0],[46018,0],[45507,0],]]
[45764,7,46,[[45763,0],[45765,0],[46020,0],[45508,0],]]
[45765,19,46,[[45766,0],[45764,0],[46021,0],[46020,0],[45509,0],]]
[45766,3,46,[[45765,0],[45767,0],[46022,0],[45510,0],]]
[45767,4,46,[[45768,0],[45766,0],[46023,0],[46022,0],[45511,0],]]
[45768,17,46,[[45767,0],[45769,0],[46024,0],[45512,0],]]
[45769,4,46,[[45770,0],[45768,0],[46025,0],[46024,0],[45513,0],]]
[45770,13,46,[[45769,0],[45771,0],[46026,0],[45514,0],]]
[45771,19,46,[[45772,0],[45770,0],[46027,0],[46026,0],[45515,0],]]
[45772,14,46,[[45771,0],[45773,0],[46028,0],[45516,0],]]
[45773,4,46,[[45774,0],[45772,0],[46029,0],[46028,0],[45517,0],]]
[45774,14,46,[[45773,0],[45775,0],[46030,0],[45518,0],]]
[45775,3,46,[[45776,0],[45774,0],[46031,0],[46030,0],[45519,0],]]
[45776,7,46,[[45775,0],[45777,0],[46032,0],[45520,0],]]
[45777,18,46,[[45778,0],[45776,0],[46033,0],[46032,0],[45521,0],]]
[45778,12,46,[[45777,0],[45779,0],[46034,0],[45522,0],]]
[45779,16,46,[[45780,0],[45778,0],[46035,0],[46034,0],[45523,0],]]
[45780,4,46,[[45779,0],[45781,0],[46036,0],[45524,0],]]
[45781,14,46,[[45782,0],[45780,0],[46037,0],[46036,0],[45525,0],]]
[45782,3,46,[[45781,0],[45783,0],[46038,0],[45526,0],]]
[45783,17,46,[[45784,0],[45782,0],[46039,0],[46038,0],[45527,0],]]
[45784,12,46,[[45783,0],[45785,0],[46040,0],[45528,0],]]
[45785,6,46,[[45786,0],[45784,0],[46041,0],[46040,0],[45529,0],]]
[45786,15,46,[[45785,0],[45787,0],[46042,0],[45530,0],]]
[45787,11,46,[[45788,0],[45786,0],[46043,0],[46042,0],[45531,0],]]
[45788,16,46,[[45787,0],[45789,0],[46044,0],[45532,0],]]
[45789,7,46,[[45790,0],[45788,0],[46045,0],[46044,0],[45533,0],]]
[45790,6,46,[[45789,0],[45791,0],[46046,0],[45534,0],]]
[45791,11,46,[[45792,0],[45790,0],[46047,0],[46046,0],[45535,0],]]
[45792,17,47,[[45791,0],[45793,0],[46048,0],[45536,0],]]
[45793,3,47,[[45794,0],[45792,0],[46049,0],[46048,0],[45537,0],]]
[45794,19,47,[[45793,0],[45795,0],[46050,0],[45538,0],]]
[45795,7,47,[[45796,0],[45794,0],[46051,0],[46050,0],[45539,0],]]
[45796,6,47,[[45795,0],[45797,0],[46052,0],[45540,0],]]
[45797,4,47,[[45798,0],[45796,0],[46053,0],[46052,0],[45541,0],]]
[45798,2,47,[[45797,0],[45799,0],[46054,0],[45542,0],]]
[45799,8,47,[[45800,0],[45798,0],[46055,0],[46054,0],[45543,0],]]
[45800,8,47,[[45799,0],[45801,0],[46056,0],[45544,0],]]
[45801,18,47,[[45802,0],[45800,0],[46057,0],[46056,0],[45545,0],]]
[45802,9,47,[[45801,0],[45803,0],[46058,0],[45546,0],]]
[45803,15,47,[[45804,0],[45802,0],[46059,0],[46058,0],[45547,0],]]
[45804,3,47,[[45803,0],[45805,0],[46060,0],[45548,0],]]
[45805,15,47,[[45806,0],[45804,0],[46061,0],[46060,0],[45549,0],]]
[45806,8,47,[[45805,0],[45807,0],[46062,0],[45550,0],]]
[45807,4,47,[[45808,0],[45806,0],[46063,0],[46062,0],[45551,0],]]
[45808,16,47,[[45807,0],[45809,0],[46064,0],[45552,0],]]
[45809,19,47,[[45810,0],[45808,0],[46065,0],[46064,0],[45553,0],]]
[45810,7,47,[[45809,0],[45811,0],[46066,0],[45554,0],]]
[45811,12,47,[[45812,0],[45810,0],[46067,0],[46066,0],[45555,0],]]
[45812,11,47,[[45811,0],[45813,0],[46068,0],[45556,0],]]
[45813,7,47,[[45814,0],[45812,0],[46069,0],[46068,0],[45557,0],]]
[45814,11,47,[[45813,0],[45815,0],[46070,0],[45558,0],]]
[45815,4,47,[[45816,0],[45814,0],[46071,0],[46070,0],[45559,0],]]
[45816,11,47,[[45815,0],[45817,0],[46072,0],[45560,0],]]
[45817,7,47,[[45818,0],[45816,0],[46073,0],[46072,0],[45561,0],]]
[45818,12,47,[[45817,0],[45819,0],[46074,0],[45562,0],]]
[45819,6,47,[[45820,0],[45818,0],[46075,0],[46074,0],[45563,0],]]
[45820,9,47,[[45819,0],[45821,0],[46076,0],[45564,0],]]
[45821,3,47,[[45822,0],[45820,0],[46077,0],[46076,0],[45565,0],]]
[45822,19,47,[[45821,0],[45823,0],[46078,0],[45566,0],]]
[45823,6,47,[[45822,0],[46079,0],[46078,0],[45567,0],]]
[45824,19,40,[[45825,0],[45568,0],[45569,0],[46080,0],]]
[45825,15,40,[[45826,0],[45824,0],[45569,0],[46081,0],]]
[45826,8,40,[[45825,0],[45827,0],[45570,0],[45571,0],[46082,0],]]
[45827,3,40,[[45828,0],[45826,0],[45571,0],[46083,0],]]
[45828,8,40,[[45827,0],[45829,0],[45572,0],[45573,0],[46084,0],]]
[45829,17,40,[[45830,0],[45828,0],[45573,0],[46085,0],]]
[45830,4,40,[[45829,0],[45831,0],[45574,0],[45575,0],[46086,0],]]
[45831,17,40,[[45832,0],[45830,0],[45575,0],[46087,0],]]
[45832,7,40,[[45831,0],[45833,0],[45576,0],[45577,0],[46088,0],]]
[45833,12,40,[[45834,0],[45832,0],[45577,0],[46089,0],]]
[45834,9,40,[[45833,0],[45835,0],[45578,0],[45579,0],[46090,0],]]
[45835,15,40,[[45836,0],[45834,0],[45579,0],[46091,0],]]
[45836,4,40,[[45835,0],[45837,0],[45580,0],[45581,0],[46092,0],]]
[45837,13,40,[[45838,0],[45836,0],[45581,0],[46093,0],]]
[45838,8,40,[[45837,0],[45839,0],[45582,0],[45583,0],[46094,0],]]
[45839,9,40,[[45840,0],[45838,0],[45583,0],[46095,0],]]
[45840,14,40,[[45839,0],[45841,0],[45584,0],[45585,0],[46096,0],]]
[45841,15,40,[[45842,0],[45840,0],[45585,0],[46097,0],]]
[45842,9,40,[[45841,0],[45843,0],[45586,0],[45587,0],[46098,0],]]
[45843,7,40,[[45844,0],[45842,0],[45587,0],[46099,0],]]
[45844,2,40,[[45843,0],[45845,0],[45588,0],[45589,0],[46100,0],]]
[45845,12,40,[[45846,0],[45844,0],[45589,0],[46101,0],]]
[45846,9,40,[[45845,0],[45847,0],[45590,0],[45591,0],[46102,0],]]
[45847,19,40,[[45848,0],[45846,0],[45591,0],[46103,0],]]
[45848,15,40,[[45847,0],[45849,0],[45592,0],[45593,0],[46104,0],]]
[45849,15,40,[[45850,0],[45848,0],[45593,0],[46105,0],]]
[45850,5,40,[[45849,0],[45851,0],[45594,0],[45595,0],[46106,0],]]
[45851,15,40,[[45852,0],[45850,0],[45595,0],[46107,0],]]
[45852,6,40,[[45851,0],[45853,0],[45596,0],[45597,0],[46108,0],]]
[45853,8,40,[[45854,0],[45852,0],[45597,0],[46109,0],]]
[45854,3,40,[[45853,0],[45855,0],[45598,0],[45599,0],[46110,0],]]
[45855,2,40,[[45856,0],[45854,0],[45599,0],[46111,0],]]
[45856,10,41,[[45855,0],[45857,0],[45600,0],[45601,0],[46112,0],]]
[45857,15,41,[[45858,0],[45856,0],[45601,0],[46113,0],]]
[45858,3,41,[[45857,0],[45859,0],[45602,0],[45603,0],[46114,0],]]
[45859,13,41,[[45860,0],[45858,0],[45603,0],[46115,0],]]
[45860,11,41,[[45859,0],[45861,0],[45604,0],[45605,0],[46116,0],]]
[45861,15,41,[[45862,0],[45860,0],[45605,0],[46117,0],]]
[45862,18,41,[[45861,0],[45863,0],[45606,0],[45607,0],[46118,0],]]
[45863,15,41,[[45864,0],[45862,0],[45607,0],[46119,0],]]
[45864,6,41,[[45863,0],[45865,0],[45608,0],[45609,0],[46120,0],]]
[45865,16,41,[[45866,0],[45864,0],[45609,0],[46121,0],]]
[45866,3,41,[[45865,0],[45867,0],[45610,0],[45611,0],[46122,0],]]
[45867,17,41,[[45868,0],[45866,0],[45611,0],[46123,0],]]
[45868,16,41,[[45867,0],[45869,0],[45612,0],[45613,0],[46124,0],]]
[45869,5,41,[[45870,0],[45868,0],[45613,0],[46125,0],]]
[45870,4,41,[[45869,0],[45871,0],[45614,0],[45615,0],[46126,0],]]
[45871,17,41,[[45872,0],[45870,0],[45615,0],[46127,0],]]
[45872,16,41,[[45871,0],[45873,0],[45616,0],[45617,0],[46128,0],]]
[45873,12,41,[[45874,0],[45872,0],[45617,0],[46129,0],]]
[45874,15,41,[[45873,0],[45875,0],[45618,0],[45619,0],[46130,0],]]
