[39976,1,33,[[39975,0],[39977,0],[40232,0],[39720,0],]]
[39977,6,33,[[39978,0],[39976,0],[40233,0],[40232,0],[39721,0],]]
[39978,1,33,[[39977,0],[39979,0],[40234,0],[39722,0],]]
[39979,13,33,[[39980,0],[39978,0],[40235,0],[40234,0],[39723,0],]]
[39980,18,33,[[39979,0],[39981,0],[40236,0],[39724,0],]]
[39981,15,33,[[39982,0],[39980,0],[40237,0],[40236,0],[39725,0],]]
[39982,10,33,[[39981,0],[39983,0],[40238,0],[39726,0],]]
[39983,13,33,[[39984,0],[39982,0],[40239,0],[40238,0],[39727,0],]]
[39984,13,33,[[39983,0],[39985,0],[40240,0],[39728,0],]]
[39985,4,33,[[39986,0],[39984,0],[40241,0],[40240,0],[39729,0],]]
[39986,7,33,[[39985,0],[39987,0],[40242,0],[39730,0],]]
[39987,1,33,[[39988,0],[39986,0],[40243,0],[40242,0],[39731,0],]]
[39988,4,33,[[39987,0],[39989,0],[40244,0],[39732,0],]]
[39989,16,33,[[39990,0],[39988,0],[40245,0],[40244,0],[39733,0],]]
[39990,13,33,[[39989,0],[39991,0],[40246,0],[39734,0],]]
[39991,17,33,[[39992,0],[39990,0],[40247,0],[40246,0],[39735,0],]]
[39992,8,33,[[39991,0],[39993,0],[40248,0],[39736,0],]]
[39993,1,33,[[39994,0],[39992,0],[40249,0],[40248,0],[39737,0],]]
[39994,15,33,[[39993,0],[39995,0],[40250,0],[39738,0],]]
[39995,8,33,[[39996,0],[39994,0],[40251,0],[40250,0],[39739,0],]]
[39996,16,33,[[39995,0],[39997,0],[40252,0],[39740,0],]]
[39997,8,33,[[39998,0],[39996,0],[40253,0],[40252,0],[39741,0],]]
[39998,9,33,[[39997,0],[39999,0],[40254,0],[39742,0],]]
[39999,1,33,[[40000,0],[39998,0],[40255,0],[40254,0],[39743,0],]]
[40000,3,34,[[39999,0],[40001,0],[40256,0],[39744,0],]]
[40001,4,34,[[40002,0],[40000,0],[40257,0],[40256,0],[39745,0],]]
[40002,3,34,[[40001,0],[40003,0],[40258,0],[39746,0],]]
[40003,5,34,[[40004,0],[40002,0],[40259,0],[40258,0],[39747,0],]]
[40004,18,34,[[40003,0],[40005,0],[40260,0],[39748,0],]]
[40005,14,34,[[40006,0],[40004,0],[40261,0],[40260,0],[39749,0],]]
[40006,11,34,[[40005,0],[40007,0],[40262,0],[39750,0],]]
[40007,16,34,[[40008,0],[40006,0],[40263,0],[40262,0],[39751,0],]]
[40008,6,34,[[40007,0],[40009,0],[40264,0],[39752,0],]]
[40009,10,34,[[40010,0],[40008,0],[40265,0],[40264,0],[39753,0],]]
[40010,15,34,[[40009,0],[40011,0],[40266,0],[39754,0],]]
[40011,14,34,[[40012,0],[40010,0],[40267,0],[40266,0],[39755,0],]]
[40012,6,34,[[40011,0],[40013,0],[40268,0],[39756,0],]]
[40013,2,34,[[40014,0],[40012,0],[40269,0],[40268,0],[39757,0],]]
[40014,5,34,[[40013,0],[40015,0],[40270,0],[39758,0],]]
[40015,18,34,[[40016,0],[40014,0],[40271,0],[40270,0],[39759,0],]]
[40016,10,34,[[40015,0],[40017,0],[40272,0],[39760,0],]]
[40017,16,34,[[40018,0],[40016,0],[40273,0],[40272,0],[39761,0],]]
[40018,10,34,[[40017,0],[40019,0],[40274,0],[39762,0],]]
[40019,3,34,[[40020,0],[40018,0],[40275,0],[40274,0],[39763,0],]]
[40020,13,34,[[40019,0],[40021,0],[40276,0],[39764,0],]]
[40021,3,34,[[40022,0],[40020,0],[40277,0],[40276,0],[39765,0],]]
[40022,8,34,[[40021,0],[40023,0],[40278,0],[39766,0],]]
[40023,3,34,[[40024,0],[40022,0],[40279,0],[40278,0],[39767,0],]]
[40024,19,34,[[40023,0],[40025,0],[40280,0],[39768,0],]]
[40025,6,34,[[40026,0],[40024,0],[40281,0],[40280,0],[39769,0],]]
[40026,16,34,[[40025,0],[40027,0],[40282,0],[39770,0],]]
[40027,13,34,[[40028,0],[40026,0],[40283,0],[40282,0],[39771,0],]]
[40028,19,34,[[40027,0],[40029,0],[40284,0],[39772,0],]]
[40029,13,34,[[40030,0],[40028,0],[40285,0],[40284,0],[39773,0],]]
[40030,18,34,[[40029,0],[40031,0],[40286,0],[39774,0],]]
[40031,7,34,[[40032,0],[40030,0],[40287,0],[40286,0],[39775,0],]]
[40032,11,35,[[40031,0],[40033,0],[40288,0],[39776,0],]]
[40033,4,35,[[40034,0],[40032,0],[40289,0],[40288,0],[39777,0],]]
[40034,12,35,[[40033,0],[40035,0],[40290,0],[39778,0],]]
[40035,13,35,[[40036,0],[40034,0],[40291,0],[40290,0],[39779,0],]]
[40036,13,35,[[40035,0],[40037,0],[40292,0],[39780,0],]]
[40037,11,35,[[40038,0],[40036,0],[40293,0],[40292,0],[39781,0],]]
[40038,10,35,[[40037,0],[40039,0],[40294,0],[39782,0],]]
[40039,14,35,[[40040,0],[40038,0],[40295,0],[40294,0],[39783,0],]]
[40040,14,35,[[40039,0],[40041,0],[40296,0],[39784,0],]]
[40041,7,35,[[40042,0],[40040,0],[40297,0],[40296,0],[39785,0],]]
[40042,7,35,[[40041,0],[40043,0],[40298,0],[39786,0],]]
[40043,7,35,[[40044,0],[40042,0],[40299,0],[40298,0],[39787,0],]]
[40044,9,35,[[40043,0],[40045,0],[40300,0],[39788,0],]]
[40045,5,35,[[40046,0],[40044,0],[40301,0],[40300,0],[39789,0],]]
[40046,1,35,[[40045,0],[40047,0],[40302,0],[39790,0],]]
[40047,18,35,[[40048,0],[40046,0],[40303,0],[40302,0],[39791,0],]]
[40048,13,35,[[40047,0],[40049,0],[40304,0],[39792,0],]]
[40049,5,35,[[40050,0],[40048,0],[40305,0],[40304,0],[39793,0],]]
[40050,1,35,[[40049,0],[40051,0],[40306,0],[39794,0],]]
[40051,11,35,[[40052,0],[40050,0],[40307,0],[40306,0],[39795,0],]]
[40052,8,35,[[40051,0],[40053,0],[40308,0],[39796,0],]]
[40053,18,35,[[40054,0],[40052,0],[40309,0],[40308,0],[39797,0],]]
[40054,1,35,[[40053,0],[40055,0],[40310,0],[39798,0],]]
[40055,4,35,[[40056,0],[40054,0],[40311,0],[40310,0],[39799,0],]]
[40056,18,35,[[40055,0],[40057,0],[40312,0],[39800,0],]]
[40057,3,35,[[40058,0],[40056,0],[40313,0],[40312,0],[39801,0],]]
[40058,5,35,[[40057,0],[40059,0],[40314,0],[39802,0],]]
[40059,14,35,[[40060,0],[40058,0],[40315,0],[40314,0],[39803,0],]]
[40060,2,35,[[40059,0],[40061,0],[40316,0],[39804,0],]]
[40061,15,35,[[40062,0],[40060,0],[40317,0],[40316,0],[39805,0],]]
[40062,9,35,[[40061,0],[40063,0],[40318,0],[39806,0],]]
[40063,3,35,[[40064,0],[40062,0],[40319,0],[40318,0],[39807,0],]]
[40064,5,36,[[40063,0],[40065,0],[40320,0],[39808,0],]]
[40065,19,36,[[40066,0],[40064,0],[40321,0],[40320,0],[39809,0],]]
[40066,6,36,[[40065,0],[40067,0],[40322,0],[39810,0],]]
[40067,1,36,[[40068,0],[40066,0],[40323,0],[40322,0],[39811,0],]]
[40068,12,36,[[40067,0],[40069,0],[40324,0],[39812,0],]]
[40069,16,36,[[40070,0],[40068,0],[40325,0],[40324,0],[39813,0],]]
[40070,19,36,[[40069,0],[40071,0],[40326,0],[39814,0],]]
[40071,10,36,[[40072,0],[40070,0],[40327,0],[40326,0],[39815,0],]]
[40072,15,36,[[40071,0],[40073,0],[40328,0],[39816,0],]]
[40073,14,36,[[40074,0],[40072,0],[40329,0],[40328,0],[39817,0],]]
[40074,12,36,[[40073,0],[40075,0],[40330,0],[39818,0],]]
[40075,18,36,[[40076,0],[40074,0],[40331,0],[40330,0],[39819,0],]]
[40076,9,36,[[40075,0],[40077,0],[40332,0],[39820,0],]]
[40077,14,36,[[40078,0],[40076,0],[40333,0],[40332,0],[39821,0],]]
[40078,11,36,[[40077,0],[40079,0],[40334,0],[39822,0],]]
[40079,14,36,[[40080,0],[40078,0],[40335,0],[40334,0],[39823,0],]]
[40080,18,36,[[40079,0],[40081,0],[40336,0],[39824,0],]]
[40081,1,36,[[40082,0],[40080,0],[40337,0],[40336,0],[39825,0],]]
[40082,1,36,[[40081,0],[40083,0],[40338,0],[39826,0],]]
[40083,11,36,[[40084,0],[40082,0],[40339,0],[40338,0],[39827,0],]]
[40084,17,36,[[40083,0],[40085,0],[40340,0],[39828,0],]]
[40085,17,36,[[40086,0],[40084,0],[40341,0],[40340,0],[39829,0],]]
[40086,9,36,[[40085,0],[40087,0],[40342,0],[39830,0],]]
[40087,16,36,[[40088,0],[40086,0],[40343,0],[40342,0],[39831,0],]]
[40088,11,36,[[40087,0],[40089,0],[40344,0],[39832,0],]]
[40089,11,36,[[40090,0],[40088,0],[40345,0],[40344,0],[39833,0],]]
[40090,9,36,[[40089,0],[40091,0],[40346,0],[39834,0],]]
[40091,18,36,[[40092,0],[40090,0],[40347,0],[40346,0],[39835,0],]]
[40092,1,36,[[40091,0],[40093,0],[40348,0],[39836,0],]]
[40093,14,36,[[40094,0],[40092,0],[40349,0],[40348,0],[39837,0],]]
[40094,14,36,[[40093,0],[40095,0],[40350,0],[39838,0],]]
[40095,9,36,[[40096,0],[40094,0],[40351,0],[40350,0],[39839,0],]]
[40096,4,37,[[40095,0],[40097,0],[40352,0],[39840,0],]]
[40097,11,37,[[40098,0],[40096,0],[40353,0],[40352,0],[39841,0],]]
[40098,15,37,[[40097,0],[40099,0],[40354,0],[39842,0],]]
[40099,14,37,[[40100,0],[40098,0],[40355,0],[40354,0],[39843,0],]]
[40100,3,37,[[40099,0],[40101,0],[40356,0],[39844,0],]]
[40101,4,37,[[40102,0],[40100,0],[40357,0],[40356,0],[39845,0],]]
[40102,15,37,[[40101,0],[40103,0],[40358,0],[39846,0],]]
[40103,7,37,[[40104,0],[40102,0],[40359,0],[40358,0],[39847,0],]]
[40104,5,37,[[40103,0],[40105,0],[40360,0],[39848,0],]]
[40105,12,37,[[40106,0],[40104,0],[40361,0],[40360,0],[39849,0],]]
[40106,14,37,[[40105,0],[40107,0],[40362,0],[39850,0],]]
[40107,9,37,[[40108,0],[40106,0],[40363,0],[40362,0],[39851,0],]]
[40108,11,37,[[40107,0],[40109,0],[40364,0],[39852,0],]]
[40109,11,37,[[40110,0],[40108,0],[40365,0],[40364,0],[39853,0],]]
[40110,6,37,[[40109,0],[40111,0],[40366,0],[39854,0],]]
[40111,2,37,[[40112,0],[40110,0],[40367,0],[40366,0],[39855,0],]]
[40112,1,37,[[40111,0],[40113,0],[40368,0],[39856,0],]]
[40113,7,37,[[40114,0],[40112,0],[40369,0],[40368,0],[39857,0],]]
[40114,5,37,[[40113,0],[40115,0],[40370,0],[39858,0],]]
[40115,17,37,[[40116,0],[40114,0],[40371,0],[40370,0],[39859,0],]]
[40116,2,37,[[40115,0],[40117,0],[40372,0],[39860,0],]]
[40117,18,37,[[40118,0],[40116,0],[40373,0],[40372,0],[39861,0],]]
[40118,18,37,[[40117,0],[40119,0],[40374,0],[39862,0],]]
[40119,4,37,[[40120,0],[40118,0],[40375,0],[40374,0],[39863,0],]]
[40120,19,37,[[40119,0],[40121,0],[40376,0],[39864,0],]]
[40121,2,37,[[40122,0],[40120,0],[40377,0],[40376,0],[39865,0],]]
[40122,10,37,[[40121,0],[40123,0],[40378,0],[39866,0],]]
[40123,9,37,[[40124,0],[40122,0],[40379,0],[40378,0],[39867,0],]]
[40124,17,37,[[40123,0],[40125,0],[40380,0],[39868,0],]]
[40125,12,37,[[40126,0],[40124,0],[40381,0],[40380,0],[39869,0],]]
[40126,8,37,[[40125,0],[40127,0],[40382,0],[39870,0],]]
[40127,9,37,[[40128,0],[40126,0],[40383,0],[40382,0],[39871,0],]]
[40128,3,38,[[40127,0],[40129,0],[40384,0],[39872,0],]]
[40129,14,38,[[40130,0],[40128,0],[40385,0],[40384,0],[39873,0],]]
[40130,5,38,[[40129,0],[40131,0],[40386,0],[39874,0],]]
[40131,15,38,[[40132,0],[40130,0],[40387,0],[40386,0],[39875,0],]]
[40132,10,38,[[40131,0],[40133,0],[40388,0],[39876,0],]]
[40133,7,38,[[40134,0],[40132,0],[40389,0],[40388,0],[39877,0],]]
[40134,7,38,[[40133,0],[40135,0],[40390,0],[39878,0],]]
[40135,11,38,[[40136,0],[40134,0],[40391,0],[40390,0],[39879,0],]]
[40136,5,38,[[40135,0],[40137,0],[40392,0],[39880,0],]]
[40137,1,38,[[40138,0],[40136,0],[40393,0],[40392,0],[39881,0],]]
[40138,10,38,[[40137,0],[40139,0],[40394,0],[39882,0],]]
[40139,5,38,[[40140,0],[40138,0],[40395,0],[40394,0],[39883,0],]]
[40140,10,38,[[40139,0],[40141,0],[40396,0],[39884,0],]]
[40141,13,38,[[40142,0],[40140,0],[40397,0],[40396,0],[39885,0],]]
[40142,14,38,[[40141,0],[40143,0],[40398,0],[39886,0],]]
[40143,14,38,[[40144,0],[40142,0],[40399,0],[40398,0],[39887,0],]]
[40144,19,38,[[40143,0],[40145,0],[40400,0],[39888,0],]]
[40145,10,38,[[40146,0],[40144,0],[40401,0],[40400,0],[39889,0],]]
[40146,13,38,[[40145,0],[40147,0],[40402,0],[39890,0],]]
[40147,11,38,[[40148,0],[40146,0],[40403,0],[40402,0],[39891,0],]]
[40148,5,38,[[40147,0],[40149,0],[40404,0],[39892,0],]]
[40149,19,38,[[40150,0],[40148,0],[40405,0],[40404,0],[39893,0],]]
[40150,12,38,[[40149,0],[40151,0],[40406,0],[39894,0],]]
[40151,1,38,[[40152,0],[40150,0],[40407,0],[40406,0],[39895,0],]]
[40152,13,38,[[40151,0],[40153,0],[40408,0],[39896,0],]]
[40153,16,38,[[40154,0],[40152,0],[40409,0],[40408,0],[39897,0],]]
[40154,2,38,[[40153,0],[40155,0],[40410,0],[39898,0],]]
[40155,16,38,[[40156,0],[40154,0],[40411,0],[40410,0],[39899,0],]]
[40156,10,38,[[40155,0],[40157,0],[40412,0],[39900,0],]]
[40157,2,38,[[40158,0],[40156,0],[40413,0],[40412,0],[39901,0],]]
[40158,1,38,[[40157,0],[40159,0],[40414,0],[39902,0],]]
[40159,15,38,[[40160,0],[40158,0],[40415,0],[40414,0],[39903,0],]]
[40160,9,39,[[40159,0],[40161,0],[40416,0],[39904,0],]]
[40161,4,39,[[40162,0],[40160,0],[40417,0],[40416,0],[39905,0],]]
[40162,6,39,[[40161,0],[40163,0],[40418,0],[39906,0],]]
[40163,18,39,[[40164,0],[40162,0],[40419,0],[40418,0],[39907,0],]]
[40164,7,39,[[40163,0],[40165,0],[40420,0],[39908,0],]]
[40165,6,39,[[40166,0],[40164,0],[40421,0],[40420,0],[39909,0],]]
[40166,8,39,[[40165,0],[40167,0],[40422,0],[39910,0],]]
[40167,13,39,[[40168,0],[40166,0],[40423,0],[40422,0],[39911,0],]]
[40168,1,39,[[40167,0],[40169,0],[40424,0],[39912,0],]]
[40169,6,39,[[40170,0],[40168,0],[40425,0],[40424,0],[39913,0],]]
[40170,7,39,[[40169,0],[40171,0],[40426,0],[39914,0],]]
[40171,4,39,[[40172,0],[40170,0],[40427,0],[40426,0],[39915,0],]]
[40172,13,39,[[40171,0],[40173,0],[40428,0],[39916,0],]]
[40173,9,39,[[40174,0],[40172,0],[40429,0],[40428,0],[39917,0],]]
[40174,9,39,[[40173,0],[40175,0],[40430,0],[39918,0],]]
[40175,5,39,[[40176,0],[40174,0],[40431,0],[40430,0],[39919,0],]]
[40176,2,39,[[40175,0],[40177,0],[40432,0],[39920,0],]]
[40177,15,39,[[40178,0],[40176,0],[40433,0],[40432,0],[39921,0],]]
[40178,2,39,[[40177,0],[40179,0],[40434,0],[39922,0],]]
[40179,1,39,[[40180,0],[40178,0],[40435,0],[40434,0],[39923,0],]]
[40180,9,39,[[40179,0],[40181,0],[40436,0],[39924,0],]]
[40181,8,39,[[40182,0],[40180,0],[40437,0],[40436,0],[39925,0],]]
[40182,6,39,[[40181,0],[40183,0],[40438,0],[39926,0],]]
[40183,19,39,[[40184,0],[40182,0],[40439,0],[40438,0],[39927,0],]]
[40184,11,39,[[40183,0],[40185,0],[40440,0],[39928,0],]]
[40185,9,39,[[40186,0],[40184,0],[40441,0],[40440,0],[39929,0],]]
[40186,16,39,[[40185,0],[40187,0],[40442,0],[39930,0],]]
[40187,8,39,[[40188,0],[40186,0],[40443,0],[40442,0],[39931,0],]]
[40188,12,39,[[40187,0],[40189,0],[40444,0],[39932,0],]]
[40189,19,39,[[40190,0],[40188,0],[40445,0],[40444,0],[39933,0],]]
[40190,7,39,[[40189,0],[40191,0],[40446,0],[39934,0],]]
[40191,11,39,[[40190,0],[40447,0],[40446,0],[39935,0],]]
[40192,12,32,[[40193,0],[39936,0],[39937,0],[40448,0],]]
[40193,1,32,[[40194,0],[40192,0],[39937,0],[40449,0],]]
[40194,9,32,[[40193,0],[40195,0],[39938,0],[39939,0],[40450,0],]]
[40195,10,32,[[40196,0],[40194,0],[39939,0],[40451,0],]]
[40196,2,32,[[40195,0],[40197,0],[39940,0],[39941,0],[40452,0],]]
[40197,14,32,[[40198,0],[40196,0],[39941,0],[40453,0],]]
[40198,15,32,[[40197,0],[40199,0],[39942,0],[39943,0],[40454,0],]]
[40199,9,32,[[40200,0],[40198,0],[39943,0],[40455,0],]]
[40200,9,32,[[40199,0],[40201,0],[39944,0],[39945,0],[40456,0],]]
[40201,10,32,[[40202,0],[40200,0],[39945,0],[40457,0],]]
[40202,18,32,[[40201,0],[40203,0],[39946,0],[39947,0],[40458,0],]]
[40203,6,32,[[40204,0],[40202,0],[39947,0],[40459,0],]]
[40204,11,32,[[40203,0],[40205,0],[39948,0],[39949,0],[40460,0],]]
[40205,19,32,[[40206,0],[40204,0],[39949,0],[40461,0],]]
[40206,10,32,[[40205,0],[40207,0],[39950,0],[39951,0],[40462,0],]]
[40207,5,32,[[40208,0],[40206,0],[39951,0],[40463,0],]]
[40208,15,32,[[40207,0],[40209,0],[39952,0],[39953,0],[40464,0],]]
[40209,8,32,[[40210,0],[40208,0],[39953,0],[40465,0],]]
[40210,11,32,[[40209,0],[40211,0],[39954,0],[39955,0],[40466,0],]]
[40211,4,32,[[40212,0],[40210,0],[39955,0],[40467,0],]]
[40212,3,32,[[40211,0],[40213,0],[39956,0],[39957,0],[40468,0],]]
[40213,13,32,[[40214,0],[40212,0],[39957,0],[40469,0],]]
[40214,18,32,[[40213,0],[40215,0],[39958,0],[39959,0],[40470,0],]]
[40215,17,32,[[40216,0],[40214,0],[39959,0],[40471,0],]]
[40216,19,32,[[40215,0],[40217,0],[39960,0],[39961,0],[40472,0],]]
[40217,12,32,[[40218,0],[40216,0],[39961,0],[40473,0],]]
[40218,16,32,[[40217,0],[40219,0],[39962,0],[39963,0],[40474,0],]]
[40219,16,32,[[40220,0],[40218,0],[39963,0],[40475,0],]]
[40220,2,32,[[40219,0],[40221,0],[39964,0],[39965,0],[40476,0],]]
[40221,18,32,[[40222,0],[40220,0],[39965,0],[40477,0],]]
[40222,10,32,[[40221,0],[40223,0],[39966,0],[39967,0],[40478,0],]]
[40223,14,32,[[40224,0],[40222,0],[39967,0],[40479,0],]]
[40224,11,33,[[40223,0],[40225,0],[39968,0],[39969,0],[40480,0],]]
[40225,5,33,[[40226,0],[40224,0],[39969,0],[40481,0],]]
[40226,13,33,[[40225,0],[40227,0],[39970,0],[39971,0],[40482,0],]]
[40227,19,33,[[40228,0],[40226,0],[39971,0],[40483,0],]]
[40228,13,33,[[40227,0],[40229,0],[39972,0],[39973,0],[40484,0],]]
[40229,2,33,[[40230,0],[40228,0],[39973,0],[40485,0],]]
[40230,2,33,[[40229,0],[40231,0],[39974,0],[39975,0],[40486,0],]]
[40231,2,33,[[40232,0],[40230,0],[39975,0],[40487,0],]]
[40232,10,33,[[40231,0],[40233,0],[39976,0],[39977,0],[40488,0],]]
[40233,17,33,[[40234,0],[40232,0],[39977,0],[40489,0],]]
[40234,15,33,[[40233,0],[40235,0],[39978,0],[39979,0],[40490,0],]]
[40235,2,33,[[40236,0],[40234,0],[39979,0],[40491,0],]]
[40236,18,33,[[40235,0],[40237,0],[39980,0],[39981,0],[40492,0],]]
[40237,17,33,[[40238,0],[40236,0],[39981,0],[40493,0],]]
[40238,11,33,[[40237,0],[40239,0],[39982,0],[39983,0],[40494,0],]]
[40239,8,33,[[40240,0],[40238,0],[39983,0],[40495,0],]]
[40240,19,33,[[40239,0],[40241,0],[39984,0],[39985,0],[40496,0],]]
[40241,18,33,[[40242,0],[40240,0],[39985,0],[40497,0],]]
[40242,14,33,[[40241,0],[40243,0],[39986,0],[39987,0],[40498,0],]]
[40243,16,33,[[40244,0],[40242,0],[39987,0],[40499,0],]]
[40244,8,33,[[40243,0],[40245,0],[39988,0],[39989,0],[40500,0],]]
[40245,2,33,[[40246,0],[40244,0],[39989,0],[40501,0],]]
[40246,14,33,[[40245,0],[40247,0],[39990,0],[39991,0],[40502,0],]]
[40247,19,33,[[40248,0],[40246,0],[39991,0],[40503,0],]]
[40248,5,33,[[40247,0],[40249,0],[39992,0],[39993,0],[40504,0],]]
[40249,7,33,[[40250,0],[40248,0],[39993,0],[40505,0],]]
[40250,5,33,[[40249,0],[40251,0],[39994,0],[39995,0],[40506,0],]]
[40251,1,33,[[40252,0],[40250,0],[39995,0],[40507,0],]]
[40252,11,33,[[40251,0],[40253,0],[39996,0],[39997,0],[40508,0],]]
[40253,4,33,[[40254,0],[40252,0],[39997,0],[40509,0],]]
[40254,3,33,[[40253,0],[40255,0],[39998,0],[39999,0],[40510,0],]]
[40255,19,33,[[40256,0],[40254,0],[39999,0],[40511,0],]]
[40256,16,34,[[40255,0],[40257,0],[40000,0],[40001,0],[40512,0],]]
[40257,10,34,[[40258,0],[40256,0],[40001,0],[40513,0],]]
[40258,3,34,[[40257,0],[40259,0],[40002,0],[40003,0],[40514,0],]]
[40259,5,34,[[40260,0],[40258,0],[40003,0],[40515,0],]]
[40260,15,34,[[40259,0],[40261,0],[40004,0],[40005,0],[40516,0],]]
[40261,17,34,[[40262,0],[40260,0],[40005,0],[40517,0],]]
[40262,3,34,[[40261,0],[40263,0],[40006,0],[40007,0],[40518,0],]]
[40263,2,34,[[40264,0],[40262,0],[40007,0],[40519,0],]]
[40264,14,34,[[40263,0],[40265,0],[40008,0],[40009,0],[40520,0],]]
[40265,10,34,[[40266,0],[40264,0],[40009,0],[40521,0],]]
[40266,5,34,[[40265,0],[40267,0],[40010,0],[40011,0],[40522,0],]]
[40267,18,34,[[40268,0],[40266,0],[40011,0],[40523,0],]]
[40268,15,34,[[40267,0],[40269,0],[40012,0],[40013,0],[40524,0],]]
[40269,18,34,[[40270,0],[40268,0],[40013,0],[40525,0],]]
[40270,1,34,[[40269,0],[40271,0],[40014,0],[40015,0],[40526,0],]]
[40271,8,34,[[40272,0],[40270,0],[40015,0],[40527,0],]]
[40272,18,34,[[40271,0],[40273,0],[40016,0],[40017,0],[40528,0],]]
[40273,16,34,[[40274,0],[40272,0],[40017,0],[40529,0],]]
[40274,12,34,[[40273,0],[40275,0],[40018,0],[40019,0],[40530,0],]]
[40275,7,34,[[40276,0],[40274,0],[40019,0],[40531,0],]]
[40276,16,34,[[40275,0],[40277,0],[40020,0],[40021,0],[40532,0],]]
[40277,9,34,[[40278,0],[40276,0],[40021,0],[40533,0],]]
[40278,9,34,[[40277,0],[40279,0],[40022,0],[40023,0],[40534,0],]]
[40279,7,34,[[40280,0],[40278,0],[40023,0],[40535,0],]]
[40280,3,34,[[40279,0],[40281,0],[40024,0],[40025,0],[40536,0],]]
[40281,18,34,[[40282,0],[40280,0],[40025,0],[40537,0],]]
[40282,16,34,[[40281,0],[40283,0],[40026,0],[40027,0],[40538,0],]]
[40283,9,34,[[40284,0],[40282,0],[40027,0],[40539,0],]]
[40284,13,34,[[40283,0],[40285,0],[40028,0],[40029,0],[40540,0],]]
[40285,6,34,[[40286,0],[40284,0],[40029,0],[40541,0],]]
[40286,1,34,[[40285,0],[40287,0],[40030,0],[40031,0],[40542,0],]]
[40287,13,34,[[40288,0],[40286,0],[40031,0],[40543,0],]]
[40288,6,35,[[40287,0],[40289,0],[40032,0],[40033,0],[40544,0],]]
[40289,12,35,[[40290,0],[40288,0],[40033,0],[40545,0],]]
[40290,1,35,[[40289,0],[40291,0],[40034,0],[40035,0],[40546,0],]]
[40291,8,35,[[40292,0],[40290,0],[40035,0],[40547,0],]]
[40292,1,35,[[40291,0],[40293,0],[40036,0],[40037,0],[40548,0],]]
[40293,18,35,[[40294,0],[40292,0],[40037,0],[40549,0],]]
[40294,1,35,[[40293,0],[40295,0],[40038,0],[40039,0],[40550,0],]]
[40295,1,35,[[40296,0],[40294,0],[40039,0],[40551,0],]]
[40296,1,35,[[40295,0],[40297,0],[40040,0],[40041,0],[40552,0],]]
[40297,14,35,[[40298,0],[40296,0],[40041,0],[40553,0],]]
[40298,19,35,[[40297,0],[40299,0],[40042,0],[40043,0],[40554,0],]]
[40299,17,35,[[40300,0],[40298,0],[40043,0],[40555,0],]]
[40300,16,35,[[40299,0],[40301,0],[40044,0],[40045,0],[40556,0],]]
[40301,5,35,[[40302,0],[40300,0],[40045,0],[40557,0],]]
[40302,10,35,[[40301,0],[40303,0],[40046,0],[40047,0],[40558,0],]]
[40303,8,35,[[40304,0],[40302,0],[40047,0],[40559,0],]]
[40304,15,35,[[40303,0],[40305,0],[40048,0],[40049,0],[40560,0],]]
[40305,4,35,[[40306,0],[40304,0],[40049,0],[40561,0],]]
[40306,17,35,[[40305,0],[40307,0],[40050,0],[40051,0],[40562,0],]]
[40307,17,35,[[40308,0],[40306,0],[40051,0],[40563,0],]]
[40308,17,35,[[40307,0],[40309,0],[40052,0],[40053,0],[40564,0],]]
[40309,9,35,[[40310,0],[40308,0],[40053,0],[40565,0],]]
[40310,1,35,[[40309,0],[40311,0],[40054,0],[40055,0],[40566,0],]]
[40311,17,35,[[40312,0],[40310,0],[40055,0],[40567,0],]]
[40312,12,35,[[40311,0],[40313,0],[40056,0],[40057,0],[40568,0],]]
[40313,7,35,[[40314,0],[40312,0],[40057,0],[40569,0],]]
[40314,7,35,[[40313,0],[40315,0],[40058,0],[40059,0],[40570,0],]]
[40315,19,35,[[40316,0],[40314,0],[40059,0],[40571,0],]]
[40316,3,35,[[40315,0],[40317,0],[40060,0],[40061,0],[40572,0],]]
[40317,8,35,[[40318,0],[40316,0],[40061,0],[40573,0],]]
[40318,19,35,[[40317,0],[40319,0],[40062,0],[40063,0],[40574,0],]]
[40319,3,35,[[40320,0],[40318,0],[40063,0],[40575,0],]]
[40320,14,36,[[40319,0],[40321,0],[40064,0],[40065,0],[40576,0],]]
[40321,17,36,[[40322,0],[40320,0],[40065,0],[40577,0],]]
[40322,13,36,[[40321,0],[40323,0],[40066,0],[40067,0],[40578,0],]]
[40323,3,36,[[40324,0],[40322,0],[40067,0],[40579,0],]]
[40324,2,36,[[40323,0],[40325,0],[40068,0],[40069,0],[40580,0],]]
[40325,13,36,[[40326,0],[40324,0],[40069,0],[40581,0],]]
[40326,7,36,[[40325,0],[40327,0],[40070,0],[40071,0],[40582,0],]]
[40327,8,36,[[40328,0],[40326,0],[40071,0],[40583,0],]]
[40328,6,36,[[40327,0],[40329,0],[40072,0],[40073,0],[40584,0],]]
[40329,6,36,[[40330,0],[40328,0],[40073,0],[40585,0],]]
[40330,11,36,[[40329,0],[40331,0],[40074,0],[40075,0],[40586,0],]]
[40331,18,36,[[40332,0],[40330,0],[40075,0],[40587,0],]]
[40332,10,36,[[40331,0],[40333,0],[40076,0],[40077,0],[40588,0],]]
[40333,18,36,[[40334,0],[40332,0],[40077,0],[40589,0],]]
[40334,10,36,[[40333,0],[40335,0],[40078,0],[40079,0],[40590,0],]]
[40335,19,36,[[40336,0],[40334,0],[40079,0],[40591,0],]]
[40336,15,36,[[40335,0],[40337,0],[40080,0],[40081,0],[40592,0],]]
[40337,19,36,[[40338,0],[40336,0],[40081,0],[40593,0],]]
[40338,17,36,[[40337,0],[40339,0],[40082,0],[40083,0],[40594,0],]]
[40339,6,36,[[40340,0],[40338,0],[40083,0],[40595,0],]]
[40340,12,36,[[40339,0],[40341,0],[40084,0],[40085,0],[40596,0],]]
[40341,4,36,[[40342,0],[40340,0],[40085,0],[40597,0],]]
[40342,2,36,[[40341,0],[40343,0],[40086,0],[40087,0],[40598,0],]]
[40343,5,36,[[40344,0],[40342,0],[40087,0],[40599,0],]]
[40344,15,36,[[40343,0],[40345,0],[40088,0],[40089,0],[40600,0],]]
[40345,15,36,[[40346,0],[40344,0],[40089,0],[40601,0],]]
[40346,15,36,[[40345,0],[40347,0],[40090,0],[40091,0],[40602,0],]]
[40347,8,36,[[40348,0],[40346,0],[40091,0],[40603,0],]]
[40348,17,36,[[40347,0],[40349,0],[40092,0],[40093,0],[40604,0],]]
[40349,11,36,[[40350,0],[40348,0],[40093,0],[40605,0],]]
[40350,16,36,[[40349,0],[40351,0],[40094,0],[40095,0],[40606,0],]]
[40351,2,36,[[40352,0],[40350,0],[40095,0],[40607,0],]]
[40352,18,37,[[40351,0],[40353,0],[40096,0],[40097,0],[40608,0],]]
[40353,15,37,[[40354,0],[40352,0],[40097,0],[40609,0],]]
[40354,17,37,[[40353,0],[40355,0],[40098,0],[40099,0],[40610,0],]]
[40355,11,37,[[40356,0],[40354,0],[40099,0],[40611,0],]]
[40356,11,37,[[40355,0],[40357,0],[40100,0],[40101,0],[40612,0],]]
[40357,16,37,[[40358,0],[40356,0],[40101,0],[40613,0],]]
[40358,4,37,[[40357,0],[40359,0],[40102,0],[40103,0],[40614,0],]]
[40359,16,37,[[40360,0],[40358,0],[40103,0],[40615,0],]]
[40360,7,37,[[40359,0],[40361,0],[40104,0],[40105,0],[40616,0],]]
[40361,5,37,[[40362,0],[40360,0],[40105,0],[40617,0],]]
[40362,8,37,[[40361,0],[40363,0],[40106,0],[40107,0],[40618,0],]]
[40363,15,37,[[40364,0],[40362,0],[40107,0],[40619,0],]]
[40364,4,37,[[40363,0],[40365,0],[40108,0],[40109,0],[40620,0],]]
[40365,1,37,[[40366,0],[40364,0],[40109,0],[40621,0],]]
[40366,8,37,[[40365,0],[40367,0],[40110,0],[40111,0],[40622,0],]]
[40367,4,37,[[40368,0],[40366,0],[40111,0],[40623,0],]]
[40368,12,37,[[40367,0],[40369,0],[40112,0],[40113,0],[40624,0],]]
[40369,17,37,[[40370,0],[40368,0],[40113,0],[40625,0],]]
[40370,6,37,[[40369,0],[40371,0],[40114,0],[40115,0],[40626,0],]]
[40371,17,37,[[40372,0],[40370,0],[40115,0],[40627,0],]]
[40372,9,37,[[40371,0],[40373,0],[40116,0],[40117,0],[40628,0],]]
[40373,1,37,[[40374,0],[40372,0],[40117,0],[40629,0],]]
[40374,7,37,[[40373,0],[40375,0],[40118,0],[40119,0],[40630,0],]]
[40375,6,37,[[40376,0],[40374,0],[40119,0],[40631,0],]]
[40376,8,37,[[40375,0],[40377,0],[40120,0],[40121,0],[40632,0],]]
[40377,13,37,[[40378,0],[40376,0],[40121,0],[40633,0],]]
[40378,11,37,[[40377,0],[40379,0],[40122,0],[40123,0],[40634,0],]]
[40379,18,37,[[40380,0],[40378,0],[40123,0],[40635,0],]]
[40380,7,37,[[40379,0],[40381,0],[40124,0],[40125,0],[40636,0],]]
[40381,1,37,[[40382,0],[40380,0],[40125,0],[40637,0],]]
[40382,10,37,[[40381,0],[40383,0],[40126,0],[40127,0],[40638,0],]]
[40383,4,37,[[40384,0],[40382,0],[40127,0],[40639,0],]]
[40384,18,38,[[40383,0],[40385,0],[40128,0],[40129,0],[40640,0],]]
[40385,15,38,[[40386,0],[40384,0],[40129,0],[40641,0],]]
[40386,11,38,[[40385,0],[40387,0],[40130,0],[40131,0],[40642,0],]]
[40387,18,38,[[40388,0],[40386,0],[40131,0],[40643,0],]]
[40388,9,38,[[40387,0],[40389,0],[40132,0],[40133,0],[40644,0],]]
[40389,2,38,[[40390,0],[40388,0],[40133,0],[40645,0],]]
[40390,19,38,[[40389,0],[40391,0],[40134,0],[40135,0],[40646,0],]]
[40391,13,38,[[40392,0],[40390,0],[40135,0],[40647,0],]]
[40392,9,38,[[40391,0],[40393,0],[40136,0],[40137,0],[40648,0],]]
[40393,6,38,[[40394,0],[40392,0],[40137,0],[40649,0],]]
[40394,15,38,[[40393,0],[40395,0],[40138,0],[40139,0],[40650,0],]]
[40395,1,38,[[40396,0],[40394,0],[40139,0],[40651,0],]]
[40396,1,38,[[40395,0],[40397,0],[40140,0],[40141,0],[40652,0],]]
[40397,18,38,[[40398,0],[40396,0],[40141,0],[40653,0],]]
[40398,2,38,[[40397,0],[40399,0],[40142,0],[40143,0],[40654,0],]]
[40399,13,38,[[40400,0],[40398,0],[40143,0],[40655,0],]]
[40400,18,38,[[40399,0],[40401,0],[40144,0],[40145,0],[40656,0],]]
[40401,9,38,[[40402,0],[40400,0],[40145,0],[40657,0],]]
[40402,4,38,[[40401,0],[40403,0],[40146,0],[40147,0],[40658,0],]]
[40403,6,38,[[40404,0],[40402,0],[40147,0],[40659,0],]]
[40404,13,38,[[40403,0],[40405,0],[40148,0],[40149,0],[40660,0],]]
[40405,8,38,[[40406,0],[40404,0],[40149,0],[40661,0],]]
[40406,2,38,[[40405,0],[40407,0],[40150,0],[40151,0],[40662,0],]]
[40407,5,38,[[40408,0],[40406,0],[40151,0],[40663,0],]]
[40408,1,38,[[40407,0],[40409,0],[40152,0],[40153,0],[40664,0],]]
[40409,16,38,[[40410,0],[40408,0],[40153,0],[40665,0],]]
[40410,5,38,[[40409,0],[40411,0],[40154,0],[40155,0],[40666,0],]]
[40411,13,38,[[40412,0],[40410,0],[40155,0],[40667,0],]]
[40412,6,38,[[40411,0],[40413,0],[40156,0],[40157,0],[40668,0],]]
[40413,5,38,[[40414,0],[40412,0],[40157,0],[40669,0],]]
[40414,16,38,[[40413,0],[40415,0],[40158,0],[40159,0],[40670,0],]]
[40415,11,38,[[40416,0],[40414,0],[40159,0],[40671,0],]]
[40416,3,39,[[40415,0],[40417,0],[40160,0],[40161,0],[40672,0],]]
[40417,7,39,[[40418,0],[40416,0],[40161,0],[40673,0],]]
[40418,13,39,[[40417,0],[40419,0],[40162,0],[40163,0],[40674,0],]]
[40419,10,39,[[40420,0],[40418,0],[40163,0],[40675,0],]]
[40420,11,39,[[40419,0],[40421,0],[40164,0],[40165,0],[40676,0],]]
[40421,3,39,[[40422,0],[40420,0],[40165,0],[40677,0],]]
[40422,1,39,[[40421,0],[40423,0],[40166,0],[40167,0],[40678,0],]]
[40423,2,39,[[40424,0],[40422,0],[40167,0],[40679,0],]]
[40424,15,39,[[40423,0],[40425,0],[40168,0],[40169,0],[40680,0],]]
[40425,2,39,[[40426,0],[40424,0],[40169,0],[40681,0],]]
[40426,11,39,[[40425,0],[40427,0],[40170,0],[40171,0],[40682,0],]]
[40427,6,39,[[40428,0],[40426,0],[40171,0],[40683,0],]]
[40428,5,39,[[40427,0],[40429,0],[40172,0],[40173,0],[40684,0],]]
[40429,18,39,[[40430,0],[40428,0],[40173,0],[40685,0],]]
[40430,10,39,[[40429,0],[40431,0],[40174,0],[40175,0],[40686,0],]]
[40431,2,39,[[40432,0],[40430,0],[40175,0],[40687,0],]]
[40432,9,39,[[40431,0],[40433,0],[40176,0],[40177,0],[40688,0],]]
[40433,14,39,[[40434,0],[40432,0],[40177,0],[40689,0],]]
[40434,8,39,[[40433,0],[40435,0],[40178,0],[40179,0],[40690,0],]]
[40435,6,39,[[40436,0],[40434,0],[40179,0],[40691,0],]]
[40436,12,39,[[40435,0],[40437,0],[40180,0],[40181,0],[40692,0],]]
[40437,18,39,[[40438,0],[40436,0],[40181,0],[40693,0],]]
[40438,3,39,[[40437,0],[40439,0],[40182,0],[40183,0],[40694,0],]]
[40439,4,39,[[40440,0],[40438,0],[40183,0],[40695,0],]]
[40440,5,39,[[40439,0],[40441,0],[40184,0],[40185,0],[40696,0],]]
[40441,19,39,[[40442,0],[40440,0],[40185,0],[40697,0],]]
[40442,15,39,[[40441,0],[40443,0],[40186,0],[40187,0],[40698,0],]]
[40443,1,39,[[40444,0],[40442,0],[40187,0],[40699,0],]]
[40444,6,39,[[40443,0],[40445,0],[40188,0],[40189,0],[40700,0],]]
[40445,6,39,[[40446,0],[40444,0],[40189,0],[40701,0],]]
[40446,1,39,[[40445,0],[40447,0],[40190,0],[40191,0],[40702,0],]]
[40447,16,39,[[40446,0],[40191,0],[40703,0],]]
[40448,11,32,[[40449,0],[40704,0],[40192,0],]]
[40449,9,32,[[40450,0],[40448,0],[40705,0],[40704,0],[40193,0],]]
[40450,18,32,[[40449,0],[40451,0],[40706,0],[40194,0],]]
[40451,9,32,[[40452,0],[40450,0],[40707,0],[40706,0],[40195,0],]]
[40452,5,32,[[40451,0],[40453,0],[40708,0],[40196,0],]]
[40453,6,32,[[40454,0],[40452,0],[40709,0],[40708,0],[40197,0],]]
[40454,6,32,[[40453,0],[40455,0],[40710,0],[40198,0],]]
[40455,17,32,[[40456,0],[40454,0],[40711,0],[40710,0],[40199,0],]]
[40456,4,32,[[40455,0],[40457,0],[40712,0],[40200,0],]]
[40457,9,32,[[40458,0],[40456,0],[40713,0],[40712,0],[40201,0],]]
[40458,9,32,[[40457,0],[40459,0],[40714,0],[40202,0],]]
[40459,12,32,[[40460,0],[40458,0],[40715,0],[40714,0],[40203,0],]]
[40460,14,32,[[40459,0],[40461,0],[40716,0],[40204,0],]]
[40461,10,32,[[40462,0],[40460,0],[40717,0],[40716,0],[40205,0],]]
[40462,3,32,[[40461,0],[40463,0],[40718,0],[40206,0],]]
[40463,13,32,[[40464,0],[40462,0],[40719,0],[40718,0],[40207,0],]]
[40464,1,32,[[40463,0],[40465,0],[40720,0],[40208,0],]]
[40465,2,32,[[40466,0],[40464,0],[40721,0],[40720,0],[40209,0],]]
[40466,10,32,[[40465,0],[40467,0],[40722,0],[40210,0],]]
[40467,4,32,[[40468,0],[40466,0],[40723,0],[40722,0],[40211,0],]]
[40468,6,32,[[40467,0],[40469,0],[40724,0],[40212,0],]]
[40469,14,32,[[40470,0],[40468,0],[40725,0],[40724,0],[40213,0],]]
[40470,5,32,[[40469,0],[40471,0],[40726,0],[40214,0],]]
[40471,19,32,[[40472,0],[40470,0],[40727,0],[40726,0],[40215,0],]]
[40472,16,32,[[40471,0],[40473,0],[40728,0],[40216,0],]]
[40473,18,32,[[40474,0],[40472,0],[40729,0],[40728,0],[40217,0],]]
[40474,12,32,[[40473,0],[40475,0],[40730,0],[40218,0],]]
[40475,2,32,[[40476,0],[40474,0],[40731,0],[40730,0],[40219,0],]]
[40476,19,32,[[40475,0],[40477,0],[40732,0],[40220,0],]]
[40477,12,32,[[40478,0],[40476,0],[40733,0],[40732,0],[40221,0],]]
[40478,8,32,[[40477,0],[40479,0],[40734,0],[40222,0],]]
[40479,18,32,[[40480,0],[40478,0],[40735,0],[40734,0],[40223,0],]]
[40480,10,33,[[40479,0],[40481,0],[40736,0],[40224,0],]]
[40481,16,33,[[40482,0],[40480,0],[40737,0],[40736,0],[40225,0],]]
[40482,15,33,[[40481,0],[40483,0],[40738,0],[40226,0],]]
[40483,1,33,[[40484,0],[40482,0],[40739,0],[40738,0],[40227,0],]]
[40484,13,33,[[40483,0],[40485,0],[40740,0],[40228,0],]]
[40485,5,33,[[40486,0],[40484,0],[40741,0],[40740,0],[40229,0],]]
[40486,8,33,[[40485,0],[40487,0],[40742,0],[40230,0],]]
[40487,13,33,[[40488,0],[40486,0],[40743,0],[40742,0],[40231,0],]]
[40488,8,33,[[40487,0],[40489,0],[40744,0],[40232,0],]]
[40489,4,33,[[40490,0],[40488,0],[40745,0],[40744,0],[40233,0],]]
[40490,10,33,[[40489,0],[40491,0],[40746,0],[40234,0],]]
[40491,16,33,[[40492,0],[40490,0],[40747,0],[40746,0],[40235,0],]]
[40492,2,33,[[40491,0],[40493,0],[40748,0],[40236,0],]]
[40493,11,33,[[40494,0],[40492,0],[40749,0],[40748,0],[40237,0],]]
[40494,6,33,[[40493,0],[40495,0],[40750,0],[40238,0],]]
[40495,2,33,[[40496,0],[40494,0],[40751,0],[40750,0],[40239,0],]]
[40496,8,33,[[40495,0],[40497,0],[40752,0],[40240,0],]]
[40497,15,33,[[40498,0],[40496,0],[40753,0],[40752,0],[40241,0],]]
[40498,3,33,[[40497,0],[40499,0],[40754,0],[40242,0],]]
[40499,10,33,[[40500,0],[40498,0],[40755,0],[40754,0],[40243,0],]]
[40500,19,33,[[40499,0],[40501,0],[40756,0],[40244,0],]]
[40501,17,33,[[40502,0],[40500,0],[40757,0],[40756,0],[40245,0],]]
[40502,5,33,[[40501,0],[40503,0],[40758,0],[40246,0],]]
[40503,16,33,[[40504,0],[40502,0],[40759,0],[40758,0],[40247,0],]]
[40504,12,33,[[40503,0],[40505,0],[40760,0],[40248,0],]]
[40505,1,33,[[40506,0],[40504,0],[40761,0],[40760,0],[40249,0],]]
[40506,8,33,[[40505,0],[40507,0],[40762,0],[40250,0],]]
[40507,4,33,[[40508,0],[40506,0],[40763,0],[40762,0],[40251,0],]]
[40508,17,33,[[40507,0],[40509,0],[40764,0],[40252,0],]]
[40509,7,33,[[40510,0],[40508,0],[40765,0],[40764,0],[40253,0],]]
[40510,8,33,[[40509,0],[40511,0],[40766,0],[40254,0],]]
[40511,18,33,[[40512,0],[40510,0],[40767,0],[40766,0],[40255,0],]]
[40512,16,34,[[40511,0],[40513,0],[40768,0],[40256,0],]]
[40513,6,34,[[40514,0],[40512,0],[40769,0],[40768,0],[40257,0],]]
[40514,6,34,[[40513,0],[40515,0],[40770,0],[40258,0],]]
[40515,10,34,[[40516,0],[40514,0],[40771,0],[40770,0],[40259,0],]]
[40516,6,34,[[40515,0],[40517,0],[40772,0],[40260,0],]]
[40517,9,34,[[40518,0],[40516,0],[40773,0],[40772,0],[40261,0],]]
[40518,6,34,[[40517,0],[40519,0],[40774,0],[40262,0],]]
[40519,2,34,[[40520,0],[40518,0],[40775,0],[40774,0],[40263,0],]]
[40520,10,34,[[40519,0],[40521,0],[40776,0],[40264,0],]]
[40521,12,34,[[40522,0],[40520,0],[40777,0],[40776,0],[40265,0],]]
[40522,11,34,[[40521,0],[40523,0],[40778,0],[40266,0],]]
[40523,3,34,[[40524,0],[40522,0],[40779,0],[40778,0],[40267,0],]]
[40524,19,34,[[40523,0],[40525,0],[40780,0],[40268,0],]]
[40525,15,34,[[40526,0],[40524,0],[40781,0],[40780,0],[40269,0],]]
[40526,15,34,[[40525,0],[40527,0],[40782,0],[40270,0],]]
[40527,8,34,[[40528,0],[40526,0],[40783,0],[40782,0],[40271,0],]]
[40528,4,34,[[40527,0],[40529,0],[40784,0],[40272,0],]]
[40529,13,34,[[40530,0],[40528,0],[40785,0],[40784,0],[40273,0],]]
[40530,2,34,[[40529,0],[40531,0],[40786,0],[40274,0],]]
[40531,16,34,[[40532,0],[40530,0],[40787,0],[40786,0],[40275,0],]]
[40532,14,34,[[40531,0],[40533,0],[40788,0],[40276,0],]]
[40533,7,34,[[40534,0],[40532,0],[40789,0],[40788,0],[40277,0],]]
[40534,16,34,[[40533,0],[40535,0],[40790,0],[40278,0],]]
[40535,5,34,[[40536,0],[40534,0],[40791,0],[40790,0],[40279,0],]]
[40536,12,34,[[40535,0],[40537,0],[40792,0],[40280,0],]]
[40537,15,34,[[40538,0],[40536,0],[40793,0],[40792,0],[40281,0],]]
[40538,9,34,[[40537,0],[40539,0],[40794,0],[40282,0],]]
[40539,18,34,[[40540,0],[40538,0],[40795,0],[40794,0],[40283,0],]]
[40540,16,34,[[40539,0],[40541,0],[40796,0],[40284,0],]]
[40541,12,34,[[40542,0],[40540,0],[40797,0],[40796,0],[40285,0],]]
[40542,17,34,[[40541,0],[40543,0],[40798,0],[40286,0],]]
[40543,15,34,[[40544,0],[40542,0],[40799,0],[40798,0],[40287,0],]]
[40544,2,35,[[40543,0],[40545,0],[40800,0],[40288,0],]]
[40545,10,35,[[40546,0],[40544,0],[40801,0],[40800,0],[40289,0],]]
[40546,4,35,[[40545,0],[40547,0],[40802,0],[40290,0],]]
[40547,1,35,[[40548,0],[40546,0],[40803,0],[40802,0],[40291,0],]]
[40548,8,35,[[40547,0],[40549,0],[40804,0],[40292,0],]]
[40549,3,35,[[40550,0],[40548,0],[40805,0],[40804,0],[40293,0],]]
[40550,3,35,[[40549,0],[40551,0],[40806,0],[40294,0],]]
[40551,18,35,[[40552,0],[40550,0],[40807,0],[40806,0],[40295,0],]]
[40552,7,35,[[40551,0],[40553,0],[40808,0],[40296,0],]]
[40553,18,35,[[40554,0],[40552,0],[40809,0],[40808,0],[40297,0],]]
[40554,14,35,[[40553,0],[40555,0],[40810,0],[40298,0],]]
[40555,11,35,[[40556,0],[40554,0],[40811,0],[40810,0],[40299,0],]]
[40556,10,35,[[40555,0],[40557,0],[40812,0],[40300,0],]]
[40557,17,35,[[40558,0],[40556,0],[40813,0],[40812,0],[40301,0],]]
[40558,11,35,[[40557,0],[40559,0],[40814,0],[40302,0],]]
[40559,13,35,[[40560,0],[40558,0],[40815,0],[40814,0],[40303,0],]]
[40560,6,35,[[40559,0],[40561,0],[40816,0],[40304,0],]]
[40561,8,35,[[40562,0],[40560,0],[40817,0],[40816,0],[40305,0],]]
[40562,9,35,[[40561,0],[40563,0],[40818,0],[40306,0],]]
[40563,8,35,[[40564,0],[40562,0],[40819,0],[40818,0],[40307,0],]]
[40564,19,35,[[40563,0],[40565,0],[40820,0],[40308,0],]]
[40565,9,35,[[40566,0],[40564,0],[40821,0],[40820,0],[40309,0],]]
[40566,11,35,[[40565,0],[40567,0],[40822,0],[40310,0],]]
[40567,12,35,[[40568,0],[40566,0],[40823,0],[40822,0],[40311,0],]]
[40568,13,35,[[40567,0],[40569,0],[40824,0],[40312,0],]]
[40569,3,35,[[40570,0],[40568,0],[40825,0],[40824,0],[40313,0],]]
[40570,10,35,[[40569,0],[40571,0],[40826,0],[40314,0],]]
[40571,8,35,[[40572,0],[40570,0],[40827,0],[40826,0],[40315,0],]]
[40572,18,35,[[40571,0],[40573,0],[40828,0],[40316,0],]]
[40573,9,35,[[40574,0],[40572,0],[40829,0],[40828,0],[40317,0],]]
[40574,12,35,[[40573,0],[40575,0],[40830,0],[40318,0],]]
[40575,5,35,[[40576,0],[40574,0],[40831,0],[40830,0],[40319,0],]]
[40576,2,36,[[40575,0],[40577,0],[40832,0],[40320,0],]]
[40577,13,36,[[40578,0],[40576,0],[40833,0],[40832,0],[40321,0],]]
[40578,16,36,[[40577,0],[40579,0],[40834,0],[40322,0],]]
[40579,10,36,[[40580,0],[40578,0],[40835,0],[40834,0],[40323,0],]]
[40580,3,36,[[40579,0],[40581,0],[40836,0],[40324,0],]]
[40581,16,36,[[40582,0],[40580,0],[40837,0],[40836,0],[40325,0],]]
[40582,3,36,[[40581,0],[40583,0],[40838,0],[40326,0],]]
[40583,12,36,[[40584,0],[40582,0],[40839,0],[40838,0],[40327,0],]]
[40584,7,36,[[40583,0],[40585,0],[40840,0],[40328,0],]]
[40585,2,36,[[40586,0],[40584,0],[40841,0],[40840,0],[40329,0],]]
[40586,18,36,[[40585,0],[40587,0],[40842,0],[40330,0],]]
[40587,17,36,[[40588,0],[40586,0],[40843,0],[40842,0],[40331,0],]]
[40588,11,36,[[40587,0],[40589,0],[40844,0],[40332,0],]]
[40589,11,36,[[40590,0],[40588,0],[40845,0],[40844,0],[40333,0],]]
[40590,2,36,[[40589,0],[40591,0],[40846,0],[40334,0],]]
[40591,5,36,[[40592,0],[40590,0],[40847,0],[40846,0],[40335,0],]]
[40592,15,36,[[40591,0],[40593,0],[40848,0],[40336,0],]]
[40593,17,36,[[40594,0],[40592,0],[40849,0],[40848,0],[40337,0],]]
[40594,14,36,[[40593,0],[40595,0],[40850,0],[40338,0],]]
[40595,14,36,[[40596,0],[40594,0],[40851,0],[40850,0],[40339,0],]]
[40596,2,36,[[40595,0],[40597,0],[40852,0],[40340,0],]]
[40597,9,36,[[40598,0],[40596,0],[40853,0],[40852,0],[40341,0],]]
[40598,1,36,[[40597,0],[40599,0],[40854,0],[40342,0],]]
[40599,10,36,[[40600,0],[40598,0],[40855,0],[40854,0],[40343,0],]]
[40600,18,36,[[40599,0],[40601,0],[40856,0],[40344,0],]]
[40601,13,36,[[40602,0],[40600,0],[40857,0],[40856,0],[40345,0],]]
[40602,2,36,[[40601,0],[40603,0],[40858,0],[40346,0],]]
[40603,11,36,[[40604,0],[40602,0],[40859,0],[40858,0],[40347,0],]]
[40604,15,36,[[40603,0],[40605,0],[40860,0],[40348,0],]]
[40605,19,36,[[40606,0],[40604,0],[40861,0],[40860,0],[40349,0],]]
[40606,11,36,[[40605,0],[40607,0],[40862,0],[40350,0],]]
[40607,4,36,[[40608,0],[40606,0],[40863,0],[40862,0],[40351,0],]]
[40608,8,37,[[40607,0],[40609,0],[40864,0],[40352,0],]]
[40609,7,37,[[40610,0],[40608,0],[40865,0],[40864,0],[40353,0],]]
[40610,18,37,[[40609,0],[40611,0],[40866,0],[40354,0],]]
[40611,5,37,[[40612,0],[40610,0],[40867,0],[40866,0],[40355,0],]]
[40612,6,37,[[40611,0],[40613,0],[40868,0],[40356,0],]]
[40613,11,37,[[40614,0],[40612,0],[40869,0],[40868,0],[40357,0],]]
[40614,5,37,[[40613,0],[40615,0],[40870,0],[40358,0],]]
[40615,5,37,[[40616,0],[40614,0],[40871,0],[40870,0],[40359,0],]]
[40616,11,37,[[40615,0],[40617,0],[40872,0],[40360,0],]]
[40617,14,37,[[40618,0],[40616,0],[40873,0],[40872,0],[40361,0],]]
[40618,18,37,[[40617,0],[40619,0],[40874,0],[40362,0],]]
[40619,17,37,[[40620,0],[40618,0],[40875,0],[40874,0],[40363,0],]]
[40620,13,37,[[40619,0],[40621,0],[40876,0],[40364,0],]]
[40621,17,37,[[40622,0],[40620,0],[40877,0],[40876,0],[40365,0],]]
[40622,15,37,[[40621,0],[40623,0],[40878,0],[40366,0],]]
[40623,4,37,[[40624,0],[40622,0],[40879,0],[40878,0],[40367,0],]]
[40624,5,37,[[40623,0],[40625,0],[40880,0],[40368,0],]]
[40625,9,37,[[40626,0],[40624,0],[40881,0],[40880,0],[40369,0],]]
[40626,12,37,[[40625,0],[40627,0],[40882,0],[40370,0],]]
[40627,18,37,[[40628,0],[40626,0],[40883,0],[40882,0],[40371,0],]]
[40628,1,37,[[40627,0],[40629,0],[40884,0],[40372,0],]]
[40629,2,37,[[40630,0],[40628,0],[40885,0],[40884,0],[40373,0],]]
[40630,8,37,[[40629,0],[40631,0],[40886,0],[40374,0],]]
[40631,17,37,[[40632,0],[40630,0],[40887,0],[40886,0],[40375,0],]]
