[39321,9,36,[[39322,0],[39320,0],[39065,0],[39577,0],]]
[39322,12,36,[[39321,0],[39323,0],[39066,0],[39067,0],[39578,0],]]
[39323,8,36,[[39324,0],[39322,0],[39067,0],[39579,0],]]
[39324,17,36,[[39323,0],[39325,0],[39068,0],[39069,0],[39580,0],]]
[39325,11,36,[[39326,0],[39324,0],[39069,0],[39581,0],]]
[39326,6,36,[[39325,0],[39327,0],[39070,0],[39071,0],[39582,0],]]
[39327,1,36,[[39328,0],[39326,0],[39071,0],[39583,0],]]
[39328,7,37,[[39327,0],[39329,0],[39072,0],[39073,0],[39584,0],]]
[39329,17,37,[[39330,0],[39328,0],[39073,0],[39585,0],]]
[39330,1,37,[[39329,0],[39331,0],[39074,0],[39075,0],[39586,0],]]
[39331,2,37,[[39332,0],[39330,0],[39075,0],[39587,0],]]
[39332,15,37,[[39331,0],[39333,0],[39076,0],[39077,0],[39588,0],]]
[39333,12,37,[[39334,0],[39332,0],[39077,0],[39589,0],]]
[39334,8,37,[[39333,0],[39335,0],[39078,0],[39079,0],[39590,0],]]
[39335,2,37,[[39336,0],[39334,0],[39079,0],[39591,0],]]
[39336,2,37,[[39335,0],[39337,0],[39080,0],[39081,0],[39592,0],]]
[39337,18,37,[[39338,0],[39336,0],[39081,0],[39593,0],]]
[39338,12,37,[[39337,0],[39339,0],[39082,0],[39083,0],[39594,0],]]
[39339,7,37,[[39340,0],[39338,0],[39083,0],[39595,0],]]
[39340,6,37,[[39339,0],[39341,0],[39084,0],[39085,0],[39596,0],]]
[39341,4,37,[[39342,0],[39340,0],[39085,0],[39597,0],]]
[39342,5,37,[[39341,0],[39343,0],[39086,0],[39087,0],[39598,0],]]
[39343,13,37,[[39344,0],[39342,0],[39087,0],[39599,0],]]
[39344,6,37,[[39343,0],[39345,0],[39088,0],[39089,0],[39600,0],]]
[39345,5,37,[[39346,0],[39344,0],[39089,0],[39601,0],]]
[39346,6,37,[[39345,0],[39347,0],[39090,0],[39091,0],[39602,0],]]
[39347,12,37,[[39348,0],[39346,0],[39091,0],[39603,0],]]
[39348,5,37,[[39347,0],[39349,0],[39092,0],[39093,0],[39604,0],]]
[39349,9,37,[[39350,0],[39348,0],[39093,0],[39605,0],]]
[39350,7,37,[[39349,0],[39351,0],[39094,0],[39095,0],[39606,0],]]
[39351,8,37,[[39352,0],[39350,0],[39095,0],[39607,0],]]
[39352,15,37,[[39351,0],[39353,0],[39096,0],[39097,0],[39608,0],]]
[39353,16,37,[[39354,0],[39352,0],[39097,0],[39609,0],]]
[39354,14,37,[[39353,0],[39355,0],[39098,0],[39099,0],[39610,0],]]
[39355,1,37,[[39356,0],[39354,0],[39099,0],[39611,0],]]
[39356,19,37,[[39355,0],[39357,0],[39100,0],[39101,0],[39612,0],]]
[39357,8,37,[[39358,0],[39356,0],[39101,0],[39613,0],]]
[39358,1,37,[[39357,0],[39359,0],[39102,0],[39103,0],[39614,0],]]
[39359,13,37,[[39360,0],[39358,0],[39103,0],[39615,0],]]
[39360,11,38,[[39359,0],[39361,0],[39104,0],[39105,0],[39616,0],]]
[39361,14,38,[[39362,0],[39360,0],[39105,0],[39617,0],]]
[39362,10,38,[[39361,0],[39363,0],[39106,0],[39107,0],[39618,0],]]
[39363,16,38,[[39364,0],[39362,0],[39107,0],[39619,0],]]
[39364,2,38,[[39363,0],[39365,0],[39108,0],[39109,0],[39620,0],]]
[39365,5,38,[[39366,0],[39364,0],[39109,0],[39621,0],]]
[39366,1,38,[[39365,0],[39367,0],[39110,0],[39111,0],[39622,0],]]
[39367,9,38,[[39368,0],[39366,0],[39111,0],[39623,0],]]
[39368,14,38,[[39367,0],[39369,0],[39112,0],[39113,0],[39624,0],]]
[39369,1,38,[[39370,0],[39368,0],[39113,0],[39625,0],]]
[39370,15,38,[[39369,0],[39371,0],[39114,0],[39115,0],[39626,0],]]
[39371,13,38,[[39372,0],[39370,0],[39115,0],[39627,0],]]
[39372,1,38,[[39371,0],[39373,0],[39116,0],[39117,0],[39628,0],]]
[39373,5,38,[[39374,0],[39372,0],[39117,0],[39629,0],]]
[39374,4,38,[[39373,0],[39375,0],[39118,0],[39119,0],[39630,0],]]
[39375,13,38,[[39376,0],[39374,0],[39119,0],[39631,0],]]
[39376,4,38,[[39375,0],[39377,0],[39120,0],[39121,0],[39632,0],]]
[39377,16,38,[[39378,0],[39376,0],[39121,0],[39633,0],]]
[39378,15,38,[[39377,0],[39379,0],[39122,0],[39123,0],[39634,0],]]
[39379,3,38,[[39380,0],[39378,0],[39123,0],[39635,0],]]
[39380,8,38,[[39379,0],[39381,0],[39124,0],[39125,0],[39636,0],]]
[39381,6,38,[[39382,0],[39380,0],[39125,0],[39637,0],]]
[39382,14,38,[[39381,0],[39383,0],[39126,0],[39127,0],[39638,0],]]
[39383,17,38,[[39384,0],[39382,0],[39127,0],[39639,0],]]
[39384,9,38,[[39383,0],[39385,0],[39128,0],[39129,0],[39640,0],]]
[39385,15,38,[[39386,0],[39384,0],[39129,0],[39641,0],]]
[39386,11,38,[[39385,0],[39387,0],[39130,0],[39131,0],[39642,0],]]
[39387,12,38,[[39388,0],[39386,0],[39131,0],[39643,0],]]
[39388,2,38,[[39387,0],[39389,0],[39132,0],[39133,0],[39644,0],]]
[39389,18,38,[[39390,0],[39388,0],[39133,0],[39645,0],]]
[39390,16,38,[[39389,0],[39391,0],[39134,0],[39135,0],[39646,0],]]
[39391,8,38,[[39392,0],[39390,0],[39135,0],[39647,0],]]
[39392,11,39,[[39391,0],[39393,0],[39136,0],[39137,0],[39648,0],]]
[39393,11,39,[[39394,0],[39392,0],[39137,0],[39649,0],]]
[39394,6,39,[[39393,0],[39395,0],[39138,0],[39139,0],[39650,0],]]
[39395,8,39,[[39396,0],[39394,0],[39139,0],[39651,0],]]
[39396,18,39,[[39395,0],[39397,0],[39140,0],[39141,0],[39652,0],]]
[39397,1,39,[[39398,0],[39396,0],[39141,0],[39653,0],]]
[39398,1,39,[[39397,0],[39399,0],[39142,0],[39143,0],[39654,0],]]
[39399,2,39,[[39400,0],[39398,0],[39143,0],[39655,0],]]
[39400,14,39,[[39399,0],[39401,0],[39144,0],[39145,0],[39656,0],]]
[39401,1,39,[[39402,0],[39400,0],[39145,0],[39657,0],]]
[39402,7,39,[[39401,0],[39403,0],[39146,0],[39147,0],[39658,0],]]
[39403,8,39,[[39404,0],[39402,0],[39147,0],[39659,0],]]
[39404,7,39,[[39403,0],[39405,0],[39148,0],[39149,0],[39660,0],]]
[39405,7,39,[[39406,0],[39404,0],[39149,0],[39661,0],]]
[39406,2,39,[[39405,0],[39407,0],[39150,0],[39151,0],[39662,0],]]
[39407,12,39,[[39408,0],[39406,0],[39151,0],[39663,0],]]
[39408,13,39,[[39407,0],[39409,0],[39152,0],[39153,0],[39664,0],]]
[39409,9,39,[[39410,0],[39408,0],[39153,0],[39665,0],]]
[39410,3,39,[[39409,0],[39411,0],[39154,0],[39155,0],[39666,0],]]
[39411,13,39,[[39412,0],[39410,0],[39155,0],[39667,0],]]
[39412,16,39,[[39411,0],[39413,0],[39156,0],[39157,0],[39668,0],]]
[39413,15,39,[[39414,0],[39412,0],[39157,0],[39669,0],]]
[39414,18,39,[[39413,0],[39415,0],[39158,0],[39159,0],[39670,0],]]
[39415,10,39,[[39416,0],[39414,0],[39159,0],[39671,0],]]
[39416,7,39,[[39415,0],[39417,0],[39160,0],[39161,0],[39672,0],]]
[39417,11,39,[[39418,0],[39416,0],[39161,0],[39673,0],]]
[39418,8,39,[[39417,0],[39419,0],[39162,0],[39163,0],[39674,0],]]
[39419,8,39,[[39420,0],[39418,0],[39163,0],[39675,0],]]
[39420,17,39,[[39419,0],[39421,0],[39164,0],[39165,0],[39676,0],]]
[39421,18,39,[[39422,0],[39420,0],[39165,0],[39677,0],]]
[39422,4,39,[[39421,0],[39423,0],[39166,0],[39167,0],[39678,0],]]
[39423,3,39,[[39422,0],[39167,0],[39679,0],]]
[39424,6,32,[[39425,0],[39680,0],[39168,0],]]
[39425,5,32,[[39426,0],[39424,0],[39681,0],[39680,0],[39169,0],]]
[39426,14,32,[[39425,0],[39427,0],[39682,0],[39170,0],]]
[39427,1,32,[[39428,0],[39426,0],[39683,0],[39682,0],[39171,0],]]
[39428,10,32,[[39427,0],[39429,0],[39684,0],[39172,0],]]
[39429,6,32,[[39430,0],[39428,0],[39685,0],[39684,0],[39173,0],]]
[39430,9,32,[[39429,0],[39431,0],[39686,0],[39174,0],]]
[39431,2,32,[[39432,0],[39430,0],[39687,0],[39686,0],[39175,0],]]
[39432,10,32,[[39431,0],[39433,0],[39688,0],[39176,0],]]
[39433,12,32,[[39434,0],[39432,0],[39689,0],[39688,0],[39177,0],]]
[39434,13,32,[[39433,0],[39435,0],[39690,0],[39178,0],]]
[39435,11,32,[[39436,0],[39434,0],[39691,0],[39690,0],[39179,0],]]
[39436,18,32,[[39435,0],[39437,0],[39692,0],[39180,0],]]
[39437,6,32,[[39438,0],[39436,0],[39693,0],[39692,0],[39181,0],]]
[39438,7,32,[[39437,0],[39439,0],[39694,0],[39182,0],]]
[39439,16,32,[[39440,0],[39438,0],[39695,0],[39694,0],[39183,0],]]
[39440,11,32,[[39439,0],[39441,0],[39696,0],[39184,0],]]
[39441,4,32,[[39442,0],[39440,0],[39697,0],[39696,0],[39185,0],]]
[39442,2,32,[[39441,0],[39443,0],[39698,0],[39186,0],]]
[39443,8,32,[[39444,0],[39442,0],[39699,0],[39698,0],[39187,0],]]
[39444,9,32,[[39443,0],[39445,0],[39700,0],[39188,0],]]
[39445,7,32,[[39446,0],[39444,0],[39701,0],[39700,0],[39189,0],]]
[39446,4,32,[[39445,0],[39447,0],[39702,0],[39190,0],]]
[39447,11,32,[[39448,0],[39446,0],[39703,0],[39702,0],[39191,0],]]
[39448,3,32,[[39447,0],[39449,0],[39704,0],[39192,0],]]
[39449,9,32,[[39450,0],[39448,0],[39705,0],[39704,0],[39193,0],]]
[39450,13,32,[[39449,0],[39451,0],[39706,0],[39194,0],]]
[39451,3,32,[[39452,0],[39450,0],[39707,0],[39706,0],[39195,0],]]
[39452,1,32,[[39451,0],[39453,0],[39708,0],[39196,0],]]
[39453,5,32,[[39454,0],[39452,0],[39709,0],[39708,0],[39197,0],]]
[39454,6,32,[[39453,0],[39455,0],[39710,0],[39198,0],]]
[39455,6,32,[[39456,0],[39454,0],[39711,0],[39710,0],[39199,0],]]
[39456,15,33,[[39455,0],[39457,0],[39712,0],[39200,0],]]
[39457,18,33,[[39458,0],[39456,0],[39713,0],[39712,0],[39201,0],]]
[39458,5,33,[[39457,0],[39459,0],[39714,0],[39202,0],]]
[39459,16,33,[[39460,0],[39458,0],[39715,0],[39714,0],[39203,0],]]
[39460,10,33,[[39459,0],[39461,0],[39716,0],[39204,0],]]
[39461,8,33,[[39462,0],[39460,0],[39717,0],[39716,0],[39205,0],]]
[39462,6,33,[[39461,0],[39463,0],[39718,0],[39206,0],]]
[39463,16,33,[[39464,0],[39462,0],[39719,0],[39718,0],[39207,0],]]
[39464,10,33,[[39463,0],[39465,0],[39720,0],[39208,0],]]
[39465,4,33,[[39466,0],[39464,0],[39721,0],[39720,0],[39209,0],]]
[39466,10,33,[[39465,0],[39467,0],[39722,0],[39210,0],]]
[39467,13,33,[[39468,0],[39466,0],[39723,0],[39722,0],[39211,0],]]
[39468,17,33,[[39467,0],[39469,0],[39724,0],[39212,0],]]
[39469,13,33,[[39470,0],[39468,0],[39725,0],[39724,0],[39213,0],]]
[39470,19,33,[[39469,0],[39471,0],[39726,0],[39214,0],]]
[39471,1,33,[[39472,0],[39470,0],[39727,0],[39726,0],[39215,0],]]
[39472,1,33,[[39471,0],[39473,0],[39728,0],[39216,0],]]
[39473,8,33,[[39474,0],[39472,0],[39729,0],[39728,0],[39217,0],]]
[39474,17,33,[[39473,0],[39475,0],[39730,0],[39218,0],]]
[39475,9,33,[[39476,0],[39474,0],[39731,0],[39730,0],[39219,0],]]
[39476,4,33,[[39475,0],[39477,0],[39732,0],[39220,0],]]
[39477,1,33,[[39478,0],[39476,0],[39733,0],[39732,0],[39221,0],]]
[39478,15,33,[[39477,0],[39479,0],[39734,0],[39222,0],]]
[39479,16,33,[[39480,0],[39478,0],[39735,0],[39734,0],[39223,0],]]
[39480,13,33,[[39479,0],[39481,0],[39736,0],[39224,0],]]
[39481,17,33,[[39482,0],[39480,0],[39737,0],[39736,0],[39225,0],]]
[39482,2,33,[[39481,0],[39483,0],[39738,0],[39226,0],]]
[39483,7,33,[[39484,0],[39482,0],[39739,0],[39738,0],[39227,0],]]
[39484,19,33,[[39483,0],[39485,0],[39740,0],[39228,0],]]
[39485,18,33,[[39486,0],[39484,0],[39741,0],[39740,0],[39229,0],]]
[39486,6,33,[[39485,0],[39487,0],[39742,0],[39230,0],]]
[39487,14,33,[[39488,0],[39486,0],[39743,0],[39742,0],[39231,0],]]
[39488,8,34,[[39487,0],[39489,0],[39744,0],[39232,0],]]
[39489,1,34,[[39490,0],[39488,0],[39745,0],[39744,0],[39233,0],]]
[39490,18,34,[[39489,0],[39491,0],[39746,0],[39234,0],]]
[39491,12,34,[[39492,0],[39490,0],[39747,0],[39746,0],[39235,0],]]
[39492,19,34,[[39491,0],[39493,0],[39748,0],[39236,0],]]
[39493,18,34,[[39494,0],[39492,0],[39749,0],[39748,0],[39237,0],]]
[39494,15,34,[[39493,0],[39495,0],[39750,0],[39238,0],]]
[39495,11,34,[[39496,0],[39494,0],[39751,0],[39750,0],[39239,0],]]
[39496,3,34,[[39495,0],[39497,0],[39752,0],[39240,0],]]
[39497,11,34,[[39498,0],[39496,0],[39753,0],[39752,0],[39241,0],]]
[39498,2,34,[[39497,0],[39499,0],[39754,0],[39242,0],]]
[39499,19,34,[[39500,0],[39498,0],[39755,0],[39754,0],[39243,0],]]
[39500,18,34,[[39499,0],[39501,0],[39756,0],[39244,0],]]
[39501,11,34,[[39502,0],[39500,0],[39757,0],[39756,0],[39245,0],]]
[39502,10,34,[[39501,0],[39503,0],[39758,0],[39246,0],]]
[39503,5,34,[[39504,0],[39502,0],[39759,0],[39758,0],[39247,0],]]
[39504,18,34,[[39503,0],[39505,0],[39760,0],[39248,0],]]
[39505,13,34,[[39506,0],[39504,0],[39761,0],[39760,0],[39249,0],]]
[39506,18,34,[[39505,0],[39507,0],[39762,0],[39250,0],]]
[39507,9,34,[[39508,0],[39506,0],[39763,0],[39762,0],[39251,0],]]
[39508,13,34,[[39507,0],[39509,0],[39764,0],[39252,0],]]
[39509,14,34,[[39510,0],[39508,0],[39765,0],[39764,0],[39253,0],]]
[39510,17,34,[[39509,0],[39511,0],[39766,0],[39254,0],]]
[39511,1,34,[[39512,0],[39510,0],[39767,0],[39766,0],[39255,0],]]
[39512,9,34,[[39511,0],[39513,0],[39768,0],[39256,0],]]
[39513,2,34,[[39514,0],[39512,0],[39769,0],[39768,0],[39257,0],]]
[39514,8,34,[[39513,0],[39515,0],[39770,0],[39258,0],]]
[39515,9,34,[[39516,0],[39514,0],[39771,0],[39770,0],[39259,0],]]
[39516,18,34,[[39515,0],[39517,0],[39772,0],[39260,0],]]
[39517,15,34,[[39518,0],[39516,0],[39773,0],[39772,0],[39261,0],]]
[39518,2,34,[[39517,0],[39519,0],[39774,0],[39262,0],]]
[39519,7,34,[[39520,0],[39518,0],[39775,0],[39774,0],[39263,0],]]
[39520,10,35,[[39519,0],[39521,0],[39776,0],[39264,0],]]
[39521,8,35,[[39522,0],[39520,0],[39777,0],[39776,0],[39265,0],]]
[39522,19,35,[[39521,0],[39523,0],[39778,0],[39266,0],]]
[39523,1,35,[[39524,0],[39522,0],[39779,0],[39778,0],[39267,0],]]
[39524,1,35,[[39523,0],[39525,0],[39780,0],[39268,0],]]
[39525,7,35,[[39526,0],[39524,0],[39781,0],[39780,0],[39269,0],]]
[39526,2,35,[[39525,0],[39527,0],[39782,0],[39270,0],]]
[39527,5,35,[[39528,0],[39526,0],[39783,0],[39782,0],[39271,0],]]
[39528,2,35,[[39527,0],[39529,0],[39784,0],[39272,0],]]
[39529,12,35,[[39530,0],[39528,0],[39785,0],[39784,0],[39273,0],]]
[39530,9,35,[[39529,0],[39531,0],[39786,0],[39274,0],]]
[39531,10,35,[[39532,0],[39530,0],[39787,0],[39786,0],[39275,0],]]
[39532,10,35,[[39531,0],[39533,0],[39788,0],[39276,0],]]
[39533,16,35,[[39534,0],[39532,0],[39789,0],[39788,0],[39277,0],]]
[39534,16,35,[[39533,0],[39535,0],[39790,0],[39278,0],]]
[39535,8,35,[[39536,0],[39534,0],[39791,0],[39790,0],[39279,0],]]
[39536,13,35,[[39535,0],[39537,0],[39792,0],[39280,0],]]
[39537,15,35,[[39538,0],[39536,0],[39793,0],[39792,0],[39281,0],]]
[39538,15,35,[[39537,0],[39539,0],[39794,0],[39282,0],]]
[39539,15,35,[[39540,0],[39538,0],[39795,0],[39794,0],[39283,0],]]
[39540,5,35,[[39539,0],[39541,0],[39796,0],[39284,0],]]
[39541,11,35,[[39542,0],[39540,0],[39797,0],[39796,0],[39285,0],]]
[39542,10,35,[[39541,0],[39543,0],[39798,0],[39286,0],]]
[39543,2,35,[[39544,0],[39542,0],[39799,0],[39798,0],[39287,0],]]
[39544,9,35,[[39543,0],[39545,0],[39800,0],[39288,0],]]
[39545,15,35,[[39546,0],[39544,0],[39801,0],[39800,0],[39289,0],]]
[39546,5,35,[[39545,0],[39547,0],[39802,0],[39290,0],]]
[39547,18,35,[[39548,0],[39546,0],[39803,0],[39802,0],[39291,0],]]
[39548,6,35,[[39547,0],[39549,0],[39804,0],[39292,0],]]
[39549,17,35,[[39550,0],[39548,0],[39805,0],[39804,0],[39293,0],]]
[39550,6,35,[[39549,0],[39551,0],[39806,0],[39294,0],]]
[39551,6,35,[[39552,0],[39550,0],[39807,0],[39806,0],[39295,0],]]
[39552,10,36,[[39551,0],[39553,0],[39808,0],[39296,0],]]
[39553,17,36,[[39554,0],[39552,0],[39809,0],[39808,0],[39297,0],]]
[39554,5,36,[[39553,0],[39555,0],[39810,0],[39298,0],]]
[39555,6,36,[[39556,0],[39554,0],[39811,0],[39810,0],[39299,0],]]
[39556,19,36,[[39555,0],[39557,0],[39812,0],[39300,0],]]
[39557,18,36,[[39558,0],[39556,0],[39813,0],[39812,0],[39301,0],]]
[39558,12,36,[[39557,0],[39559,0],[39814,0],[39302,0],]]
[39559,5,36,[[39560,0],[39558,0],[39815,0],[39814,0],[39303,0],]]
[39560,6,36,[[39559,0],[39561,0],[39816,0],[39304,0],]]
[39561,11,36,[[39562,0],[39560,0],[39817,0],[39816,0],[39305,0],]]
[39562,5,36,[[39561,0],[39563,0],[39818,0],[39306,0],]]
[39563,15,36,[[39564,0],[39562,0],[39819,0],[39818,0],[39307,0],]]
[39564,19,36,[[39563,0],[39565,0],[39820,0],[39308,0],]]
[39565,17,36,[[39566,0],[39564,0],[39821,0],[39820,0],[39309,0],]]
[39566,12,36,[[39565,0],[39567,0],[39822,0],[39310,0],]]
[39567,4,36,[[39568,0],[39566,0],[39823,0],[39822,0],[39311,0],]]
[39568,17,36,[[39567,0],[39569,0],[39824,0],[39312,0],]]
[39569,9,36,[[39570,0],[39568,0],[39825,0],[39824,0],[39313,0],]]
[39570,7,36,[[39569,0],[39571,0],[39826,0],[39314,0],]]
[39571,11,36,[[39572,0],[39570,0],[39827,0],[39826,0],[39315,0],]]
[39572,2,36,[[39571,0],[39573,0],[39828,0],[39316,0],]]
[39573,2,36,[[39574,0],[39572,0],[39829,0],[39828,0],[39317,0],]]
[39574,14,36,[[39573,0],[39575,0],[39830,0],[39318,0],]]
[39575,16,36,[[39576,0],[39574,0],[39831,0],[39830,0],[39319,0],]]
[39576,2,36,[[39575,0],[39577,0],[39832,0],[39320,0],]]
[39577,4,36,[[39578,0],[39576,0],[39833,0],[39832,0],[39321,0],]]
[39578,9,36,[[39577,0],[39579,0],[39834,0],[39322,0],]]
[39579,19,36,[[39580,0],[39578,0],[39835,0],[39834,0],[39323,0],]]
[39580,17,36,[[39579,0],[39581,0],[39836,0],[39324,0],]]
[39581,2,36,[[39582,0],[39580,0],[39837,0],[39836,0],[39325,0],]]
[39582,16,36,[[39581,0],[39583,0],[39838,0],[39326,0],]]
[39583,6,36,[[39584,0],[39582,0],[39839,0],[39838,0],[39327,0],]]
[39584,9,37,[[39583,0],[39585,0],[39840,0],[39328,0],]]
[39585,1,37,[[39586,0],[39584,0],[39841,0],[39840,0],[39329,0],]]
[39586,11,37,[[39585,0],[39587,0],[39842,0],[39330,0],]]
[39587,11,37,[[39588,0],[39586,0],[39843,0],[39842,0],[39331,0],]]
[39588,4,37,[[39587,0],[39589,0],[39844,0],[39332,0],]]
[39589,13,37,[[39590,0],[39588,0],[39845,0],[39844,0],[39333,0],]]
[39590,11,37,[[39589,0],[39591,0],[39846,0],[39334,0],]]
[39591,4,37,[[39592,0],[39590,0],[39847,0],[39846,0],[39335,0],]]
[39592,19,37,[[39591,0],[39593,0],[39848,0],[39336,0],]]
[39593,1,37,[[39594,0],[39592,0],[39849,0],[39848,0],[39337,0],]]
[39594,16,37,[[39593,0],[39595,0],[39850,0],[39338,0],]]
[39595,18,37,[[39596,0],[39594,0],[39851,0],[39850,0],[39339,0],]]
[39596,12,37,[[39595,0],[39597,0],[39852,0],[39340,0],]]
[39597,12,37,[[39598,0],[39596,0],[39853,0],[39852,0],[39341,0],]]
[39598,2,37,[[39597,0],[39599,0],[39854,0],[39342,0],]]
[39599,4,37,[[39600,0],[39598,0],[39855,0],[39854,0],[39343,0],]]
[39600,17,37,[[39599,0],[39601,0],[39856,0],[39344,0],]]
[39601,5,37,[[39602,0],[39600,0],[39857,0],[39856,0],[39345,0],]]
[39602,12,37,[[39601,0],[39603,0],[39858,0],[39346,0],]]
[39603,14,37,[[39604,0],[39602,0],[39859,0],[39858,0],[39347,0],]]
[39604,14,37,[[39603,0],[39605,0],[39860,0],[39348,0],]]
[39605,3,37,[[39606,0],[39604,0],[39861,0],[39860,0],[39349,0],]]
[39606,2,37,[[39605,0],[39607,0],[39862,0],[39350,0],]]
[39607,10,37,[[39608,0],[39606,0],[39863,0],[39862,0],[39351,0],]]
[39608,6,37,[[39607,0],[39609,0],[39864,0],[39352,0],]]
[39609,19,37,[[39610,0],[39608,0],[39865,0],[39864,0],[39353,0],]]
[39610,8,37,[[39609,0],[39611,0],[39866,0],[39354,0],]]
[39611,10,37,[[39612,0],[39610,0],[39867,0],[39866,0],[39355,0],]]
[39612,10,37,[[39611,0],[39613,0],[39868,0],[39356,0],]]
[39613,9,37,[[39614,0],[39612,0],[39869,0],[39868,0],[39357,0],]]
[39614,14,37,[[39613,0],[39615,0],[39870,0],[39358,0],]]
[39615,17,37,[[39616,0],[39614,0],[39871,0],[39870,0],[39359,0],]]
[39616,18,38,[[39615,0],[39617,0],[39872,0],[39360,0],]]
[39617,3,38,[[39618,0],[39616,0],[39873,0],[39872,0],[39361,0],]]
[39618,11,38,[[39617,0],[39619,0],[39874,0],[39362,0],]]
[39619,17,38,[[39620,0],[39618,0],[39875,0],[39874,0],[39363,0],]]
[39620,15,38,[[39619,0],[39621,0],[39876,0],[39364,0],]]
[39621,11,38,[[39622,0],[39620,0],[39877,0],[39876,0],[39365,0],]]
[39622,16,38,[[39621,0],[39623,0],[39878,0],[39366,0],]]
[39623,6,38,[[39624,0],[39622,0],[39879,0],[39878,0],[39367,0],]]
[39624,15,38,[[39623,0],[39625,0],[39880,0],[39368,0],]]
[39625,11,38,[[39626,0],[39624,0],[39881,0],[39880,0],[39369,0],]]
[39626,6,38,[[39625,0],[39627,0],[39882,0],[39370,0],]]
[39627,11,38,[[39628,0],[39626,0],[39883,0],[39882,0],[39371,0],]]
[39628,12,38,[[39627,0],[39629,0],[39884,0],[39372,0],]]
[39629,6,38,[[39630,0],[39628,0],[39885,0],[39884,0],[39373,0],]]
[39630,18,38,[[39629,0],[39631,0],[39886,0],[39374,0],]]
[39631,3,38,[[39632,0],[39630,0],[39887,0],[39886,0],[39375,0],]]
[39632,15,38,[[39631,0],[39633,0],[39888,0],[39376,0],]]
[39633,16,38,[[39634,0],[39632,0],[39889,0],[39888,0],[39377,0],]]
[39634,8,38,[[39633,0],[39635,0],[39890,0],[39378,0],]]
[39635,9,38,[[39636,0],[39634,0],[39891,0],[39890,0],[39379,0],]]
[39636,14,38,[[39635,0],[39637,0],[39892,0],[39380,0],]]
[39637,1,38,[[39638,0],[39636,0],[39893,0],[39892,0],[39381,0],]]
[39638,11,38,[[39637,0],[39639,0],[39894,0],[39382,0],]]
[39639,18,38,[[39640,0],[39638,0],[39895,0],[39894,0],[39383,0],]]
[39640,19,38,[[39639,0],[39641,0],[39896,0],[39384,0],]]
[39641,11,38,[[39642,0],[39640,0],[39897,0],[39896,0],[39385,0],]]
[39642,8,38,[[39641,0],[39643,0],[39898,0],[39386,0],]]
[39643,11,38,[[39644,0],[39642,0],[39899,0],[39898,0],[39387,0],]]
[39644,5,38,[[39643,0],[39645,0],[39900,0],[39388,0],]]
[39645,17,38,[[39646,0],[39644,0],[39901,0],[39900,0],[39389,0],]]
[39646,7,38,[[39645,0],[39647,0],[39902,0],[39390,0],]]
[39647,10,38,[[39648,0],[39646,0],[39903,0],[39902,0],[39391,0],]]
[39648,19,39,[[39647,0],[39649,0],[39904,0],[39392,0],]]
[39649,17,39,[[39650,0],[39648,0],[39905,0],[39904,0],[39393,0],]]
[39650,1,39,[[39649,0],[39651,0],[39906,0],[39394,0],]]
[39651,11,39,[[39652,0],[39650,0],[39907,0],[39906,0],[39395,0],]]
[39652,1,39,[[39651,0],[39653,0],[39908,0],[39396,0],]]
[39653,1,39,[[39654,0],[39652,0],[39909,0],[39908,0],[39397,0],]]
[39654,1,39,[[39653,0],[39655,0],[39910,0],[39398,0],]]
[39655,14,39,[[39656,0],[39654,0],[39911,0],[39910,0],[39399,0],]]
[39656,11,39,[[39655,0],[39657,0],[39912,0],[39400,0],]]
[39657,15,39,[[39658,0],[39656,0],[39913,0],[39912,0],[39401,0],]]
[39658,3,39,[[39657,0],[39659,0],[39914,0],[39402,0],]]
[39659,3,39,[[39660,0],[39658,0],[39915,0],[39914,0],[39403,0],]]
[39660,17,39,[[39659,0],[39661,0],[39916,0],[39404,0],]]
[39661,12,39,[[39662,0],[39660,0],[39917,0],[39916,0],[39405,0],]]
[39662,1,39,[[39661,0],[39663,0],[39918,0],[39406,0],]]
[39663,6,39,[[39664,0],[39662,0],[39919,0],[39918,0],[39407,0],]]
[39664,12,39,[[39663,0],[39665,0],[39920,0],[39408,0],]]
[39665,13,39,[[39666,0],[39664,0],[39921,0],[39920,0],[39409,0],]]
[39666,1,39,[[39665,0],[39667,0],[39922,0],[39410,0],]]
[39667,10,39,[[39668,0],[39666,0],[39923,0],[39922,0],[39411,0],]]
[39668,2,39,[[39667,0],[39669,0],[39924,0],[39412,0],]]
[39669,12,39,[[39670,0],[39668,0],[39925,0],[39924,0],[39413,0],]]
[39670,17,39,[[39669,0],[39671,0],[39926,0],[39414,0],]]
[39671,5,39,[[39672,0],[39670,0],[39927,0],[39926,0],[39415,0],]]
[39672,11,39,[[39671,0],[39673,0],[39928,0],[39416,0],]]
[39673,15,39,[[39674,0],[39672,0],[39929,0],[39928,0],[39417,0],]]
[39674,16,39,[[39673,0],[39675,0],[39930,0],[39418,0],]]
[39675,9,39,[[39676,0],[39674,0],[39931,0],[39930,0],[39419,0],]]
[39676,14,39,[[39675,0],[39677,0],[39932,0],[39420,0],]]
[39677,1,39,[[39678,0],[39676,0],[39933,0],[39932,0],[39421,0],]]
[39678,19,39,[[39677,0],[39679,0],[39934,0],[39422,0],]]
[39679,9,39,[[39678,0],[39935,0],[39934,0],[39423,0],]]
[39680,3,32,[[39681,0],[39424,0],[39425,0],[39936,0],]]
[39681,2,32,[[39682,0],[39680,0],[39425,0],[39937,0],]]
[39682,10,32,[[39681,0],[39683,0],[39426,0],[39427,0],[39938,0],]]
[39683,18,32,[[39684,0],[39682,0],[39427,0],[39939,0],]]
[39684,3,32,[[39683,0],[39685,0],[39428,0],[39429,0],[39940,0],]]
[39685,3,32,[[39686,0],[39684,0],[39429,0],[39941,0],]]
[39686,8,32,[[39685,0],[39687,0],[39430,0],[39431,0],[39942,0],]]
[39687,18,32,[[39688,0],[39686,0],[39431,0],[39943,0],]]
[39688,16,32,[[39687,0],[39689,0],[39432,0],[39433,0],[39944,0],]]
[39689,6,32,[[39690,0],[39688,0],[39433,0],[39945,0],]]
[39690,5,32,[[39689,0],[39691,0],[39434,0],[39435,0],[39946,0],]]
[39691,3,32,[[39692,0],[39690,0],[39435,0],[39947,0],]]
[39692,4,32,[[39691,0],[39693,0],[39436,0],[39437,0],[39948,0],]]
[39693,16,32,[[39694,0],[39692,0],[39437,0],[39949,0],]]
[39694,18,32,[[39693,0],[39695,0],[39438,0],[39439,0],[39950,0],]]
[39695,3,32,[[39696,0],[39694,0],[39439,0],[39951,0],]]
[39696,14,32,[[39695,0],[39697,0],[39440,0],[39441,0],[39952,0],]]
[39697,4,32,[[39698,0],[39696,0],[39441,0],[39953,0],]]
[39698,14,32,[[39697,0],[39699,0],[39442,0],[39443,0],[39954,0],]]
[39699,9,32,[[39700,0],[39698,0],[39443,0],[39955,0],]]
[39700,8,32,[[39699,0],[39701,0],[39444,0],[39445,0],[39956,0],]]
[39701,5,32,[[39702,0],[39700,0],[39445,0],[39957,0],]]
[39702,4,32,[[39701,0],[39703,0],[39446,0],[39447,0],[39958,0],]]
[39703,9,32,[[39704,0],[39702,0],[39447,0],[39959,0],]]
[39704,3,32,[[39703,0],[39705,0],[39448,0],[39449,0],[39960,0],]]
[39705,19,32,[[39706,0],[39704,0],[39449,0],[39961,0],]]
[39706,16,32,[[39705,0],[39707,0],[39450,0],[39451,0],[39962,0],]]
[39707,4,32,[[39708,0],[39706,0],[39451,0],[39963,0],]]
[39708,16,32,[[39707,0],[39709,0],[39452,0],[39453,0],[39964,0],]]
[39709,18,32,[[39710,0],[39708,0],[39453,0],[39965,0],]]
[39710,1,32,[[39709,0],[39711,0],[39454,0],[39455,0],[39966,0],]]
[39711,17,32,[[39712,0],[39710,0],[39455,0],[39967,0],]]
[39712,1,33,[[39711,0],[39713,0],[39456,0],[39457,0],[39968,0],]]
[39713,16,33,[[39714,0],[39712,0],[39457,0],[39969,0],]]
[39714,19,33,[[39713,0],[39715,0],[39458,0],[39459,0],[39970,0],]]
[39715,16,33,[[39716,0],[39714,0],[39459,0],[39971,0],]]
[39716,19,33,[[39715,0],[39717,0],[39460,0],[39461,0],[39972,0],]]
[39717,7,33,[[39718,0],[39716,0],[39461,0],[39973,0],]]
[39718,2,33,[[39717,0],[39719,0],[39462,0],[39463,0],[39974,0],]]
[39719,12,33,[[39720,0],[39718,0],[39463,0],[39975,0],]]
[39720,13,33,[[39719,0],[39721,0],[39464,0],[39465,0],[39976,0],]]
[39721,5,33,[[39722,0],[39720,0],[39465,0],[39977,0],]]
[39722,9,33,[[39721,0],[39723,0],[39466,0],[39467,0],[39978,0],]]
[39723,18,33,[[39724,0],[39722,0],[39467,0],[39979,0],]]
[39724,6,33,[[39723,0],[39725,0],[39468,0],[39469,0],[39980,0],]]
[39725,13,33,[[39726,0],[39724,0],[39469,0],[39981,0],]]
[39726,1,33,[[39725,0],[39727,0],[39470,0],[39471,0],[39982,0],]]
[39727,6,33,[[39728,0],[39726,0],[39471,0],[39983,0],]]
[39728,1,33,[[39727,0],[39729,0],[39472,0],[39473,0],[39984,0],]]
[39729,17,33,[[39730,0],[39728,0],[39473,0],[39985,0],]]
[39730,5,33,[[39729,0],[39731,0],[39474,0],[39475,0],[39986,0],]]
[39731,12,33,[[39732,0],[39730,0],[39475,0],[39987,0],]]
[39732,18,33,[[39731,0],[39733,0],[39476,0],[39477,0],[39988,0],]]
[39733,1,33,[[39734,0],[39732,0],[39477,0],[39989,0],]]
[39734,11,33,[[39733,0],[39735,0],[39478,0],[39479,0],[39990,0],]]
[39735,1,33,[[39736,0],[39734,0],[39479,0],[39991,0],]]
[39736,8,33,[[39735,0],[39737,0],[39480,0],[39481,0],[39992,0],]]
[39737,15,33,[[39738,0],[39736,0],[39481,0],[39993,0],]]
[39738,16,33,[[39737,0],[39739,0],[39482,0],[39483,0],[39994,0],]]
[39739,2,33,[[39740,0],[39738,0],[39483,0],[39995,0],]]
[39740,17,33,[[39739,0],[39741,0],[39484,0],[39485,0],[39996,0],]]
[39741,15,33,[[39742,0],[39740,0],[39485,0],[39997,0],]]
[39742,13,33,[[39741,0],[39743,0],[39486,0],[39487,0],[39998,0],]]
[39743,7,33,[[39744,0],[39742,0],[39487,0],[39999,0],]]
[39744,5,34,[[39743,0],[39745,0],[39488,0],[39489,0],[40000,0],]]
[39745,3,34,[[39746,0],[39744,0],[39489,0],[40001,0],]]
[39746,7,34,[[39745,0],[39747,0],[39490,0],[39491,0],[40002,0],]]
[39747,3,34,[[39748,0],[39746,0],[39491,0],[40003,0],]]
[39748,13,34,[[39747,0],[39749,0],[39492,0],[39493,0],[40004,0],]]
[39749,8,34,[[39750,0],[39748,0],[39493,0],[40005,0],]]
[39750,11,34,[[39749,0],[39751,0],[39494,0],[39495,0],[40006,0],]]
[39751,4,34,[[39752,0],[39750,0],[39495,0],[40007,0],]]
[39752,18,34,[[39751,0],[39753,0],[39496,0],[39497,0],[40008,0],]]
[39753,9,34,[[39754,0],[39752,0],[39497,0],[40009,0],]]
[39754,2,34,[[39753,0],[39755,0],[39498,0],[39499,0],[40010,0],]]
[39755,1,34,[[39756,0],[39754,0],[39499,0],[40011,0],]]
[39756,10,34,[[39755,0],[39757,0],[39500,0],[39501,0],[40012,0],]]
[39757,1,34,[[39758,0],[39756,0],[39501,0],[40013,0],]]
[39758,1,34,[[39757,0],[39759,0],[39502,0],[39503,0],[40014,0],]]
[39759,15,34,[[39760,0],[39758,0],[39503,0],[40015,0],]]
[39760,1,34,[[39759,0],[39761,0],[39504,0],[39505,0],[40016,0],]]
[39761,1,34,[[39762,0],[39760,0],[39505,0],[40017,0],]]
[39762,11,34,[[39761,0],[39763,0],[39506,0],[39507,0],[40018,0],]]
[39763,18,34,[[39764,0],[39762,0],[39507,0],[40019,0],]]
[39764,13,34,[[39763,0],[39765,0],[39508,0],[39509,0],[40020,0],]]
[39765,12,34,[[39766,0],[39764,0],[39509,0],[40021,0],]]
[39766,7,34,[[39765,0],[39767,0],[39510,0],[39511,0],[40022,0],]]
[39767,9,34,[[39768,0],[39766,0],[39511,0],[40023,0],]]
[39768,11,34,[[39767,0],[39769,0],[39512,0],[39513,0],[40024,0],]]
[39769,12,34,[[39770,0],[39768,0],[39513,0],[40025,0],]]
[39770,3,34,[[39769,0],[39771,0],[39514,0],[39515,0],[40026,0],]]
[39771,10,34,[[39772,0],[39770,0],[39515,0],[40027,0],]]
[39772,13,34,[[39771,0],[39773,0],[39516,0],[39517,0],[40028,0],]]
[39773,12,34,[[39774,0],[39772,0],[39517,0],[40029,0],]]
[39774,7,34,[[39773,0],[39775,0],[39518,0],[39519,0],[40030,0],]]
[39775,4,34,[[39776,0],[39774,0],[39519,0],[40031,0],]]
[39776,14,35,[[39775,0],[39777,0],[39520,0],[39521,0],[40032,0],]]
[39777,15,35,[[39778,0],[39776,0],[39521,0],[40033,0],]]
[39778,8,35,[[39777,0],[39779,0],[39522,0],[39523,0],[40034,0],]]
[39779,9,35,[[39780,0],[39778,0],[39523,0],[40035,0],]]
[39780,2,35,[[39779,0],[39781,0],[39524,0],[39525,0],[40036,0],]]
[39781,2,35,[[39782,0],[39780,0],[39525,0],[40037,0],]]
[39782,19,35,[[39781,0],[39783,0],[39526,0],[39527,0],[40038,0],]]
[39783,17,35,[[39784,0],[39782,0],[39527,0],[40039,0],]]
[39784,11,35,[[39783,0],[39785,0],[39528,0],[39529,0],[40040,0],]]
[39785,8,35,[[39786,0],[39784,0],[39529,0],[40041,0],]]
[39786,7,35,[[39785,0],[39787,0],[39530,0],[39531,0],[40042,0],]]
[39787,7,35,[[39788,0],[39786,0],[39531,0],[40043,0],]]
[39788,1,35,[[39787,0],[39789,0],[39532,0],[39533,0],[40044,0],]]
[39789,4,35,[[39790,0],[39788,0],[39533,0],[40045,0],]]
[39790,18,35,[[39789,0],[39791,0],[39534,0],[39535,0],[40046,0],]]
[39791,6,35,[[39792,0],[39790,0],[39535,0],[40047,0],]]
[39792,3,35,[[39791,0],[39793,0],[39536,0],[39537,0],[40048,0],]]
[39793,16,35,[[39794,0],[39792,0],[39537,0],[40049,0],]]
[39794,13,35,[[39793,0],[39795,0],[39538,0],[39539,0],[40050,0],]]
[39795,4,35,[[39796,0],[39794,0],[39539,0],[40051,0],]]
[39796,19,35,[[39795,0],[39797,0],[39540,0],[39541,0],[40052,0],]]
[39797,15,35,[[39798,0],[39796,0],[39541,0],[40053,0],]]
[39798,11,35,[[39797,0],[39799,0],[39542,0],[39543,0],[40054,0],]]
[39799,4,35,[[39800,0],[39798,0],[39543,0],[40055,0],]]
[39800,14,35,[[39799,0],[39801,0],[39544,0],[39545,0],[40056,0],]]
[39801,6,35,[[39802,0],[39800,0],[39545,0],[40057,0],]]
[39802,8,35,[[39801,0],[39803,0],[39546,0],[39547,0],[40058,0],]]
[39803,12,35,[[39804,0],[39802,0],[39547,0],[40059,0],]]
[39804,15,35,[[39803,0],[39805,0],[39548,0],[39549,0],[40060,0],]]
[39805,17,35,[[39806,0],[39804,0],[39549,0],[40061,0],]]
[39806,15,35,[[39805,0],[39807,0],[39550,0],[39551,0],[40062,0],]]
[39807,5,35,[[39808,0],[39806,0],[39551,0],[40063,0],]]
[39808,1,36,[[39807,0],[39809,0],[39552,0],[39553,0],[40064,0],]]
[39809,6,36,[[39810,0],[39808,0],[39553,0],[40065,0],]]
[39810,6,36,[[39809,0],[39811,0],[39554,0],[39555,0],[40066,0],]]
[39811,6,36,[[39812,0],[39810,0],[39555,0],[40067,0],]]
[39812,19,36,[[39811,0],[39813,0],[39556,0],[39557,0],[40068,0],]]
[39813,19,36,[[39814,0],[39812,0],[39557,0],[40069,0],]]
[39814,6,36,[[39813,0],[39815,0],[39558,0],[39559,0],[40070,0],]]
[39815,12,36,[[39816,0],[39814,0],[39559,0],[40071,0],]]
[39816,5,36,[[39815,0],[39817,0],[39560,0],[39561,0],[40072,0],]]
[39817,6,36,[[39818,0],[39816,0],[39561,0],[40073,0],]]
[39818,6,36,[[39817,0],[39819,0],[39562,0],[39563,0],[40074,0],]]
[39819,9,36,[[39820,0],[39818,0],[39563,0],[40075,0],]]
[39820,5,36,[[39819,0],[39821,0],[39564,0],[39565,0],[40076,0],]]
[39821,15,36,[[39822,0],[39820,0],[39565,0],[40077,0],]]
[39822,7,36,[[39821,0],[39823,0],[39566,0],[39567,0],[40078,0],]]
[39823,2,36,[[39824,0],[39822,0],[39567,0],[40079,0],]]
[39824,13,36,[[39823,0],[39825,0],[39568,0],[39569,0],[40080,0],]]
[39825,16,36,[[39826,0],[39824,0],[39569,0],[40081,0],]]
[39826,19,36,[[39825,0],[39827,0],[39570,0],[39571,0],[40082,0],]]
[39827,7,36,[[39828,0],[39826,0],[39571,0],[40083,0],]]
[39828,7,36,[[39827,0],[39829,0],[39572,0],[39573,0],[40084,0],]]
[39829,19,36,[[39830,0],[39828,0],[39573,0],[40085,0],]]
[39830,9,36,[[39829,0],[39831,0],[39574,0],[39575,0],[40086,0],]]
[39831,10,36,[[39832,0],[39830,0],[39575,0],[40087,0],]]
[39832,2,36,[[39831,0],[39833,0],[39576,0],[39577,0],[40088,0],]]
[39833,5,36,[[39834,0],[39832,0],[39577,0],[40089,0],]]
[39834,2,36,[[39833,0],[39835,0],[39578,0],[39579,0],[40090,0],]]
[39835,9,36,[[39836,0],[39834,0],[39579,0],[40091,0],]]
[39836,2,36,[[39835,0],[39837,0],[39580,0],[39581,0],[40092,0],]]
[39837,4,36,[[39838,0],[39836,0],[39581,0],[40093,0],]]
[39838,5,36,[[39837,0],[39839,0],[39582,0],[39583,0],[40094,0],]]
[39839,13,36,[[39840,0],[39838,0],[39583,0],[40095,0],]]
[39840,1,37,[[39839,0],[39841,0],[39584,0],[39585,0],[40096,0],]]
[39841,17,37,[[39842,0],[39840,0],[39585,0],[40097,0],]]
[39842,16,37,[[39841,0],[39843,0],[39586,0],[39587,0],[40098,0],]]
[39843,14,37,[[39844,0],[39842,0],[39587,0],[40099,0],]]
[39844,11,37,[[39843,0],[39845,0],[39588,0],[39589,0],[40100,0],]]
[39845,18,37,[[39846,0],[39844,0],[39589,0],[40101,0],]]
[39846,16,37,[[39845,0],[39847,0],[39590,0],[39591,0],[40102,0],]]
[39847,9,37,[[39848,0],[39846,0],[39591,0],[40103,0],]]
[39848,2,37,[[39847,0],[39849,0],[39592,0],[39593,0],[40104,0],]]
[39849,8,37,[[39850,0],[39848,0],[39593,0],[40105,0],]]
[39850,9,37,[[39849,0],[39851,0],[39594,0],[39595,0],[40106,0],]]
[39851,10,37,[[39852,0],[39850,0],[39595,0],[40107,0],]]
[39852,6,37,[[39851,0],[39853,0],[39596,0],[39597,0],[40108,0],]]
[39853,16,37,[[39854,0],[39852,0],[39597,0],[40109,0],]]
[39854,4,37,[[39853,0],[39855,0],[39598,0],[39599,0],[40110,0],]]
[39855,9,37,[[39856,0],[39854,0],[39599,0],[40111,0],]]
[39856,8,37,[[39855,0],[39857,0],[39600,0],[39601,0],[40112,0],]]
[39857,12,37,[[39858,0],[39856,0],[39601,0],[40113,0],]]
[39858,8,37,[[39857,0],[39859,0],[39602,0],[39603,0],[40114,0],]]
[39859,16,37,[[39860,0],[39858,0],[39603,0],[40115,0],]]
[39860,16,37,[[39859,0],[39861,0],[39604,0],[39605,0],[40116,0],]]
[39861,19,37,[[39862,0],[39860,0],[39605,0],[40117,0],]]
[39862,10,37,[[39861,0],[39863,0],[39606,0],[39607,0],[40118,0],]]
[39863,17,37,[[39864,0],[39862,0],[39607,0],[40119,0],]]
[39864,10,37,[[39863,0],[39865,0],[39608,0],[39609,0],[40120,0],]]
[39865,10,37,[[39866,0],[39864,0],[39609,0],[40121,0],]]
[39866,16,37,[[39865,0],[39867,0],[39610,0],[39611,0],[40122,0],]]
[39867,8,37,[[39868,0],[39866,0],[39611,0],[40123,0],]]
[39868,11,37,[[39867,0],[39869,0],[39612,0],[39613,0],[40124,0],]]
[39869,11,37,[[39870,0],[39868,0],[39613,0],[40125,0],]]
[39870,14,37,[[39869,0],[39871,0],[39614,0],[39615,0],[40126,0],]]
[39871,7,37,[[39872,0],[39870,0],[39615,0],[40127,0],]]
[39872,5,38,[[39871,0],[39873,0],[39616,0],[39617,0],[40128,0],]]
[39873,11,38,[[39874,0],[39872,0],[39617,0],[40129,0],]]
[39874,15,38,[[39873,0],[39875,0],[39618,0],[39619,0],[40130,0],]]
[39875,17,38,[[39876,0],[39874,0],[39619,0],[40131,0],]]
[39876,10,38,[[39875,0],[39877,0],[39620,0],[39621,0],[40132,0],]]
[39877,6,38,[[39878,0],[39876,0],[39621,0],[40133,0],]]
[39878,17,38,[[39877,0],[39879,0],[39622,0],[39623,0],[40134,0],]]
[39879,10,38,[[39880,0],[39878,0],[39623,0],[40135,0],]]
[39880,4,38,[[39879,0],[39881,0],[39624,0],[39625,0],[40136,0],]]
[39881,19,38,[[39882,0],[39880,0],[39625,0],[40137,0],]]
[39882,1,38,[[39881,0],[39883,0],[39626,0],[39627,0],[40138,0],]]
[39883,7,38,[[39884,0],[39882,0],[39627,0],[40139,0],]]
[39884,16,38,[[39883,0],[39885,0],[39628,0],[39629,0],[40140,0],]]
[39885,7,38,[[39886,0],[39884,0],[39629,0],[40141,0],]]
[39886,4,38,[[39885,0],[39887,0],[39630,0],[39631,0],[40142,0],]]
[39887,11,38,[[39888,0],[39886,0],[39631,0],[40143,0],]]
[39888,15,38,[[39887,0],[39889,0],[39632,0],[39633,0],[40144,0],]]
[39889,14,38,[[39890,0],[39888,0],[39633,0],[40145,0],]]
[39890,12,38,[[39889,0],[39891,0],[39634,0],[39635,0],[40146,0],]]
[39891,3,38,[[39892,0],[39890,0],[39635,0],[40147,0],]]
[39892,5,38,[[39891,0],[39893,0],[39636,0],[39637,0],[40148,0],]]
[39893,19,38,[[39894,0],[39892,0],[39637,0],[40149,0],]]
[39894,11,38,[[39893,0],[39895,0],[39638,0],[39639,0],[40150,0],]]
[39895,15,38,[[39896,0],[39894,0],[39639,0],[40151,0],]]
[39896,2,38,[[39895,0],[39897,0],[39640,0],[39641,0],[40152,0],]]
[39897,4,38,[[39898,0],[39896,0],[39641,0],[40153,0],]]
[39898,12,38,[[39897,0],[39899,0],[39642,0],[39643,0],[40154,0],]]
[39899,10,38,[[39900,0],[39898,0],[39643,0],[40155,0],]]
[39900,4,38,[[39899,0],[39901,0],[39644,0],[39645,0],[40156,0],]]
[39901,15,38,[[39902,0],[39900,0],[39645,0],[40157,0],]]
[39902,17,38,[[39901,0],[39903,0],[39646,0],[39647,0],[40158,0],]]
[39903,6,38,[[39904,0],[39902,0],[39647,0],[40159,0],]]
[39904,12,39,[[39903,0],[39905,0],[39648,0],[39649,0],[40160,0],]]
[39905,4,39,[[39906,0],[39904,0],[39649,0],[40161,0],]]
[39906,3,39,[[39905,0],[39907,0],[39650,0],[39651,0],[40162,0],]]
[39907,19,39,[[39908,0],[39906,0],[39651,0],[40163,0],]]
[39908,17,39,[[39907,0],[39909,0],[39652,0],[39653,0],[40164,0],]]
[39909,11,39,[[39910,0],[39908,0],[39653,0],[40165,0],]]
[39910,6,39,[[39909,0],[39911,0],[39654,0],[39655,0],[40166,0],]]
[39911,1,39,[[39912,0],[39910,0],[39655,0],[40167,0],]]
[39912,11,39,[[39911,0],[39913,0],[39656,0],[39657,0],[40168,0],]]
[39913,8,39,[[39914,0],[39912,0],[39657,0],[40169,0],]]
[39914,6,39,[[39913,0],[39915,0],[39658,0],[39659,0],[40170,0],]]
[39915,15,39,[[39916,0],[39914,0],[39659,0],[40171,0],]]
[39916,10,39,[[39915,0],[39917,0],[39660,0],[39661,0],[40172,0],]]
[39917,6,39,[[39918,0],[39916,0],[39661,0],[40173,0],]]
[39918,5,39,[[39917,0],[39919,0],[39662,0],[39663,0],[40174,0],]]
[39919,4,39,[[39920,0],[39918,0],[39663,0],[40175,0],]]
[39920,15,39,[[39919,0],[39921,0],[39664,0],[39665,0],[40176,0],]]
[39921,9,39,[[39922,0],[39920,0],[39665,0],[40177,0],]]
[39922,9,39,[[39921,0],[39923,0],[39666,0],[39667,0],[40178,0],]]
[39923,12,39,[[39924,0],[39922,0],[39667,0],[40179,0],]]
[39924,7,39,[[39923,0],[39925,0],[39668,0],[39669,0],[40180,0],]]
[39925,13,39,[[39926,0],[39924,0],[39669,0],[40181,0],]]
[39926,19,39,[[39925,0],[39927,0],[39670,0],[39671,0],[40182,0],]]
[39927,8,39,[[39928,0],[39926,0],[39671,0],[40183,0],]]
[39928,9,39,[[39927,0],[39929,0],[39672,0],[39673,0],[40184,0],]]
[39929,5,39,[[39930,0],[39928,0],[39673,0],[40185,0],]]
[39930,10,39,[[39929,0],[39931,0],[39674,0],[39675,0],[40186,0],]]
[39931,15,39,[[39932,0],[39930,0],[39675,0],[40187,0],]]
[39932,5,39,[[39931,0],[39933,0],[39676,0],[39677,0],[40188,0],]]
[39933,15,39,[[39934,0],[39932,0],[39677,0],[40189,0],]]
[39934,17,39,[[39933,0],[39935,0],[39678,0],[39679,0],[40190,0],]]
[39935,14,39,[[39934,0],[39679,0],[40191,0],]]
[39936,16,32,[[39937,0],[40192,0],[39680,0],]]
[39937,5,32,[[39938,0],[39936,0],[40193,0],[40192,0],[39681,0],]]
[39938,16,32,[[39937,0],[39939,0],[40194,0],[39682,0],]]
[39939,2,32,[[39940,0],[39938,0],[40195,0],[40194,0],[39683,0],]]
[39940,15,32,[[39939,0],[39941,0],[40196,0],[39684,0],]]
[39941,15,32,[[39942,0],[39940,0],[40197,0],[40196,0],[39685,0],]]
[39942,19,32,[[39941,0],[39943,0],[40198,0],[39686,0],]]
[39943,17,32,[[39944,0],[39942,0],[40199,0],[40198,0],[39687,0],]]
[39944,10,32,[[39943,0],[39945,0],[40200,0],[39688,0],]]
[39945,14,32,[[39946,0],[39944,0],[40201,0],[40200,0],[39689,0],]]
[39946,15,32,[[39945,0],[39947,0],[40202,0],[39690,0],]]
[39947,19,32,[[39948,0],[39946,0],[40203,0],[40202,0],[39691,0],]]
[39948,10,32,[[39947,0],[39949,0],[40204,0],[39692,0],]]
[39949,10,32,[[39950,0],[39948,0],[40205,0],[40204,0],[39693,0],]]
[39950,4,32,[[39949,0],[39951,0],[40206,0],[39694,0],]]
[39951,8,32,[[39952,0],[39950,0],[40207,0],[40206,0],[39695,0],]]
[39952,4,32,[[39951,0],[39953,0],[40208,0],[39696,0],]]
[39953,8,32,[[39954,0],[39952,0],[40209,0],[40208,0],[39697,0],]]
[39954,1,32,[[39953,0],[39955,0],[40210,0],[39698,0],]]
[39955,7,32,[[39956,0],[39954,0],[40211,0],[40210,0],[39699,0],]]
[39956,7,32,[[39955,0],[39957,0],[40212,0],[39700,0],]]
[39957,16,32,[[39958,0],[39956,0],[40213,0],[40212,0],[39701,0],]]
[39958,6,32,[[39957,0],[39959,0],[40214,0],[39702,0],]]
[39959,4,32,[[39960,0],[39958,0],[40215,0],[40214,0],[39703,0],]]
[39960,16,32,[[39959,0],[39961,0],[40216,0],[39704,0],]]
[39961,12,32,[[39962,0],[39960,0],[40217,0],[40216,0],[39705,0],]]
[39962,1,32,[[39961,0],[39963,0],[40218,0],[39706,0],]]
[39963,16,32,[[39964,0],[39962,0],[40219,0],[40218,0],[39707,0],]]
[39964,4,32,[[39963,0],[39965,0],[40220,0],[39708,0],]]
[39965,10,32,[[39966,0],[39964,0],[40221,0],[40220,0],[39709,0],]]
[39966,1,32,[[39965,0],[39967,0],[40222,0],[39710,0],]]
[39967,5,32,[[39968,0],[39966,0],[40223,0],[40222,0],[39711,0],]]
[39968,8,33,[[39967,0],[39969,0],[40224,0],[39712,0],]]
[39969,8,33,[[39970,0],[39968,0],[40225,0],[40224,0],[39713,0],]]
[39970,7,33,[[39969,0],[39971,0],[40226,0],[39714,0],]]
[39971,17,33,[[39972,0],[39970,0],[40227,0],[40226,0],[39715,0],]]
[39972,11,33,[[39971,0],[39973,0],[40228,0],[39716,0],]]
[39973,4,33,[[39974,0],[39972,0],[40229,0],[40228,0],[39717,0],]]
[39974,2,33,[[39973,0],[39975,0],[40230,0],[39718,0],]]
[39975,9,33,[[39976,0],[39974,0],[40231,0],[40230,0],[39719,0],]]
