[4587,16,7,[[4588,0],[4586,0],[4331,0],[4843,0],]]
[4588,6,7,[[4587,0],[4589,0],[4332,0],[4333,0],[4844,0],]]
[4589,12,7,[[4590,0],[4588,0],[4333,0],[4845,0],]]
[4590,15,7,[[4589,0],[4591,0],[4334,0],[4335,0],[4846,0],]]
[4591,4,7,[[4592,0],[4590,0],[4335,0],[4847,0],]]
[4592,1,7,[[4591,0],[4593,0],[4336,0],[4337,0],[4848,0],]]
[4593,15,7,[[4594,0],[4592,0],[4337,0],[4849,0],]]
[4594,15,7,[[4593,0],[4595,0],[4338,0],[4339,0],[4850,0],]]
[4595,17,7,[[4596,0],[4594,0],[4339,0],[4851,0],]]
[4596,10,7,[[4595,0],[4597,0],[4340,0],[4341,0],[4852,0],]]
[4597,4,7,[[4598,0],[4596,0],[4341,0],[4853,0],]]
[4598,19,7,[[4597,0],[4599,0],[4342,0],[4343,0],[4854,0],]]
[4599,8,7,[[4600,0],[4598,0],[4343,0],[4855,0],]]
[4600,11,7,[[4599,0],[4601,0],[4344,0],[4345,0],[4856,0],]]
[4601,4,7,[[4602,0],[4600,0],[4345,0],[4857,0],]]
[4602,12,7,[[4601,0],[4603,0],[4346,0],[4347,0],[4858,0],]]
[4603,13,7,[[4604,0],[4602,0],[4347,0],[4859,0],]]
[4604,4,7,[[4603,0],[4605,0],[4348,0],[4349,0],[4860,0],]]
[4605,9,7,[[4606,0],[4604,0],[4349,0],[4861,0],]]
[4606,13,7,[[4605,0],[4607,0],[4350,0],[4351,0],[4862,0],]]
[4607,8,7,[[4606,0],[4351,0],[4863,0],]]
[4608,17,0,[[4609,0],[4864,0],[4352,0],]]
[4609,17,0,[[4610,0],[4608,0],[4865,0],[4864,0],[4353,0],]]
[4610,12,0,[[4609,0],[4611,0],[4866,0],[4354,0],]]
[4611,12,0,[[4612,0],[4610,0],[4867,0],[4866,0],[4355,0],]]
[4612,9,0,[[4611,0],[4613,0],[4868,0],[4356,0],]]
[4613,17,0,[[4614,0],[4612,0],[4869,0],[4868,0],[4357,0],]]
[4614,6,0,[[4613,0],[4615,0],[4870,0],[4358,0],]]
[4615,12,0,[[4616,0],[4614,0],[4871,0],[4870,0],[4359,0],]]
[4616,6,0,[[4615,0],[4617,0],[4872,0],[4360,0],]]
[4617,3,0,[[4618,0],[4616,0],[4873,0],[4872,0],[4361,0],]]
[4618,18,0,[[4617,0],[4619,0],[4874,0],[4362,0],]]
[4619,4,0,[[4620,0],[4618,0],[4875,0],[4874,0],[4363,0],]]
[4620,9,0,[[4619,0],[4621,0],[4876,0],[4364,0],]]
[4621,14,0,[[4622,0],[4620,0],[4877,0],[4876,0],[4365,0],]]
[4622,19,0,[[4621,0],[4623,0],[4878,0],[4366,0],]]
[4623,4,0,[[4624,0],[4622,0],[4879,0],[4878,0],[4367,0],]]
[4624,12,0,[[4623,0],[4625,0],[4880,0],[4368,0],]]
[4625,2,0,[[4626,0],[4624,0],[4881,0],[4880,0],[4369,0],]]
[4626,4,0,[[4625,0],[4627,0],[4882,0],[4370,0],]]
[4627,8,0,[[4628,0],[4626,0],[4883,0],[4882,0],[4371,0],]]
[4628,15,0,[[4627,0],[4629,0],[4884,0],[4372,0],]]
[4629,9,0,[[4630,0],[4628,0],[4885,0],[4884,0],[4373,0],]]
[4630,13,0,[[4629,0],[4631,0],[4886,0],[4374,0],]]
[4631,8,0,[[4632,0],[4630,0],[4887,0],[4886,0],[4375,0],]]
[4632,1,0,[[4631,0],[4633,0],[4888,0],[4376,0],]]
[4633,3,0,[[4634,0],[4632,0],[4889,0],[4888,0],[4377,0],]]
[4634,1,0,[[4633,0],[4635,0],[4890,0],[4378,0],]]
[4635,15,0,[[4636,0],[4634,0],[4891,0],[4890,0],[4379,0],]]
[4636,9,0,[[4635,0],[4637,0],[4892,0],[4380,0],]]
[4637,12,0,[[4638,0],[4636,0],[4893,0],[4892,0],[4381,0],]]
[4638,5,0,[[4637,0],[4639,0],[4894,0],[4382,0],]]
[4639,17,0,[[4640,0],[4638,0],[4895,0],[4894,0],[4383,0],]]
[4640,1,1,[[4639,0],[4641,0],[4896,0],[4384,0],]]
[4641,16,1,[[4642,0],[4640,0],[4897,0],[4896,0],[4385,0],]]
[4642,16,1,[[4641,0],[4643,0],[4898,0],[4386,0],]]
[4643,14,1,[[4644,0],[4642,0],[4899,0],[4898,0],[4387,0],]]
[4644,4,1,[[4643,0],[4645,0],[4900,0],[4388,0],]]
[4645,11,1,[[4646,0],[4644,0],[4901,0],[4900,0],[4389,0],]]
[4646,12,1,[[4645,0],[4647,0],[4902,0],[4390,0],]]
[4647,6,1,[[4648,0],[4646,0],[4903,0],[4902,0],[4391,0],]]
[4648,3,1,[[4647,0],[4649,0],[4904,0],[4392,0],]]
[4649,5,1,[[4650,0],[4648,0],[4905,0],[4904,0],[4393,0],]]
[4650,15,1,[[4649,0],[4651,0],[4906,0],[4394,0],]]
[4651,17,1,[[4652,0],[4650,0],[4907,0],[4906,0],[4395,0],]]
[4652,11,1,[[4651,0],[4653,0],[4908,0],[4396,0],]]
[4653,18,1,[[4654,0],[4652,0],[4909,0],[4908,0],[4397,0],]]
[4654,16,1,[[4653,0],[4655,0],[4910,0],[4398,0],]]
[4655,12,1,[[4656,0],[4654,0],[4911,0],[4910,0],[4399,0],]]
[4656,3,1,[[4655,0],[4657,0],[4912,0],[4400,0],]]
[4657,4,1,[[4658,0],[4656,0],[4913,0],[4912,0],[4401,0],]]
[4658,7,1,[[4657,0],[4659,0],[4914,0],[4402,0],]]
[4659,17,1,[[4660,0],[4658,0],[4915,0],[4914,0],[4403,0],]]
[4660,4,1,[[4659,0],[4661,0],[4916,0],[4404,0],]]
[4661,3,1,[[4662,0],[4660,0],[4917,0],[4916,0],[4405,0],]]
[4662,13,1,[[4661,0],[4663,0],[4918,0],[4406,0],]]
[4663,4,1,[[4664,0],[4662,0],[4919,0],[4918,0],[4407,0],]]
[4664,2,1,[[4663,0],[4665,0],[4920,0],[4408,0],]]
[4665,19,1,[[4666,0],[4664,0],[4921,0],[4920,0],[4409,0],]]
[4666,16,1,[[4665,0],[4667,0],[4922,0],[4410,0],]]
[4667,5,1,[[4668,0],[4666,0],[4923,0],[4922,0],[4411,0],]]
[4668,13,1,[[4667,0],[4669,0],[4924,0],[4412,0],]]
[4669,13,1,[[4670,0],[4668,0],[4925,0],[4924,0],[4413,0],]]
[4670,1,1,[[4669,0],[4671,0],[4926,0],[4414,0],]]
[4671,9,1,[[4672,0],[4670,0],[4927,0],[4926,0],[4415,0],]]
[4672,15,2,[[4671,0],[4673,0],[4928,0],[4416,0],]]
[4673,5,2,[[4674,0],[4672,0],[4929,0],[4928,0],[4417,0],]]
[4674,13,2,[[4673,0],[4675,0],[4930,0],[4418,0],]]
[4675,5,2,[[4676,0],[4674,0],[4931,0],[4930,0],[4419,0],]]
[4676,1,2,[[4675,0],[4677,0],[4932,0],[4420,0],]]
[4677,11,2,[[4678,0],[4676,0],[4933,0],[4932,0],[4421,0],]]
[4678,4,2,[[4677,0],[4679,0],[4934,0],[4422,0],]]
[4679,1,2,[[4680,0],[4678,0],[4935,0],[4934,0],[4423,0],]]
[4680,12,2,[[4679,0],[4681,0],[4936,0],[4424,0],]]
[4681,10,2,[[4682,0],[4680,0],[4937,0],[4936,0],[4425,0],]]
[4682,7,2,[[4681,0],[4683,0],[4938,0],[4426,0],]]
[4683,8,2,[[4684,0],[4682,0],[4939,0],[4938,0],[4427,0],]]
[4684,4,2,[[4683,0],[4685,0],[4940,0],[4428,0],]]
[4685,3,2,[[4686,0],[4684,0],[4941,0],[4940,0],[4429,0],]]
[4686,12,2,[[4685,0],[4687,0],[4942,0],[4430,0],]]
[4687,6,2,[[4688,0],[4686,0],[4943,0],[4942,0],[4431,0],]]
[4688,1,2,[[4687,0],[4689,0],[4944,0],[4432,0],]]
[4689,7,2,[[4690,0],[4688,0],[4945,0],[4944,0],[4433,0],]]
[4690,4,2,[[4689,0],[4691,0],[4946,0],[4434,0],]]
[4691,17,2,[[4692,0],[4690,0],[4947,0],[4946,0],[4435,0],]]
[4692,10,2,[[4691,0],[4693,0],[4948,0],[4436,0],]]
[4693,17,2,[[4694,0],[4692,0],[4949,0],[4948,0],[4437,0],]]
[4694,16,2,[[4693,0],[4695,0],[4950,0],[4438,0],]]
[4695,16,2,[[4696,0],[4694,0],[4951,0],[4950,0],[4439,0],]]
[4696,4,2,[[4695,0],[4697,0],[4952,0],[4440,0],]]
[4697,1,2,[[4698,0],[4696,0],[4953,0],[4952,0],[4441,0],]]
[4698,8,2,[[4697,0],[4699,0],[4954,0],[4442,0],]]
[4699,12,2,[[4700,0],[4698,0],[4955,0],[4954,0],[4443,0],]]
[4700,8,2,[[4699,0],[4701,0],[4956,0],[4444,0],]]
[4701,1,2,[[4702,0],[4700,0],[4957,0],[4956,0],[4445,0],]]
[4702,1,2,[[4701,0],[4703,0],[4958,0],[4446,0],]]
[4703,7,2,[[4704,0],[4702,0],[4959,0],[4958,0],[4447,0],]]
[4704,14,3,[[4703,0],[4705,0],[4960,0],[4448,0],]]
[4705,16,3,[[4706,0],[4704,0],[4961,0],[4960,0],[4449,0],]]
[4706,7,3,[[4705,0],[4707,0],[4962,0],[4450,0],]]
[4707,19,3,[[4708,0],[4706,0],[4963,0],[4962,0],[4451,0],]]
[4708,5,3,[[4707,0],[4709,0],[4964,0],[4452,0],]]
[4709,10,3,[[4710,0],[4708,0],[4965,0],[4964,0],[4453,0],]]
[4710,3,3,[[4709,0],[4711,0],[4966,0],[4454,0],]]
[4711,14,3,[[4712,0],[4710,0],[4967,0],[4966,0],[4455,0],]]
[4712,19,3,[[4711,0],[4713,0],[4968,0],[4456,0],]]
[4713,10,3,[[4714,0],[4712,0],[4969,0],[4968,0],[4457,0],]]
[4714,4,3,[[4713,0],[4715,0],[4970,0],[4458,0],]]
[4715,5,3,[[4716,0],[4714,0],[4971,0],[4970,0],[4459,0],]]
[4716,7,3,[[4715,0],[4717,0],[4972,0],[4460,0],]]
[4717,4,3,[[4718,0],[4716,0],[4973,0],[4972,0],[4461,0],]]
[4718,8,3,[[4717,0],[4719,0],[4974,0],[4462,0],]]
[4719,18,3,[[4720,0],[4718,0],[4975,0],[4974,0],[4463,0],]]
[4720,6,3,[[4719,0],[4721,0],[4976,0],[4464,0],]]
[4721,6,3,[[4722,0],[4720,0],[4977,0],[4976,0],[4465,0],]]
[4722,7,3,[[4721,0],[4723,0],[4978,0],[4466,0],]]
[4723,7,3,[[4724,0],[4722,0],[4979,0],[4978,0],[4467,0],]]
[4724,8,3,[[4723,0],[4725,0],[4980,0],[4468,0],]]
[4725,18,3,[[4726,0],[4724,0],[4981,0],[4980,0],[4469,0],]]
[4726,8,3,[[4725,0],[4727,0],[4982,0],[4470,0],]]
[4727,13,3,[[4728,0],[4726,0],[4983,0],[4982,0],[4471,0],]]
[4728,5,3,[[4727,0],[4729,0],[4984,0],[4472,0],]]
[4729,16,3,[[4730,0],[4728,0],[4985,0],[4984,0],[4473,0],]]
[4730,13,3,[[4729,0],[4731,0],[4986,0],[4474,0],]]
[4731,18,3,[[4732,0],[4730,0],[4987,0],[4986,0],[4475,0],]]
[4732,13,3,[[4731,0],[4733,0],[4988,0],[4476,0],]]
[4733,9,3,[[4734,0],[4732,0],[4989,0],[4988,0],[4477,0],]]
[4734,4,3,[[4733,0],[4735,0],[4990,0],[4478,0],]]
[4735,15,3,[[4736,0],[4734,0],[4991,0],[4990,0],[4479,0],]]
[4736,11,4,[[4735,0],[4737,0],[4992,0],[4480,0],]]
[4737,12,4,[[4738,0],[4736,0],[4993,0],[4992,0],[4481,0],]]
[4738,3,4,[[4737,0],[4739,0],[4994,0],[4482,0],]]
[4739,9,4,[[4740,0],[4738,0],[4995,0],[4994,0],[4483,0],]]
[4740,19,4,[[4739,0],[4741,0],[4996,0],[4484,0],]]
[4741,1,4,[[4742,0],[4740,0],[4997,0],[4996,0],[4485,0],]]
[4742,3,4,[[4741,0],[4743,0],[4998,0],[4486,0],]]
[4743,15,4,[[4744,0],[4742,0],[4999,0],[4998,0],[4487,0],]]
[4744,11,4,[[4743,0],[4745,0],[5000,0],[4488,0],]]
[4745,13,4,[[4746,0],[4744,0],[5001,0],[5000,0],[4489,0],]]
[4746,11,4,[[4745,0],[4747,0],[5002,0],[4490,0],]]
[4747,3,4,[[4748,0],[4746,0],[5003,0],[5002,0],[4491,0],]]
[4748,18,4,[[4747,0],[4749,0],[5004,0],[4492,0],]]
[4749,3,4,[[4750,0],[4748,0],[5005,0],[5004,0],[4493,0],]]
[4750,15,4,[[4749,0],[4751,0],[5006,0],[4494,0],]]
[4751,17,4,[[4752,0],[4750,0],[5007,0],[5006,0],[4495,0],]]
[4752,12,4,[[4751,0],[4753,0],[5008,0],[4496,0],]]
[4753,9,4,[[4754,0],[4752,0],[5009,0],[5008,0],[4497,0],]]
[4754,15,4,[[4753,0],[4755,0],[5010,0],[4498,0],]]
[4755,19,4,[[4756,0],[4754,0],[5011,0],[5010,0],[4499,0],]]
[4756,15,4,[[4755,0],[4757,0],[5012,0],[4500,0],]]
[4757,13,4,[[4758,0],[4756,0],[5013,0],[5012,0],[4501,0],]]
[4758,9,4,[[4757,0],[4759,0],[5014,0],[4502,0],]]
[4759,2,4,[[4760,0],[4758,0],[5015,0],[5014,0],[4503,0],]]
[4760,15,4,[[4759,0],[4761,0],[5016,0],[4504,0],]]
[4761,18,4,[[4762,0],[4760,0],[5017,0],[5016,0],[4505,0],]]
[4762,15,4,[[4761,0],[4763,0],[5018,0],[4506,0],]]
[4763,9,4,[[4764,0],[4762,0],[5019,0],[5018,0],[4507,0],]]
[4764,8,4,[[4763,0],[4765,0],[5020,0],[4508,0],]]
[4765,7,4,[[4766,0],[4764,0],[5021,0],[5020,0],[4509,0],]]
[4766,17,4,[[4765,0],[4767,0],[5022,0],[4510,0],]]
[4767,15,4,[[4768,0],[4766,0],[5023,0],[5022,0],[4511,0],]]
[4768,14,5,[[4767,0],[4769,0],[5024,0],[4512,0],]]
[4769,14,5,[[4770,0],[4768,0],[5025,0],[5024,0],[4513,0],]]
[4770,4,5,[[4769,0],[4771,0],[5026,0],[4514,0],]]
[4771,11,5,[[4772,0],[4770,0],[5027,0],[5026,0],[4515,0],]]
[4772,17,5,[[4771,0],[4773,0],[5028,0],[4516,0],]]
[4773,9,5,[[4774,0],[4772,0],[5029,0],[5028,0],[4517,0],]]
[4774,6,5,[[4773,0],[4775,0],[5030,0],[4518,0],]]
[4775,10,5,[[4776,0],[4774,0],[5031,0],[5030,0],[4519,0],]]
[4776,5,5,[[4775,0],[4777,0],[5032,0],[4520,0],]]
[4777,3,5,[[4778,0],[4776,0],[5033,0],[5032,0],[4521,0],]]
[4778,2,5,[[4777,0],[4779,0],[5034,0],[4522,0],]]
[4779,17,5,[[4780,0],[4778,0],[5035,0],[5034,0],[4523,0],]]
[4780,7,5,[[4779,0],[4781,0],[5036,0],[4524,0],]]
[4781,7,5,[[4782,0],[4780,0],[5037,0],[5036,0],[4525,0],]]
[4782,9,5,[[4781,0],[4783,0],[5038,0],[4526,0],]]
[4783,19,5,[[4784,0],[4782,0],[5039,0],[5038,0],[4527,0],]]
[4784,18,5,[[4783,0],[4785,0],[5040,0],[4528,0],]]
[4785,9,5,[[4786,0],[4784,0],[5041,0],[5040,0],[4529,0],]]
[4786,8,5,[[4785,0],[4787,0],[5042,0],[4530,0],]]
[4787,19,5,[[4788,0],[4786,0],[5043,0],[5042,0],[4531,0],]]
[4788,2,5,[[4787,0],[4789,0],[5044,0],[4532,0],]]
[4789,17,5,[[4790,0],[4788,0],[5045,0],[5044,0],[4533,0],]]
[4790,9,5,[[4789,0],[4791,0],[5046,0],[4534,0],]]
[4791,1,5,[[4792,0],[4790,0],[5047,0],[5046,0],[4535,0],]]
[4792,8,5,[[4791,0],[4793,0],[5048,0],[4536,0],]]
[4793,7,5,[[4794,0],[4792,0],[5049,0],[5048,0],[4537,0],]]
[4794,7,5,[[4793,0],[4795,0],[5050,0],[4538,0],]]
[4795,13,5,[[4796,0],[4794,0],[5051,0],[5050,0],[4539,0],]]
[4796,10,5,[[4795,0],[4797,0],[5052,0],[4540,0],]]
[4797,18,5,[[4798,0],[4796,0],[5053,0],[5052,0],[4541,0],]]
[4798,1,5,[[4797,0],[4799,0],[5054,0],[4542,0],]]
[4799,11,5,[[4800,0],[4798,0],[5055,0],[5054,0],[4543,0],]]
[4800,17,6,[[4799,0],[4801,0],[5056,0],[4544,0],]]
[4801,7,6,[[4802,0],[4800,0],[5057,0],[5056,0],[4545,0],]]
[4802,11,6,[[4801,0],[4803,0],[5058,0],[4546,0],]]
[4803,8,6,[[4804,0],[4802,0],[5059,0],[5058,0],[4547,0],]]
[4804,15,6,[[4803,0],[4805,0],[5060,0],[4548,0],]]
[4805,17,6,[[4806,0],[4804,0],[5061,0],[5060,0],[4549,0],]]
[4806,19,6,[[4805,0],[4807,0],[5062,0],[4550,0],]]
[4807,10,6,[[4808,0],[4806,0],[5063,0],[5062,0],[4551,0],]]
[4808,14,6,[[4807,0],[4809,0],[5064,0],[4552,0],]]
[4809,6,6,[[4810,0],[4808,0],[5065,0],[5064,0],[4553,0],]]
[4810,13,6,[[4809,0],[4811,0],[5066,0],[4554,0],]]
[4811,7,6,[[4812,0],[4810,0],[5067,0],[5066,0],[4555,0],]]
[4812,2,6,[[4811,0],[4813,0],[5068,0],[4556,0],]]
[4813,13,6,[[4814,0],[4812,0],[5069,0],[5068,0],[4557,0],]]
[4814,12,6,[[4813,0],[4815,0],[5070,0],[4558,0],]]
[4815,8,6,[[4816,0],[4814,0],[5071,0],[5070,0],[4559,0],]]
[4816,18,6,[[4815,0],[4817,0],[5072,0],[4560,0],]]
[4817,13,6,[[4818,0],[4816,0],[5073,0],[5072,0],[4561,0],]]
[4818,18,6,[[4817,0],[4819,0],[5074,0],[4562,0],]]
[4819,14,6,[[4820,0],[4818,0],[5075,0],[5074,0],[4563,0],]]
[4820,14,6,[[4819,0],[4821,0],[5076,0],[4564,0],]]
[4821,3,6,[[4822,0],[4820,0],[5077,0],[5076,0],[4565,0],]]
[4822,12,6,[[4821,0],[4823,0],[5078,0],[4566,0],]]
[4823,1,6,[[4824,0],[4822,0],[5079,0],[5078,0],[4567,0],]]
[4824,17,6,[[4823,0],[4825,0],[5080,0],[4568,0],]]
[4825,19,6,[[4826,0],[4824,0],[5081,0],[5080,0],[4569,0],]]
[4826,5,6,[[4825,0],[4827,0],[5082,0],[4570,0],]]
[4827,6,6,[[4828,0],[4826,0],[5083,0],[5082,0],[4571,0],]]
[4828,3,6,[[4827,0],[4829,0],[5084,0],[4572,0],]]
[4829,12,6,[[4830,0],[4828,0],[5085,0],[5084,0],[4573,0],]]
[4830,8,6,[[4829,0],[4831,0],[5086,0],[4574,0],]]
[4831,7,6,[[4832,0],[4830,0],[5087,0],[5086,0],[4575,0],]]
[4832,12,7,[[4831,0],[4833,0],[5088,0],[4576,0],]]
[4833,1,7,[[4834,0],[4832,0],[5089,0],[5088,0],[4577,0],]]
[4834,16,7,[[4833,0],[4835,0],[5090,0],[4578,0],]]
[4835,11,7,[[4836,0],[4834,0],[5091,0],[5090,0],[4579,0],]]
[4836,2,7,[[4835,0],[4837,0],[5092,0],[4580,0],]]
[4837,7,7,[[4838,0],[4836,0],[5093,0],[5092,0],[4581,0],]]
[4838,17,7,[[4837,0],[4839,0],[5094,0],[4582,0],]]
[4839,10,7,[[4840,0],[4838,0],[5095,0],[5094,0],[4583,0],]]
[4840,6,7,[[4839,0],[4841,0],[5096,0],[4584,0],]]
[4841,3,7,[[4842,0],[4840,0],[5097,0],[5096,0],[4585,0],]]
[4842,4,7,[[4841,0],[4843,0],[5098,0],[4586,0],]]
[4843,10,7,[[4844,0],[4842,0],[5099,0],[5098,0],[4587,0],]]
[4844,4,7,[[4843,0],[4845,0],[5100,0],[4588,0],]]
[4845,7,7,[[4846,0],[4844,0],[5101,0],[5100,0],[4589,0],]]
[4846,14,7,[[4845,0],[4847,0],[5102,0],[4590,0],]]
[4847,12,7,[[4848,0],[4846,0],[5103,0],[5102,0],[4591,0],]]
[4848,15,7,[[4847,0],[4849,0],[5104,0],[4592,0],]]
[4849,13,7,[[4850,0],[4848,0],[5105,0],[5104,0],[4593,0],]]
[4850,4,7,[[4849,0],[4851,0],[5106,0],[4594,0],]]
[4851,19,7,[[4852,0],[4850,0],[5107,0],[5106,0],[4595,0],]]
[4852,15,7,[[4851,0],[4853,0],[5108,0],[4596,0],]]
[4853,6,7,[[4854,0],[4852,0],[5109,0],[5108,0],[4597,0],]]
[4854,10,7,[[4853,0],[4855,0],[5110,0],[4598,0],]]
[4855,7,7,[[4856,0],[4854,0],[5111,0],[5110,0],[4599,0],]]
[4856,11,7,[[4855,0],[4857,0],[5112,0],[4600,0],]]
[4857,3,7,[[4858,0],[4856,0],[5113,0],[5112,0],[4601,0],]]
[4858,13,7,[[4857,0],[4859,0],[5114,0],[4602,0],]]
[4859,14,7,[[4860,0],[4858,0],[5115,0],[5114,0],[4603,0],]]
[4860,6,7,[[4859,0],[4861,0],[5116,0],[4604,0],]]
[4861,17,7,[[4862,0],[4860,0],[5117,0],[5116,0],[4605,0],]]
[4862,17,7,[[4861,0],[4863,0],[5118,0],[4606,0],]]
[4863,10,7,[[4862,0],[5119,0],[5118,0],[4607,0],]]
[4864,19,0,[[4865,0],[4608,0],[4609,0],[5120,0],]]
[4865,19,0,[[4866,0],[4864,0],[4609,0],[5121,0],]]
[4866,6,0,[[4865,0],[4867,0],[4610,0],[4611,0],[5122,0],]]
[4867,19,0,[[4868,0],[4866,0],[4611,0],[5123,0],]]
[4868,15,0,[[4867,0],[4869,0],[4612,0],[4613,0],[5124,0],]]
[4869,4,0,[[4870,0],[4868,0],[4613,0],[5125,0],]]
[4870,6,0,[[4869,0],[4871,0],[4614,0],[4615,0],[5126,0],]]
[4871,9,0,[[4872,0],[4870,0],[4615,0],[5127,0],]]
[4872,14,0,[[4871,0],[4873,0],[4616,0],[4617,0],[5128,0],]]
[4873,15,0,[[4874,0],[4872,0],[4617,0],[5129,0],]]
[4874,4,0,[[4873,0],[4875,0],[4618,0],[4619,0],[5130,0],]]
[4875,19,0,[[4876,0],[4874,0],[4619,0],[5131,0],]]
[4876,14,0,[[4875,0],[4877,0],[4620,0],[4621,0],[5132,0],]]
[4877,1,0,[[4878,0],[4876,0],[4621,0],[5133,0],]]
[4878,15,0,[[4877,0],[4879,0],[4622,0],[4623,0],[5134,0],]]
[4879,11,0,[[4880,0],[4878,0],[4623,0],[5135,0],]]
[4880,17,0,[[4879,0],[4881,0],[4624,0],[4625,0],[5136,0],]]
[4881,9,0,[[4882,0],[4880,0],[4625,0],[5137,0],]]
[4882,16,0,[[4881,0],[4883,0],[4626,0],[4627,0],[5138,0],]]
[4883,19,0,[[4884,0],[4882,0],[4627,0],[5139,0],]]
[4884,6,0,[[4883,0],[4885,0],[4628,0],[4629,0],[5140,0],]]
[4885,2,0,[[4886,0],[4884,0],[4629,0],[5141,0],]]
[4886,17,0,[[4885,0],[4887,0],[4630,0],[4631,0],[5142,0],]]
[4887,14,0,[[4888,0],[4886,0],[4631,0],[5143,0],]]
[4888,16,0,[[4887,0],[4889,0],[4632,0],[4633,0],[5144,0],]]
[4889,7,0,[[4890,0],[4888,0],[4633,0],[5145,0],]]
[4890,3,0,[[4889,0],[4891,0],[4634,0],[4635,0],[5146,0],]]
[4891,6,0,[[4892,0],[4890,0],[4635,0],[5147,0],]]
[4892,6,0,[[4891,0],[4893,0],[4636,0],[4637,0],[5148,0],]]
[4893,10,0,[[4894,0],[4892,0],[4637,0],[5149,0],]]
[4894,6,0,[[4893,0],[4895,0],[4638,0],[4639,0],[5150,0],]]
[4895,11,0,[[4896,0],[4894,0],[4639,0],[5151,0],]]
[4896,2,1,[[4895,0],[4897,0],[4640,0],[4641,0],[5152,0],]]
[4897,12,1,[[4898,0],[4896,0],[4641,0],[5153,0],]]
[4898,17,1,[[4897,0],[4899,0],[4642,0],[4643,0],[5154,0],]]
[4899,5,1,[[4900,0],[4898,0],[4643,0],[5155,0],]]
[4900,10,1,[[4899,0],[4901,0],[4644,0],[4645,0],[5156,0],]]
[4901,18,1,[[4902,0],[4900,0],[4645,0],[5157,0],]]
[4902,4,1,[[4901,0],[4903,0],[4646,0],[4647,0],[5158,0],]]
[4903,16,1,[[4904,0],[4902,0],[4647,0],[5159,0],]]
[4904,12,1,[[4903,0],[4905,0],[4648,0],[4649,0],[5160,0],]]
[4905,16,1,[[4906,0],[4904,0],[4649,0],[5161,0],]]
[4906,8,1,[[4905,0],[4907,0],[4650,0],[4651,0],[5162,0],]]
[4907,15,1,[[4908,0],[4906,0],[4651,0],[5163,0],]]
[4908,12,1,[[4907,0],[4909,0],[4652,0],[4653,0],[5164,0],]]
[4909,8,1,[[4910,0],[4908,0],[4653,0],[5165,0],]]
[4910,4,1,[[4909,0],[4911,0],[4654,0],[4655,0],[5166,0],]]
[4911,18,1,[[4912,0],[4910,0],[4655,0],[5167,0],]]
[4912,3,1,[[4911,0],[4913,0],[4656,0],[4657,0],[5168,0],]]
[4913,1,1,[[4914,0],[4912,0],[4657,0],[5169,0],]]
[4914,11,1,[[4913,0],[4915,0],[4658,0],[4659,0],[5170,0],]]
[4915,1,1,[[4916,0],[4914,0],[4659,0],[5171,0],]]
[4916,2,1,[[4915,0],[4917,0],[4660,0],[4661,0],[5172,0],]]
[4917,3,1,[[4918,0],[4916,0],[4661,0],[5173,0],]]
[4918,15,1,[[4917,0],[4919,0],[4662,0],[4663,0],[5174,0],]]
[4919,14,1,[[4920,0],[4918,0],[4663,0],[5175,0],]]
[4920,4,1,[[4919,0],[4921,0],[4664,0],[4665,0],[5176,0],]]
[4921,16,1,[[4922,0],[4920,0],[4665,0],[5177,0],]]
[4922,11,1,[[4921,0],[4923,0],[4666,0],[4667,0],[5178,0],]]
[4923,16,1,[[4924,0],[4922,0],[4667,0],[5179,0],]]
[4924,7,1,[[4923,0],[4925,0],[4668,0],[4669,0],[5180,0],]]
[4925,2,1,[[4926,0],[4924,0],[4669,0],[5181,0],]]
[4926,14,1,[[4925,0],[4927,0],[4670,0],[4671,0],[5182,0],]]
[4927,9,1,[[4928,0],[4926,0],[4671,0],[5183,0],]]
[4928,1,2,[[4927,0],[4929,0],[4672,0],[4673,0],[5184,0],]]
[4929,8,2,[[4930,0],[4928,0],[4673,0],[5185,0],]]
[4930,16,2,[[4929,0],[4931,0],[4674,0],[4675,0],[5186,0],]]
[4931,3,2,[[4932,0],[4930,0],[4675,0],[5187,0],]]
[4932,18,2,[[4931,0],[4933,0],[4676,0],[4677,0],[5188,0],]]
[4933,14,2,[[4934,0],[4932,0],[4677,0],[5189,0],]]
[4934,13,2,[[4933,0],[4935,0],[4678,0],[4679,0],[5190,0],]]
[4935,3,2,[[4936,0],[4934,0],[4679,0],[5191,0],]]
[4936,14,2,[[4935,0],[4937,0],[4680,0],[4681,0],[5192,0],]]
[4937,2,2,[[4938,0],[4936,0],[4681,0],[5193,0],]]
[4938,16,2,[[4937,0],[4939,0],[4682,0],[4683,0],[5194,0],]]
[4939,10,2,[[4940,0],[4938,0],[4683,0],[5195,0],]]
[4940,14,2,[[4939,0],[4941,0],[4684,0],[4685,0],[5196,0],]]
[4941,15,2,[[4942,0],[4940,0],[4685,0],[5197,0],]]
[4942,16,2,[[4941,0],[4943,0],[4686,0],[4687,0],[5198,0],]]
[4943,17,2,[[4944,0],[4942,0],[4687,0],[5199,0],]]
[4944,17,2,[[4943,0],[4945,0],[4688,0],[4689,0],[5200,0],]]
[4945,4,2,[[4946,0],[4944,0],[4689,0],[5201,0],]]
[4946,14,2,[[4945,0],[4947,0],[4690,0],[4691,0],[5202,0],]]
[4947,5,2,[[4948,0],[4946,0],[4691,0],[5203,0],]]
[4948,10,2,[[4947,0],[4949,0],[4692,0],[4693,0],[5204,0],]]
[4949,12,2,[[4950,0],[4948,0],[4693,0],[5205,0],]]
[4950,12,2,[[4949,0],[4951,0],[4694,0],[4695,0],[5206,0],]]
[4951,2,2,[[4952,0],[4950,0],[4695,0],[5207,0],]]
[4952,2,2,[[4951,0],[4953,0],[4696,0],[4697,0],[5208,0],]]
[4953,7,2,[[4954,0],[4952,0],[4697,0],[5209,0],]]
[4954,2,2,[[4953,0],[4955,0],[4698,0],[4699,0],[5210,0],]]
[4955,14,2,[[4956,0],[4954,0],[4699,0],[5211,0],]]
[4956,14,2,[[4955,0],[4957,0],[4700,0],[4701,0],[5212,0],]]
[4957,18,2,[[4958,0],[4956,0],[4701,0],[5213,0],]]
[4958,6,2,[[4957,0],[4959,0],[4702,0],[4703,0],[5214,0],]]
[4959,12,2,[[4960,0],[4958,0],[4703,0],[5215,0],]]
[4960,15,3,[[4959,0],[4961,0],[4704,0],[4705,0],[5216,0],]]
[4961,13,3,[[4962,0],[4960,0],[4705,0],[5217,0],]]
[4962,6,3,[[4961,0],[4963,0],[4706,0],[4707,0],[5218,0],]]
[4963,17,3,[[4964,0],[4962,0],[4707,0],[5219,0],]]
[4964,19,3,[[4963,0],[4965,0],[4708,0],[4709,0],[5220,0],]]
[4965,15,3,[[4966,0],[4964,0],[4709,0],[5221,0],]]
[4966,8,3,[[4965,0],[4967,0],[4710,0],[4711,0],[5222,0],]]
[4967,16,3,[[4968,0],[4966,0],[4711,0],[5223,0],]]
[4968,9,3,[[4967,0],[4969,0],[4712,0],[4713,0],[5224,0],]]
[4969,17,3,[[4970,0],[4968,0],[4713,0],[5225,0],]]
[4970,7,3,[[4969,0],[4971,0],[4714,0],[4715,0],[5226,0],]]
[4971,13,3,[[4972,0],[4970,0],[4715,0],[5227,0],]]
[4972,10,3,[[4971,0],[4973,0],[4716,0],[4717,0],[5228,0],]]
[4973,6,3,[[4974,0],[4972,0],[4717,0],[5229,0],]]
[4974,2,3,[[4973,0],[4975,0],[4718,0],[4719,0],[5230,0],]]
[4975,10,3,[[4976,0],[4974,0],[4719,0],[5231,0],]]
[4976,13,3,[[4975,0],[4977,0],[4720,0],[4721,0],[5232,0],]]
[4977,3,3,[[4978,0],[4976,0],[4721,0],[5233,0],]]
[4978,10,3,[[4977,0],[4979,0],[4722,0],[4723,0],[5234,0],]]
[4979,5,3,[[4980,0],[4978,0],[4723,0],[5235,0],]]
[4980,12,3,[[4979,0],[4981,0],[4724,0],[4725,0],[5236,0],]]
[4981,9,3,[[4982,0],[4980,0],[4725,0],[5237,0],]]
[4982,1,3,[[4981,0],[4983,0],[4726,0],[4727,0],[5238,0],]]
[4983,14,3,[[4984,0],[4982,0],[4727,0],[5239,0],]]
[4984,7,3,[[4983,0],[4985,0],[4728,0],[4729,0],[5240,0],]]
[4985,6,3,[[4986,0],[4984,0],[4729,0],[5241,0],]]
[4986,1,3,[[4985,0],[4987,0],[4730,0],[4731,0],[5242,0],]]
[4987,8,3,[[4988,0],[4986,0],[4731,0],[5243,0],]]
[4988,1,3,[[4987,0],[4989,0],[4732,0],[4733,0],[5244,0],]]
[4989,16,3,[[4990,0],[4988,0],[4733,0],[5245,0],]]
[4990,8,3,[[4989,0],[4991,0],[4734,0],[4735,0],[5246,0],]]
[4991,4,3,[[4992,0],[4990,0],[4735,0],[5247,0],]]
[4992,5,4,[[4991,0],[4993,0],[4736,0],[4737,0],[5248,0],]]
[4993,18,4,[[4994,0],[4992,0],[4737,0],[5249,0],]]
[4994,7,4,[[4993,0],[4995,0],[4738,0],[4739,0],[5250,0],]]
[4995,19,4,[[4996,0],[4994,0],[4739,0],[5251,0],]]
[4996,17,4,[[4995,0],[4997,0],[4740,0],[4741,0],[5252,0],]]
[4997,15,4,[[4998,0],[4996,0],[4741,0],[5253,0],]]
[4998,12,4,[[4997,0],[4999,0],[4742,0],[4743,0],[5254,0],]]
[4999,16,4,[[5000,0],[4998,0],[4743,0],[5255,0],]]
[5000,17,4,[[4999,0],[5001,0],[4744,0],[4745,0],[5256,0],]]
[5001,16,4,[[5002,0],[5000,0],[4745,0],[5257,0],]]
[5002,12,4,[[5001,0],[5003,0],[4746,0],[4747,0],[5258,0],]]
[5003,3,4,[[5004,0],[5002,0],[4747,0],[5259,0],]]
[5004,13,4,[[5003,0],[5005,0],[4748,0],[4749,0],[5260,0],]]
[5005,12,4,[[5006,0],[5004,0],[4749,0],[5261,0],]]
[5006,1,4,[[5005,0],[5007,0],[4750,0],[4751,0],[5262,0],]]
[5007,6,4,[[5008,0],[5006,0],[4751,0],[5263,0],]]
[5008,19,4,[[5007,0],[5009,0],[4752,0],[4753,0],[5264,0],]]
[5009,11,4,[[5010,0],[5008,0],[4753,0],[5265,0],]]
[5010,17,4,[[5009,0],[5011,0],[4754,0],[4755,0],[5266,0],]]
[5011,4,4,[[5012,0],[5010,0],[4755,0],[5267,0],]]
[5012,14,4,[[5011,0],[5013,0],[4756,0],[4757,0],[5268,0],]]
[5013,10,4,[[5014,0],[5012,0],[4757,0],[5269,0],]]
[5014,1,4,[[5013,0],[5015,0],[4758,0],[4759,0],[5270,0],]]
[5015,14,4,[[5016,0],[5014,0],[4759,0],[5271,0],]]
[5016,19,4,[[5015,0],[5017,0],[4760,0],[4761,0],[5272,0],]]
[5017,1,4,[[5018,0],[5016,0],[4761,0],[5273,0],]]
[5018,5,4,[[5017,0],[5019,0],[4762,0],[4763,0],[5274,0],]]
[5019,14,4,[[5020,0],[5018,0],[4763,0],[5275,0],]]
[5020,18,4,[[5019,0],[5021,0],[4764,0],[4765,0],[5276,0],]]
[5021,15,4,[[5022,0],[5020,0],[4765,0],[5277,0],]]
[5022,12,4,[[5021,0],[5023,0],[4766,0],[4767,0],[5278,0],]]
[5023,2,4,[[5024,0],[5022,0],[4767,0],[5279,0],]]
[5024,12,5,[[5023,0],[5025,0],[4768,0],[4769,0],[5280,0],]]
[5025,1,5,[[5026,0],[5024,0],[4769,0],[5281,0],]]
[5026,12,5,[[5025,0],[5027,0],[4770,0],[4771,0],[5282,0],]]
[5027,9,5,[[5028,0],[5026,0],[4771,0],[5283,0],]]
[5028,14,5,[[5027,0],[5029,0],[4772,0],[4773,0],[5284,0],]]
[5029,4,5,[[5030,0],[5028,0],[4773,0],[5285,0],]]
[5030,13,5,[[5029,0],[5031,0],[4774,0],[4775,0],[5286,0],]]
[5031,4,5,[[5032,0],[5030,0],[4775,0],[5287,0],]]
[5032,11,5,[[5031,0],[5033,0],[4776,0],[4777,0],[5288,0],]]
[5033,11,5,[[5034,0],[5032,0],[4777,0],[5289,0],]]
[5034,6,5,[[5033,0],[5035,0],[4778,0],[4779,0],[5290,0],]]
[5035,2,5,[[5036,0],[5034,0],[4779,0],[5291,0],]]
[5036,2,5,[[5035,0],[5037,0],[4780,0],[4781,0],[5292,0],]]
[5037,9,5,[[5038,0],[5036,0],[4781,0],[5293,0],]]
[5038,13,5,[[5037,0],[5039,0],[4782,0],[4783,0],[5294,0],]]
[5039,18,5,[[5040,0],[5038,0],[4783,0],[5295,0],]]
[5040,14,5,[[5039,0],[5041,0],[4784,0],[4785,0],[5296,0],]]
[5041,19,5,[[5042,0],[5040,0],[4785,0],[5297,0],]]
[5042,1,5,[[5041,0],[5043,0],[4786,0],[4787,0],[5298,0],]]
[5043,1,5,[[5044,0],[5042,0],[4787,0],[5299,0],]]
[5044,12,5,[[5043,0],[5045,0],[4788,0],[4789,0],[5300,0],]]
[5045,14,5,[[5046,0],[5044,0],[4789,0],[5301,0],]]
[5046,3,5,[[5045,0],[5047,0],[4790,0],[4791,0],[5302,0],]]
[5047,2,5,[[5048,0],[5046,0],[4791,0],[5303,0],]]
[5048,11,5,[[5047,0],[5049,0],[4792,0],[4793,0],[5304,0],]]
[5049,8,5,[[5050,0],[5048,0],[4793,0],[5305,0],]]
[5050,12,5,[[5049,0],[5051,0],[4794,0],[4795,0],[5306,0],]]
[5051,10,5,[[5052,0],[5050,0],[4795,0],[5307,0],]]
[5052,2,5,[[5051,0],[5053,0],[4796,0],[4797,0],[5308,0],]]
[5053,9,5,[[5054,0],[5052,0],[4797,0],[5309,0],]]
[5054,14,5,[[5053,0],[5055,0],[4798,0],[4799,0],[5310,0],]]
[5055,9,5,[[5056,0],[5054,0],[4799,0],[5311,0],]]
[5056,2,6,[[5055,0],[5057,0],[4800,0],[4801,0],[5312,0],]]
[5057,1,6,[[5058,0],[5056,0],[4801,0],[5313,0],]]
[5058,19,6,[[5057,0],[5059,0],[4802,0],[4803,0],[5314,0],]]
[5059,10,6,[[5060,0],[5058,0],[4803,0],[5315,0],]]
[5060,19,6,[[5059,0],[5061,0],[4804,0],[4805,0],[5316,0],]]
[5061,15,6,[[5062,0],[5060,0],[4805,0],[5317,0],]]
[5062,9,6,[[5061,0],[5063,0],[4806,0],[4807,0],[5318,0],]]
[5063,13,6,[[5064,0],[5062,0],[4807,0],[5319,0],]]
[5064,3,6,[[5063,0],[5065,0],[4808,0],[4809,0],[5320,0],]]
[5065,16,6,[[5066,0],[5064,0],[4809,0],[5321,0],]]
[5066,5,6,[[5065,0],[5067,0],[4810,0],[4811,0],[5322,0],]]
[5067,5,6,[[5068,0],[5066,0],[4811,0],[5323,0],]]
[5068,19,6,[[5067,0],[5069,0],[4812,0],[4813,0],[5324,0],]]
[5069,2,6,[[5070,0],[5068,0],[4813,0],[5325,0],]]
[5070,19,6,[[5069,0],[5071,0],[4814,0],[4815,0],[5326,0],]]
[5071,16,6,[[5072,0],[5070,0],[4815,0],[5327,0],]]
[5072,5,6,[[5071,0],[5073,0],[4816,0],[4817,0],[5328,0],]]
[5073,15,6,[[5074,0],[5072,0],[4817,0],[5329,0],]]
[5074,13,6,[[5073,0],[5075,0],[4818,0],[4819,0],[5330,0],]]
[5075,2,6,[[5076,0],[5074,0],[4819,0],[5331,0],]]
[5076,12,6,[[5075,0],[5077,0],[4820,0],[4821,0],[5332,0],]]
[5077,15,6,[[5078,0],[5076,0],[4821,0],[5333,0],]]
[5078,17,6,[[5077,0],[5079,0],[4822,0],[4823,0],[5334,0],]]
[5079,7,6,[[5080,0],[5078,0],[4823,0],[5335,0],]]
[5080,11,6,[[5079,0],[5081,0],[4824,0],[4825,0],[5336,0],]]
[5081,19,6,[[5082,0],[5080,0],[4825,0],[5337,0],]]
[5082,5,6,[[5081,0],[5083,0],[4826,0],[4827,0],[5338,0],]]
[5083,3,6,[[5084,0],[5082,0],[4827,0],[5339,0],]]
[5084,6,6,[[5083,0],[5085,0],[4828,0],[4829,0],[5340,0],]]
[5085,7,6,[[5086,0],[5084,0],[4829,0],[5341,0],]]
[5086,9,6,[[5085,0],[5087,0],[4830,0],[4831,0],[5342,0],]]
[5087,11,6,[[5088,0],[5086,0],[4831,0],[5343,0],]]
[5088,12,7,[[5087,0],[5089,0],[4832,0],[4833,0],[5344,0],]]
[5089,16,7,[[5090,0],[5088,0],[4833,0],[5345,0],]]
[5090,18,7,[[5089,0],[5091,0],[4834,0],[4835,0],[5346,0],]]
[5091,11,7,[[5092,0],[5090,0],[4835,0],[5347,0],]]
[5092,13,7,[[5091,0],[5093,0],[4836,0],[4837,0],[5348,0],]]
[5093,8,7,[[5094,0],[5092,0],[4837,0],[5349,0],]]
[5094,4,7,[[5093,0],[5095,0],[4838,0],[4839,0],[5350,0],]]
[5095,3,7,[[5096,0],[5094,0],[4839,0],[5351,0],]]
[5096,5,7,[[5095,0],[5097,0],[4840,0],[4841,0],[5352,0],]]
[5097,17,7,[[5098,0],[5096,0],[4841,0],[5353,0],]]
[5098,19,7,[[5097,0],[5099,0],[4842,0],[4843,0],[5354,0],]]
[5099,7,7,[[5100,0],[5098,0],[4843,0],[5355,0],]]
[5100,8,7,[[5099,0],[5101,0],[4844,0],[4845,0],[5356,0],]]
[5101,5,7,[[5102,0],[5100,0],[4845,0],[5357,0],]]
[5102,10,7,[[5101,0],[5103,0],[4846,0],[4847,0],[5358,0],]]
[5103,5,7,[[5104,0],[5102,0],[4847,0],[5359,0],]]
[5104,10,7,[[5103,0],[5105,0],[4848,0],[4849,0],[5360,0],]]
[5105,8,7,[[5106,0],[5104,0],[4849,0],[5361,0],]]
[5106,3,7,[[5105,0],[5107,0],[4850,0],[4851,0],[5362,0],]]
[5107,15,7,[[5108,0],[5106,0],[4851,0],[5363,0],]]
[5108,1,7,[[5107,0],[5109,0],[4852,0],[4853,0],[5364,0],]]
[5109,13,7,[[5110,0],[5108,0],[4853,0],[5365,0],]]
[5110,6,7,[[5109,0],[5111,0],[4854,0],[4855,0],[5366,0],]]
[5111,12,7,[[5112,0],[5110,0],[4855,0],[5367,0],]]
[5112,8,7,[[5111,0],[5113,0],[4856,0],[4857,0],[5368,0],]]
[5113,17,7,[[5114,0],[5112,0],[4857,0],[5369,0],]]
[5114,14,7,[[5113,0],[5115,0],[4858,0],[4859,0],[5370,0],]]
[5115,17,7,[[5116,0],[5114,0],[4859,0],[5371,0],]]
[5116,1,7,[[5115,0],[5117,0],[4860,0],[4861,0],[5372,0],]]
[5117,15,7,[[5118,0],[5116,0],[4861,0],[5373,0],]]
[5118,7,7,[[5117,0],[5119,0],[4862,0],[4863,0],[5374,0],]]
[5119,15,7,[[5118,0],[4863,0],[5375,0],]]
[5120,17,0,[[5121,0],[5376,0],[4864,0],]]
[5121,3,0,[[5122,0],[5120,0],[5377,0],[5376,0],[4865,0],]]
[5122,8,0,[[5121,0],[5123,0],[5378,0],[4866,0],]]
[5123,12,0,[[5124,0],[5122,0],[5379,0],[5378,0],[4867,0],]]
[5124,19,0,[[5123,0],[5125,0],[5380,0],[4868,0],]]
[5125,8,0,[[5126,0],[5124,0],[5381,0],[5380,0],[4869,0],]]
[5126,18,0,[[5125,0],[5127,0],[5382,0],[4870,0],]]
[5127,18,0,[[5128,0],[5126,0],[5383,0],[5382,0],[4871,0],]]
[5128,1,0,[[5127,0],[5129,0],[5384,0],[4872,0],]]
[5129,1,0,[[5130,0],[5128,0],[5385,0],[5384,0],[4873,0],]]
[5130,2,0,[[5129,0],[5131,0],[5386,0],[4874,0],]]
[5131,7,0,[[5132,0],[5130,0],[5387,0],[5386,0],[4875,0],]]
[5132,11,0,[[5131,0],[5133,0],[5388,0],[4876,0],]]
[5133,8,0,[[5134,0],[5132,0],[5389,0],[5388,0],[4877,0],]]
[5134,16,0,[[5133,0],[5135,0],[5390,0],[4878,0],]]
[5135,7,0,[[5136,0],[5134,0],[5391,0],[5390,0],[4879,0],]]
[5136,10,0,[[5135,0],[5137,0],[5392,0],[4880,0],]]
[5137,3,0,[[5138,0],[5136,0],[5393,0],[5392,0],[4881,0],]]
[5138,8,0,[[5137,0],[5139,0],[5394,0],[4882,0],]]
[5139,3,0,[[5140,0],[5138,0],[5395,0],[5394,0],[4883,0],]]
[5140,9,0,[[5139,0],[5141,0],[5396,0],[4884,0],]]
[5141,8,0,[[5142,0],[5140,0],[5397,0],[5396,0],[4885,0],]]
[5142,6,0,[[5141,0],[5143,0],[5398,0],[4886,0],]]
[5143,9,0,[[5144,0],[5142,0],[5399,0],[5398,0],[4887,0],]]
[5144,8,0,[[5143,0],[5145,0],[5400,0],[4888,0],]]
[5145,3,0,[[5146,0],[5144,0],[5401,0],[5400,0],[4889,0],]]
[5146,12,0,[[5145,0],[5147,0],[5402,0],[4890,0],]]
[5147,2,0,[[5148,0],[5146,0],[5403,0],[5402,0],[4891,0],]]
[5148,6,0,[[5147,0],[5149,0],[5404,0],[4892,0],]]
[5149,2,0,[[5150,0],[5148,0],[5405,0],[5404,0],[4893,0],]]
[5150,9,0,[[5149,0],[5151,0],[5406,0],[4894,0],]]
[5151,10,0,[[5152,0],[5150,0],[5407,0],[5406,0],[4895,0],]]
[5152,5,1,[[5151,0],[5153,0],[5408,0],[4896,0],]]
[5153,3,1,[[5154,0],[5152,0],[5409,0],[5408,0],[4897,0],]]
[5154,18,1,[[5153,0],[5155,0],[5410,0],[4898,0],]]
[5155,19,1,[[5156,0],[5154,0],[5411,0],[5410,0],[4899,0],]]
[5156,19,1,[[5155,0],[5157,0],[5412,0],[4900,0],]]
[5157,1,1,[[5158,0],[5156,0],[5413,0],[5412,0],[4901,0],]]
[5158,18,1,[[5157,0],[5159,0],[5414,0],[4902,0],]]
[5159,6,1,[[5160,0],[5158,0],[5415,0],[5414,0],[4903,0],]]
[5160,18,1,[[5159,0],[5161,0],[5416,0],[4904,0],]]
[5161,14,1,[[5162,0],[5160,0],[5417,0],[5416,0],[4905,0],]]
[5162,11,1,[[5161,0],[5163,0],[5418,0],[4906,0],]]
[5163,10,1,[[5164,0],[5162,0],[5419,0],[5418,0],[4907,0],]]
[5164,10,1,[[5163,0],[5165,0],[5420,0],[4908,0],]]
[5165,18,1,[[5166,0],[5164,0],[5421,0],[5420,0],[4909,0],]]
[5166,5,1,[[5165,0],[5167,0],[5422,0],[4910,0],]]
[5167,6,1,[[5168,0],[5166,0],[5423,0],[5422,0],[4911,0],]]
[5168,7,1,[[5167,0],[5169,0],[5424,0],[4912,0],]]
[5169,5,1,[[5170,0],[5168,0],[5425,0],[5424,0],[4913,0],]]
[5170,10,1,[[5169,0],[5171,0],[5426,0],[4914,0],]]
[5171,5,1,[[5172,0],[5170,0],[5427,0],[5426,0],[4915,0],]]
[5172,9,1,[[5171,0],[5173,0],[5428,0],[4916,0],]]
[5173,2,1,[[5174,0],[5172,0],[5429,0],[5428,0],[4917,0],]]
[5174,19,1,[[5173,0],[5175,0],[5430,0],[4918,0],]]
[5175,5,1,[[5176,0],[5174,0],[5431,0],[5430,0],[4919,0],]]
[5176,19,1,[[5175,0],[5177,0],[5432,0],[4920,0],]]
[5177,13,1,[[5178,0],[5176,0],[5433,0],[5432,0],[4921,0],]]
[5178,11,1,[[5177,0],[5179,0],[5434,0],[4922,0],]]
[5179,7,1,[[5180,0],[5178,0],[5435,0],[5434,0],[4923,0],]]
[5180,17,1,[[5179,0],[5181,0],[5436,0],[4924,0],]]
[5181,16,1,[[5182,0],[5180,0],[5437,0],[5436,0],[4925,0],]]
[5182,2,1,[[5181,0],[5183,0],[5438,0],[4926,0],]]
[5183,2,1,[[5184,0],[5182,0],[5439,0],[5438,0],[4927,0],]]
[5184,2,2,[[5183,0],[5185,0],[5440,0],[4928,0],]]
[5185,4,2,[[5186,0],[5184,0],[5441,0],[5440,0],[4929,0],]]
[5186,2,2,[[5185,0],[5187,0],[5442,0],[4930,0],]]
[5187,11,2,[[5188,0],[5186,0],[5443,0],[5442,0],[4931,0],]]
[5188,11,2,[[5187,0],[5189,0],[5444,0],[4932,0],]]
[5189,3,2,[[5190,0],[5188,0],[5445,0],[5444,0],[4933,0],]]
[5190,19,2,[[5189,0],[5191,0],[5446,0],[4934,0],]]
[5191,11,2,[[5192,0],[5190,0],[5447,0],[5446,0],[4935,0],]]
[5192,15,2,[[5191,0],[5193,0],[5448,0],[4936,0],]]
[5193,5,2,[[5194,0],[5192,0],[5449,0],[5448,0],[4937,0],]]
[5194,18,2,[[5193,0],[5195,0],[5450,0],[4938,0],]]
[5195,12,2,[[5196,0],[5194,0],[5451,0],[5450,0],[4939,0],]]
[5196,14,2,[[5195,0],[5197,0],[5452,0],[4940,0],]]
[5197,19,2,[[5198,0],[5196,0],[5453,0],[5452,0],[4941,0],]]
[5198,13,2,[[5197,0],[5199,0],[5454,0],[4942,0],]]
[5199,4,2,[[5200,0],[5198,0],[5455,0],[5454,0],[4943,0],]]
[5200,10,2,[[5199,0],[5201,0],[5456,0],[4944,0],]]
[5201,3,2,[[5202,0],[5200,0],[5457,0],[5456,0],[4945,0],]]
[5202,5,2,[[5201,0],[5203,0],[5458,0],[4946,0],]]
[5203,10,2,[[5204,0],[5202,0],[5459,0],[5458,0],[4947,0],]]
[5204,1,2,[[5203,0],[5205,0],[5460,0],[4948,0],]]
[5205,1,2,[[5206,0],[5204,0],[5461,0],[5460,0],[4949,0],]]
[5206,14,2,[[5205,0],[5207,0],[5462,0],[4950,0],]]
[5207,13,2,[[5208,0],[5206,0],[5463,0],[5462,0],[4951,0],]]
[5208,6,2,[[5207,0],[5209,0],[5464,0],[4952,0],]]
[5209,4,2,[[5210,0],[5208,0],[5465,0],[5464,0],[4953,0],]]
[5210,18,2,[[5209,0],[5211,0],[5466,0],[4954,0],]]
[5211,12,2,[[5212,0],[5210,0],[5467,0],[5466,0],[4955,0],]]
[5212,3,2,[[5211,0],[5213,0],[5468,0],[4956,0],]]
[5213,1,2,[[5214,0],[5212,0],[5469,0],[5468,0],[4957,0],]]
[5214,8,2,[[5213,0],[5215,0],[5470,0],[4958,0],]]
[5215,17,2,[[5216,0],[5214,0],[5471,0],[5470,0],[4959,0],]]
[5216,17,3,[[5215,0],[5217,0],[5472,0],[4960,0],]]
[5217,9,3,[[5218,0],[5216,0],[5473,0],[5472,0],[4961,0],]]
[5218,15,3,[[5217,0],[5219,0],[5474,0],[4962,0],]]
[5219,5,3,[[5220,0],[5218,0],[5475,0],[5474,0],[4963,0],]]
[5220,10,3,[[5219,0],[5221,0],[5476,0],[4964,0],]]
[5221,13,3,[[5222,0],[5220,0],[5477,0],[5476,0],[4965,0],]]
[5222,5,3,[[5221,0],[5223,0],[5478,0],[4966,0],]]
[5223,15,3,[[5224,0],[5222,0],[5479,0],[5478,0],[4967,0],]]
[5224,4,3,[[5223,0],[5225,0],[5480,0],[4968,0],]]
[5225,3,3,[[5226,0],[5224,0],[5481,0],[5480,0],[4969,0],]]
[5226,3,3,[[5225,0],[5227,0],[5482,0],[4970,0],]]
[5227,8,3,[[5228,0],[5226,0],[5483,0],[5482,0],[4971,0],]]
[5228,1,3,[[5227,0],[5229,0],[5484,0],[4972,0],]]
[5229,2,3,[[5230,0],[5228,0],[5485,0],[5484,0],[4973,0],]]
[5230,13,3,[[5229,0],[5231,0],[5486,0],[4974,0],]]
[5231,9,3,[[5232,0],[5230,0],[5487,0],[5486,0],[4975,0],]]
[5232,2,3,[[5231,0],[5233,0],[5488,0],[4976,0],]]
[5233,12,3,[[5234,0],[5232,0],[5489,0],[5488,0],[4977,0],]]
[5234,9,3,[[5233,0],[5235,0],[5490,0],[4978,0],]]
[5235,5,3,[[5236,0],[5234,0],[5491,0],[5490,0],[4979,0],]]
[5236,19,3,[[5235,0],[5237,0],[5492,0],[4980,0],]]
[5237,11,3,[[5238,0],[5236,0],[5493,0],[5492,0],[4981,0],]]
[5238,10,3,[[5237,0],[5239,0],[5494,0],[4982,0],]]
[5239,1,3,[[5240,0],[5238,0],[5495,0],[5494,0],[4983,0],]]
[5240,9,3,[[5239,0],[5241,0],[5496,0],[4984,0],]]
[5241,1,3,[[5242,0],[5240,0],[5497,0],[5496,0],[4985,0],]]
