[47185,7,42,[[47186,0],[47184,0],[47441,0],[47440,0],[46929,0],]]
[47186,10,42,[[47185,0],[47187,0],[47442,0],[46930,0],]]
[47187,8,42,[[47188,0],[47186,0],[47443,0],[47442,0],[46931,0],]]
[47188,2,42,[[47187,0],[47189,0],[47444,0],[46932,0],]]
[47189,10,42,[[47190,0],[47188,0],[47445,0],[47444,0],[46933,0],]]
[47190,15,42,[[47189,0],[47191,0],[47446,0],[46934,0],]]
[47191,12,42,[[47192,0],[47190,0],[47447,0],[47446,0],[46935,0],]]
[47192,13,42,[[47191,0],[47193,0],[47448,0],[46936,0],]]
[47193,16,42,[[47194,0],[47192,0],[47449,0],[47448,0],[46937,0],]]
[47194,8,42,[[47193,0],[47195,0],[47450,0],[46938,0],]]
[47195,14,42,[[47196,0],[47194,0],[47451,0],[47450,0],[46939,0],]]
[47196,13,42,[[47195,0],[47197,0],[47452,0],[46940,0],]]
[47197,14,42,[[47198,0],[47196,0],[47453,0],[47452,0],[46941,0],]]
[47198,5,42,[[47197,0],[47199,0],[47454,0],[46942,0],]]
[47199,5,42,[[47200,0],[47198,0],[47455,0],[47454,0],[46943,0],]]
[47200,3,43,[[47199,0],[47201,0],[47456,0],[46944,0],]]
[47201,1,43,[[47202,0],[47200,0],[47457,0],[47456,0],[46945,0],]]
[47202,19,43,[[47201,0],[47203,0],[47458,0],[46946,0],]]
[47203,10,43,[[47204,0],[47202,0],[47459,0],[47458,0],[46947,0],]]
[47204,7,43,[[47203,0],[47205,0],[47460,0],[46948,0],]]
[47205,18,43,[[47206,0],[47204,0],[47461,0],[47460,0],[46949,0],]]
[47206,16,43,[[47205,0],[47207,0],[47462,0],[46950,0],]]
[47207,18,43,[[47208,0],[47206,0],[47463,0],[47462,0],[46951,0],]]
[47208,14,43,[[47207,0],[47209,0],[47464,0],[46952,0],]]
[47209,18,43,[[47210,0],[47208,0],[47465,0],[47464,0],[46953,0],]]
[47210,15,43,[[47209,0],[47211,0],[47466,0],[46954,0],]]
[47211,13,43,[[47212,0],[47210,0],[47467,0],[47466,0],[46955,0],]]
[47212,7,43,[[47211,0],[47213,0],[47468,0],[46956,0],]]
[47213,5,43,[[47214,0],[47212,0],[47469,0],[47468,0],[46957,0],]]
[47214,16,43,[[47213,0],[47215,0],[47470,0],[46958,0],]]
[47215,15,43,[[47216,0],[47214,0],[47471,0],[47470,0],[46959,0],]]
[47216,15,43,[[47215,0],[47217,0],[47472,0],[46960,0],]]
[47217,15,43,[[47218,0],[47216,0],[47473,0],[47472,0],[46961,0],]]
[47218,2,43,[[47217,0],[47219,0],[47474,0],[46962,0],]]
[47219,9,43,[[47220,0],[47218,0],[47475,0],[47474,0],[46963,0],]]
[47220,15,43,[[47219,0],[47221,0],[47476,0],[46964,0],]]
[47221,3,43,[[47222,0],[47220,0],[47477,0],[47476,0],[46965,0],]]
[47222,8,43,[[47221,0],[47223,0],[47478,0],[46966,0],]]
[47223,8,43,[[47224,0],[47222,0],[47479,0],[47478,0],[46967,0],]]
[47224,4,43,[[47223,0],[47225,0],[47480,0],[46968,0],]]
[47225,4,43,[[47226,0],[47224,0],[47481,0],[47480,0],[46969,0],]]
[47226,2,43,[[47225,0],[47227,0],[47482,0],[46970,0],]]
[47227,19,43,[[47228,0],[47226,0],[47483,0],[47482,0],[46971,0],]]
[47228,13,43,[[47227,0],[47229,0],[47484,0],[46972,0],]]
[47229,11,43,[[47230,0],[47228,0],[47485,0],[47484,0],[46973,0],]]
[47230,6,43,[[47229,0],[47231,0],[47486,0],[46974,0],]]
[47231,10,43,[[47232,0],[47230,0],[47487,0],[47486,0],[46975,0],]]
[47232,8,44,[[47231,0],[47233,0],[47488,0],[46976,0],]]
[47233,16,44,[[47234,0],[47232,0],[47489,0],[47488,0],[46977,0],]]
[47234,12,44,[[47233,0],[47235,0],[47490,0],[46978,0],]]
[47235,9,44,[[47236,0],[47234,0],[47491,0],[47490,0],[46979,0],]]
[47236,9,44,[[47235,0],[47237,0],[47492,0],[46980,0],]]
[47237,5,44,[[47238,0],[47236,0],[47493,0],[47492,0],[46981,0],]]
[47238,2,44,[[47237,0],[47239,0],[47494,0],[46982,0],]]
[47239,12,44,[[47240,0],[47238,0],[47495,0],[47494,0],[46983,0],]]
[47240,7,44,[[47239,0],[47241,0],[47496,0],[46984,0],]]
[47241,1,44,[[47242,0],[47240,0],[47497,0],[47496,0],[46985,0],]]
[47242,7,44,[[47241,0],[47243,0],[47498,0],[46986,0],]]
[47243,11,44,[[47244,0],[47242,0],[47499,0],[47498,0],[46987,0],]]
[47244,15,44,[[47243,0],[47245,0],[47500,0],[46988,0],]]
[47245,15,44,[[47246,0],[47244,0],[47501,0],[47500,0],[46989,0],]]
[47246,2,44,[[47245,0],[47247,0],[47502,0],[46990,0],]]
[47247,2,44,[[47248,0],[47246,0],[47503,0],[47502,0],[46991,0],]]
[47248,19,44,[[47247,0],[47249,0],[47504,0],[46992,0],]]
[47249,9,44,[[47250,0],[47248,0],[47505,0],[47504,0],[46993,0],]]
[47250,10,44,[[47249,0],[47251,0],[47506,0],[46994,0],]]
[47251,12,44,[[47252,0],[47250,0],[47507,0],[47506,0],[46995,0],]]
[47252,15,44,[[47251,0],[47253,0],[47508,0],[46996,0],]]
[47253,9,44,[[47254,0],[47252,0],[47509,0],[47508,0],[46997,0],]]
[47254,8,44,[[47253,0],[47255,0],[47510,0],[46998,0],]]
[47255,16,44,[[47256,0],[47254,0],[47511,0],[47510,0],[46999,0],]]
[47256,7,44,[[47255,0],[47257,0],[47512,0],[47000,0],]]
[47257,6,44,[[47258,0],[47256,0],[47513,0],[47512,0],[47001,0],]]
[47258,1,44,[[47257,0],[47259,0],[47514,0],[47002,0],]]
[47259,3,44,[[47260,0],[47258,0],[47515,0],[47514,0],[47003,0],]]
[47260,4,44,[[47259,0],[47261,0],[47516,0],[47004,0],]]
[47261,12,44,[[47262,0],[47260,0],[47517,0],[47516,0],[47005,0],]]
[47262,18,44,[[47261,0],[47263,0],[47518,0],[47006,0],]]
[47263,3,44,[[47264,0],[47262,0],[47519,0],[47518,0],[47007,0],]]
[47264,3,45,[[47263,0],[47265,0],[47520,0],[47008,0],]]
[47265,8,45,[[47266,0],[47264,0],[47521,0],[47520,0],[47009,0],]]
[47266,16,45,[[47265,0],[47267,0],[47522,0],[47010,0],]]
[47267,13,45,[[47268,0],[47266,0],[47523,0],[47522,0],[47011,0],]]
[47268,17,45,[[47267,0],[47269,0],[47524,0],[47012,0],]]
[47269,7,45,[[47270,0],[47268,0],[47525,0],[47524,0],[47013,0],]]
[47270,11,45,[[47269,0],[47271,0],[47526,0],[47014,0],]]
[47271,12,45,[[47272,0],[47270,0],[47527,0],[47526,0],[47015,0],]]
[47272,10,45,[[47271,0],[47273,0],[47528,0],[47016,0],]]
[47273,11,45,[[47274,0],[47272,0],[47529,0],[47528,0],[47017,0],]]
[47274,4,45,[[47273,0],[47275,0],[47530,0],[47018,0],]]
[47275,12,45,[[47276,0],[47274,0],[47531,0],[47530,0],[47019,0],]]
[47276,13,45,[[47275,0],[47277,0],[47532,0],[47020,0],]]
[47277,4,45,[[47278,0],[47276,0],[47533,0],[47532,0],[47021,0],]]
[47278,14,45,[[47277,0],[47279,0],[47534,0],[47022,0],]]
[47279,12,45,[[47280,0],[47278,0],[47535,0],[47534,0],[47023,0],]]
[47280,1,45,[[47279,0],[47281,0],[47536,0],[47024,0],]]
[47281,9,45,[[47282,0],[47280,0],[47537,0],[47536,0],[47025,0],]]
[47282,6,45,[[47281,0],[47283,0],[47538,0],[47026,0],]]
[47283,15,45,[[47284,0],[47282,0],[47539,0],[47538,0],[47027,0],]]
[47284,1,45,[[47283,0],[47285,0],[47540,0],[47028,0],]]
[47285,19,45,[[47286,0],[47284,0],[47541,0],[47540,0],[47029,0],]]
[47286,4,45,[[47285,0],[47287,0],[47542,0],[47030,0],]]
[47287,9,45,[[47288,0],[47286,0],[47543,0],[47542,0],[47031,0],]]
[47288,11,45,[[47287,0],[47289,0],[47544,0],[47032,0],]]
[47289,5,45,[[47290,0],[47288,0],[47545,0],[47544,0],[47033,0],]]
[47290,7,45,[[47289,0],[47291,0],[47546,0],[47034,0],]]
[47291,12,45,[[47292,0],[47290,0],[47547,0],[47546,0],[47035,0],]]
[47292,12,45,[[47291,0],[47293,0],[47548,0],[47036,0],]]
[47293,3,45,[[47294,0],[47292,0],[47549,0],[47548,0],[47037,0],]]
[47294,14,45,[[47293,0],[47295,0],[47550,0],[47038,0],]]
[47295,3,45,[[47296,0],[47294,0],[47551,0],[47550,0],[47039,0],]]
[47296,3,46,[[47295,0],[47297,0],[47552,0],[47040,0],]]
[47297,7,46,[[47298,0],[47296,0],[47553,0],[47552,0],[47041,0],]]
[47298,13,46,[[47297,0],[47299,0],[47554,0],[47042,0],]]
[47299,10,46,[[47300,0],[47298,0],[47555,0],[47554,0],[47043,0],]]
[47300,4,46,[[47299,0],[47301,0],[47556,0],[47044,0],]]
[47301,17,46,[[47302,0],[47300,0],[47557,0],[47556,0],[47045,0],]]
[47302,2,46,[[47301,0],[47303,0],[47558,0],[47046,0],]]
[47303,4,46,[[47304,0],[47302,0],[47559,0],[47558,0],[47047,0],]]
[47304,6,46,[[47303,0],[47305,0],[47560,0],[47048,0],]]
[47305,18,46,[[47306,0],[47304,0],[47561,0],[47560,0],[47049,0],]]
[47306,3,46,[[47305,0],[47307,0],[47562,0],[47050,0],]]
[47307,16,46,[[47308,0],[47306,0],[47563,0],[47562,0],[47051,0],]]
[47308,13,46,[[47307,0],[47309,0],[47564,0],[47052,0],]]
[47309,15,46,[[47310,0],[47308,0],[47565,0],[47564,0],[47053,0],]]
[47310,18,46,[[47309,0],[47311,0],[47566,0],[47054,0],]]
[47311,19,46,[[47312,0],[47310,0],[47567,0],[47566,0],[47055,0],]]
[47312,11,46,[[47311,0],[47313,0],[47568,0],[47056,0],]]
[47313,2,46,[[47314,0],[47312,0],[47569,0],[47568,0],[47057,0],]]
[47314,1,46,[[47313,0],[47315,0],[47570,0],[47058,0],]]
[47315,2,46,[[47316,0],[47314,0],[47571,0],[47570,0],[47059,0],]]
[47316,3,46,[[47315,0],[47317,0],[47572,0],[47060,0],]]
[47317,4,46,[[47318,0],[47316,0],[47573,0],[47572,0],[47061,0],]]
[47318,8,46,[[47317,0],[47319,0],[47574,0],[47062,0],]]
[47319,6,46,[[47320,0],[47318,0],[47575,0],[47574,0],[47063,0],]]
[47320,11,46,[[47319,0],[47321,0],[47576,0],[47064,0],]]
[47321,17,46,[[47322,0],[47320,0],[47577,0],[47576,0],[47065,0],]]
[47322,3,46,[[47321,0],[47323,0],[47578,0],[47066,0],]]
[47323,14,46,[[47324,0],[47322,0],[47579,0],[47578,0],[47067,0],]]
[47324,14,46,[[47323,0],[47325,0],[47580,0],[47068,0],]]
[47325,12,46,[[47326,0],[47324,0],[47581,0],[47580,0],[47069,0],]]
[47326,18,46,[[47325,0],[47327,0],[47582,0],[47070,0],]]
[47327,18,46,[[47328,0],[47326,0],[47583,0],[47582,0],[47071,0],]]
[47328,4,47,[[47327,0],[47329,0],[47584,0],[47072,0],]]
[47329,11,47,[[47330,0],[47328,0],[47585,0],[47584,0],[47073,0],]]
[47330,4,47,[[47329,0],[47331,0],[47586,0],[47074,0],]]
[47331,8,47,[[47332,0],[47330,0],[47587,0],[47586,0],[47075,0],]]
[47332,10,47,[[47331,0],[47333,0],[47588,0],[47076,0],]]
[47333,2,47,[[47334,0],[47332,0],[47589,0],[47588,0],[47077,0],]]
[47334,16,47,[[47333,0],[47335,0],[47590,0],[47078,0],]]
[47335,3,47,[[47336,0],[47334,0],[47591,0],[47590,0],[47079,0],]]
[47336,18,47,[[47335,0],[47337,0],[47592,0],[47080,0],]]
[47337,14,47,[[47338,0],[47336,0],[47593,0],[47592,0],[47081,0],]]
[47338,14,47,[[47337,0],[47339,0],[47594,0],[47082,0],]]
[47339,18,47,[[47340,0],[47338,0],[47595,0],[47594,0],[47083,0],]]
[47340,7,47,[[47339,0],[47341,0],[47596,0],[47084,0],]]
[47341,14,47,[[47342,0],[47340,0],[47597,0],[47596,0],[47085,0],]]
[47342,19,47,[[47341,0],[47343,0],[47598,0],[47086,0],]]
[47343,18,47,[[47344,0],[47342,0],[47599,0],[47598,0],[47087,0],]]
[47344,10,47,[[47343,0],[47345,0],[47600,0],[47088,0],]]
[47345,16,47,[[47346,0],[47344,0],[47601,0],[47600,0],[47089,0],]]
[47346,9,47,[[47345,0],[47347,0],[47602,0],[47090,0],]]
[47347,9,47,[[47348,0],[47346,0],[47603,0],[47602,0],[47091,0],]]
[47348,18,47,[[47347,0],[47349,0],[47604,0],[47092,0],]]
[47349,19,47,[[47350,0],[47348,0],[47605,0],[47604,0],[47093,0],]]
[47350,15,47,[[47349,0],[47351,0],[47606,0],[47094,0],]]
[47351,4,47,[[47352,0],[47350,0],[47607,0],[47606,0],[47095,0],]]
[47352,7,47,[[47351,0],[47353,0],[47608,0],[47096,0],]]
[47353,12,47,[[47354,0],[47352,0],[47609,0],[47608,0],[47097,0],]]
[47354,16,47,[[47353,0],[47355,0],[47610,0],[47098,0],]]
[47355,5,47,[[47356,0],[47354,0],[47611,0],[47610,0],[47099,0],]]
[47356,7,47,[[47355,0],[47357,0],[47612,0],[47100,0],]]
[47357,17,47,[[47358,0],[47356,0],[47613,0],[47612,0],[47101,0],]]
[47358,11,47,[[47357,0],[47359,0],[47614,0],[47102,0],]]
[47359,7,47,[[47358,0],[47615,0],[47614,0],[47103,0],]]
[47360,6,40,[[47361,0],[47104,0],[47105,0],[47616,0],]]
[47361,19,40,[[47362,0],[47360,0],[47105,0],[47617,0],]]
[47362,9,40,[[47361,0],[47363,0],[47106,0],[47107,0],[47618,0],]]
[47363,15,40,[[47364,0],[47362,0],[47107,0],[47619,0],]]
[47364,13,40,[[47363,0],[47365,0],[47108,0],[47109,0],[47620,0],]]
[47365,6,40,[[47366,0],[47364,0],[47109,0],[47621,0],]]
[47366,1,40,[[47365,0],[47367,0],[47110,0],[47111,0],[47622,0],]]
[47367,16,40,[[47368,0],[47366,0],[47111,0],[47623,0],]]
[47368,6,40,[[47367,0],[47369,0],[47112,0],[47113,0],[47624,0],]]
[47369,16,40,[[47370,0],[47368,0],[47113,0],[47625,0],]]
[47370,18,40,[[47369,0],[47371,0],[47114,0],[47115,0],[47626,0],]]
[47371,12,40,[[47372,0],[47370,0],[47115,0],[47627,0],]]
[47372,10,40,[[47371,0],[47373,0],[47116,0],[47117,0],[47628,0],]]
[47373,16,40,[[47374,0],[47372,0],[47117,0],[47629,0],]]
[47374,5,40,[[47373,0],[47375,0],[47118,0],[47119,0],[47630,0],]]
[47375,11,40,[[47376,0],[47374,0],[47119,0],[47631,0],]]
[47376,19,40,[[47375,0],[47377,0],[47120,0],[47121,0],[47632,0],]]
[47377,1,40,[[47378,0],[47376,0],[47121,0],[47633,0],]]
[47378,10,40,[[47377,0],[47379,0],[47122,0],[47123,0],[47634,0],]]
[47379,17,40,[[47380,0],[47378,0],[47123,0],[47635,0],]]
[47380,15,40,[[47379,0],[47381,0],[47124,0],[47125,0],[47636,0],]]
[47381,14,40,[[47382,0],[47380,0],[47125,0],[47637,0],]]
[47382,14,40,[[47381,0],[47383,0],[47126,0],[47127,0],[47638,0],]]
[47383,13,40,[[47384,0],[47382,0],[47127,0],[47639,0],]]
[47384,13,40,[[47383,0],[47385,0],[47128,0],[47129,0],[47640,0],]]
[47385,19,40,[[47386,0],[47384,0],[47129,0],[47641,0],]]
[47386,8,40,[[47385,0],[47387,0],[47130,0],[47131,0],[47642,0],]]
[47387,2,40,[[47388,0],[47386,0],[47131,0],[47643,0],]]
[47388,4,40,[[47387,0],[47389,0],[47132,0],[47133,0],[47644,0],]]
[47389,6,40,[[47390,0],[47388,0],[47133,0],[47645,0],]]
[47390,1,40,[[47389,0],[47391,0],[47134,0],[47135,0],[47646,0],]]
[47391,6,40,[[47392,0],[47390,0],[47135,0],[47647,0],]]
[47392,10,41,[[47391,0],[47393,0],[47136,0],[47137,0],[47648,0],]]
[47393,12,41,[[47394,0],[47392,0],[47137,0],[47649,0],]]
[47394,4,41,[[47393,0],[47395,0],[47138,0],[47139,0],[47650,0],]]
[47395,4,41,[[47396,0],[47394,0],[47139,0],[47651,0],]]
[47396,1,41,[[47395,0],[47397,0],[47140,0],[47141,0],[47652,0],]]
[47397,8,41,[[47398,0],[47396,0],[47141,0],[47653,0],]]
[47398,1,41,[[47397,0],[47399,0],[47142,0],[47143,0],[47654,0],]]
[47399,6,41,[[47400,0],[47398,0],[47143,0],[47655,0],]]
[47400,19,41,[[47399,0],[47401,0],[47144,0],[47145,0],[47656,0],]]
[47401,10,41,[[47402,0],[47400,0],[47145,0],[47657,0],]]
[47402,18,41,[[47401,0],[47403,0],[47146,0],[47147,0],[47658,0],]]
[47403,17,41,[[47404,0],[47402,0],[47147,0],[47659,0],]]
[47404,3,41,[[47403,0],[47405,0],[47148,0],[47149,0],[47660,0],]]
[47405,4,41,[[47406,0],[47404,0],[47149,0],[47661,0],]]
[47406,5,41,[[47405,0],[47407,0],[47150,0],[47151,0],[47662,0],]]
[47407,4,41,[[47408,0],[47406,0],[47151,0],[47663,0],]]
[47408,6,41,[[47407,0],[47409,0],[47152,0],[47153,0],[47664,0],]]
[47409,18,41,[[47410,0],[47408,0],[47153,0],[47665,0],]]
[47410,5,41,[[47409,0],[47411,0],[47154,0],[47155,0],[47666,0],]]
[47411,16,41,[[47412,0],[47410,0],[47155,0],[47667,0],]]
[47412,19,41,[[47411,0],[47413,0],[47156,0],[47157,0],[47668,0],]]
[47413,11,41,[[47414,0],[47412,0],[47157,0],[47669,0],]]
[47414,18,41,[[47413,0],[47415,0],[47158,0],[47159,0],[47670,0],]]
[47415,5,41,[[47416,0],[47414,0],[47159,0],[47671,0],]]
[47416,9,41,[[47415,0],[47417,0],[47160,0],[47161,0],[47672,0],]]
[47417,10,41,[[47418,0],[47416,0],[47161,0],[47673,0],]]
[47418,17,41,[[47417,0],[47419,0],[47162,0],[47163,0],[47674,0],]]
[47419,2,41,[[47420,0],[47418,0],[47163,0],[47675,0],]]
[47420,18,41,[[47419,0],[47421,0],[47164,0],[47165,0],[47676,0],]]
[47421,1,41,[[47422,0],[47420,0],[47165,0],[47677,0],]]
[47422,19,41,[[47421,0],[47423,0],[47166,0],[47167,0],[47678,0],]]
[47423,19,41,[[47424,0],[47422,0],[47167,0],[47679,0],]]
[47424,13,42,[[47423,0],[47425,0],[47168,0],[47169,0],[47680,0],]]
[47425,17,42,[[47426,0],[47424,0],[47169,0],[47681,0],]]
[47426,4,42,[[47425,0],[47427,0],[47170,0],[47171,0],[47682,0],]]
[47427,10,42,[[47428,0],[47426,0],[47171,0],[47683,0],]]
[47428,19,42,[[47427,0],[47429,0],[47172,0],[47173,0],[47684,0],]]
[47429,11,42,[[47430,0],[47428,0],[47173,0],[47685,0],]]
[47430,18,42,[[47429,0],[47431,0],[47174,0],[47175,0],[47686,0],]]
[47431,14,42,[[47432,0],[47430,0],[47175,0],[47687,0],]]
[47432,2,42,[[47431,0],[47433,0],[47176,0],[47177,0],[47688,0],]]
[47433,3,42,[[47434,0],[47432,0],[47177,0],[47689,0],]]
[47434,7,42,[[47433,0],[47435,0],[47178,0],[47179,0],[47690,0],]]
[47435,9,42,[[47436,0],[47434,0],[47179,0],[47691,0],]]
[47436,19,42,[[47435,0],[47437,0],[47180,0],[47181,0],[47692,0],]]
[47437,16,42,[[47438,0],[47436,0],[47181,0],[47693,0],]]
[47438,11,42,[[47437,0],[47439,0],[47182,0],[47183,0],[47694,0],]]
[47439,2,42,[[47440,0],[47438,0],[47183,0],[47695,0],]]
[47440,4,42,[[47439,0],[47441,0],[47184,0],[47185,0],[47696,0],]]
[47441,8,42,[[47442,0],[47440,0],[47185,0],[47697,0],]]
[47442,6,42,[[47441,0],[47443,0],[47186,0],[47187,0],[47698,0],]]
[47443,4,42,[[47444,0],[47442,0],[47187,0],[47699,0],]]
[47444,2,42,[[47443,0],[47445,0],[47188,0],[47189,0],[47700,0],]]
[47445,17,42,[[47446,0],[47444,0],[47189,0],[47701,0],]]
[47446,2,42,[[47445,0],[47447,0],[47190,0],[47191,0],[47702,0],]]
[47447,17,42,[[47448,0],[47446,0],[47191,0],[47703,0],]]
[47448,16,42,[[47447,0],[47449,0],[47192,0],[47193,0],[47704,0],]]
[47449,15,42,[[47450,0],[47448,0],[47193,0],[47705,0],]]
[47450,6,42,[[47449,0],[47451,0],[47194,0],[47195,0],[47706,0],]]
[47451,4,42,[[47452,0],[47450,0],[47195,0],[47707,0],]]
[47452,4,42,[[47451,0],[47453,0],[47196,0],[47197,0],[47708,0],]]
[47453,8,42,[[47454,0],[47452,0],[47197,0],[47709,0],]]
[47454,19,42,[[47453,0],[47455,0],[47198,0],[47199,0],[47710,0],]]
[47455,10,42,[[47456,0],[47454,0],[47199,0],[47711,0],]]
[47456,3,43,[[47455,0],[47457,0],[47200,0],[47201,0],[47712,0],]]
[47457,6,43,[[47458,0],[47456,0],[47201,0],[47713,0],]]
[47458,12,43,[[47457,0],[47459,0],[47202,0],[47203,0],[47714,0],]]
[47459,5,43,[[47460,0],[47458,0],[47203,0],[47715,0],]]
[47460,14,43,[[47459,0],[47461,0],[47204,0],[47205,0],[47716,0],]]
[47461,6,43,[[47462,0],[47460,0],[47205,0],[47717,0],]]
[47462,12,43,[[47461,0],[47463,0],[47206,0],[47207,0],[47718,0],]]
[47463,10,43,[[47464,0],[47462,0],[47207,0],[47719,0],]]
[47464,17,43,[[47463,0],[47465,0],[47208,0],[47209,0],[47720,0],]]
[47465,14,43,[[47466,0],[47464,0],[47209,0],[47721,0],]]
[47466,4,43,[[47465,0],[47467,0],[47210,0],[47211,0],[47722,0],]]
[47467,16,43,[[47468,0],[47466,0],[47211,0],[47723,0],]]
[47468,17,43,[[47467,0],[47469,0],[47212,0],[47213,0],[47724,0],]]
[47469,8,43,[[47470,0],[47468,0],[47213,0],[47725,0],]]
[47470,19,43,[[47469,0],[47471,0],[47214,0],[47215,0],[47726,0],]]
[47471,9,43,[[47472,0],[47470,0],[47215,0],[47727,0],]]
[47472,8,43,[[47471,0],[47473,0],[47216,0],[47217,0],[47728,0],]]
[47473,19,43,[[47474,0],[47472,0],[47217,0],[47729,0],]]
[47474,13,43,[[47473,0],[47475,0],[47218,0],[47219,0],[47730,0],]]
[47475,13,43,[[47476,0],[47474,0],[47219,0],[47731,0],]]
[47476,10,43,[[47475,0],[47477,0],[47220,0],[47221,0],[47732,0],]]
[47477,3,43,[[47478,0],[47476,0],[47221,0],[47733,0],]]
[47478,9,43,[[47477,0],[47479,0],[47222,0],[47223,0],[47734,0],]]
[47479,15,43,[[47480,0],[47478,0],[47223,0],[47735,0],]]
[47480,9,43,[[47479,0],[47481,0],[47224,0],[47225,0],[47736,0],]]
[47481,2,43,[[47482,0],[47480,0],[47225,0],[47737,0],]]
[47482,10,43,[[47481,0],[47483,0],[47226,0],[47227,0],[47738,0],]]
[47483,2,43,[[47484,0],[47482,0],[47227,0],[47739,0],]]
[47484,11,43,[[47483,0],[47485,0],[47228,0],[47229,0],[47740,0],]]
[47485,10,43,[[47486,0],[47484,0],[47229,0],[47741,0],]]
[47486,7,43,[[47485,0],[47487,0],[47230,0],[47231,0],[47742,0],]]
[47487,4,43,[[47488,0],[47486,0],[47231,0],[47743,0],]]
[47488,10,44,[[47487,0],[47489,0],[47232,0],[47233,0],[47744,0],]]
[47489,10,44,[[47490,0],[47488,0],[47233,0],[47745,0],]]
[47490,12,44,[[47489,0],[47491,0],[47234,0],[47235,0],[47746,0],]]
[47491,7,44,[[47492,0],[47490,0],[47235,0],[47747,0],]]
[47492,1,44,[[47491,0],[47493,0],[47236,0],[47237,0],[47748,0],]]
[47493,8,44,[[47494,0],[47492,0],[47237,0],[47749,0],]]
[47494,17,44,[[47493,0],[47495,0],[47238,0],[47239,0],[47750,0],]]
[47495,2,44,[[47496,0],[47494,0],[47239,0],[47751,0],]]
[47496,17,44,[[47495,0],[47497,0],[47240,0],[47241,0],[47752,0],]]
[47497,3,44,[[47498,0],[47496,0],[47241,0],[47753,0],]]
[47498,17,44,[[47497,0],[47499,0],[47242,0],[47243,0],[47754,0],]]
[47499,4,44,[[47500,0],[47498,0],[47243,0],[47755,0],]]
[47500,8,44,[[47499,0],[47501,0],[47244,0],[47245,0],[47756,0],]]
[47501,14,44,[[47502,0],[47500,0],[47245,0],[47757,0],]]
[47502,15,44,[[47501,0],[47503,0],[47246,0],[47247,0],[47758,0],]]
[47503,9,44,[[47504,0],[47502,0],[47247,0],[47759,0],]]
[47504,11,44,[[47503,0],[47505,0],[47248,0],[47249,0],[47760,0],]]
[47505,8,44,[[47506,0],[47504,0],[47249,0],[47761,0],]]
[47506,16,44,[[47505,0],[47507,0],[47250,0],[47251,0],[47762,0],]]
[47507,3,44,[[47508,0],[47506,0],[47251,0],[47763,0],]]
[47508,17,44,[[47507,0],[47509,0],[47252,0],[47253,0],[47764,0],]]
[47509,1,44,[[47510,0],[47508,0],[47253,0],[47765,0],]]
[47510,13,44,[[47509,0],[47511,0],[47254,0],[47255,0],[47766,0],]]
[47511,15,44,[[47512,0],[47510,0],[47255,0],[47767,0],]]
[47512,14,44,[[47511,0],[47513,0],[47256,0],[47257,0],[47768,0],]]
[47513,7,44,[[47514,0],[47512,0],[47257,0],[47769,0],]]
[47514,12,44,[[47513,0],[47515,0],[47258,0],[47259,0],[47770,0],]]
[47515,17,44,[[47516,0],[47514,0],[47259,0],[47771,0],]]
[47516,3,44,[[47515,0],[47517,0],[47260,0],[47261,0],[47772,0],]]
[47517,16,44,[[47518,0],[47516,0],[47261,0],[47773,0],]]
[47518,8,44,[[47517,0],[47519,0],[47262,0],[47263,0],[47774,0],]]
[47519,8,44,[[47520,0],[47518,0],[47263,0],[47775,0],]]
[47520,19,45,[[47519,0],[47521,0],[47264,0],[47265,0],[47776,0],]]
[47521,1,45,[[47522,0],[47520,0],[47265,0],[47777,0],]]
[47522,17,45,[[47521,0],[47523,0],[47266,0],[47267,0],[47778,0],]]
[47523,15,45,[[47524,0],[47522,0],[47267,0],[47779,0],]]
[47524,19,45,[[47523,0],[47525,0],[47268,0],[47269,0],[47780,0],]]
[47525,16,45,[[47526,0],[47524,0],[47269,0],[47781,0],]]
[47526,11,45,[[47525,0],[47527,0],[47270,0],[47271,0],[47782,0],]]
[47527,16,45,[[47528,0],[47526,0],[47271,0],[47783,0],]]
[47528,5,45,[[47527,0],[47529,0],[47272,0],[47273,0],[47784,0],]]
[47529,15,45,[[47530,0],[47528,0],[47273,0],[47785,0],]]
[47530,6,45,[[47529,0],[47531,0],[47274,0],[47275,0],[47786,0],]]
[47531,17,45,[[47532,0],[47530,0],[47275,0],[47787,0],]]
[47532,2,45,[[47531,0],[47533,0],[47276,0],[47277,0],[47788,0],]]
[47533,18,45,[[47534,0],[47532,0],[47277,0],[47789,0],]]
[47534,19,45,[[47533,0],[47535,0],[47278,0],[47279,0],[47790,0],]]
[47535,2,45,[[47536,0],[47534,0],[47279,0],[47791,0],]]
[47536,15,45,[[47535,0],[47537,0],[47280,0],[47281,0],[47792,0],]]
[47537,17,45,[[47538,0],[47536,0],[47281,0],[47793,0],]]
[47538,12,45,[[47537,0],[47539,0],[47282,0],[47283,0],[47794,0],]]
[47539,17,45,[[47540,0],[47538,0],[47283,0],[47795,0],]]
[47540,17,45,[[47539,0],[47541,0],[47284,0],[47285,0],[47796,0],]]
[47541,19,45,[[47542,0],[47540,0],[47285,0],[47797,0],]]
[47542,11,45,[[47541,0],[47543,0],[47286,0],[47287,0],[47798,0],]]
[47543,10,45,[[47544,0],[47542,0],[47287,0],[47799,0],]]
[47544,16,45,[[47543,0],[47545,0],[47288,0],[47289,0],[47800,0],]]
[47545,14,45,[[47546,0],[47544,0],[47289,0],[47801,0],]]
[47546,1,45,[[47545,0],[47547,0],[47290,0],[47291,0],[47802,0],]]
[47547,4,45,[[47548,0],[47546,0],[47291,0],[47803,0],]]
[47548,3,45,[[47547,0],[47549,0],[47292,0],[47293,0],[47804,0],]]
[47549,17,45,[[47550,0],[47548,0],[47293,0],[47805,0],]]
[47550,12,45,[[47549,0],[47551,0],[47294,0],[47295,0],[47806,0],]]
[47551,3,45,[[47552,0],[47550,0],[47295,0],[47807,0],]]
[47552,12,46,[[47551,0],[47553,0],[47296,0],[47297,0],[47808,0],]]
[47553,13,46,[[47554,0],[47552,0],[47297,0],[47809,0],]]
[47554,19,46,[[47553,0],[47555,0],[47298,0],[47299,0],[47810,0],]]
[47555,13,46,[[47556,0],[47554,0],[47299,0],[47811,0],]]
[47556,16,46,[[47555,0],[47557,0],[47300,0],[47301,0],[47812,0],]]
[47557,2,46,[[47558,0],[47556,0],[47301,0],[47813,0],]]
[47558,15,46,[[47557,0],[47559,0],[47302,0],[47303,0],[47814,0],]]
[47559,13,46,[[47560,0],[47558,0],[47303,0],[47815,0],]]
[47560,10,46,[[47559,0],[47561,0],[47304,0],[47305,0],[47816,0],]]
[47561,15,46,[[47562,0],[47560,0],[47305,0],[47817,0],]]
[47562,6,46,[[47561,0],[47563,0],[47306,0],[47307,0],[47818,0],]]
[47563,4,46,[[47564,0],[47562,0],[47307,0],[47819,0],]]
[47564,7,46,[[47563,0],[47565,0],[47308,0],[47309,0],[47820,0],]]
[47565,7,46,[[47566,0],[47564,0],[47309,0],[47821,0],]]
[47566,12,46,[[47565,0],[47567,0],[47310,0],[47311,0],[47822,0],]]
[47567,14,46,[[47568,0],[47566,0],[47311,0],[47823,0],]]
[47568,18,46,[[47567,0],[47569,0],[47312,0],[47313,0],[47824,0],]]
[47569,15,46,[[47570,0],[47568,0],[47313,0],[47825,0],]]
[47570,13,46,[[47569,0],[47571,0],[47314,0],[47315,0],[47826,0],]]
[47571,3,46,[[47572,0],[47570,0],[47315,0],[47827,0],]]
[47572,4,46,[[47571,0],[47573,0],[47316,0],[47317,0],[47828,0],]]
[47573,19,46,[[47574,0],[47572,0],[47317,0],[47829,0],]]
[47574,3,46,[[47573,0],[47575,0],[47318,0],[47319,0],[47830,0],]]
[47575,6,46,[[47576,0],[47574,0],[47319,0],[47831,0],]]
[47576,12,46,[[47575,0],[47577,0],[47320,0],[47321,0],[47832,0],]]
[47577,7,46,[[47578,0],[47576,0],[47321,0],[47833,0],]]
[47578,17,46,[[47577,0],[47579,0],[47322,0],[47323,0],[47834,0],]]
[47579,12,46,[[47580,0],[47578,0],[47323,0],[47835,0],]]
[47580,15,46,[[47579,0],[47581,0],[47324,0],[47325,0],[47836,0],]]
[47581,7,46,[[47582,0],[47580,0],[47325,0],[47837,0],]]
[47582,15,46,[[47581,0],[47583,0],[47326,0],[47327,0],[47838,0],]]
[47583,15,46,[[47584,0],[47582,0],[47327,0],[47839,0],]]
[47584,1,47,[[47583,0],[47585,0],[47328,0],[47329,0],[47840,0],]]
[47585,10,47,[[47586,0],[47584,0],[47329,0],[47841,0],]]
[47586,6,47,[[47585,0],[47587,0],[47330,0],[47331,0],[47842,0],]]
[47587,2,47,[[47588,0],[47586,0],[47331,0],[47843,0],]]
[47588,7,47,[[47587,0],[47589,0],[47332,0],[47333,0],[47844,0],]]
[47589,13,47,[[47590,0],[47588,0],[47333,0],[47845,0],]]
[47590,3,47,[[47589,0],[47591,0],[47334,0],[47335,0],[47846,0],]]
[47591,4,47,[[47592,0],[47590,0],[47335,0],[47847,0],]]
[47592,6,47,[[47591,0],[47593,0],[47336,0],[47337,0],[47848,0],]]
[47593,4,47,[[47594,0],[47592,0],[47337,0],[47849,0],]]
[47594,13,47,[[47593,0],[47595,0],[47338,0],[47339,0],[47850,0],]]
[47595,17,47,[[47596,0],[47594,0],[47339,0],[47851,0],]]
[47596,6,47,[[47595,0],[47597,0],[47340,0],[47341,0],[47852,0],]]
[47597,1,47,[[47598,0],[47596,0],[47341,0],[47853,0],]]
[47598,14,47,[[47597,0],[47599,0],[47342,0],[47343,0],[47854,0],]]
[47599,10,47,[[47600,0],[47598,0],[47343,0],[47855,0],]]
[47600,9,47,[[47599,0],[47601,0],[47344,0],[47345,0],[47856,0],]]
[47601,5,47,[[47602,0],[47600,0],[47345,0],[47857,0],]]
[47602,6,47,[[47601,0],[47603,0],[47346,0],[47347,0],[47858,0],]]
[47603,4,47,[[47604,0],[47602,0],[47347,0],[47859,0],]]
[47604,15,47,[[47603,0],[47605,0],[47348,0],[47349,0],[47860,0],]]
[47605,4,47,[[47606,0],[47604,0],[47349,0],[47861,0],]]
[47606,5,47,[[47605,0],[47607,0],[47350,0],[47351,0],[47862,0],]]
[47607,18,47,[[47608,0],[47606,0],[47351,0],[47863,0],]]
[47608,1,47,[[47607,0],[47609,0],[47352,0],[47353,0],[47864,0],]]
[47609,13,47,[[47610,0],[47608,0],[47353,0],[47865,0],]]
[47610,13,47,[[47609,0],[47611,0],[47354,0],[47355,0],[47866,0],]]
[47611,4,47,[[47612,0],[47610,0],[47355,0],[47867,0],]]
[47612,3,47,[[47611,0],[47613,0],[47356,0],[47357,0],[47868,0],]]
[47613,11,47,[[47614,0],[47612,0],[47357,0],[47869,0],]]
[47614,14,47,[[47613,0],[47615,0],[47358,0],[47359,0],[47870,0],]]
[47615,11,47,[[47614,0],[47359,0],[47871,0],]]
[47616,4,40,[[47617,0],[47872,0],[47360,0],]]
[47617,19,40,[[47618,0],[47616,0],[47873,0],[47872,0],[47361,0],]]
[47618,19,40,[[47617,0],[47619,0],[47874,0],[47362,0],]]
[47619,4,40,[[47620,0],[47618,0],[47875,0],[47874,0],[47363,0],]]
[47620,15,40,[[47619,0],[47621,0],[47876,0],[47364,0],]]
[47621,2,40,[[47622,0],[47620,0],[47877,0],[47876,0],[47365,0],]]
[47622,17,40,[[47621,0],[47623,0],[47878,0],[47366,0],]]
[47623,13,40,[[47624,0],[47622,0],[47879,0],[47878,0],[47367,0],]]
[47624,7,40,[[47623,0],[47625,0],[47880,0],[47368,0],]]
[47625,9,40,[[47626,0],[47624,0],[47881,0],[47880,0],[47369,0],]]
[47626,4,40,[[47625,0],[47627,0],[47882,0],[47370,0],]]
[47627,15,40,[[47628,0],[47626,0],[47883,0],[47882,0],[47371,0],]]
[47628,11,40,[[47627,0],[47629,0],[47884,0],[47372,0],]]
[47629,3,40,[[47630,0],[47628,0],[47885,0],[47884,0],[47373,0],]]
[47630,12,40,[[47629,0],[47631,0],[47886,0],[47374,0],]]
[47631,5,40,[[47632,0],[47630,0],[47887,0],[47886,0],[47375,0],]]
[47632,2,40,[[47631,0],[47633,0],[47888,0],[47376,0],]]
[47633,8,40,[[47634,0],[47632,0],[47889,0],[47888,0],[47377,0],]]
[47634,2,40,[[47633,0],[47635,0],[47890,0],[47378,0],]]
[47635,12,40,[[47636,0],[47634,0],[47891,0],[47890,0],[47379,0],]]
[47636,6,40,[[47635,0],[47637,0],[47892,0],[47380,0],]]
[47637,7,40,[[47638,0],[47636,0],[47893,0],[47892,0],[47381,0],]]
[47638,8,40,[[47637,0],[47639,0],[47894,0],[47382,0],]]
[47639,8,40,[[47640,0],[47638,0],[47895,0],[47894,0],[47383,0],]]
[47640,8,40,[[47639,0],[47641,0],[47896,0],[47384,0],]]
[47641,8,40,[[47642,0],[47640,0],[47897,0],[47896,0],[47385,0],]]
[47642,2,40,[[47641,0],[47643,0],[47898,0],[47386,0],]]
[47643,13,40,[[47644,0],[47642,0],[47899,0],[47898,0],[47387,0],]]
[47644,10,40,[[47643,0],[47645,0],[47900,0],[47388,0],]]
[47645,10,40,[[47646,0],[47644,0],[47901,0],[47900,0],[47389,0],]]
[47646,19,40,[[47645,0],[47647,0],[47902,0],[47390,0],]]
[47647,3,40,[[47648,0],[47646,0],[47903,0],[47902,0],[47391,0],]]
[47648,3,41,[[47647,0],[47649,0],[47904,0],[47392,0],]]
[47649,6,41,[[47650,0],[47648,0],[47905,0],[47904,0],[47393,0],]]
[47650,2,41,[[47649,0],[47651,0],[47906,0],[47394,0],]]
[47651,8,41,[[47652,0],[47650,0],[47907,0],[47906,0],[47395,0],]]
[47652,4,41,[[47651,0],[47653,0],[47908,0],[47396,0],]]
[47653,18,41,[[47654,0],[47652,0],[47909,0],[47908,0],[47397,0],]]
[47654,12,41,[[47653,0],[47655,0],[47910,0],[47398,0],]]
[47655,14,41,[[47656,0],[47654,0],[47911,0],[47910,0],[47399,0],]]
[47656,3,41,[[47655,0],[47657,0],[47912,0],[47400,0],]]
[47657,7,41,[[47658,0],[47656,0],[47913,0],[47912,0],[47401,0],]]
[47658,9,41,[[47657,0],[47659,0],[47914,0],[47402,0],]]
[47659,7,41,[[47660,0],[47658,0],[47915,0],[47914,0],[47403,0],]]
[47660,11,41,[[47659,0],[47661,0],[47916,0],[47404,0],]]
[47661,7,41,[[47662,0],[47660,0],[47917,0],[47916,0],[47405,0],]]
[47662,12,41,[[47661,0],[47663,0],[47918,0],[47406,0],]]
[47663,11,41,[[47664,0],[47662,0],[47919,0],[47918,0],[47407,0],]]
[47664,13,41,[[47663,0],[47665,0],[47920,0],[47408,0],]]
[47665,2,41,[[47666,0],[47664,0],[47921,0],[47920,0],[47409,0],]]
[47666,19,41,[[47665,0],[47667,0],[47922,0],[47410,0],]]
[47667,16,41,[[47668,0],[47666,0],[47923,0],[47922,0],[47411,0],]]
[47668,16,41,[[47667,0],[47669,0],[47924,0],[47412,0],]]
[47669,4,41,[[47670,0],[47668,0],[47925,0],[47924,0],[47413,0],]]
[47670,2,41,[[47669,0],[47671,0],[47926,0],[47414,0],]]
[47671,18,41,[[47672,0],[47670,0],[47927,0],[47926,0],[47415,0],]]
[47672,2,41,[[47671,0],[47673,0],[47928,0],[47416,0],]]
[47673,3,41,[[47674,0],[47672,0],[47929,0],[47928,0],[47417,0],]]
[47674,10,41,[[47673,0],[47675,0],[47930,0],[47418,0],]]
[47675,3,41,[[47676,0],[47674,0],[47931,0],[47930,0],[47419,0],]]
[47676,14,41,[[47675,0],[47677,0],[47932,0],[47420,0],]]
[47677,9,41,[[47678,0],[47676,0],[47933,0],[47932,0],[47421,0],]]
[47678,9,41,[[47677,0],[47679,0],[47934,0],[47422,0],]]
[47679,4,41,[[47680,0],[47678,0],[47935,0],[47934,0],[47423,0],]]
[47680,7,42,[[47679,0],[47681,0],[47936,0],[47424,0],]]
[47681,16,42,[[47682,0],[47680,0],[47937,0],[47936,0],[47425,0],]]
[47682,9,42,[[47681,0],[47683,0],[47938,0],[47426,0],]]
[47683,1,42,[[47684,0],[47682,0],[47939,0],[47938,0],[47427,0],]]
[47684,7,42,[[47683,0],[47685,0],[47940,0],[47428,0],]]
[47685,10,42,[[47686,0],[47684,0],[47941,0],[47940,0],[47429,0],]]
[47686,14,42,[[47685,0],[47687,0],[47942,0],[47430,0],]]
[47687,14,42,[[47688,0],[47686,0],[47943,0],[47942,0],[47431,0],]]
[47688,17,42,[[47687,0],[47689,0],[47944,0],[47432,0],]]
[47689,6,42,[[47690,0],[47688,0],[47945,0],[47944,0],[47433,0],]]
[47690,15,42,[[47689,0],[47691,0],[47946,0],[47434,0],]]
[47691,2,42,[[47692,0],[47690,0],[47947,0],[47946,0],[47435,0],]]
[47692,7,42,[[47691,0],[47693,0],[47948,0],[47436,0],]]
[47693,8,42,[[47694,0],[47692,0],[47949,0],[47948,0],[47437,0],]]
[47694,16,42,[[47693,0],[47695,0],[47950,0],[47438,0],]]
[47695,17,42,[[47696,0],[47694,0],[47951,0],[47950,0],[47439,0],]]
[47696,2,42,[[47695,0],[47697,0],[47952,0],[47440,0],]]
[47697,3,42,[[47698,0],[47696,0],[47953,0],[47952,0],[47441,0],]]
[47698,2,42,[[47697,0],[47699,0],[47954,0],[47442,0],]]
[47699,18,42,[[47700,0],[47698,0],[47955,0],[47954,0],[47443,0],]]
[47700,9,42,[[47699,0],[47701,0],[47956,0],[47444,0],]]
[47701,6,42,[[47702,0],[47700,0],[47957,0],[47956,0],[47445,0],]]
[47702,17,42,[[47701,0],[47703,0],[47958,0],[47446,0],]]
[47703,6,42,[[47704,0],[47702,0],[47959,0],[47958,0],[47447,0],]]
[47704,8,42,[[47703,0],[47705,0],[47960,0],[47448,0],]]
[47705,16,42,[[47706,0],[47704,0],[47961,0],[47960,0],[47449,0],]]
[47706,5,42,[[47705,0],[47707,0],[47962,0],[47450,0],]]
[47707,8,42,[[47708,0],[47706,0],[47963,0],[47962,0],[47451,0],]]
[47708,10,42,[[47707,0],[47709,0],[47964,0],[47452,0],]]
[47709,17,42,[[47710,0],[47708,0],[47965,0],[47964,0],[47453,0],]]
[47710,10,42,[[47709,0],[47711,0],[47966,0],[47454,0],]]
[47711,17,42,[[47712,0],[47710,0],[47967,0],[47966,0],[47455,0],]]
[47712,5,43,[[47711,0],[47713,0],[47968,0],[47456,0],]]
[47713,9,43,[[47714,0],[47712,0],[47969,0],[47968,0],[47457,0],]]
[47714,10,43,[[47713,0],[47715,0],[47970,0],[47458,0],]]
[47715,1,43,[[47716,0],[47714,0],[47971,0],[47970,0],[47459,0],]]
[47716,10,43,[[47715,0],[47717,0],[47972,0],[47460,0],]]
[47717,19,43,[[47718,0],[47716,0],[47973,0],[47972,0],[47461,0],]]
[47718,13,43,[[47717,0],[47719,0],[47974,0],[47462,0],]]
[47719,7,43,[[47720,0],[47718,0],[47975,0],[47974,0],[47463,0],]]
[47720,9,43,[[47719,0],[47721,0],[47976,0],[47464,0],]]
[47721,12,43,[[47722,0],[47720,0],[47977,0],[47976,0],[47465,0],]]
[47722,8,43,[[47721,0],[47723,0],[47978,0],[47466,0],]]
[47723,19,43,[[47724,0],[47722,0],[47979,0],[47978,0],[47467,0],]]
[47724,19,43,[[47723,0],[47725,0],[47980,0],[47468,0],]]
[47725,19,43,[[47726,0],[47724,0],[47981,0],[47980,0],[47469,0],]]
[47726,15,43,[[47725,0],[47727,0],[47982,0],[47470,0],]]
[47727,17,43,[[47728,0],[47726,0],[47983,0],[47982,0],[47471,0],]]
[47728,7,43,[[47727,0],[47729,0],[47984,0],[47472,0],]]
[47729,6,43,[[47730,0],[47728,0],[47985,0],[47984,0],[47473,0],]]
[47730,1,43,[[47729,0],[47731,0],[47986,0],[47474,0],]]
[47731,7,43,[[47732,0],[47730,0],[47987,0],[47986,0],[47475,0],]]
[47732,15,43,[[47731,0],[47733,0],[47988,0],[47476,0],]]
[47733,15,43,[[47734,0],[47732,0],[47989,0],[47988,0],[47477,0],]]
[47734,2,43,[[47733,0],[47735,0],[47990,0],[47478,0],]]
[47735,5,43,[[47736,0],[47734,0],[47991,0],[47990,0],[47479,0],]]
[47736,19,43,[[47735,0],[47737,0],[47992,0],[47480,0],]]
[47737,4,43,[[47738,0],[47736,0],[47993,0],[47992,0],[47481,0],]]
[47738,2,43,[[47737,0],[47739,0],[47994,0],[47482,0],]]
[47739,16,43,[[47740,0],[47738,0],[47995,0],[47994,0],[47483,0],]]
[47740,15,43,[[47739,0],[47741,0],[47996,0],[47484,0],]]
[47741,4,43,[[47742,0],[47740,0],[47997,0],[47996,0],[47485,0],]]
[47742,14,43,[[47741,0],[47743,0],[47998,0],[47486,0],]]
[47743,17,43,[[47744,0],[47742,0],[47999,0],[47998,0],[47487,0],]]
[47744,16,44,[[47743,0],[47745,0],[48000,0],[47488,0],]]
[47745,13,44,[[47746,0],[47744,0],[48001,0],[48000,0],[47489,0],]]
[47746,6,44,[[47745,0],[47747,0],[48002,0],[47490,0],]]
[47747,14,44,[[47748,0],[47746,0],[48003,0],[48002,0],[47491,0],]]
[47748,16,44,[[47747,0],[47749,0],[48004,0],[47492,0],]]
[47749,9,44,[[47750,0],[47748,0],[48005,0],[48004,0],[47493,0],]]
[47750,5,44,[[47749,0],[47751,0],[48006,0],[47494,0],]]
[47751,1,44,[[47752,0],[47750,0],[48007,0],[48006,0],[47495,0],]]
[47752,13,44,[[47751,0],[47753,0],[48008,0],[47496,0],]]
[47753,14,44,[[47754,0],[47752,0],[48009,0],[48008,0],[47497,0],]]
[47754,8,44,[[47753,0],[47755,0],[48010,0],[47498,0],]]
[47755,1,44,[[47756,0],[47754,0],[48011,0],[48010,0],[47499,0],]]
[47756,14,44,[[47755,0],[47757,0],[48012,0],[47500,0],]]
[47757,6,44,[[47758,0],[47756,0],[48013,0],[48012,0],[47501,0],]]
[47758,19,44,[[47757,0],[47759,0],[48014,0],[47502,0],]]
[47759,6,44,[[47760,0],[47758,0],[48015,0],[48014,0],[47503,0],]]
[47760,19,44,[[47759,0],[47761,0],[48016,0],[47504,0],]]
[47761,1,44,[[47762,0],[47760,0],[48017,0],[48016,0],[47505,0],]]
[47762,15,44,[[47761,0],[47763,0],[48018,0],[47506,0],]]
[47763,2,44,[[47764,0],[47762,0],[48019,0],[48018,0],[47507,0],]]
[47764,13,44,[[47763,0],[47765,0],[48020,0],[47508,0],]]
[47765,2,44,[[47766,0],[47764,0],[48021,0],[48020,0],[47509,0],]]
[47766,18,44,[[47765,0],[47767,0],[48022,0],[47510,0],]]
[47767,11,44,[[47768,0],[47766,0],[48023,0],[48022,0],[47511,0],]]
[47768,19,44,[[47767,0],[47769,0],[48024,0],[47512,0],]]
[47769,8,44,[[47770,0],[47768,0],[48025,0],[48024,0],[47513,0],]]
[47770,15,44,[[47769,0],[47771,0],[48026,0],[47514,0],]]
[47771,6,44,[[47772,0],[47770,0],[48027,0],[48026,0],[47515,0],]]
[47772,10,44,[[47771,0],[47773,0],[48028,0],[47516,0],]]
[47773,4,44,[[47774,0],[47772,0],[48029,0],[48028,0],[47517,0],]]
[47774,12,44,[[47773,0],[47775,0],[48030,0],[47518,0],]]
[47775,13,44,[[47776,0],[47774,0],[48031,0],[48030,0],[47519,0],]]
[47776,10,45,[[47775,0],[47777,0],[48032,0],[47520,0],]]
[47777,2,45,[[47778,0],[47776,0],[48033,0],[48032,0],[47521,0],]]
[47778,6,45,[[47777,0],[47779,0],[48034,0],[47522,0],]]
[47779,7,45,[[47780,0],[47778,0],[48035,0],[48034,0],[47523,0],]]
[47780,10,45,[[47779,0],[47781,0],[48036,0],[47524,0],]]
[47781,11,45,[[47782,0],[47780,0],[48037,0],[48036,0],[47525,0],]]
[47782,8,45,[[47781,0],[47783,0],[48038,0],[47526,0],]]
[47783,18,45,[[47784,0],[47782,0],[48039,0],[48038,0],[47527,0],]]
[47784,17,45,[[47783,0],[47785,0],[48040,0],[47528,0],]]
[47785,5,45,[[47786,0],[47784,0],[48041,0],[48040,0],[47529,0],]]
[47786,1,45,[[47785,0],[47787,0],[48042,0],[47530,0],]]
[47787,15,45,[[47788,0],[47786,0],[48043,0],[48042,0],[47531,0],]]
[47788,19,45,[[47787,0],[47789,0],[48044,0],[47532,0],]]
[47789,14,45,[[47790,0],[47788,0],[48045,0],[48044,0],[47533,0],]]
[47790,13,45,[[47789,0],[47791,0],[48046,0],[47534,0],]]
[47791,16,45,[[47792,0],[47790,0],[48047,0],[48046,0],[47535,0],]]
[47792,4,45,[[47791,0],[47793,0],[48048,0],[47536,0],]]
[47793,15,45,[[47794,0],[47792,0],[48049,0],[48048,0],[47537,0],]]
[47794,11,45,[[47793,0],[47795,0],[48050,0],[47538,0],]]
[47795,19,45,[[47796,0],[47794,0],[48051,0],[48050,0],[47539,0],]]
[47796,14,45,[[47795,0],[47797,0],[48052,0],[47540,0],]]
[47797,18,45,[[47798,0],[47796,0],[48053,0],[48052,0],[47541,0],]]
[47798,12,45,[[47797,0],[47799,0],[48054,0],[47542,0],]]
[47799,19,45,[[47800,0],[47798,0],[48055,0],[48054,0],[47543,0],]]
[47800,19,45,[[47799,0],[47801,0],[48056,0],[47544,0],]]
[47801,1,45,[[47802,0],[47800,0],[48057,0],[48056,0],[47545,0],]]
[47802,5,45,[[47801,0],[47803,0],[48058,0],[47546,0],]]
[47803,15,45,[[47804,0],[47802,0],[48059,0],[48058,0],[47547,0],]]
[47804,1,45,[[47803,0],[47805,0],[48060,0],[47548,0],]]
[47805,7,45,[[47806,0],[47804,0],[48061,0],[48060,0],[47549,0],]]
[47806,12,45,[[47805,0],[47807,0],[48062,0],[47550,0],]]
[47807,9,45,[[47808,0],[47806,0],[48063,0],[48062,0],[47551,0],]]
[47808,10,46,[[47807,0],[47809,0],[48064,0],[47552,0],]]
[47809,14,46,[[47810,0],[47808,0],[48065,0],[48064,0],[47553,0],]]
[47810,1,46,[[47809,0],[47811,0],[48066,0],[47554,0],]]
[47811,1,46,[[47812,0],[47810,0],[48067,0],[48066,0],[47555,0],]]
[47812,18,46,[[47811,0],[47813,0],[48068,0],[47556,0],]]
[47813,4,46,[[47814,0],[47812,0],[48069,0],[48068,0],[47557,0],]]
[47814,4,46,[[47813,0],[47815,0],[48070,0],[47558,0],]]
[47815,10,46,[[47816,0],[47814,0],[48071,0],[48070,0],[47559,0],]]
[47816,16,46,[[47815,0],[47817,0],[48072,0],[47560,0],]]
[47817,6,46,[[47818,0],[47816,0],[48073,0],[48072,0],[47561,0],]]
[47818,16,46,[[47817,0],[47819,0],[48074,0],[47562,0],]]
[47819,15,46,[[47820,0],[47818,0],[48075,0],[48074,0],[47563,0],]]
[47820,15,46,[[47819,0],[47821,0],[48076,0],[47564,0],]]
[47821,3,46,[[47822,0],[47820,0],[48077,0],[48076,0],[47565,0],]]
[47822,15,46,[[47821,0],[47823,0],[48078,0],[47566,0],]]
[47823,2,46,[[47824,0],[47822,0],[48079,0],[48078,0],[47567,0],]]
[47824,12,46,[[47823,0],[47825,0],[48080,0],[47568,0],]]
[47825,2,46,[[47826,0],[47824,0],[48081,0],[48080,0],[47569,0],]]
[47826,18,46,[[47825,0],[47827,0],[48082,0],[47570,0],]]
[47827,7,46,[[47828,0],[47826,0],[48083,0],[48082,0],[47571,0],]]
[47828,9,46,[[47827,0],[47829,0],[48084,0],[47572,0],]]
[47829,11,46,[[47830,0],[47828,0],[48085,0],[48084,0],[47573,0],]]
[47830,19,46,[[47829,0],[47831,0],[48086,0],[47574,0],]]
[47831,17,46,[[47832,0],[47830,0],[48087,0],[48086,0],[47575,0],]]
[47832,1,46,[[47831,0],[47833,0],[48088,0],[47576,0],]]
[47833,8,46,[[47834,0],[47832,0],[48089,0],[48088,0],[47577,0],]]
[47834,11,46,[[47833,0],[47835,0],[48090,0],[47578,0],]]
[47835,5,46,[[47836,0],[47834,0],[48091,0],[48090,0],[47579,0],]]
[47836,5,46,[[47835,0],[47837,0],[48092,0],[47580,0],]]
[47837,6,46,[[47838,0],[47836,0],[48093,0],[48092,0],[47581,0],]]
[47838,19,46,[[47837,0],[47839,0],[48094,0],[47582,0],]]
[47839,10,46,[[47840,0],[47838,0],[48095,0],[48094,0],[47583,0],]]
[47840,3,47,[[47839,0],[47841,0],[48096,0],[47584,0],]]
