[49152,17,48,[[49153,0],[49408,0],[48896,0],]]
[49153,14,48,[[49154,0],[49152,0],[49409,0],[49408,0],[48897,0],]]
[49154,7,48,[[49153,0],[49155,0],[49410,0],[48898,0],]]
[49155,8,48,[[49156,0],[49154,0],[49411,0],[49410,0],[48899,0],]]
[49156,16,48,[[49155,0],[49157,0],[49412,0],[48900,0],]]
[49157,16,48,[[49158,0],[49156,0],[49413,0],[49412,0],[48901,0],]]
[49158,5,48,[[49157,0],[49159,0],[49414,0],[48902,0],]]
[49159,3,48,[[49160,0],[49158,0],[49415,0],[49414,0],[48903,0],]]
[49160,17,48,[[49159,0],[49161,0],[49416,0],[48904,0],]]
[49161,11,48,[[49162,0],[49160,0],[49417,0],[49416,0],[48905,0],]]
[49162,9,48,[[49161,0],[49163,0],[49418,0],[48906,0],]]
[49163,2,48,[[49164,0],[49162,0],[49419,0],[49418,0],[48907,0],]]
[49164,4,48,[[49163,0],[49165,0],[49420,0],[48908,0],]]
[49165,4,48,[[49166,0],[49164,0],[49421,0],[49420,0],[48909,0],]]
[49166,2,48,[[49165,0],[49167,0],[49422,0],[48910,0],]]
[49167,13,48,[[49168,0],[49166,0],[49423,0],[49422,0],[48911,0],]]
[49168,12,48,[[49167,0],[49169,0],[49424,0],[48912,0],]]
[49169,2,48,[[49170,0],[49168,0],[49425,0],[49424,0],[48913,0],]]
[49170,5,48,[[49169,0],[49171,0],[49426,0],[48914,0],]]
[49171,10,48,[[49172,0],[49170,0],[49427,0],[49426,0],[48915,0],]]
[49172,19,48,[[49171,0],[49173,0],[49428,0],[48916,0],]]
[49173,1,48,[[49174,0],[49172,0],[49429,0],[49428,0],[48917,0],]]
[49174,4,48,[[49173,0],[49175,0],[49430,0],[48918,0],]]
[49175,7,48,[[49176,0],[49174,0],[49431,0],[49430,0],[48919,0],]]
[49176,2,48,[[49175,0],[49177,0],[49432,0],[48920,0],]]
[49177,16,48,[[49178,0],[49176,0],[49433,0],[49432,0],[48921,0],]]
[49178,4,48,[[49177,0],[49179,0],[49434,0],[48922,0],]]
[49179,13,48,[[49180,0],[49178,0],[49435,0],[49434,0],[48923,0],]]
[49180,2,48,[[49179,0],[49181,0],[49436,0],[48924,0],]]
[49181,14,48,[[49182,0],[49180,0],[49437,0],[49436,0],[48925,0],]]
[49182,2,48,[[49181,0],[49183,0],[49438,0],[48926,0],]]
[49183,5,48,[[49184,0],[49182,0],[49439,0],[49438,0],[48927,0],]]
[49184,14,49,[[49183,0],[49185,0],[49440,0],[48928,0],]]
[49185,7,49,[[49186,0],[49184,0],[49441,0],[49440,0],[48929,0],]]
[49186,9,49,[[49185,0],[49187,0],[49442,0],[48930,0],]]
[49187,12,49,[[49188,0],[49186,0],[49443,0],[49442,0],[48931,0],]]
[49188,8,49,[[49187,0],[49189,0],[49444,0],[48932,0],]]
[49189,6,49,[[49190,0],[49188,0],[49445,0],[49444,0],[48933,0],]]
[49190,3,49,[[49189,0],[49191,0],[49446,0],[48934,0],]]
[49191,5,49,[[49192,0],[49190,0],[49447,0],[49446,0],[48935,0],]]
[49192,3,49,[[49191,0],[49193,0],[49448,0],[48936,0],]]
[49193,16,49,[[49194,0],[49192,0],[49449,0],[49448,0],[48937,0],]]
[49194,13,49,[[49193,0],[49195,0],[49450,0],[48938,0],]]
[49195,10,49,[[49196,0],[49194,0],[49451,0],[49450,0],[48939,0],]]
[49196,3,49,[[49195,0],[49197,0],[49452,0],[48940,0],]]
[49197,7,49,[[49198,0],[49196,0],[49453,0],[49452,0],[48941,0],]]
[49198,16,49,[[49197,0],[49199,0],[49454,0],[48942,0],]]
[49199,16,49,[[49200,0],[49198,0],[49455,0],[49454,0],[48943,0],]]
[49200,12,49,[[49199,0],[49201,0],[49456,0],[48944,0],]]
[49201,3,49,[[49202,0],[49200,0],[49457,0],[49456,0],[48945,0],]]
[49202,2,49,[[49201,0],[49203,0],[49458,0],[48946,0],]]
[49203,15,49,[[49204,0],[49202,0],[49459,0],[49458,0],[48947,0],]]
[49204,4,49,[[49203,0],[49205,0],[49460,0],[48948,0],]]
[49205,14,49,[[49206,0],[49204,0],[49461,0],[49460,0],[48949,0],]]
[49206,2,49,[[49205,0],[49207,0],[49462,0],[48950,0],]]
[49207,3,49,[[49208,0],[49206,0],[49463,0],[49462,0],[48951,0],]]
[49208,12,49,[[49207,0],[49209,0],[49464,0],[48952,0],]]
[49209,3,49,[[49210,0],[49208,0],[49465,0],[49464,0],[48953,0],]]
[49210,13,49,[[49209,0],[49211,0],[49466,0],[48954,0],]]
[49211,14,49,[[49212,0],[49210,0],[49467,0],[49466,0],[48955,0],]]
[49212,19,49,[[49211,0],[49213,0],[49468,0],[48956,0],]]
[49213,10,49,[[49214,0],[49212,0],[49469,0],[49468,0],[48957,0],]]
[49214,3,49,[[49213,0],[49215,0],[49470,0],[48958,0],]]
[49215,11,49,[[49216,0],[49214,0],[49471,0],[49470,0],[48959,0],]]
[49216,2,50,[[49215,0],[49217,0],[49472,0],[48960,0],]]
[49217,8,50,[[49218,0],[49216,0],[49473,0],[49472,0],[48961,0],]]
[49218,8,50,[[49217,0],[49219,0],[49474,0],[48962,0],]]
[49219,16,50,[[49220,0],[49218,0],[49475,0],[49474,0],[48963,0],]]
[49220,6,50,[[49219,0],[49221,0],[49476,0],[48964,0],]]
[49221,11,50,[[49222,0],[49220,0],[49477,0],[49476,0],[48965,0],]]
[49222,11,50,[[49221,0],[49223,0],[49478,0],[48966,0],]]
[49223,4,50,[[49224,0],[49222,0],[49479,0],[49478,0],[48967,0],]]
[49224,4,50,[[49223,0],[49225,0],[49480,0],[48968,0],]]
[49225,9,50,[[49226,0],[49224,0],[49481,0],[49480,0],[48969,0],]]
[49226,6,50,[[49225,0],[49227,0],[49482,0],[48970,0],]]
[49227,8,50,[[49228,0],[49226,0],[49483,0],[49482,0],[48971,0],]]
[49228,3,50,[[49227,0],[49229,0],[49484,0],[48972,0],]]
[49229,7,50,[[49230,0],[49228,0],[49485,0],[49484,0],[48973,0],]]
[49230,16,50,[[49229,0],[49231,0],[49486,0],[48974,0],]]
[49231,11,50,[[49232,0],[49230,0],[49487,0],[49486,0],[48975,0],]]
[49232,9,50,[[49231,0],[49233,0],[49488,0],[48976,0],]]
[49233,1,50,[[49234,0],[49232,0],[49489,0],[49488,0],[48977,0],]]
[49234,16,50,[[49233,0],[49235,0],[49490,0],[48978,0],]]
[49235,6,50,[[49236,0],[49234,0],[49491,0],[49490,0],[48979,0],]]
[49236,14,50,[[49235,0],[49237,0],[49492,0],[48980,0],]]
[49237,18,50,[[49238,0],[49236,0],[49493,0],[49492,0],[48981,0],]]
[49238,12,50,[[49237,0],[49239,0],[49494,0],[48982,0],]]
[49239,3,50,[[49240,0],[49238,0],[49495,0],[49494,0],[48983,0],]]
[49240,14,50,[[49239,0],[49241,0],[49496,0],[48984,0],]]
[49241,16,50,[[49242,0],[49240,0],[49497,0],[49496,0],[48985,0],]]
[49242,13,50,[[49241,0],[49243,0],[49498,0],[48986,0],]]
[49243,1,50,[[49244,0],[49242,0],[49499,0],[49498,0],[48987,0],]]
[49244,3,50,[[49243,0],[49245,0],[49500,0],[48988,0],]]
[49245,1,50,[[49246,0],[49244,0],[49501,0],[49500,0],[48989,0],]]
[49246,3,50,[[49245,0],[49247,0],[49502,0],[48990,0],]]
[49247,7,50,[[49248,0],[49246,0],[49503,0],[49502,0],[48991,0],]]
[49248,17,51,[[49247,0],[49249,0],[49504,0],[48992,0],]]
[49249,19,51,[[49250,0],[49248,0],[49505,0],[49504,0],[48993,0],]]
[49250,18,51,[[49249,0],[49251,0],[49506,0],[48994,0],]]
[49251,7,51,[[49252,0],[49250,0],[49507,0],[49506,0],[48995,0],]]
[49252,6,51,[[49251,0],[49253,0],[49508,0],[48996,0],]]
[49253,2,51,[[49254,0],[49252,0],[49509,0],[49508,0],[48997,0],]]
[49254,11,51,[[49253,0],[49255,0],[49510,0],[48998,0],]]
[49255,12,51,[[49256,0],[49254,0],[49511,0],[49510,0],[48999,0],]]
[49256,12,51,[[49255,0],[49257,0],[49512,0],[49000,0],]]
[49257,16,51,[[49258,0],[49256,0],[49513,0],[49512,0],[49001,0],]]
[49258,7,51,[[49257,0],[49259,0],[49514,0],[49002,0],]]
[49259,13,51,[[49260,0],[49258,0],[49515,0],[49514,0],[49003,0],]]
[49260,4,51,[[49259,0],[49261,0],[49516,0],[49004,0],]]
[49261,8,51,[[49262,0],[49260,0],[49517,0],[49516,0],[49005,0],]]
[49262,13,51,[[49261,0],[49263,0],[49518,0],[49006,0],]]
[49263,19,51,[[49264,0],[49262,0],[49519,0],[49518,0],[49007,0],]]
[49264,8,51,[[49263,0],[49265,0],[49520,0],[49008,0],]]
[49265,2,51,[[49266,0],[49264,0],[49521,0],[49520,0],[49009,0],]]
[49266,11,51,[[49265,0],[49267,0],[49522,0],[49010,0],]]
[49267,6,51,[[49268,0],[49266,0],[49523,0],[49522,0],[49011,0],]]
[49268,8,51,[[49267,0],[49269,0],[49524,0],[49012,0],]]
[49269,17,51,[[49270,0],[49268,0],[49525,0],[49524,0],[49013,0],]]
[49270,16,51,[[49269,0],[49271,0],[49526,0],[49014,0],]]
[49271,14,51,[[49272,0],[49270,0],[49527,0],[49526,0],[49015,0],]]
[49272,10,51,[[49271,0],[49273,0],[49528,0],[49016,0],]]
[49273,7,51,[[49274,0],[49272,0],[49529,0],[49528,0],[49017,0],]]
[49274,16,51,[[49273,0],[49275,0],[49530,0],[49018,0],]]
[49275,6,51,[[49276,0],[49274,0],[49531,0],[49530,0],[49019,0],]]
[49276,18,51,[[49275,0],[49277,0],[49532,0],[49020,0],]]
[49277,14,51,[[49278,0],[49276,0],[49533,0],[49532,0],[49021,0],]]
[49278,7,51,[[49277,0],[49279,0],[49534,0],[49022,0],]]
[49279,4,51,[[49280,0],[49278,0],[49535,0],[49534,0],[49023,0],]]
[49280,11,52,[[49279,0],[49281,0],[49536,0],[49024,0],]]
[49281,1,52,[[49282,0],[49280,0],[49537,0],[49536,0],[49025,0],]]
[49282,11,52,[[49281,0],[49283,0],[49538,0],[49026,0],]]
[49283,16,52,[[49284,0],[49282,0],[49539,0],[49538,0],[49027,0],]]
[49284,4,52,[[49283,0],[49285,0],[49540,0],[49028,0],]]
[49285,10,52,[[49286,0],[49284,0],[49541,0],[49540,0],[49029,0],]]
[49286,5,52,[[49285,0],[49287,0],[49542,0],[49030,0],]]
[49287,12,52,[[49288,0],[49286,0],[49543,0],[49542,0],[49031,0],]]
[49288,5,52,[[49287,0],[49289,0],[49544,0],[49032,0],]]
[49289,4,52,[[49290,0],[49288,0],[49545,0],[49544,0],[49033,0],]]
[49290,13,52,[[49289,0],[49291,0],[49546,0],[49034,0],]]
[49291,6,52,[[49292,0],[49290,0],[49547,0],[49546,0],[49035,0],]]
[49292,14,52,[[49291,0],[49293,0],[49548,0],[49036,0],]]
[49293,5,52,[[49294,0],[49292,0],[49549,0],[49548,0],[49037,0],]]
[49294,4,52,[[49293,0],[49295,0],[49550,0],[49038,0],]]
[49295,4,52,[[49296,0],[49294,0],[49551,0],[49550,0],[49039,0],]]
[49296,17,52,[[49295,0],[49297,0],[49552,0],[49040,0],]]
[49297,19,52,[[49298,0],[49296,0],[49553,0],[49552,0],[49041,0],]]
[49298,15,52,[[49297,0],[49299,0],[49554,0],[49042,0],]]
[49299,4,52,[[49300,0],[49298,0],[49555,0],[49554,0],[49043,0],]]
[49300,5,52,[[49299,0],[49301,0],[49556,0],[49044,0],]]
[49301,13,52,[[49302,0],[49300,0],[49557,0],[49556,0],[49045,0],]]
[49302,11,52,[[49301,0],[49303,0],[49558,0],[49046,0],]]
[49303,19,52,[[49304,0],[49302,0],[49559,0],[49558,0],[49047,0],]]
[49304,10,52,[[49303,0],[49305,0],[49560,0],[49048,0],]]
[49305,14,52,[[49306,0],[49304,0],[49561,0],[49560,0],[49049,0],]]
[49306,8,52,[[49305,0],[49307,0],[49562,0],[49050,0],]]
[49307,4,52,[[49308,0],[49306,0],[49563,0],[49562,0],[49051,0],]]
[49308,11,52,[[49307,0],[49309,0],[49564,0],[49052,0],]]
[49309,5,52,[[49310,0],[49308,0],[49565,0],[49564,0],[49053,0],]]
[49310,9,52,[[49309,0],[49311,0],[49566,0],[49054,0],]]
[49311,9,52,[[49312,0],[49310,0],[49567,0],[49566,0],[49055,0],]]
[49312,15,53,[[49311,0],[49313,0],[49568,0],[49056,0],]]
[49313,10,53,[[49314,0],[49312,0],[49569,0],[49568,0],[49057,0],]]
[49314,18,53,[[49313,0],[49315,0],[49570,0],[49058,0],]]
[49315,6,53,[[49316,0],[49314,0],[49571,0],[49570,0],[49059,0],]]
[49316,13,53,[[49315,0],[49317,0],[49572,0],[49060,0],]]
[49317,6,53,[[49318,0],[49316,0],[49573,0],[49572,0],[49061,0],]]
[49318,11,53,[[49317,0],[49319,0],[49574,0],[49062,0],]]
[49319,7,53,[[49320,0],[49318,0],[49575,0],[49574,0],[49063,0],]]
[49320,9,53,[[49319,0],[49321,0],[49576,0],[49064,0],]]
[49321,3,53,[[49322,0],[49320,0],[49577,0],[49576,0],[49065,0],]]
[49322,5,53,[[49321,0],[49323,0],[49578,0],[49066,0],]]
[49323,3,53,[[49324,0],[49322,0],[49579,0],[49578,0],[49067,0],]]
[49324,19,53,[[49323,0],[49325,0],[49580,0],[49068,0],]]
[49325,16,53,[[49326,0],[49324,0],[49581,0],[49580,0],[49069,0],]]
[49326,4,53,[[49325,0],[49327,0],[49582,0],[49070,0],]]
[49327,15,53,[[49328,0],[49326,0],[49583,0],[49582,0],[49071,0],]]
[49328,13,53,[[49327,0],[49329,0],[49584,0],[49072,0],]]
[49329,6,53,[[49330,0],[49328,0],[49585,0],[49584,0],[49073,0],]]
[49330,12,53,[[49329,0],[49331,0],[49586,0],[49074,0],]]
[49331,13,53,[[49332,0],[49330,0],[49587,0],[49586,0],[49075,0],]]
[49332,3,53,[[49331,0],[49333,0],[49588,0],[49076,0],]]
[49333,3,53,[[49334,0],[49332,0],[49589,0],[49588,0],[49077,0],]]
[49334,1,53,[[49333,0],[49335,0],[49590,0],[49078,0],]]
[49335,3,53,[[49336,0],[49334,0],[49591,0],[49590,0],[49079,0],]]
[49336,2,53,[[49335,0],[49337,0],[49592,0],[49080,0],]]
[49337,18,53,[[49338,0],[49336,0],[49593,0],[49592,0],[49081,0],]]
[49338,15,53,[[49337,0],[49339,0],[49594,0],[49082,0],]]
[49339,3,53,[[49340,0],[49338,0],[49595,0],[49594,0],[49083,0],]]
[49340,2,53,[[49339,0],[49341,0],[49596,0],[49084,0],]]
[49341,5,53,[[49342,0],[49340,0],[49597,0],[49596,0],[49085,0],]]
[49342,17,53,[[49341,0],[49343,0],[49598,0],[49086,0],]]
[49343,6,53,[[49344,0],[49342,0],[49599,0],[49598,0],[49087,0],]]
[49344,10,54,[[49343,0],[49345,0],[49600,0],[49088,0],]]
[49345,6,54,[[49346,0],[49344,0],[49601,0],[49600,0],[49089,0],]]
[49346,11,54,[[49345,0],[49347,0],[49602,0],[49090,0],]]
[49347,9,54,[[49348,0],[49346,0],[49603,0],[49602,0],[49091,0],]]
[49348,8,54,[[49347,0],[49349,0],[49604,0],[49092,0],]]
[49349,18,54,[[49350,0],[49348,0],[49605,0],[49604,0],[49093,0],]]
[49350,6,54,[[49349,0],[49351,0],[49606,0],[49094,0],]]
[49351,16,54,[[49352,0],[49350,0],[49607,0],[49606,0],[49095,0],]]
[49352,1,54,[[49351,0],[49353,0],[49608,0],[49096,0],]]
[49353,12,54,[[49354,0],[49352,0],[49609,0],[49608,0],[49097,0],]]
[49354,2,54,[[49353,0],[49355,0],[49610,0],[49098,0],]]
[49355,5,54,[[49356,0],[49354,0],[49611,0],[49610,0],[49099,0],]]
[49356,12,54,[[49355,0],[49357,0],[49612,0],[49100,0],]]
[49357,16,54,[[49358,0],[49356,0],[49613,0],[49612,0],[49101,0],]]
[49358,4,54,[[49357,0],[49359,0],[49614,0],[49102,0],]]
[49359,12,54,[[49360,0],[49358,0],[49615,0],[49614,0],[49103,0],]]
[49360,13,54,[[49359,0],[49361,0],[49616,0],[49104,0],]]
[49361,9,54,[[49362,0],[49360,0],[49617,0],[49616,0],[49105,0],]]
[49362,8,54,[[49361,0],[49363,0],[49618,0],[49106,0],]]
[49363,18,54,[[49364,0],[49362,0],[49619,0],[49618,0],[49107,0],]]
[49364,7,54,[[49363,0],[49365,0],[49620,0],[49108,0],]]
[49365,14,54,[[49366,0],[49364,0],[49621,0],[49620,0],[49109,0],]]
[49366,8,54,[[49365,0],[49367,0],[49622,0],[49110,0],]]
[49367,18,54,[[49368,0],[49366,0],[49623,0],[49622,0],[49111,0],]]
[49368,13,54,[[49367,0],[49369,0],[49624,0],[49112,0],]]
[49369,17,54,[[49370,0],[49368,0],[49625,0],[49624,0],[49113,0],]]
[49370,6,54,[[49369,0],[49371,0],[49626,0],[49114,0],]]
[49371,17,54,[[49372,0],[49370,0],[49627,0],[49626,0],[49115,0],]]
[49372,19,54,[[49371,0],[49373,0],[49628,0],[49116,0],]]
[49373,8,54,[[49374,0],[49372,0],[49629,0],[49628,0],[49117,0],]]
[49374,9,54,[[49373,0],[49375,0],[49630,0],[49118,0],]]
[49375,12,54,[[49376,0],[49374,0],[49631,0],[49630,0],[49119,0],]]
[49376,3,55,[[49375,0],[49377,0],[49632,0],[49120,0],]]
[49377,8,55,[[49378,0],[49376,0],[49633,0],[49632,0],[49121,0],]]
[49378,3,55,[[49377,0],[49379,0],[49634,0],[49122,0],]]
[49379,10,55,[[49380,0],[49378,0],[49635,0],[49634,0],[49123,0],]]
[49380,2,55,[[49379,0],[49381,0],[49636,0],[49124,0],]]
[49381,3,55,[[49382,0],[49380,0],[49637,0],[49636,0],[49125,0],]]
[49382,7,55,[[49381,0],[49383,0],[49638,0],[49126,0],]]
[49383,11,55,[[49384,0],[49382,0],[49639,0],[49638,0],[49127,0],]]
[49384,4,55,[[49383,0],[49385,0],[49640,0],[49128,0],]]
[49385,2,55,[[49386,0],[49384,0],[49641,0],[49640,0],[49129,0],]]
[49386,7,55,[[49385,0],[49387,0],[49642,0],[49130,0],]]
[49387,14,55,[[49388,0],[49386,0],[49643,0],[49642,0],[49131,0],]]
[49388,8,55,[[49387,0],[49389,0],[49644,0],[49132,0],]]
[49389,9,55,[[49390,0],[49388,0],[49645,0],[49644,0],[49133,0],]]
[49390,15,55,[[49389,0],[49391,0],[49646,0],[49134,0],]]
[49391,16,55,[[49392,0],[49390,0],[49647,0],[49646,0],[49135,0],]]
[49392,12,55,[[49391,0],[49393,0],[49648,0],[49136,0],]]
[49393,9,55,[[49394,0],[49392,0],[49649,0],[49648,0],[49137,0],]]
[49394,13,55,[[49393,0],[49395,0],[49650,0],[49138,0],]]
[49395,7,55,[[49396,0],[49394,0],[49651,0],[49650,0],[49139,0],]]
[49396,8,55,[[49395,0],[49397,0],[49652,0],[49140,0],]]
[49397,16,55,[[49398,0],[49396,0],[49653,0],[49652,0],[49141,0],]]
[49398,7,55,[[49397,0],[49399,0],[49654,0],[49142,0],]]
[49399,11,55,[[49400,0],[49398,0],[49655,0],[49654,0],[49143,0],]]
[49400,18,55,[[49399,0],[49401,0],[49656,0],[49144,0],]]
[49401,13,55,[[49402,0],[49400,0],[49657,0],[49656,0],[49145,0],]]
[49402,6,55,[[49401,0],[49403,0],[49658,0],[49146,0],]]
[49403,15,55,[[49404,0],[49402,0],[49659,0],[49658,0],[49147,0],]]
[49404,4,55,[[49403,0],[49405,0],[49660,0],[49148,0],]]
[49405,13,55,[[49406,0],[49404,0],[49661,0],[49660,0],[49149,0],]]
[49406,17,55,[[49405,0],[49407,0],[49662,0],[49150,0],]]
[49407,3,55,[[49406,0],[49663,0],[49662,0],[49151,0],]]
[49408,7,48,[[49409,0],[49152,0],[49153,0],[49664,0],]]
[49409,6,48,[[49410,0],[49408,0],[49153,0],[49665,0],]]
[49410,8,48,[[49409,0],[49411,0],[49154,0],[49155,0],[49666,0],]]
[49411,4,48,[[49412,0],[49410,0],[49155,0],[49667,0],]]
[49412,11,48,[[49411,0],[49413,0],[49156,0],[49157,0],[49668,0],]]
[49413,6,48,[[49414,0],[49412,0],[49157,0],[49669,0],]]
[49414,11,48,[[49413,0],[49415,0],[49158,0],[49159,0],[49670,0],]]
[49415,19,48,[[49416,0],[49414,0],[49159,0],[49671,0],]]
[49416,13,48,[[49415,0],[49417,0],[49160,0],[49161,0],[49672,0],]]
[49417,2,48,[[49418,0],[49416,0],[49161,0],[49673,0],]]
[49418,15,48,[[49417,0],[49419,0],[49162,0],[49163,0],[49674,0],]]
[49419,19,48,[[49420,0],[49418,0],[49163,0],[49675,0],]]
[49420,5,48,[[49419,0],[49421,0],[49164,0],[49165,0],[49676,0],]]
[49421,10,48,[[49422,0],[49420,0],[49165,0],[49677,0],]]
[49422,16,48,[[49421,0],[49423,0],[49166,0],[49167,0],[49678,0],]]
[49423,19,48,[[49424,0],[49422,0],[49167,0],[49679,0],]]
[49424,4,48,[[49423,0],[49425,0],[49168,0],[49169,0],[49680,0],]]
[49425,14,48,[[49426,0],[49424,0],[49169,0],[49681,0],]]
[49426,3,48,[[49425,0],[49427,0],[49170,0],[49171,0],[49682,0],]]
[49427,16,48,[[49428,0],[49426,0],[49171,0],[49683,0],]]
[49428,1,48,[[49427,0],[49429,0],[49172,0],[49173,0],[49684,0],]]
[49429,9,48,[[49430,0],[49428,0],[49173,0],[49685,0],]]
[49430,15,48,[[49429,0],[49431,0],[49174,0],[49175,0],[49686,0],]]
[49431,1,48,[[49432,0],[49430,0],[49175,0],[49687,0],]]
[49432,3,48,[[49431,0],[49433,0],[49176,0],[49177,0],[49688,0],]]
[49433,14,48,[[49434,0],[49432,0],[49177,0],[49689,0],]]
[49434,6,48,[[49433,0],[49435,0],[49178,0],[49179,0],[49690,0],]]
[49435,18,48,[[49436,0],[49434,0],[49179,0],[49691,0],]]
[49436,17,48,[[49435,0],[49437,0],[49180,0],[49181,0],[49692,0],]]
[49437,18,48,[[49438,0],[49436,0],[49181,0],[49693,0],]]
[49438,11,48,[[49437,0],[49439,0],[49182,0],[49183,0],[49694,0],]]
[49439,19,48,[[49440,0],[49438,0],[49183,0],[49695,0],]]
[49440,13,49,[[49439,0],[49441,0],[49184,0],[49185,0],[49696,0],]]
[49441,15,49,[[49442,0],[49440,0],[49185,0],[49697,0],]]
[49442,4,49,[[49441,0],[49443,0],[49186,0],[49187,0],[49698,0],]]
[49443,12,49,[[49444,0],[49442,0],[49187,0],[49699,0],]]
[49444,2,49,[[49443,0],[49445,0],[49188,0],[49189,0],[49700,0],]]
[49445,10,49,[[49446,0],[49444,0],[49189,0],[49701,0],]]
[49446,3,49,[[49445,0],[49447,0],[49190,0],[49191,0],[49702,0],]]
[49447,16,49,[[49448,0],[49446,0],[49191,0],[49703,0],]]
[49448,17,49,[[49447,0],[49449,0],[49192,0],[49193,0],[49704,0],]]
[49449,13,49,[[49450,0],[49448,0],[49193,0],[49705,0],]]
[49450,4,49,[[49449,0],[49451,0],[49194,0],[49195,0],[49706,0],]]
[49451,8,49,[[49452,0],[49450,0],[49195,0],[49707,0],]]
[49452,3,49,[[49451,0],[49453,0],[49196,0],[49197,0],[49708,0],]]
[49453,13,49,[[49454,0],[49452,0],[49197,0],[49709,0],]]
[49454,14,49,[[49453,0],[49455,0],[49198,0],[49199,0],[49710,0],]]
[49455,16,49,[[49456,0],[49454,0],[49199,0],[49711,0],]]
[49456,19,49,[[49455,0],[49457,0],[49200,0],[49201,0],[49712,0],]]
[49457,18,49,[[49458,0],[49456,0],[49201,0],[49713,0],]]
[49458,8,49,[[49457,0],[49459,0],[49202,0],[49203,0],[49714,0],]]
[49459,11,49,[[49460,0],[49458,0],[49203,0],[49715,0],]]
[49460,11,49,[[49459,0],[49461,0],[49204,0],[49205,0],[49716,0],]]
[49461,2,49,[[49462,0],[49460,0],[49205,0],[49717,0],]]
[49462,12,49,[[49461,0],[49463,0],[49206,0],[49207,0],[49718,0],]]
[49463,17,49,[[49464,0],[49462,0],[49207,0],[49719,0],]]
[49464,11,49,[[49463,0],[49465,0],[49208,0],[49209,0],[49720,0],]]
[49465,18,49,[[49466,0],[49464,0],[49209,0],[49721,0],]]
[49466,13,49,[[49465,0],[49467,0],[49210,0],[49211,0],[49722,0],]]
[49467,16,49,[[49468,0],[49466,0],[49211,0],[49723,0],]]
[49468,15,49,[[49467,0],[49469,0],[49212,0],[49213,0],[49724,0],]]
[49469,7,49,[[49470,0],[49468,0],[49213,0],[49725,0],]]
[49470,2,49,[[49469,0],[49471,0],[49214,0],[49215,0],[49726,0],]]
[49471,8,49,[[49472,0],[49470,0],[49215,0],[49727,0],]]
[49472,6,50,[[49471,0],[49473,0],[49216,0],[49217,0],[49728,0],]]
[49473,8,50,[[49474,0],[49472,0],[49217,0],[49729,0],]]
[49474,17,50,[[49473,0],[49475,0],[49218,0],[49219,0],[49730,0],]]
[49475,9,50,[[49476,0],[49474,0],[49219,0],[49731,0],]]
[49476,15,50,[[49475,0],[49477,0],[49220,0],[49221,0],[49732,0],]]
[49477,3,50,[[49478,0],[49476,0],[49221,0],[49733,0],]]
[49478,17,50,[[49477,0],[49479,0],[49222,0],[49223,0],[49734,0],]]
[49479,2,50,[[49480,0],[49478,0],[49223,0],[49735,0],]]
[49480,11,50,[[49479,0],[49481,0],[49224,0],[49225,0],[49736,0],]]
[49481,18,50,[[49482,0],[49480,0],[49225,0],[49737,0],]]
[49482,6,50,[[49481,0],[49483,0],[49226,0],[49227,0],[49738,0],]]
[49483,8,50,[[49484,0],[49482,0],[49227,0],[49739,0],]]
[49484,15,50,[[49483,0],[49485,0],[49228,0],[49229,0],[49740,0],]]
[49485,13,50,[[49486,0],[49484,0],[49229,0],[49741,0],]]
[49486,5,50,[[49485,0],[49487,0],[49230,0],[49231,0],[49742,0],]]
[49487,7,50,[[49488,0],[49486,0],[49231,0],[49743,0],]]
[49488,12,50,[[49487,0],[49489,0],[49232,0],[49233,0],[49744,0],]]
[49489,5,50,[[49490,0],[49488,0],[49233,0],[49745,0],]]
[49490,13,50,[[49489,0],[49491,0],[49234,0],[49235,0],[49746,0],]]
[49491,15,50,[[49492,0],[49490,0],[49235,0],[49747,0],]]
[49492,8,50,[[49491,0],[49493,0],[49236,0],[49237,0],[49748,0],]]
[49493,7,50,[[49494,0],[49492,0],[49237,0],[49749,0],]]
[49494,12,50,[[49493,0],[49495,0],[49238,0],[49239,0],[49750,0],]]
[49495,3,50,[[49496,0],[49494,0],[49239,0],[49751,0],]]
[49496,16,50,[[49495,0],[49497,0],[49240,0],[49241,0],[49752,0],]]
[49497,7,50,[[49498,0],[49496,0],[49241,0],[49753,0],]]
[49498,14,50,[[49497,0],[49499,0],[49242,0],[49243,0],[49754,0],]]
[49499,4,50,[[49500,0],[49498,0],[49243,0],[49755,0],]]
[49500,16,50,[[49499,0],[49501,0],[49244,0],[49245,0],[49756,0],]]
[49501,11,50,[[49502,0],[49500,0],[49245,0],[49757,0],]]
[49502,15,50,[[49501,0],[49503,0],[49246,0],[49247,0],[49758,0],]]
[49503,10,50,[[49504,0],[49502,0],[49247,0],[49759,0],]]
[49504,6,51,[[49503,0],[49505,0],[49248,0],[49249,0],[49760,0],]]
[49505,11,51,[[49506,0],[49504,0],[49249,0],[49761,0],]]
[49506,6,51,[[49505,0],[49507,0],[49250,0],[49251,0],[49762,0],]]
[49507,1,51,[[49508,0],[49506,0],[49251,0],[49763,0],]]
[49508,8,51,[[49507,0],[49509,0],[49252,0],[49253,0],[49764,0],]]
[49509,5,51,[[49510,0],[49508,0],[49253,0],[49765,0],]]
[49510,11,51,[[49509,0],[49511,0],[49254,0],[49255,0],[49766,0],]]
[49511,1,51,[[49512,0],[49510,0],[49255,0],[49767,0],]]
[49512,13,51,[[49511,0],[49513,0],[49256,0],[49257,0],[49768,0],]]
[49513,17,51,[[49514,0],[49512,0],[49257,0],[49769,0],]]
[49514,19,51,[[49513,0],[49515,0],[49258,0],[49259,0],[49770,0],]]
[49515,1,51,[[49516,0],[49514,0],[49259,0],[49771,0],]]
[49516,13,51,[[49515,0],[49517,0],[49260,0],[49261,0],[49772,0],]]
[49517,8,51,[[49518,0],[49516,0],[49261,0],[49773,0],]]
[49518,14,51,[[49517,0],[49519,0],[49262,0],[49263,0],[49774,0],]]
[49519,9,51,[[49520,0],[49518,0],[49263,0],[49775,0],]]
[49520,18,51,[[49519,0],[49521,0],[49264,0],[49265,0],[49776,0],]]
[49521,8,51,[[49522,0],[49520,0],[49265,0],[49777,0],]]
[49522,15,51,[[49521,0],[49523,0],[49266,0],[49267,0],[49778,0],]]
[49523,19,51,[[49524,0],[49522,0],[49267,0],[49779,0],]]
[49524,11,51,[[49523,0],[49525,0],[49268,0],[49269,0],[49780,0],]]
[49525,1,51,[[49526,0],[49524,0],[49269,0],[49781,0],]]
[49526,14,51,[[49525,0],[49527,0],[49270,0],[49271,0],[49782,0],]]
[49527,4,51,[[49528,0],[49526,0],[49271,0],[49783,0],]]
[49528,17,51,[[49527,0],[49529,0],[49272,0],[49273,0],[49784,0],]]
[49529,12,51,[[49530,0],[49528,0],[49273,0],[49785,0],]]
[49530,8,51,[[49529,0],[49531,0],[49274,0],[49275,0],[49786,0],]]
[49531,4,51,[[49532,0],[49530,0],[49275,0],[49787,0],]]
[49532,16,51,[[49531,0],[49533,0],[49276,0],[49277,0],[49788,0],]]
[49533,18,51,[[49534,0],[49532,0],[49277,0],[49789,0],]]
[49534,19,51,[[49533,0],[49535,0],[49278,0],[49279,0],[49790,0],]]
[49535,18,51,[[49536,0],[49534,0],[49279,0],[49791,0],]]
[49536,1,52,[[49535,0],[49537,0],[49280,0],[49281,0],[49792,0],]]
[49537,1,52,[[49538,0],[49536,0],[49281,0],[49793,0],]]
[49538,6,52,[[49537,0],[49539,0],[49282,0],[49283,0],[49794,0],]]
[49539,15,52,[[49540,0],[49538,0],[49283,0],[49795,0],]]
[49540,11,52,[[49539,0],[49541,0],[49284,0],[49285,0],[49796,0],]]
[49541,9,52,[[49542,0],[49540,0],[49285,0],[49797,0],]]
[49542,11,52,[[49541,0],[49543,0],[49286,0],[49287,0],[49798,0],]]
[49543,16,52,[[49544,0],[49542,0],[49287,0],[49799,0],]]
[49544,3,52,[[49543,0],[49545,0],[49288,0],[49289,0],[49800,0],]]
[49545,16,52,[[49546,0],[49544,0],[49289,0],[49801,0],]]
[49546,18,52,[[49545,0],[49547,0],[49290,0],[49291,0],[49802,0],]]
[49547,18,52,[[49548,0],[49546,0],[49291,0],[49803,0],]]
[49548,2,52,[[49547,0],[49549,0],[49292,0],[49293,0],[49804,0],]]
[49549,7,52,[[49550,0],[49548,0],[49293,0],[49805,0],]]
[49550,4,52,[[49549,0],[49551,0],[49294,0],[49295,0],[49806,0],]]
[49551,18,52,[[49552,0],[49550,0],[49295,0],[49807,0],]]
[49552,4,52,[[49551,0],[49553,0],[49296,0],[49297,0],[49808,0],]]
[49553,7,52,[[49554,0],[49552,0],[49297,0],[49809,0],]]
[49554,17,52,[[49553,0],[49555,0],[49298,0],[49299,0],[49810,0],]]
[49555,18,52,[[49556,0],[49554,0],[49299,0],[49811,0],]]
[49556,9,52,[[49555,0],[49557,0],[49300,0],[49301,0],[49812,0],]]
[49557,9,52,[[49558,0],[49556,0],[49301,0],[49813,0],]]
[49558,10,52,[[49557,0],[49559,0],[49302,0],[49303,0],[49814,0],]]
[49559,9,52,[[49560,0],[49558,0],[49303,0],[49815,0],]]
[49560,15,52,[[49559,0],[49561,0],[49304,0],[49305,0],[49816,0],]]
[49561,15,52,[[49562,0],[49560,0],[49305,0],[49817,0],]]
[49562,14,52,[[49561,0],[49563,0],[49306,0],[49307,0],[49818,0],]]
[49563,1,52,[[49564,0],[49562,0],[49307,0],[49819,0],]]
[49564,3,52,[[49563,0],[49565,0],[49308,0],[49309,0],[49820,0],]]
[49565,7,52,[[49566,0],[49564,0],[49309,0],[49821,0],]]
[49566,16,52,[[49565,0],[49567,0],[49310,0],[49311,0],[49822,0],]]
[49567,16,52,[[49568,0],[49566,0],[49311,0],[49823,0],]]
[49568,15,53,[[49567,0],[49569,0],[49312,0],[49313,0],[49824,0],]]
[49569,6,53,[[49570,0],[49568,0],[49313,0],[49825,0],]]
[49570,2,53,[[49569,0],[49571,0],[49314,0],[49315,0],[49826,0],]]
[49571,3,53,[[49572,0],[49570,0],[49315,0],[49827,0],]]
[49572,5,53,[[49571,0],[49573,0],[49316,0],[49317,0],[49828,0],]]
[49573,16,53,[[49574,0],[49572,0],[49317,0],[49829,0],]]
[49574,2,53,[[49573,0],[49575,0],[49318,0],[49319,0],[49830,0],]]
[49575,12,53,[[49576,0],[49574,0],[49319,0],[49831,0],]]
[49576,9,53,[[49575,0],[49577,0],[49320,0],[49321,0],[49832,0],]]
[49577,16,53,[[49578,0],[49576,0],[49321,0],[49833,0],]]
[49578,4,53,[[49577,0],[49579,0],[49322,0],[49323,0],[49834,0],]]
[49579,9,53,[[49580,0],[49578,0],[49323,0],[49835,0],]]
[49580,14,53,[[49579,0],[49581,0],[49324,0],[49325,0],[49836,0],]]
[49581,6,53,[[49582,0],[49580,0],[49325,0],[49837,0],]]
[49582,4,53,[[49581,0],[49583,0],[49326,0],[49327,0],[49838,0],]]
[49583,6,53,[[49584,0],[49582,0],[49327,0],[49839,0],]]
[49584,18,53,[[49583,0],[49585,0],[49328,0],[49329,0],[49840,0],]]
[49585,4,53,[[49586,0],[49584,0],[49329,0],[49841,0],]]
[49586,12,53,[[49585,0],[49587,0],[49330,0],[49331,0],[49842,0],]]
[49587,2,53,[[49588,0],[49586,0],[49331,0],[49843,0],]]
[49588,12,53,[[49587,0],[49589,0],[49332,0],[49333,0],[49844,0],]]
[49589,2,53,[[49590,0],[49588,0],[49333,0],[49845,0],]]
[49590,8,53,[[49589,0],[49591,0],[49334,0],[49335,0],[49846,0],]]
[49591,19,53,[[49592,0],[49590,0],[49335,0],[49847,0],]]
[49592,5,53,[[49591,0],[49593,0],[49336,0],[49337,0],[49848,0],]]
[49593,5,53,[[49594,0],[49592,0],[49337,0],[49849,0],]]
[49594,2,53,[[49593,0],[49595,0],[49338,0],[49339,0],[49850,0],]]
[49595,13,53,[[49596,0],[49594,0],[49339,0],[49851,0],]]
[49596,4,53,[[49595,0],[49597,0],[49340,0],[49341,0],[49852,0],]]
[49597,11,53,[[49598,0],[49596,0],[49341,0],[49853,0],]]
[49598,16,53,[[49597,0],[49599,0],[49342,0],[49343,0],[49854,0],]]
[49599,12,53,[[49600,0],[49598,0],[49343,0],[49855,0],]]
[49600,10,54,[[49599,0],[49601,0],[49344,0],[49345,0],[49856,0],]]
[49601,16,54,[[49602,0],[49600,0],[49345,0],[49857,0],]]
[49602,14,54,[[49601,0],[49603,0],[49346,0],[49347,0],[49858,0],]]
[49603,19,54,[[49604,0],[49602,0],[49347,0],[49859,0],]]
[49604,8,54,[[49603,0],[49605,0],[49348,0],[49349,0],[49860,0],]]
[49605,14,54,[[49606,0],[49604,0],[49349,0],[49861,0],]]
[49606,6,54,[[49605,0],[49607,0],[49350,0],[49351,0],[49862,0],]]
[49607,19,54,[[49608,0],[49606,0],[49351,0],[49863,0],]]
[49608,6,54,[[49607,0],[49609,0],[49352,0],[49353,0],[49864,0],]]
[49609,17,54,[[49610,0],[49608,0],[49353,0],[49865,0],]]
[49610,6,54,[[49609,0],[49611,0],[49354,0],[49355,0],[49866,0],]]
[49611,19,54,[[49612,0],[49610,0],[49355,0],[49867,0],]]
[49612,6,54,[[49611,0],[49613,0],[49356,0],[49357,0],[49868,0],]]
[49613,15,54,[[49614,0],[49612,0],[49357,0],[49869,0],]]
[49614,7,54,[[49613,0],[49615,0],[49358,0],[49359,0],[49870,0],]]
[49615,15,54,[[49616,0],[49614,0],[49359,0],[49871,0],]]
[49616,17,54,[[49615,0],[49617,0],[49360,0],[49361,0],[49872,0],]]
[49617,19,54,[[49618,0],[49616,0],[49361,0],[49873,0],]]
[49618,8,54,[[49617,0],[49619,0],[49362,0],[49363,0],[49874,0],]]
[49619,1,54,[[49620,0],[49618,0],[49363,0],[49875,0],]]
[49620,3,54,[[49619,0],[49621,0],[49364,0],[49365,0],[49876,0],]]
[49621,18,54,[[49622,0],[49620,0],[49365,0],[49877,0],]]
[49622,18,54,[[49621,0],[49623,0],[49366,0],[49367,0],[49878,0],]]
[49623,4,54,[[49624,0],[49622,0],[49367,0],[49879,0],]]
[49624,9,54,[[49623,0],[49625,0],[49368,0],[49369,0],[49880,0],]]
[49625,8,54,[[49626,0],[49624,0],[49369,0],[49881,0],]]
[49626,4,54,[[49625,0],[49627,0],[49370,0],[49371,0],[49882,0],]]
[49627,10,54,[[49628,0],[49626,0],[49371,0],[49883,0],]]
[49628,1,54,[[49627,0],[49629,0],[49372,0],[49373,0],[49884,0],]]
[49629,5,54,[[49630,0],[49628,0],[49373,0],[49885,0],]]
[49630,11,54,[[49629,0],[49631,0],[49374,0],[49375,0],[49886,0],]]
[49631,12,54,[[49632,0],[49630,0],[49375,0],[49887,0],]]
[49632,19,55,[[49631,0],[49633,0],[49376,0],[49377,0],[49888,0],]]
[49633,9,55,[[49634,0],[49632,0],[49377,0],[49889,0],]]
[49634,14,55,[[49633,0],[49635,0],[49378,0],[49379,0],[49890,0],]]
[49635,10,55,[[49636,0],[49634,0],[49379,0],[49891,0],]]
[49636,18,55,[[49635,0],[49637,0],[49380,0],[49381,0],[49892,0],]]
[49637,3,55,[[49638,0],[49636,0],[49381,0],[49893,0],]]
[49638,6,55,[[49637,0],[49639,0],[49382,0],[49383,0],[49894,0],]]
[49639,5,55,[[49640,0],[49638,0],[49383,0],[49895,0],]]
[49640,7,55,[[49639,0],[49641,0],[49384,0],[49385,0],[49896,0],]]
[49641,13,55,[[49642,0],[49640,0],[49385,0],[49897,0],]]
[49642,16,55,[[49641,0],[49643,0],[49386,0],[49387,0],[49898,0],]]
[49643,1,55,[[49644,0],[49642,0],[49387,0],[49899,0],]]
[49644,12,55,[[49643,0],[49645,0],[49388,0],[49389,0],[49900,0],]]
[49645,17,55,[[49646,0],[49644,0],[49389,0],[49901,0],]]
[49646,3,55,[[49645,0],[49647,0],[49390,0],[49391,0],[49902,0],]]
[49647,17,55,[[49648,0],[49646,0],[49391,0],[49903,0],]]
[49648,18,55,[[49647,0],[49649,0],[49392,0],[49393,0],[49904,0],]]
[49649,13,55,[[49650,0],[49648,0],[49393,0],[49905,0],]]
[49650,3,55,[[49649,0],[49651,0],[49394,0],[49395,0],[49906,0],]]
[49651,5,55,[[49652,0],[49650,0],[49395,0],[49907,0],]]
[49652,10,55,[[49651,0],[49653,0],[49396,0],[49397,0],[49908,0],]]
[49653,19,55,[[49654,0],[49652,0],[49397,0],[49909,0],]]
[49654,15,55,[[49653,0],[49655,0],[49398,0],[49399,0],[49910,0],]]
[49655,6,55,[[49656,0],[49654,0],[49399,0],[49911,0],]]
[49656,7,55,[[49655,0],[49657,0],[49400,0],[49401,0],[49912,0],]]
[49657,15,55,[[49658,0],[49656,0],[49401,0],[49913,0],]]
[49658,8,55,[[49657,0],[49659,0],[49402,0],[49403,0],[49914,0],]]
[49659,15,55,[[49660,0],[49658,0],[49403,0],[49915,0],]]
[49660,13,55,[[49659,0],[49661,0],[49404,0],[49405,0],[49916,0],]]
[49661,15,55,[[49662,0],[49660,0],[49405,0],[49917,0],]]
[49662,17,55,[[49661,0],[49663,0],[49406,0],[49407,0],[49918,0],]]
[49663,7,55,[[49662,0],[49407,0],[49919,0],]]
[49664,8,48,[[49665,0],[49920,0],[49408,0],]]
[49665,3,48,[[49666,0],[49664,0],[49921,0],[49920,0],[49409,0],]]
[49666,7,48,[[49665,0],[49667,0],[49922,0],[49410,0],]]
[49667,18,48,[[49668,0],[49666,0],[49923,0],[49922,0],[49411,0],]]
[49668,4,48,[[49667,0],[49669,0],[49924,0],[49412,0],]]
[49669,18,48,[[49670,0],[49668,0],[49925,0],[49924,0],[49413,0],]]
[49670,1,48,[[49669,0],[49671,0],[49926,0],[49414,0],]]
[49671,14,48,[[49672,0],[49670,0],[49927,0],[49926,0],[49415,0],]]
[49672,9,48,[[49671,0],[49673,0],[49928,0],[49416,0],]]
[49673,16,48,[[49674,0],[49672,0],[49929,0],[49928,0],[49417,0],]]
[49674,6,48,[[49673,0],[49675,0],[49930,0],[49418,0],]]
[49675,18,48,[[49676,0],[49674,0],[49931,0],[49930,0],[49419,0],]]
[49676,19,48,[[49675,0],[49677,0],[49932,0],[49420,0],]]
[49677,16,48,[[49678,0],[49676,0],[49933,0],[49932,0],[49421,0],]]
[49678,1,48,[[49677,0],[49679,0],[49934,0],[49422,0],]]
[49679,15,48,[[49680,0],[49678,0],[49935,0],[49934,0],[49423,0],]]
[49680,14,48,[[49679,0],[49681,0],[49936,0],[49424,0],]]
[49681,7,48,[[49682,0],[49680,0],[49937,0],[49936,0],[49425,0],]]
[49682,12,48,[[49681,0],[49683,0],[49938,0],[49426,0],]]
[49683,19,48,[[49684,0],[49682,0],[49939,0],[49938,0],[49427,0],]]
[49684,10,48,[[49683,0],[49685,0],[49940,0],[49428,0],]]
[49685,8,48,[[49686,0],[49684,0],[49941,0],[49940,0],[49429,0],]]
[49686,19,48,[[49685,0],[49687,0],[49942,0],[49430,0],]]
[49687,3,48,[[49688,0],[49686,0],[49943,0],[49942,0],[49431,0],]]
[49688,7,48,[[49687,0],[49689,0],[49944,0],[49432,0],]]
[49689,15,48,[[49690,0],[49688,0],[49945,0],[49944,0],[49433,0],]]
[49690,3,48,[[49689,0],[49691,0],[49946,0],[49434,0],]]
[49691,9,48,[[49692,0],[49690,0],[49947,0],[49946,0],[49435,0],]]
[49692,8,48,[[49691,0],[49693,0],[49948,0],[49436,0],]]
[49693,17,48,[[49694,0],[49692,0],[49949,0],[49948,0],[49437,0],]]
[49694,10,48,[[49693,0],[49695,0],[49950,0],[49438,0],]]
[49695,9,48,[[49696,0],[49694,0],[49951,0],[49950,0],[49439,0],]]
[49696,5,49,[[49695,0],[49697,0],[49952,0],[49440,0],]]
[49697,15,49,[[49698,0],[49696,0],[49953,0],[49952,0],[49441,0],]]
[49698,4,49,[[49697,0],[49699,0],[49954,0],[49442,0],]]
[49699,10,49,[[49700,0],[49698,0],[49955,0],[49954,0],[49443,0],]]
[49700,6,49,[[49699,0],[49701,0],[49956,0],[49444,0],]]
[49701,12,49,[[49702,0],[49700,0],[49957,0],[49956,0],[49445,0],]]
[49702,9,49,[[49701,0],[49703,0],[49958,0],[49446,0],]]
[49703,18,49,[[49704,0],[49702,0],[49959,0],[49958,0],[49447,0],]]
[49704,8,49,[[49703,0],[49705,0],[49960,0],[49448,0],]]
[49705,12,49,[[49706,0],[49704,0],[49961,0],[49960,0],[49449,0],]]
[49706,2,49,[[49705,0],[49707,0],[49962,0],[49450,0],]]
[49707,9,49,[[49708,0],[49706,0],[49963,0],[49962,0],[49451,0],]]
[49708,8,49,[[49707,0],[49709,0],[49964,0],[49452,0],]]
[49709,6,49,[[49710,0],[49708,0],[49965,0],[49964,0],[49453,0],]]
[49710,11,49,[[49709,0],[49711,0],[49966,0],[49454,0],]]
[49711,13,49,[[49712,0],[49710,0],[49967,0],[49966,0],[49455,0],]]
[49712,18,49,[[49711,0],[49713,0],[49968,0],[49456,0],]]
[49713,13,49,[[49714,0],[49712,0],[49969,0],[49968,0],[49457,0],]]
[49714,9,49,[[49713,0],[49715,0],[49970,0],[49458,0],]]
[49715,11,49,[[49716,0],[49714,0],[49971,0],[49970,0],[49459,0],]]
[49716,9,49,[[49715,0],[49717,0],[49972,0],[49460,0],]]
[49717,5,49,[[49718,0],[49716,0],[49973,0],[49972,0],[49461,0],]]
[49718,9,49,[[49717,0],[49719,0],[49974,0],[49462,0],]]
[49719,7,49,[[49720,0],[49718,0],[49975,0],[49974,0],[49463,0],]]
[49720,5,49,[[49719,0],[49721,0],[49976,0],[49464,0],]]
[49721,10,49,[[49722,0],[49720,0],[49977,0],[49976,0],[49465,0],]]
[49722,18,49,[[49721,0],[49723,0],[49978,0],[49466,0],]]
[49723,5,49,[[49724,0],[49722,0],[49979,0],[49978,0],[49467,0],]]
[49724,1,49,[[49723,0],[49725,0],[49980,0],[49468,0],]]
[49725,13,49,[[49726,0],[49724,0],[49981,0],[49980,0],[49469,0],]]
[49726,18,49,[[49725,0],[49727,0],[49982,0],[49470,0],]]
[49727,7,49,[[49728,0],[49726,0],[49983,0],[49982,0],[49471,0],]]
[49728,8,50,[[49727,0],[49729,0],[49984,0],[49472,0],]]
[49729,14,50,[[49730,0],[49728,0],[49985,0],[49984,0],[49473,0],]]
[49730,6,50,[[49729,0],[49731,0],[49986,0],[49474,0],]]
[49731,19,50,[[49732,0],[49730,0],[49987,0],[49986,0],[49475,0],]]
[49732,5,50,[[49731,0],[49733,0],[49988,0],[49476,0],]]
[49733,19,50,[[49734,0],[49732,0],[49989,0],[49988,0],[49477,0],]]
[49734,18,50,[[49733,0],[49735,0],[49990,0],[49478,0],]]
[49735,17,50,[[49736,0],[49734,0],[49991,0],[49990,0],[49479,0],]]
[49736,2,50,[[49735,0],[49737,0],[49992,0],[49480,0],]]
[49737,9,50,[[49738,0],[49736,0],[49993,0],[49992,0],[49481,0],]]
[49738,12,50,[[49737,0],[49739,0],[49994,0],[49482,0],]]
[49739,13,50,[[49740,0],[49738,0],[49995,0],[49994,0],[49483,0],]]
[49740,3,50,[[49739,0],[49741,0],[49996,0],[49484,0],]]
[49741,13,50,[[49742,0],[49740,0],[49997,0],[49996,0],[49485,0],]]
[49742,14,50,[[49741,0],[49743,0],[49998,0],[49486,0],]]
[49743,7,50,[[49744,0],[49742,0],[49999,0],[49998,0],[49487,0],]]
[49744,8,50,[[49743,0],[49745,0],[50000,0],[49488,0],]]
[49745,18,50,[[49746,0],[49744,0],[50001,0],[50000,0],[49489,0],]]
[49746,14,50,[[49745,0],[49747,0],[50002,0],[49490,0],]]
[49747,9,50,[[49748,0],[49746,0],[50003,0],[50002,0],[49491,0],]]
[49748,10,50,[[49747,0],[49749,0],[50004,0],[49492,0],]]
[49749,11,50,[[49750,0],[49748,0],[50005,0],[50004,0],[49493,0],]]
[49750,12,50,[[49749,0],[49751,0],[50006,0],[49494,0],]]
[49751,17,50,[[49752,0],[49750,0],[50007,0],[50006,0],[49495,0],]]
[49752,12,50,[[49751,0],[49753,0],[50008,0],[49496,0],]]
[49753,12,50,[[49754,0],[49752,0],[50009,0],[50008,0],[49497,0],]]
[49754,7,50,[[49753,0],[49755,0],[50010,0],[49498,0],]]
[49755,9,50,[[49756,0],[49754,0],[50011,0],[50010,0],[49499,0],]]
[49756,13,50,[[49755,0],[49757,0],[50012,0],[49500,0],]]
[49757,1,50,[[49758,0],[49756,0],[50013,0],[50012,0],[49501,0],]]
[49758,12,50,[[49757,0],[49759,0],[50014,0],[49502,0],]]
[49759,8,50,[[49760,0],[49758,0],[50015,0],[50014,0],[49503,0],]]
[49760,19,51,[[49759,0],[49761,0],[50016,0],[49504,0],]]
[49761,12,51,[[49762,0],[49760,0],[50017,0],[50016,0],[49505,0],]]
[49762,13,51,[[49761,0],[49763,0],[50018,0],[49506,0],]]
[49763,18,51,[[49764,0],[49762,0],[50019,0],[50018,0],[49507,0],]]
[49764,11,51,[[49763,0],[49765,0],[50020,0],[49508,0],]]
[49765,18,51,[[49766,0],[49764,0],[50021,0],[50020,0],[49509,0],]]
[49766,3,51,[[49765,0],[49767,0],[50022,0],[49510,0],]]
[49767,13,51,[[49768,0],[49766,0],[50023,0],[50022,0],[49511,0],]]
[49768,19,51,[[49767,0],[49769,0],[50024,0],[49512,0],]]
[49769,10,51,[[49770,0],[49768,0],[50025,0],[50024,0],[49513,0],]]
[49770,7,51,[[49769,0],[49771,0],[50026,0],[49514,0],]]
[49771,10,51,[[49772,0],[49770,0],[50027,0],[50026,0],[49515,0],]]
[49772,2,51,[[49771,0],[49773,0],[50028,0],[49516,0],]]
[49773,5,51,[[49774,0],[49772,0],[50029,0],[50028,0],[49517,0],]]
[49774,5,51,[[49773,0],[49775,0],[50030,0],[49518,0],]]
[49775,6,51,[[49776,0],[49774,0],[50031,0],[50030,0],[49519,0],]]
[49776,1,51,[[49775,0],[49777,0],[50032,0],[49520,0],]]
[49777,9,51,[[49778,0],[49776,0],[50033,0],[50032,0],[49521,0],]]
[49778,6,51,[[49777,0],[49779,0],[50034,0],[49522,0],]]
[49779,18,51,[[49780,0],[49778,0],[50035,0],[50034,0],[49523,0],]]
[49780,17,51,[[49779,0],[49781,0],[50036,0],[49524,0],]]
[49781,11,51,[[49782,0],[49780,0],[50037,0],[50036,0],[49525,0],]]
[49782,8,51,[[49781,0],[49783,0],[50038,0],[49526,0],]]
[49783,9,51,[[49784,0],[49782,0],[50039,0],[50038,0],[49527,0],]]
[49784,17,51,[[49783,0],[49785,0],[50040,0],[49528,0],]]
[49785,7,51,[[49786,0],[49784,0],[50041,0],[50040,0],[49529,0],]]
[49786,19,51,[[49785,0],[49787,0],[50042,0],[49530,0],]]
[49787,4,51,[[49788,0],[49786,0],[50043,0],[50042,0],[49531,0],]]
[49788,11,51,[[49787,0],[49789,0],[50044,0],[49532,0],]]
[49789,11,51,[[49790,0],[49788,0],[50045,0],[50044,0],[49533,0],]]
[49790,1,51,[[49789,0],[49791,0],[50046,0],[49534,0],]]
[49791,14,51,[[49792,0],[49790,0],[50047,0],[50046,0],[49535,0],]]
[49792,9,52,[[49791,0],[49793,0],[50048,0],[49536,0],]]
[49793,7,52,[[49794,0],[49792,0],[50049,0],[50048,0],[49537,0],]]
[49794,15,52,[[49793,0],[49795,0],[50050,0],[49538,0],]]
[49795,11,52,[[49796,0],[49794,0],[50051,0],[50050,0],[49539,0],]]
[49796,2,52,[[49795,0],[49797,0],[50052,0],[49540,0],]]
[49797,8,52,[[49798,0],[49796,0],[50053,0],[50052,0],[49541,0],]]
[49798,1,52,[[49797,0],[49799,0],[50054,0],[49542,0],]]
[49799,2,52,[[49800,0],[49798,0],[50055,0],[50054,0],[49543,0],]]
[49800,16,52,[[49799,0],[49801,0],[50056,0],[49544,0],]]
[49801,6,52,[[49802,0],[49800,0],[50057,0],[50056,0],[49545,0],]]
[49802,4,52,[[49801,0],[49803,0],[50058,0],[49546,0],]]
[49803,5,52,[[49804,0],[49802,0],[50059,0],[50058,0],[49547,0],]]
[49804,5,52,[[49803,0],[49805,0],[50060,0],[49548,0],]]
[49805,3,52,[[49806,0],[49804,0],[50061,0],[50060,0],[49549,0],]]
[49806,11,52,[[49805,0],[49807,0],[50062,0],[49550,0],]]
