[50462,6,48,[[50461,0],[50463,0],[50206,0],[50207,0],[50718,0],]]
[50463,4,48,[[50464,0],[50462,0],[50207,0],[50719,0],]]
[50464,5,49,[[50463,0],[50465,0],[50208,0],[50209,0],[50720,0],]]
[50465,1,49,[[50466,0],[50464,0],[50209,0],[50721,0],]]
[50466,3,49,[[50465,0],[50467,0],[50210,0],[50211,0],[50722,0],]]
[50467,10,49,[[50468,0],[50466,0],[50211,0],[50723,0],]]
[50468,17,49,[[50467,0],[50469,0],[50212,0],[50213,0],[50724,0],]]
[50469,17,49,[[50470,0],[50468,0],[50213,0],[50725,0],]]
[50470,2,49,[[50469,0],[50471,0],[50214,0],[50215,0],[50726,0],]]
[50471,1,49,[[50472,0],[50470,0],[50215,0],[50727,0],]]
[50472,7,49,[[50471,0],[50473,0],[50216,0],[50217,0],[50728,0],]]
[50473,18,49,[[50474,0],[50472,0],[50217,0],[50729,0],]]
[50474,12,49,[[50473,0],[50475,0],[50218,0],[50219,0],[50730,0],]]
[50475,10,49,[[50476,0],[50474,0],[50219,0],[50731,0],]]
[50476,2,49,[[50475,0],[50477,0],[50220,0],[50221,0],[50732,0],]]
[50477,7,49,[[50478,0],[50476,0],[50221,0],[50733,0],]]
[50478,8,49,[[50477,0],[50479,0],[50222,0],[50223,0],[50734,0],]]
[50479,14,49,[[50480,0],[50478,0],[50223,0],[50735,0],]]
[50480,1,49,[[50479,0],[50481,0],[50224,0],[50225,0],[50736,0],]]
[50481,16,49,[[50482,0],[50480,0],[50225,0],[50737,0],]]
[50482,11,49,[[50481,0],[50483,0],[50226,0],[50227,0],[50738,0],]]
[50483,17,49,[[50484,0],[50482,0],[50227,0],[50739,0],]]
[50484,13,49,[[50483,0],[50485,0],[50228,0],[50229,0],[50740,0],]]
[50485,12,49,[[50486,0],[50484,0],[50229,0],[50741,0],]]
[50486,15,49,[[50485,0],[50487,0],[50230,0],[50231,0],[50742,0],]]
[50487,12,49,[[50488,0],[50486,0],[50231,0],[50743,0],]]
[50488,10,49,[[50487,0],[50489,0],[50232,0],[50233,0],[50744,0],]]
[50489,9,49,[[50490,0],[50488,0],[50233,0],[50745,0],]]
[50490,14,49,[[50489,0],[50491,0],[50234,0],[50235,0],[50746,0],]]
[50491,19,49,[[50492,0],[50490,0],[50235,0],[50747,0],]]
[50492,5,49,[[50491,0],[50493,0],[50236,0],[50237,0],[50748,0],]]
[50493,8,49,[[50494,0],[50492,0],[50237,0],[50749,0],]]
[50494,14,49,[[50493,0],[50495,0],[50238,0],[50239,0],[50750,0],]]
[50495,19,49,[[50496,0],[50494,0],[50239,0],[50751,0],]]
[50496,15,50,[[50495,0],[50497,0],[50240,0],[50241,0],[50752,0],]]
[50497,3,50,[[50498,0],[50496,0],[50241,0],[50753,0],]]
[50498,15,50,[[50497,0],[50499,0],[50242,0],[50243,0],[50754,0],]]
[50499,7,50,[[50500,0],[50498,0],[50243,0],[50755,0],]]
[50500,16,50,[[50499,0],[50501,0],[50244,0],[50245,0],[50756,0],]]
[50501,18,50,[[50502,0],[50500,0],[50245,0],[50757,0],]]
[50502,6,50,[[50501,0],[50503,0],[50246,0],[50247,0],[50758,0],]]
[50503,12,50,[[50504,0],[50502,0],[50247,0],[50759,0],]]
[50504,8,50,[[50503,0],[50505,0],[50248,0],[50249,0],[50760,0],]]
[50505,3,50,[[50506,0],[50504,0],[50249,0],[50761,0],]]
[50506,4,50,[[50505,0],[50507,0],[50250,0],[50251,0],[50762,0],]]
[50507,12,50,[[50508,0],[50506,0],[50251,0],[50763,0],]]
[50508,8,50,[[50507,0],[50509,0],[50252,0],[50253,0],[50764,0],]]
[50509,17,50,[[50510,0],[50508,0],[50253,0],[50765,0],]]
[50510,4,50,[[50509,0],[50511,0],[50254,0],[50255,0],[50766,0],]]
[50511,5,50,[[50512,0],[50510,0],[50255,0],[50767,0],]]
[50512,12,50,[[50511,0],[50513,0],[50256,0],[50257,0],[50768,0],]]
[50513,8,50,[[50514,0],[50512,0],[50257,0],[50769,0],]]
[50514,6,50,[[50513,0],[50515,0],[50258,0],[50259,0],[50770,0],]]
[50515,5,50,[[50516,0],[50514,0],[50259,0],[50771,0],]]
[50516,9,50,[[50515,0],[50517,0],[50260,0],[50261,0],[50772,0],]]
[50517,19,50,[[50518,0],[50516,0],[50261,0],[50773,0],]]
[50518,2,50,[[50517,0],[50519,0],[50262,0],[50263,0],[50774,0],]]
[50519,9,50,[[50520,0],[50518,0],[50263,0],[50775,0],]]
[50520,5,50,[[50519,0],[50521,0],[50264,0],[50265,0],[50776,0],]]
[50521,13,50,[[50522,0],[50520,0],[50265,0],[50777,0],]]
[50522,11,50,[[50521,0],[50523,0],[50266,0],[50267,0],[50778,0],]]
[50523,1,50,[[50524,0],[50522,0],[50267,0],[50779,0],]]
[50524,12,50,[[50523,0],[50525,0],[50268,0],[50269,0],[50780,0],]]
[50525,4,50,[[50526,0],[50524,0],[50269,0],[50781,0],]]
[50526,8,50,[[50525,0],[50527,0],[50270,0],[50271,0],[50782,0],]]
[50527,3,50,[[50528,0],[50526,0],[50271,0],[50783,0],]]
[50528,18,51,[[50527,0],[50529,0],[50272,0],[50273,0],[50784,0],]]
[50529,16,51,[[50530,0],[50528,0],[50273,0],[50785,0],]]
[50530,1,51,[[50529,0],[50531,0],[50274,0],[50275,0],[50786,0],]]
[50531,19,51,[[50532,0],[50530,0],[50275,0],[50787,0],]]
[50532,15,51,[[50531,0],[50533,0],[50276,0],[50277,0],[50788,0],]]
[50533,7,51,[[50534,0],[50532,0],[50277,0],[50789,0],]]
[50534,7,51,[[50533,0],[50535,0],[50278,0],[50279,0],[50790,0],]]
[50535,12,51,[[50536,0],[50534,0],[50279,0],[50791,0],]]
[50536,9,51,[[50535,0],[50537,0],[50280,0],[50281,0],[50792,0],]]
[50537,5,51,[[50538,0],[50536,0],[50281,0],[50793,0],]]
[50538,8,51,[[50537,0],[50539,0],[50282,0],[50283,0],[50794,0],]]
[50539,12,51,[[50540,0],[50538,0],[50283,0],[50795,0],]]
[50540,11,51,[[50539,0],[50541,0],[50284,0],[50285,0],[50796,0],]]
[50541,5,51,[[50542,0],[50540,0],[50285,0],[50797,0],]]
[50542,16,51,[[50541,0],[50543,0],[50286,0],[50287,0],[50798,0],]]
[50543,1,51,[[50544,0],[50542,0],[50287,0],[50799,0],]]
[50544,16,51,[[50543,0],[50545,0],[50288,0],[50289,0],[50800,0],]]
[50545,10,51,[[50546,0],[50544,0],[50289,0],[50801,0],]]
[50546,4,51,[[50545,0],[50547,0],[50290,0],[50291,0],[50802,0],]]
[50547,1,51,[[50548,0],[50546,0],[50291,0],[50803,0],]]
[50548,13,51,[[50547,0],[50549,0],[50292,0],[50293,0],[50804,0],]]
[50549,13,51,[[50550,0],[50548,0],[50293,0],[50805,0],]]
[50550,7,51,[[50549,0],[50551,0],[50294,0],[50295,0],[50806,0],]]
[50551,7,51,[[50552,0],[50550,0],[50295,0],[50807,0],]]
[50552,4,51,[[50551,0],[50553,0],[50296,0],[50297,0],[50808,0],]]
[50553,19,51,[[50554,0],[50552,0],[50297,0],[50809,0],]]
[50554,3,51,[[50553,0],[50555,0],[50298,0],[50299,0],[50810,0],]]
[50555,11,51,[[50556,0],[50554,0],[50299,0],[50811,0],]]
[50556,1,51,[[50555,0],[50557,0],[50300,0],[50301,0],[50812,0],]]
[50557,8,51,[[50558,0],[50556,0],[50301,0],[50813,0],]]
[50558,4,51,[[50557,0],[50559,0],[50302,0],[50303,0],[50814,0],]]
[50559,6,51,[[50560,0],[50558,0],[50303,0],[50815,0],]]
[50560,18,52,[[50559,0],[50561,0],[50304,0],[50305,0],[50816,0],]]
[50561,5,52,[[50562,0],[50560,0],[50305,0],[50817,0],]]
[50562,2,52,[[50561,0],[50563,0],[50306,0],[50307,0],[50818,0],]]
[50563,12,52,[[50564,0],[50562,0],[50307,0],[50819,0],]]
[50564,2,52,[[50563,0],[50565,0],[50308,0],[50309,0],[50820,0],]]
[50565,8,52,[[50566,0],[50564,0],[50309,0],[50821,0],]]
[50566,18,52,[[50565,0],[50567,0],[50310,0],[50311,0],[50822,0],]]
[50567,14,52,[[50568,0],[50566,0],[50311,0],[50823,0],]]
[50568,18,52,[[50567,0],[50569,0],[50312,0],[50313,0],[50824,0],]]
[50569,4,52,[[50570,0],[50568,0],[50313,0],[50825,0],]]
[50570,10,52,[[50569,0],[50571,0],[50314,0],[50315,0],[50826,0],]]
[50571,7,52,[[50572,0],[50570,0],[50315,0],[50827,0],]]
[50572,17,52,[[50571,0],[50573,0],[50316,0],[50317,0],[50828,0],]]
[50573,11,52,[[50574,0],[50572,0],[50317,0],[50829,0],]]
[50574,17,52,[[50573,0],[50575,0],[50318,0],[50319,0],[50830,0],]]
[50575,3,52,[[50576,0],[50574,0],[50319,0],[50831,0],]]
[50576,7,52,[[50575,0],[50577,0],[50320,0],[50321,0],[50832,0],]]
[50577,11,52,[[50578,0],[50576,0],[50321,0],[50833,0],]]
[50578,7,52,[[50577,0],[50579,0],[50322,0],[50323,0],[50834,0],]]
[50579,2,52,[[50580,0],[50578,0],[50323,0],[50835,0],]]
[50580,14,52,[[50579,0],[50581,0],[50324,0],[50325,0],[50836,0],]]
[50581,1,52,[[50582,0],[50580,0],[50325,0],[50837,0],]]
[50582,17,52,[[50581,0],[50583,0],[50326,0],[50327,0],[50838,0],]]
[50583,8,52,[[50584,0],[50582,0],[50327,0],[50839,0],]]
[50584,14,52,[[50583,0],[50585,0],[50328,0],[50329,0],[50840,0],]]
[50585,11,52,[[50586,0],[50584,0],[50329,0],[50841,0],]]
[50586,1,52,[[50585,0],[50587,0],[50330,0],[50331,0],[50842,0],]]
[50587,18,52,[[50588,0],[50586,0],[50331,0],[50843,0],]]
[50588,18,52,[[50587,0],[50589,0],[50332,0],[50333,0],[50844,0],]]
[50589,6,52,[[50590,0],[50588,0],[50333,0],[50845,0],]]
[50590,13,52,[[50589,0],[50591,0],[50334,0],[50335,0],[50846,0],]]
[50591,1,52,[[50592,0],[50590,0],[50335,0],[50847,0],]]
[50592,17,53,[[50591,0],[50593,0],[50336,0],[50337,0],[50848,0],]]
[50593,14,53,[[50594,0],[50592,0],[50337,0],[50849,0],]]
[50594,9,53,[[50593,0],[50595,0],[50338,0],[50339,0],[50850,0],]]
[50595,13,53,[[50596,0],[50594,0],[50339,0],[50851,0],]]
[50596,14,53,[[50595,0],[50597,0],[50340,0],[50341,0],[50852,0],]]
[50597,7,53,[[50598,0],[50596,0],[50341,0],[50853,0],]]
[50598,5,53,[[50597,0],[50599,0],[50342,0],[50343,0],[50854,0],]]
[50599,12,53,[[50600,0],[50598,0],[50343,0],[50855,0],]]
[50600,4,53,[[50599,0],[50601,0],[50344,0],[50345,0],[50856,0],]]
[50601,14,53,[[50602,0],[50600,0],[50345,0],[50857,0],]]
[50602,3,53,[[50601,0],[50603,0],[50346,0],[50347,0],[50858,0],]]
[50603,13,53,[[50604,0],[50602,0],[50347,0],[50859,0],]]
[50604,14,53,[[50603,0],[50605,0],[50348,0],[50349,0],[50860,0],]]
[50605,4,53,[[50606,0],[50604,0],[50349,0],[50861,0],]]
[50606,1,53,[[50605,0],[50607,0],[50350,0],[50351,0],[50862,0],]]
[50607,4,53,[[50608,0],[50606,0],[50351,0],[50863,0],]]
[50608,15,53,[[50607,0],[50609,0],[50352,0],[50353,0],[50864,0],]]
[50609,12,53,[[50610,0],[50608,0],[50353,0],[50865,0],]]
[50610,9,53,[[50609,0],[50611,0],[50354,0],[50355,0],[50866,0],]]
[50611,14,53,[[50612,0],[50610,0],[50355,0],[50867,0],]]
[50612,8,53,[[50611,0],[50613,0],[50356,0],[50357,0],[50868,0],]]
[50613,15,53,[[50614,0],[50612,0],[50357,0],[50869,0],]]
[50614,1,53,[[50613,0],[50615,0],[50358,0],[50359,0],[50870,0],]]
[50615,1,53,[[50616,0],[50614,0],[50359,0],[50871,0],]]
[50616,9,53,[[50615,0],[50617,0],[50360,0],[50361,0],[50872,0],]]
[50617,15,53,[[50618,0],[50616,0],[50361,0],[50873,0],]]
[50618,2,53,[[50617,0],[50619,0],[50362,0],[50363,0],[50874,0],]]
[50619,13,53,[[50620,0],[50618,0],[50363,0],[50875,0],]]
[50620,13,53,[[50619,0],[50621,0],[50364,0],[50365,0],[50876,0],]]
[50621,17,53,[[50622,0],[50620,0],[50365,0],[50877,0],]]
[50622,16,53,[[50621,0],[50623,0],[50366,0],[50367,0],[50878,0],]]
[50623,4,53,[[50624,0],[50622,0],[50367,0],[50879,0],]]
[50624,5,54,[[50623,0],[50625,0],[50368,0],[50369,0],[50880,0],]]
[50625,19,54,[[50626,0],[50624,0],[50369,0],[50881,0],]]
[50626,18,54,[[50625,0],[50627,0],[50370,0],[50371,0],[50882,0],]]
[50627,19,54,[[50628,0],[50626,0],[50371,0],[50883,0],]]
[50628,11,54,[[50627,0],[50629,0],[50372,0],[50373,0],[50884,0],]]
[50629,2,54,[[50630,0],[50628,0],[50373,0],[50885,0],]]
[50630,7,54,[[50629,0],[50631,0],[50374,0],[50375,0],[50886,0],]]
[50631,18,54,[[50632,0],[50630,0],[50375,0],[50887,0],]]
[50632,18,54,[[50631,0],[50633,0],[50376,0],[50377,0],[50888,0],]]
[50633,6,54,[[50634,0],[50632,0],[50377,0],[50889,0],]]
[50634,6,54,[[50633,0],[50635,0],[50378,0],[50379,0],[50890,0],]]
[50635,6,54,[[50636,0],[50634,0],[50379,0],[50891,0],]]
[50636,17,54,[[50635,0],[50637,0],[50380,0],[50381,0],[50892,0],]]
[50637,7,54,[[50638,0],[50636,0],[50381,0],[50893,0],]]
[50638,14,54,[[50637,0],[50639,0],[50382,0],[50383,0],[50894,0],]]
[50639,4,54,[[50640,0],[50638,0],[50383,0],[50895,0],]]
[50640,1,54,[[50639,0],[50641,0],[50384,0],[50385,0],[50896,0],]]
[50641,4,54,[[50642,0],[50640,0],[50385,0],[50897,0],]]
[50642,10,54,[[50641,0],[50643,0],[50386,0],[50387,0],[50898,0],]]
[50643,14,54,[[50644,0],[50642,0],[50387,0],[50899,0],]]
[50644,19,54,[[50643,0],[50645,0],[50388,0],[50389,0],[50900,0],]]
[50645,7,54,[[50646,0],[50644,0],[50389,0],[50901,0],]]
[50646,11,54,[[50645,0],[50647,0],[50390,0],[50391,0],[50902,0],]]
[50647,17,54,[[50648,0],[50646,0],[50391,0],[50903,0],]]
[50648,6,54,[[50647,0],[50649,0],[50392,0],[50393,0],[50904,0],]]
[50649,9,54,[[50650,0],[50648,0],[50393,0],[50905,0],]]
[50650,14,54,[[50649,0],[50651,0],[50394,0],[50395,0],[50906,0],]]
[50651,5,54,[[50652,0],[50650,0],[50395,0],[50907,0],]]
[50652,7,54,[[50651,0],[50653,0],[50396,0],[50397,0],[50908,0],]]
[50653,10,54,[[50654,0],[50652,0],[50397,0],[50909,0],]]
[50654,6,54,[[50653,0],[50655,0],[50398,0],[50399,0],[50910,0],]]
[50655,3,54,[[50656,0],[50654,0],[50399,0],[50911,0],]]
[50656,14,55,[[50655,0],[50657,0],[50400,0],[50401,0],[50912,0],]]
[50657,4,55,[[50658,0],[50656,0],[50401,0],[50913,0],]]
[50658,16,55,[[50657,0],[50659,0],[50402,0],[50403,0],[50914,0],]]
[50659,2,55,[[50660,0],[50658,0],[50403,0],[50915,0],]]
[50660,13,55,[[50659,0],[50661,0],[50404,0],[50405,0],[50916,0],]]
[50661,6,55,[[50662,0],[50660,0],[50405,0],[50917,0],]]
[50662,6,55,[[50661,0],[50663,0],[50406,0],[50407,0],[50918,0],]]
[50663,8,55,[[50664,0],[50662,0],[50407,0],[50919,0],]]
[50664,3,55,[[50663,0],[50665,0],[50408,0],[50409,0],[50920,0],]]
[50665,9,55,[[50666,0],[50664,0],[50409,0],[50921,0],]]
[50666,3,55,[[50665,0],[50667,0],[50410,0],[50411,0],[50922,0],]]
[50667,16,55,[[50668,0],[50666,0],[50411,0],[50923,0],]]
[50668,3,55,[[50667,0],[50669,0],[50412,0],[50413,0],[50924,0],]]
[50669,11,55,[[50670,0],[50668,0],[50413,0],[50925,0],]]
[50670,3,55,[[50669,0],[50671,0],[50414,0],[50415,0],[50926,0],]]
[50671,9,55,[[50672,0],[50670,0],[50415,0],[50927,0],]]
[50672,18,55,[[50671,0],[50673,0],[50416,0],[50417,0],[50928,0],]]
[50673,5,55,[[50674,0],[50672,0],[50417,0],[50929,0],]]
[50674,6,55,[[50673,0],[50675,0],[50418,0],[50419,0],[50930,0],]]
[50675,2,55,[[50676,0],[50674,0],[50419,0],[50931,0],]]
[50676,6,55,[[50675,0],[50677,0],[50420,0],[50421,0],[50932,0],]]
[50677,13,55,[[50678,0],[50676,0],[50421,0],[50933,0],]]
[50678,10,55,[[50677,0],[50679,0],[50422,0],[50423,0],[50934,0],]]
[50679,4,55,[[50680,0],[50678,0],[50423,0],[50935,0],]]
[50680,1,55,[[50679,0],[50681,0],[50424,0],[50425,0],[50936,0],]]
[50681,16,55,[[50682,0],[50680,0],[50425,0],[50937,0],]]
[50682,18,55,[[50681,0],[50683,0],[50426,0],[50427,0],[50938,0],]]
[50683,2,55,[[50684,0],[50682,0],[50427,0],[50939,0],]]
[50684,11,55,[[50683,0],[50685,0],[50428,0],[50429,0],[50940,0],]]
[50685,6,55,[[50686,0],[50684,0],[50429,0],[50941,0],]]
[50686,18,55,[[50685,0],[50687,0],[50430,0],[50431,0],[50942,0],]]
[50687,12,55,[[50686,0],[50431,0],[50943,0],]]
[50688,13,48,[[50689,0],[50944,0],[50432,0],]]
[50689,2,48,[[50690,0],[50688,0],[50945,0],[50944,0],[50433,0],]]
[50690,1,48,[[50689,0],[50691,0],[50946,0],[50434,0],]]
[50691,10,48,[[50692,0],[50690,0],[50947,0],[50946,0],[50435,0],]]
[50692,11,48,[[50691,0],[50693,0],[50948,0],[50436,0],]]
[50693,8,48,[[50694,0],[50692,0],[50949,0],[50948,0],[50437,0],]]
[50694,19,48,[[50693,0],[50695,0],[50950,0],[50438,0],]]
[50695,18,48,[[50696,0],[50694,0],[50951,0],[50950,0],[50439,0],]]
[50696,14,48,[[50695,0],[50697,0],[50952,0],[50440,0],]]
[50697,1,48,[[50698,0],[50696,0],[50953,0],[50952,0],[50441,0],]]
[50698,10,48,[[50697,0],[50699,0],[50954,0],[50442,0],]]
[50699,14,48,[[50700,0],[50698,0],[50955,0],[50954,0],[50443,0],]]
[50700,9,48,[[50699,0],[50701,0],[50956,0],[50444,0],]]
[50701,13,48,[[50702,0],[50700,0],[50957,0],[50956,0],[50445,0],]]
[50702,2,48,[[50701,0],[50703,0],[50958,0],[50446,0],]]
[50703,14,48,[[50704,0],[50702,0],[50959,0],[50958,0],[50447,0],]]
[50704,8,48,[[50703,0],[50705,0],[50960,0],[50448,0],]]
[50705,5,48,[[50706,0],[50704,0],[50961,0],[50960,0],[50449,0],]]
[50706,3,48,[[50705,0],[50707,0],[50962,0],[50450,0],]]
[50707,4,48,[[50708,0],[50706,0],[50963,0],[50962,0],[50451,0],]]
[50708,19,48,[[50707,0],[50709,0],[50964,0],[50452,0],]]
[50709,8,48,[[50710,0],[50708,0],[50965,0],[50964,0],[50453,0],]]
[50710,14,48,[[50709,0],[50711,0],[50966,0],[50454,0],]]
[50711,15,48,[[50712,0],[50710,0],[50967,0],[50966,0],[50455,0],]]
[50712,10,48,[[50711,0],[50713,0],[50968,0],[50456,0],]]
[50713,17,48,[[50714,0],[50712,0],[50969,0],[50968,0],[50457,0],]]
[50714,4,48,[[50713,0],[50715,0],[50970,0],[50458,0],]]
[50715,18,48,[[50716,0],[50714,0],[50971,0],[50970,0],[50459,0],]]
[50716,8,48,[[50715,0],[50717,0],[50972,0],[50460,0],]]
[50717,17,48,[[50718,0],[50716,0],[50973,0],[50972,0],[50461,0],]]
[50718,1,48,[[50717,0],[50719,0],[50974,0],[50462,0],]]
[50719,3,48,[[50720,0],[50718,0],[50975,0],[50974,0],[50463,0],]]
[50720,5,49,[[50719,0],[50721,0],[50976,0],[50464,0],]]
[50721,16,49,[[50722,0],[50720,0],[50977,0],[50976,0],[50465,0],]]
[50722,16,49,[[50721,0],[50723,0],[50978,0],[50466,0],]]
[50723,9,49,[[50724,0],[50722,0],[50979,0],[50978,0],[50467,0],]]
[50724,11,49,[[50723,0],[50725,0],[50980,0],[50468,0],]]
[50725,13,49,[[50726,0],[50724,0],[50981,0],[50980,0],[50469,0],]]
[50726,13,49,[[50725,0],[50727,0],[50982,0],[50470,0],]]
[50727,10,49,[[50728,0],[50726,0],[50983,0],[50982,0],[50471,0],]]
[50728,4,49,[[50727,0],[50729,0],[50984,0],[50472,0],]]
[50729,3,49,[[50730,0],[50728,0],[50985,0],[50984,0],[50473,0],]]
[50730,10,49,[[50729,0],[50731,0],[50986,0],[50474,0],]]
[50731,1,49,[[50732,0],[50730,0],[50987,0],[50986,0],[50475,0],]]
[50732,14,49,[[50731,0],[50733,0],[50988,0],[50476,0],]]
[50733,4,49,[[50734,0],[50732,0],[50989,0],[50988,0],[50477,0],]]
[50734,18,49,[[50733,0],[50735,0],[50990,0],[50478,0],]]
[50735,9,49,[[50736,0],[50734,0],[50991,0],[50990,0],[50479,0],]]
[50736,12,49,[[50735,0],[50737,0],[50992,0],[50480,0],]]
[50737,3,49,[[50738,0],[50736,0],[50993,0],[50992,0],[50481,0],]]
[50738,2,49,[[50737,0],[50739,0],[50994,0],[50482,0],]]
[50739,4,49,[[50740,0],[50738,0],[50995,0],[50994,0],[50483,0],]]
[50740,16,49,[[50739,0],[50741,0],[50996,0],[50484,0],]]
[50741,15,49,[[50742,0],[50740,0],[50997,0],[50996,0],[50485,0],]]
[50742,7,49,[[50741,0],[50743,0],[50998,0],[50486,0],]]
[50743,18,49,[[50744,0],[50742,0],[50999,0],[50998,0],[50487,0],]]
[50744,19,49,[[50743,0],[50745,0],[51000,0],[50488,0],]]
[50745,18,49,[[50746,0],[50744,0],[51001,0],[51000,0],[50489,0],]]
[50746,12,49,[[50745,0],[50747,0],[51002,0],[50490,0],]]
[50747,11,49,[[50748,0],[50746,0],[51003,0],[51002,0],[50491,0],]]
[50748,4,49,[[50747,0],[50749,0],[51004,0],[50492,0],]]
[50749,14,49,[[50750,0],[50748,0],[51005,0],[51004,0],[50493,0],]]
[50750,10,49,[[50749,0],[50751,0],[51006,0],[50494,0],]]
[50751,11,49,[[50752,0],[50750,0],[51007,0],[51006,0],[50495,0],]]
[50752,14,50,[[50751,0],[50753,0],[51008,0],[50496,0],]]
[50753,15,50,[[50754,0],[50752,0],[51009,0],[51008,0],[50497,0],]]
[50754,15,50,[[50753,0],[50755,0],[51010,0],[50498,0],]]
[50755,1,50,[[50756,0],[50754,0],[51011,0],[51010,0],[50499,0],]]
[50756,14,50,[[50755,0],[50757,0],[51012,0],[50500,0],]]
[50757,12,50,[[50758,0],[50756,0],[51013,0],[51012,0],[50501,0],]]
[50758,3,50,[[50757,0],[50759,0],[51014,0],[50502,0],]]
[50759,16,50,[[50760,0],[50758,0],[51015,0],[51014,0],[50503,0],]]
[50760,18,50,[[50759,0],[50761,0],[51016,0],[50504,0],]]
[50761,8,50,[[50762,0],[50760,0],[51017,0],[51016,0],[50505,0],]]
[50762,9,50,[[50761,0],[50763,0],[51018,0],[50506,0],]]
[50763,5,50,[[50764,0],[50762,0],[51019,0],[51018,0],[50507,0],]]
[50764,4,50,[[50763,0],[50765,0],[51020,0],[50508,0],]]
[50765,10,50,[[50766,0],[50764,0],[51021,0],[51020,0],[50509,0],]]
[50766,19,50,[[50765,0],[50767,0],[51022,0],[50510,0],]]
[50767,18,50,[[50768,0],[50766,0],[51023,0],[51022,0],[50511,0],]]
[50768,19,50,[[50767,0],[50769,0],[51024,0],[50512,0],]]
[50769,14,50,[[50770,0],[50768,0],[51025,0],[51024,0],[50513,0],]]
[50770,12,50,[[50769,0],[50771,0],[51026,0],[50514,0],]]
[50771,19,50,[[50772,0],[50770,0],[51027,0],[51026,0],[50515,0],]]
[50772,18,50,[[50771,0],[50773,0],[51028,0],[50516,0],]]
[50773,12,50,[[50774,0],[50772,0],[51029,0],[51028,0],[50517,0],]]
[50774,10,50,[[50773,0],[50775,0],[51030,0],[50518,0],]]
[50775,14,50,[[50776,0],[50774,0],[51031,0],[51030,0],[50519,0],]]
[50776,4,50,[[50775,0],[50777,0],[51032,0],[50520,0],]]
[50777,14,50,[[50778,0],[50776,0],[51033,0],[51032,0],[50521,0],]]
[50778,15,50,[[50777,0],[50779,0],[51034,0],[50522,0],]]
[50779,2,50,[[50780,0],[50778,0],[51035,0],[51034,0],[50523,0],]]
[50780,19,50,[[50779,0],[50781,0],[51036,0],[50524,0],]]
[50781,16,50,[[50782,0],[50780,0],[51037,0],[51036,0],[50525,0],]]
[50782,7,50,[[50781,0],[50783,0],[51038,0],[50526,0],]]
[50783,5,50,[[50784,0],[50782,0],[51039,0],[51038,0],[50527,0],]]
[50784,9,51,[[50783,0],[50785,0],[51040,0],[50528,0],]]
[50785,10,51,[[50786,0],[50784,0],[51041,0],[51040,0],[50529,0],]]
[50786,1,51,[[50785,0],[50787,0],[51042,0],[50530,0],]]
[50787,16,51,[[50788,0],[50786,0],[51043,0],[51042,0],[50531,0],]]
[50788,7,51,[[50787,0],[50789,0],[51044,0],[50532,0],]]
[50789,16,51,[[50790,0],[50788,0],[51045,0],[51044,0],[50533,0],]]
[50790,19,51,[[50789,0],[50791,0],[51046,0],[50534,0],]]
[50791,5,51,[[50792,0],[50790,0],[51047,0],[51046,0],[50535,0],]]
[50792,6,51,[[50791,0],[50793,0],[51048,0],[50536,0],]]
[50793,18,51,[[50794,0],[50792,0],[51049,0],[51048,0],[50537,0],]]
[50794,19,51,[[50793,0],[50795,0],[51050,0],[50538,0],]]
[50795,7,51,[[50796,0],[50794,0],[51051,0],[51050,0],[50539,0],]]
[50796,4,51,[[50795,0],[50797,0],[51052,0],[50540,0],]]
[50797,7,51,[[50798,0],[50796,0],[51053,0],[51052,0],[50541,0],]]
[50798,13,51,[[50797,0],[50799,0],[51054,0],[50542,0],]]
[50799,14,51,[[50800,0],[50798,0],[51055,0],[51054,0],[50543,0],]]
[50800,12,51,[[50799,0],[50801,0],[51056,0],[50544,0],]]
[50801,6,51,[[50802,0],[50800,0],[51057,0],[51056,0],[50545,0],]]
[50802,11,51,[[50801,0],[50803,0],[51058,0],[50546,0],]]
[50803,17,51,[[50804,0],[50802,0],[51059,0],[51058,0],[50547,0],]]
[50804,10,51,[[50803,0],[50805,0],[51060,0],[50548,0],]]
[50805,3,51,[[50806,0],[50804,0],[51061,0],[51060,0],[50549,0],]]
[50806,17,51,[[50805,0],[50807,0],[51062,0],[50550,0],]]
[50807,6,51,[[50808,0],[50806,0],[51063,0],[51062,0],[50551,0],]]
[50808,14,51,[[50807,0],[50809,0],[51064,0],[50552,0],]]
[50809,13,51,[[50810,0],[50808,0],[51065,0],[51064,0],[50553,0],]]
[50810,1,51,[[50809,0],[50811,0],[51066,0],[50554,0],]]
[50811,18,51,[[50812,0],[50810,0],[51067,0],[51066,0],[50555,0],]]
[50812,19,51,[[50811,0],[50813,0],[51068,0],[50556,0],]]
[50813,6,51,[[50814,0],[50812,0],[51069,0],[51068,0],[50557,0],]]
[50814,14,51,[[50813,0],[50815,0],[51070,0],[50558,0],]]
[50815,11,51,[[50816,0],[50814,0],[51071,0],[51070,0],[50559,0],]]
[50816,8,52,[[50815,0],[50817,0],[51072,0],[50560,0],]]
[50817,7,52,[[50818,0],[50816,0],[51073,0],[51072,0],[50561,0],]]
[50818,2,52,[[50817,0],[50819,0],[51074,0],[50562,0],]]
[50819,16,52,[[50820,0],[50818,0],[51075,0],[51074,0],[50563,0],]]
[50820,12,52,[[50819,0],[50821,0],[51076,0],[50564,0],]]
[50821,14,52,[[50822,0],[50820,0],[51077,0],[51076,0],[50565,0],]]
[50822,9,52,[[50821,0],[50823,0],[51078,0],[50566,0],]]
[50823,4,52,[[50824,0],[50822,0],[51079,0],[51078,0],[50567,0],]]
[50824,19,52,[[50823,0],[50825,0],[51080,0],[50568,0],]]
[50825,9,52,[[50826,0],[50824,0],[51081,0],[51080,0],[50569,0],]]
[50826,17,52,[[50825,0],[50827,0],[51082,0],[50570,0],]]
[50827,16,52,[[50828,0],[50826,0],[51083,0],[51082,0],[50571,0],]]
[50828,13,52,[[50827,0],[50829,0],[51084,0],[50572,0],]]
[50829,13,52,[[50830,0],[50828,0],[51085,0],[51084,0],[50573,0],]]
[50830,19,52,[[50829,0],[50831,0],[51086,0],[50574,0],]]
[50831,11,52,[[50832,0],[50830,0],[51087,0],[51086,0],[50575,0],]]
[50832,19,52,[[50831,0],[50833,0],[51088,0],[50576,0],]]
[50833,15,52,[[50834,0],[50832,0],[51089,0],[51088,0],[50577,0],]]
[50834,12,52,[[50833,0],[50835,0],[51090,0],[50578,0],]]
[50835,3,52,[[50836,0],[50834,0],[51091,0],[51090,0],[50579,0],]]
[50836,14,52,[[50835,0],[50837,0],[51092,0],[50580,0],]]
[50837,19,52,[[50838,0],[50836,0],[51093,0],[51092,0],[50581,0],]]
[50838,3,52,[[50837,0],[50839,0],[51094,0],[50582,0],]]
[50839,4,52,[[50840,0],[50838,0],[51095,0],[51094,0],[50583,0],]]
[50840,6,52,[[50839,0],[50841,0],[51096,0],[50584,0],]]
[50841,2,52,[[50842,0],[50840,0],[51097,0],[51096,0],[50585,0],]]
[50842,8,52,[[50841,0],[50843,0],[51098,0],[50586,0],]]
[50843,11,52,[[50844,0],[50842,0],[51099,0],[51098,0],[50587,0],]]
[50844,18,52,[[50843,0],[50845,0],[51100,0],[50588,0],]]
[50845,18,52,[[50846,0],[50844,0],[51101,0],[51100,0],[50589,0],]]
[50846,2,52,[[50845,0],[50847,0],[51102,0],[50590,0],]]
[50847,5,52,[[50848,0],[50846,0],[51103,0],[51102,0],[50591,0],]]
[50848,7,53,[[50847,0],[50849,0],[51104,0],[50592,0],]]
[50849,13,53,[[50850,0],[50848,0],[51105,0],[51104,0],[50593,0],]]
[50850,17,53,[[50849,0],[50851,0],[51106,0],[50594,0],]]
[50851,5,53,[[50852,0],[50850,0],[51107,0],[51106,0],[50595,0],]]
[50852,8,53,[[50851,0],[50853,0],[51108,0],[50596,0],]]
[50853,13,53,[[50854,0],[50852,0],[51109,0],[51108,0],[50597,0],]]
[50854,11,53,[[50853,0],[50855,0],[51110,0],[50598,0],]]
[50855,10,53,[[50856,0],[50854,0],[51111,0],[51110,0],[50599,0],]]
[50856,11,53,[[50855,0],[50857,0],[51112,0],[50600,0],]]
[50857,8,53,[[50858,0],[50856,0],[51113,0],[51112,0],[50601,0],]]
[50858,17,53,[[50857,0],[50859,0],[51114,0],[50602,0],]]
[50859,5,53,[[50860,0],[50858,0],[51115,0],[51114,0],[50603,0],]]
[50860,10,53,[[50859,0],[50861,0],[51116,0],[50604,0],]]
[50861,10,53,[[50862,0],[50860,0],[51117,0],[51116,0],[50605,0],]]
[50862,10,53,[[50861,0],[50863,0],[51118,0],[50606,0],]]
[50863,5,53,[[50864,0],[50862,0],[51119,0],[51118,0],[50607,0],]]
[50864,12,53,[[50863,0],[50865,0],[51120,0],[50608,0],]]
[50865,1,53,[[50866,0],[50864,0],[51121,0],[51120,0],[50609,0],]]
[50866,8,53,[[50865,0],[50867,0],[51122,0],[50610,0],]]
[50867,14,53,[[50868,0],[50866,0],[51123,0],[51122,0],[50611,0],]]
[50868,16,53,[[50867,0],[50869,0],[51124,0],[50612,0],]]
[50869,14,53,[[50870,0],[50868,0],[51125,0],[51124,0],[50613,0],]]
[50870,9,53,[[50869,0],[50871,0],[51126,0],[50614,0],]]
[50871,1,53,[[50872,0],[50870,0],[51127,0],[51126,0],[50615,0],]]
[50872,14,53,[[50871,0],[50873,0],[51128,0],[50616,0],]]
[50873,12,53,[[50874,0],[50872,0],[51129,0],[51128,0],[50617,0],]]
[50874,4,53,[[50873,0],[50875,0],[51130,0],[50618,0],]]
[50875,3,53,[[50876,0],[50874,0],[51131,0],[51130,0],[50619,0],]]
[50876,15,53,[[50875,0],[50877,0],[51132,0],[50620,0],]]
[50877,7,53,[[50878,0],[50876,0],[51133,0],[51132,0],[50621,0],]]
[50878,2,53,[[50877,0],[50879,0],[51134,0],[50622,0],]]
[50879,18,53,[[50880,0],[50878,0],[51135,0],[51134,0],[50623,0],]]
[50880,5,54,[[50879,0],[50881,0],[51136,0],[50624,0],]]
[50881,18,54,[[50882,0],[50880,0],[51137,0],[51136,0],[50625,0],]]
[50882,17,54,[[50881,0],[50883,0],[51138,0],[50626,0],]]
[50883,14,54,[[50884,0],[50882,0],[51139,0],[51138,0],[50627,0],]]
[50884,5,54,[[50883,0],[50885,0],[51140,0],[50628,0],]]
[50885,9,54,[[50886,0],[50884,0],[51141,0],[51140,0],[50629,0],]]
[50886,11,54,[[50885,0],[50887,0],[51142,0],[50630,0],]]
[50887,14,54,[[50888,0],[50886,0],[51143,0],[51142,0],[50631,0],]]
[50888,8,54,[[50887,0],[50889,0],[51144,0],[50632,0],]]
[50889,6,54,[[50890,0],[50888,0],[51145,0],[51144,0],[50633,0],]]
[50890,15,54,[[50889,0],[50891,0],[51146,0],[50634,0],]]
[50891,7,54,[[50892,0],[50890,0],[51147,0],[51146,0],[50635,0],]]
[50892,15,54,[[50891,0],[50893,0],[51148,0],[50636,0],]]
[50893,19,54,[[50894,0],[50892,0],[51149,0],[51148,0],[50637,0],]]
[50894,7,54,[[50893,0],[50895,0],[51150,0],[50638,0],]]
[50895,6,54,[[50896,0],[50894,0],[51151,0],[51150,0],[50639,0],]]
[50896,14,54,[[50895,0],[50897,0],[51152,0],[50640,0],]]
[50897,1,54,[[50898,0],[50896,0],[51153,0],[51152,0],[50641,0],]]
[50898,18,54,[[50897,0],[50899,0],[51154,0],[50642,0],]]
[50899,7,54,[[50900,0],[50898,0],[51155,0],[51154,0],[50643,0],]]
[50900,18,54,[[50899,0],[50901,0],[51156,0],[50644,0],]]
[50901,4,54,[[50902,0],[50900,0],[51157,0],[51156,0],[50645,0],]]
[50902,17,54,[[50901,0],[50903,0],[51158,0],[50646,0],]]
[50903,13,54,[[50904,0],[50902,0],[51159,0],[51158,0],[50647,0],]]
[50904,8,54,[[50903,0],[50905,0],[51160,0],[50648,0],]]
[50905,19,54,[[50906,0],[50904,0],[51161,0],[51160,0],[50649,0],]]
[50906,5,54,[[50905,0],[50907,0],[51162,0],[50650,0],]]
[50907,2,54,[[50908,0],[50906,0],[51163,0],[51162,0],[50651,0],]]
[50908,4,54,[[50907,0],[50909,0],[51164,0],[50652,0],]]
[50909,2,54,[[50910,0],[50908,0],[51165,0],[51164,0],[50653,0],]]
[50910,10,54,[[50909,0],[50911,0],[51166,0],[50654,0],]]
[50911,10,54,[[50912,0],[50910,0],[51167,0],[51166,0],[50655,0],]]
[50912,4,55,[[50911,0],[50913,0],[51168,0],[50656,0],]]
[50913,6,55,[[50914,0],[50912,0],[51169,0],[51168,0],[50657,0],]]
[50914,10,55,[[50913,0],[50915,0],[51170,0],[50658,0],]]
[50915,13,55,[[50916,0],[50914,0],[51171,0],[51170,0],[50659,0],]]
[50916,4,55,[[50915,0],[50917,0],[51172,0],[50660,0],]]
[50917,11,55,[[50918,0],[50916,0],[51173,0],[51172,0],[50661,0],]]
[50918,4,55,[[50917,0],[50919,0],[51174,0],[50662,0],]]
[50919,9,55,[[50920,0],[50918,0],[51175,0],[51174,0],[50663,0],]]
[50920,2,55,[[50919,0],[50921,0],[51176,0],[50664,0],]]
[50921,4,55,[[50922,0],[50920,0],[51177,0],[51176,0],[50665,0],]]
[50922,1,55,[[50921,0],[50923,0],[51178,0],[50666,0],]]
[50923,12,55,[[50924,0],[50922,0],[51179,0],[51178,0],[50667,0],]]
[50924,4,55,[[50923,0],[50925,0],[51180,0],[50668,0],]]
[50925,1,55,[[50926,0],[50924,0],[51181,0],[51180,0],[50669,0],]]
[50926,19,55,[[50925,0],[50927,0],[51182,0],[50670,0],]]
[50927,15,55,[[50928,0],[50926,0],[51183,0],[51182,0],[50671,0],]]
[50928,4,55,[[50927,0],[50929,0],[51184,0],[50672,0],]]
[50929,10,55,[[50930,0],[50928,0],[51185,0],[51184,0],[50673,0],]]
[50930,11,55,[[50929,0],[50931,0],[51186,0],[50674,0],]]
[50931,18,55,[[50932,0],[50930,0],[51187,0],[51186,0],[50675,0],]]
[50932,16,55,[[50931,0],[50933,0],[51188,0],[50676,0],]]
[50933,13,55,[[50934,0],[50932,0],[51189,0],[51188,0],[50677,0],]]
[50934,15,55,[[50933,0],[50935,0],[51190,0],[50678,0],]]
[50935,6,55,[[50936,0],[50934,0],[51191,0],[51190,0],[50679,0],]]
[50936,13,55,[[50935,0],[50937,0],[51192,0],[50680,0],]]
[50937,15,55,[[50938,0],[50936,0],[51193,0],[51192,0],[50681,0],]]
[50938,10,55,[[50937,0],[50939,0],[51194,0],[50682,0],]]
[50939,9,55,[[50940,0],[50938,0],[51195,0],[51194,0],[50683,0],]]
[50940,15,55,[[50939,0],[50941,0],[51196,0],[50684,0],]]
[50941,14,55,[[50942,0],[50940,0],[51197,0],[51196,0],[50685,0],]]
[50942,16,55,[[50941,0],[50943,0],[51198,0],[50686,0],]]
[50943,7,55,[[50942,0],[51199,0],[51198,0],[50687,0],]]
[50944,10,48,[[50945,0],[50688,0],[50689,0],[51200,0],]]
[50945,8,48,[[50946,0],[50944,0],[50689,0],[51201,0],]]
[50946,18,48,[[50945,0],[50947,0],[50690,0],[50691,0],[51202,0],]]
[50947,11,48,[[50948,0],[50946,0],[50691,0],[51203,0],]]
[50948,1,48,[[50947,0],[50949,0],[50692,0],[50693,0],[51204,0],]]
[50949,13,48,[[50950,0],[50948,0],[50693,0],[51205,0],]]
[50950,17,48,[[50949,0],[50951,0],[50694,0],[50695,0],[51206,0],]]
[50951,16,48,[[50952,0],[50950,0],[50695,0],[51207,0],]]
[50952,2,48,[[50951,0],[50953,0],[50696,0],[50697,0],[51208,0],]]
[50953,11,48,[[50954,0],[50952,0],[50697,0],[51209,0],]]
[50954,14,48,[[50953,0],[50955,0],[50698,0],[50699,0],[51210,0],]]
[50955,14,48,[[50956,0],[50954,0],[50699,0],[51211,0],]]
[50956,17,48,[[50955,0],[50957,0],[50700,0],[50701,0],[51212,0],]]
[50957,16,48,[[50958,0],[50956,0],[50701,0],[51213,0],]]
[50958,13,48,[[50957,0],[50959,0],[50702,0],[50703,0],[51214,0],]]
[50959,8,48,[[50960,0],[50958,0],[50703,0],[51215,0],]]
[50960,2,48,[[50959,0],[50961,0],[50704,0],[50705,0],[51216,0],]]
[50961,1,48,[[50962,0],[50960,0],[50705,0],[51217,0],]]
[50962,16,48,[[50961,0],[50963,0],[50706,0],[50707,0],[51218,0],]]
[50963,4,48,[[50964,0],[50962,0],[50707,0],[51219,0],]]
[50964,19,48,[[50963,0],[50965,0],[50708,0],[50709,0],[51220,0],]]
[50965,14,48,[[50966,0],[50964,0],[50709,0],[51221,0],]]
[50966,2,48,[[50965,0],[50967,0],[50710,0],[50711,0],[51222,0],]]
[50967,15,48,[[50968,0],[50966,0],[50711,0],[51223,0],]]
[50968,9,48,[[50967,0],[50969,0],[50712,0],[50713,0],[51224,0],]]
[50969,8,48,[[50970,0],[50968,0],[50713,0],[51225,0],]]
[50970,19,48,[[50969,0],[50971,0],[50714,0],[50715,0],[51226,0],]]
[50971,1,48,[[50972,0],[50970,0],[50715,0],[51227,0],]]
[50972,12,48,[[50971,0],[50973,0],[50716,0],[50717,0],[51228,0],]]
[50973,18,48,[[50974,0],[50972,0],[50717,0],[51229,0],]]
[50974,4,48,[[50973,0],[50975,0],[50718,0],[50719,0],[51230,0],]]
[50975,5,48,[[50976,0],[50974,0],[50719,0],[51231,0],]]
[50976,1,49,[[50975,0],[50977,0],[50720,0],[50721,0],[51232,0],]]
[50977,15,49,[[50978,0],[50976,0],[50721,0],[51233,0],]]
[50978,6,49,[[50977,0],[50979,0],[50722,0],[50723,0],[51234,0],]]
[50979,12,49,[[50980,0],[50978,0],[50723,0],[51235,0],]]
[50980,17,49,[[50979,0],[50981,0],[50724,0],[50725,0],[51236,0],]]
[50981,12,49,[[50982,0],[50980,0],[50725,0],[51237,0],]]
[50982,19,49,[[50981,0],[50983,0],[50726,0],[50727,0],[51238,0],]]
[50983,2,49,[[50984,0],[50982,0],[50727,0],[51239,0],]]
[50984,5,49,[[50983,0],[50985,0],[50728,0],[50729,0],[51240,0],]]
[50985,3,49,[[50986,0],[50984,0],[50729,0],[51241,0],]]
[50986,6,49,[[50985,0],[50987,0],[50730,0],[50731,0],[51242,0],]]
[50987,2,49,[[50988,0],[50986,0],[50731,0],[51243,0],]]
[50988,2,49,[[50987,0],[50989,0],[50732,0],[50733,0],[51244,0],]]
[50989,6,49,[[50990,0],[50988,0],[50733,0],[51245,0],]]
[50990,16,49,[[50989,0],[50991,0],[50734,0],[50735,0],[51246,0],]]
[50991,2,49,[[50992,0],[50990,0],[50735,0],[51247,0],]]
[50992,9,49,[[50991,0],[50993,0],[50736,0],[50737,0],[51248,0],]]
[50993,11,49,[[50994,0],[50992,0],[50737,0],[51249,0],]]
[50994,16,49,[[50993,0],[50995,0],[50738,0],[50739,0],[51250,0],]]
[50995,13,49,[[50996,0],[50994,0],[50739,0],[51251,0],]]
[50996,3,49,[[50995,0],[50997,0],[50740,0],[50741,0],[51252,0],]]
[50997,7,49,[[50998,0],[50996,0],[50741,0],[51253,0],]]
[50998,3,49,[[50997,0],[50999,0],[50742,0],[50743,0],[51254,0],]]
[50999,9,49,[[51000,0],[50998,0],[50743,0],[51255,0],]]
[51000,15,49,[[50999,0],[51001,0],[50744,0],[50745,0],[51256,0],]]
[51001,2,49,[[51002,0],[51000,0],[50745,0],[51257,0],]]
[51002,7,49,[[51001,0],[51003,0],[50746,0],[50747,0],[51258,0],]]
[51003,17,49,[[51004,0],[51002,0],[50747,0],[51259,0],]]
[51004,19,49,[[51003,0],[51005,0],[50748,0],[50749,0],[51260,0],]]
[51005,15,49,[[51006,0],[51004,0],[50749,0],[51261,0],]]
[51006,16,49,[[51005,0],[51007,0],[50750,0],[50751,0],[51262,0],]]
[51007,10,49,[[51008,0],[51006,0],[50751,0],[51263,0],]]
[51008,15,50,[[51007,0],[51009,0],[50752,0],[50753,0],[51264,0],]]
[51009,7,50,[[51010,0],[51008,0],[50753,0],[51265,0],]]
[51010,7,50,[[51009,0],[51011,0],[50754,0],[50755,0],[51266,0],]]
[51011,17,50,[[51012,0],[51010,0],[50755,0],[51267,0],]]
[51012,6,50,[[51011,0],[51013,0],[50756,0],[50757,0],[51268,0],]]
[51013,5,50,[[51014,0],[51012,0],[50757,0],[51269,0],]]
[51014,19,50,[[51013,0],[51015,0],[50758,0],[50759,0],[51270,0],]]
[51015,18,50,[[51016,0],[51014,0],[50759,0],[51271,0],]]
[51016,14,50,[[51015,0],[51017,0],[50760,0],[50761,0],[51272,0],]]
[51017,2,50,[[51018,0],[51016,0],[50761,0],[51273,0],]]
[51018,8,50,[[51017,0],[51019,0],[50762,0],[50763,0],[51274,0],]]
[51019,12,50,[[51020,0],[51018,0],[50763,0],[51275,0],]]
[51020,12,50,[[51019,0],[51021,0],[50764,0],[50765,0],[51276,0],]]
[51021,4,50,[[51022,0],[51020,0],[50765,0],[51277,0],]]
[51022,19,50,[[51021,0],[51023,0],[50766,0],[50767,0],[51278,0],]]
[51023,19,50,[[51024,0],[51022,0],[50767,0],[51279,0],]]
[51024,14,50,[[51023,0],[51025,0],[50768,0],[50769,0],[51280,0],]]
[51025,7,50,[[51026,0],[51024,0],[50769,0],[51281,0],]]
[51026,19,50,[[51025,0],[51027,0],[50770,0],[50771,0],[51282,0],]]
[51027,4,50,[[51028,0],[51026,0],[50771,0],[51283,0],]]
[51028,15,50,[[51027,0],[51029,0],[50772,0],[50773,0],[51284,0],]]
[51029,19,50,[[51030,0],[51028,0],[50773,0],[51285,0],]]
[51030,19,50,[[51029,0],[51031,0],[50774,0],[50775,0],[51286,0],]]
[51031,12,50,[[51032,0],[51030,0],[50775,0],[51287,0],]]
[51032,7,50,[[51031,0],[51033,0],[50776,0],[50777,0],[51288,0],]]
[51033,19,50,[[51034,0],[51032,0],[50777,0],[51289,0],]]
[51034,15,50,[[51033,0],[51035,0],[50778,0],[50779,0],[51290,0],]]
[51035,10,50,[[51036,0],[51034,0],[50779,0],[51291,0],]]
[51036,6,50,[[51035,0],[51037,0],[50780,0],[50781,0],[51292,0],]]
[51037,14,50,[[51038,0],[51036,0],[50781,0],[51293,0],]]
[51038,19,50,[[51037,0],[51039,0],[50782,0],[50783,0],[51294,0],]]
[51039,17,50,[[51040,0],[51038,0],[50783,0],[51295,0],]]
[51040,13,51,[[51039,0],[51041,0],[50784,0],[50785,0],[51296,0],]]
[51041,17,51,[[51042,0],[51040,0],[50785,0],[51297,0],]]
[51042,5,51,[[51041,0],[51043,0],[50786,0],[50787,0],[51298,0],]]
[51043,8,51,[[51044,0],[51042,0],[50787,0],[51299,0],]]
[51044,14,51,[[51043,0],[51045,0],[50788,0],[50789,0],[51300,0],]]
[51045,6,51,[[51046,0],[51044,0],[50789,0],[51301,0],]]
[51046,10,51,[[51045,0],[51047,0],[50790,0],[50791,0],[51302,0],]]
[51047,6,51,[[51048,0],[51046,0],[50791,0],[51303,0],]]
[51048,16,51,[[51047,0],[51049,0],[50792,0],[50793,0],[51304,0],]]
[51049,2,51,[[51050,0],[51048,0],[50793,0],[51305,0],]]
[51050,4,51,[[51049,0],[51051,0],[50794,0],[50795,0],[51306,0],]]
[51051,8,51,[[51052,0],[51050,0],[50795,0],[51307,0],]]
[51052,11,51,[[51051,0],[51053,0],[50796,0],[50797,0],[51308,0],]]
[51053,19,51,[[51054,0],[51052,0],[50797,0],[51309,0],]]
[51054,12,51,[[51053,0],[51055,0],[50798,0],[50799,0],[51310,0],]]
[51055,4,51,[[51056,0],[51054,0],[50799,0],[51311,0],]]
[51056,2,51,[[51055,0],[51057,0],[50800,0],[50801,0],[51312,0],]]
[51057,18,51,[[51058,0],[51056,0],[50801,0],[51313,0],]]
[51058,9,51,[[51057,0],[51059,0],[50802,0],[50803,0],[51314,0],]]
[51059,9,51,[[51060,0],[51058,0],[50803,0],[51315,0],]]
[51060,14,51,[[51059,0],[51061,0],[50804,0],[50805,0],[51316,0],]]
[51061,10,51,[[51062,0],[51060,0],[50805,0],[51317,0],]]
[51062,9,51,[[51061,0],[51063,0],[50806,0],[50807,0],[51318,0],]]
[51063,14,51,[[51064,0],[51062,0],[50807,0],[51319,0],]]
[51064,19,51,[[51063,0],[51065,0],[50808,0],[50809,0],[51320,0],]]
[51065,1,51,[[51066,0],[51064,0],[50809,0],[51321,0],]]
[51066,8,51,[[51065,0],[51067,0],[50810,0],[50811,0],[51322,0],]]
[51067,1,51,[[51068,0],[51066,0],[50811,0],[51323,0],]]
[51068,8,51,[[51067,0],[51069,0],[50812,0],[50813,0],[51324,0],]]
[51069,3,51,[[51070,0],[51068,0],[50813,0],[51325,0],]]
[51070,5,51,[[51069,0],[51071,0],[50814,0],[50815,0],[51326,0],]]
[51071,9,51,[[51072,0],[51070,0],[50815,0],[51327,0],]]
[51072,1,52,[[51071,0],[51073,0],[50816,0],[50817,0],[51328,0],]]
[51073,1,52,[[51074,0],[51072,0],[50817,0],[51329,0],]]
[51074,17,52,[[51073,0],[51075,0],[50818,0],[50819,0],[51330,0],]]
[51075,6,52,[[51076,0],[51074,0],[50819,0],[51331,0],]]
[51076,1,52,[[51075,0],[51077,0],[50820,0],[50821,0],[51332,0],]]
[51077,10,52,[[51078,0],[51076,0],[50821,0],[51333,0],]]
[51078,12,52,[[51077,0],[51079,0],[50822,0],[50823,0],[51334,0],]]
[51079,16,52,[[51080,0],[51078,0],[50823,0],[51335,0],]]
[51080,2,52,[[51079,0],[51081,0],[50824,0],[50825,0],[51336,0],]]
[51081,13,52,[[51082,0],[51080,0],[50825,0],[51337,0],]]
[51082,6,52,[[51081,0],[51083,0],[50826,0],[50827,0],[51338,0],]]
[51083,12,52,[[51084,0],[51082,0],[50827,0],[51339,0],]]
[51084,9,52,[[51083,0],[51085,0],[50828,0],[50829,0],[51340,0],]]
[51085,18,52,[[51086,0],[51084,0],[50829,0],[51341,0],]]
[51086,1,52,[[51085,0],[51087,0],[50830,0],[50831,0],[51342,0],]]
[51087,8,52,[[51088,0],[51086,0],[50831,0],[51343,0],]]
[51088,11,52,[[51087,0],[51089,0],[50832,0],[50833,0],[51344,0],]]
[51089,14,52,[[51090,0],[51088,0],[50833,0],[51345,0],]]
[51090,18,52,[[51089,0],[51091,0],[50834,0],[50835,0],[51346,0],]]
[51091,10,52,[[51092,0],[51090,0],[50835,0],[51347,0],]]
[51092,1,52,[[51091,0],[51093,0],[50836,0],[50837,0],[51348,0],]]
[51093,13,52,[[51094,0],[51092,0],[50837,0],[51349,0],]]
[51094,11,52,[[51093,0],[51095,0],[50838,0],[50839,0],[51350,0],]]
[51095,11,52,[[51096,0],[51094,0],[50839,0],[51351,0],]]
[51096,15,52,[[51095,0],[51097,0],[50840,0],[50841,0],[51352,0],]]
[51097,5,52,[[51098,0],[51096,0],[50841,0],[51353,0],]]
[51098,10,52,[[51097,0],[51099,0],[50842,0],[50843,0],[51354,0],]]
[51099,6,52,[[51100,0],[51098,0],[50843,0],[51355,0],]]
[51100,5,52,[[51099,0],[51101,0],[50844,0],[50845,0],[51356,0],]]
[51101,6,52,[[51102,0],[51100,0],[50845,0],[51357,0],]]
[51102,3,52,[[51101,0],[51103,0],[50846,0],[50847,0],[51358,0],]]
[51103,19,52,[[51104,0],[51102,0],[50847,0],[51359,0],]]
[51104,9,53,[[51103,0],[51105,0],[50848,0],[50849,0],[51360,0],]]
[51105,18,53,[[51106,0],[51104,0],[50849,0],[51361,0],]]
[51106,3,53,[[51105,0],[51107,0],[50850,0],[50851,0],[51362,0],]]
[51107,17,53,[[51108,0],[51106,0],[50851,0],[51363,0],]]
[51108,5,53,[[51107,0],[51109,0],[50852,0],[50853,0],[51364,0],]]
[51109,14,53,[[51110,0],[51108,0],[50853,0],[51365,0],]]
[51110,19,53,[[51109,0],[51111,0],[50854,0],[50855,0],[51366,0],]]
[51111,2,53,[[51112,0],[51110,0],[50855,0],[51367,0],]]
[51112,2,53,[[51111,0],[51113,0],[50856,0],[50857,0],[51368,0],]]
[51113,12,53,[[51114,0],[51112,0],[50857,0],[51369,0],]]
[51114,4,53,[[51113,0],[51115,0],[50858,0],[50859,0],[51370,0],]]
[51115,1,53,[[51116,0],[51114,0],[50859,0],[51371,0],]]
[51116,8,53,[[51115,0],[51117,0],[50860,0],[50861,0],[51372,0],]]
[51117,6,53,[[51118,0],[51116,0],[50861,0],[51373,0],]]
