[45875,16,41,[[45876,0],[45874,0],[45619,0],[46131,0],]]
[45876,3,41,[[45875,0],[45877,0],[45620,0],[45621,0],[46132,0],]]
[45877,3,41,[[45878,0],[45876,0],[45621,0],[46133,0],]]
[45878,14,41,[[45877,0],[45879,0],[45622,0],[45623,0],[46134,0],]]
[45879,1,41,[[45880,0],[45878,0],[45623,0],[46135,0],]]
[45880,12,41,[[45879,0],[45881,0],[45624,0],[45625,0],[46136,0],]]
[45881,3,41,[[45882,0],[45880,0],[45625,0],[46137,0],]]
[45882,6,41,[[45881,0],[45883,0],[45626,0],[45627,0],[46138,0],]]
[45883,9,41,[[45884,0],[45882,0],[45627,0],[46139,0],]]
[45884,17,41,[[45883,0],[45885,0],[45628,0],[45629,0],[46140,0],]]
[45885,5,41,[[45886,0],[45884,0],[45629,0],[46141,0],]]
[45886,2,41,[[45885,0],[45887,0],[45630,0],[45631,0],[46142,0],]]
[45887,5,41,[[45888,0],[45886,0],[45631,0],[46143,0],]]
[45888,1,42,[[45887,0],[45889,0],[45632,0],[45633,0],[46144,0],]]
[45889,12,42,[[45890,0],[45888,0],[45633,0],[46145,0],]]
[45890,17,42,[[45889,0],[45891,0],[45634,0],[45635,0],[46146,0],]]
[45891,3,42,[[45892,0],[45890,0],[45635,0],[46147,0],]]
[45892,3,42,[[45891,0],[45893,0],[45636,0],[45637,0],[46148,0],]]
[45893,3,42,[[45894,0],[45892,0],[45637,0],[46149,0],]]
[45894,11,42,[[45893,0],[45895,0],[45638,0],[45639,0],[46150,0],]]
[45895,3,42,[[45896,0],[45894,0],[45639,0],[46151,0],]]
[45896,1,42,[[45895,0],[45897,0],[45640,0],[45641,0],[46152,0],]]
[45897,2,42,[[45898,0],[45896,0],[45641,0],[46153,0],]]
[45898,5,42,[[45897,0],[45899,0],[45642,0],[45643,0],[46154,0],]]
[45899,4,42,[[45900,0],[45898,0],[45643,0],[46155,0],]]
[45900,14,42,[[45899,0],[45901,0],[45644,0],[45645,0],[46156,0],]]
[45901,15,42,[[45902,0],[45900,0],[45645,0],[46157,0],]]
[45902,5,42,[[45901,0],[45903,0],[45646,0],[45647,0],[46158,0],]]
[45903,12,42,[[45904,0],[45902,0],[45647,0],[46159,0],]]
[45904,16,42,[[45903,0],[45905,0],[45648,0],[45649,0],[46160,0],]]
[45905,13,42,[[45906,0],[45904,0],[45649,0],[46161,0],]]
[45906,7,42,[[45905,0],[45907,0],[45650,0],[45651,0],[46162,0],]]
[45907,17,42,[[45908,0],[45906,0],[45651,0],[46163,0],]]
[45908,14,42,[[45907,0],[45909,0],[45652,0],[45653,0],[46164,0],]]
[45909,2,42,[[45910,0],[45908,0],[45653,0],[46165,0],]]
[45910,11,42,[[45909,0],[45911,0],[45654,0],[45655,0],[46166,0],]]
[45911,12,42,[[45912,0],[45910,0],[45655,0],[46167,0],]]
[45912,3,42,[[45911,0],[45913,0],[45656,0],[45657,0],[46168,0],]]
[45913,4,42,[[45914,0],[45912,0],[45657,0],[46169,0],]]
[45914,8,42,[[45913,0],[45915,0],[45658,0],[45659,0],[46170,0],]]
[45915,4,42,[[45916,0],[45914,0],[45659,0],[46171,0],]]
[45916,15,42,[[45915,0],[45917,0],[45660,0],[45661,0],[46172,0],]]
[45917,14,42,[[45918,0],[45916,0],[45661,0],[46173,0],]]
[45918,1,42,[[45917,0],[45919,0],[45662,0],[45663,0],[46174,0],]]
[45919,18,42,[[45920,0],[45918,0],[45663,0],[46175,0],]]
[45920,10,43,[[45919,0],[45921,0],[45664,0],[45665,0],[46176,0],]]
[45921,10,43,[[45922,0],[45920,0],[45665,0],[46177,0],]]
[45922,8,43,[[45921,0],[45923,0],[45666,0],[45667,0],[46178,0],]]
[45923,11,43,[[45924,0],[45922,0],[45667,0],[46179,0],]]
[45924,7,43,[[45923,0],[45925,0],[45668,0],[45669,0],[46180,0],]]
[45925,19,43,[[45926,0],[45924,0],[45669,0],[46181,0],]]
[45926,15,43,[[45925,0],[45927,0],[45670,0],[45671,0],[46182,0],]]
[45927,7,43,[[45928,0],[45926,0],[45671,0],[46183,0],]]
[45928,8,43,[[45927,0],[45929,0],[45672,0],[45673,0],[46184,0],]]
[45929,8,43,[[45930,0],[45928,0],[45673,0],[46185,0],]]
[45930,2,43,[[45929,0],[45931,0],[45674,0],[45675,0],[46186,0],]]
[45931,8,43,[[45932,0],[45930,0],[45675,0],[46187,0],]]
[45932,14,43,[[45931,0],[45933,0],[45676,0],[45677,0],[46188,0],]]
[45933,14,43,[[45934,0],[45932,0],[45677,0],[46189,0],]]
[45934,14,43,[[45933,0],[45935,0],[45678,0],[45679,0],[46190,0],]]
[45935,10,43,[[45936,0],[45934,0],[45679,0],[46191,0],]]
[45936,18,43,[[45935,0],[45937,0],[45680,0],[45681,0],[46192,0],]]
[45937,17,43,[[45938,0],[45936,0],[45681,0],[46193,0],]]
[45938,1,43,[[45937,0],[45939,0],[45682,0],[45683,0],[46194,0],]]
[45939,6,43,[[45940,0],[45938,0],[45683,0],[46195,0],]]
[45940,11,43,[[45939,0],[45941,0],[45684,0],[45685,0],[46196,0],]]
[45941,5,43,[[45942,0],[45940,0],[45685,0],[46197,0],]]
[45942,3,43,[[45941,0],[45943,0],[45686,0],[45687,0],[46198,0],]]
[45943,6,43,[[45944,0],[45942,0],[45687,0],[46199,0],]]
[45944,9,43,[[45943,0],[45945,0],[45688,0],[45689,0],[46200,0],]]
[45945,3,43,[[45946,0],[45944,0],[45689,0],[46201,0],]]
[45946,18,43,[[45945,0],[45947,0],[45690,0],[45691,0],[46202,0],]]
[45947,12,43,[[45948,0],[45946,0],[45691,0],[46203,0],]]
[45948,7,43,[[45947,0],[45949,0],[45692,0],[45693,0],[46204,0],]]
[45949,13,43,[[45950,0],[45948,0],[45693,0],[46205,0],]]
[45950,4,43,[[45949,0],[45951,0],[45694,0],[45695,0],[46206,0],]]
[45951,18,43,[[45952,0],[45950,0],[45695,0],[46207,0],]]
[45952,17,44,[[45951,0],[45953,0],[45696,0],[45697,0],[46208,0],]]
[45953,6,44,[[45954,0],[45952,0],[45697,0],[46209,0],]]
[45954,5,44,[[45953,0],[45955,0],[45698,0],[45699,0],[46210,0],]]
[45955,19,44,[[45956,0],[45954,0],[45699,0],[46211,0],]]
[45956,11,44,[[45955,0],[45957,0],[45700,0],[45701,0],[46212,0],]]
[45957,6,44,[[45958,0],[45956,0],[45701,0],[46213,0],]]
[45958,13,44,[[45957,0],[45959,0],[45702,0],[45703,0],[46214,0],]]
[45959,5,44,[[45960,0],[45958,0],[45703,0],[46215,0],]]
[45960,11,44,[[45959,0],[45961,0],[45704,0],[45705,0],[46216,0],]]
[45961,11,44,[[45962,0],[45960,0],[45705,0],[46217,0],]]
[45962,5,44,[[45961,0],[45963,0],[45706,0],[45707,0],[46218,0],]]
[45963,16,44,[[45964,0],[45962,0],[45707,0],[46219,0],]]
[45964,16,44,[[45963,0],[45965,0],[45708,0],[45709,0],[46220,0],]]
[45965,16,44,[[45966,0],[45964,0],[45709,0],[46221,0],]]
[45966,6,44,[[45965,0],[45967,0],[45710,0],[45711,0],[46222,0],]]
[45967,4,44,[[45968,0],[45966,0],[45711,0],[46223,0],]]
[45968,9,44,[[45967,0],[45969,0],[45712,0],[45713,0],[46224,0],]]
[45969,18,44,[[45970,0],[45968,0],[45713,0],[46225,0],]]
[45970,3,44,[[45969,0],[45971,0],[45714,0],[45715,0],[46226,0],]]
[45971,2,44,[[45972,0],[45970,0],[45715,0],[46227,0],]]
[45972,18,44,[[45971,0],[45973,0],[45716,0],[45717,0],[46228,0],]]
[45973,14,44,[[45974,0],[45972,0],[45717,0],[46229,0],]]
[45974,16,44,[[45973,0],[45975,0],[45718,0],[45719,0],[46230,0],]]
[45975,1,44,[[45976,0],[45974,0],[45719,0],[46231,0],]]
[45976,19,44,[[45975,0],[45977,0],[45720,0],[45721,0],[46232,0],]]
[45977,6,44,[[45978,0],[45976,0],[45721,0],[46233,0],]]
[45978,19,44,[[45977,0],[45979,0],[45722,0],[45723,0],[46234,0],]]
[45979,8,44,[[45980,0],[45978,0],[45723,0],[46235,0],]]
[45980,10,44,[[45979,0],[45981,0],[45724,0],[45725,0],[46236,0],]]
[45981,19,44,[[45982,0],[45980,0],[45725,0],[46237,0],]]
[45982,16,44,[[45981,0],[45983,0],[45726,0],[45727,0],[46238,0],]]
[45983,10,44,[[45984,0],[45982,0],[45727,0],[46239,0],]]
[45984,6,45,[[45983,0],[45985,0],[45728,0],[45729,0],[46240,0],]]
[45985,8,45,[[45986,0],[45984,0],[45729,0],[46241,0],]]
[45986,16,45,[[45985,0],[45987,0],[45730,0],[45731,0],[46242,0],]]
[45987,5,45,[[45988,0],[45986,0],[45731,0],[46243,0],]]
[45988,5,45,[[45987,0],[45989,0],[45732,0],[45733,0],[46244,0],]]
[45989,19,45,[[45990,0],[45988,0],[45733,0],[46245,0],]]
[45990,12,45,[[45989,0],[45991,0],[45734,0],[45735,0],[46246,0],]]
[45991,7,45,[[45992,0],[45990,0],[45735,0],[46247,0],]]
[45992,6,45,[[45991,0],[45993,0],[45736,0],[45737,0],[46248,0],]]
[45993,11,45,[[45994,0],[45992,0],[45737,0],[46249,0],]]
[45994,13,45,[[45993,0],[45995,0],[45738,0],[45739,0],[46250,0],]]
[45995,13,45,[[45996,0],[45994,0],[45739,0],[46251,0],]]
[45996,15,45,[[45995,0],[45997,0],[45740,0],[45741,0],[46252,0],]]
[45997,9,45,[[45998,0],[45996,0],[45741,0],[46253,0],]]
[45998,5,45,[[45997,0],[45999,0],[45742,0],[45743,0],[46254,0],]]
[45999,11,45,[[46000,0],[45998,0],[45743,0],[46255,0],]]
[46000,18,45,[[45999,0],[46001,0],[45744,0],[45745,0],[46256,0],]]
[46001,6,45,[[46002,0],[46000,0],[45745,0],[46257,0],]]
[46002,5,45,[[46001,0],[46003,0],[45746,0],[45747,0],[46258,0],]]
[46003,9,45,[[46004,0],[46002,0],[45747,0],[46259,0],]]
[46004,14,45,[[46003,0],[46005,0],[45748,0],[45749,0],[46260,0],]]
[46005,12,45,[[46006,0],[46004,0],[45749,0],[46261,0],]]
[46006,12,45,[[46005,0],[46007,0],[45750,0],[45751,0],[46262,0],]]
[46007,16,45,[[46008,0],[46006,0],[45751,0],[46263,0],]]
[46008,13,45,[[46007,0],[46009,0],[45752,0],[45753,0],[46264,0],]]
[46009,17,45,[[46010,0],[46008,0],[45753,0],[46265,0],]]
[46010,17,45,[[46009,0],[46011,0],[45754,0],[45755,0],[46266,0],]]
[46011,6,45,[[46012,0],[46010,0],[45755,0],[46267,0],]]
[46012,4,45,[[46011,0],[46013,0],[45756,0],[45757,0],[46268,0],]]
[46013,7,45,[[46014,0],[46012,0],[45757,0],[46269,0],]]
[46014,7,45,[[46013,0],[46015,0],[45758,0],[45759,0],[46270,0],]]
[46015,9,45,[[46016,0],[46014,0],[45759,0],[46271,0],]]
[46016,8,46,[[46015,0],[46017,0],[45760,0],[45761,0],[46272,0],]]
[46017,15,46,[[46018,0],[46016,0],[45761,0],[46273,0],]]
[46018,8,46,[[46017,0],[46019,0],[45762,0],[45763,0],[46274,0],]]
[46019,13,46,[[46020,0],[46018,0],[45763,0],[46275,0],]]
[46020,5,46,[[46019,0],[46021,0],[45764,0],[45765,0],[46276,0],]]
[46021,8,46,[[46022,0],[46020,0],[45765,0],[46277,0],]]
[46022,14,46,[[46021,0],[46023,0],[45766,0],[45767,0],[46278,0],]]
[46023,17,46,[[46024,0],[46022,0],[45767,0],[46279,0],]]
[46024,16,46,[[46023,0],[46025,0],[45768,0],[45769,0],[46280,0],]]
[46025,17,46,[[46026,0],[46024,0],[45769,0],[46281,0],]]
[46026,13,46,[[46025,0],[46027,0],[45770,0],[45771,0],[46282,0],]]
[46027,17,46,[[46028,0],[46026,0],[45771,0],[46283,0],]]
[46028,7,46,[[46027,0],[46029,0],[45772,0],[45773,0],[46284,0],]]
[46029,19,46,[[46030,0],[46028,0],[45773,0],[46285,0],]]
[46030,2,46,[[46029,0],[46031,0],[45774,0],[45775,0],[46286,0],]]
[46031,16,46,[[46032,0],[46030,0],[45775,0],[46287,0],]]
[46032,5,46,[[46031,0],[46033,0],[45776,0],[45777,0],[46288,0],]]
[46033,17,46,[[46034,0],[46032,0],[45777,0],[46289,0],]]
[46034,8,46,[[46033,0],[46035,0],[45778,0],[45779,0],[46290,0],]]
[46035,13,46,[[46036,0],[46034,0],[45779,0],[46291,0],]]
[46036,12,46,[[46035,0],[46037,0],[45780,0],[45781,0],[46292,0],]]
[46037,15,46,[[46038,0],[46036,0],[45781,0],[46293,0],]]
[46038,12,46,[[46037,0],[46039,0],[45782,0],[45783,0],[46294,0],]]
[46039,1,46,[[46040,0],[46038,0],[45783,0],[46295,0],]]
[46040,16,46,[[46039,0],[46041,0],[45784,0],[45785,0],[46296,0],]]
[46041,11,46,[[46042,0],[46040,0],[45785,0],[46297,0],]]
[46042,17,46,[[46041,0],[46043,0],[45786,0],[45787,0],[46298,0],]]
[46043,7,46,[[46044,0],[46042,0],[45787,0],[46299,0],]]
[46044,2,46,[[46043,0],[46045,0],[45788,0],[45789,0],[46300,0],]]
[46045,11,46,[[46046,0],[46044,0],[45789,0],[46301,0],]]
[46046,5,46,[[46045,0],[46047,0],[45790,0],[45791,0],[46302,0],]]
[46047,11,46,[[46048,0],[46046,0],[45791,0],[46303,0],]]
[46048,13,47,[[46047,0],[46049,0],[45792,0],[45793,0],[46304,0],]]
[46049,15,47,[[46050,0],[46048,0],[45793,0],[46305,0],]]
[46050,3,47,[[46049,0],[46051,0],[45794,0],[45795,0],[46306,0],]]
[46051,3,47,[[46052,0],[46050,0],[45795,0],[46307,0],]]
[46052,12,47,[[46051,0],[46053,0],[45796,0],[45797,0],[46308,0],]]
[46053,5,47,[[46054,0],[46052,0],[45797,0],[46309,0],]]
[46054,8,47,[[46053,0],[46055,0],[45798,0],[45799,0],[46310,0],]]
[46055,4,47,[[46056,0],[46054,0],[45799,0],[46311,0],]]
[46056,7,47,[[46055,0],[46057,0],[45800,0],[45801,0],[46312,0],]]
[46057,10,47,[[46058,0],[46056,0],[45801,0],[46313,0],]]
[46058,6,47,[[46057,0],[46059,0],[45802,0],[45803,0],[46314,0],]]
[46059,6,47,[[46060,0],[46058,0],[45803,0],[46315,0],]]
[46060,12,47,[[46059,0],[46061,0],[45804,0],[45805,0],[46316,0],]]
[46061,5,47,[[46062,0],[46060,0],[45805,0],[46317,0],]]
[46062,17,47,[[46061,0],[46063,0],[45806,0],[45807,0],[46318,0],]]
[46063,8,47,[[46064,0],[46062,0],[45807,0],[46319,0],]]
[46064,8,47,[[46063,0],[46065,0],[45808,0],[45809,0],[46320,0],]]
[46065,2,47,[[46066,0],[46064,0],[45809,0],[46321,0],]]
[46066,13,47,[[46065,0],[46067,0],[45810,0],[45811,0],[46322,0],]]
[46067,8,47,[[46068,0],[46066,0],[45811,0],[46323,0],]]
[46068,7,47,[[46067,0],[46069,0],[45812,0],[45813,0],[46324,0],]]
[46069,14,47,[[46070,0],[46068,0],[45813,0],[46325,0],]]
[46070,1,47,[[46069,0],[46071,0],[45814,0],[45815,0],[46326,0],]]
[46071,13,47,[[46072,0],[46070,0],[45815,0],[46327,0],]]
[46072,3,47,[[46071,0],[46073,0],[45816,0],[45817,0],[46328,0],]]
[46073,11,47,[[46074,0],[46072,0],[45817,0],[46329,0],]]
[46074,8,47,[[46073,0],[46075,0],[45818,0],[45819,0],[46330,0],]]
[46075,5,47,[[46076,0],[46074,0],[45819,0],[46331,0],]]
[46076,12,47,[[46075,0],[46077,0],[45820,0],[45821,0],[46332,0],]]
[46077,5,47,[[46078,0],[46076,0],[45821,0],[46333,0],]]
[46078,6,47,[[46077,0],[46079,0],[45822,0],[45823,0],[46334,0],]]
[46079,11,47,[[46078,0],[45823,0],[46335,0],]]
[46080,5,40,[[46081,0],[46336,0],[45824,0],]]
[46081,11,40,[[46082,0],[46080,0],[46337,0],[46336,0],[45825,0],]]
[46082,1,40,[[46081,0],[46083,0],[46338,0],[45826,0],]]
[46083,14,40,[[46084,0],[46082,0],[46339,0],[46338,0],[45827,0],]]
[46084,7,40,[[46083,0],[46085,0],[46340,0],[45828,0],]]
[46085,9,40,[[46086,0],[46084,0],[46341,0],[46340,0],[45829,0],]]
[46086,4,40,[[46085,0],[46087,0],[46342,0],[45830,0],]]
[46087,7,40,[[46088,0],[46086,0],[46343,0],[46342,0],[45831,0],]]
[46088,9,40,[[46087,0],[46089,0],[46344,0],[45832,0],]]
[46089,19,40,[[46090,0],[46088,0],[46345,0],[46344,0],[45833,0],]]
[46090,6,40,[[46089,0],[46091,0],[46346,0],[45834,0],]]
[46091,2,40,[[46092,0],[46090,0],[46347,0],[46346,0],[45835,0],]]
[46092,9,40,[[46091,0],[46093,0],[46348,0],[45836,0],]]
[46093,4,40,[[46094,0],[46092,0],[46349,0],[46348,0],[45837,0],]]
[46094,17,40,[[46093,0],[46095,0],[46350,0],[45838,0],]]
[46095,4,40,[[46096,0],[46094,0],[46351,0],[46350,0],[45839,0],]]
[46096,16,40,[[46095,0],[46097,0],[46352,0],[45840,0],]]
[46097,17,40,[[46098,0],[46096,0],[46353,0],[46352,0],[45841,0],]]
[46098,2,40,[[46097,0],[46099,0],[46354,0],[45842,0],]]
[46099,5,40,[[46100,0],[46098,0],[46355,0],[46354,0],[45843,0],]]
[46100,15,40,[[46099,0],[46101,0],[46356,0],[45844,0],]]
[46101,2,40,[[46102,0],[46100,0],[46357,0],[46356,0],[45845,0],]]
[46102,9,40,[[46101,0],[46103,0],[46358,0],[45846,0],]]
[46103,11,40,[[46104,0],[46102,0],[46359,0],[46358,0],[45847,0],]]
[46104,10,40,[[46103,0],[46105,0],[46360,0],[45848,0],]]
[46105,13,40,[[46106,0],[46104,0],[46361,0],[46360,0],[45849,0],]]
[46106,5,40,[[46105,0],[46107,0],[46362,0],[45850,0],]]
[46107,2,40,[[46108,0],[46106,0],[46363,0],[46362,0],[45851,0],]]
[46108,5,40,[[46107,0],[46109,0],[46364,0],[45852,0],]]
[46109,2,40,[[46110,0],[46108,0],[46365,0],[46364,0],[45853,0],]]
[46110,1,40,[[46109,0],[46111,0],[46366,0],[45854,0],]]
[46111,1,40,[[46112,0],[46110,0],[46367,0],[46366,0],[45855,0],]]
[46112,10,41,[[46111,0],[46113,0],[46368,0],[45856,0],]]
[46113,4,41,[[46114,0],[46112,0],[46369,0],[46368,0],[45857,0],]]
[46114,5,41,[[46113,0],[46115,0],[46370,0],[45858,0],]]
[46115,15,41,[[46116,0],[46114,0],[46371,0],[46370,0],[45859,0],]]
[46116,11,41,[[46115,0],[46117,0],[46372,0],[45860,0],]]
[46117,7,41,[[46118,0],[46116,0],[46373,0],[46372,0],[45861,0],]]
[46118,3,41,[[46117,0],[46119,0],[46374,0],[45862,0],]]
[46119,4,41,[[46120,0],[46118,0],[46375,0],[46374,0],[45863,0],]]
[46120,4,41,[[46119,0],[46121,0],[46376,0],[45864,0],]]
[46121,19,41,[[46122,0],[46120,0],[46377,0],[46376,0],[45865,0],]]
[46122,1,41,[[46121,0],[46123,0],[46378,0],[45866,0],]]
[46123,6,41,[[46124,0],[46122,0],[46379,0],[46378,0],[45867,0],]]
[46124,16,41,[[46123,0],[46125,0],[46380,0],[45868,0],]]
[46125,7,41,[[46126,0],[46124,0],[46381,0],[46380,0],[45869,0],]]
[46126,16,41,[[46125,0],[46127,0],[46382,0],[45870,0],]]
[46127,18,41,[[46128,0],[46126,0],[46383,0],[46382,0],[45871,0],]]
[46128,7,41,[[46127,0],[46129,0],[46384,0],[45872,0],]]
[46129,14,41,[[46130,0],[46128,0],[46385,0],[46384,0],[45873,0],]]
[46130,18,41,[[46129,0],[46131,0],[46386,0],[45874,0],]]
[46131,7,41,[[46132,0],[46130,0],[46387,0],[46386,0],[45875,0],]]
[46132,14,41,[[46131,0],[46133,0],[46388,0],[45876,0],]]
[46133,2,41,[[46134,0],[46132,0],[46389,0],[46388,0],[45877,0],]]
[46134,13,41,[[46133,0],[46135,0],[46390,0],[45878,0],]]
[46135,9,41,[[46136,0],[46134,0],[46391,0],[46390,0],[45879,0],]]
[46136,12,41,[[46135,0],[46137,0],[46392,0],[45880,0],]]
[46137,10,41,[[46138,0],[46136,0],[46393,0],[46392,0],[45881,0],]]
[46138,1,41,[[46137,0],[46139,0],[46394,0],[45882,0],]]
[46139,10,41,[[46140,0],[46138,0],[46395,0],[46394,0],[45883,0],]]
[46140,15,41,[[46139,0],[46141,0],[46396,0],[45884,0],]]
[46141,3,41,[[46142,0],[46140,0],[46397,0],[46396,0],[45885,0],]]
[46142,12,41,[[46141,0],[46143,0],[46398,0],[45886,0],]]
[46143,17,41,[[46144,0],[46142,0],[46399,0],[46398,0],[45887,0],]]
[46144,11,42,[[46143,0],[46145,0],[46400,0],[45888,0],]]
[46145,6,42,[[46146,0],[46144,0],[46401,0],[46400,0],[45889,0],]]
[46146,9,42,[[46145,0],[46147,0],[46402,0],[45890,0],]]
[46147,10,42,[[46148,0],[46146,0],[46403,0],[46402,0],[45891,0],]]
[46148,1,42,[[46147,0],[46149,0],[46404,0],[45892,0],]]
[46149,2,42,[[46150,0],[46148,0],[46405,0],[46404,0],[45893,0],]]
[46150,2,42,[[46149,0],[46151,0],[46406,0],[45894,0],]]
[46151,4,42,[[46152,0],[46150,0],[46407,0],[46406,0],[45895,0],]]
[46152,15,42,[[46151,0],[46153,0],[46408,0],[45896,0],]]
[46153,12,42,[[46154,0],[46152,0],[46409,0],[46408,0],[45897,0],]]
[46154,16,42,[[46153,0],[46155,0],[46410,0],[45898,0],]]
[46155,19,42,[[46156,0],[46154,0],[46411,0],[46410,0],[45899,0],]]
[46156,14,42,[[46155,0],[46157,0],[46412,0],[45900,0],]]
[46157,14,42,[[46158,0],[46156,0],[46413,0],[46412,0],[45901,0],]]
[46158,17,42,[[46157,0],[46159,0],[46414,0],[45902,0],]]
[46159,9,42,[[46160,0],[46158,0],[46415,0],[46414,0],[45903,0],]]
[46160,19,42,[[46159,0],[46161,0],[46416,0],[45904,0],]]
[46161,13,42,[[46162,0],[46160,0],[46417,0],[46416,0],[45905,0],]]
[46162,15,42,[[46161,0],[46163,0],[46418,0],[45906,0],]]
[46163,7,42,[[46164,0],[46162,0],[46419,0],[46418,0],[45907,0],]]
[46164,2,42,[[46163,0],[46165,0],[46420,0],[45908,0],]]
[46165,14,42,[[46166,0],[46164,0],[46421,0],[46420,0],[45909,0],]]
[46166,11,42,[[46165,0],[46167,0],[46422,0],[45910,0],]]
[46167,16,42,[[46168,0],[46166,0],[46423,0],[46422,0],[45911,0],]]
[46168,10,42,[[46167,0],[46169,0],[46424,0],[45912,0],]]
[46169,1,42,[[46170,0],[46168,0],[46425,0],[46424,0],[45913,0],]]
[46170,13,42,[[46169,0],[46171,0],[46426,0],[45914,0],]]
[46171,18,42,[[46172,0],[46170,0],[46427,0],[46426,0],[45915,0],]]
[46172,18,42,[[46171,0],[46173,0],[46428,0],[45916,0],]]
[46173,19,42,[[46174,0],[46172,0],[46429,0],[46428,0],[45917,0],]]
[46174,7,42,[[46173,0],[46175,0],[46430,0],[45918,0],]]
[46175,15,42,[[46176,0],[46174,0],[46431,0],[46430,0],[45919,0],]]
[46176,11,43,[[46175,0],[46177,0],[46432,0],[45920,0],]]
[46177,14,43,[[46178,0],[46176,0],[46433,0],[46432,0],[45921,0],]]
[46178,9,43,[[46177,0],[46179,0],[46434,0],[45922,0],]]
[46179,11,43,[[46180,0],[46178,0],[46435,0],[46434,0],[45923,0],]]
[46180,1,43,[[46179,0],[46181,0],[46436,0],[45924,0],]]
[46181,6,43,[[46182,0],[46180,0],[46437,0],[46436,0],[45925,0],]]
[46182,2,43,[[46181,0],[46183,0],[46438,0],[45926,0],]]
[46183,12,43,[[46184,0],[46182,0],[46439,0],[46438,0],[45927,0],]]
[46184,14,43,[[46183,0],[46185,0],[46440,0],[45928,0],]]
[46185,1,43,[[46186,0],[46184,0],[46441,0],[46440,0],[45929,0],]]
[46186,9,43,[[46185,0],[46187,0],[46442,0],[45930,0],]]
[46187,7,43,[[46188,0],[46186,0],[46443,0],[46442,0],[45931,0],]]
[46188,16,43,[[46187,0],[46189,0],[46444,0],[45932,0],]]
[46189,10,43,[[46190,0],[46188,0],[46445,0],[46444,0],[45933,0],]]
[46190,18,43,[[46189,0],[46191,0],[46446,0],[45934,0],]]
[46191,19,43,[[46192,0],[46190,0],[46447,0],[46446,0],[45935,0],]]
[46192,7,43,[[46191,0],[46193,0],[46448,0],[45936,0],]]
[46193,17,43,[[46194,0],[46192,0],[46449,0],[46448,0],[45937,0],]]
[46194,10,43,[[46193,0],[46195,0],[46450,0],[45938,0],]]
[46195,8,43,[[46196,0],[46194,0],[46451,0],[46450,0],[45939,0],]]
[46196,2,43,[[46195,0],[46197,0],[46452,0],[45940,0],]]
[46197,9,43,[[46198,0],[46196,0],[46453,0],[46452,0],[45941,0],]]
[46198,12,43,[[46197,0],[46199,0],[46454,0],[45942,0],]]
[46199,11,43,[[46200,0],[46198,0],[46455,0],[46454,0],[45943,0],]]
[46200,16,43,[[46199,0],[46201,0],[46456,0],[45944,0],]]
[46201,18,43,[[46202,0],[46200,0],[46457,0],[46456,0],[45945,0],]]
[46202,3,43,[[46201,0],[46203,0],[46458,0],[45946,0],]]
[46203,10,43,[[46204,0],[46202,0],[46459,0],[46458,0],[45947,0],]]
[46204,14,43,[[46203,0],[46205,0],[46460,0],[45948,0],]]
[46205,12,43,[[46206,0],[46204,0],[46461,0],[46460,0],[45949,0],]]
[46206,13,43,[[46205,0],[46207,0],[46462,0],[45950,0],]]
[46207,13,43,[[46208,0],[46206,0],[46463,0],[46462,0],[45951,0],]]
[46208,14,44,[[46207,0],[46209,0],[46464,0],[45952,0],]]
[46209,5,44,[[46210,0],[46208,0],[46465,0],[46464,0],[45953,0],]]
[46210,7,44,[[46209,0],[46211,0],[46466,0],[45954,0],]]
[46211,16,44,[[46212,0],[46210,0],[46467,0],[46466,0],[45955,0],]]
[46212,1,44,[[46211,0],[46213,0],[46468,0],[45956,0],]]
[46213,16,44,[[46214,0],[46212,0],[46469,0],[46468,0],[45957,0],]]
[46214,18,44,[[46213,0],[46215,0],[46470,0],[45958,0],]]
[46215,2,44,[[46216,0],[46214,0],[46471,0],[46470,0],[45959,0],]]
[46216,6,44,[[46215,0],[46217,0],[46472,0],[45960,0],]]
[46217,19,44,[[46218,0],[46216,0],[46473,0],[46472,0],[45961,0],]]
[46218,1,44,[[46217,0],[46219,0],[46474,0],[45962,0],]]
[46219,2,44,[[46220,0],[46218,0],[46475,0],[46474,0],[45963,0],]]
[46220,15,44,[[46219,0],[46221,0],[46476,0],[45964,0],]]
[46221,4,44,[[46222,0],[46220,0],[46477,0],[46476,0],[45965,0],]]
[46222,14,44,[[46221,0],[46223,0],[46478,0],[45966,0],]]
[46223,5,44,[[46224,0],[46222,0],[46479,0],[46478,0],[45967,0],]]
[46224,8,44,[[46223,0],[46225,0],[46480,0],[45968,0],]]
[46225,15,44,[[46226,0],[46224,0],[46481,0],[46480,0],[45969,0],]]
[46226,18,44,[[46225,0],[46227,0],[46482,0],[45970,0],]]
[46227,8,44,[[46228,0],[46226,0],[46483,0],[46482,0],[45971,0],]]
[46228,12,44,[[46227,0],[46229,0],[46484,0],[45972,0],]]
[46229,14,44,[[46230,0],[46228,0],[46485,0],[46484,0],[45973,0],]]
[46230,18,44,[[46229,0],[46231,0],[46486,0],[45974,0],]]
[46231,16,44,[[46232,0],[46230,0],[46487,0],[46486,0],[45975,0],]]
[46232,6,44,[[46231,0],[46233,0],[46488,0],[45976,0],]]
[46233,6,44,[[46234,0],[46232,0],[46489,0],[46488,0],[45977,0],]]
[46234,1,44,[[46233,0],[46235,0],[46490,0],[45978,0],]]
[46235,7,44,[[46236,0],[46234,0],[46491,0],[46490,0],[45979,0],]]
[46236,17,44,[[46235,0],[46237,0],[46492,0],[45980,0],]]
[46237,7,44,[[46238,0],[46236,0],[46493,0],[46492,0],[45981,0],]]
[46238,19,44,[[46237,0],[46239,0],[46494,0],[45982,0],]]
[46239,14,44,[[46240,0],[46238,0],[46495,0],[46494,0],[45983,0],]]
[46240,18,45,[[46239,0],[46241,0],[46496,0],[45984,0],]]
[46241,2,45,[[46242,0],[46240,0],[46497,0],[46496,0],[45985,0],]]
[46242,2,45,[[46241,0],[46243,0],[46498,0],[45986,0],]]
[46243,1,45,[[46244,0],[46242,0],[46499,0],[46498,0],[45987,0],]]
[46244,5,45,[[46243,0],[46245,0],[46500,0],[45988,0],]]
[46245,12,45,[[46246,0],[46244,0],[46501,0],[46500,0],[45989,0],]]
[46246,3,45,[[46245,0],[46247,0],[46502,0],[45990,0],]]
[46247,3,45,[[46248,0],[46246,0],[46503,0],[46502,0],[45991,0],]]
[46248,10,45,[[46247,0],[46249,0],[46504,0],[45992,0],]]
[46249,9,45,[[46250,0],[46248,0],[46505,0],[46504,0],[45993,0],]]
[46250,8,45,[[46249,0],[46251,0],[46506,0],[45994,0],]]
[46251,1,45,[[46252,0],[46250,0],[46507,0],[46506,0],[45995,0],]]
[46252,12,45,[[46251,0],[46253,0],[46508,0],[45996,0],]]
[46253,19,45,[[46254,0],[46252,0],[46509,0],[46508,0],[45997,0],]]
[46254,5,45,[[46253,0],[46255,0],[46510,0],[45998,0],]]
[46255,5,45,[[46256,0],[46254,0],[46511,0],[46510,0],[45999,0],]]
[46256,5,45,[[46255,0],[46257,0],[46512,0],[46000,0],]]
[46257,2,45,[[46258,0],[46256,0],[46513,0],[46512,0],[46001,0],]]
[46258,5,45,[[46257,0],[46259,0],[46514,0],[46002,0],]]
[46259,5,45,[[46260,0],[46258,0],[46515,0],[46514,0],[46003,0],]]
[46260,9,45,[[46259,0],[46261,0],[46516,0],[46004,0],]]
[46261,2,45,[[46262,0],[46260,0],[46517,0],[46516,0],[46005,0],]]
[46262,5,45,[[46261,0],[46263,0],[46518,0],[46006,0],]]
[46263,17,45,[[46264,0],[46262,0],[46519,0],[46518,0],[46007,0],]]
[46264,15,45,[[46263,0],[46265,0],[46520,0],[46008,0],]]
[46265,19,45,[[46266,0],[46264,0],[46521,0],[46520,0],[46009,0],]]
[46266,15,45,[[46265,0],[46267,0],[46522,0],[46010,0],]]
[46267,7,45,[[46268,0],[46266,0],[46523,0],[46522,0],[46011,0],]]
[46268,2,45,[[46267,0],[46269,0],[46524,0],[46012,0],]]
[46269,3,45,[[46270,0],[46268,0],[46525,0],[46524,0],[46013,0],]]
[46270,9,45,[[46269,0],[46271,0],[46526,0],[46014,0],]]
[46271,15,45,[[46272,0],[46270,0],[46527,0],[46526,0],[46015,0],]]
[46272,7,46,[[46271,0],[46273,0],[46528,0],[46016,0],]]
[46273,6,46,[[46274,0],[46272,0],[46529,0],[46528,0],[46017,0],]]
[46274,15,46,[[46273,0],[46275,0],[46530,0],[46018,0],]]
[46275,9,46,[[46276,0],[46274,0],[46531,0],[46530,0],[46019,0],]]
[46276,3,46,[[46275,0],[46277,0],[46532,0],[46020,0],]]
[46277,2,46,[[46278,0],[46276,0],[46533,0],[46532,0],[46021,0],]]
[46278,9,46,[[46277,0],[46279,0],[46534,0],[46022,0],]]
[46279,16,46,[[46280,0],[46278,0],[46535,0],[46534,0],[46023,0],]]
[46280,10,46,[[46279,0],[46281,0],[46536,0],[46024,0],]]
[46281,11,46,[[46282,0],[46280,0],[46537,0],[46536,0],[46025,0],]]
[46282,15,46,[[46281,0],[46283,0],[46538,0],[46026,0],]]
[46283,6,46,[[46284,0],[46282,0],[46539,0],[46538,0],[46027,0],]]
[46284,2,46,[[46283,0],[46285,0],[46540,0],[46028,0],]]
[46285,6,46,[[46286,0],[46284,0],[46541,0],[46540,0],[46029,0],]]
[46286,6,46,[[46285,0],[46287,0],[46542,0],[46030,0],]]
[46287,13,46,[[46288,0],[46286,0],[46543,0],[46542,0],[46031,0],]]
[46288,8,46,[[46287,0],[46289,0],[46544,0],[46032,0],]]
[46289,12,46,[[46290,0],[46288,0],[46545,0],[46544,0],[46033,0],]]
[46290,17,46,[[46289,0],[46291,0],[46546,0],[46034,0],]]
[46291,2,46,[[46292,0],[46290,0],[46547,0],[46546,0],[46035,0],]]
[46292,11,46,[[46291,0],[46293,0],[46548,0],[46036,0],]]
[46293,6,46,[[46294,0],[46292,0],[46549,0],[46548,0],[46037,0],]]
[46294,15,46,[[46293,0],[46295,0],[46550,0],[46038,0],]]
[46295,8,46,[[46296,0],[46294,0],[46551,0],[46550,0],[46039,0],]]
[46296,13,46,[[46295,0],[46297,0],[46552,0],[46040,0],]]
[46297,17,46,[[46298,0],[46296,0],[46553,0],[46552,0],[46041,0],]]
[46298,10,46,[[46297,0],[46299,0],[46554,0],[46042,0],]]
[46299,4,46,[[46300,0],[46298,0],[46555,0],[46554,0],[46043,0],]]
[46300,15,46,[[46299,0],[46301,0],[46556,0],[46044,0],]]
[46301,7,46,[[46302,0],[46300,0],[46557,0],[46556,0],[46045,0],]]
[46302,6,46,[[46301,0],[46303,0],[46558,0],[46046,0],]]
[46303,7,46,[[46304,0],[46302,0],[46559,0],[46558,0],[46047,0],]]
[46304,9,47,[[46303,0],[46305,0],[46560,0],[46048,0],]]
[46305,8,47,[[46306,0],[46304,0],[46561,0],[46560,0],[46049,0],]]
[46306,16,47,[[46305,0],[46307,0],[46562,0],[46050,0],]]
[46307,12,47,[[46308,0],[46306,0],[46563,0],[46562,0],[46051,0],]]
[46308,17,47,[[46307,0],[46309,0],[46564,0],[46052,0],]]
[46309,16,47,[[46310,0],[46308,0],[46565,0],[46564,0],[46053,0],]]
[46310,16,47,[[46309,0],[46311,0],[46566,0],[46054,0],]]
[46311,3,47,[[46312,0],[46310,0],[46567,0],[46566,0],[46055,0],]]
[46312,4,47,[[46311,0],[46313,0],[46568,0],[46056,0],]]
[46313,12,47,[[46314,0],[46312,0],[46569,0],[46568,0],[46057,0],]]
[46314,12,47,[[46313,0],[46315,0],[46570,0],[46058,0],]]
[46315,1,47,[[46316,0],[46314,0],[46571,0],[46570,0],[46059,0],]]
[46316,15,47,[[46315,0],[46317,0],[46572,0],[46060,0],]]
[46317,6,47,[[46318,0],[46316,0],[46573,0],[46572,0],[46061,0],]]
[46318,15,47,[[46317,0],[46319,0],[46574,0],[46062,0],]]
[46319,18,47,[[46320,0],[46318,0],[46575,0],[46574,0],[46063,0],]]
[46320,18,47,[[46319,0],[46321,0],[46576,0],[46064,0],]]
[46321,7,47,[[46322,0],[46320,0],[46577,0],[46576,0],[46065,0],]]
[46322,16,47,[[46321,0],[46323,0],[46578,0],[46066,0],]]
[46323,11,47,[[46324,0],[46322,0],[46579,0],[46578,0],[46067,0],]]
[46324,8,47,[[46323,0],[46325,0],[46580,0],[46068,0],]]
[46325,5,47,[[46326,0],[46324,0],[46581,0],[46580,0],[46069,0],]]
[46326,14,47,[[46325,0],[46327,0],[46582,0],[46070,0],]]
[46327,16,47,[[46328,0],[46326,0],[46583,0],[46582,0],[46071,0],]]
[46328,1,47,[[46327,0],[46329,0],[46584,0],[46072,0],]]
[46329,2,47,[[46330,0],[46328,0],[46585,0],[46584,0],[46073,0],]]
[46330,12,47,[[46329,0],[46331,0],[46586,0],[46074,0],]]
[46331,17,47,[[46332,0],[46330,0],[46587,0],[46586,0],[46075,0],]]
[46332,1,47,[[46331,0],[46333,0],[46588,0],[46076,0],]]
[46333,8,47,[[46334,0],[46332,0],[46589,0],[46588,0],[46077,0],]]
[46334,4,47,[[46333,0],[46335,0],[46590,0],[46078,0],]]
[46335,19,47,[[46334,0],[46591,0],[46590,0],[46079,0],]]
[46336,15,40,[[46337,0],[46080,0],[46081,0],[46592,0],]]
[46337,3,40,[[46338,0],[46336,0],[46081,0],[46593,0],]]
[46338,11,40,[[46337,0],[46339,0],[46082,0],[46083,0],[46594,0],]]
[46339,9,40,[[46340,0],[46338,0],[46083,0],[46595,0],]]
[46340,14,40,[[46339,0],[46341,0],[46084,0],[46085,0],[46596,0],]]
[46341,6,40,[[46342,0],[46340,0],[46085,0],[46597,0],]]
[46342,2,40,[[46341,0],[46343,0],[46086,0],[46087,0],[46598,0],]]
[46343,6,40,[[46344,0],[46342,0],[46087,0],[46599,0],]]
[46344,18,40,[[46343,0],[46345,0],[46088,0],[46089,0],[46600,0],]]
[46345,10,40,[[46346,0],[46344,0],[46089,0],[46601,0],]]
[46346,15,40,[[46345,0],[46347,0],[46090,0],[46091,0],[46602,0],]]
[46347,13,40,[[46348,0],[46346,0],[46091,0],[46603,0],]]
[46348,5,40,[[46347,0],[46349,0],[46092,0],[46093,0],[46604,0],]]
[46349,5,40,[[46350,0],[46348,0],[46093,0],[46605,0],]]
[46350,4,40,[[46349,0],[46351,0],[46094,0],[46095,0],[46606,0],]]
[46351,15,40,[[46352,0],[46350,0],[46095,0],[46607,0],]]
[46352,8,40,[[46351,0],[46353,0],[46096,0],[46097,0],[46608,0],]]
[46353,14,40,[[46354,0],[46352,0],[46097,0],[46609,0],]]
[46354,18,40,[[46353,0],[46355,0],[46098,0],[46099,0],[46610,0],]]
[46355,3,40,[[46356,0],[46354,0],[46099,0],[46611,0],]]
[46356,4,40,[[46355,0],[46357,0],[46100,0],[46101,0],[46612,0],]]
[46357,1,40,[[46358,0],[46356,0],[46101,0],[46613,0],]]
[46358,1,40,[[46357,0],[46359,0],[46102,0],[46103,0],[46614,0],]]
[46359,14,40,[[46360,0],[46358,0],[46103,0],[46615,0],]]
[46360,18,40,[[46359,0],[46361,0],[46104,0],[46105,0],[46616,0],]]
[46361,13,40,[[46362,0],[46360,0],[46105,0],[46617,0],]]
[46362,17,40,[[46361,0],[46363,0],[46106,0],[46107,0],[46618,0],]]
[46363,2,40,[[46364,0],[46362,0],[46107,0],[46619,0],]]
[46364,18,40,[[46363,0],[46365,0],[46108,0],[46109,0],[46620,0],]]
[46365,14,40,[[46366,0],[46364,0],[46109,0],[46621,0],]]
[46366,19,40,[[46365,0],[46367,0],[46110,0],[46111,0],[46622,0],]]
[46367,1,40,[[46368,0],[46366,0],[46111,0],[46623,0],]]
[46368,14,41,[[46367,0],[46369,0],[46112,0],[46113,0],[46624,0],]]
[46369,3,41,[[46370,0],[46368,0],[46113,0],[46625,0],]]
[46370,16,41,[[46369,0],[46371,0],[46114,0],[46115,0],[46626,0],]]
[46371,5,41,[[46372,0],[46370,0],[46115,0],[46627,0],]]
[46372,14,41,[[46371,0],[46373,0],[46116,0],[46117,0],[46628,0],]]
[46373,5,41,[[46374,0],[46372,0],[46117,0],[46629,0],]]
[46374,4,41,[[46373,0],[46375,0],[46118,0],[46119,0],[46630,0],]]
[46375,1,41,[[46376,0],[46374,0],[46119,0],[46631,0],]]
[46376,13,41,[[46375,0],[46377,0],[46120,0],[46121,0],[46632,0],]]
[46377,17,41,[[46378,0],[46376,0],[46121,0],[46633,0],]]
[46378,3,41,[[46377,0],[46379,0],[46122,0],[46123,0],[46634,0],]]
[46379,12,41,[[46380,0],[46378,0],[46123,0],[46635,0],]]
[46380,4,41,[[46379,0],[46381,0],[46124,0],[46125,0],[46636,0],]]
[46381,12,41,[[46382,0],[46380,0],[46125,0],[46637,0],]]
[46382,2,41,[[46381,0],[46383,0],[46126,0],[46127,0],[46638,0],]]
[46383,10,41,[[46384,0],[46382,0],[46127,0],[46639,0],]]
[46384,6,41,[[46383,0],[46385,0],[46128,0],[46129,0],[46640,0],]]
[46385,3,41,[[46386,0],[46384,0],[46129,0],[46641,0],]]
[46386,2,41,[[46385,0],[46387,0],[46130,0],[46131,0],[46642,0],]]
[46387,16,41,[[46388,0],[46386,0],[46131,0],[46643,0],]]
[46388,13,41,[[46387,0],[46389,0],[46132,0],[46133,0],[46644,0],]]
[46389,13,41,[[46390,0],[46388,0],[46133,0],[46645,0],]]
[46390,8,41,[[46389,0],[46391,0],[46134,0],[46135,0],[46646,0],]]
[46391,14,41,[[46392,0],[46390,0],[46135,0],[46647,0],]]
[46392,15,41,[[46391,0],[46393,0],[46136,0],[46137,0],[46648,0],]]
[46393,9,41,[[46394,0],[46392,0],[46137,0],[46649,0],]]
[46394,9,41,[[46393,0],[46395,0],[46138,0],[46139,0],[46650,0],]]
[46395,6,41,[[46396,0],[46394,0],[46139,0],[46651,0],]]
[46396,15,41,[[46395,0],[46397,0],[46140,0],[46141,0],[46652,0],]]
[46397,2,41,[[46398,0],[46396,0],[46141,0],[46653,0],]]
[46398,4,41,[[46397,0],[46399,0],[46142,0],[46143,0],[46654,0],]]
[46399,19,41,[[46400,0],[46398,0],[46143,0],[46655,0],]]
[46400,16,42,[[46399,0],[46401,0],[46144,0],[46145,0],[46656,0],]]
[46401,1,42,[[46402,0],[46400,0],[46145,0],[46657,0],]]
[46402,16,42,[[46401,0],[46403,0],[46146,0],[46147,0],[46658,0],]]
[46403,10,42,[[46404,0],[46402,0],[46147,0],[46659,0],]]
[46404,2,42,[[46403,0],[46405,0],[46148,0],[46149,0],[46660,0],]]
[46405,3,42,[[46406,0],[46404,0],[46149,0],[46661,0],]]
[46406,14,42,[[46405,0],[46407,0],[46150,0],[46151,0],[46662,0],]]
[46407,5,42,[[46408,0],[46406,0],[46151,0],[46663,0],]]
[46408,8,42,[[46407,0],[46409,0],[46152,0],[46153,0],[46664,0],]]
[46409,4,42,[[46410,0],[46408,0],[46153,0],[46665,0],]]
[46410,18,42,[[46409,0],[46411,0],[46154,0],[46155,0],[46666,0],]]
[46411,6,42,[[46412,0],[46410,0],[46155,0],[46667,0],]]
[46412,4,42,[[46411,0],[46413,0],[46156,0],[46157,0],[46668,0],]]
[46413,14,42,[[46414,0],[46412,0],[46157,0],[46669,0],]]
[46414,13,42,[[46413,0],[46415,0],[46158,0],[46159,0],[46670,0],]]
[46415,15,42,[[46416,0],[46414,0],[46159,0],[46671,0],]]
[46416,12,42,[[46415,0],[46417,0],[46160,0],[46161,0],[46672,0],]]
[46417,10,42,[[46418,0],[46416,0],[46161,0],[46673,0],]]
[46418,2,42,[[46417,0],[46419,0],[46162,0],[46163,0],[46674,0],]]
[46419,15,42,[[46420,0],[46418,0],[46163,0],[46675,0],]]
[46420,12,42,[[46419,0],[46421,0],[46164,0],[46165,0],[46676,0],]]
[46421,5,42,[[46422,0],[46420,0],[46165,0],[46677,0],]]
[46422,8,42,[[46421,0],[46423,0],[46166,0],[46167,0],[46678,0],]]
[46423,8,42,[[46424,0],[46422,0],[46167,0],[46679,0],]]
[46424,8,42,[[46423,0],[46425,0],[46168,0],[46169,0],[46680,0],]]
[46425,11,42,[[46426,0],[46424,0],[46169,0],[46681,0],]]
[46426,6,42,[[46425,0],[46427,0],[46170,0],[46171,0],[46682,0],]]
[46427,1,42,[[46428,0],[46426,0],[46171,0],[46683,0],]]
[46428,3,42,[[46427,0],[46429,0],[46172,0],[46173,0],[46684,0],]]
[46429,4,42,[[46430,0],[46428,0],[46173,0],[46685,0],]]
[46430,5,42,[[46429,0],[46431,0],[46174,0],[46175,0],[46686,0],]]
[46431,15,42,[[46432,0],[46430,0],[46175,0],[46687,0],]]
[46432,8,43,[[46431,0],[46433,0],[46176,0],[46177,0],[46688,0],]]
[46433,3,43,[[46434,0],[46432,0],[46177,0],[46689,0],]]
[46434,16,43,[[46433,0],[46435,0],[46178,0],[46179,0],[46690,0],]]
[46435,9,43,[[46436,0],[46434,0],[46179,0],[46691,0],]]
[46436,14,43,[[46435,0],[46437,0],[46180,0],[46181,0],[46692,0],]]
[46437,12,43,[[46438,0],[46436,0],[46181,0],[46693,0],]]
[46438,14,43,[[46437,0],[46439,0],[46182,0],[46183,0],[46694,0],]]
[46439,9,43,[[46440,0],[46438,0],[46183,0],[46695,0],]]
[46440,16,43,[[46439,0],[46441,0],[46184,0],[46185,0],[46696,0],]]
[46441,10,43,[[46442,0],[46440,0],[46185,0],[46697,0],]]
[46442,17,43,[[46441,0],[46443,0],[46186,0],[46187,0],[46698,0],]]
[46443,11,43,[[46444,0],[46442,0],[46187,0],[46699,0],]]
[46444,10,43,[[46443,0],[46445,0],[46188,0],[46189,0],[46700,0],]]
[46445,16,43,[[46446,0],[46444,0],[46189,0],[46701,0],]]
[46446,13,43,[[46445,0],[46447,0],[46190,0],[46191,0],[46702,0],]]
[46447,14,43,[[46448,0],[46446,0],[46191,0],[46703,0],]]
[46448,9,43,[[46447,0],[46449,0],[46192,0],[46193,0],[46704,0],]]
[46449,8,43,[[46450,0],[46448,0],[46193,0],[46705,0],]]
[46450,19,43,[[46449,0],[46451,0],[46194,0],[46195,0],[46706,0],]]
[46451,8,43,[[46452,0],[46450,0],[46195,0],[46707,0],]]
[46452,9,43,[[46451,0],[46453,0],[46196,0],[46197,0],[46708,0],]]
[46453,17,43,[[46454,0],[46452,0],[46197,0],[46709,0],]]
[46454,19,43,[[46453,0],[46455,0],[46198,0],[46199,0],[46710,0],]]
[46455,7,43,[[46456,0],[46454,0],[46199,0],[46711,0],]]
[46456,16,43,[[46455,0],[46457,0],[46200,0],[46201,0],[46712,0],]]
[46457,12,43,[[46458,0],[46456,0],[46201,0],[46713,0],]]
[46458,6,43,[[46457,0],[46459,0],[46202,0],[46203,0],[46714,0],]]
[46459,17,43,[[46460,0],[46458,0],[46203,0],[46715,0],]]
[46460,4,43,[[46459,0],[46461,0],[46204,0],[46205,0],[46716,0],]]
[46461,18,43,[[46462,0],[46460,0],[46205,0],[46717,0],]]
[46462,15,43,[[46461,0],[46463,0],[46206,0],[46207,0],[46718,0],]]
[46463,17,43,[[46464,0],[46462,0],[46207,0],[46719,0],]]
[46464,11,44,[[46463,0],[46465,0],[46208,0],[46209,0],[46720,0],]]
[46465,9,44,[[46466,0],[46464,0],[46209,0],[46721,0],]]
[46466,2,44,[[46465,0],[46467,0],[46210,0],[46211,0],[46722,0],]]
[46467,2,44,[[46468,0],[46466,0],[46211,0],[46723,0],]]
[46468,6,44,[[46467,0],[46469,0],[46212,0],[46213,0],[46724,0],]]
[46469,18,44,[[46470,0],[46468,0],[46213,0],[46725,0],]]
[46470,4,44,[[46469,0],[46471,0],[46214,0],[46215,0],[46726,0],]]
[46471,4,44,[[46472,0],[46470,0],[46215,0],[46727,0],]]
[46472,9,44,[[46471,0],[46473,0],[46216,0],[46217,0],[46728,0],]]
[46473,17,44,[[46474,0],[46472,0],[46217,0],[46729,0],]]
[46474,11,44,[[46473,0],[46475,0],[46218,0],[46219,0],[46730,0],]]
[46475,7,44,[[46476,0],[46474,0],[46219,0],[46731,0],]]
[46476,11,44,[[46475,0],[46477,0],[46220,0],[46221,0],[46732,0],]]
[46477,8,44,[[46478,0],[46476,0],[46221,0],[46733,0],]]
[46478,18,44,[[46477,0],[46479,0],[46222,0],[46223,0],[46734,0],]]
[46479,13,44,[[46480,0],[46478,0],[46223,0],[46735,0],]]
[46480,7,44,[[46479,0],[46481,0],[46224,0],[46225,0],[46736,0],]]
[46481,3,44,[[46482,0],[46480,0],[46225,0],[46737,0],]]
[46482,17,44,[[46481,0],[46483,0],[46226,0],[46227,0],[46738,0],]]
[46483,16,44,[[46484,0],[46482,0],[46227,0],[46739,0],]]
[46484,10,44,[[46483,0],[46485,0],[46228,0],[46229,0],[46740,0],]]
[46485,8,44,[[46486,0],[46484,0],[46229,0],[46741,0],]]
[46486,18,44,[[46485,0],[46487,0],[46230,0],[46231,0],[46742,0],]]
[46487,8,44,[[46488,0],[46486,0],[46231,0],[46743,0],]]
[46488,14,44,[[46487,0],[46489,0],[46232,0],[46233,0],[46744,0],]]
[46489,4,44,[[46490,0],[46488,0],[46233,0],[46745,0],]]
[46490,4,44,[[46489,0],[46491,0],[46234,0],[46235,0],[46746,0],]]
[46491,17,44,[[46492,0],[46490,0],[46235,0],[46747,0],]]
[46492,1,44,[[46491,0],[46493,0],[46236,0],[46237,0],[46748,0],]]
[46493,16,44,[[46494,0],[46492,0],[46237,0],[46749,0],]]
[46494,15,44,[[46493,0],[46495,0],[46238,0],[46239,0],[46750,0],]]
[46495,3,44,[[46496,0],[46494,0],[46239,0],[46751,0],]]
[46496,9,45,[[46495,0],[46497,0],[46240,0],[46241,0],[46752,0],]]
[46497,12,45,[[46498,0],[46496,0],[46241,0],[46753,0],]]
[46498,6,45,[[46497,0],[46499,0],[46242,0],[46243,0],[46754,0],]]
[46499,1,45,[[46500,0],[46498,0],[46243,0],[46755,0],]]
[46500,2,45,[[46499,0],[46501,0],[46244,0],[46245,0],[46756,0],]]
[46501,15,45,[[46502,0],[46500,0],[46245,0],[46757,0],]]
[46502,2,45,[[46501,0],[46503,0],[46246,0],[46247,0],[46758,0],]]
[46503,5,45,[[46504,0],[46502,0],[46247,0],[46759,0],]]
[46504,15,45,[[46503,0],[46505,0],[46248,0],[46249,0],[46760,0],]]
[46505,17,45,[[46506,0],[46504,0],[46249,0],[46761,0],]]
[46506,11,45,[[46505,0],[46507,0],[46250,0],[46251,0],[46762,0],]]
[46507,17,45,[[46508,0],[46506,0],[46251,0],[46763,0],]]
[46508,3,45,[[46507,0],[46509,0],[46252,0],[46253,0],[46764,0],]]
[46509,17,45,[[46510,0],[46508,0],[46253,0],[46765,0],]]
[46510,16,45,[[46509,0],[46511,0],[46254,0],[46255,0],[46766,0],]]
[46511,16,45,[[46512,0],[46510,0],[46255,0],[46767,0],]]
[46512,15,45,[[46511,0],[46513,0],[46256,0],[46257,0],[46768,0],]]
[46513,7,45,[[46514,0],[46512,0],[46257,0],[46769,0],]]
[46514,3,45,[[46513,0],[46515,0],[46258,0],[46259,0],[46770,0],]]
[46515,16,45,[[46516,0],[46514,0],[46259,0],[46771,0],]]
[46516,4,45,[[46515,0],[46517,0],[46260,0],[46261,0],[46772,0],]]
[46517,15,45,[[46518,0],[46516,0],[46261,0],[46773,0],]]
[46518,5,45,[[46517,0],[46519,0],[46262,0],[46263,0],[46774,0],]]
[46519,1,45,[[46520,0],[46518,0],[46263,0],[46775,0],]]
[46520,14,45,[[46519,0],[46521,0],[46264,0],[46265,0],[46776,0],]]
[46521,19,45,[[46522,0],[46520,0],[46265,0],[46777,0],]]
[46522,5,45,[[46521,0],[46523,0],[46266,0],[46267,0],[46778,0],]]
[46523,15,45,[[46524,0],[46522,0],[46267,0],[46779,0],]]
[46524,5,45,[[46523,0],[46525,0],[46268,0],[46269,0],[46780,0],]]
[46525,6,45,[[46526,0],[46524,0],[46269,0],[46781,0],]]
[46526,12,45,[[46525,0],[46527,0],[46270,0],[46271,0],[46782,0],]]
[46527,1,45,[[46528,0],[46526,0],[46271,0],[46783,0],]]
[46528,4,46,[[46527,0],[46529,0],[46272,0],[46273,0],[46784,0],]]
[46529,6,46,[[46530,0],[46528,0],[46273,0],[46785,0],]]
