[47841,3,47,[[47842,0],[47840,0],[48097,0],[48096,0],[47585,0],]]
[47842,12,47,[[47841,0],[47843,0],[48098,0],[47586,0],]]
[47843,19,47,[[47844,0],[47842,0],[48099,0],[48098,0],[47587,0],]]
[47844,13,47,[[47843,0],[47845,0],[48100,0],[47588,0],]]
[47845,6,47,[[47846,0],[47844,0],[48101,0],[48100,0],[47589,0],]]
[47846,14,47,[[47845,0],[47847,0],[48102,0],[47590,0],]]
[47847,2,47,[[47848,0],[47846,0],[48103,0],[48102,0],[47591,0],]]
[47848,13,47,[[47847,0],[47849,0],[48104,0],[47592,0],]]
[47849,12,47,[[47850,0],[47848,0],[48105,0],[48104,0],[47593,0],]]
[47850,7,47,[[47849,0],[47851,0],[48106,0],[47594,0],]]
[47851,19,47,[[47852,0],[47850,0],[48107,0],[48106,0],[47595,0],]]
[47852,3,47,[[47851,0],[47853,0],[48108,0],[47596,0],]]
[47853,15,47,[[47854,0],[47852,0],[48109,0],[48108,0],[47597,0],]]
[47854,2,47,[[47853,0],[47855,0],[48110,0],[47598,0],]]
[47855,9,47,[[47856,0],[47854,0],[48111,0],[48110,0],[47599,0],]]
[47856,2,47,[[47855,0],[47857,0],[48112,0],[47600,0],]]
[47857,10,47,[[47858,0],[47856,0],[48113,0],[48112,0],[47601,0],]]
[47858,4,47,[[47857,0],[47859,0],[48114,0],[47602,0],]]
[47859,6,47,[[47860,0],[47858,0],[48115,0],[48114,0],[47603,0],]]
[47860,6,47,[[47859,0],[47861,0],[48116,0],[47604,0],]]
[47861,13,47,[[47862,0],[47860,0],[48117,0],[48116,0],[47605,0],]]
[47862,12,47,[[47861,0],[47863,0],[48118,0],[47606,0],]]
[47863,10,47,[[47864,0],[47862,0],[48119,0],[48118,0],[47607,0],]]
[47864,8,47,[[47863,0],[47865,0],[48120,0],[47608,0],]]
[47865,6,47,[[47866,0],[47864,0],[48121,0],[48120,0],[47609,0],]]
[47866,14,47,[[47865,0],[47867,0],[48122,0],[47610,0],]]
[47867,11,47,[[47868,0],[47866,0],[48123,0],[48122,0],[47611,0],]]
[47868,19,47,[[47867,0],[47869,0],[48124,0],[47612,0],]]
[47869,8,47,[[47870,0],[47868,0],[48125,0],[48124,0],[47613,0],]]
[47870,7,47,[[47869,0],[47871,0],[48126,0],[47614,0],]]
[47871,17,47,[[47870,0],[48127,0],[48126,0],[47615,0],]]
[47872,3,40,[[47873,0],[47616,0],[47617,0],[48128,0],]]
[47873,1,40,[[47874,0],[47872,0],[47617,0],[48129,0],]]
[47874,16,40,[[47873,0],[47875,0],[47618,0],[47619,0],[48130,0],]]
[47875,3,40,[[47876,0],[47874,0],[47619,0],[48131,0],]]
[47876,9,40,[[47875,0],[47877,0],[47620,0],[47621,0],[48132,0],]]
[47877,3,40,[[47878,0],[47876,0],[47621,0],[48133,0],]]
[47878,18,40,[[47877,0],[47879,0],[47622,0],[47623,0],[48134,0],]]
[47879,3,40,[[47880,0],[47878,0],[47623,0],[48135,0],]]
[47880,13,40,[[47879,0],[47881,0],[47624,0],[47625,0],[48136,0],]]
[47881,6,40,[[47882,0],[47880,0],[47625,0],[48137,0],]]
[47882,5,40,[[47881,0],[47883,0],[47626,0],[47627,0],[48138,0],]]
[47883,11,40,[[47884,0],[47882,0],[47627,0],[48139,0],]]
[47884,3,40,[[47883,0],[47885,0],[47628,0],[47629,0],[48140,0],]]
[47885,5,40,[[47886,0],[47884,0],[47629,0],[48141,0],]]
[47886,11,40,[[47885,0],[47887,0],[47630,0],[47631,0],[48142,0],]]
[47887,7,40,[[47888,0],[47886,0],[47631,0],[48143,0],]]
[47888,8,40,[[47887,0],[47889,0],[47632,0],[47633,0],[48144,0],]]
[47889,11,40,[[47890,0],[47888,0],[47633,0],[48145,0],]]
[47890,9,40,[[47889,0],[47891,0],[47634,0],[47635,0],[48146,0],]]
[47891,3,40,[[47892,0],[47890,0],[47635,0],[48147,0],]]
[47892,4,40,[[47891,0],[47893,0],[47636,0],[47637,0],[48148,0],]]
[47893,13,40,[[47894,0],[47892,0],[47637,0],[48149,0],]]
[47894,7,40,[[47893,0],[47895,0],[47638,0],[47639,0],[48150,0],]]
[47895,6,40,[[47896,0],[47894,0],[47639,0],[48151,0],]]
[47896,4,40,[[47895,0],[47897,0],[47640,0],[47641,0],[48152,0],]]
[47897,4,40,[[47898,0],[47896,0],[47641,0],[48153,0],]]
[47898,7,40,[[47897,0],[47899,0],[47642,0],[47643,0],[48154,0],]]
[47899,14,40,[[47900,0],[47898,0],[47643,0],[48155,0],]]
[47900,6,40,[[47899,0],[47901,0],[47644,0],[47645,0],[48156,0],]]
[47901,4,40,[[47902,0],[47900,0],[47645,0],[48157,0],]]
[47902,10,40,[[47901,0],[47903,0],[47646,0],[47647,0],[48158,0],]]
[47903,14,40,[[47904,0],[47902,0],[47647,0],[48159,0],]]
[47904,19,41,[[47903,0],[47905,0],[47648,0],[47649,0],[48160,0],]]
[47905,17,41,[[47906,0],[47904,0],[47649,0],[48161,0],]]
[47906,6,41,[[47905,0],[47907,0],[47650,0],[47651,0],[48162,0],]]
[47907,2,41,[[47908,0],[47906,0],[47651,0],[48163,0],]]
[47908,13,41,[[47907,0],[47909,0],[47652,0],[47653,0],[48164,0],]]
[47909,18,41,[[47910,0],[47908,0],[47653,0],[48165,0],]]
[47910,13,41,[[47909,0],[47911,0],[47654,0],[47655,0],[48166,0],]]
[47911,1,41,[[47912,0],[47910,0],[47655,0],[48167,0],]]
[47912,2,41,[[47911,0],[47913,0],[47656,0],[47657,0],[48168,0],]]
[47913,10,41,[[47914,0],[47912,0],[47657,0],[48169,0],]]
[47914,7,41,[[47913,0],[47915,0],[47658,0],[47659,0],[48170,0],]]
[47915,11,41,[[47916,0],[47914,0],[47659,0],[48171,0],]]
[47916,19,41,[[47915,0],[47917,0],[47660,0],[47661,0],[48172,0],]]
[47917,15,41,[[47918,0],[47916,0],[47661,0],[48173,0],]]
[47918,7,41,[[47917,0],[47919,0],[47662,0],[47663,0],[48174,0],]]
[47919,17,41,[[47920,0],[47918,0],[47663,0],[48175,0],]]
[47920,15,41,[[47919,0],[47921,0],[47664,0],[47665,0],[48176,0],]]
[47921,19,41,[[47922,0],[47920,0],[47665,0],[48177,0],]]
[47922,8,41,[[47921,0],[47923,0],[47666,0],[47667,0],[48178,0],]]
[47923,8,41,[[47924,0],[47922,0],[47667,0],[48179,0],]]
[47924,5,41,[[47923,0],[47925,0],[47668,0],[47669,0],[48180,0],]]
[47925,3,41,[[47926,0],[47924,0],[47669,0],[48181,0],]]
[47926,9,41,[[47925,0],[47927,0],[47670,0],[47671,0],[48182,0],]]
[47927,3,41,[[47928,0],[47926,0],[47671,0],[48183,0],]]
[47928,4,41,[[47927,0],[47929,0],[47672,0],[47673,0],[48184,0],]]
[47929,12,41,[[47930,0],[47928,0],[47673,0],[48185,0],]]
[47930,13,41,[[47929,0],[47931,0],[47674,0],[47675,0],[48186,0],]]
[47931,10,41,[[47932,0],[47930,0],[47675,0],[48187,0],]]
[47932,1,41,[[47931,0],[47933,0],[47676,0],[47677,0],[48188,0],]]
[47933,3,41,[[47934,0],[47932,0],[47677,0],[48189,0],]]
[47934,10,41,[[47933,0],[47935,0],[47678,0],[47679,0],[48190,0],]]
[47935,14,41,[[47936,0],[47934,0],[47679,0],[48191,0],]]
[47936,19,42,[[47935,0],[47937,0],[47680,0],[47681,0],[48192,0],]]
[47937,8,42,[[47938,0],[47936,0],[47681,0],[48193,0],]]
[47938,19,42,[[47937,0],[47939,0],[47682,0],[47683,0],[48194,0],]]
[47939,12,42,[[47940,0],[47938,0],[47683,0],[48195,0],]]
[47940,6,42,[[47939,0],[47941,0],[47684,0],[47685,0],[48196,0],]]
[47941,3,42,[[47942,0],[47940,0],[47685,0],[48197,0],]]
[47942,6,42,[[47941,0],[47943,0],[47686,0],[47687,0],[48198,0],]]
[47943,2,42,[[47944,0],[47942,0],[47687,0],[48199,0],]]
[47944,2,42,[[47943,0],[47945,0],[47688,0],[47689,0],[48200,0],]]
[47945,4,42,[[47946,0],[47944,0],[47689,0],[48201,0],]]
[47946,15,42,[[47945,0],[47947,0],[47690,0],[47691,0],[48202,0],]]
[47947,18,42,[[47948,0],[47946,0],[47691,0],[48203,0],]]
[47948,12,42,[[47947,0],[47949,0],[47692,0],[47693,0],[48204,0],]]
[47949,11,42,[[47950,0],[47948,0],[47693,0],[48205,0],]]
[47950,10,42,[[47949,0],[47951,0],[47694,0],[47695,0],[48206,0],]]
[47951,10,42,[[47952,0],[47950,0],[47695,0],[48207,0],]]
[47952,15,42,[[47951,0],[47953,0],[47696,0],[47697,0],[48208,0],]]
[47953,7,42,[[47954,0],[47952,0],[47697,0],[48209,0],]]
[47954,18,42,[[47953,0],[47955,0],[47698,0],[47699,0],[48210,0],]]
[47955,5,42,[[47956,0],[47954,0],[47699,0],[48211,0],]]
[47956,14,42,[[47955,0],[47957,0],[47700,0],[47701,0],[48212,0],]]
[47957,7,42,[[47958,0],[47956,0],[47701,0],[48213,0],]]
[47958,10,42,[[47957,0],[47959,0],[47702,0],[47703,0],[48214,0],]]
[47959,16,42,[[47960,0],[47958,0],[47703,0],[48215,0],]]
[47960,19,42,[[47959,0],[47961,0],[47704,0],[47705,0],[48216,0],]]
[47961,2,42,[[47962,0],[47960,0],[47705,0],[48217,0],]]
[47962,7,42,[[47961,0],[47963,0],[47706,0],[47707,0],[48218,0],]]
[47963,9,42,[[47964,0],[47962,0],[47707,0],[48219,0],]]
[47964,12,42,[[47963,0],[47965,0],[47708,0],[47709,0],[48220,0],]]
[47965,8,42,[[47966,0],[47964,0],[47709,0],[48221,0],]]
[47966,19,42,[[47965,0],[47967,0],[47710,0],[47711,0],[48222,0],]]
[47967,18,42,[[47968,0],[47966,0],[47711,0],[48223,0],]]
[47968,3,43,[[47967,0],[47969,0],[47712,0],[47713,0],[48224,0],]]
[47969,16,43,[[47970,0],[47968,0],[47713,0],[48225,0],]]
[47970,14,43,[[47969,0],[47971,0],[47714,0],[47715,0],[48226,0],]]
[47971,13,43,[[47972,0],[47970,0],[47715,0],[48227,0],]]
[47972,1,43,[[47971,0],[47973,0],[47716,0],[47717,0],[48228,0],]]
[47973,1,43,[[47974,0],[47972,0],[47717,0],[48229,0],]]
[47974,12,43,[[47973,0],[47975,0],[47718,0],[47719,0],[48230,0],]]
[47975,6,43,[[47976,0],[47974,0],[47719,0],[48231,0],]]
[47976,14,43,[[47975,0],[47977,0],[47720,0],[47721,0],[48232,0],]]
[47977,4,43,[[47978,0],[47976,0],[47721,0],[48233,0],]]
[47978,15,43,[[47977,0],[47979,0],[47722,0],[47723,0],[48234,0],]]
[47979,4,43,[[47980,0],[47978,0],[47723,0],[48235,0],]]
[47980,11,43,[[47979,0],[47981,0],[47724,0],[47725,0],[48236,0],]]
[47981,16,43,[[47982,0],[47980,0],[47725,0],[48237,0],]]
[47982,8,43,[[47981,0],[47983,0],[47726,0],[47727,0],[48238,0],]]
[47983,19,43,[[47984,0],[47982,0],[47727,0],[48239,0],]]
[47984,15,43,[[47983,0],[47985,0],[47728,0],[47729,0],[48240,0],]]
[47985,18,43,[[47986,0],[47984,0],[47729,0],[48241,0],]]
[47986,12,43,[[47985,0],[47987,0],[47730,0],[47731,0],[48242,0],]]
[47987,18,43,[[47988,0],[47986,0],[47731,0],[48243,0],]]
[47988,3,43,[[47987,0],[47989,0],[47732,0],[47733,0],[48244,0],]]
[47989,6,43,[[47990,0],[47988,0],[47733,0],[48245,0],]]
[47990,12,43,[[47989,0],[47991,0],[47734,0],[47735,0],[48246,0],]]
[47991,6,43,[[47992,0],[47990,0],[47735,0],[48247,0],]]
[47992,10,43,[[47991,0],[47993,0],[47736,0],[47737,0],[48248,0],]]
[47993,2,43,[[47994,0],[47992,0],[47737,0],[48249,0],]]
[47994,4,43,[[47993,0],[47995,0],[47738,0],[47739,0],[48250,0],]]
[47995,14,43,[[47996,0],[47994,0],[47739,0],[48251,0],]]
[47996,13,43,[[47995,0],[47997,0],[47740,0],[47741,0],[48252,0],]]
[47997,5,43,[[47998,0],[47996,0],[47741,0],[48253,0],]]
[47998,18,43,[[47997,0],[47999,0],[47742,0],[47743,0],[48254,0],]]
[47999,17,43,[[48000,0],[47998,0],[47743,0],[48255,0],]]
[48000,8,44,[[47999,0],[48001,0],[47744,0],[47745,0],[48256,0],]]
[48001,6,44,[[48002,0],[48000,0],[47745,0],[48257,0],]]
[48002,2,44,[[48001,0],[48003,0],[47746,0],[47747,0],[48258,0],]]
[48003,1,44,[[48004,0],[48002,0],[47747,0],[48259,0],]]
[48004,10,44,[[48003,0],[48005,0],[47748,0],[47749,0],[48260,0],]]
[48005,12,44,[[48006,0],[48004,0],[47749,0],[48261,0],]]
[48006,7,44,[[48005,0],[48007,0],[47750,0],[47751,0],[48262,0],]]
[48007,1,44,[[48008,0],[48006,0],[47751,0],[48263,0],]]
[48008,15,44,[[48007,0],[48009,0],[47752,0],[47753,0],[48264,0],]]
[48009,19,44,[[48010,0],[48008,0],[47753,0],[48265,0],]]
[48010,9,44,[[48009,0],[48011,0],[47754,0],[47755,0],[48266,0],]]
[48011,9,44,[[48012,0],[48010,0],[47755,0],[48267,0],]]
[48012,12,44,[[48011,0],[48013,0],[47756,0],[47757,0],[48268,0],]]
[48013,17,44,[[48014,0],[48012,0],[47757,0],[48269,0],]]
[48014,4,44,[[48013,0],[48015,0],[47758,0],[47759,0],[48270,0],]]
[48015,5,44,[[48016,0],[48014,0],[47759,0],[48271,0],]]
[48016,11,44,[[48015,0],[48017,0],[47760,0],[47761,0],[48272,0],]]
[48017,13,44,[[48018,0],[48016,0],[47761,0],[48273,0],]]
[48018,10,44,[[48017,0],[48019,0],[47762,0],[47763,0],[48274,0],]]
[48019,1,44,[[48020,0],[48018,0],[47763,0],[48275,0],]]
[48020,11,44,[[48019,0],[48021,0],[47764,0],[47765,0],[48276,0],]]
[48021,17,44,[[48022,0],[48020,0],[47765,0],[48277,0],]]
[48022,8,44,[[48021,0],[48023,0],[47766,0],[47767,0],[48278,0],]]
[48023,13,44,[[48024,0],[48022,0],[47767,0],[48279,0],]]
[48024,8,44,[[48023,0],[48025,0],[47768,0],[47769,0],[48280,0],]]
[48025,15,44,[[48026,0],[48024,0],[47769,0],[48281,0],]]
[48026,2,44,[[48025,0],[48027,0],[47770,0],[47771,0],[48282,0],]]
[48027,5,44,[[48028,0],[48026,0],[47771,0],[48283,0],]]
[48028,2,44,[[48027,0],[48029,0],[47772,0],[47773,0],[48284,0],]]
[48029,14,44,[[48030,0],[48028,0],[47773,0],[48285,0],]]
[48030,19,44,[[48029,0],[48031,0],[47774,0],[47775,0],[48286,0],]]
[48031,12,44,[[48032,0],[48030,0],[47775,0],[48287,0],]]
[48032,10,45,[[48031,0],[48033,0],[47776,0],[47777,0],[48288,0],]]
[48033,6,45,[[48034,0],[48032,0],[47777,0],[48289,0],]]
[48034,17,45,[[48033,0],[48035,0],[47778,0],[47779,0],[48290,0],]]
[48035,11,45,[[48036,0],[48034,0],[47779,0],[48291,0],]]
[48036,15,45,[[48035,0],[48037,0],[47780,0],[47781,0],[48292,0],]]
[48037,11,45,[[48038,0],[48036,0],[47781,0],[48293,0],]]
[48038,6,45,[[48037,0],[48039,0],[47782,0],[47783,0],[48294,0],]]
[48039,15,45,[[48040,0],[48038,0],[47783,0],[48295,0],]]
[48040,19,45,[[48039,0],[48041,0],[47784,0],[47785,0],[48296,0],]]
[48041,2,45,[[48042,0],[48040,0],[47785,0],[48297,0],]]
[48042,5,45,[[48041,0],[48043,0],[47786,0],[47787,0],[48298,0],]]
[48043,7,45,[[48044,0],[48042,0],[47787,0],[48299,0],]]
[48044,15,45,[[48043,0],[48045,0],[47788,0],[47789,0],[48300,0],]]
[48045,5,45,[[48046,0],[48044,0],[47789,0],[48301,0],]]
[48046,4,45,[[48045,0],[48047,0],[47790,0],[47791,0],[48302,0],]]
[48047,19,45,[[48048,0],[48046,0],[47791,0],[48303,0],]]
[48048,6,45,[[48047,0],[48049,0],[47792,0],[47793,0],[48304,0],]]
[48049,13,45,[[48050,0],[48048,0],[47793,0],[48305,0],]]
[48050,19,45,[[48049,0],[48051,0],[47794,0],[47795,0],[48306,0],]]
[48051,3,45,[[48052,0],[48050,0],[47795,0],[48307,0],]]
[48052,6,45,[[48051,0],[48053,0],[47796,0],[47797,0],[48308,0],]]
[48053,4,45,[[48054,0],[48052,0],[47797,0],[48309,0],]]
[48054,6,45,[[48053,0],[48055,0],[47798,0],[47799,0],[48310,0],]]
[48055,7,45,[[48056,0],[48054,0],[47799,0],[48311,0],]]
[48056,12,45,[[48055,0],[48057,0],[47800,0],[47801,0],[48312,0],]]
[48057,13,45,[[48058,0],[48056,0],[47801,0],[48313,0],]]
[48058,11,45,[[48057,0],[48059,0],[47802,0],[47803,0],[48314,0],]]
[48059,17,45,[[48060,0],[48058,0],[47803,0],[48315,0],]]
[48060,12,45,[[48059,0],[48061,0],[47804,0],[47805,0],[48316,0],]]
[48061,9,45,[[48062,0],[48060,0],[47805,0],[48317,0],]]
[48062,14,45,[[48061,0],[48063,0],[47806,0],[47807,0],[48318,0],]]
[48063,12,45,[[48064,0],[48062,0],[47807,0],[48319,0],]]
[48064,12,46,[[48063,0],[48065,0],[47808,0],[47809,0],[48320,0],]]
[48065,19,46,[[48066,0],[48064,0],[47809,0],[48321,0],]]
[48066,7,46,[[48065,0],[48067,0],[47810,0],[47811,0],[48322,0],]]
[48067,16,46,[[48068,0],[48066,0],[47811,0],[48323,0],]]
[48068,10,46,[[48067,0],[48069,0],[47812,0],[47813,0],[48324,0],]]
[48069,19,46,[[48070,0],[48068,0],[47813,0],[48325,0],]]
[48070,5,46,[[48069,0],[48071,0],[47814,0],[47815,0],[48326,0],]]
[48071,12,46,[[48072,0],[48070,0],[47815,0],[48327,0],]]
[48072,16,46,[[48071,0],[48073,0],[47816,0],[47817,0],[48328,0],]]
[48073,16,46,[[48074,0],[48072,0],[47817,0],[48329,0],]]
[48074,9,46,[[48073,0],[48075,0],[47818,0],[47819,0],[48330,0],]]
[48075,14,46,[[48076,0],[48074,0],[47819,0],[48331,0],]]
[48076,16,46,[[48075,0],[48077,0],[47820,0],[47821,0],[48332,0],]]
[48077,14,46,[[48078,0],[48076,0],[47821,0],[48333,0],]]
[48078,14,46,[[48077,0],[48079,0],[47822,0],[47823,0],[48334,0],]]
[48079,2,46,[[48080,0],[48078,0],[47823,0],[48335,0],]]
[48080,15,46,[[48079,0],[48081,0],[47824,0],[47825,0],[48336,0],]]
[48081,12,46,[[48082,0],[48080,0],[47825,0],[48337,0],]]
[48082,9,46,[[48081,0],[48083,0],[47826,0],[47827,0],[48338,0],]]
[48083,18,46,[[48084,0],[48082,0],[47827,0],[48339,0],]]
[48084,8,46,[[48083,0],[48085,0],[47828,0],[47829,0],[48340,0],]]
[48085,1,46,[[48086,0],[48084,0],[47829,0],[48341,0],]]
[48086,5,46,[[48085,0],[48087,0],[47830,0],[47831,0],[48342,0],]]
[48087,19,46,[[48088,0],[48086,0],[47831,0],[48343,0],]]
[48088,12,46,[[48087,0],[48089,0],[47832,0],[47833,0],[48344,0],]]
[48089,13,46,[[48090,0],[48088,0],[47833,0],[48345,0],]]
[48090,12,46,[[48089,0],[48091,0],[47834,0],[47835,0],[48346,0],]]
[48091,6,46,[[48092,0],[48090,0],[47835,0],[48347,0],]]
[48092,13,46,[[48091,0],[48093,0],[47836,0],[47837,0],[48348,0],]]
[48093,8,46,[[48094,0],[48092,0],[47837,0],[48349,0],]]
[48094,18,46,[[48093,0],[48095,0],[47838,0],[47839,0],[48350,0],]]
[48095,4,46,[[48096,0],[48094,0],[47839,0],[48351,0],]]
[48096,18,47,[[48095,0],[48097,0],[47840,0],[47841,0],[48352,0],]]
[48097,9,47,[[48098,0],[48096,0],[47841,0],[48353,0],]]
[48098,8,47,[[48097,0],[48099,0],[47842,0],[47843,0],[48354,0],]]
[48099,5,47,[[48100,0],[48098,0],[47843,0],[48355,0],]]
[48100,18,47,[[48099,0],[48101,0],[47844,0],[47845,0],[48356,0],]]
[48101,1,47,[[48102,0],[48100,0],[47845,0],[48357,0],]]
[48102,3,47,[[48101,0],[48103,0],[47846,0],[47847,0],[48358,0],]]
[48103,14,47,[[48104,0],[48102,0],[47847,0],[48359,0],]]
[48104,10,47,[[48103,0],[48105,0],[47848,0],[47849,0],[48360,0],]]
[48105,1,47,[[48106,0],[48104,0],[47849,0],[48361,0],]]
[48106,17,47,[[48105,0],[48107,0],[47850,0],[47851,0],[48362,0],]]
[48107,18,47,[[48108,0],[48106,0],[47851,0],[48363,0],]]
[48108,17,47,[[48107,0],[48109,0],[47852,0],[47853,0],[48364,0],]]
[48109,5,47,[[48110,0],[48108,0],[47853,0],[48365,0],]]
[48110,5,47,[[48109,0],[48111,0],[47854,0],[47855,0],[48366,0],]]
[48111,15,47,[[48112,0],[48110,0],[47855,0],[48367,0],]]
[48112,19,47,[[48111,0],[48113,0],[47856,0],[47857,0],[48368,0],]]
[48113,8,47,[[48114,0],[48112,0],[47857,0],[48369,0],]]
[48114,6,47,[[48113,0],[48115,0],[47858,0],[47859,0],[48370,0],]]
[48115,1,47,[[48116,0],[48114,0],[47859,0],[48371,0],]]
[48116,5,47,[[48115,0],[48117,0],[47860,0],[47861,0],[48372,0],]]
[48117,1,47,[[48118,0],[48116,0],[47861,0],[48373,0],]]
[48118,16,47,[[48117,0],[48119,0],[47862,0],[47863,0],[48374,0],]]
[48119,17,47,[[48120,0],[48118,0],[47863,0],[48375,0],]]
[48120,17,47,[[48119,0],[48121,0],[47864,0],[47865,0],[48376,0],]]
[48121,7,47,[[48122,0],[48120,0],[47865,0],[48377,0],]]
[48122,8,47,[[48121,0],[48123,0],[47866,0],[47867,0],[48378,0],]]
[48123,8,47,[[48124,0],[48122,0],[47867,0],[48379,0],]]
[48124,2,47,[[48123,0],[48125,0],[47868,0],[47869,0],[48380,0],]]
[48125,19,47,[[48126,0],[48124,0],[47869,0],[48381,0],]]
[48126,13,47,[[48125,0],[48127,0],[47870,0],[47871,0],[48382,0],]]
[48127,11,47,[[48126,0],[47871,0],[48383,0],]]
[48128,2,40,[[48129,0],[48384,0],[47872,0],]]
[48129,14,40,[[48130,0],[48128,0],[48385,0],[48384,0],[47873,0],]]
[48130,6,40,[[48129,0],[48131,0],[48386,0],[47874,0],]]
[48131,11,40,[[48132,0],[48130,0],[48387,0],[48386,0],[47875,0],]]
[48132,12,40,[[48131,0],[48133,0],[48388,0],[47876,0],]]
[48133,13,40,[[48134,0],[48132,0],[48389,0],[48388,0],[47877,0],]]
[48134,2,40,[[48133,0],[48135,0],[48390,0],[47878,0],]]
[48135,17,40,[[48136,0],[48134,0],[48391,0],[48390,0],[47879,0],]]
[48136,7,40,[[48135,0],[48137,0],[48392,0],[47880,0],]]
[48137,3,40,[[48138,0],[48136,0],[48393,0],[48392,0],[47881,0],]]
[48138,14,40,[[48137,0],[48139,0],[48394,0],[47882,0],]]
[48139,7,40,[[48140,0],[48138,0],[48395,0],[48394,0],[47883,0],]]
[48140,7,40,[[48139,0],[48141,0],[48396,0],[47884,0],]]
[48141,3,40,[[48142,0],[48140,0],[48397,0],[48396,0],[47885,0],]]
[48142,6,40,[[48141,0],[48143,0],[48398,0],[47886,0],]]
[48143,14,40,[[48144,0],[48142,0],[48399,0],[48398,0],[47887,0],]]
[48144,5,40,[[48143,0],[48145,0],[48400,0],[47888,0],]]
[48145,11,40,[[48146,0],[48144,0],[48401,0],[48400,0],[47889,0],]]
[48146,15,40,[[48145,0],[48147,0],[48402,0],[47890,0],]]
[48147,18,40,[[48148,0],[48146,0],[48403,0],[48402,0],[47891,0],]]
[48148,10,40,[[48147,0],[48149,0],[48404,0],[47892,0],]]
[48149,12,40,[[48150,0],[48148,0],[48405,0],[48404,0],[47893,0],]]
[48150,4,40,[[48149,0],[48151,0],[48406,0],[47894,0],]]
[48151,13,40,[[48152,0],[48150,0],[48407,0],[48406,0],[47895,0],]]
[48152,14,40,[[48151,0],[48153,0],[48408,0],[47896,0],]]
[48153,19,40,[[48154,0],[48152,0],[48409,0],[48408,0],[47897,0],]]
[48154,5,40,[[48153,0],[48155,0],[48410,0],[47898,0],]]
[48155,8,40,[[48156,0],[48154,0],[48411,0],[48410,0],[47899,0],]]
[48156,11,40,[[48155,0],[48157,0],[48412,0],[47900,0],]]
[48157,13,40,[[48158,0],[48156,0],[48413,0],[48412,0],[47901,0],]]
[48158,5,40,[[48157,0],[48159,0],[48414,0],[47902,0],]]
[48159,14,40,[[48160,0],[48158,0],[48415,0],[48414,0],[47903,0],]]
[48160,15,41,[[48159,0],[48161,0],[48416,0],[47904,0],]]
[48161,16,41,[[48162,0],[48160,0],[48417,0],[48416,0],[47905,0],]]
[48162,11,41,[[48161,0],[48163,0],[48418,0],[47906,0],]]
[48163,14,41,[[48164,0],[48162,0],[48419,0],[48418,0],[47907,0],]]
[48164,14,41,[[48163,0],[48165,0],[48420,0],[47908,0],]]
[48165,12,41,[[48166,0],[48164,0],[48421,0],[48420,0],[47909,0],]]
[48166,6,41,[[48165,0],[48167,0],[48422,0],[47910,0],]]
[48167,2,41,[[48168,0],[48166,0],[48423,0],[48422,0],[47911,0],]]
[48168,14,41,[[48167,0],[48169,0],[48424,0],[47912,0],]]
[48169,19,41,[[48170,0],[48168,0],[48425,0],[48424,0],[47913,0],]]
[48170,13,41,[[48169,0],[48171,0],[48426,0],[47914,0],]]
[48171,14,41,[[48172,0],[48170,0],[48427,0],[48426,0],[47915,0],]]
[48172,11,41,[[48171,0],[48173,0],[48428,0],[47916,0],]]
[48173,3,41,[[48174,0],[48172,0],[48429,0],[48428,0],[47917,0],]]
[48174,6,41,[[48173,0],[48175,0],[48430,0],[47918,0],]]
[48175,1,41,[[48176,0],[48174,0],[48431,0],[48430,0],[47919,0],]]
[48176,10,41,[[48175,0],[48177,0],[48432,0],[47920,0],]]
[48177,13,41,[[48178,0],[48176,0],[48433,0],[48432,0],[47921,0],]]
[48178,13,41,[[48177,0],[48179,0],[48434,0],[47922,0],]]
[48179,2,41,[[48180,0],[48178,0],[48435,0],[48434,0],[47923,0],]]
[48180,7,41,[[48179,0],[48181,0],[48436,0],[47924,0],]]
[48181,12,41,[[48182,0],[48180,0],[48437,0],[48436,0],[47925,0],]]
[48182,17,41,[[48181,0],[48183,0],[48438,0],[47926,0],]]
[48183,1,41,[[48184,0],[48182,0],[48439,0],[48438,0],[47927,0],]]
[48184,19,41,[[48183,0],[48185,0],[48440,0],[47928,0],]]
[48185,10,41,[[48186,0],[48184,0],[48441,0],[48440,0],[47929,0],]]
[48186,19,41,[[48185,0],[48187,0],[48442,0],[47930,0],]]
[48187,9,41,[[48188,0],[48186,0],[48443,0],[48442,0],[47931,0],]]
[48188,5,41,[[48187,0],[48189,0],[48444,0],[47932,0],]]
[48189,2,41,[[48190,0],[48188,0],[48445,0],[48444,0],[47933,0],]]
[48190,19,41,[[48189,0],[48191,0],[48446,0],[47934,0],]]
[48191,1,41,[[48192,0],[48190,0],[48447,0],[48446,0],[47935,0],]]
[48192,16,42,[[48191,0],[48193,0],[48448,0],[47936,0],]]
[48193,8,42,[[48194,0],[48192,0],[48449,0],[48448,0],[47937,0],]]
[48194,19,42,[[48193,0],[48195,0],[48450,0],[47938,0],]]
[48195,2,42,[[48196,0],[48194,0],[48451,0],[48450,0],[47939,0],]]
[48196,10,42,[[48195,0],[48197,0],[48452,0],[47940,0],]]
[48197,9,42,[[48198,0],[48196,0],[48453,0],[48452,0],[47941,0],]]
[48198,5,42,[[48197,0],[48199,0],[48454,0],[47942,0],]]
[48199,2,42,[[48200,0],[48198,0],[48455,0],[48454,0],[47943,0],]]
[48200,11,42,[[48199,0],[48201,0],[48456,0],[47944,0],]]
[48201,7,42,[[48202,0],[48200,0],[48457,0],[48456,0],[47945,0],]]
[48202,5,42,[[48201,0],[48203,0],[48458,0],[47946,0],]]
[48203,18,42,[[48204,0],[48202,0],[48459,0],[48458,0],[47947,0],]]
[48204,11,42,[[48203,0],[48205,0],[48460,0],[47948,0],]]
[48205,6,42,[[48206,0],[48204,0],[48461,0],[48460,0],[47949,0],]]
[48206,14,42,[[48205,0],[48207,0],[48462,0],[47950,0],]]
[48207,16,42,[[48208,0],[48206,0],[48463,0],[48462,0],[47951,0],]]
[48208,17,42,[[48207,0],[48209,0],[48464,0],[47952,0],]]
[48209,8,42,[[48210,0],[48208,0],[48465,0],[48464,0],[47953,0],]]
[48210,2,42,[[48209,0],[48211,0],[48466,0],[47954,0],]]
[48211,7,42,[[48212,0],[48210,0],[48467,0],[48466,0],[47955,0],]]
[48212,14,42,[[48211,0],[48213,0],[48468,0],[47956,0],]]
[48213,14,42,[[48214,0],[48212,0],[48469,0],[48468,0],[47957,0],]]
[48214,3,42,[[48213,0],[48215,0],[48470,0],[47958,0],]]
[48215,1,42,[[48216,0],[48214,0],[48471,0],[48470,0],[47959,0],]]
[48216,6,42,[[48215,0],[48217,0],[48472,0],[47960,0],]]
[48217,19,42,[[48218,0],[48216,0],[48473,0],[48472,0],[47961,0],]]
[48218,5,42,[[48217,0],[48219,0],[48474,0],[47962,0],]]
[48219,13,42,[[48220,0],[48218,0],[48475,0],[48474,0],[47963,0],]]
[48220,6,42,[[48219,0],[48221,0],[48476,0],[47964,0],]]
[48221,19,42,[[48222,0],[48220,0],[48477,0],[48476,0],[47965,0],]]
[48222,5,42,[[48221,0],[48223,0],[48478,0],[47966,0],]]
[48223,18,42,[[48224,0],[48222,0],[48479,0],[48478,0],[47967,0],]]
[48224,11,43,[[48223,0],[48225,0],[48480,0],[47968,0],]]
[48225,3,43,[[48226,0],[48224,0],[48481,0],[48480,0],[47969,0],]]
[48226,6,43,[[48225,0],[48227,0],[48482,0],[47970,0],]]
[48227,1,43,[[48228,0],[48226,0],[48483,0],[48482,0],[47971,0],]]
[48228,11,43,[[48227,0],[48229,0],[48484,0],[47972,0],]]
[48229,15,43,[[48230,0],[48228,0],[48485,0],[48484,0],[47973,0],]]
[48230,2,43,[[48229,0],[48231,0],[48486,0],[47974,0],]]
[48231,15,43,[[48232,0],[48230,0],[48487,0],[48486,0],[47975,0],]]
[48232,17,43,[[48231,0],[48233,0],[48488,0],[47976,0],]]
[48233,1,43,[[48234,0],[48232,0],[48489,0],[48488,0],[47977,0],]]
[48234,5,43,[[48233,0],[48235,0],[48490,0],[47978,0],]]
[48235,12,43,[[48236,0],[48234,0],[48491,0],[48490,0],[47979,0],]]
[48236,2,43,[[48235,0],[48237,0],[48492,0],[47980,0],]]
[48237,17,43,[[48238,0],[48236,0],[48493,0],[48492,0],[47981,0],]]
[48238,19,43,[[48237,0],[48239,0],[48494,0],[47982,0],]]
[48239,9,43,[[48240,0],[48238,0],[48495,0],[48494,0],[47983,0],]]
[48240,9,43,[[48239,0],[48241,0],[48496,0],[47984,0],]]
[48241,2,43,[[48242,0],[48240,0],[48497,0],[48496,0],[47985,0],]]
[48242,2,43,[[48241,0],[48243,0],[48498,0],[47986,0],]]
[48243,9,43,[[48244,0],[48242,0],[48499,0],[48498,0],[47987,0],]]
[48244,4,43,[[48243,0],[48245,0],[48500,0],[47988,0],]]
[48245,10,43,[[48246,0],[48244,0],[48501,0],[48500,0],[47989,0],]]
[48246,13,43,[[48245,0],[48247,0],[48502,0],[47990,0],]]
[48247,6,43,[[48248,0],[48246,0],[48503,0],[48502,0],[47991,0],]]
[48248,17,43,[[48247,0],[48249,0],[48504,0],[47992,0],]]
[48249,11,43,[[48250,0],[48248,0],[48505,0],[48504,0],[47993,0],]]
[48250,2,43,[[48249,0],[48251,0],[48506,0],[47994,0],]]
[48251,13,43,[[48252,0],[48250,0],[48507,0],[48506,0],[47995,0],]]
[48252,10,43,[[48251,0],[48253,0],[48508,0],[47996,0],]]
[48253,8,43,[[48254,0],[48252,0],[48509,0],[48508,0],[47997,0],]]
[48254,6,43,[[48253,0],[48255,0],[48510,0],[47998,0],]]
[48255,6,43,[[48256,0],[48254,0],[48511,0],[48510,0],[47999,0],]]
[48256,19,44,[[48255,0],[48257,0],[48512,0],[48000,0],]]
[48257,13,44,[[48258,0],[48256,0],[48513,0],[48512,0],[48001,0],]]
[48258,12,44,[[48257,0],[48259,0],[48514,0],[48002,0],]]
[48259,1,44,[[48260,0],[48258,0],[48515,0],[48514,0],[48003,0],]]
[48260,13,44,[[48259,0],[48261,0],[48516,0],[48004,0],]]
[48261,8,44,[[48262,0],[48260,0],[48517,0],[48516,0],[48005,0],]]
[48262,17,44,[[48261,0],[48263,0],[48518,0],[48006,0],]]
[48263,9,44,[[48264,0],[48262,0],[48519,0],[48518,0],[48007,0],]]
[48264,11,44,[[48263,0],[48265,0],[48520,0],[48008,0],]]
[48265,9,44,[[48266,0],[48264,0],[48521,0],[48520,0],[48009,0],]]
[48266,19,44,[[48265,0],[48267,0],[48522,0],[48010,0],]]
[48267,17,44,[[48268,0],[48266,0],[48523,0],[48522,0],[48011,0],]]
[48268,14,44,[[48267,0],[48269,0],[48524,0],[48012,0],]]
[48269,15,44,[[48270,0],[48268,0],[48525,0],[48524,0],[48013,0],]]
[48270,19,44,[[48269,0],[48271,0],[48526,0],[48014,0],]]
[48271,19,44,[[48272,0],[48270,0],[48527,0],[48526,0],[48015,0],]]
[48272,19,44,[[48271,0],[48273,0],[48528,0],[48016,0],]]
[48273,1,44,[[48274,0],[48272,0],[48529,0],[48528,0],[48017,0],]]
[48274,8,44,[[48273,0],[48275,0],[48530,0],[48018,0],]]
[48275,10,44,[[48276,0],[48274,0],[48531,0],[48530,0],[48019,0],]]
[48276,1,44,[[48275,0],[48277,0],[48532,0],[48020,0],]]
[48277,16,44,[[48278,0],[48276,0],[48533,0],[48532,0],[48021,0],]]
[48278,14,44,[[48277,0],[48279,0],[48534,0],[48022,0],]]
[48279,9,44,[[48280,0],[48278,0],[48535,0],[48534,0],[48023,0],]]
[48280,1,44,[[48279,0],[48281,0],[48536,0],[48024,0],]]
[48281,15,44,[[48282,0],[48280,0],[48537,0],[48536,0],[48025,0],]]
[48282,17,44,[[48281,0],[48283,0],[48538,0],[48026,0],]]
[48283,19,44,[[48284,0],[48282,0],[48539,0],[48538,0],[48027,0],]]
[48284,1,44,[[48283,0],[48285,0],[48540,0],[48028,0],]]
[48285,7,44,[[48286,0],[48284,0],[48541,0],[48540,0],[48029,0],]]
[48286,8,44,[[48285,0],[48287,0],[48542,0],[48030,0],]]
[48287,5,44,[[48288,0],[48286,0],[48543,0],[48542,0],[48031,0],]]
[48288,3,45,[[48287,0],[48289,0],[48544,0],[48032,0],]]
[48289,4,45,[[48290,0],[48288,0],[48545,0],[48544,0],[48033,0],]]
[48290,11,45,[[48289,0],[48291,0],[48546,0],[48034,0],]]
[48291,8,45,[[48292,0],[48290,0],[48547,0],[48546,0],[48035,0],]]
[48292,7,45,[[48291,0],[48293,0],[48548,0],[48036,0],]]
[48293,12,45,[[48294,0],[48292,0],[48549,0],[48548,0],[48037,0],]]
[48294,9,45,[[48293,0],[48295,0],[48550,0],[48038,0],]]
[48295,3,45,[[48296,0],[48294,0],[48551,0],[48550,0],[48039,0],]]
[48296,15,45,[[48295,0],[48297,0],[48552,0],[48040,0],]]
[48297,2,45,[[48298,0],[48296,0],[48553,0],[48552,0],[48041,0],]]
[48298,13,45,[[48297,0],[48299,0],[48554,0],[48042,0],]]
[48299,7,45,[[48300,0],[48298,0],[48555,0],[48554,0],[48043,0],]]
[48300,2,45,[[48299,0],[48301,0],[48556,0],[48044,0],]]
[48301,17,45,[[48302,0],[48300,0],[48557,0],[48556,0],[48045,0],]]
[48302,10,45,[[48301,0],[48303,0],[48558,0],[48046,0],]]
[48303,11,45,[[48304,0],[48302,0],[48559,0],[48558,0],[48047,0],]]
[48304,19,45,[[48303,0],[48305,0],[48560,0],[48048,0],]]
[48305,1,45,[[48306,0],[48304,0],[48561,0],[48560,0],[48049,0],]]
[48306,13,45,[[48305,0],[48307,0],[48562,0],[48050,0],]]
[48307,14,45,[[48308,0],[48306,0],[48563,0],[48562,0],[48051,0],]]
[48308,14,45,[[48307,0],[48309,0],[48564,0],[48052,0],]]
[48309,5,45,[[48310,0],[48308,0],[48565,0],[48564,0],[48053,0],]]
[48310,7,45,[[48309,0],[48311,0],[48566,0],[48054,0],]]
[48311,13,45,[[48312,0],[48310,0],[48567,0],[48566,0],[48055,0],]]
[48312,11,45,[[48311,0],[48313,0],[48568,0],[48056,0],]]
[48313,10,45,[[48314,0],[48312,0],[48569,0],[48568,0],[48057,0],]]
[48314,1,45,[[48313,0],[48315,0],[48570,0],[48058,0],]]
[48315,13,45,[[48316,0],[48314,0],[48571,0],[48570,0],[48059,0],]]
[48316,8,45,[[48315,0],[48317,0],[48572,0],[48060,0],]]
[48317,2,45,[[48318,0],[48316,0],[48573,0],[48572,0],[48061,0],]]
[48318,1,45,[[48317,0],[48319,0],[48574,0],[48062,0],]]
[48319,19,45,[[48320,0],[48318,0],[48575,0],[48574,0],[48063,0],]]
[48320,8,46,[[48319,0],[48321,0],[48576,0],[48064,0],]]
[48321,14,46,[[48322,0],[48320,0],[48577,0],[48576,0],[48065,0],]]
[48322,5,46,[[48321,0],[48323,0],[48578,0],[48066,0],]]
[48323,1,46,[[48324,0],[48322,0],[48579,0],[48578,0],[48067,0],]]
[48324,9,46,[[48323,0],[48325,0],[48580,0],[48068,0],]]
[48325,5,46,[[48326,0],[48324,0],[48581,0],[48580,0],[48069,0],]]
[48326,19,46,[[48325,0],[48327,0],[48582,0],[48070,0],]]
[48327,11,46,[[48328,0],[48326,0],[48583,0],[48582,0],[48071,0],]]
[48328,14,46,[[48327,0],[48329,0],[48584,0],[48072,0],]]
[48329,9,46,[[48330,0],[48328,0],[48585,0],[48584,0],[48073,0],]]
[48330,7,46,[[48329,0],[48331,0],[48586,0],[48074,0],]]
[48331,10,46,[[48332,0],[48330,0],[48587,0],[48586,0],[48075,0],]]
[48332,5,46,[[48331,0],[48333,0],[48588,0],[48076,0],]]
[48333,1,46,[[48334,0],[48332,0],[48589,0],[48588,0],[48077,0],]]
[48334,1,46,[[48333,0],[48335,0],[48590,0],[48078,0],]]
[48335,9,46,[[48336,0],[48334,0],[48591,0],[48590,0],[48079,0],]]
[48336,19,46,[[48335,0],[48337,0],[48592,0],[48080,0],]]
[48337,17,46,[[48338,0],[48336,0],[48593,0],[48592,0],[48081,0],]]
[48338,4,46,[[48337,0],[48339,0],[48594,0],[48082,0],]]
[48339,9,46,[[48340,0],[48338,0],[48595,0],[48594,0],[48083,0],]]
[48340,9,46,[[48339,0],[48341,0],[48596,0],[48084,0],]]
[48341,7,46,[[48342,0],[48340,0],[48597,0],[48596,0],[48085,0],]]
[48342,11,46,[[48341,0],[48343,0],[48598,0],[48086,0],]]
[48343,16,46,[[48344,0],[48342,0],[48599,0],[48598,0],[48087,0],]]
[48344,2,46,[[48343,0],[48345,0],[48600,0],[48088,0],]]
[48345,5,46,[[48346,0],[48344,0],[48601,0],[48600,0],[48089,0],]]
[48346,19,46,[[48345,0],[48347,0],[48602,0],[48090,0],]]
[48347,5,46,[[48348,0],[48346,0],[48603,0],[48602,0],[48091,0],]]
[48348,4,46,[[48347,0],[48349,0],[48604,0],[48092,0],]]
[48349,9,46,[[48350,0],[48348,0],[48605,0],[48604,0],[48093,0],]]
[48350,15,46,[[48349,0],[48351,0],[48606,0],[48094,0],]]
[48351,5,46,[[48352,0],[48350,0],[48607,0],[48606,0],[48095,0],]]
[48352,7,47,[[48351,0],[48353,0],[48608,0],[48096,0],]]
[48353,9,47,[[48354,0],[48352,0],[48609,0],[48608,0],[48097,0],]]
[48354,11,47,[[48353,0],[48355,0],[48610,0],[48098,0],]]
[48355,5,47,[[48356,0],[48354,0],[48611,0],[48610,0],[48099,0],]]
[48356,14,47,[[48355,0],[48357,0],[48612,0],[48100,0],]]
[48357,12,47,[[48358,0],[48356,0],[48613,0],[48612,0],[48101,0],]]
[48358,16,47,[[48357,0],[48359,0],[48614,0],[48102,0],]]
[48359,17,47,[[48360,0],[48358,0],[48615,0],[48614,0],[48103,0],]]
[48360,11,47,[[48359,0],[48361,0],[48616,0],[48104,0],]]
[48361,3,47,[[48362,0],[48360,0],[48617,0],[48616,0],[48105,0],]]
[48362,17,47,[[48361,0],[48363,0],[48618,0],[48106,0],]]
[48363,4,47,[[48364,0],[48362,0],[48619,0],[48618,0],[48107,0],]]
[48364,13,47,[[48363,0],[48365,0],[48620,0],[48108,0],]]
[48365,12,47,[[48366,0],[48364,0],[48621,0],[48620,0],[48109,0],]]
[48366,11,47,[[48365,0],[48367,0],[48622,0],[48110,0],]]
[48367,12,47,[[48368,0],[48366,0],[48623,0],[48622,0],[48111,0],]]
[48368,8,47,[[48367,0],[48369,0],[48624,0],[48112,0],]]
[48369,5,47,[[48370,0],[48368,0],[48625,0],[48624,0],[48113,0],]]
[48370,15,47,[[48369,0],[48371,0],[48626,0],[48114,0],]]
[48371,3,47,[[48372,0],[48370,0],[48627,0],[48626,0],[48115,0],]]
[48372,12,47,[[48371,0],[48373,0],[48628,0],[48116,0],]]
[48373,6,47,[[48374,0],[48372,0],[48629,0],[48628,0],[48117,0],]]
[48374,2,47,[[48373,0],[48375,0],[48630,0],[48118,0],]]
[48375,10,47,[[48376,0],[48374,0],[48631,0],[48630,0],[48119,0],]]
[48376,11,47,[[48375,0],[48377,0],[48632,0],[48120,0],]]
[48377,14,47,[[48378,0],[48376,0],[48633,0],[48632,0],[48121,0],]]
[48378,13,47,[[48377,0],[48379,0],[48634,0],[48122,0],]]
[48379,8,47,[[48380,0],[48378,0],[48635,0],[48634,0],[48123,0],]]
[48380,18,47,[[48379,0],[48381,0],[48636,0],[48124,0],]]
[48381,9,47,[[48382,0],[48380,0],[48637,0],[48636,0],[48125,0],]]
[48382,11,47,[[48381,0],[48383,0],[48638,0],[48126,0],]]
[48383,4,47,[[48382,0],[48639,0],[48638,0],[48127,0],]]
[48384,4,40,[[48385,0],[48128,0],[48129,0],[48640,0],]]
[48385,8,40,[[48386,0],[48384,0],[48129,0],[48641,0],]]
[48386,13,40,[[48385,0],[48387,0],[48130,0],[48131,0],[48642,0],]]
[48387,10,40,[[48388,0],[48386,0],[48131,0],[48643,0],]]
[48388,8,40,[[48387,0],[48389,0],[48132,0],[48133,0],[48644,0],]]
[48389,9,40,[[48390,0],[48388,0],[48133,0],[48645,0],]]
[48390,6,40,[[48389,0],[48391,0],[48134,0],[48135,0],[48646,0],]]
[48391,12,40,[[48392,0],[48390,0],[48135,0],[48647,0],]]
[48392,14,40,[[48391,0],[48393,0],[48136,0],[48137,0],[48648,0],]]
[48393,9,40,[[48394,0],[48392,0],[48137,0],[48649,0],]]
[48394,19,40,[[48393,0],[48395,0],[48138,0],[48139,0],[48650,0],]]
[48395,18,40,[[48396,0],[48394,0],[48139,0],[48651,0],]]
[48396,7,40,[[48395,0],[48397,0],[48140,0],[48141,0],[48652,0],]]
[48397,11,40,[[48398,0],[48396,0],[48141,0],[48653,0],]]
[48398,11,40,[[48397,0],[48399,0],[48142,0],[48143,0],[48654,0],]]
[48399,17,40,[[48400,0],[48398,0],[48143,0],[48655,0],]]
[48400,1,40,[[48399,0],[48401,0],[48144,0],[48145,0],[48656,0],]]
[48401,2,40,[[48402,0],[48400,0],[48145,0],[48657,0],]]
[48402,7,40,[[48401,0],[48403,0],[48146,0],[48147,0],[48658,0],]]
[48403,15,40,[[48404,0],[48402,0],[48147,0],[48659,0],]]
[48404,15,40,[[48403,0],[48405,0],[48148,0],[48149,0],[48660,0],]]
[48405,19,40,[[48406,0],[48404,0],[48149,0],[48661,0],]]
[48406,11,40,[[48405,0],[48407,0],[48150,0],[48151,0],[48662,0],]]
[48407,2,40,[[48408,0],[48406,0],[48151,0],[48663,0],]]
[48408,16,40,[[48407,0],[48409,0],[48152,0],[48153,0],[48664,0],]]
[48409,13,40,[[48410,0],[48408,0],[48153,0],[48665,0],]]
[48410,12,40,[[48409,0],[48411,0],[48154,0],[48155,0],[48666,0],]]
[48411,10,40,[[48412,0],[48410,0],[48155,0],[48667,0],]]
[48412,15,40,[[48411,0],[48413,0],[48156,0],[48157,0],[48668,0],]]
[48413,17,40,[[48414,0],[48412,0],[48157,0],[48669,0],]]
[48414,19,40,[[48413,0],[48415,0],[48158,0],[48159,0],[48670,0],]]
[48415,1,40,[[48416,0],[48414,0],[48159,0],[48671,0],]]
[48416,10,41,[[48415,0],[48417,0],[48160,0],[48161,0],[48672,0],]]
[48417,16,41,[[48418,0],[48416,0],[48161,0],[48673,0],]]
[48418,9,41,[[48417,0],[48419,0],[48162,0],[48163,0],[48674,0],]]
[48419,19,41,[[48420,0],[48418,0],[48163,0],[48675,0],]]
[48420,8,41,[[48419,0],[48421,0],[48164,0],[48165,0],[48676,0],]]
[48421,1,41,[[48422,0],[48420,0],[48165,0],[48677,0],]]
[48422,1,41,[[48421,0],[48423,0],[48166,0],[48167,0],[48678,0],]]
[48423,16,41,[[48424,0],[48422,0],[48167,0],[48679,0],]]
[48424,18,41,[[48423,0],[48425,0],[48168,0],[48169,0],[48680,0],]]
[48425,11,41,[[48426,0],[48424,0],[48169,0],[48681,0],]]
[48426,4,41,[[48425,0],[48427,0],[48170,0],[48171,0],[48682,0],]]
[48427,2,41,[[48428,0],[48426,0],[48171,0],[48683,0],]]
[48428,19,41,[[48427,0],[48429,0],[48172,0],[48173,0],[48684,0],]]
[48429,15,41,[[48430,0],[48428,0],[48173,0],[48685,0],]]
[48430,10,41,[[48429,0],[48431,0],[48174,0],[48175,0],[48686,0],]]
[48431,8,41,[[48432,0],[48430,0],[48175,0],[48687,0],]]
[48432,13,41,[[48431,0],[48433,0],[48176,0],[48177,0],[48688,0],]]
[48433,12,41,[[48434,0],[48432,0],[48177,0],[48689,0],]]
[48434,16,41,[[48433,0],[48435,0],[48178,0],[48179,0],[48690,0],]]
[48435,4,41,[[48436,0],[48434,0],[48179,0],[48691,0],]]
[48436,10,41,[[48435,0],[48437,0],[48180,0],[48181,0],[48692,0],]]
[48437,12,41,[[48438,0],[48436,0],[48181,0],[48693,0],]]
[48438,3,41,[[48437,0],[48439,0],[48182,0],[48183,0],[48694,0],]]
[48439,18,41,[[48440,0],[48438,0],[48183,0],[48695,0],]]
[48440,8,41,[[48439,0],[48441,0],[48184,0],[48185,0],[48696,0],]]
[48441,13,41,[[48442,0],[48440,0],[48185,0],[48697,0],]]
[48442,19,41,[[48441,0],[48443,0],[48186,0],[48187,0],[48698,0],]]
[48443,11,41,[[48444,0],[48442,0],[48187,0],[48699,0],]]
[48444,11,41,[[48443,0],[48445,0],[48188,0],[48189,0],[48700,0],]]
[48445,14,41,[[48446,0],[48444,0],[48189,0],[48701,0],]]
[48446,18,41,[[48445,0],[48447,0],[48190,0],[48191,0],[48702,0],]]
[48447,17,41,[[48448,0],[48446,0],[48191,0],[48703,0],]]
[48448,19,42,[[48447,0],[48449,0],[48192,0],[48193,0],[48704,0],]]
[48449,10,42,[[48450,0],[48448,0],[48193,0],[48705,0],]]
[48450,19,42,[[48449,0],[48451,0],[48194,0],[48195,0],[48706,0],]]
[48451,4,42,[[48452,0],[48450,0],[48195,0],[48707,0],]]
[48452,10,42,[[48451,0],[48453,0],[48196,0],[48197,0],[48708,0],]]
[48453,9,42,[[48454,0],[48452,0],[48197,0],[48709,0],]]
[48454,1,42,[[48453,0],[48455,0],[48198,0],[48199,0],[48710,0],]]
[48455,3,42,[[48456,0],[48454,0],[48199,0],[48711,0],]]
[48456,2,42,[[48455,0],[48457,0],[48200,0],[48201,0],[48712,0],]]
[48457,14,42,[[48458,0],[48456,0],[48201,0],[48713,0],]]
[48458,2,42,[[48457,0],[48459,0],[48202,0],[48203,0],[48714,0],]]
[48459,16,42,[[48460,0],[48458,0],[48203,0],[48715,0],]]
[48460,5,42,[[48459,0],[48461,0],[48204,0],[48205,0],[48716,0],]]
[48461,19,42,[[48462,0],[48460,0],[48205,0],[48717,0],]]
[48462,5,42,[[48461,0],[48463,0],[48206,0],[48207,0],[48718,0],]]
[48463,8,42,[[48464,0],[48462,0],[48207,0],[48719,0],]]
[48464,3,42,[[48463,0],[48465,0],[48208,0],[48209,0],[48720,0],]]
[48465,3,42,[[48466,0],[48464,0],[48209,0],[48721,0],]]
[48466,12,42,[[48465,0],[48467,0],[48210,0],[48211,0],[48722,0],]]
[48467,16,42,[[48468,0],[48466,0],[48211,0],[48723,0],]]
[48468,15,42,[[48467,0],[48469,0],[48212,0],[48213,0],[48724,0],]]
[48469,11,42,[[48470,0],[48468,0],[48213,0],[48725,0],]]
[48470,4,42,[[48469,0],[48471,0],[48214,0],[48215,0],[48726,0],]]
[48471,6,42,[[48472,0],[48470,0],[48215,0],[48727,0],]]
[48472,19,42,[[48471,0],[48473,0],[48216,0],[48217,0],[48728,0],]]
[48473,9,42,[[48474,0],[48472,0],[48217,0],[48729,0],]]
[48474,11,42,[[48473,0],[48475,0],[48218,0],[48219,0],[48730,0],]]
[48475,4,42,[[48476,0],[48474,0],[48219,0],[48731,0],]]
[48476,7,42,[[48475,0],[48477,0],[48220,0],[48221,0],[48732,0],]]
[48477,18,42,[[48478,0],[48476,0],[48221,0],[48733,0],]]
[48478,4,42,[[48477,0],[48479,0],[48222,0],[48223,0],[48734,0],]]
[48479,9,42,[[48480,0],[48478,0],[48223,0],[48735,0],]]
[48480,6,43,[[48479,0],[48481,0],[48224,0],[48225,0],[48736,0],]]
[48481,16,43,[[48482,0],[48480,0],[48225,0],[48737,0],]]
[48482,5,43,[[48481,0],[48483,0],[48226,0],[48227,0],[48738,0],]]
[48483,19,43,[[48484,0],[48482,0],[48227,0],[48739,0],]]
[48484,19,43,[[48483,0],[48485,0],[48228,0],[48229,0],[48740,0],]]
[48485,9,43,[[48486,0],[48484,0],[48229,0],[48741,0],]]
[48486,9,43,[[48485,0],[48487,0],[48230,0],[48231,0],[48742,0],]]
[48487,17,43,[[48488,0],[48486,0],[48231,0],[48743,0],]]
[48488,2,43,[[48487,0],[48489,0],[48232,0],[48233,0],[48744,0],]]
[48489,1,43,[[48490,0],[48488,0],[48233,0],[48745,0],]]
[48490,18,43,[[48489,0],[48491,0],[48234,0],[48235,0],[48746,0],]]
[48491,6,43,[[48492,0],[48490,0],[48235,0],[48747,0],]]
[48492,14,43,[[48491,0],[48493,0],[48236,0],[48237,0],[48748,0],]]
[48493,14,43,[[48494,0],[48492,0],[48237,0],[48749,0],]]
[48494,3,43,[[48493,0],[48495,0],[48238,0],[48239,0],[48750,0],]]
[48495,13,43,[[48496,0],[48494,0],[48239,0],[48751,0],]]
