[49807,2,52,[[49808,0],[49806,0],[50063,0],[50062,0],[49551,0],]]
[49808,16,52,[[49807,0],[49809,0],[50064,0],[49552,0],]]
[49809,18,52,[[49810,0],[49808,0],[50065,0],[50064,0],[49553,0],]]
[49810,3,52,[[49809,0],[49811,0],[50066,0],[49554,0],]]
[49811,7,52,[[49812,0],[49810,0],[50067,0],[50066,0],[49555,0],]]
[49812,9,52,[[49811,0],[49813,0],[50068,0],[49556,0],]]
[49813,19,52,[[49814,0],[49812,0],[50069,0],[50068,0],[49557,0],]]
[49814,17,52,[[49813,0],[49815,0],[50070,0],[49558,0],]]
[49815,17,52,[[49816,0],[49814,0],[50071,0],[50070,0],[49559,0],]]
[49816,15,52,[[49815,0],[49817,0],[50072,0],[49560,0],]]
[49817,2,52,[[49818,0],[49816,0],[50073,0],[50072,0],[49561,0],]]
[49818,11,52,[[49817,0],[49819,0],[50074,0],[49562,0],]]
[49819,12,52,[[49820,0],[49818,0],[50075,0],[50074,0],[49563,0],]]
[49820,5,52,[[49819,0],[49821,0],[50076,0],[49564,0],]]
[49821,10,52,[[49822,0],[49820,0],[50077,0],[50076,0],[49565,0],]]
[49822,1,52,[[49821,0],[49823,0],[50078,0],[49566,0],]]
[49823,13,52,[[49824,0],[49822,0],[50079,0],[50078,0],[49567,0],]]
[49824,4,53,[[49823,0],[49825,0],[50080,0],[49568,0],]]
[49825,8,53,[[49826,0],[49824,0],[50081,0],[50080,0],[49569,0],]]
[49826,11,53,[[49825,0],[49827,0],[50082,0],[49570,0],]]
[49827,15,53,[[49828,0],[49826,0],[50083,0],[50082,0],[49571,0],]]
[49828,9,53,[[49827,0],[49829,0],[50084,0],[49572,0],]]
[49829,15,53,[[49830,0],[49828,0],[50085,0],[50084,0],[49573,0],]]
[49830,12,53,[[49829,0],[49831,0],[50086,0],[49574,0],]]
[49831,13,53,[[49832,0],[49830,0],[50087,0],[50086,0],[49575,0],]]
[49832,2,53,[[49831,0],[49833,0],[50088,0],[49576,0],]]
[49833,1,53,[[49834,0],[49832,0],[50089,0],[50088,0],[49577,0],]]
[49834,13,53,[[49833,0],[49835,0],[50090,0],[49578,0],]]
[49835,10,53,[[49836,0],[49834,0],[50091,0],[50090,0],[49579,0],]]
[49836,6,53,[[49835,0],[49837,0],[50092,0],[49580,0],]]
[49837,16,53,[[49838,0],[49836,0],[50093,0],[50092,0],[49581,0],]]
[49838,2,53,[[49837,0],[49839,0],[50094,0],[49582,0],]]
[49839,6,53,[[49840,0],[49838,0],[50095,0],[50094,0],[49583,0],]]
[49840,16,53,[[49839,0],[49841,0],[50096,0],[49584,0],]]
[49841,15,53,[[49842,0],[49840,0],[50097,0],[50096,0],[49585,0],]]
[49842,13,53,[[49841,0],[49843,0],[50098,0],[49586,0],]]
[49843,1,53,[[49844,0],[49842,0],[50099,0],[50098,0],[49587,0],]]
[49844,4,53,[[49843,0],[49845,0],[50100,0],[49588,0],]]
[49845,2,53,[[49846,0],[49844,0],[50101,0],[50100,0],[49589,0],]]
[49846,9,53,[[49845,0],[49847,0],[50102,0],[49590,0],]]
[49847,19,53,[[49848,0],[49846,0],[50103,0],[50102,0],[49591,0],]]
[49848,12,53,[[49847,0],[49849,0],[50104,0],[49592,0],]]
[49849,4,53,[[49850,0],[49848,0],[50105,0],[50104,0],[49593,0],]]
[49850,13,53,[[49849,0],[49851,0],[50106,0],[49594,0],]]
[49851,2,53,[[49852,0],[49850,0],[50107,0],[50106,0],[49595,0],]]
[49852,7,53,[[49851,0],[49853,0],[50108,0],[49596,0],]]
[49853,17,53,[[49854,0],[49852,0],[50109,0],[50108,0],[49597,0],]]
[49854,16,53,[[49853,0],[49855,0],[50110,0],[49598,0],]]
[49855,5,53,[[49856,0],[49854,0],[50111,0],[50110,0],[49599,0],]]
[49856,8,54,[[49855,0],[49857,0],[50112,0],[49600,0],]]
[49857,7,54,[[49858,0],[49856,0],[50113,0],[50112,0],[49601,0],]]
[49858,8,54,[[49857,0],[49859,0],[50114,0],[49602,0],]]
[49859,10,54,[[49860,0],[49858,0],[50115,0],[50114,0],[49603,0],]]
[49860,9,54,[[49859,0],[49861,0],[50116,0],[49604,0],]]
[49861,10,54,[[49862,0],[49860,0],[50117,0],[50116,0],[49605,0],]]
[49862,6,54,[[49861,0],[49863,0],[50118,0],[49606,0],]]
[49863,12,54,[[49864,0],[49862,0],[50119,0],[50118,0],[49607,0],]]
[49864,9,54,[[49863,0],[49865,0],[50120,0],[49608,0],]]
[49865,10,54,[[49866,0],[49864,0],[50121,0],[50120,0],[49609,0],]]
[49866,2,54,[[49865,0],[49867,0],[50122,0],[49610,0],]]
[49867,14,54,[[49868,0],[49866,0],[50123,0],[50122,0],[49611,0],]]
[49868,10,54,[[49867,0],[49869,0],[50124,0],[49612,0],]]
[49869,3,54,[[49870,0],[49868,0],[50125,0],[50124,0],[49613,0],]]
[49870,7,54,[[49869,0],[49871,0],[50126,0],[49614,0],]]
[49871,15,54,[[49872,0],[49870,0],[50127,0],[50126,0],[49615,0],]]
[49872,8,54,[[49871,0],[49873,0],[50128,0],[49616,0],]]
[49873,6,54,[[49874,0],[49872,0],[50129,0],[50128,0],[49617,0],]]
[49874,2,54,[[49873,0],[49875,0],[50130,0],[49618,0],]]
[49875,1,54,[[49876,0],[49874,0],[50131,0],[50130,0],[49619,0],]]
[49876,13,54,[[49875,0],[49877,0],[50132,0],[49620,0],]]
[49877,2,54,[[49878,0],[49876,0],[50133,0],[50132,0],[49621,0],]]
[49878,3,54,[[49877,0],[49879,0],[50134,0],[49622,0],]]
[49879,8,54,[[49880,0],[49878,0],[50135,0],[50134,0],[49623,0],]]
[49880,10,54,[[49879,0],[49881,0],[50136,0],[49624,0],]]
[49881,14,54,[[49882,0],[49880,0],[50137,0],[50136,0],[49625,0],]]
[49882,9,54,[[49881,0],[49883,0],[50138,0],[49626,0],]]
[49883,18,54,[[49884,0],[49882,0],[50139,0],[50138,0],[49627,0],]]
[49884,10,54,[[49883,0],[49885,0],[50140,0],[49628,0],]]
[49885,7,54,[[49886,0],[49884,0],[50141,0],[50140,0],[49629,0],]]
[49886,2,54,[[49885,0],[49887,0],[50142,0],[49630,0],]]
[49887,18,54,[[49888,0],[49886,0],[50143,0],[50142,0],[49631,0],]]
[49888,19,55,[[49887,0],[49889,0],[50144,0],[49632,0],]]
[49889,15,55,[[49890,0],[49888,0],[50145,0],[50144,0],[49633,0],]]
[49890,8,55,[[49889,0],[49891,0],[50146,0],[49634,0],]]
[49891,18,55,[[49892,0],[49890,0],[50147,0],[50146,0],[49635,0],]]
[49892,10,55,[[49891,0],[49893,0],[50148,0],[49636,0],]]
[49893,10,55,[[49894,0],[49892,0],[50149,0],[50148,0],[49637,0],]]
[49894,11,55,[[49893,0],[49895,0],[50150,0],[49638,0],]]
[49895,16,55,[[49896,0],[49894,0],[50151,0],[50150,0],[49639,0],]]
[49896,13,55,[[49895,0],[49897,0],[50152,0],[49640,0],]]
[49897,12,55,[[49898,0],[49896,0],[50153,0],[50152,0],[49641,0],]]
[49898,14,55,[[49897,0],[49899,0],[50154,0],[49642,0],]]
[49899,11,55,[[49900,0],[49898,0],[50155,0],[50154,0],[49643,0],]]
[49900,7,55,[[49899,0],[49901,0],[50156,0],[49644,0],]]
[49901,2,55,[[49902,0],[49900,0],[50157,0],[50156,0],[49645,0],]]
[49902,10,55,[[49901,0],[49903,0],[50158,0],[49646,0],]]
[49903,6,55,[[49904,0],[49902,0],[50159,0],[50158,0],[49647,0],]]
[49904,9,55,[[49903,0],[49905,0],[50160,0],[49648,0],]]
[49905,16,55,[[49906,0],[49904,0],[50161,0],[50160,0],[49649,0],]]
[49906,6,55,[[49905,0],[49907,0],[50162,0],[49650,0],]]
[49907,9,55,[[49908,0],[49906,0],[50163,0],[50162,0],[49651,0],]]
[49908,11,55,[[49907,0],[49909,0],[50164,0],[49652,0],]]
[49909,14,55,[[49910,0],[49908,0],[50165,0],[50164,0],[49653,0],]]
[49910,9,55,[[49909,0],[49911,0],[50166,0],[49654,0],]]
[49911,6,55,[[49912,0],[49910,0],[50167,0],[50166,0],[49655,0],]]
[49912,14,55,[[49911,0],[49913,0],[50168,0],[49656,0],]]
[49913,14,55,[[49914,0],[49912,0],[50169,0],[50168,0],[49657,0],]]
[49914,5,55,[[49913,0],[49915,0],[50170,0],[49658,0],]]
[49915,6,55,[[49916,0],[49914,0],[50171,0],[50170,0],[49659,0],]]
[49916,11,55,[[49915,0],[49917,0],[50172,0],[49660,0],]]
[49917,2,55,[[49918,0],[49916,0],[50173,0],[50172,0],[49661,0],]]
[49918,18,55,[[49917,0],[49919,0],[50174,0],[49662,0],]]
[49919,3,55,[[49918,0],[50175,0],[50174,0],[49663,0],]]
[49920,8,48,[[49921,0],[49664,0],[49665,0],[50176,0],]]
[49921,17,48,[[49922,0],[49920,0],[49665,0],[50177,0],]]
[49922,1,48,[[49921,0],[49923,0],[49666,0],[49667,0],[50178,0],]]
[49923,19,48,[[49924,0],[49922,0],[49667,0],[50179,0],]]
[49924,17,48,[[49923,0],[49925,0],[49668,0],[49669,0],[50180,0],]]
[49925,19,48,[[49926,0],[49924,0],[49669,0],[50181,0],]]
[49926,12,48,[[49925,0],[49927,0],[49670,0],[49671,0],[50182,0],]]
[49927,13,48,[[49928,0],[49926,0],[49671,0],[50183,0],]]
[49928,13,48,[[49927,0],[49929,0],[49672,0],[49673,0],[50184,0],]]
[49929,9,48,[[49930,0],[49928,0],[49673,0],[50185,0],]]
[49930,3,48,[[49929,0],[49931,0],[49674,0],[49675,0],[50186,0],]]
[49931,4,48,[[49932,0],[49930,0],[49675,0],[50187,0],]]
[49932,5,48,[[49931,0],[49933,0],[49676,0],[49677,0],[50188,0],]]
[49933,5,48,[[49934,0],[49932,0],[49677,0],[50189,0],]]
[49934,3,48,[[49933,0],[49935,0],[49678,0],[49679,0],[50190,0],]]
[49935,8,48,[[49936,0],[49934,0],[49679,0],[50191,0],]]
[49936,18,48,[[49935,0],[49937,0],[49680,0],[49681,0],[50192,0],]]
[49937,19,48,[[49938,0],[49936,0],[49681,0],[50193,0],]]
[49938,10,48,[[49937,0],[49939,0],[49682,0],[49683,0],[50194,0],]]
[49939,4,48,[[49940,0],[49938,0],[49683,0],[50195,0],]]
[49940,8,48,[[49939,0],[49941,0],[49684,0],[49685,0],[50196,0],]]
[49941,11,48,[[49942,0],[49940,0],[49685,0],[50197,0],]]
[49942,5,48,[[49941,0],[49943,0],[49686,0],[49687,0],[50198,0],]]
[49943,3,48,[[49944,0],[49942,0],[49687,0],[50199,0],]]
[49944,2,48,[[49943,0],[49945,0],[49688,0],[49689,0],[50200,0],]]
[49945,17,48,[[49946,0],[49944,0],[49689,0],[50201,0],]]
[49946,6,48,[[49945,0],[49947,0],[49690,0],[49691,0],[50202,0],]]
[49947,5,48,[[49948,0],[49946,0],[49691,0],[50203,0],]]
[49948,7,48,[[49947,0],[49949,0],[49692,0],[49693,0],[50204,0],]]
[49949,6,48,[[49950,0],[49948,0],[49693,0],[50205,0],]]
[49950,11,48,[[49949,0],[49951,0],[49694,0],[49695,0],[50206,0],]]
[49951,11,48,[[49952,0],[49950,0],[49695,0],[50207,0],]]
[49952,5,49,[[49951,0],[49953,0],[49696,0],[49697,0],[50208,0],]]
[49953,4,49,[[49954,0],[49952,0],[49697,0],[50209,0],]]
[49954,8,49,[[49953,0],[49955,0],[49698,0],[49699,0],[50210,0],]]
[49955,4,49,[[49956,0],[49954,0],[49699,0],[50211,0],]]
[49956,6,49,[[49955,0],[49957,0],[49700,0],[49701,0],[50212,0],]]
[49957,8,49,[[49958,0],[49956,0],[49701,0],[50213,0],]]
[49958,11,49,[[49957,0],[49959,0],[49702,0],[49703,0],[50214,0],]]
[49959,8,49,[[49960,0],[49958,0],[49703,0],[50215,0],]]
[49960,17,49,[[49959,0],[49961,0],[49704,0],[49705,0],[50216,0],]]
[49961,12,49,[[49962,0],[49960,0],[49705,0],[50217,0],]]
[49962,13,49,[[49961,0],[49963,0],[49706,0],[49707,0],[50218,0],]]
[49963,16,49,[[49964,0],[49962,0],[49707,0],[50219,0],]]
[49964,8,49,[[49963,0],[49965,0],[49708,0],[49709,0],[50220,0],]]
[49965,15,49,[[49966,0],[49964,0],[49709,0],[50221,0],]]
[49966,11,49,[[49965,0],[49967,0],[49710,0],[49711,0],[50222,0],]]
[49967,14,49,[[49968,0],[49966,0],[49711,0],[50223,0],]]
[49968,13,49,[[49967,0],[49969,0],[49712,0],[49713,0],[50224,0],]]
[49969,13,49,[[49970,0],[49968,0],[49713,0],[50225,0],]]
[49970,19,49,[[49969,0],[49971,0],[49714,0],[49715,0],[50226,0],]]
[49971,7,49,[[49972,0],[49970,0],[49715,0],[50227,0],]]
[49972,8,49,[[49971,0],[49973,0],[49716,0],[49717,0],[50228,0],]]
[49973,6,49,[[49974,0],[49972,0],[49717,0],[50229,0],]]
[49974,14,49,[[49973,0],[49975,0],[49718,0],[49719,0],[50230,0],]]
[49975,9,49,[[49976,0],[49974,0],[49719,0],[50231,0],]]
[49976,18,49,[[49975,0],[49977,0],[49720,0],[49721,0],[50232,0],]]
[49977,9,49,[[49978,0],[49976,0],[49721,0],[50233,0],]]
[49978,1,49,[[49977,0],[49979,0],[49722,0],[49723,0],[50234,0],]]
[49979,11,49,[[49980,0],[49978,0],[49723,0],[50235,0],]]
[49980,2,49,[[49979,0],[49981,0],[49724,0],[49725,0],[50236,0],]]
[49981,4,49,[[49982,0],[49980,0],[49725,0],[50237,0],]]
[49982,8,49,[[49981,0],[49983,0],[49726,0],[49727,0],[50238,0],]]
[49983,15,49,[[49984,0],[49982,0],[49727,0],[50239,0],]]
[49984,9,50,[[49983,0],[49985,0],[49728,0],[49729,0],[50240,0],]]
[49985,17,50,[[49986,0],[49984,0],[49729,0],[50241,0],]]
[49986,2,50,[[49985,0],[49987,0],[49730,0],[49731,0],[50242,0],]]
[49987,18,50,[[49988,0],[49986,0],[49731,0],[50243,0],]]
[49988,10,50,[[49987,0],[49989,0],[49732,0],[49733,0],[50244,0],]]
[49989,6,50,[[49990,0],[49988,0],[49733,0],[50245,0],]]
[49990,13,50,[[49989,0],[49991,0],[49734,0],[49735,0],[50246,0],]]
[49991,8,50,[[49992,0],[49990,0],[49735,0],[50247,0],]]
[49992,10,50,[[49991,0],[49993,0],[49736,0],[49737,0],[50248,0],]]
[49993,18,50,[[49994,0],[49992,0],[49737,0],[50249,0],]]
[49994,18,50,[[49993,0],[49995,0],[49738,0],[49739,0],[50250,0],]]
[49995,13,50,[[49996,0],[49994,0],[49739,0],[50251,0],]]
[49996,15,50,[[49995,0],[49997,0],[49740,0],[49741,0],[50252,0],]]
[49997,18,50,[[49998,0],[49996,0],[49741,0],[50253,0],]]
[49998,5,50,[[49997,0],[49999,0],[49742,0],[49743,0],[50254,0],]]
[49999,9,50,[[50000,0],[49998,0],[49743,0],[50255,0],]]
[50000,5,50,[[49999,0],[50001,0],[49744,0],[49745,0],[50256,0],]]
[50001,3,50,[[50002,0],[50000,0],[49745,0],[50257,0],]]
[50002,11,50,[[50001,0],[50003,0],[49746,0],[49747,0],[50258,0],]]
[50003,6,50,[[50004,0],[50002,0],[49747,0],[50259,0],]]
[50004,3,50,[[50003,0],[50005,0],[49748,0],[49749,0],[50260,0],]]
[50005,3,50,[[50006,0],[50004,0],[49749,0],[50261,0],]]
[50006,9,50,[[50005,0],[50007,0],[49750,0],[49751,0],[50262,0],]]
[50007,14,50,[[50008,0],[50006,0],[49751,0],[50263,0],]]
[50008,3,50,[[50007,0],[50009,0],[49752,0],[49753,0],[50264,0],]]
[50009,8,50,[[50010,0],[50008,0],[49753,0],[50265,0],]]
[50010,19,50,[[50009,0],[50011,0],[49754,0],[49755,0],[50266,0],]]
[50011,10,50,[[50012,0],[50010,0],[49755,0],[50267,0],]]
[50012,10,50,[[50011,0],[50013,0],[49756,0],[49757,0],[50268,0],]]
[50013,2,50,[[50014,0],[50012,0],[49757,0],[50269,0],]]
[50014,16,50,[[50013,0],[50015,0],[49758,0],[49759,0],[50270,0],]]
[50015,10,50,[[50016,0],[50014,0],[49759,0],[50271,0],]]
[50016,6,51,[[50015,0],[50017,0],[49760,0],[49761,0],[50272,0],]]
[50017,12,51,[[50018,0],[50016,0],[49761,0],[50273,0],]]
[50018,2,51,[[50017,0],[50019,0],[49762,0],[49763,0],[50274,0],]]
[50019,7,51,[[50020,0],[50018,0],[49763,0],[50275,0],]]
[50020,2,51,[[50019,0],[50021,0],[49764,0],[49765,0],[50276,0],]]
[50021,12,51,[[50022,0],[50020,0],[49765,0],[50277,0],]]
[50022,3,51,[[50021,0],[50023,0],[49766,0],[49767,0],[50278,0],]]
[50023,6,51,[[50024,0],[50022,0],[49767,0],[50279,0],]]
[50024,3,51,[[50023,0],[50025,0],[49768,0],[49769,0],[50280,0],]]
[50025,18,51,[[50026,0],[50024,0],[49769,0],[50281,0],]]
[50026,8,51,[[50025,0],[50027,0],[49770,0],[49771,0],[50282,0],]]
[50027,17,51,[[50028,0],[50026,0],[49771,0],[50283,0],]]
[50028,18,51,[[50027,0],[50029,0],[49772,0],[49773,0],[50284,0],]]
[50029,16,51,[[50030,0],[50028,0],[49773,0],[50285,0],]]
[50030,19,51,[[50029,0],[50031,0],[49774,0],[49775,0],[50286,0],]]
[50031,9,51,[[50032,0],[50030,0],[49775,0],[50287,0],]]
[50032,6,51,[[50031,0],[50033,0],[49776,0],[49777,0],[50288,0],]]
[50033,10,51,[[50034,0],[50032,0],[49777,0],[50289,0],]]
[50034,5,51,[[50033,0],[50035,0],[49778,0],[49779,0],[50290,0],]]
[50035,17,51,[[50036,0],[50034,0],[49779,0],[50291,0],]]
[50036,4,51,[[50035,0],[50037,0],[49780,0],[49781,0],[50292,0],]]
[50037,4,51,[[50038,0],[50036,0],[49781,0],[50293,0],]]
[50038,6,51,[[50037,0],[50039,0],[49782,0],[49783,0],[50294,0],]]
[50039,4,51,[[50040,0],[50038,0],[49783,0],[50295,0],]]
[50040,18,51,[[50039,0],[50041,0],[49784,0],[49785,0],[50296,0],]]
[50041,11,51,[[50042,0],[50040,0],[49785,0],[50297,0],]]
[50042,6,51,[[50041,0],[50043,0],[49786,0],[49787,0],[50298,0],]]
[50043,8,51,[[50044,0],[50042,0],[49787,0],[50299,0],]]
[50044,15,51,[[50043,0],[50045,0],[49788,0],[49789,0],[50300,0],]]
[50045,6,51,[[50046,0],[50044,0],[49789,0],[50301,0],]]
[50046,16,51,[[50045,0],[50047,0],[49790,0],[49791,0],[50302,0],]]
[50047,16,51,[[50048,0],[50046,0],[49791,0],[50303,0],]]
[50048,9,52,[[50047,0],[50049,0],[49792,0],[49793,0],[50304,0],]]
[50049,10,52,[[50050,0],[50048,0],[49793,0],[50305,0],]]
[50050,5,52,[[50049,0],[50051,0],[49794,0],[49795,0],[50306,0],]]
[50051,11,52,[[50052,0],[50050,0],[49795,0],[50307,0],]]
[50052,1,52,[[50051,0],[50053,0],[49796,0],[49797,0],[50308,0],]]
[50053,6,52,[[50054,0],[50052,0],[49797,0],[50309,0],]]
[50054,2,52,[[50053,0],[50055,0],[49798,0],[49799,0],[50310,0],]]
[50055,13,52,[[50056,0],[50054,0],[49799,0],[50311,0],]]
[50056,2,52,[[50055,0],[50057,0],[49800,0],[49801,0],[50312,0],]]
[50057,16,52,[[50058,0],[50056,0],[49801,0],[50313,0],]]
[50058,19,52,[[50057,0],[50059,0],[49802,0],[49803,0],[50314,0],]]
[50059,11,52,[[50060,0],[50058,0],[49803,0],[50315,0],]]
[50060,6,52,[[50059,0],[50061,0],[49804,0],[49805,0],[50316,0],]]
[50061,11,52,[[50062,0],[50060,0],[49805,0],[50317,0],]]
[50062,11,52,[[50061,0],[50063,0],[49806,0],[49807,0],[50318,0],]]
[50063,6,52,[[50064,0],[50062,0],[49807,0],[50319,0],]]
[50064,3,52,[[50063,0],[50065,0],[49808,0],[49809,0],[50320,0],]]
[50065,11,52,[[50066,0],[50064,0],[49809,0],[50321,0],]]
[50066,5,52,[[50065,0],[50067,0],[49810,0],[49811,0],[50322,0],]]
[50067,16,52,[[50068,0],[50066,0],[49811,0],[50323,0],]]
[50068,10,52,[[50067,0],[50069,0],[49812,0],[49813,0],[50324,0],]]
[50069,4,52,[[50070,0],[50068,0],[49813,0],[50325,0],]]
[50070,10,52,[[50069,0],[50071,0],[49814,0],[49815,0],[50326,0],]]
[50071,11,52,[[50072,0],[50070,0],[49815,0],[50327,0],]]
[50072,6,52,[[50071,0],[50073,0],[49816,0],[49817,0],[50328,0],]]
[50073,5,52,[[50074,0],[50072,0],[49817,0],[50329,0],]]
[50074,1,52,[[50073,0],[50075,0],[49818,0],[49819,0],[50330,0],]]
[50075,6,52,[[50076,0],[50074,0],[49819,0],[50331,0],]]
[50076,4,52,[[50075,0],[50077,0],[49820,0],[49821,0],[50332,0],]]
[50077,6,52,[[50078,0],[50076,0],[49821,0],[50333,0],]]
[50078,3,52,[[50077,0],[50079,0],[49822,0],[49823,0],[50334,0],]]
[50079,10,52,[[50080,0],[50078,0],[49823,0],[50335,0],]]
[50080,12,53,[[50079,0],[50081,0],[49824,0],[49825,0],[50336,0],]]
[50081,14,53,[[50082,0],[50080,0],[49825,0],[50337,0],]]
[50082,14,53,[[50081,0],[50083,0],[49826,0],[49827,0],[50338,0],]]
[50083,13,53,[[50084,0],[50082,0],[49827,0],[50339,0],]]
[50084,6,53,[[50083,0],[50085,0],[49828,0],[49829,0],[50340,0],]]
[50085,11,53,[[50086,0],[50084,0],[49829,0],[50341,0],]]
[50086,14,53,[[50085,0],[50087,0],[49830,0],[49831,0],[50342,0],]]
[50087,16,53,[[50088,0],[50086,0],[49831,0],[50343,0],]]
[50088,2,53,[[50087,0],[50089,0],[49832,0],[49833,0],[50344,0],]]
[50089,4,53,[[50090,0],[50088,0],[49833,0],[50345,0],]]
[50090,19,53,[[50089,0],[50091,0],[49834,0],[49835,0],[50346,0],]]
[50091,12,53,[[50092,0],[50090,0],[49835,0],[50347,0],]]
[50092,6,53,[[50091,0],[50093,0],[49836,0],[49837,0],[50348,0],]]
[50093,4,53,[[50094,0],[50092,0],[49837,0],[50349,0],]]
[50094,12,53,[[50093,0],[50095,0],[49838,0],[49839,0],[50350,0],]]
[50095,19,53,[[50096,0],[50094,0],[49839,0],[50351,0],]]
[50096,6,53,[[50095,0],[50097,0],[49840,0],[49841,0],[50352,0],]]
[50097,15,53,[[50098,0],[50096,0],[49841,0],[50353,0],]]
[50098,19,53,[[50097,0],[50099,0],[49842,0],[49843,0],[50354,0],]]
[50099,7,53,[[50100,0],[50098,0],[49843,0],[50355,0],]]
[50100,7,53,[[50099,0],[50101,0],[49844,0],[49845,0],[50356,0],]]
[50101,17,53,[[50102,0],[50100,0],[49845,0],[50357,0],]]
[50102,5,53,[[50101,0],[50103,0],[49846,0],[49847,0],[50358,0],]]
[50103,12,53,[[50104,0],[50102,0],[49847,0],[50359,0],]]
[50104,15,53,[[50103,0],[50105,0],[49848,0],[49849,0],[50360,0],]]
[50105,13,53,[[50106,0],[50104,0],[49849,0],[50361,0],]]
[50106,11,53,[[50105,0],[50107,0],[49850,0],[49851,0],[50362,0],]]
[50107,17,53,[[50108,0],[50106,0],[49851,0],[50363,0],]]
[50108,2,53,[[50107,0],[50109,0],[49852,0],[49853,0],[50364,0],]]
[50109,8,53,[[50110,0],[50108,0],[49853,0],[50365,0],]]
[50110,6,53,[[50109,0],[50111,0],[49854,0],[49855,0],[50366,0],]]
[50111,17,53,[[50112,0],[50110,0],[49855,0],[50367,0],]]
[50112,8,54,[[50111,0],[50113,0],[49856,0],[49857,0],[50368,0],]]
[50113,6,54,[[50114,0],[50112,0],[49857,0],[50369,0],]]
[50114,16,54,[[50113,0],[50115,0],[49858,0],[49859,0],[50370,0],]]
[50115,10,54,[[50116,0],[50114,0],[49859,0],[50371,0],]]
[50116,2,54,[[50115,0],[50117,0],[49860,0],[49861,0],[50372,0],]]
[50117,7,54,[[50118,0],[50116,0],[49861,0],[50373,0],]]
[50118,7,54,[[50117,0],[50119,0],[49862,0],[49863,0],[50374,0],]]
[50119,19,54,[[50120,0],[50118,0],[49863,0],[50375,0],]]
[50120,19,54,[[50119,0],[50121,0],[49864,0],[49865,0],[50376,0],]]
[50121,7,54,[[50122,0],[50120,0],[49865,0],[50377,0],]]
[50122,19,54,[[50121,0],[50123,0],[49866,0],[49867,0],[50378,0],]]
[50123,2,54,[[50124,0],[50122,0],[49867,0],[50379,0],]]
[50124,8,54,[[50123,0],[50125,0],[49868,0],[49869,0],[50380,0],]]
[50125,6,54,[[50126,0],[50124,0],[49869,0],[50381,0],]]
[50126,6,54,[[50125,0],[50127,0],[49870,0],[49871,0],[50382,0],]]
[50127,9,54,[[50128,0],[50126,0],[49871,0],[50383,0],]]
[50128,3,54,[[50127,0],[50129,0],[49872,0],[49873,0],[50384,0],]]
[50129,1,54,[[50130,0],[50128,0],[49873,0],[50385,0],]]
[50130,8,54,[[50129,0],[50131,0],[49874,0],[49875,0],[50386,0],]]
[50131,18,54,[[50132,0],[50130,0],[49875,0],[50387,0],]]
[50132,8,54,[[50131,0],[50133,0],[49876,0],[49877,0],[50388,0],]]
[50133,1,54,[[50134,0],[50132,0],[49877,0],[50389,0],]]
[50134,4,54,[[50133,0],[50135,0],[49878,0],[49879,0],[50390,0],]]
[50135,4,54,[[50136,0],[50134,0],[49879,0],[50391,0],]]
[50136,13,54,[[50135,0],[50137,0],[49880,0],[49881,0],[50392,0],]]
[50137,8,54,[[50138,0],[50136,0],[49881,0],[50393,0],]]
[50138,3,54,[[50137,0],[50139,0],[49882,0],[49883,0],[50394,0],]]
[50139,16,54,[[50140,0],[50138,0],[49883,0],[50395,0],]]
[50140,4,54,[[50139,0],[50141,0],[49884,0],[49885,0],[50396,0],]]
[50141,4,54,[[50142,0],[50140,0],[49885,0],[50397,0],]]
[50142,7,54,[[50141,0],[50143,0],[49886,0],[49887,0],[50398,0],]]
[50143,17,54,[[50144,0],[50142,0],[49887,0],[50399,0],]]
[50144,16,55,[[50143,0],[50145,0],[49888,0],[49889,0],[50400,0],]]
[50145,13,55,[[50146,0],[50144,0],[49889,0],[50401,0],]]
[50146,4,55,[[50145,0],[50147,0],[49890,0],[49891,0],[50402,0],]]
[50147,10,55,[[50148,0],[50146,0],[49891,0],[50403,0],]]
[50148,19,55,[[50147,0],[50149,0],[49892,0],[49893,0],[50404,0],]]
[50149,16,55,[[50150,0],[50148,0],[49893,0],[50405,0],]]
[50150,4,55,[[50149,0],[50151,0],[49894,0],[49895,0],[50406,0],]]
[50151,3,55,[[50152,0],[50150,0],[49895,0],[50407,0],]]
[50152,1,55,[[50151,0],[50153,0],[49896,0],[49897,0],[50408,0],]]
[50153,9,55,[[50154,0],[50152,0],[49897,0],[50409,0],]]
[50154,8,55,[[50153,0],[50155,0],[49898,0],[49899,0],[50410,0],]]
[50155,6,55,[[50156,0],[50154,0],[49899,0],[50411,0],]]
[50156,10,55,[[50155,0],[50157,0],[49900,0],[49901,0],[50412,0],]]
[50157,8,55,[[50158,0],[50156,0],[49901,0],[50413,0],]]
[50158,5,55,[[50157,0],[50159,0],[49902,0],[49903,0],[50414,0],]]
[50159,7,55,[[50160,0],[50158,0],[49903,0],[50415,0],]]
[50160,13,55,[[50159,0],[50161,0],[49904,0],[49905,0],[50416,0],]]
[50161,8,55,[[50162,0],[50160,0],[49905,0],[50417,0],]]
[50162,7,55,[[50161,0],[50163,0],[49906,0],[49907,0],[50418,0],]]
[50163,14,55,[[50164,0],[50162,0],[49907,0],[50419,0],]]
[50164,16,55,[[50163,0],[50165,0],[49908,0],[49909,0],[50420,0],]]
[50165,6,55,[[50166,0],[50164,0],[49909,0],[50421,0],]]
[50166,8,55,[[50165,0],[50167,0],[49910,0],[49911,0],[50422,0],]]
[50167,16,55,[[50168,0],[50166,0],[49911,0],[50423,0],]]
[50168,4,55,[[50167,0],[50169,0],[49912,0],[49913,0],[50424,0],]]
[50169,5,55,[[50170,0],[50168,0],[49913,0],[50425,0],]]
[50170,13,55,[[50169,0],[50171,0],[49914,0],[49915,0],[50426,0],]]
[50171,19,55,[[50172,0],[50170,0],[49915,0],[50427,0],]]
[50172,4,55,[[50171,0],[50173,0],[49916,0],[49917,0],[50428,0],]]
[50173,11,55,[[50174,0],[50172,0],[49917,0],[50429,0],]]
[50174,15,55,[[50173,0],[50175,0],[49918,0],[49919,0],[50430,0],]]
[50175,13,55,[[50174,0],[49919,0],[50431,0],]]
[50176,9,48,[[50177,0],[50432,0],[49920,0],]]
[50177,6,48,[[50178,0],[50176,0],[50433,0],[50432,0],[49921,0],]]
[50178,15,48,[[50177,0],[50179,0],[50434,0],[49922,0],]]
[50179,15,48,[[50180,0],[50178,0],[50435,0],[50434,0],[49923,0],]]
[50180,16,48,[[50179,0],[50181,0],[50436,0],[49924,0],]]
[50181,3,48,[[50182,0],[50180,0],[50437,0],[50436,0],[49925,0],]]
[50182,2,48,[[50181,0],[50183,0],[50438,0],[49926,0],]]
[50183,1,48,[[50184,0],[50182,0],[50439,0],[50438,0],[49927,0],]]
[50184,14,48,[[50183,0],[50185,0],[50440,0],[49928,0],]]
[50185,15,48,[[50186,0],[50184,0],[50441,0],[50440,0],[49929,0],]]
[50186,6,48,[[50185,0],[50187,0],[50442,0],[49930,0],]]
[50187,5,48,[[50188,0],[50186,0],[50443,0],[50442,0],[49931,0],]]
[50188,4,48,[[50187,0],[50189,0],[50444,0],[49932,0],]]
[50189,5,48,[[50190,0],[50188,0],[50445,0],[50444,0],[49933,0],]]
[50190,15,48,[[50189,0],[50191,0],[50446,0],[49934,0],]]
[50191,8,48,[[50192,0],[50190,0],[50447,0],[50446,0],[49935,0],]]
[50192,5,48,[[50191,0],[50193,0],[50448,0],[49936,0],]]
[50193,9,48,[[50194,0],[50192,0],[50449,0],[50448,0],[49937,0],]]
[50194,17,48,[[50193,0],[50195,0],[50450,0],[49938,0],]]
[50195,17,48,[[50196,0],[50194,0],[50451,0],[50450,0],[49939,0],]]
[50196,3,48,[[50195,0],[50197,0],[50452,0],[49940,0],]]
[50197,12,48,[[50198,0],[50196,0],[50453,0],[50452,0],[49941,0],]]
[50198,14,48,[[50197,0],[50199,0],[50454,0],[49942,0],]]
[50199,1,48,[[50200,0],[50198,0],[50455,0],[50454,0],[49943,0],]]
[50200,19,48,[[50199,0],[50201,0],[50456,0],[49944,0],]]
[50201,3,48,[[50202,0],[50200,0],[50457,0],[50456,0],[49945,0],]]
[50202,11,48,[[50201,0],[50203,0],[50458,0],[49946,0],]]
[50203,1,48,[[50204,0],[50202,0],[50459,0],[50458,0],[49947,0],]]
[50204,14,48,[[50203,0],[50205,0],[50460,0],[49948,0],]]
[50205,1,48,[[50206,0],[50204,0],[50461,0],[50460,0],[49949,0],]]
[50206,9,48,[[50205,0],[50207,0],[50462,0],[49950,0],]]
[50207,2,48,[[50208,0],[50206,0],[50463,0],[50462,0],[49951,0],]]
[50208,14,49,[[50207,0],[50209,0],[50464,0],[49952,0],]]
[50209,13,49,[[50210,0],[50208,0],[50465,0],[50464,0],[49953,0],]]
[50210,13,49,[[50209,0],[50211,0],[50466,0],[49954,0],]]
[50211,5,49,[[50212,0],[50210,0],[50467,0],[50466,0],[49955,0],]]
[50212,16,49,[[50211,0],[50213,0],[50468,0],[49956,0],]]
[50213,14,49,[[50214,0],[50212,0],[50469,0],[50468,0],[49957,0],]]
[50214,18,49,[[50213,0],[50215,0],[50470,0],[49958,0],]]
[50215,4,49,[[50216,0],[50214,0],[50471,0],[50470,0],[49959,0],]]
[50216,9,49,[[50215,0],[50217,0],[50472,0],[49960,0],]]
[50217,14,49,[[50218,0],[50216,0],[50473,0],[50472,0],[49961,0],]]
[50218,4,49,[[50217,0],[50219,0],[50474,0],[49962,0],]]
[50219,5,49,[[50220,0],[50218,0],[50475,0],[50474,0],[49963,0],]]
[50220,9,49,[[50219,0],[50221,0],[50476,0],[49964,0],]]
[50221,1,49,[[50222,0],[50220,0],[50477,0],[50476,0],[49965,0],]]
[50222,1,49,[[50221,0],[50223,0],[50478,0],[49966,0],]]
[50223,8,49,[[50224,0],[50222,0],[50479,0],[50478,0],[49967,0],]]
[50224,8,49,[[50223,0],[50225,0],[50480,0],[49968,0],]]
[50225,12,49,[[50226,0],[50224,0],[50481,0],[50480,0],[49969,0],]]
[50226,4,49,[[50225,0],[50227,0],[50482,0],[49970,0],]]
[50227,17,49,[[50228,0],[50226,0],[50483,0],[50482,0],[49971,0],]]
[50228,7,49,[[50227,0],[50229,0],[50484,0],[49972,0],]]
[50229,13,49,[[50230,0],[50228,0],[50485,0],[50484,0],[49973,0],]]
[50230,12,49,[[50229,0],[50231,0],[50486,0],[49974,0],]]
[50231,14,49,[[50232,0],[50230,0],[50487,0],[50486,0],[49975,0],]]
[50232,17,49,[[50231,0],[50233,0],[50488,0],[49976,0],]]
[50233,11,49,[[50234,0],[50232,0],[50489,0],[50488,0],[49977,0],]]
[50234,7,49,[[50233,0],[50235,0],[50490,0],[49978,0],]]
[50235,18,49,[[50236,0],[50234,0],[50491,0],[50490,0],[49979,0],]]
[50236,10,49,[[50235,0],[50237,0],[50492,0],[49980,0],]]
[50237,17,49,[[50238,0],[50236,0],[50493,0],[50492,0],[49981,0],]]
[50238,15,49,[[50237,0],[50239,0],[50494,0],[49982,0],]]
[50239,15,49,[[50240,0],[50238,0],[50495,0],[50494,0],[49983,0],]]
[50240,2,50,[[50239,0],[50241,0],[50496,0],[49984,0],]]
[50241,6,50,[[50242,0],[50240,0],[50497,0],[50496,0],[49985,0],]]
[50242,2,50,[[50241,0],[50243,0],[50498,0],[49986,0],]]
[50243,9,50,[[50244,0],[50242,0],[50499,0],[50498,0],[49987,0],]]
[50244,4,50,[[50243,0],[50245,0],[50500,0],[49988,0],]]
[50245,8,50,[[50246,0],[50244,0],[50501,0],[50500,0],[49989,0],]]
[50246,13,50,[[50245,0],[50247,0],[50502,0],[49990,0],]]
[50247,8,50,[[50248,0],[50246,0],[50503,0],[50502,0],[49991,0],]]
[50248,16,50,[[50247,0],[50249,0],[50504,0],[49992,0],]]
[50249,15,50,[[50250,0],[50248,0],[50505,0],[50504,0],[49993,0],]]
[50250,6,50,[[50249,0],[50251,0],[50506,0],[49994,0],]]
[50251,5,50,[[50252,0],[50250,0],[50507,0],[50506,0],[49995,0],]]
[50252,13,50,[[50251,0],[50253,0],[50508,0],[49996,0],]]
[50253,3,50,[[50254,0],[50252,0],[50509,0],[50508,0],[49997,0],]]
[50254,12,50,[[50253,0],[50255,0],[50510,0],[49998,0],]]
[50255,13,50,[[50256,0],[50254,0],[50511,0],[50510,0],[49999,0],]]
[50256,13,50,[[50255,0],[50257,0],[50512,0],[50000,0],]]
[50257,19,50,[[50258,0],[50256,0],[50513,0],[50512,0],[50001,0],]]
[50258,11,50,[[50257,0],[50259,0],[50514,0],[50002,0],]]
[50259,2,50,[[50260,0],[50258,0],[50515,0],[50514,0],[50003,0],]]
[50260,1,50,[[50259,0],[50261,0],[50516,0],[50004,0],]]
[50261,1,50,[[50262,0],[50260,0],[50517,0],[50516,0],[50005,0],]]
[50262,15,50,[[50261,0],[50263,0],[50518,0],[50006,0],]]
[50263,13,50,[[50264,0],[50262,0],[50519,0],[50518,0],[50007,0],]]
[50264,1,50,[[50263,0],[50265,0],[50520,0],[50008,0],]]
[50265,7,50,[[50266,0],[50264,0],[50521,0],[50520,0],[50009,0],]]
[50266,5,50,[[50265,0],[50267,0],[50522,0],[50010,0],]]
[50267,8,50,[[50268,0],[50266,0],[50523,0],[50522,0],[50011,0],]]
[50268,16,50,[[50267,0],[50269,0],[50524,0],[50012,0],]]
[50269,16,50,[[50270,0],[50268,0],[50525,0],[50524,0],[50013,0],]]
[50270,7,50,[[50269,0],[50271,0],[50526,0],[50014,0],]]
[50271,13,50,[[50272,0],[50270,0],[50527,0],[50526,0],[50015,0],]]
[50272,2,51,[[50271,0],[50273,0],[50528,0],[50016,0],]]
[50273,6,51,[[50274,0],[50272,0],[50529,0],[50528,0],[50017,0],]]
[50274,19,51,[[50273,0],[50275,0],[50530,0],[50018,0],]]
[50275,16,51,[[50276,0],[50274,0],[50531,0],[50530,0],[50019,0],]]
[50276,3,51,[[50275,0],[50277,0],[50532,0],[50020,0],]]
[50277,16,51,[[50278,0],[50276,0],[50533,0],[50532,0],[50021,0],]]
[50278,16,51,[[50277,0],[50279,0],[50534,0],[50022,0],]]
[50279,14,51,[[50280,0],[50278,0],[50535,0],[50534,0],[50023,0],]]
[50280,2,51,[[50279,0],[50281,0],[50536,0],[50024,0],]]
[50281,12,51,[[50282,0],[50280,0],[50537,0],[50536,0],[50025,0],]]
[50282,7,51,[[50281,0],[50283,0],[50538,0],[50026,0],]]
[50283,2,51,[[50284,0],[50282,0],[50539,0],[50538,0],[50027,0],]]
[50284,2,51,[[50283,0],[50285,0],[50540,0],[50028,0],]]
[50285,16,51,[[50286,0],[50284,0],[50541,0],[50540,0],[50029,0],]]
[50286,16,51,[[50285,0],[50287,0],[50542,0],[50030,0],]]
[50287,18,51,[[50288,0],[50286,0],[50543,0],[50542,0],[50031,0],]]
[50288,3,51,[[50287,0],[50289,0],[50544,0],[50032,0],]]
[50289,4,51,[[50290,0],[50288,0],[50545,0],[50544,0],[50033,0],]]
[50290,9,51,[[50289,0],[50291,0],[50546,0],[50034,0],]]
[50291,16,51,[[50292,0],[50290,0],[50547,0],[50546,0],[50035,0],]]
[50292,4,51,[[50291,0],[50293,0],[50548,0],[50036,0],]]
[50293,9,51,[[50294,0],[50292,0],[50549,0],[50548,0],[50037,0],]]
[50294,14,51,[[50293,0],[50295,0],[50550,0],[50038,0],]]
[50295,19,51,[[50296,0],[50294,0],[50551,0],[50550,0],[50039,0],]]
[50296,19,51,[[50295,0],[50297,0],[50552,0],[50040,0],]]
[50297,4,51,[[50298,0],[50296,0],[50553,0],[50552,0],[50041,0],]]
[50298,9,51,[[50297,0],[50299,0],[50554,0],[50042,0],]]
[50299,13,51,[[50300,0],[50298,0],[50555,0],[50554,0],[50043,0],]]
[50300,11,51,[[50299,0],[50301,0],[50556,0],[50044,0],]]
[50301,10,51,[[50302,0],[50300,0],[50557,0],[50556,0],[50045,0],]]
[50302,9,51,[[50301,0],[50303,0],[50558,0],[50046,0],]]
[50303,8,51,[[50304,0],[50302,0],[50559,0],[50558,0],[50047,0],]]
[50304,2,52,[[50303,0],[50305,0],[50560,0],[50048,0],]]
[50305,13,52,[[50306,0],[50304,0],[50561,0],[50560,0],[50049,0],]]
[50306,14,52,[[50305,0],[50307,0],[50562,0],[50050,0],]]
[50307,16,52,[[50308,0],[50306,0],[50563,0],[50562,0],[50051,0],]]
[50308,11,52,[[50307,0],[50309,0],[50564,0],[50052,0],]]
[50309,3,52,[[50310,0],[50308,0],[50565,0],[50564,0],[50053,0],]]
[50310,16,52,[[50309,0],[50311,0],[50566,0],[50054,0],]]
[50311,9,52,[[50312,0],[50310,0],[50567,0],[50566,0],[50055,0],]]
[50312,12,52,[[50311,0],[50313,0],[50568,0],[50056,0],]]
[50313,3,52,[[50314,0],[50312,0],[50569,0],[50568,0],[50057,0],]]
[50314,1,52,[[50313,0],[50315,0],[50570,0],[50058,0],]]
[50315,19,52,[[50316,0],[50314,0],[50571,0],[50570,0],[50059,0],]]
[50316,8,52,[[50315,0],[50317,0],[50572,0],[50060,0],]]
[50317,12,52,[[50318,0],[50316,0],[50573,0],[50572,0],[50061,0],]]
[50318,14,52,[[50317,0],[50319,0],[50574,0],[50062,0],]]
[50319,15,52,[[50320,0],[50318,0],[50575,0],[50574,0],[50063,0],]]
[50320,16,52,[[50319,0],[50321,0],[50576,0],[50064,0],]]
[50321,10,52,[[50322,0],[50320,0],[50577,0],[50576,0],[50065,0],]]
[50322,5,52,[[50321,0],[50323,0],[50578,0],[50066,0],]]
[50323,16,52,[[50324,0],[50322,0],[50579,0],[50578,0],[50067,0],]]
[50324,2,52,[[50323,0],[50325,0],[50580,0],[50068,0],]]
[50325,3,52,[[50326,0],[50324,0],[50581,0],[50580,0],[50069,0],]]
[50326,12,52,[[50325,0],[50327,0],[50582,0],[50070,0],]]
[50327,17,52,[[50328,0],[50326,0],[50583,0],[50582,0],[50071,0],]]
[50328,10,52,[[50327,0],[50329,0],[50584,0],[50072,0],]]
[50329,3,52,[[50330,0],[50328,0],[50585,0],[50584,0],[50073,0],]]
[50330,2,52,[[50329,0],[50331,0],[50586,0],[50074,0],]]
[50331,7,52,[[50332,0],[50330,0],[50587,0],[50586,0],[50075,0],]]
[50332,3,52,[[50331,0],[50333,0],[50588,0],[50076,0],]]
[50333,10,52,[[50334,0],[50332,0],[50589,0],[50588,0],[50077,0],]]
[50334,2,52,[[50333,0],[50335,0],[50590,0],[50078,0],]]
[50335,5,52,[[50336,0],[50334,0],[50591,0],[50590,0],[50079,0],]]
[50336,9,53,[[50335,0],[50337,0],[50592,0],[50080,0],]]
[50337,4,53,[[50338,0],[50336,0],[50593,0],[50592,0],[50081,0],]]
[50338,11,53,[[50337,0],[50339,0],[50594,0],[50082,0],]]
[50339,14,53,[[50340,0],[50338,0],[50595,0],[50594,0],[50083,0],]]
[50340,3,53,[[50339,0],[50341,0],[50596,0],[50084,0],]]
[50341,12,53,[[50342,0],[50340,0],[50597,0],[50596,0],[50085,0],]]
[50342,14,53,[[50341,0],[50343,0],[50598,0],[50086,0],]]
[50343,17,53,[[50344,0],[50342,0],[50599,0],[50598,0],[50087,0],]]
[50344,12,53,[[50343,0],[50345,0],[50600,0],[50088,0],]]
[50345,2,53,[[50346,0],[50344,0],[50601,0],[50600,0],[50089,0],]]
[50346,19,53,[[50345,0],[50347,0],[50602,0],[50090,0],]]
[50347,14,53,[[50348,0],[50346,0],[50603,0],[50602,0],[50091,0],]]
[50348,5,53,[[50347,0],[50349,0],[50604,0],[50092,0],]]
[50349,1,53,[[50350,0],[50348,0],[50605,0],[50604,0],[50093,0],]]
[50350,18,53,[[50349,0],[50351,0],[50606,0],[50094,0],]]
[50351,18,53,[[50352,0],[50350,0],[50607,0],[50606,0],[50095,0],]]
[50352,3,53,[[50351,0],[50353,0],[50608,0],[50096,0],]]
[50353,13,53,[[50354,0],[50352,0],[50609,0],[50608,0],[50097,0],]]
[50354,11,53,[[50353,0],[50355,0],[50610,0],[50098,0],]]
[50355,8,53,[[50356,0],[50354,0],[50611,0],[50610,0],[50099,0],]]
[50356,7,53,[[50355,0],[50357,0],[50612,0],[50100,0],]]
[50357,14,53,[[50358,0],[50356,0],[50613,0],[50612,0],[50101,0],]]
[50358,4,53,[[50357,0],[50359,0],[50614,0],[50102,0],]]
[50359,3,53,[[50360,0],[50358,0],[50615,0],[50614,0],[50103,0],]]
[50360,16,53,[[50359,0],[50361,0],[50616,0],[50104,0],]]
[50361,3,53,[[50362,0],[50360,0],[50617,0],[50616,0],[50105,0],]]
[50362,16,53,[[50361,0],[50363,0],[50618,0],[50106,0],]]
[50363,18,53,[[50364,0],[50362,0],[50619,0],[50618,0],[50107,0],]]
[50364,2,53,[[50363,0],[50365,0],[50620,0],[50108,0],]]
[50365,10,53,[[50366,0],[50364,0],[50621,0],[50620,0],[50109,0],]]
[50366,9,53,[[50365,0],[50367,0],[50622,0],[50110,0],]]
[50367,13,53,[[50368,0],[50366,0],[50623,0],[50622,0],[50111,0],]]
[50368,8,54,[[50367,0],[50369,0],[50624,0],[50112,0],]]
[50369,3,54,[[50370,0],[50368,0],[50625,0],[50624,0],[50113,0],]]
[50370,14,54,[[50369,0],[50371,0],[50626,0],[50114,0],]]
[50371,9,54,[[50372,0],[50370,0],[50627,0],[50626,0],[50115,0],]]
[50372,14,54,[[50371,0],[50373,0],[50628,0],[50116,0],]]
[50373,12,54,[[50374,0],[50372,0],[50629,0],[50628,0],[50117,0],]]
[50374,15,54,[[50373,0],[50375,0],[50630,0],[50118,0],]]
[50375,9,54,[[50376,0],[50374,0],[50631,0],[50630,0],[50119,0],]]
[50376,5,54,[[50375,0],[50377,0],[50632,0],[50120,0],]]
[50377,3,54,[[50378,0],[50376,0],[50633,0],[50632,0],[50121,0],]]
[50378,1,54,[[50377,0],[50379,0],[50634,0],[50122,0],]]
[50379,9,54,[[50380,0],[50378,0],[50635,0],[50634,0],[50123,0],]]
[50380,8,54,[[50379,0],[50381,0],[50636,0],[50124,0],]]
[50381,7,54,[[50382,0],[50380,0],[50637,0],[50636,0],[50125,0],]]
[50382,12,54,[[50381,0],[50383,0],[50638,0],[50126,0],]]
[50383,18,54,[[50384,0],[50382,0],[50639,0],[50638,0],[50127,0],]]
[50384,10,54,[[50383,0],[50385,0],[50640,0],[50128,0],]]
[50385,15,54,[[50386,0],[50384,0],[50641,0],[50640,0],[50129,0],]]
[50386,6,54,[[50385,0],[50387,0],[50642,0],[50130,0],]]
[50387,19,54,[[50388,0],[50386,0],[50643,0],[50642,0],[50131,0],]]
[50388,5,54,[[50387,0],[50389,0],[50644,0],[50132,0],]]
[50389,18,54,[[50390,0],[50388,0],[50645,0],[50644,0],[50133,0],]]
[50390,8,54,[[50389,0],[50391,0],[50646,0],[50134,0],]]
[50391,9,54,[[50392,0],[50390,0],[50647,0],[50646,0],[50135,0],]]
[50392,10,54,[[50391,0],[50393,0],[50648,0],[50136,0],]]
[50393,10,54,[[50394,0],[50392,0],[50649,0],[50648,0],[50137,0],]]
[50394,9,54,[[50393,0],[50395,0],[50650,0],[50138,0],]]
[50395,13,54,[[50396,0],[50394,0],[50651,0],[50650,0],[50139,0],]]
[50396,2,54,[[50395,0],[50397,0],[50652,0],[50140,0],]]
[50397,2,54,[[50398,0],[50396,0],[50653,0],[50652,0],[50141,0],]]
[50398,16,54,[[50397,0],[50399,0],[50654,0],[50142,0],]]
[50399,14,54,[[50400,0],[50398,0],[50655,0],[50654,0],[50143,0],]]
[50400,10,55,[[50399,0],[50401,0],[50656,0],[50144,0],]]
[50401,12,55,[[50402,0],[50400,0],[50657,0],[50656,0],[50145,0],]]
[50402,6,55,[[50401,0],[50403,0],[50658,0],[50146,0],]]
[50403,12,55,[[50404,0],[50402,0],[50659,0],[50658,0],[50147,0],]]
[50404,13,55,[[50403,0],[50405,0],[50660,0],[50148,0],]]
[50405,2,55,[[50406,0],[50404,0],[50661,0],[50660,0],[50149,0],]]
[50406,18,55,[[50405,0],[50407,0],[50662,0],[50150,0],]]
[50407,12,55,[[50408,0],[50406,0],[50663,0],[50662,0],[50151,0],]]
[50408,4,55,[[50407,0],[50409,0],[50664,0],[50152,0],]]
[50409,4,55,[[50410,0],[50408,0],[50665,0],[50664,0],[50153,0],]]
[50410,18,55,[[50409,0],[50411,0],[50666,0],[50154,0],]]
[50411,12,55,[[50412,0],[50410,0],[50667,0],[50666,0],[50155,0],]]
[50412,8,55,[[50411,0],[50413,0],[50668,0],[50156,0],]]
[50413,3,55,[[50414,0],[50412,0],[50669,0],[50668,0],[50157,0],]]
[50414,6,55,[[50413,0],[50415,0],[50670,0],[50158,0],]]
[50415,5,55,[[50416,0],[50414,0],[50671,0],[50670,0],[50159,0],]]
[50416,6,55,[[50415,0],[50417,0],[50672,0],[50160,0],]]
[50417,11,55,[[50418,0],[50416,0],[50673,0],[50672,0],[50161,0],]]
[50418,2,55,[[50417,0],[50419,0],[50674,0],[50162,0],]]
[50419,2,55,[[50420,0],[50418,0],[50675,0],[50674,0],[50163,0],]]
[50420,1,55,[[50419,0],[50421,0],[50676,0],[50164,0],]]
[50421,15,55,[[50422,0],[50420,0],[50677,0],[50676,0],[50165,0],]]
[50422,9,55,[[50421,0],[50423,0],[50678,0],[50166,0],]]
[50423,9,55,[[50424,0],[50422,0],[50679,0],[50678,0],[50167,0],]]
[50424,3,55,[[50423,0],[50425,0],[50680,0],[50168,0],]]
[50425,14,55,[[50426,0],[50424,0],[50681,0],[50680,0],[50169,0],]]
[50426,9,55,[[50425,0],[50427,0],[50682,0],[50170,0],]]
[50427,8,55,[[50428,0],[50426,0],[50683,0],[50682,0],[50171,0],]]
[50428,15,55,[[50427,0],[50429,0],[50684,0],[50172,0],]]
[50429,16,55,[[50430,0],[50428,0],[50685,0],[50684,0],[50173,0],]]
[50430,18,55,[[50429,0],[50431,0],[50686,0],[50174,0],]]
[50431,12,55,[[50430,0],[50687,0],[50686,0],[50175,0],]]
[50432,10,48,[[50433,0],[50176,0],[50177,0],[50688,0],]]
[50433,18,48,[[50434,0],[50432,0],[50177,0],[50689,0],]]
[50434,13,48,[[50433,0],[50435,0],[50178,0],[50179,0],[50690,0],]]
[50435,19,48,[[50436,0],[50434,0],[50179,0],[50691,0],]]
[50436,5,48,[[50435,0],[50437,0],[50180,0],[50181,0],[50692,0],]]
[50437,19,48,[[50438,0],[50436,0],[50181,0],[50693,0],]]
[50438,18,48,[[50437,0],[50439,0],[50182,0],[50183,0],[50694,0],]]
[50439,15,48,[[50440,0],[50438,0],[50183,0],[50695,0],]]
[50440,16,48,[[50439,0],[50441,0],[50184,0],[50185,0],[50696,0],]]
[50441,14,48,[[50442,0],[50440,0],[50185,0],[50697,0],]]
[50442,2,48,[[50441,0],[50443,0],[50186,0],[50187,0],[50698,0],]]
[50443,13,48,[[50444,0],[50442,0],[50187,0],[50699,0],]]
[50444,18,48,[[50443,0],[50445,0],[50188,0],[50189,0],[50700,0],]]
[50445,1,48,[[50446,0],[50444,0],[50189,0],[50701,0],]]
[50446,13,48,[[50445,0],[50447,0],[50190,0],[50191,0],[50702,0],]]
[50447,16,48,[[50448,0],[50446,0],[50191,0],[50703,0],]]
[50448,3,48,[[50447,0],[50449,0],[50192,0],[50193,0],[50704,0],]]
[50449,15,48,[[50450,0],[50448,0],[50193,0],[50705,0],]]
[50450,12,48,[[50449,0],[50451,0],[50194,0],[50195,0],[50706,0],]]
[50451,1,48,[[50452,0],[50450,0],[50195,0],[50707,0],]]
[50452,14,48,[[50451,0],[50453,0],[50196,0],[50197,0],[50708,0],]]
[50453,13,48,[[50454,0],[50452,0],[50197,0],[50709,0],]]
[50454,3,48,[[50453,0],[50455,0],[50198,0],[50199,0],[50710,0],]]
[50455,4,48,[[50456,0],[50454,0],[50199,0],[50711,0],]]
[50456,9,48,[[50455,0],[50457,0],[50200,0],[50201,0],[50712,0],]]
[50457,19,48,[[50458,0],[50456,0],[50201,0],[50713,0],]]
[50458,14,48,[[50457,0],[50459,0],[50202,0],[50203,0],[50714,0],]]
[50459,7,48,[[50460,0],[50458,0],[50203,0],[50715,0],]]
[50460,8,48,[[50459,0],[50461,0],[50204,0],[50205,0],[50716,0],]]
[50461,18,48,[[50462,0],[50460,0],[50205,0],[50717,0],]]
