[57671,11,58,[[57672,0],[57670,0],[57415,0],[57927,0],]]
[57672,16,58,[[57671,0],[57673,0],[57416,0],[57417,0],[57928,0],]]
[57673,8,58,[[57674,0],[57672,0],[57417,0],[57929,0],]]
[57674,11,58,[[57673,0],[57675,0],[57418,0],[57419,0],[57930,0],]]
[57675,10,58,[[57676,0],[57674,0],[57419,0],[57931,0],]]
[57676,5,58,[[57675,0],[57677,0],[57420,0],[57421,0],[57932,0],]]
[57677,13,58,[[57678,0],[57676,0],[57421,0],[57933,0],]]
[57678,11,58,[[57677,0],[57679,0],[57422,0],[57423,0],[57934,0],]]
[57679,5,58,[[57680,0],[57678,0],[57423,0],[57935,0],]]
[57680,1,58,[[57679,0],[57681,0],[57424,0],[57425,0],[57936,0],]]
[57681,14,58,[[57682,0],[57680,0],[57425,0],[57937,0],]]
[57682,16,58,[[57681,0],[57683,0],[57426,0],[57427,0],[57938,0],]]
[57683,17,58,[[57684,0],[57682,0],[57427,0],[57939,0],]]
[57684,16,58,[[57683,0],[57685,0],[57428,0],[57429,0],[57940,0],]]
[57685,7,58,[[57686,0],[57684,0],[57429,0],[57941,0],]]
[57686,5,58,[[57685,0],[57687,0],[57430,0],[57431,0],[57942,0],]]
[57687,12,58,[[57688,0],[57686,0],[57431,0],[57943,0],]]
[57688,11,58,[[57687,0],[57689,0],[57432,0],[57433,0],[57944,0],]]
[57689,11,58,[[57690,0],[57688,0],[57433,0],[57945,0],]]
[57690,17,58,[[57689,0],[57691,0],[57434,0],[57435,0],[57946,0],]]
[57691,7,58,[[57692,0],[57690,0],[57435,0],[57947,0],]]
[57692,8,58,[[57691,0],[57693,0],[57436,0],[57437,0],[57948,0],]]
[57693,10,58,[[57694,0],[57692,0],[57437,0],[57949,0],]]
[57694,1,58,[[57693,0],[57695,0],[57438,0],[57439,0],[57950,0],]]
[57695,11,58,[[57696,0],[57694,0],[57439,0],[57951,0],]]
[57696,10,59,[[57695,0],[57697,0],[57440,0],[57441,0],[57952,0],]]
[57697,1,59,[[57698,0],[57696,0],[57441,0],[57953,0],]]
[57698,14,59,[[57697,0],[57699,0],[57442,0],[57443,0],[57954,0],]]
[57699,8,59,[[57700,0],[57698,0],[57443,0],[57955,0],]]
[57700,11,59,[[57699,0],[57701,0],[57444,0],[57445,0],[57956,0],]]
[57701,2,59,[[57702,0],[57700,0],[57445,0],[57957,0],]]
[57702,4,59,[[57701,0],[57703,0],[57446,0],[57447,0],[57958,0],]]
[57703,9,59,[[57704,0],[57702,0],[57447,0],[57959,0],]]
[57704,15,59,[[57703,0],[57705,0],[57448,0],[57449,0],[57960,0],]]
[57705,9,59,[[57706,0],[57704,0],[57449,0],[57961,0],]]
[57706,16,59,[[57705,0],[57707,0],[57450,0],[57451,0],[57962,0],]]
[57707,19,59,[[57708,0],[57706,0],[57451,0],[57963,0],]]
[57708,9,59,[[57707,0],[57709,0],[57452,0],[57453,0],[57964,0],]]
[57709,10,59,[[57710,0],[57708,0],[57453,0],[57965,0],]]
[57710,10,59,[[57709,0],[57711,0],[57454,0],[57455,0],[57966,0],]]
[57711,5,59,[[57712,0],[57710,0],[57455,0],[57967,0],]]
[57712,5,59,[[57711,0],[57713,0],[57456,0],[57457,0],[57968,0],]]
[57713,16,59,[[57714,0],[57712,0],[57457,0],[57969,0],]]
[57714,19,59,[[57713,0],[57715,0],[57458,0],[57459,0],[57970,0],]]
[57715,11,59,[[57716,0],[57714,0],[57459,0],[57971,0],]]
[57716,11,59,[[57715,0],[57717,0],[57460,0],[57461,0],[57972,0],]]
[57717,13,59,[[57718,0],[57716,0],[57461,0],[57973,0],]]
[57718,10,59,[[57717,0],[57719,0],[57462,0],[57463,0],[57974,0],]]
[57719,8,59,[[57720,0],[57718,0],[57463,0],[57975,0],]]
[57720,18,59,[[57719,0],[57721,0],[57464,0],[57465,0],[57976,0],]]
[57721,18,59,[[57722,0],[57720,0],[57465,0],[57977,0],]]
[57722,14,59,[[57721,0],[57723,0],[57466,0],[57467,0],[57978,0],]]
[57723,6,59,[[57724,0],[57722,0],[57467,0],[57979,0],]]
[57724,1,59,[[57723,0],[57725,0],[57468,0],[57469,0],[57980,0],]]
[57725,7,59,[[57726,0],[57724,0],[57469,0],[57981,0],]]
[57726,10,59,[[57725,0],[57727,0],[57470,0],[57471,0],[57982,0],]]
[57727,18,59,[[57728,0],[57726,0],[57471,0],[57983,0],]]
[57728,18,60,[[57727,0],[57729,0],[57472,0],[57473,0],[57984,0],]]
[57729,11,60,[[57730,0],[57728,0],[57473,0],[57985,0],]]
[57730,5,60,[[57729,0],[57731,0],[57474,0],[57475,0],[57986,0],]]
[57731,8,60,[[57732,0],[57730,0],[57475,0],[57987,0],]]
[57732,17,60,[[57731,0],[57733,0],[57476,0],[57477,0],[57988,0],]]
[57733,3,60,[[57734,0],[57732,0],[57477,0],[57989,0],]]
[57734,9,60,[[57733,0],[57735,0],[57478,0],[57479,0],[57990,0],]]
[57735,4,60,[[57736,0],[57734,0],[57479,0],[57991,0],]]
[57736,10,60,[[57735,0],[57737,0],[57480,0],[57481,0],[57992,0],]]
[57737,15,60,[[57738,0],[57736,0],[57481,0],[57993,0],]]
[57738,14,60,[[57737,0],[57739,0],[57482,0],[57483,0],[57994,0],]]
[57739,14,60,[[57740,0],[57738,0],[57483,0],[57995,0],]]
[57740,12,60,[[57739,0],[57741,0],[57484,0],[57485,0],[57996,0],]]
[57741,12,60,[[57742,0],[57740,0],[57485,0],[57997,0],]]
[57742,14,60,[[57741,0],[57743,0],[57486,0],[57487,0],[57998,0],]]
[57743,2,60,[[57744,0],[57742,0],[57487,0],[57999,0],]]
[57744,9,60,[[57743,0],[57745,0],[57488,0],[57489,0],[58000,0],]]
[57745,12,60,[[57746,0],[57744,0],[57489,0],[58001,0],]]
[57746,12,60,[[57745,0],[57747,0],[57490,0],[57491,0],[58002,0],]]
[57747,3,60,[[57748,0],[57746,0],[57491,0],[58003,0],]]
[57748,8,60,[[57747,0],[57749,0],[57492,0],[57493,0],[58004,0],]]
[57749,18,60,[[57750,0],[57748,0],[57493,0],[58005,0],]]
[57750,10,60,[[57749,0],[57751,0],[57494,0],[57495,0],[58006,0],]]
[57751,1,60,[[57752,0],[57750,0],[57495,0],[58007,0],]]
[57752,12,60,[[57751,0],[57753,0],[57496,0],[57497,0],[58008,0],]]
[57753,17,60,[[57754,0],[57752,0],[57497,0],[58009,0],]]
[57754,3,60,[[57753,0],[57755,0],[57498,0],[57499,0],[58010,0],]]
[57755,16,60,[[57756,0],[57754,0],[57499,0],[58011,0],]]
[57756,11,60,[[57755,0],[57757,0],[57500,0],[57501,0],[58012,0],]]
[57757,17,60,[[57758,0],[57756,0],[57501,0],[58013,0],]]
[57758,4,60,[[57757,0],[57759,0],[57502,0],[57503,0],[58014,0],]]
[57759,1,60,[[57760,0],[57758,0],[57503,0],[58015,0],]]
[57760,16,61,[[57759,0],[57761,0],[57504,0],[57505,0],[58016,0],]]
[57761,2,61,[[57762,0],[57760,0],[57505,0],[58017,0],]]
[57762,1,61,[[57761,0],[57763,0],[57506,0],[57507,0],[58018,0],]]
[57763,17,61,[[57764,0],[57762,0],[57507,0],[58019,0],]]
[57764,7,61,[[57763,0],[57765,0],[57508,0],[57509,0],[58020,0],]]
[57765,4,61,[[57766,0],[57764,0],[57509,0],[58021,0],]]
[57766,10,61,[[57765,0],[57767,0],[57510,0],[57511,0],[58022,0],]]
[57767,6,61,[[57768,0],[57766,0],[57511,0],[58023,0],]]
[57768,9,61,[[57767,0],[57769,0],[57512,0],[57513,0],[58024,0],]]
[57769,9,61,[[57770,0],[57768,0],[57513,0],[58025,0],]]
[57770,10,61,[[57769,0],[57771,0],[57514,0],[57515,0],[58026,0],]]
[57771,11,61,[[57772,0],[57770,0],[57515,0],[58027,0],]]
[57772,15,61,[[57771,0],[57773,0],[57516,0],[57517,0],[58028,0],]]
[57773,4,61,[[57774,0],[57772,0],[57517,0],[58029,0],]]
[57774,2,61,[[57773,0],[57775,0],[57518,0],[57519,0],[58030,0],]]
[57775,16,61,[[57776,0],[57774,0],[57519,0],[58031,0],]]
[57776,4,61,[[57775,0],[57777,0],[57520,0],[57521,0],[58032,0],]]
[57777,9,61,[[57778,0],[57776,0],[57521,0],[58033,0],]]
[57778,15,61,[[57777,0],[57779,0],[57522,0],[57523,0],[58034,0],]]
[57779,9,61,[[57780,0],[57778,0],[57523,0],[58035,0],]]
[57780,15,61,[[57779,0],[57781,0],[57524,0],[57525,0],[58036,0],]]
[57781,16,61,[[57782,0],[57780,0],[57525,0],[58037,0],]]
[57782,6,61,[[57781,0],[57783,0],[57526,0],[57527,0],[58038,0],]]
[57783,16,61,[[57784,0],[57782,0],[57527,0],[58039,0],]]
[57784,10,61,[[57783,0],[57785,0],[57528,0],[57529,0],[58040,0],]]
[57785,1,61,[[57786,0],[57784,0],[57529,0],[58041,0],]]
[57786,18,61,[[57785,0],[57787,0],[57530,0],[57531,0],[58042,0],]]
[57787,8,61,[[57788,0],[57786,0],[57531,0],[58043,0],]]
[57788,8,61,[[57787,0],[57789,0],[57532,0],[57533,0],[58044,0],]]
[57789,19,61,[[57790,0],[57788,0],[57533,0],[58045,0],]]
[57790,11,61,[[57789,0],[57791,0],[57534,0],[57535,0],[58046,0],]]
[57791,11,61,[[57792,0],[57790,0],[57535,0],[58047,0],]]
[57792,12,62,[[57791,0],[57793,0],[57536,0],[57537,0],[58048,0],]]
[57793,13,62,[[57794,0],[57792,0],[57537,0],[58049,0],]]
[57794,13,62,[[57793,0],[57795,0],[57538,0],[57539,0],[58050,0],]]
[57795,2,62,[[57796,0],[57794,0],[57539,0],[58051,0],]]
[57796,7,62,[[57795,0],[57797,0],[57540,0],[57541,0],[58052,0],]]
[57797,1,62,[[57798,0],[57796,0],[57541,0],[58053,0],]]
[57798,18,62,[[57797,0],[57799,0],[57542,0],[57543,0],[58054,0],]]
[57799,17,62,[[57800,0],[57798,0],[57543,0],[58055,0],]]
[57800,9,62,[[57799,0],[57801,0],[57544,0],[57545,0],[58056,0],]]
[57801,14,62,[[57802,0],[57800,0],[57545,0],[58057,0],]]
[57802,2,62,[[57801,0],[57803,0],[57546,0],[57547,0],[58058,0],]]
[57803,5,62,[[57804,0],[57802,0],[57547,0],[58059,0],]]
[57804,9,62,[[57803,0],[57805,0],[57548,0],[57549,0],[58060,0],]]
[57805,6,62,[[57806,0],[57804,0],[57549,0],[58061,0],]]
[57806,14,62,[[57805,0],[57807,0],[57550,0],[57551,0],[58062,0],]]
[57807,7,62,[[57808,0],[57806,0],[57551,0],[58063,0],]]
[57808,15,62,[[57807,0],[57809,0],[57552,0],[57553,0],[58064,0],]]
[57809,14,62,[[57810,0],[57808,0],[57553,0],[58065,0],]]
[57810,18,62,[[57809,0],[57811,0],[57554,0],[57555,0],[58066,0],]]
[57811,8,62,[[57812,0],[57810,0],[57555,0],[58067,0],]]
[57812,6,62,[[57811,0],[57813,0],[57556,0],[57557,0],[58068,0],]]
[57813,4,62,[[57814,0],[57812,0],[57557,0],[58069,0],]]
[57814,8,62,[[57813,0],[57815,0],[57558,0],[57559,0],[58070,0],]]
[57815,14,62,[[57816,0],[57814,0],[57559,0],[58071,0],]]
[57816,19,62,[[57815,0],[57817,0],[57560,0],[57561,0],[58072,0],]]
[57817,16,62,[[57818,0],[57816,0],[57561,0],[58073,0],]]
[57818,10,62,[[57817,0],[57819,0],[57562,0],[57563,0],[58074,0],]]
[57819,3,62,[[57820,0],[57818,0],[57563,0],[58075,0],]]
[57820,10,62,[[57819,0],[57821,0],[57564,0],[57565,0],[58076,0],]]
[57821,13,62,[[57822,0],[57820,0],[57565,0],[58077,0],]]
[57822,11,62,[[57821,0],[57823,0],[57566,0],[57567,0],[58078,0],]]
[57823,19,62,[[57824,0],[57822,0],[57567,0],[58079,0],]]
[57824,14,63,[[57823,0],[57825,0],[57568,0],[57569,0],[58080,0],]]
[57825,7,63,[[57826,0],[57824,0],[57569,0],[58081,0],]]
[57826,13,63,[[57825,0],[57827,0],[57570,0],[57571,0],[58082,0],]]
[57827,2,63,[[57828,0],[57826,0],[57571,0],[58083,0],]]
[57828,12,63,[[57827,0],[57829,0],[57572,0],[57573,0],[58084,0],]]
[57829,3,63,[[57830,0],[57828,0],[57573,0],[58085,0],]]
[57830,4,63,[[57829,0],[57831,0],[57574,0],[57575,0],[58086,0],]]
[57831,3,63,[[57832,0],[57830,0],[57575,0],[58087,0],]]
[57832,18,63,[[57831,0],[57833,0],[57576,0],[57577,0],[58088,0],]]
[57833,4,63,[[57834,0],[57832,0],[57577,0],[58089,0],]]
[57834,8,63,[[57833,0],[57835,0],[57578,0],[57579,0],[58090,0],]]
[57835,5,63,[[57836,0],[57834,0],[57579,0],[58091,0],]]
[57836,13,63,[[57835,0],[57837,0],[57580,0],[57581,0],[58092,0],]]
[57837,7,63,[[57838,0],[57836,0],[57581,0],[58093,0],]]
[57838,11,63,[[57837,0],[57839,0],[57582,0],[57583,0],[58094,0],]]
[57839,14,63,[[57840,0],[57838,0],[57583,0],[58095,0],]]
[57840,8,63,[[57839,0],[57841,0],[57584,0],[57585,0],[58096,0],]]
[57841,18,63,[[57842,0],[57840,0],[57585,0],[58097,0],]]
[57842,6,63,[[57841,0],[57843,0],[57586,0],[57587,0],[58098,0],]]
[57843,4,63,[[57844,0],[57842,0],[57587,0],[58099,0],]]
[57844,17,63,[[57843,0],[57845,0],[57588,0],[57589,0],[58100,0],]]
[57845,19,63,[[57846,0],[57844,0],[57589,0],[58101,0],]]
[57846,8,63,[[57845,0],[57847,0],[57590,0],[57591,0],[58102,0],]]
[57847,9,63,[[57848,0],[57846,0],[57591,0],[58103,0],]]
[57848,13,63,[[57847,0],[57849,0],[57592,0],[57593,0],[58104,0],]]
[57849,5,63,[[57850,0],[57848,0],[57593,0],[58105,0],]]
[57850,1,63,[[57849,0],[57851,0],[57594,0],[57595,0],[58106,0],]]
[57851,14,63,[[57852,0],[57850,0],[57595,0],[58107,0],]]
[57852,1,63,[[57851,0],[57853,0],[57596,0],[57597,0],[58108,0],]]
[57853,15,63,[[57854,0],[57852,0],[57597,0],[58109,0],]]
[57854,15,63,[[57853,0],[57855,0],[57598,0],[57599,0],[58110,0],]]
[57855,12,63,[[57854,0],[57599,0],[58111,0],]]
[57856,6,56,[[57857,0],[58112,0],[57600,0],]]
[57857,7,56,[[57858,0],[57856,0],[58113,0],[58112,0],[57601,0],]]
[57858,3,56,[[57857,0],[57859,0],[58114,0],[57602,0],]]
[57859,7,56,[[57860,0],[57858,0],[58115,0],[58114,0],[57603,0],]]
[57860,15,56,[[57859,0],[57861,0],[58116,0],[57604,0],]]
[57861,1,56,[[57862,0],[57860,0],[58117,0],[58116,0],[57605,0],]]
[57862,12,56,[[57861,0],[57863,0],[58118,0],[57606,0],]]
[57863,15,56,[[57864,0],[57862,0],[58119,0],[58118,0],[57607,0],]]
[57864,12,56,[[57863,0],[57865,0],[58120,0],[57608,0],]]
[57865,16,56,[[57866,0],[57864,0],[58121,0],[58120,0],[57609,0],]]
[57866,6,56,[[57865,0],[57867,0],[58122,0],[57610,0],]]
[57867,3,56,[[57868,0],[57866,0],[58123,0],[58122,0],[57611,0],]]
[57868,3,56,[[57867,0],[57869,0],[58124,0],[57612,0],]]
[57869,17,56,[[57870,0],[57868,0],[58125,0],[58124,0],[57613,0],]]
[57870,4,56,[[57869,0],[57871,0],[58126,0],[57614,0],]]
[57871,14,56,[[57872,0],[57870,0],[58127,0],[58126,0],[57615,0],]]
[57872,4,56,[[57871,0],[57873,0],[58128,0],[57616,0],]]
[57873,15,56,[[57874,0],[57872,0],[58129,0],[58128,0],[57617,0],]]
[57874,2,56,[[57873,0],[57875,0],[58130,0],[57618,0],]]
[57875,9,56,[[57876,0],[57874,0],[58131,0],[58130,0],[57619,0],]]
[57876,12,56,[[57875,0],[57877,0],[58132,0],[57620,0],]]
[57877,12,56,[[57878,0],[57876,0],[58133,0],[58132,0],[57621,0],]]
[57878,18,56,[[57877,0],[57879,0],[58134,0],[57622,0],]]
[57879,3,56,[[57880,0],[57878,0],[58135,0],[58134,0],[57623,0],]]
[57880,18,56,[[57879,0],[57881,0],[58136,0],[57624,0],]]
[57881,15,56,[[57882,0],[57880,0],[58137,0],[58136,0],[57625,0],]]
[57882,14,56,[[57881,0],[57883,0],[58138,0],[57626,0],]]
[57883,7,56,[[57884,0],[57882,0],[58139,0],[58138,0],[57627,0],]]
[57884,1,56,[[57883,0],[57885,0],[58140,0],[57628,0],]]
[57885,6,56,[[57886,0],[57884,0],[58141,0],[58140,0],[57629,0],]]
[57886,10,56,[[57885,0],[57887,0],[58142,0],[57630,0],]]
[57887,15,56,[[57888,0],[57886,0],[58143,0],[58142,0],[57631,0],]]
[57888,7,57,[[57887,0],[57889,0],[58144,0],[57632,0],]]
[57889,6,57,[[57890,0],[57888,0],[58145,0],[58144,0],[57633,0],]]
[57890,12,57,[[57889,0],[57891,0],[58146,0],[57634,0],]]
[57891,9,57,[[57892,0],[57890,0],[58147,0],[58146,0],[57635,0],]]
[57892,19,57,[[57891,0],[57893,0],[58148,0],[57636,0],]]
[57893,9,57,[[57894,0],[57892,0],[58149,0],[58148,0],[57637,0],]]
[57894,2,57,[[57893,0],[57895,0],[58150,0],[57638,0],]]
[57895,3,57,[[57896,0],[57894,0],[58151,0],[58150,0],[57639,0],]]
[57896,15,57,[[57895,0],[57897,0],[58152,0],[57640,0],]]
[57897,13,57,[[57898,0],[57896,0],[58153,0],[58152,0],[57641,0],]]
[57898,4,57,[[57897,0],[57899,0],[58154,0],[57642,0],]]
[57899,16,57,[[57900,0],[57898,0],[58155,0],[58154,0],[57643,0],]]
[57900,19,57,[[57899,0],[57901,0],[58156,0],[57644,0],]]
[57901,3,57,[[57902,0],[57900,0],[58157,0],[58156,0],[57645,0],]]
[57902,18,57,[[57901,0],[57903,0],[58158,0],[57646,0],]]
[57903,18,57,[[57904,0],[57902,0],[58159,0],[58158,0],[57647,0],]]
[57904,15,57,[[57903,0],[57905,0],[58160,0],[57648,0],]]
[57905,18,57,[[57906,0],[57904,0],[58161,0],[58160,0],[57649,0],]]
[57906,10,57,[[57905,0],[57907,0],[58162,0],[57650,0],]]
[57907,8,57,[[57908,0],[57906,0],[58163,0],[58162,0],[57651,0],]]
[57908,9,57,[[57907,0],[57909,0],[58164,0],[57652,0],]]
[57909,10,57,[[57910,0],[57908,0],[58165,0],[58164,0],[57653,0],]]
[57910,10,57,[[57909,0],[57911,0],[58166,0],[57654,0],]]
[57911,14,57,[[57912,0],[57910,0],[58167,0],[58166,0],[57655,0],]]
[57912,13,57,[[57911,0],[57913,0],[58168,0],[57656,0],]]
[57913,10,57,[[57914,0],[57912,0],[58169,0],[58168,0],[57657,0],]]
[57914,17,57,[[57913,0],[57915,0],[58170,0],[57658,0],]]
[57915,15,57,[[57916,0],[57914,0],[58171,0],[58170,0],[57659,0],]]
[57916,7,57,[[57915,0],[57917,0],[58172,0],[57660,0],]]
[57917,18,57,[[57918,0],[57916,0],[58173,0],[58172,0],[57661,0],]]
[57918,8,57,[[57917,0],[57919,0],[58174,0],[57662,0],]]
[57919,8,57,[[57920,0],[57918,0],[58175,0],[58174,0],[57663,0],]]
[57920,2,58,[[57919,0],[57921,0],[58176,0],[57664,0],]]
[57921,1,58,[[57922,0],[57920,0],[58177,0],[58176,0],[57665,0],]]
[57922,12,58,[[57921,0],[57923,0],[58178,0],[57666,0],]]
[57923,14,58,[[57924,0],[57922,0],[58179,0],[58178,0],[57667,0],]]
[57924,4,58,[[57923,0],[57925,0],[58180,0],[57668,0],]]
[57925,11,58,[[57926,0],[57924,0],[58181,0],[58180,0],[57669,0],]]
[57926,3,58,[[57925,0],[57927,0],[58182,0],[57670,0],]]
[57927,2,58,[[57928,0],[57926,0],[58183,0],[58182,0],[57671,0],]]
[57928,2,58,[[57927,0],[57929,0],[58184,0],[57672,0],]]
[57929,8,58,[[57930,0],[57928,0],[58185,0],[58184,0],[57673,0],]]
[57930,18,58,[[57929,0],[57931,0],[58186,0],[57674,0],]]
[57931,16,58,[[57932,0],[57930,0],[58187,0],[58186,0],[57675,0],]]
[57932,16,58,[[57931,0],[57933,0],[58188,0],[57676,0],]]
[57933,3,58,[[57934,0],[57932,0],[58189,0],[58188,0],[57677,0],]]
[57934,16,58,[[57933,0],[57935,0],[58190,0],[57678,0],]]
[57935,19,58,[[57936,0],[57934,0],[58191,0],[58190,0],[57679,0],]]
[57936,10,58,[[57935,0],[57937,0],[58192,0],[57680,0],]]
[57937,16,58,[[57938,0],[57936,0],[58193,0],[58192,0],[57681,0],]]
[57938,7,58,[[57937,0],[57939,0],[58194,0],[57682,0],]]
[57939,5,58,[[57940,0],[57938,0],[58195,0],[58194,0],[57683,0],]]
[57940,3,58,[[57939,0],[57941,0],[58196,0],[57684,0],]]
[57941,16,58,[[57942,0],[57940,0],[58197,0],[58196,0],[57685,0],]]
[57942,4,58,[[57941,0],[57943,0],[58198,0],[57686,0],]]
[57943,16,58,[[57944,0],[57942,0],[58199,0],[58198,0],[57687,0],]]
[57944,15,58,[[57943,0],[57945,0],[58200,0],[57688,0],]]
[57945,6,58,[[57946,0],[57944,0],[58201,0],[58200,0],[57689,0],]]
[57946,7,58,[[57945,0],[57947,0],[58202,0],[57690,0],]]
[57947,12,58,[[57948,0],[57946,0],[58203,0],[58202,0],[57691,0],]]
[57948,13,58,[[57947,0],[57949,0],[58204,0],[57692,0],]]
[57949,9,58,[[57950,0],[57948,0],[58205,0],[58204,0],[57693,0],]]
[57950,18,58,[[57949,0],[57951,0],[58206,0],[57694,0],]]
[57951,14,58,[[57952,0],[57950,0],[58207,0],[58206,0],[57695,0],]]
[57952,16,59,[[57951,0],[57953,0],[58208,0],[57696,0],]]
[57953,4,59,[[57954,0],[57952,0],[58209,0],[58208,0],[57697,0],]]
[57954,16,59,[[57953,0],[57955,0],[58210,0],[57698,0],]]
[57955,11,59,[[57956,0],[57954,0],[58211,0],[58210,0],[57699,0],]]
[57956,2,59,[[57955,0],[57957,0],[58212,0],[57700,0],]]
[57957,10,59,[[57958,0],[57956,0],[58213,0],[58212,0],[57701,0],]]
[57958,2,59,[[57957,0],[57959,0],[58214,0],[57702,0],]]
[57959,17,59,[[57960,0],[57958,0],[58215,0],[58214,0],[57703,0],]]
[57960,18,59,[[57959,0],[57961,0],[58216,0],[57704,0],]]
[57961,10,59,[[57962,0],[57960,0],[58217,0],[58216,0],[57705,0],]]
[57962,11,59,[[57961,0],[57963,0],[58218,0],[57706,0],]]
[57963,11,59,[[57964,0],[57962,0],[58219,0],[58218,0],[57707,0],]]
[57964,16,59,[[57963,0],[57965,0],[58220,0],[57708,0],]]
[57965,13,59,[[57966,0],[57964,0],[58221,0],[58220,0],[57709,0],]]
[57966,7,59,[[57965,0],[57967,0],[58222,0],[57710,0],]]
[57967,10,59,[[57968,0],[57966,0],[58223,0],[58222,0],[57711,0],]]
[57968,6,59,[[57967,0],[57969,0],[58224,0],[57712,0],]]
[57969,10,59,[[57970,0],[57968,0],[58225,0],[58224,0],[57713,0],]]
[57970,19,59,[[57969,0],[57971,0],[58226,0],[57714,0],]]
[57971,15,59,[[57972,0],[57970,0],[58227,0],[58226,0],[57715,0],]]
[57972,1,59,[[57971,0],[57973,0],[58228,0],[57716,0],]]
[57973,2,59,[[57974,0],[57972,0],[58229,0],[58228,0],[57717,0],]]
[57974,7,59,[[57973,0],[57975,0],[58230,0],[57718,0],]]
[57975,1,59,[[57976,0],[57974,0],[58231,0],[58230,0],[57719,0],]]
[57976,19,59,[[57975,0],[57977,0],[58232,0],[57720,0],]]
[57977,17,59,[[57978,0],[57976,0],[58233,0],[58232,0],[57721,0],]]
[57978,16,59,[[57977,0],[57979,0],[58234,0],[57722,0],]]
[57979,19,59,[[57980,0],[57978,0],[58235,0],[58234,0],[57723,0],]]
[57980,17,59,[[57979,0],[57981,0],[58236,0],[57724,0],]]
[57981,4,59,[[57982,0],[57980,0],[58237,0],[58236,0],[57725,0],]]
[57982,18,59,[[57981,0],[57983,0],[58238,0],[57726,0],]]
[57983,11,59,[[57984,0],[57982,0],[58239,0],[58238,0],[57727,0],]]
[57984,13,60,[[57983,0],[57985,0],[58240,0],[57728,0],]]
[57985,15,60,[[57986,0],[57984,0],[58241,0],[58240,0],[57729,0],]]
[57986,9,60,[[57985,0],[57987,0],[58242,0],[57730,0],]]
[57987,1,60,[[57988,0],[57986,0],[58243,0],[58242,0],[57731,0],]]
[57988,2,60,[[57987,0],[57989,0],[58244,0],[57732,0],]]
[57989,7,60,[[57990,0],[57988,0],[58245,0],[58244,0],[57733,0],]]
[57990,19,60,[[57989,0],[57991,0],[58246,0],[57734,0],]]
[57991,17,60,[[57992,0],[57990,0],[58247,0],[58246,0],[57735,0],]]
[57992,6,60,[[57991,0],[57993,0],[58248,0],[57736,0],]]
[57993,18,60,[[57994,0],[57992,0],[58249,0],[58248,0],[57737,0],]]
[57994,4,60,[[57993,0],[57995,0],[58250,0],[57738,0],]]
[57995,18,60,[[57996,0],[57994,0],[58251,0],[58250,0],[57739,0],]]
[57996,14,60,[[57995,0],[57997,0],[58252,0],[57740,0],]]
[57997,4,60,[[57998,0],[57996,0],[58253,0],[58252,0],[57741,0],]]
[57998,15,60,[[57997,0],[57999,0],[58254,0],[57742,0],]]
[57999,6,60,[[58000,0],[57998,0],[58255,0],[58254,0],[57743,0],]]
[58000,8,60,[[57999,0],[58001,0],[58256,0],[57744,0],]]
[58001,13,60,[[58002,0],[58000,0],[58257,0],[58256,0],[57745,0],]]
[58002,19,60,[[58001,0],[58003,0],[58258,0],[57746,0],]]
[58003,17,60,[[58004,0],[58002,0],[58259,0],[58258,0],[57747,0],]]
[58004,13,60,[[58003,0],[58005,0],[58260,0],[57748,0],]]
[58005,12,60,[[58006,0],[58004,0],[58261,0],[58260,0],[57749,0],]]
[58006,2,60,[[58005,0],[58007,0],[58262,0],[57750,0],]]
[58007,18,60,[[58008,0],[58006,0],[58263,0],[58262,0],[57751,0],]]
[58008,7,60,[[58007,0],[58009,0],[58264,0],[57752,0],]]
[58009,7,60,[[58010,0],[58008,0],[58265,0],[58264,0],[57753,0],]]
[58010,18,60,[[58009,0],[58011,0],[58266,0],[57754,0],]]
[58011,12,60,[[58012,0],[58010,0],[58267,0],[58266,0],[57755,0],]]
[58012,18,60,[[58011,0],[58013,0],[58268,0],[57756,0],]]
[58013,15,60,[[58014,0],[58012,0],[58269,0],[58268,0],[57757,0],]]
[58014,1,60,[[58013,0],[58015,0],[58270,0],[57758,0],]]
[58015,2,60,[[58016,0],[58014,0],[58271,0],[58270,0],[57759,0],]]
[58016,9,61,[[58015,0],[58017,0],[58272,0],[57760,0],]]
[58017,15,61,[[58018,0],[58016,0],[58273,0],[58272,0],[57761,0],]]
[58018,16,61,[[58017,0],[58019,0],[58274,0],[57762,0],]]
[58019,17,61,[[58020,0],[58018,0],[58275,0],[58274,0],[57763,0],]]
[58020,9,61,[[58019,0],[58021,0],[58276,0],[57764,0],]]
[58021,17,61,[[58022,0],[58020,0],[58277,0],[58276,0],[57765,0],]]
[58022,9,61,[[58021,0],[58023,0],[58278,0],[57766,0],]]
[58023,3,61,[[58024,0],[58022,0],[58279,0],[58278,0],[57767,0],]]
[58024,4,61,[[58023,0],[58025,0],[58280,0],[57768,0],]]
[58025,11,61,[[58026,0],[58024,0],[58281,0],[58280,0],[57769,0],]]
[58026,15,61,[[58025,0],[58027,0],[58282,0],[57770,0],]]
[58027,9,61,[[58028,0],[58026,0],[58283,0],[58282,0],[57771,0],]]
[58028,5,61,[[58027,0],[58029,0],[58284,0],[57772,0],]]
[58029,15,61,[[58030,0],[58028,0],[58285,0],[58284,0],[57773,0],]]
[58030,17,61,[[58029,0],[58031,0],[58286,0],[57774,0],]]
[58031,12,61,[[58032,0],[58030,0],[58287,0],[58286,0],[57775,0],]]
[58032,18,61,[[58031,0],[58033,0],[58288,0],[57776,0],]]
[58033,18,61,[[58034,0],[58032,0],[58289,0],[58288,0],[57777,0],]]
[58034,9,61,[[58033,0],[58035,0],[58290,0],[57778,0],]]
[58035,1,61,[[58036,0],[58034,0],[58291,0],[58290,0],[57779,0],]]
[58036,14,61,[[58035,0],[58037,0],[58292,0],[57780,0],]]
[58037,5,61,[[58038,0],[58036,0],[58293,0],[58292,0],[57781,0],]]
[58038,1,61,[[58037,0],[58039,0],[58294,0],[57782,0],]]
[58039,12,61,[[58040,0],[58038,0],[58295,0],[58294,0],[57783,0],]]
[58040,1,61,[[58039,0],[58041,0],[58296,0],[57784,0],]]
[58041,4,61,[[58042,0],[58040,0],[58297,0],[58296,0],[57785,0],]]
[58042,17,61,[[58041,0],[58043,0],[58298,0],[57786,0],]]
[58043,8,61,[[58044,0],[58042,0],[58299,0],[58298,0],[57787,0],]]
[58044,16,61,[[58043,0],[58045,0],[58300,0],[57788,0],]]
[58045,19,61,[[58046,0],[58044,0],[58301,0],[58300,0],[57789,0],]]
[58046,4,61,[[58045,0],[58047,0],[58302,0],[57790,0],]]
[58047,9,61,[[58048,0],[58046,0],[58303,0],[58302,0],[57791,0],]]
[58048,6,62,[[58047,0],[58049,0],[58304,0],[57792,0],]]
[58049,17,62,[[58050,0],[58048,0],[58305,0],[58304,0],[57793,0],]]
[58050,9,62,[[58049,0],[58051,0],[58306,0],[57794,0],]]
[58051,17,62,[[58052,0],[58050,0],[58307,0],[58306,0],[57795,0],]]
[58052,6,62,[[58051,0],[58053,0],[58308,0],[57796,0],]]
[58053,13,62,[[58054,0],[58052,0],[58309,0],[58308,0],[57797,0],]]
[58054,9,62,[[58053,0],[58055,0],[58310,0],[57798,0],]]
[58055,7,62,[[58056,0],[58054,0],[58311,0],[58310,0],[57799,0],]]
[58056,14,62,[[58055,0],[58057,0],[58312,0],[57800,0],]]
[58057,13,62,[[58058,0],[58056,0],[58313,0],[58312,0],[57801,0],]]
[58058,18,62,[[58057,0],[58059,0],[58314,0],[57802,0],]]
[58059,5,62,[[58060,0],[58058,0],[58315,0],[58314,0],[57803,0],]]
[58060,14,62,[[58059,0],[58061,0],[58316,0],[57804,0],]]
[58061,5,62,[[58062,0],[58060,0],[58317,0],[58316,0],[57805,0],]]
[58062,18,62,[[58061,0],[58063,0],[58318,0],[57806,0],]]
[58063,6,62,[[58064,0],[58062,0],[58319,0],[58318,0],[57807,0],]]
[58064,11,62,[[58063,0],[58065,0],[58320,0],[57808,0],]]
[58065,14,62,[[58066,0],[58064,0],[58321,0],[58320,0],[57809,0],]]
[58066,1,62,[[58065,0],[58067,0],[58322,0],[57810,0],]]
[58067,1,62,[[58068,0],[58066,0],[58323,0],[58322,0],[57811,0],]]
[58068,3,62,[[58067,0],[58069,0],[58324,0],[57812,0],]]
[58069,10,62,[[58070,0],[58068,0],[58325,0],[58324,0],[57813,0],]]
[58070,13,62,[[58069,0],[58071,0],[58326,0],[57814,0],]]
[58071,18,62,[[58072,0],[58070,0],[58327,0],[58326,0],[57815,0],]]
[58072,6,62,[[58071,0],[58073,0],[58328,0],[57816,0],]]
[58073,12,62,[[58074,0],[58072,0],[58329,0],[58328,0],[57817,0],]]
[58074,17,62,[[58073,0],[58075,0],[58330,0],[57818,0],]]
[58075,4,62,[[58076,0],[58074,0],[58331,0],[58330,0],[57819,0],]]
[58076,9,62,[[58075,0],[58077,0],[58332,0],[57820,0],]]
[58077,11,62,[[58078,0],[58076,0],[58333,0],[58332,0],[57821,0],]]
[58078,6,62,[[58077,0],[58079,0],[58334,0],[57822,0],]]
[58079,15,62,[[58080,0],[58078,0],[58335,0],[58334,0],[57823,0],]]
[58080,17,63,[[58079,0],[58081,0],[58336,0],[57824,0],]]
[58081,11,63,[[58082,0],[58080,0],[58337,0],[58336,0],[57825,0],]]
[58082,12,63,[[58081,0],[58083,0],[58338,0],[57826,0],]]
[58083,6,63,[[58084,0],[58082,0],[58339,0],[58338,0],[57827,0],]]
[58084,6,63,[[58083,0],[58085,0],[58340,0],[57828,0],]]
[58085,15,63,[[58086,0],[58084,0],[58341,0],[58340,0],[57829,0],]]
[58086,11,63,[[58085,0],[58087,0],[58342,0],[57830,0],]]
[58087,1,63,[[58088,0],[58086,0],[58343,0],[58342,0],[57831,0],]]
[58088,6,63,[[58087,0],[58089,0],[58344,0],[57832,0],]]
[58089,17,63,[[58090,0],[58088,0],[58345,0],[58344,0],[57833,0],]]
[58090,17,63,[[58089,0],[58091,0],[58346,0],[57834,0],]]
[58091,9,63,[[58092,0],[58090,0],[58347,0],[58346,0],[57835,0],]]
[58092,4,63,[[58091,0],[58093,0],[58348,0],[57836,0],]]
[58093,10,63,[[58094,0],[58092,0],[58349,0],[58348,0],[57837,0],]]
[58094,16,63,[[58093,0],[58095,0],[58350,0],[57838,0],]]
[58095,7,63,[[58096,0],[58094,0],[58351,0],[58350,0],[57839,0],]]
[58096,2,63,[[58095,0],[58097,0],[58352,0],[57840,0],]]
[58097,10,63,[[58098,0],[58096,0],[58353,0],[58352,0],[57841,0],]]
[58098,4,63,[[58097,0],[58099,0],[58354,0],[57842,0],]]
[58099,16,63,[[58100,0],[58098,0],[58355,0],[58354,0],[57843,0],]]
[58100,19,63,[[58099,0],[58101,0],[58356,0],[57844,0],]]
[58101,7,63,[[58102,0],[58100,0],[58357,0],[58356,0],[57845,0],]]
[58102,13,63,[[58101,0],[58103,0],[58358,0],[57846,0],]]
[58103,6,63,[[58104,0],[58102,0],[58359,0],[58358,0],[57847,0],]]
[58104,10,63,[[58103,0],[58105,0],[58360,0],[57848,0],]]
[58105,16,63,[[58106,0],[58104,0],[58361,0],[58360,0],[57849,0],]]
[58106,12,63,[[58105,0],[58107,0],[58362,0],[57850,0],]]
[58107,3,63,[[58108,0],[58106,0],[58363,0],[58362,0],[57851,0],]]
[58108,12,63,[[58107,0],[58109,0],[58364,0],[57852,0],]]
[58109,9,63,[[58110,0],[58108,0],[58365,0],[58364,0],[57853,0],]]
[58110,13,63,[[58109,0],[58111,0],[58366,0],[57854,0],]]
[58111,5,63,[[58110,0],[58367,0],[58366,0],[57855,0],]]
[58112,15,56,[[58113,0],[57856,0],[57857,0],[58368,0],]]
[58113,13,56,[[58114,0],[58112,0],[57857,0],[58369,0],]]
[58114,3,56,[[58113,0],[58115,0],[57858,0],[57859,0],[58370,0],]]
[58115,12,56,[[58116,0],[58114,0],[57859,0],[58371,0],]]
[58116,12,56,[[58115,0],[58117,0],[57860,0],[57861,0],[58372,0],]]
[58117,10,56,[[58118,0],[58116,0],[57861,0],[58373,0],]]
[58118,19,56,[[58117,0],[58119,0],[57862,0],[57863,0],[58374,0],]]
[58119,8,56,[[58120,0],[58118,0],[57863,0],[58375,0],]]
[58120,11,56,[[58119,0],[58121,0],[57864,0],[57865,0],[58376,0],]]
[58121,7,56,[[58122,0],[58120,0],[57865,0],[58377,0],]]
[58122,18,56,[[58121,0],[58123,0],[57866,0],[57867,0],[58378,0],]]
[58123,16,56,[[58124,0],[58122,0],[57867,0],[58379,0],]]
[58124,12,56,[[58123,0],[58125,0],[57868,0],[57869,0],[58380,0],]]
[58125,8,56,[[58126,0],[58124,0],[57869,0],[58381,0],]]
[58126,14,56,[[58125,0],[58127,0],[57870,0],[57871,0],[58382,0],]]
[58127,16,56,[[58128,0],[58126,0],[57871,0],[58383,0],]]
[58128,16,56,[[58127,0],[58129,0],[57872,0],[57873,0],[58384,0],]]
[58129,4,56,[[58130,0],[58128,0],[57873,0],[58385,0],]]
[58130,14,56,[[58129,0],[58131,0],[57874,0],[57875,0],[58386,0],]]
[58131,19,56,[[58132,0],[58130,0],[57875,0],[58387,0],]]
[58132,12,56,[[58131,0],[58133,0],[57876,0],[57877,0],[58388,0],]]
[58133,11,56,[[58134,0],[58132,0],[57877,0],[58389,0],]]
[58134,6,56,[[58133,0],[58135,0],[57878,0],[57879,0],[58390,0],]]
[58135,8,56,[[58136,0],[58134,0],[57879,0],[58391,0],]]
[58136,10,56,[[58135,0],[58137,0],[57880,0],[57881,0],[58392,0],]]
[58137,12,56,[[58138,0],[58136,0],[57881,0],[58393,0],]]
[58138,17,56,[[58137,0],[58139,0],[57882,0],[57883,0],[58394,0],]]
[58139,6,56,[[58140,0],[58138,0],[57883,0],[58395,0],]]
[58140,17,56,[[58139,0],[58141,0],[57884,0],[57885,0],[58396,0],]]
[58141,18,56,[[58142,0],[58140,0],[57885,0],[58397,0],]]
[58142,4,56,[[58141,0],[58143,0],[57886,0],[57887,0],[58398,0],]]
[58143,15,56,[[58144,0],[58142,0],[57887,0],[58399,0],]]
[58144,14,57,[[58143,0],[58145,0],[57888,0],[57889,0],[58400,0],]]
[58145,10,57,[[58146,0],[58144,0],[57889,0],[58401,0],]]
[58146,19,57,[[58145,0],[58147,0],[57890,0],[57891,0],[58402,0],]]
[58147,14,57,[[58148,0],[58146,0],[57891,0],[58403,0],]]
[58148,6,57,[[58147,0],[58149,0],[57892,0],[57893,0],[58404,0],]]
[58149,16,57,[[58150,0],[58148,0],[57893,0],[58405,0],]]
[58150,8,57,[[58149,0],[58151,0],[57894,0],[57895,0],[58406,0],]]
[58151,16,57,[[58152,0],[58150,0],[57895,0],[58407,0],]]
[58152,11,57,[[58151,0],[58153,0],[57896,0],[57897,0],[58408,0],]]
[58153,18,57,[[58154,0],[58152,0],[57897,0],[58409,0],]]
[58154,15,57,[[58153,0],[58155,0],[57898,0],[57899,0],[58410,0],]]
[58155,14,57,[[58156,0],[58154,0],[57899,0],[58411,0],]]
[58156,1,57,[[58155,0],[58157,0],[57900,0],[57901,0],[58412,0],]]
[58157,2,57,[[58158,0],[58156,0],[57901,0],[58413,0],]]
[58158,2,57,[[58157,0],[58159,0],[57902,0],[57903,0],[58414,0],]]
[58159,12,57,[[58160,0],[58158,0],[57903,0],[58415,0],]]
[58160,3,57,[[58159,0],[58161,0],[57904,0],[57905,0],[58416,0],]]
[58161,6,57,[[58162,0],[58160,0],[57905,0],[58417,0],]]
[58162,1,57,[[58161,0],[58163,0],[57906,0],[57907,0],[58418,0],]]
[58163,13,57,[[58164,0],[58162,0],[57907,0],[58419,0],]]
[58164,14,57,[[58163,0],[58165,0],[57908,0],[57909,0],[58420,0],]]
[58165,12,57,[[58166,0],[58164,0],[57909,0],[58421,0],]]
[58166,3,57,[[58165,0],[58167,0],[57910,0],[57911,0],[58422,0],]]
[58167,2,57,[[58168,0],[58166,0],[57911,0],[58423,0],]]
[58168,19,57,[[58167,0],[58169,0],[57912,0],[57913,0],[58424,0],]]
[58169,13,57,[[58170,0],[58168,0],[57913,0],[58425,0],]]
[58170,17,57,[[58169,0],[58171,0],[57914,0],[57915,0],[58426,0],]]
[58171,4,57,[[58172,0],[58170,0],[57915,0],[58427,0],]]
[58172,17,57,[[58171,0],[58173,0],[57916,0],[57917,0],[58428,0],]]
[58173,8,57,[[58174,0],[58172,0],[57917,0],[58429,0],]]
[58174,7,57,[[58173,0],[58175,0],[57918,0],[57919,0],[58430,0],]]
[58175,19,57,[[58176,0],[58174,0],[57919,0],[58431,0],]]
[58176,8,58,[[58175,0],[58177,0],[57920,0],[57921,0],[58432,0],]]
[58177,7,58,[[58178,0],[58176,0],[57921,0],[58433,0],]]
[58178,19,58,[[58177,0],[58179,0],[57922,0],[57923,0],[58434,0],]]
[58179,6,58,[[58180,0],[58178,0],[57923,0],[58435,0],]]
[58180,1,58,[[58179,0],[58181,0],[57924,0],[57925,0],[58436,0],]]
[58181,7,58,[[58182,0],[58180,0],[57925,0],[58437,0],]]
[58182,7,58,[[58181,0],[58183,0],[57926,0],[57927,0],[58438,0],]]
[58183,5,58,[[58184,0],[58182,0],[57927,0],[58439,0],]]
[58184,13,58,[[58183,0],[58185,0],[57928,0],[57929,0],[58440,0],]]
[58185,10,58,[[58186,0],[58184,0],[57929,0],[58441,0],]]
[58186,18,58,[[58185,0],[58187,0],[57930,0],[57931,0],[58442,0],]]
[58187,15,58,[[58188,0],[58186,0],[57931,0],[58443,0],]]
[58188,1,58,[[58187,0],[58189,0],[57932,0],[57933,0],[58444,0],]]
[58189,6,58,[[58190,0],[58188,0],[57933,0],[58445,0],]]
[58190,9,58,[[58189,0],[58191,0],[57934,0],[57935,0],[58446,0],]]
[58191,1,58,[[58192,0],[58190,0],[57935,0],[58447,0],]]
[58192,7,58,[[58191,0],[58193,0],[57936,0],[57937,0],[58448,0],]]
[58193,16,58,[[58194,0],[58192,0],[57937,0],[58449,0],]]
[58194,9,58,[[58193,0],[58195,0],[57938,0],[57939,0],[58450,0],]]
[58195,17,58,[[58196,0],[58194,0],[57939,0],[58451,0],]]
[58196,19,58,[[58195,0],[58197,0],[57940,0],[57941,0],[58452,0],]]
[58197,10,58,[[58198,0],[58196,0],[57941,0],[58453,0],]]
[58198,6,58,[[58197,0],[58199,0],[57942,0],[57943,0],[58454,0],]]
[58199,19,58,[[58200,0],[58198,0],[57943,0],[58455,0],]]
[58200,8,58,[[58199,0],[58201,0],[57944,0],[57945,0],[58456,0],]]
[58201,16,58,[[58202,0],[58200,0],[57945,0],[58457,0],]]
[58202,4,58,[[58201,0],[58203,0],[57946,0],[57947,0],[58458,0],]]
[58203,12,58,[[58204,0],[58202,0],[57947,0],[58459,0],]]
[58204,14,58,[[58203,0],[58205,0],[57948,0],[57949,0],[58460,0],]]
[58205,10,58,[[58206,0],[58204,0],[57949,0],[58461,0],]]
[58206,3,58,[[58205,0],[58207,0],[57950,0],[57951,0],[58462,0],]]
[58207,15,58,[[58208,0],[58206,0],[57951,0],[58463,0],]]
[58208,13,59,[[58207,0],[58209,0],[57952,0],[57953,0],[58464,0],]]
[58209,15,59,[[58210,0],[58208,0],[57953,0],[58465,0],]]
[58210,8,59,[[58209,0],[58211,0],[57954,0],[57955,0],[58466,0],]]
[58211,14,59,[[58212,0],[58210,0],[57955,0],[58467,0],]]
[58212,2,59,[[58211,0],[58213,0],[57956,0],[57957,0],[58468,0],]]
[58213,12,59,[[58214,0],[58212,0],[57957,0],[58469,0],]]
[58214,19,59,[[58213,0],[58215,0],[57958,0],[57959,0],[58470,0],]]
[58215,5,59,[[58216,0],[58214,0],[57959,0],[58471,0],]]
[58216,15,59,[[58215,0],[58217,0],[57960,0],[57961,0],[58472,0],]]
[58217,5,59,[[58218,0],[58216,0],[57961,0],[58473,0],]]
[58218,3,59,[[58217,0],[58219,0],[57962,0],[57963,0],[58474,0],]]
[58219,16,59,[[58220,0],[58218,0],[57963,0],[58475,0],]]
[58220,3,59,[[58219,0],[58221,0],[57964,0],[57965,0],[58476,0],]]
[58221,6,59,[[58222,0],[58220,0],[57965,0],[58477,0],]]
[58222,15,59,[[58221,0],[58223,0],[57966,0],[57967,0],[58478,0],]]
[58223,8,59,[[58224,0],[58222,0],[57967,0],[58479,0],]]
[58224,5,59,[[58223,0],[58225,0],[57968,0],[57969,0],[58480,0],]]
[58225,8,59,[[58226,0],[58224,0],[57969,0],[58481,0],]]
[58226,2,59,[[58225,0],[58227,0],[57970,0],[57971,0],[58482,0],]]
[58227,6,59,[[58228,0],[58226,0],[57971,0],[58483,0],]]
[58228,17,59,[[58227,0],[58229,0],[57972,0],[57973,0],[58484,0],]]
[58229,2,59,[[58230,0],[58228,0],[57973,0],[58485,0],]]
[58230,19,59,[[58229,0],[58231,0],[57974,0],[57975,0],[58486,0],]]
[58231,11,59,[[58232,0],[58230,0],[57975,0],[58487,0],]]
[58232,8,59,[[58231,0],[58233,0],[57976,0],[57977,0],[58488,0],]]
[58233,16,59,[[58234,0],[58232,0],[57977,0],[58489,0],]]
[58234,8,59,[[58233,0],[58235,0],[57978,0],[57979,0],[58490,0],]]
[58235,2,59,[[58236,0],[58234,0],[57979,0],[58491,0],]]
[58236,4,59,[[58235,0],[58237,0],[57980,0],[57981,0],[58492,0],]]
[58237,19,59,[[58238,0],[58236,0],[57981,0],[58493,0],]]
[58238,6,59,[[58237,0],[58239,0],[57982,0],[57983,0],[58494,0],]]
[58239,9,59,[[58240,0],[58238,0],[57983,0],[58495,0],]]
[58240,3,60,[[58239,0],[58241,0],[57984,0],[57985,0],[58496,0],]]
[58241,4,60,[[58242,0],[58240,0],[57985,0],[58497,0],]]
[58242,17,60,[[58241,0],[58243,0],[57986,0],[57987,0],[58498,0],]]
[58243,3,60,[[58244,0],[58242,0],[57987,0],[58499,0],]]
[58244,17,60,[[58243,0],[58245,0],[57988,0],[57989,0],[58500,0],]]
[58245,19,60,[[58246,0],[58244,0],[57989,0],[58501,0],]]
[58246,18,60,[[58245,0],[58247,0],[57990,0],[57991,0],[58502,0],]]
[58247,19,60,[[58248,0],[58246,0],[57991,0],[58503,0],]]
[58248,7,60,[[58247,0],[58249,0],[57992,0],[57993,0],[58504,0],]]
[58249,9,60,[[58250,0],[58248,0],[57993,0],[58505,0],]]
[58250,6,60,[[58249,0],[58251,0],[57994,0],[57995,0],[58506,0],]]
[58251,1,60,[[58252,0],[58250,0],[57995,0],[58507,0],]]
[58252,6,60,[[58251,0],[58253,0],[57996,0],[57997,0],[58508,0],]]
[58253,14,60,[[58254,0],[58252,0],[57997,0],[58509,0],]]
[58254,13,60,[[58253,0],[58255,0],[57998,0],[57999,0],[58510,0],]]
[58255,15,60,[[58256,0],[58254,0],[57999,0],[58511,0],]]
[58256,3,60,[[58255,0],[58257,0],[58000,0],[58001,0],[58512,0],]]
[58257,18,60,[[58258,0],[58256,0],[58001,0],[58513,0],]]
[58258,15,60,[[58257,0],[58259,0],[58002,0],[58003,0],[58514,0],]]
[58259,3,60,[[58260,0],[58258,0],[58003,0],[58515,0],]]
[58260,9,60,[[58259,0],[58261,0],[58004,0],[58005,0],[58516,0],]]
[58261,10,60,[[58262,0],[58260,0],[58005,0],[58517,0],]]
[58262,6,60,[[58261,0],[58263,0],[58006,0],[58007,0],[58518,0],]]
[58263,14,60,[[58264,0],[58262,0],[58007,0],[58519,0],]]
[58264,10,60,[[58263,0],[58265,0],[58008,0],[58009,0],[58520,0],]]
[58265,1,60,[[58266,0],[58264,0],[58009,0],[58521,0],]]
[58266,8,60,[[58265,0],[58267,0],[58010,0],[58011,0],[58522,0],]]
[58267,18,60,[[58268,0],[58266,0],[58011,0],[58523,0],]]
[58268,14,60,[[58267,0],[58269,0],[58012,0],[58013,0],[58524,0],]]
[58269,3,60,[[58270,0],[58268,0],[58013,0],[58525,0],]]
[58270,17,60,[[58269,0],[58271,0],[58014,0],[58015,0],[58526,0],]]
[58271,16,60,[[58272,0],[58270,0],[58015,0],[58527,0],]]
[58272,3,61,[[58271,0],[58273,0],[58016,0],[58017,0],[58528,0],]]
[58273,16,61,[[58274,0],[58272,0],[58017,0],[58529,0],]]
[58274,15,61,[[58273,0],[58275,0],[58018,0],[58019,0],[58530,0],]]
[58275,1,61,[[58276,0],[58274,0],[58019,0],[58531,0],]]
[58276,3,61,[[58275,0],[58277,0],[58020,0],[58021,0],[58532,0],]]
[58277,16,61,[[58278,0],[58276,0],[58021,0],[58533,0],]]
[58278,14,61,[[58277,0],[58279,0],[58022,0],[58023,0],[58534,0],]]
[58279,6,61,[[58280,0],[58278,0],[58023,0],[58535,0],]]
[58280,6,61,[[58279,0],[58281,0],[58024,0],[58025,0],[58536,0],]]
[58281,1,61,[[58282,0],[58280,0],[58025,0],[58537,0],]]
[58282,17,61,[[58281,0],[58283,0],[58026,0],[58027,0],[58538,0],]]
[58283,11,61,[[58284,0],[58282,0],[58027,0],[58539,0],]]
[58284,6,61,[[58283,0],[58285,0],[58028,0],[58029,0],[58540,0],]]
[58285,1,61,[[58286,0],[58284,0],[58029,0],[58541,0],]]
[58286,8,61,[[58285,0],[58287,0],[58030,0],[58031,0],[58542,0],]]
[58287,6,61,[[58288,0],[58286,0],[58031,0],[58543,0],]]
[58288,17,61,[[58287,0],[58289,0],[58032,0],[58033,0],[58544,0],]]
[58289,3,61,[[58290,0],[58288,0],[58033,0],[58545,0],]]
[58290,8,61,[[58289,0],[58291,0],[58034,0],[58035,0],[58546,0],]]
[58291,17,61,[[58292,0],[58290,0],[58035,0],[58547,0],]]
[58292,5,61,[[58291,0],[58293,0],[58036,0],[58037,0],[58548,0],]]
[58293,16,61,[[58294,0],[58292,0],[58037,0],[58549,0],]]
[58294,5,61,[[58293,0],[58295,0],[58038,0],[58039,0],[58550,0],]]
[58295,12,61,[[58296,0],[58294,0],[58039,0],[58551,0],]]
[58296,10,61,[[58295,0],[58297,0],[58040,0],[58041,0],[58552,0],]]
[58297,8,61,[[58298,0],[58296,0],[58041,0],[58553,0],]]
[58298,4,61,[[58297,0],[58299,0],[58042,0],[58043,0],[58554,0],]]
[58299,18,61,[[58300,0],[58298,0],[58043,0],[58555,0],]]
[58300,4,61,[[58299,0],[58301,0],[58044,0],[58045,0],[58556,0],]]
[58301,9,61,[[58302,0],[58300,0],[58045,0],[58557,0],]]
[58302,5,61,[[58301,0],[58303,0],[58046,0],[58047,0],[58558,0],]]
[58303,5,61,[[58304,0],[58302,0],[58047,0],[58559,0],]]
[58304,9,62,[[58303,0],[58305,0],[58048,0],[58049,0],[58560,0],]]
[58305,6,62,[[58306,0],[58304,0],[58049,0],[58561,0],]]
[58306,16,62,[[58305,0],[58307,0],[58050,0],[58051,0],[58562,0],]]
[58307,14,62,[[58308,0],[58306,0],[58051,0],[58563,0],]]
[58308,6,62,[[58307,0],[58309,0],[58052,0],[58053,0],[58564,0],]]
[58309,2,62,[[58310,0],[58308,0],[58053,0],[58565,0],]]
[58310,15,62,[[58309,0],[58311,0],[58054,0],[58055,0],[58566,0],]]
[58311,12,62,[[58312,0],[58310,0],[58055,0],[58567,0],]]
[58312,12,62,[[58311,0],[58313,0],[58056,0],[58057,0],[58568,0],]]
[58313,3,62,[[58314,0],[58312,0],[58057,0],[58569,0],]]
[58314,3,62,[[58313,0],[58315,0],[58058,0],[58059,0],[58570,0],]]
[58315,2,62,[[58316,0],[58314,0],[58059,0],[58571,0],]]
[58316,9,62,[[58315,0],[58317,0],[58060,0],[58061,0],[58572,0],]]
[58317,1,62,[[58318,0],[58316,0],[58061,0],[58573,0],]]
[58318,6,62,[[58317,0],[58319,0],[58062,0],[58063,0],[58574,0],]]
[58319,9,62,[[58320,0],[58318,0],[58063,0],[58575,0],]]
[58320,7,62,[[58319,0],[58321,0],[58064,0],[58065,0],[58576,0],]]
[58321,3,62,[[58322,0],[58320,0],[58065,0],[58577,0],]]
[58322,15,62,[[58321,0],[58323,0],[58066,0],[58067,0],[58578,0],]]
[58323,19,62,[[58324,0],[58322,0],[58067,0],[58579,0],]]
[58324,16,62,[[58323,0],[58325,0],[58068,0],[58069,0],[58580,0],]]
[58325,3,62,[[58326,0],[58324,0],[58069,0],[58581,0],]]
[58326,6,62,[[58325,0],[58327,0],[58070,0],[58071,0],[58582,0],]]
