[58327,10,62,[[58328,0],[58326,0],[58071,0],[58583,0],]]
[58328,6,62,[[58327,0],[58329,0],[58072,0],[58073,0],[58584,0],]]
[58329,7,62,[[58330,0],[58328,0],[58073,0],[58585,0],]]
[58330,8,62,[[58329,0],[58331,0],[58074,0],[58075,0],[58586,0],]]
[58331,3,62,[[58332,0],[58330,0],[58075,0],[58587,0],]]
[58332,18,62,[[58331,0],[58333,0],[58076,0],[58077,0],[58588,0],]]
[58333,16,62,[[58334,0],[58332,0],[58077,0],[58589,0],]]
[58334,13,62,[[58333,0],[58335,0],[58078,0],[58079,0],[58590,0],]]
[58335,9,62,[[58336,0],[58334,0],[58079,0],[58591,0],]]
[58336,6,63,[[58335,0],[58337,0],[58080,0],[58081,0],[58592,0],]]
[58337,15,63,[[58338,0],[58336,0],[58081,0],[58593,0],]]
[58338,7,63,[[58337,0],[58339,0],[58082,0],[58083,0],[58594,0],]]
[58339,19,63,[[58340,0],[58338,0],[58083,0],[58595,0],]]
[58340,17,63,[[58339,0],[58341,0],[58084,0],[58085,0],[58596,0],]]
[58341,8,63,[[58342,0],[58340,0],[58085,0],[58597,0],]]
[58342,17,63,[[58341,0],[58343,0],[58086,0],[58087,0],[58598,0],]]
[58343,8,63,[[58344,0],[58342,0],[58087,0],[58599,0],]]
[58344,2,63,[[58343,0],[58345,0],[58088,0],[58089,0],[58600,0],]]
[58345,18,63,[[58346,0],[58344,0],[58089,0],[58601,0],]]
[58346,19,63,[[58345,0],[58347,0],[58090,0],[58091,0],[58602,0],]]
[58347,8,63,[[58348,0],[58346,0],[58091,0],[58603,0],]]
[58348,12,63,[[58347,0],[58349,0],[58092,0],[58093,0],[58604,0],]]
[58349,4,63,[[58350,0],[58348,0],[58093,0],[58605,0],]]
[58350,6,63,[[58349,0],[58351,0],[58094,0],[58095,0],[58606,0],]]
[58351,15,63,[[58352,0],[58350,0],[58095,0],[58607,0],]]
[58352,12,63,[[58351,0],[58353,0],[58096,0],[58097,0],[58608,0],]]
[58353,9,63,[[58354,0],[58352,0],[58097,0],[58609,0],]]
[58354,15,63,[[58353,0],[58355,0],[58098,0],[58099,0],[58610,0],]]
[58355,11,63,[[58356,0],[58354,0],[58099,0],[58611,0],]]
[58356,19,63,[[58355,0],[58357,0],[58100,0],[58101,0],[58612,0],]]
[58357,4,63,[[58358,0],[58356,0],[58101,0],[58613,0],]]
[58358,6,63,[[58357,0],[58359,0],[58102,0],[58103,0],[58614,0],]]
[58359,9,63,[[58360,0],[58358,0],[58103,0],[58615,0],]]
[58360,8,63,[[58359,0],[58361,0],[58104,0],[58105,0],[58616,0],]]
[58361,5,63,[[58362,0],[58360,0],[58105,0],[58617,0],]]
[58362,8,63,[[58361,0],[58363,0],[58106,0],[58107,0],[58618,0],]]
[58363,4,63,[[58364,0],[58362,0],[58107,0],[58619,0],]]
[58364,10,63,[[58363,0],[58365,0],[58108,0],[58109,0],[58620,0],]]
[58365,5,63,[[58366,0],[58364,0],[58109,0],[58621,0],]]
[58366,17,63,[[58365,0],[58367,0],[58110,0],[58111,0],[58622,0],]]
[58367,1,63,[[58366,0],[58111,0],[58623,0],]]
[58368,19,56,[[58369,0],[58624,0],[58112,0],]]
[58369,12,56,[[58370,0],[58368,0],[58625,0],[58624,0],[58113,0],]]
[58370,6,56,[[58369,0],[58371,0],[58626,0],[58114,0],]]
[58371,4,56,[[58372,0],[58370,0],[58627,0],[58626,0],[58115,0],]]
[58372,9,56,[[58371,0],[58373,0],[58628,0],[58116,0],]]
[58373,5,56,[[58374,0],[58372,0],[58629,0],[58628,0],[58117,0],]]
[58374,10,56,[[58373,0],[58375,0],[58630,0],[58118,0],]]
[58375,13,56,[[58376,0],[58374,0],[58631,0],[58630,0],[58119,0],]]
[58376,8,56,[[58375,0],[58377,0],[58632,0],[58120,0],]]
[58377,14,56,[[58378,0],[58376,0],[58633,0],[58632,0],[58121,0],]]
[58378,10,56,[[58377,0],[58379,0],[58634,0],[58122,0],]]
[58379,17,56,[[58380,0],[58378,0],[58635,0],[58634,0],[58123,0],]]
[58380,5,56,[[58379,0],[58381,0],[58636,0],[58124,0],]]
[58381,10,56,[[58382,0],[58380,0],[58637,0],[58636,0],[58125,0],]]
[58382,7,56,[[58381,0],[58383,0],[58638,0],[58126,0],]]
[58383,9,56,[[58384,0],[58382,0],[58639,0],[58638,0],[58127,0],]]
[58384,5,56,[[58383,0],[58385,0],[58640,0],[58128,0],]]
[58385,4,56,[[58386,0],[58384,0],[58641,0],[58640,0],[58129,0],]]
[58386,10,56,[[58385,0],[58387,0],[58642,0],[58130,0],]]
[58387,17,56,[[58388,0],[58386,0],[58643,0],[58642,0],[58131,0],]]
[58388,3,56,[[58387,0],[58389,0],[58644,0],[58132,0],]]
[58389,11,56,[[58390,0],[58388,0],[58645,0],[58644,0],[58133,0],]]
[58390,7,56,[[58389,0],[58391,0],[58646,0],[58134,0],]]
[58391,2,56,[[58392,0],[58390,0],[58647,0],[58646,0],[58135,0],]]
[58392,11,56,[[58391,0],[58393,0],[58648,0],[58136,0],]]
[58393,10,56,[[58394,0],[58392,0],[58649,0],[58648,0],[58137,0],]]
[58394,11,56,[[58393,0],[58395,0],[58650,0],[58138,0],]]
[58395,14,56,[[58396,0],[58394,0],[58651,0],[58650,0],[58139,0],]]
[58396,19,56,[[58395,0],[58397,0],[58652,0],[58140,0],]]
[58397,14,56,[[58398,0],[58396,0],[58653,0],[58652,0],[58141,0],]]
[58398,9,56,[[58397,0],[58399,0],[58654,0],[58142,0],]]
[58399,11,56,[[58400,0],[58398,0],[58655,0],[58654,0],[58143,0],]]
[58400,5,57,[[58399,0],[58401,0],[58656,0],[58144,0],]]
[58401,10,57,[[58402,0],[58400,0],[58657,0],[58656,0],[58145,0],]]
[58402,19,57,[[58401,0],[58403,0],[58658,0],[58146,0],]]
[58403,1,57,[[58404,0],[58402,0],[58659,0],[58658,0],[58147,0],]]
[58404,15,57,[[58403,0],[58405,0],[58660,0],[58148,0],]]
[58405,2,57,[[58406,0],[58404,0],[58661,0],[58660,0],[58149,0],]]
[58406,1,57,[[58405,0],[58407,0],[58662,0],[58150,0],]]
[58407,9,57,[[58408,0],[58406,0],[58663,0],[58662,0],[58151,0],]]
[58408,16,57,[[58407,0],[58409,0],[58664,0],[58152,0],]]
[58409,6,57,[[58410,0],[58408,0],[58665,0],[58664,0],[58153,0],]]
[58410,13,57,[[58409,0],[58411,0],[58666,0],[58154,0],]]
[58411,6,57,[[58412,0],[58410,0],[58667,0],[58666,0],[58155,0],]]
[58412,7,57,[[58411,0],[58413,0],[58668,0],[58156,0],]]
[58413,10,57,[[58414,0],[58412,0],[58669,0],[58668,0],[58157,0],]]
[58414,9,57,[[58413,0],[58415,0],[58670,0],[58158,0],]]
[58415,19,57,[[58416,0],[58414,0],[58671,0],[58670,0],[58159,0],]]
[58416,14,57,[[58415,0],[58417,0],[58672,0],[58160,0],]]
[58417,17,57,[[58418,0],[58416,0],[58673,0],[58672,0],[58161,0],]]
[58418,16,57,[[58417,0],[58419,0],[58674,0],[58162,0],]]
[58419,13,57,[[58420,0],[58418,0],[58675,0],[58674,0],[58163,0],]]
[58420,14,57,[[58419,0],[58421,0],[58676,0],[58164,0],]]
[58421,1,57,[[58422,0],[58420,0],[58677,0],[58676,0],[58165,0],]]
[58422,2,57,[[58421,0],[58423,0],[58678,0],[58166,0],]]
[58423,14,57,[[58424,0],[58422,0],[58679,0],[58678,0],[58167,0],]]
[58424,16,57,[[58423,0],[58425,0],[58680,0],[58168,0],]]
[58425,14,57,[[58426,0],[58424,0],[58681,0],[58680,0],[58169,0],]]
[58426,3,57,[[58425,0],[58427,0],[58682,0],[58170,0],]]
[58427,1,57,[[58428,0],[58426,0],[58683,0],[58682,0],[58171,0],]]
[58428,19,57,[[58427,0],[58429,0],[58684,0],[58172,0],]]
[58429,2,57,[[58430,0],[58428,0],[58685,0],[58684,0],[58173,0],]]
[58430,19,57,[[58429,0],[58431,0],[58686,0],[58174,0],]]
[58431,9,57,[[58432,0],[58430,0],[58687,0],[58686,0],[58175,0],]]
[58432,7,58,[[58431,0],[58433,0],[58688,0],[58176,0],]]
[58433,7,58,[[58434,0],[58432,0],[58689,0],[58688,0],[58177,0],]]
[58434,17,58,[[58433,0],[58435,0],[58690,0],[58178,0],]]
[58435,1,58,[[58436,0],[58434,0],[58691,0],[58690,0],[58179,0],]]
[58436,13,58,[[58435,0],[58437,0],[58692,0],[58180,0],]]
[58437,19,58,[[58438,0],[58436,0],[58693,0],[58692,0],[58181,0],]]
[58438,9,58,[[58437,0],[58439,0],[58694,0],[58182,0],]]
[58439,7,58,[[58440,0],[58438,0],[58695,0],[58694,0],[58183,0],]]
[58440,16,58,[[58439,0],[58441,0],[58696,0],[58184,0],]]
[58441,19,58,[[58442,0],[58440,0],[58697,0],[58696,0],[58185,0],]]
[58442,9,58,[[58441,0],[58443,0],[58698,0],[58186,0],]]
[58443,2,58,[[58444,0],[58442,0],[58699,0],[58698,0],[58187,0],]]
[58444,8,58,[[58443,0],[58445,0],[58700,0],[58188,0],]]
[58445,9,58,[[58446,0],[58444,0],[58701,0],[58700,0],[58189,0],]]
[58446,5,58,[[58445,0],[58447,0],[58702,0],[58190,0],]]
[58447,14,58,[[58448,0],[58446,0],[58703,0],[58702,0],[58191,0],]]
[58448,17,58,[[58447,0],[58449,0],[58704,0],[58192,0],]]
[58449,7,58,[[58450,0],[58448,0],[58705,0],[58704,0],[58193,0],]]
[58450,12,58,[[58449,0],[58451,0],[58706,0],[58194,0],]]
[58451,12,58,[[58452,0],[58450,0],[58707,0],[58706,0],[58195,0],]]
[58452,19,58,[[58451,0],[58453,0],[58708,0],[58196,0],]]
[58453,10,58,[[58454,0],[58452,0],[58709,0],[58708,0],[58197,0],]]
[58454,13,58,[[58453,0],[58455,0],[58710,0],[58198,0],]]
[58455,11,58,[[58456,0],[58454,0],[58711,0],[58710,0],[58199,0],]]
[58456,13,58,[[58455,0],[58457,0],[58712,0],[58200,0],]]
[58457,6,58,[[58458,0],[58456,0],[58713,0],[58712,0],[58201,0],]]
[58458,11,58,[[58457,0],[58459,0],[58714,0],[58202,0],]]
[58459,1,58,[[58460,0],[58458,0],[58715,0],[58714,0],[58203,0],]]
[58460,5,58,[[58459,0],[58461,0],[58716,0],[58204,0],]]
[58461,12,58,[[58462,0],[58460,0],[58717,0],[58716,0],[58205,0],]]
[58462,1,58,[[58461,0],[58463,0],[58718,0],[58206,0],]]
[58463,15,58,[[58464,0],[58462,0],[58719,0],[58718,0],[58207,0],]]
[58464,11,59,[[58463,0],[58465,0],[58720,0],[58208,0],]]
[58465,10,59,[[58466,0],[58464,0],[58721,0],[58720,0],[58209,0],]]
[58466,6,59,[[58465,0],[58467,0],[58722,0],[58210,0],]]
[58467,6,59,[[58468,0],[58466,0],[58723,0],[58722,0],[58211,0],]]
[58468,12,59,[[58467,0],[58469,0],[58724,0],[58212,0],]]
[58469,5,59,[[58470,0],[58468,0],[58725,0],[58724,0],[58213,0],]]
[58470,19,59,[[58469,0],[58471,0],[58726,0],[58214,0],]]
[58471,12,59,[[58472,0],[58470,0],[58727,0],[58726,0],[58215,0],]]
[58472,4,59,[[58471,0],[58473,0],[58728,0],[58216,0],]]
[58473,9,59,[[58474,0],[58472,0],[58729,0],[58728,0],[58217,0],]]
[58474,19,59,[[58473,0],[58475,0],[58730,0],[58218,0],]]
[58475,12,59,[[58476,0],[58474,0],[58731,0],[58730,0],[58219,0],]]
[58476,6,59,[[58475,0],[58477,0],[58732,0],[58220,0],]]
[58477,12,59,[[58478,0],[58476,0],[58733,0],[58732,0],[58221,0],]]
[58478,6,59,[[58477,0],[58479,0],[58734,0],[58222,0],]]
[58479,6,59,[[58480,0],[58478,0],[58735,0],[58734,0],[58223,0],]]
[58480,1,59,[[58479,0],[58481,0],[58736,0],[58224,0],]]
[58481,16,59,[[58482,0],[58480,0],[58737,0],[58736,0],[58225,0],]]
[58482,17,59,[[58481,0],[58483,0],[58738,0],[58226,0],]]
[58483,13,59,[[58484,0],[58482,0],[58739,0],[58738,0],[58227,0],]]
[58484,11,59,[[58483,0],[58485,0],[58740,0],[58228,0],]]
[58485,4,59,[[58486,0],[58484,0],[58741,0],[58740,0],[58229,0],]]
[58486,15,59,[[58485,0],[58487,0],[58742,0],[58230,0],]]
[58487,9,59,[[58488,0],[58486,0],[58743,0],[58742,0],[58231,0],]]
[58488,12,59,[[58487,0],[58489,0],[58744,0],[58232,0],]]
[58489,9,59,[[58490,0],[58488,0],[58745,0],[58744,0],[58233,0],]]
[58490,18,59,[[58489,0],[58491,0],[58746,0],[58234,0],]]
[58491,7,59,[[58492,0],[58490,0],[58747,0],[58746,0],[58235,0],]]
[58492,18,59,[[58491,0],[58493,0],[58748,0],[58236,0],]]
[58493,2,59,[[58494,0],[58492,0],[58749,0],[58748,0],[58237,0],]]
[58494,17,59,[[58493,0],[58495,0],[58750,0],[58238,0],]]
[58495,19,59,[[58496,0],[58494,0],[58751,0],[58750,0],[58239,0],]]
[58496,8,60,[[58495,0],[58497,0],[58752,0],[58240,0],]]
[58497,16,60,[[58498,0],[58496,0],[58753,0],[58752,0],[58241,0],]]
[58498,13,60,[[58497,0],[58499,0],[58754,0],[58242,0],]]
[58499,14,60,[[58500,0],[58498,0],[58755,0],[58754,0],[58243,0],]]
[58500,16,60,[[58499,0],[58501,0],[58756,0],[58244,0],]]
[58501,18,60,[[58502,0],[58500,0],[58757,0],[58756,0],[58245,0],]]
[58502,18,60,[[58501,0],[58503,0],[58758,0],[58246,0],]]
[58503,13,60,[[58504,0],[58502,0],[58759,0],[58758,0],[58247,0],]]
[58504,1,60,[[58503,0],[58505,0],[58760,0],[58248,0],]]
[58505,8,60,[[58506,0],[58504,0],[58761,0],[58760,0],[58249,0],]]
[58506,16,60,[[58505,0],[58507,0],[58762,0],[58250,0],]]
[58507,12,60,[[58508,0],[58506,0],[58763,0],[58762,0],[58251,0],]]
[58508,6,60,[[58507,0],[58509,0],[58764,0],[58252,0],]]
[58509,15,60,[[58510,0],[58508,0],[58765,0],[58764,0],[58253,0],]]
[58510,11,60,[[58509,0],[58511,0],[58766,0],[58254,0],]]
[58511,12,60,[[58512,0],[58510,0],[58767,0],[58766,0],[58255,0],]]
[58512,5,60,[[58511,0],[58513,0],[58768,0],[58256,0],]]
[58513,15,60,[[58514,0],[58512,0],[58769,0],[58768,0],[58257,0],]]
[58514,11,60,[[58513,0],[58515,0],[58770,0],[58258,0],]]
[58515,14,60,[[58516,0],[58514,0],[58771,0],[58770,0],[58259,0],]]
[58516,5,60,[[58515,0],[58517,0],[58772,0],[58260,0],]]
[58517,2,60,[[58518,0],[58516,0],[58773,0],[58772,0],[58261,0],]]
[58518,15,60,[[58517,0],[58519,0],[58774,0],[58262,0],]]
[58519,5,60,[[58520,0],[58518,0],[58775,0],[58774,0],[58263,0],]]
[58520,19,60,[[58519,0],[58521,0],[58776,0],[58264,0],]]
[58521,7,60,[[58522,0],[58520,0],[58777,0],[58776,0],[58265,0],]]
[58522,13,60,[[58521,0],[58523,0],[58778,0],[58266,0],]]
[58523,13,60,[[58524,0],[58522,0],[58779,0],[58778,0],[58267,0],]]
[58524,12,60,[[58523,0],[58525,0],[58780,0],[58268,0],]]
[58525,11,60,[[58526,0],[58524,0],[58781,0],[58780,0],[58269,0],]]
[58526,6,60,[[58525,0],[58527,0],[58782,0],[58270,0],]]
[58527,13,60,[[58528,0],[58526,0],[58783,0],[58782,0],[58271,0],]]
[58528,12,61,[[58527,0],[58529,0],[58784,0],[58272,0],]]
[58529,4,61,[[58530,0],[58528,0],[58785,0],[58784,0],[58273,0],]]
[58530,13,61,[[58529,0],[58531,0],[58786,0],[58274,0],]]
[58531,5,61,[[58532,0],[58530,0],[58787,0],[58786,0],[58275,0],]]
[58532,4,61,[[58531,0],[58533,0],[58788,0],[58276,0],]]
[58533,10,61,[[58534,0],[58532,0],[58789,0],[58788,0],[58277,0],]]
[58534,10,61,[[58533,0],[58535,0],[58790,0],[58278,0],]]
[58535,1,61,[[58536,0],[58534,0],[58791,0],[58790,0],[58279,0],]]
[58536,7,61,[[58535,0],[58537,0],[58792,0],[58280,0],]]
[58537,17,61,[[58538,0],[58536,0],[58793,0],[58792,0],[58281,0],]]
[58538,14,61,[[58537,0],[58539,0],[58794,0],[58282,0],]]
[58539,16,61,[[58540,0],[58538,0],[58795,0],[58794,0],[58283,0],]]
[58540,13,61,[[58539,0],[58541,0],[58796,0],[58284,0],]]
[58541,1,61,[[58542,0],[58540,0],[58797,0],[58796,0],[58285,0],]]
[58542,7,61,[[58541,0],[58543,0],[58798,0],[58286,0],]]
[58543,8,61,[[58544,0],[58542,0],[58799,0],[58798,0],[58287,0],]]
[58544,10,61,[[58543,0],[58545,0],[58800,0],[58288,0],]]
[58545,6,61,[[58546,0],[58544,0],[58801,0],[58800,0],[58289,0],]]
[58546,13,61,[[58545,0],[58547,0],[58802,0],[58290,0],]]
[58547,16,61,[[58548,0],[58546,0],[58803,0],[58802,0],[58291,0],]]
[58548,8,61,[[58547,0],[58549,0],[58804,0],[58292,0],]]
[58549,5,61,[[58550,0],[58548,0],[58805,0],[58804,0],[58293,0],]]
[58550,7,61,[[58549,0],[58551,0],[58806,0],[58294,0],]]
[58551,10,61,[[58552,0],[58550,0],[58807,0],[58806,0],[58295,0],]]
[58552,17,61,[[58551,0],[58553,0],[58808,0],[58296,0],]]
[58553,10,61,[[58554,0],[58552,0],[58809,0],[58808,0],[58297,0],]]
[58554,18,61,[[58553,0],[58555,0],[58810,0],[58298,0],]]
[58555,16,61,[[58556,0],[58554,0],[58811,0],[58810,0],[58299,0],]]
[58556,7,61,[[58555,0],[58557,0],[58812,0],[58300,0],]]
[58557,12,61,[[58558,0],[58556,0],[58813,0],[58812,0],[58301,0],]]
[58558,6,61,[[58557,0],[58559,0],[58814,0],[58302,0],]]
[58559,16,61,[[58560,0],[58558,0],[58815,0],[58814,0],[58303,0],]]
[58560,12,62,[[58559,0],[58561,0],[58816,0],[58304,0],]]
[58561,11,62,[[58562,0],[58560,0],[58817,0],[58816,0],[58305,0],]]
[58562,10,62,[[58561,0],[58563,0],[58818,0],[58306,0],]]
[58563,10,62,[[58564,0],[58562,0],[58819,0],[58818,0],[58307,0],]]
[58564,3,62,[[58563,0],[58565,0],[58820,0],[58308,0],]]
[58565,14,62,[[58566,0],[58564,0],[58821,0],[58820,0],[58309,0],]]
[58566,11,62,[[58565,0],[58567,0],[58822,0],[58310,0],]]
[58567,6,62,[[58568,0],[58566,0],[58823,0],[58822,0],[58311,0],]]
[58568,11,62,[[58567,0],[58569,0],[58824,0],[58312,0],]]
[58569,18,62,[[58570,0],[58568,0],[58825,0],[58824,0],[58313,0],]]
[58570,6,62,[[58569,0],[58571,0],[58826,0],[58314,0],]]
[58571,6,62,[[58572,0],[58570,0],[58827,0],[58826,0],[58315,0],]]
[58572,14,62,[[58571,0],[58573,0],[58828,0],[58316,0],]]
[58573,17,62,[[58574,0],[58572,0],[58829,0],[58828,0],[58317,0],]]
[58574,16,62,[[58573,0],[58575,0],[58830,0],[58318,0],]]
[58575,16,62,[[58576,0],[58574,0],[58831,0],[58830,0],[58319,0],]]
[58576,3,62,[[58575,0],[58577,0],[58832,0],[58320,0],]]
[58577,12,62,[[58578,0],[58576,0],[58833,0],[58832,0],[58321,0],]]
[58578,14,62,[[58577,0],[58579,0],[58834,0],[58322,0],]]
[58579,10,62,[[58580,0],[58578,0],[58835,0],[58834,0],[58323,0],]]
[58580,10,62,[[58579,0],[58581,0],[58836,0],[58324,0],]]
[58581,18,62,[[58582,0],[58580,0],[58837,0],[58836,0],[58325,0],]]
[58582,18,62,[[58581,0],[58583,0],[58838,0],[58326,0],]]
[58583,10,62,[[58584,0],[58582,0],[58839,0],[58838,0],[58327,0],]]
[58584,17,62,[[58583,0],[58585,0],[58840,0],[58328,0],]]
[58585,13,62,[[58586,0],[58584,0],[58841,0],[58840,0],[58329,0],]]
[58586,13,62,[[58585,0],[58587,0],[58842,0],[58330,0],]]
[58587,16,62,[[58588,0],[58586,0],[58843,0],[58842,0],[58331,0],]]
[58588,13,62,[[58587,0],[58589,0],[58844,0],[58332,0],]]
[58589,7,62,[[58590,0],[58588,0],[58845,0],[58844,0],[58333,0],]]
[58590,18,62,[[58589,0],[58591,0],[58846,0],[58334,0],]]
[58591,5,62,[[58592,0],[58590,0],[58847,0],[58846,0],[58335,0],]]
[58592,19,63,[[58591,0],[58593,0],[58848,0],[58336,0],]]
[58593,9,63,[[58594,0],[58592,0],[58849,0],[58848,0],[58337,0],]]
[58594,3,63,[[58593,0],[58595,0],[58850,0],[58338,0],]]
[58595,18,63,[[58596,0],[58594,0],[58851,0],[58850,0],[58339,0],]]
[58596,11,63,[[58595,0],[58597,0],[58852,0],[58340,0],]]
[58597,8,63,[[58598,0],[58596,0],[58853,0],[58852,0],[58341,0],]]
[58598,5,63,[[58597,0],[58599,0],[58854,0],[58342,0],]]
[58599,19,63,[[58600,0],[58598,0],[58855,0],[58854,0],[58343,0],]]
[58600,17,63,[[58599,0],[58601,0],[58856,0],[58344,0],]]
[58601,12,63,[[58602,0],[58600,0],[58857,0],[58856,0],[58345,0],]]
[58602,13,63,[[58601,0],[58603,0],[58858,0],[58346,0],]]
[58603,4,63,[[58604,0],[58602,0],[58859,0],[58858,0],[58347,0],]]
[58604,6,63,[[58603,0],[58605,0],[58860,0],[58348,0],]]
[58605,6,63,[[58606,0],[58604,0],[58861,0],[58860,0],[58349,0],]]
[58606,7,63,[[58605,0],[58607,0],[58862,0],[58350,0],]]
[58607,1,63,[[58608,0],[58606,0],[58863,0],[58862,0],[58351,0],]]
[58608,9,63,[[58607,0],[58609,0],[58864,0],[58352,0],]]
[58609,13,63,[[58610,0],[58608,0],[58865,0],[58864,0],[58353,0],]]
[58610,15,63,[[58609,0],[58611,0],[58866,0],[58354,0],]]
[58611,19,63,[[58612,0],[58610,0],[58867,0],[58866,0],[58355,0],]]
[58612,3,63,[[58611,0],[58613,0],[58868,0],[58356,0],]]
[58613,7,63,[[58614,0],[58612,0],[58869,0],[58868,0],[58357,0],]]
[58614,5,63,[[58613,0],[58615,0],[58870,0],[58358,0],]]
[58615,17,63,[[58616,0],[58614,0],[58871,0],[58870,0],[58359,0],]]
[58616,3,63,[[58615,0],[58617,0],[58872,0],[58360,0],]]
[58617,6,63,[[58618,0],[58616,0],[58873,0],[58872,0],[58361,0],]]
[58618,3,63,[[58617,0],[58619,0],[58874,0],[58362,0],]]
[58619,2,63,[[58620,0],[58618,0],[58875,0],[58874,0],[58363,0],]]
[58620,3,63,[[58619,0],[58621,0],[58876,0],[58364,0],]]
[58621,4,63,[[58622,0],[58620,0],[58877,0],[58876,0],[58365,0],]]
[58622,3,63,[[58621,0],[58623,0],[58878,0],[58366,0],]]
[58623,18,63,[[58622,0],[58879,0],[58878,0],[58367,0],]]
[58624,1,56,[[58625,0],[58368,0],[58369,0],[58880,0],]]
[58625,1,56,[[58626,0],[58624,0],[58369,0],[58881,0],]]
[58626,5,56,[[58625,0],[58627,0],[58370,0],[58371,0],[58882,0],]]
[58627,19,56,[[58628,0],[58626,0],[58371,0],[58883,0],]]
[58628,11,56,[[58627,0],[58629,0],[58372,0],[58373,0],[58884,0],]]
[58629,19,56,[[58630,0],[58628,0],[58373,0],[58885,0],]]
[58630,9,56,[[58629,0],[58631,0],[58374,0],[58375,0],[58886,0],]]
[58631,19,56,[[58632,0],[58630,0],[58375,0],[58887,0],]]
[58632,1,56,[[58631,0],[58633,0],[58376,0],[58377,0],[58888,0],]]
[58633,11,56,[[58634,0],[58632,0],[58377,0],[58889,0],]]
[58634,3,56,[[58633,0],[58635,0],[58378,0],[58379,0],[58890,0],]]
[58635,10,56,[[58636,0],[58634,0],[58379,0],[58891,0],]]
[58636,15,56,[[58635,0],[58637,0],[58380,0],[58381,0],[58892,0],]]
[58637,19,56,[[58638,0],[58636,0],[58381,0],[58893,0],]]
[58638,5,56,[[58637,0],[58639,0],[58382,0],[58383,0],[58894,0],]]
[58639,7,56,[[58640,0],[58638,0],[58383,0],[58895,0],]]
[58640,7,56,[[58639,0],[58641,0],[58384,0],[58385,0],[58896,0],]]
[58641,3,56,[[58642,0],[58640,0],[58385,0],[58897,0],]]
[58642,6,56,[[58641,0],[58643,0],[58386,0],[58387,0],[58898,0],]]
[58643,8,56,[[58644,0],[58642,0],[58387,0],[58899,0],]]
[58644,13,56,[[58643,0],[58645,0],[58388,0],[58389,0],[58900,0],]]
[58645,2,56,[[58646,0],[58644,0],[58389,0],[58901,0],]]
[58646,11,56,[[58645,0],[58647,0],[58390,0],[58391,0],[58902,0],]]
[58647,7,56,[[58648,0],[58646,0],[58391,0],[58903,0],]]
[58648,18,56,[[58647,0],[58649,0],[58392,0],[58393,0],[58904,0],]]
[58649,19,56,[[58650,0],[58648,0],[58393,0],[58905,0],]]
[58650,11,56,[[58649,0],[58651,0],[58394,0],[58395,0],[58906,0],]]
[58651,14,56,[[58652,0],[58650,0],[58395,0],[58907,0],]]
[58652,10,56,[[58651,0],[58653,0],[58396,0],[58397,0],[58908,0],]]
[58653,13,56,[[58654,0],[58652,0],[58397,0],[58909,0],]]
[58654,9,56,[[58653,0],[58655,0],[58398,0],[58399,0],[58910,0],]]
[58655,16,56,[[58656,0],[58654,0],[58399,0],[58911,0],]]
[58656,7,57,[[58655,0],[58657,0],[58400,0],[58401,0],[58912,0],]]
[58657,14,57,[[58658,0],[58656,0],[58401,0],[58913,0],]]
[58658,2,57,[[58657,0],[58659,0],[58402,0],[58403,0],[58914,0],]]
[58659,8,57,[[58660,0],[58658,0],[58403,0],[58915,0],]]
[58660,9,57,[[58659,0],[58661,0],[58404,0],[58405,0],[58916,0],]]
[58661,11,57,[[58662,0],[58660,0],[58405,0],[58917,0],]]
[58662,9,57,[[58661,0],[58663,0],[58406,0],[58407,0],[58918,0],]]
[58663,10,57,[[58664,0],[58662,0],[58407,0],[58919,0],]]
[58664,10,57,[[58663,0],[58665,0],[58408,0],[58409,0],[58920,0],]]
[58665,10,57,[[58666,0],[58664,0],[58409,0],[58921,0],]]
[58666,19,57,[[58665,0],[58667,0],[58410,0],[58411,0],[58922,0],]]
[58667,4,57,[[58668,0],[58666,0],[58411,0],[58923,0],]]
[58668,16,57,[[58667,0],[58669,0],[58412,0],[58413,0],[58924,0],]]
[58669,1,57,[[58670,0],[58668,0],[58413,0],[58925,0],]]
[58670,12,57,[[58669,0],[58671,0],[58414,0],[58415,0],[58926,0],]]
[58671,6,57,[[58672,0],[58670,0],[58415,0],[58927,0],]]
[58672,9,57,[[58671,0],[58673,0],[58416,0],[58417,0],[58928,0],]]
[58673,13,57,[[58674,0],[58672,0],[58417,0],[58929,0],]]
[58674,10,57,[[58673,0],[58675,0],[58418,0],[58419,0],[58930,0],]]
[58675,1,57,[[58676,0],[58674,0],[58419,0],[58931,0],]]
[58676,17,57,[[58675,0],[58677,0],[58420,0],[58421,0],[58932,0],]]
[58677,8,57,[[58678,0],[58676,0],[58421,0],[58933,0],]]
[58678,6,57,[[58677,0],[58679,0],[58422,0],[58423,0],[58934,0],]]
[58679,19,57,[[58680,0],[58678,0],[58423,0],[58935,0],]]
[58680,12,57,[[58679,0],[58681,0],[58424,0],[58425,0],[58936,0],]]
[58681,3,57,[[58682,0],[58680,0],[58425,0],[58937,0],]]
[58682,11,57,[[58681,0],[58683,0],[58426,0],[58427,0],[58938,0],]]
[58683,15,57,[[58684,0],[58682,0],[58427,0],[58939,0],]]
[58684,5,57,[[58683,0],[58685,0],[58428,0],[58429,0],[58940,0],]]
[58685,11,57,[[58686,0],[58684,0],[58429,0],[58941,0],]]
[58686,3,57,[[58685,0],[58687,0],[58430,0],[58431,0],[58942,0],]]
[58687,5,57,[[58688,0],[58686,0],[58431,0],[58943,0],]]
[58688,11,58,[[58687,0],[58689,0],[58432,0],[58433,0],[58944,0],]]
[58689,3,58,[[58690,0],[58688,0],[58433,0],[58945,0],]]
[58690,15,58,[[58689,0],[58691,0],[58434,0],[58435,0],[58946,0],]]
[58691,15,58,[[58692,0],[58690,0],[58435,0],[58947,0],]]
[58692,18,58,[[58691,0],[58693,0],[58436,0],[58437,0],[58948,0],]]
[58693,14,58,[[58694,0],[58692,0],[58437,0],[58949,0],]]
[58694,17,58,[[58693,0],[58695,0],[58438,0],[58439,0],[58950,0],]]
[58695,14,58,[[58696,0],[58694,0],[58439,0],[58951,0],]]
[58696,3,58,[[58695,0],[58697,0],[58440,0],[58441,0],[58952,0],]]
[58697,6,58,[[58698,0],[58696,0],[58441,0],[58953,0],]]
[58698,15,58,[[58697,0],[58699,0],[58442,0],[58443,0],[58954,0],]]
[58699,19,58,[[58700,0],[58698,0],[58443,0],[58955,0],]]
[58700,19,58,[[58699,0],[58701,0],[58444,0],[58445,0],[58956,0],]]
[58701,3,58,[[58702,0],[58700,0],[58445,0],[58957,0],]]
[58702,10,58,[[58701,0],[58703,0],[58446,0],[58447,0],[58958,0],]]
[58703,17,58,[[58704,0],[58702,0],[58447,0],[58959,0],]]
[58704,14,58,[[58703,0],[58705,0],[58448,0],[58449,0],[58960,0],]]
[58705,19,58,[[58706,0],[58704,0],[58449,0],[58961,0],]]
[58706,8,58,[[58705,0],[58707,0],[58450,0],[58451,0],[58962,0],]]
[58707,7,58,[[58708,0],[58706,0],[58451,0],[58963,0],]]
[58708,14,58,[[58707,0],[58709,0],[58452,0],[58453,0],[58964,0],]]
[58709,9,58,[[58710,0],[58708,0],[58453,0],[58965,0],]]
[58710,10,58,[[58709,0],[58711,0],[58454,0],[58455,0],[58966,0],]]
[58711,15,58,[[58712,0],[58710,0],[58455,0],[58967,0],]]
[58712,9,58,[[58711,0],[58713,0],[58456,0],[58457,0],[58968,0],]]
[58713,7,58,[[58714,0],[58712,0],[58457,0],[58969,0],]]
[58714,12,58,[[58713,0],[58715,0],[58458,0],[58459,0],[58970,0],]]
[58715,13,58,[[58716,0],[58714,0],[58459,0],[58971,0],]]
[58716,16,58,[[58715,0],[58717,0],[58460,0],[58461,0],[58972,0],]]
[58717,13,58,[[58718,0],[58716,0],[58461,0],[58973,0],]]
[58718,3,58,[[58717,0],[58719,0],[58462,0],[58463,0],[58974,0],]]
[58719,3,58,[[58720,0],[58718,0],[58463,0],[58975,0],]]
[58720,7,59,[[58719,0],[58721,0],[58464,0],[58465,0],[58976,0],]]
[58721,17,59,[[58722,0],[58720,0],[58465,0],[58977,0],]]
[58722,10,59,[[58721,0],[58723,0],[58466,0],[58467,0],[58978,0],]]
[58723,17,59,[[58724,0],[58722,0],[58467,0],[58979,0],]]
[58724,2,59,[[58723,0],[58725,0],[58468,0],[58469,0],[58980,0],]]
[58725,2,59,[[58726,0],[58724,0],[58469,0],[58981,0],]]
[58726,14,59,[[58725,0],[58727,0],[58470,0],[58471,0],[58982,0],]]
[58727,12,59,[[58728,0],[58726,0],[58471,0],[58983,0],]]
[58728,19,59,[[58727,0],[58729,0],[58472,0],[58473,0],[58984,0],]]
[58729,6,59,[[58730,0],[58728,0],[58473,0],[58985,0],]]
[58730,1,59,[[58729,0],[58731,0],[58474,0],[58475,0],[58986,0],]]
[58731,17,59,[[58732,0],[58730,0],[58475,0],[58987,0],]]
[58732,4,59,[[58731,0],[58733,0],[58476,0],[58477,0],[58988,0],]]
[58733,15,59,[[58734,0],[58732,0],[58477,0],[58989,0],]]
[58734,7,59,[[58733,0],[58735,0],[58478,0],[58479,0],[58990,0],]]
[58735,19,59,[[58736,0],[58734,0],[58479,0],[58991,0],]]
[58736,6,59,[[58735,0],[58737,0],[58480,0],[58481,0],[58992,0],]]
[58737,12,59,[[58738,0],[58736,0],[58481,0],[58993,0],]]
[58738,17,59,[[58737,0],[58739,0],[58482,0],[58483,0],[58994,0],]]
[58739,6,59,[[58740,0],[58738,0],[58483,0],[58995,0],]]
[58740,9,59,[[58739,0],[58741,0],[58484,0],[58485,0],[58996,0],]]
[58741,12,59,[[58742,0],[58740,0],[58485,0],[58997,0],]]
[58742,7,59,[[58741,0],[58743,0],[58486,0],[58487,0],[58998,0],]]
[58743,11,59,[[58744,0],[58742,0],[58487,0],[58999,0],]]
[58744,11,59,[[58743,0],[58745,0],[58488,0],[58489,0],[59000,0],]]
[58745,17,59,[[58746,0],[58744,0],[58489,0],[59001,0],]]
[58746,2,59,[[58745,0],[58747,0],[58490,0],[58491,0],[59002,0],]]
[58747,7,59,[[58748,0],[58746,0],[58491,0],[59003,0],]]
[58748,16,59,[[58747,0],[58749,0],[58492,0],[58493,0],[59004,0],]]
[58749,19,59,[[58750,0],[58748,0],[58493,0],[59005,0],]]
[58750,18,59,[[58749,0],[58751,0],[58494,0],[58495,0],[59006,0],]]
[58751,17,59,[[58752,0],[58750,0],[58495,0],[59007,0],]]
[58752,15,60,[[58751,0],[58753,0],[58496,0],[58497,0],[59008,0],]]
[58753,3,60,[[58754,0],[58752,0],[58497,0],[59009,0],]]
[58754,19,60,[[58753,0],[58755,0],[58498,0],[58499,0],[59010,0],]]
[58755,7,60,[[58756,0],[58754,0],[58499,0],[59011,0],]]
[58756,5,60,[[58755,0],[58757,0],[58500,0],[58501,0],[59012,0],]]
[58757,1,60,[[58758,0],[58756,0],[58501,0],[59013,0],]]
[58758,17,60,[[58757,0],[58759,0],[58502,0],[58503,0],[59014,0],]]
[58759,11,60,[[58760,0],[58758,0],[58503,0],[59015,0],]]
[58760,6,60,[[58759,0],[58761,0],[58504,0],[58505,0],[59016,0],]]
[58761,7,60,[[58762,0],[58760,0],[58505,0],[59017,0],]]
[58762,16,60,[[58761,0],[58763,0],[58506,0],[58507,0],[59018,0],]]
[58763,5,60,[[58764,0],[58762,0],[58507,0],[59019,0],]]
[58764,19,60,[[58763,0],[58765,0],[58508,0],[58509,0],[59020,0],]]
[58765,8,60,[[58766,0],[58764,0],[58509,0],[59021,0],]]
[58766,7,60,[[58765,0],[58767,0],[58510,0],[58511,0],[59022,0],]]
[58767,9,60,[[58768,0],[58766,0],[58511,0],[59023,0],]]
[58768,10,60,[[58767,0],[58769,0],[58512,0],[58513,0],[59024,0],]]
[58769,12,60,[[58770,0],[58768,0],[58513,0],[59025,0],]]
[58770,19,60,[[58769,0],[58771,0],[58514,0],[58515,0],[59026,0],]]
[58771,7,60,[[58772,0],[58770,0],[58515,0],[59027,0],]]
[58772,8,60,[[58771,0],[58773,0],[58516,0],[58517,0],[59028,0],]]
[58773,8,60,[[58774,0],[58772,0],[58517,0],[59029,0],]]
[58774,15,60,[[58773,0],[58775,0],[58518,0],[58519,0],[59030,0],]]
[58775,1,60,[[58776,0],[58774,0],[58519,0],[59031,0],]]
[58776,9,60,[[58775,0],[58777,0],[58520,0],[58521,0],[59032,0],]]
[58777,17,60,[[58778,0],[58776,0],[58521,0],[59033,0],]]
[58778,14,60,[[58777,0],[58779,0],[58522,0],[58523,0],[59034,0],]]
[58779,1,60,[[58780,0],[58778,0],[58523,0],[59035,0],]]
[58780,8,60,[[58779,0],[58781,0],[58524,0],[58525,0],[59036,0],]]
[58781,9,60,[[58782,0],[58780,0],[58525,0],[59037,0],]]
[58782,10,60,[[58781,0],[58783,0],[58526,0],[58527,0],[59038,0],]]
[58783,4,60,[[58784,0],[58782,0],[58527,0],[59039,0],]]
[58784,19,61,[[58783,0],[58785,0],[58528,0],[58529,0],[59040,0],]]
[58785,19,61,[[58786,0],[58784,0],[58529,0],[59041,0],]]
[58786,18,61,[[58785,0],[58787,0],[58530,0],[58531,0],[59042,0],]]
[58787,3,61,[[58788,0],[58786,0],[58531,0],[59043,0],]]
[58788,15,61,[[58787,0],[58789,0],[58532,0],[58533,0],[59044,0],]]
[58789,5,61,[[58790,0],[58788,0],[58533,0],[59045,0],]]
[58790,7,61,[[58789,0],[58791,0],[58534,0],[58535,0],[59046,0],]]
[58791,9,61,[[58792,0],[58790,0],[58535,0],[59047,0],]]
[58792,12,61,[[58791,0],[58793,0],[58536,0],[58537,0],[59048,0],]]
[58793,8,61,[[58794,0],[58792,0],[58537,0],[59049,0],]]
[58794,6,61,[[58793,0],[58795,0],[58538,0],[58539,0],[59050,0],]]
[58795,1,61,[[58796,0],[58794,0],[58539,0],[59051,0],]]
[58796,14,61,[[58795,0],[58797,0],[58540,0],[58541,0],[59052,0],]]
[58797,12,61,[[58798,0],[58796,0],[58541,0],[59053,0],]]
[58798,17,61,[[58797,0],[58799,0],[58542,0],[58543,0],[59054,0],]]
[58799,2,61,[[58800,0],[58798,0],[58543,0],[59055,0],]]
[58800,9,61,[[58799,0],[58801,0],[58544,0],[58545,0],[59056,0],]]
[58801,9,61,[[58802,0],[58800,0],[58545,0],[59057,0],]]
[58802,6,61,[[58801,0],[58803,0],[58546,0],[58547,0],[59058,0],]]
[58803,8,61,[[58804,0],[58802,0],[58547,0],[59059,0],]]
[58804,15,61,[[58803,0],[58805,0],[58548,0],[58549,0],[59060,0],]]
[58805,9,61,[[58806,0],[58804,0],[58549,0],[59061,0],]]
[58806,19,61,[[58805,0],[58807,0],[58550,0],[58551,0],[59062,0],]]
[58807,2,61,[[58808,0],[58806,0],[58551,0],[59063,0],]]
[58808,4,61,[[58807,0],[58809,0],[58552,0],[58553,0],[59064,0],]]
[58809,12,61,[[58810,0],[58808,0],[58553,0],[59065,0],]]
[58810,9,61,[[58809,0],[58811,0],[58554,0],[58555,0],[59066,0],]]
[58811,15,61,[[58812,0],[58810,0],[58555,0],[59067,0],]]
[58812,15,61,[[58811,0],[58813,0],[58556,0],[58557,0],[59068,0],]]
[58813,2,61,[[58814,0],[58812,0],[58557,0],[59069,0],]]
[58814,19,61,[[58813,0],[58815,0],[58558,0],[58559,0],[59070,0],]]
[58815,12,61,[[58816,0],[58814,0],[58559,0],[59071,0],]]
[58816,16,62,[[58815,0],[58817,0],[58560,0],[58561,0],[59072,0],]]
[58817,16,62,[[58818,0],[58816,0],[58561,0],[59073,0],]]
[58818,3,62,[[58817,0],[58819,0],[58562,0],[58563,0],[59074,0],]]
[58819,15,62,[[58820,0],[58818,0],[58563,0],[59075,0],]]
[58820,15,62,[[58819,0],[58821,0],[58564,0],[58565,0],[59076,0],]]
[58821,12,62,[[58822,0],[58820,0],[58565,0],[59077,0],]]
[58822,16,62,[[58821,0],[58823,0],[58566,0],[58567,0],[59078,0],]]
[58823,16,62,[[58824,0],[58822,0],[58567,0],[59079,0],]]
[58824,1,62,[[58823,0],[58825,0],[58568,0],[58569,0],[59080,0],]]
[58825,4,62,[[58826,0],[58824,0],[58569,0],[59081,0],]]
[58826,10,62,[[58825,0],[58827,0],[58570,0],[58571,0],[59082,0],]]
[58827,8,62,[[58828,0],[58826,0],[58571,0],[59083,0],]]
[58828,9,62,[[58827,0],[58829,0],[58572,0],[58573,0],[59084,0],]]
[58829,1,62,[[58830,0],[58828,0],[58573,0],[59085,0],]]
[58830,2,62,[[58829,0],[58831,0],[58574,0],[58575,0],[59086,0],]]
[58831,5,62,[[58832,0],[58830,0],[58575,0],[59087,0],]]
[58832,1,62,[[58831,0],[58833,0],[58576,0],[58577,0],[59088,0],]]
[58833,4,62,[[58834,0],[58832,0],[58577,0],[59089,0],]]
[58834,15,62,[[58833,0],[58835,0],[58578,0],[58579,0],[59090,0],]]
[58835,7,62,[[58836,0],[58834,0],[58579,0],[59091,0],]]
[58836,10,62,[[58835,0],[58837,0],[58580,0],[58581,0],[59092,0],]]
[58837,16,62,[[58838,0],[58836,0],[58581,0],[59093,0],]]
[58838,7,62,[[58837,0],[58839,0],[58582,0],[58583,0],[59094,0],]]
[58839,8,62,[[58840,0],[58838,0],[58583,0],[59095,0],]]
[58840,15,62,[[58839,0],[58841,0],[58584,0],[58585,0],[59096,0],]]
[58841,3,62,[[58842,0],[58840,0],[58585,0],[59097,0],]]
[58842,12,62,[[58841,0],[58843,0],[58586,0],[58587,0],[59098,0],]]
[58843,17,62,[[58844,0],[58842,0],[58587,0],[59099,0],]]
[58844,5,62,[[58843,0],[58845,0],[58588,0],[58589,0],[59100,0],]]
[58845,5,62,[[58846,0],[58844,0],[58589,0],[59101,0],]]
[58846,12,62,[[58845,0],[58847,0],[58590,0],[58591,0],[59102,0],]]
[58847,16,62,[[58848,0],[58846,0],[58591,0],[59103,0],]]
[58848,8,63,[[58847,0],[58849,0],[58592,0],[58593,0],[59104,0],]]
[58849,17,63,[[58850,0],[58848,0],[58593,0],[59105,0],]]
[58850,3,63,[[58849,0],[58851,0],[58594,0],[58595,0],[59106,0],]]
[58851,17,63,[[58852,0],[58850,0],[58595,0],[59107,0],]]
[58852,1,63,[[58851,0],[58853,0],[58596,0],[58597,0],[59108,0],]]
[58853,10,63,[[58854,0],[58852,0],[58597,0],[59109,0],]]
[58854,15,63,[[58853,0],[58855,0],[58598,0],[58599,0],[59110,0],]]
[58855,2,63,[[58856,0],[58854,0],[58599,0],[59111,0],]]
[58856,19,63,[[58855,0],[58857,0],[58600,0],[58601,0],[59112,0],]]
[58857,8,63,[[58858,0],[58856,0],[58601,0],[59113,0],]]
[58858,2,63,[[58857,0],[58859,0],[58602,0],[58603,0],[59114,0],]]
[58859,3,63,[[58860,0],[58858,0],[58603,0],[59115,0],]]
[58860,6,63,[[58859,0],[58861,0],[58604,0],[58605,0],[59116,0],]]
[58861,13,63,[[58862,0],[58860,0],[58605,0],[59117,0],]]
[58862,6,63,[[58861,0],[58863,0],[58606,0],[58607,0],[59118,0],]]
[58863,4,63,[[58864,0],[58862,0],[58607,0],[59119,0],]]
[58864,14,63,[[58863,0],[58865,0],[58608,0],[58609,0],[59120,0],]]
[58865,7,63,[[58866,0],[58864,0],[58609,0],[59121,0],]]
[58866,14,63,[[58865,0],[58867,0],[58610,0],[58611,0],[59122,0],]]
[58867,13,63,[[58868,0],[58866,0],[58611,0],[59123,0],]]
[58868,17,63,[[58867,0],[58869,0],[58612,0],[58613,0],[59124,0],]]
[58869,14,63,[[58870,0],[58868,0],[58613,0],[59125,0],]]
[58870,18,63,[[58869,0],[58871,0],[58614,0],[58615,0],[59126,0],]]
[58871,18,63,[[58872,0],[58870,0],[58615,0],[59127,0],]]
[58872,4,63,[[58871,0],[58873,0],[58616,0],[58617,0],[59128,0],]]
[58873,3,63,[[58874,0],[58872,0],[58617,0],[59129,0],]]
[58874,15,63,[[58873,0],[58875,0],[58618,0],[58619,0],[59130,0],]]
[58875,12,63,[[58876,0],[58874,0],[58619,0],[59131,0],]]
[58876,4,63,[[58875,0],[58877,0],[58620,0],[58621,0],[59132,0],]]
[58877,5,63,[[58878,0],[58876,0],[58621,0],[59133,0],]]
[58878,17,63,[[58877,0],[58879,0],[58622,0],[58623,0],[59134,0],]]
[58879,17,63,[[58878,0],[58623,0],[59135,0],]]
[58880,9,56,[[58881,0],[59136,0],[58624,0],]]
[58881,17,56,[[58882,0],[58880,0],[59137,0],[59136,0],[58625,0],]]
[58882,8,56,[[58881,0],[58883,0],[59138,0],[58626,0],]]
[58883,15,56,[[58884,0],[58882,0],[59139,0],[59138,0],[58627,0],]]
[58884,5,56,[[58883,0],[58885,0],[59140,0],[58628,0],]]
[58885,11,56,[[58886,0],[58884,0],[59141,0],[59140,0],[58629,0],]]
[58886,14,56,[[58885,0],[58887,0],[59142,0],[58630,0],]]
[58887,18,56,[[58888,0],[58886,0],[59143,0],[59142,0],[58631,0],]]
[58888,13,56,[[58887,0],[58889,0],[59144,0],[58632,0],]]
[58889,2,56,[[58890,0],[58888,0],[59145,0],[59144,0],[58633,0],]]
[58890,17,56,[[58889,0],[58891,0],[59146,0],[58634,0],]]
[58891,10,56,[[58892,0],[58890,0],[59147,0],[59146,0],[58635,0],]]
[58892,7,56,[[58891,0],[58893,0],[59148,0],[58636,0],]]
[58893,11,56,[[58894,0],[58892,0],[59149,0],[59148,0],[58637,0],]]
[58894,6,56,[[58893,0],[58895,0],[59150,0],[58638,0],]]
[58895,1,56,[[58896,0],[58894,0],[59151,0],[59150,0],[58639,0],]]
[58896,18,56,[[58895,0],[58897,0],[59152,0],[58640,0],]]
[58897,9,56,[[58898,0],[58896,0],[59153,0],[59152,0],[58641,0],]]
[58898,16,56,[[58897,0],[58899,0],[59154,0],[58642,0],]]
[58899,18,56,[[58900,0],[58898,0],[59155,0],[59154,0],[58643,0],]]
[58900,13,56,[[58899,0],[58901,0],[59156,0],[58644,0],]]
[58901,6,56,[[58902,0],[58900,0],[59157,0],[59156,0],[58645,0],]]
[58902,14,56,[[58901,0],[58903,0],[59158,0],[58646,0],]]
[58903,14,56,[[58904,0],[58902,0],[59159,0],[59158,0],[58647,0],]]
[58904,12,56,[[58903,0],[58905,0],[59160,0],[58648,0],]]
[58905,19,56,[[58906,0],[58904,0],[59161,0],[59160,0],[58649,0],]]
[58906,8,56,[[58905,0],[58907,0],[59162,0],[58650,0],]]
[58907,17,56,[[58908,0],[58906,0],[59163,0],[59162,0],[58651,0],]]
[58908,12,56,[[58907,0],[58909,0],[59164,0],[58652,0],]]
[58909,18,56,[[58910,0],[58908,0],[59165,0],[59164,0],[58653,0],]]
[58910,9,56,[[58909,0],[58911,0],[59166,0],[58654,0],]]
[58911,5,56,[[58912,0],[58910,0],[59167,0],[59166,0],[58655,0],]]
[58912,7,57,[[58911,0],[58913,0],[59168,0],[58656,0],]]
[58913,7,57,[[58914,0],[58912,0],[59169,0],[59168,0],[58657,0],]]
[58914,12,57,[[58913,0],[58915,0],[59170,0],[58658,0],]]
[58915,14,57,[[58916,0],[58914,0],[59171,0],[59170,0],[58659,0],]]
[58916,16,57,[[58915,0],[58917,0],[59172,0],[58660,0],]]
[58917,15,57,[[58918,0],[58916,0],[59173,0],[59172,0],[58661,0],]]
[58918,19,57,[[58917,0],[58919,0],[59174,0],[58662,0],]]
[58919,11,57,[[58920,0],[58918,0],[59175,0],[59174,0],[58663,0],]]
[58920,13,57,[[58919,0],[58921,0],[59176,0],[58664,0],]]
[58921,4,57,[[58922,0],[58920,0],[59177,0],[59176,0],[58665,0],]]
[58922,15,57,[[58921,0],[58923,0],[59178,0],[58666,0],]]
[58923,18,57,[[58924,0],[58922,0],[59179,0],[59178,0],[58667,0],]]
[58924,13,57,[[58923,0],[58925,0],[59180,0],[58668,0],]]
[58925,12,57,[[58926,0],[58924,0],[59181,0],[59180,0],[58669,0],]]
[58926,10,57,[[58925,0],[58927,0],[59182,0],[58670,0],]]
[58927,16,57,[[58928,0],[58926,0],[59183,0],[59182,0],[58671,0],]]
[58928,15,57,[[58927,0],[58929,0],[59184,0],[58672,0],]]
[58929,6,57,[[58930,0],[58928,0],[59185,0],[59184,0],[58673,0],]]
[58930,13,57,[[58929,0],[58931,0],[59186,0],[58674,0],]]
[58931,6,57,[[58932,0],[58930,0],[59187,0],[59186,0],[58675,0],]]
[58932,19,57,[[58931,0],[58933,0],[59188,0],[58676,0],]]
[58933,5,57,[[58934,0],[58932,0],[59189,0],[59188,0],[58677,0],]]
[58934,8,57,[[58933,0],[58935,0],[59190,0],[58678,0],]]
[58935,11,57,[[58936,0],[58934,0],[59191,0],[59190,0],[58679,0],]]
[58936,11,57,[[58935,0],[58937,0],[59192,0],[58680,0],]]
[58937,4,57,[[58938,0],[58936,0],[59193,0],[59192,0],[58681,0],]]
[58938,4,57,[[58937,0],[58939,0],[59194,0],[58682,0],]]
[58939,19,57,[[58940,0],[58938,0],[59195,0],[59194,0],[58683,0],]]
[58940,4,57,[[58939,0],[58941,0],[59196,0],[58684,0],]]
[58941,4,57,[[58942,0],[58940,0],[59197,0],[59196,0],[58685,0],]]
[58942,9,57,[[58941,0],[58943,0],[59198,0],[58686,0],]]
[58943,12,57,[[58944,0],[58942,0],[59199,0],[59198,0],[58687,0],]]
[58944,6,58,[[58943,0],[58945,0],[59200,0],[58688,0],]]
[58945,12,58,[[58946,0],[58944,0],[59201,0],[59200,0],[58689,0],]]
[58946,11,58,[[58945,0],[58947,0],[59202,0],[58690,0],]]
[58947,18,58,[[58948,0],[58946,0],[59203,0],[59202,0],[58691,0],]]
[58948,18,58,[[58947,0],[58949,0],[59204,0],[58692,0],]]
[58949,18,58,[[58950,0],[58948,0],[59205,0],[59204,0],[58693,0],]]
[58950,12,58,[[58949,0],[58951,0],[59206,0],[58694,0],]]
[58951,15,58,[[58952,0],[58950,0],[59207,0],[59206,0],[58695,0],]]
[58952,18,58,[[58951,0],[58953,0],[59208,0],[58696,0],]]
[58953,5,58,[[58954,0],[58952,0],[59209,0],[59208,0],[58697,0],]]
[58954,9,58,[[58953,0],[58955,0],[59210,0],[58698,0],]]
[58955,11,58,[[58956,0],[58954,0],[59211,0],[59210,0],[58699,0],]]
[58956,5,58,[[58955,0],[58957,0],[59212,0],[58700,0],]]
[58957,14,58,[[58958,0],[58956,0],[59213,0],[59212,0],[58701,0],]]
[58958,11,58,[[58957,0],[58959,0],[59214,0],[58702,0],]]
[58959,6,58,[[58960,0],[58958,0],[59215,0],[59214,0],[58703,0],]]
[58960,13,58,[[58959,0],[58961,0],[59216,0],[58704,0],]]
[58961,7,58,[[58962,0],[58960,0],[59217,0],[59216,0],[58705,0],]]
[58962,11,58,[[58961,0],[58963,0],[59218,0],[58706,0],]]
[58963,9,58,[[58964,0],[58962,0],[59219,0],[59218,0],[58707,0],]]
[58964,15,58,[[58963,0],[58965,0],[59220,0],[58708,0],]]
[58965,6,58,[[58966,0],[58964,0],[59221,0],[59220,0],[58709,0],]]
[58966,7,58,[[58965,0],[58967,0],[59222,0],[58710,0],]]
[58967,7,58,[[58968,0],[58966,0],[59223,0],[59222,0],[58711,0],]]
[58968,9,58,[[58967,0],[58969,0],[59224,0],[58712,0],]]
[58969,4,58,[[58970,0],[58968,0],[59225,0],[59224,0],[58713,0],]]
[58970,4,58,[[58969,0],[58971,0],[59226,0],[58714,0],]]
[58971,9,58,[[58972,0],[58970,0],[59227,0],[59226,0],[58715,0],]]
[58972,15,58,[[58971,0],[58973,0],[59228,0],[58716,0],]]
[58973,8,58,[[58974,0],[58972,0],[59229,0],[59228,0],[58717,0],]]
[58974,3,58,[[58973,0],[58975,0],[59230,0],[58718,0],]]
[58975,6,58,[[58976,0],[58974,0],[59231,0],[59230,0],[58719,0],]]
[58976,8,59,[[58975,0],[58977,0],[59232,0],[58720,0],]]
[58977,6,59,[[58978,0],[58976,0],[59233,0],[59232,0],[58721,0],]]
[58978,8,59,[[58977,0],[58979,0],[59234,0],[58722,0],]]
[58979,16,59,[[58980,0],[58978,0],[59235,0],[59234,0],[58723,0],]]
[58980,18,59,[[58979,0],[58981,0],[59236,0],[58724,0],]]
[58981,11,59,[[58982,0],[58980,0],[59237,0],[59236,0],[58725,0],]]
