[5242,19,3,[[5241,0],[5243,0],[5498,0],[4986,0],]]
[5243,4,3,[[5244,0],[5242,0],[5499,0],[5498,0],[4987,0],]]
[5244,19,3,[[5243,0],[5245,0],[5500,0],[4988,0],]]
[5245,19,3,[[5246,0],[5244,0],[5501,0],[5500,0],[4989,0],]]
[5246,16,3,[[5245,0],[5247,0],[5502,0],[4990,0],]]
[5247,14,3,[[5248,0],[5246,0],[5503,0],[5502,0],[4991,0],]]
[5248,3,4,[[5247,0],[5249,0],[5504,0],[4992,0],]]
[5249,11,4,[[5250,0],[5248,0],[5505,0],[5504,0],[4993,0],]]
[5250,4,4,[[5249,0],[5251,0],[5506,0],[4994,0],]]
[5251,4,4,[[5252,0],[5250,0],[5507,0],[5506,0],[4995,0],]]
[5252,4,4,[[5251,0],[5253,0],[5508,0],[4996,0],]]
[5253,19,4,[[5254,0],[5252,0],[5509,0],[5508,0],[4997,0],]]
[5254,15,4,[[5253,0],[5255,0],[5510,0],[4998,0],]]
[5255,2,4,[[5256,0],[5254,0],[5511,0],[5510,0],[4999,0],]]
[5256,1,4,[[5255,0],[5257,0],[5512,0],[5000,0],]]
[5257,7,4,[[5258,0],[5256,0],[5513,0],[5512,0],[5001,0],]]
[5258,19,4,[[5257,0],[5259,0],[5514,0],[5002,0],]]
[5259,12,4,[[5260,0],[5258,0],[5515,0],[5514,0],[5003,0],]]
[5260,6,4,[[5259,0],[5261,0],[5516,0],[5004,0],]]
[5261,17,4,[[5262,0],[5260,0],[5517,0],[5516,0],[5005,0],]]
[5262,5,4,[[5261,0],[5263,0],[5518,0],[5006,0],]]
[5263,14,4,[[5264,0],[5262,0],[5519,0],[5518,0],[5007,0],]]
[5264,6,4,[[5263,0],[5265,0],[5520,0],[5008,0],]]
[5265,11,4,[[5266,0],[5264,0],[5521,0],[5520,0],[5009,0],]]
[5266,7,4,[[5265,0],[5267,0],[5522,0],[5010,0],]]
[5267,19,4,[[5268,0],[5266,0],[5523,0],[5522,0],[5011,0],]]
[5268,6,4,[[5267,0],[5269,0],[5524,0],[5012,0],]]
[5269,16,4,[[5270,0],[5268,0],[5525,0],[5524,0],[5013,0],]]
[5270,16,4,[[5269,0],[5271,0],[5526,0],[5014,0],]]
[5271,6,4,[[5272,0],[5270,0],[5527,0],[5526,0],[5015,0],]]
[5272,6,4,[[5271,0],[5273,0],[5528,0],[5016,0],]]
[5273,9,4,[[5274,0],[5272,0],[5529,0],[5528,0],[5017,0],]]
[5274,10,4,[[5273,0],[5275,0],[5530,0],[5018,0],]]
[5275,18,4,[[5276,0],[5274,0],[5531,0],[5530,0],[5019,0],]]
[5276,4,4,[[5275,0],[5277,0],[5532,0],[5020,0],]]
[5277,1,4,[[5278,0],[5276,0],[5533,0],[5532,0],[5021,0],]]
[5278,6,4,[[5277,0],[5279,0],[5534,0],[5022,0],]]
[5279,6,4,[[5280,0],[5278,0],[5535,0],[5534,0],[5023,0],]]
[5280,2,5,[[5279,0],[5281,0],[5536,0],[5024,0],]]
[5281,10,5,[[5282,0],[5280,0],[5537,0],[5536,0],[5025,0],]]
[5282,12,5,[[5281,0],[5283,0],[5538,0],[5026,0],]]
[5283,13,5,[[5284,0],[5282,0],[5539,0],[5538,0],[5027,0],]]
[5284,12,5,[[5283,0],[5285,0],[5540,0],[5028,0],]]
[5285,4,5,[[5286,0],[5284,0],[5541,0],[5540,0],[5029,0],]]
[5286,14,5,[[5285,0],[5287,0],[5542,0],[5030,0],]]
[5287,15,5,[[5288,0],[5286,0],[5543,0],[5542,0],[5031,0],]]
[5288,1,5,[[5287,0],[5289,0],[5544,0],[5032,0],]]
[5289,11,5,[[5290,0],[5288,0],[5545,0],[5544,0],[5033,0],]]
[5290,2,5,[[5289,0],[5291,0],[5546,0],[5034,0],]]
[5291,11,5,[[5292,0],[5290,0],[5547,0],[5546,0],[5035,0],]]
[5292,10,5,[[5291,0],[5293,0],[5548,0],[5036,0],]]
[5293,6,5,[[5294,0],[5292,0],[5549,0],[5548,0],[5037,0],]]
[5294,13,5,[[5293,0],[5295,0],[5550,0],[5038,0],]]
[5295,8,5,[[5296,0],[5294,0],[5551,0],[5550,0],[5039,0],]]
[5296,2,5,[[5295,0],[5297,0],[5552,0],[5040,0],]]
[5297,10,5,[[5298,0],[5296,0],[5553,0],[5552,0],[5041,0],]]
[5298,6,5,[[5297,0],[5299,0],[5554,0],[5042,0],]]
[5299,8,5,[[5300,0],[5298,0],[5555,0],[5554,0],[5043,0],]]
[5300,5,5,[[5299,0],[5301,0],[5556,0],[5044,0],]]
[5301,1,5,[[5302,0],[5300,0],[5557,0],[5556,0],[5045,0],]]
[5302,19,5,[[5301,0],[5303,0],[5558,0],[5046,0],]]
[5303,8,5,[[5304,0],[5302,0],[5559,0],[5558,0],[5047,0],]]
[5304,11,5,[[5303,0],[5305,0],[5560,0],[5048,0],]]
[5305,13,5,[[5306,0],[5304,0],[5561,0],[5560,0],[5049,0],]]
[5306,12,5,[[5305,0],[5307,0],[5562,0],[5050,0],]]
[5307,5,5,[[5308,0],[5306,0],[5563,0],[5562,0],[5051,0],]]
[5308,11,5,[[5307,0],[5309,0],[5564,0],[5052,0],]]
[5309,19,5,[[5310,0],[5308,0],[5565,0],[5564,0],[5053,0],]]
[5310,17,5,[[5309,0],[5311,0],[5566,0],[5054,0],]]
[5311,11,5,[[5312,0],[5310,0],[5567,0],[5566,0],[5055,0],]]
[5312,12,6,[[5311,0],[5313,0],[5568,0],[5056,0],]]
[5313,9,6,[[5314,0],[5312,0],[5569,0],[5568,0],[5057,0],]]
[5314,6,6,[[5313,0],[5315,0],[5570,0],[5058,0],]]
[5315,14,6,[[5316,0],[5314,0],[5571,0],[5570,0],[5059,0],]]
[5316,19,6,[[5315,0],[5317,0],[5572,0],[5060,0],]]
[5317,8,6,[[5318,0],[5316,0],[5573,0],[5572,0],[5061,0],]]
[5318,4,6,[[5317,0],[5319,0],[5574,0],[5062,0],]]
[5319,9,6,[[5320,0],[5318,0],[5575,0],[5574,0],[5063,0],]]
[5320,10,6,[[5319,0],[5321,0],[5576,0],[5064,0],]]
[5321,7,6,[[5322,0],[5320,0],[5577,0],[5576,0],[5065,0],]]
[5322,2,6,[[5321,0],[5323,0],[5578,0],[5066,0],]]
[5323,8,6,[[5324,0],[5322,0],[5579,0],[5578,0],[5067,0],]]
[5324,1,6,[[5323,0],[5325,0],[5580,0],[5068,0],]]
[5325,1,6,[[5326,0],[5324,0],[5581,0],[5580,0],[5069,0],]]
[5326,16,6,[[5325,0],[5327,0],[5582,0],[5070,0],]]
[5327,1,6,[[5328,0],[5326,0],[5583,0],[5582,0],[5071,0],]]
[5328,9,6,[[5327,0],[5329,0],[5584,0],[5072,0],]]
[5329,13,6,[[5330,0],[5328,0],[5585,0],[5584,0],[5073,0],]]
[5330,11,6,[[5329,0],[5331,0],[5586,0],[5074,0],]]
[5331,9,6,[[5332,0],[5330,0],[5587,0],[5586,0],[5075,0],]]
[5332,7,6,[[5331,0],[5333,0],[5588,0],[5076,0],]]
[5333,7,6,[[5334,0],[5332,0],[5589,0],[5588,0],[5077,0],]]
[5334,6,6,[[5333,0],[5335,0],[5590,0],[5078,0],]]
[5335,16,6,[[5336,0],[5334,0],[5591,0],[5590,0],[5079,0],]]
[5336,3,6,[[5335,0],[5337,0],[5592,0],[5080,0],]]
[5337,17,6,[[5338,0],[5336,0],[5593,0],[5592,0],[5081,0],]]
[5338,8,6,[[5337,0],[5339,0],[5594,0],[5082,0],]]
[5339,9,6,[[5340,0],[5338,0],[5595,0],[5594,0],[5083,0],]]
[5340,15,6,[[5339,0],[5341,0],[5596,0],[5084,0],]]
[5341,14,6,[[5342,0],[5340,0],[5597,0],[5596,0],[5085,0],]]
[5342,1,6,[[5341,0],[5343,0],[5598,0],[5086,0],]]
[5343,2,6,[[5344,0],[5342,0],[5599,0],[5598,0],[5087,0],]]
[5344,17,7,[[5343,0],[5345,0],[5600,0],[5088,0],]]
[5345,2,7,[[5346,0],[5344,0],[5601,0],[5600,0],[5089,0],]]
[5346,10,7,[[5345,0],[5347,0],[5602,0],[5090,0],]]
[5347,2,7,[[5348,0],[5346,0],[5603,0],[5602,0],[5091,0],]]
[5348,4,7,[[5347,0],[5349,0],[5604,0],[5092,0],]]
[5349,18,7,[[5350,0],[5348,0],[5605,0],[5604,0],[5093,0],]]
[5350,8,7,[[5349,0],[5351,0],[5606,0],[5094,0],]]
[5351,2,7,[[5352,0],[5350,0],[5607,0],[5606,0],[5095,0],]]
[5352,12,7,[[5351,0],[5353,0],[5608,0],[5096,0],]]
[5353,5,7,[[5354,0],[5352,0],[5609,0],[5608,0],[5097,0],]]
[5354,19,7,[[5353,0],[5355,0],[5610,0],[5098,0],]]
[5355,9,7,[[5356,0],[5354,0],[5611,0],[5610,0],[5099,0],]]
[5356,4,7,[[5355,0],[5357,0],[5612,0],[5100,0],]]
[5357,17,7,[[5358,0],[5356,0],[5613,0],[5612,0],[5101,0],]]
[5358,17,7,[[5357,0],[5359,0],[5614,0],[5102,0],]]
[5359,8,7,[[5360,0],[5358,0],[5615,0],[5614,0],[5103,0],]]
[5360,17,7,[[5359,0],[5361,0],[5616,0],[5104,0],]]
[5361,19,7,[[5362,0],[5360,0],[5617,0],[5616,0],[5105,0],]]
[5362,16,7,[[5361,0],[5363,0],[5618,0],[5106,0],]]
[5363,12,7,[[5364,0],[5362,0],[5619,0],[5618,0],[5107,0],]]
[5364,19,7,[[5363,0],[5365,0],[5620,0],[5108,0],]]
[5365,9,7,[[5366,0],[5364,0],[5621,0],[5620,0],[5109,0],]]
[5366,12,7,[[5365,0],[5367,0],[5622,0],[5110,0],]]
[5367,10,7,[[5368,0],[5366,0],[5623,0],[5622,0],[5111,0],]]
[5368,8,7,[[5367,0],[5369,0],[5624,0],[5112,0],]]
[5369,1,7,[[5370,0],[5368,0],[5625,0],[5624,0],[5113,0],]]
[5370,19,7,[[5369,0],[5371,0],[5626,0],[5114,0],]]
[5371,9,7,[[5372,0],[5370,0],[5627,0],[5626,0],[5115,0],]]
[5372,8,7,[[5371,0],[5373,0],[5628,0],[5116,0],]]
[5373,19,7,[[5374,0],[5372,0],[5629,0],[5628,0],[5117,0],]]
[5374,2,7,[[5373,0],[5375,0],[5630,0],[5118,0],]]
[5375,15,7,[[5374,0],[5631,0],[5630,0],[5119,0],]]
[5376,6,0,[[5377,0],[5120,0],[5121,0],[5632,0],]]
[5377,18,0,[[5378,0],[5376,0],[5121,0],[5633,0],]]
[5378,12,0,[[5377,0],[5379,0],[5122,0],[5123,0],[5634,0],]]
[5379,14,0,[[5380,0],[5378,0],[5123,0],[5635,0],]]
[5380,18,0,[[5379,0],[5381,0],[5124,0],[5125,0],[5636,0],]]
[5381,2,0,[[5382,0],[5380,0],[5125,0],[5637,0],]]
[5382,1,0,[[5381,0],[5383,0],[5126,0],[5127,0],[5638,0],]]
[5383,14,0,[[5384,0],[5382,0],[5127,0],[5639,0],]]
[5384,11,0,[[5383,0],[5385,0],[5128,0],[5129,0],[5640,0],]]
[5385,12,0,[[5386,0],[5384,0],[5129,0],[5641,0],]]
[5386,1,0,[[5385,0],[5387,0],[5130,0],[5131,0],[5642,0],]]
[5387,9,0,[[5388,0],[5386,0],[5131,0],[5643,0],]]
[5388,14,0,[[5387,0],[5389,0],[5132,0],[5133,0],[5644,0],]]
[5389,12,0,[[5390,0],[5388,0],[5133,0],[5645,0],]]
[5390,11,0,[[5389,0],[5391,0],[5134,0],[5135,0],[5646,0],]]
[5391,3,0,[[5392,0],[5390,0],[5135,0],[5647,0],]]
[5392,15,0,[[5391,0],[5393,0],[5136,0],[5137,0],[5648,0],]]
[5393,16,0,[[5394,0],[5392,0],[5137,0],[5649,0],]]
[5394,1,0,[[5393,0],[5395,0],[5138,0],[5139,0],[5650,0],]]
[5395,18,0,[[5396,0],[5394,0],[5139,0],[5651,0],]]
[5396,16,0,[[5395,0],[5397,0],[5140,0],[5141,0],[5652,0],]]
[5397,11,0,[[5398,0],[5396,0],[5141,0],[5653,0],]]
[5398,12,0,[[5397,0],[5399,0],[5142,0],[5143,0],[5654,0],]]
[5399,15,0,[[5400,0],[5398,0],[5143,0],[5655,0],]]
[5400,3,0,[[5399,0],[5401,0],[5144,0],[5145,0],[5656,0],]]
[5401,15,0,[[5402,0],[5400,0],[5145,0],[5657,0],]]
[5402,14,0,[[5401,0],[5403,0],[5146,0],[5147,0],[5658,0],]]
[5403,13,0,[[5404,0],[5402,0],[5147,0],[5659,0],]]
[5404,13,0,[[5403,0],[5405,0],[5148,0],[5149,0],[5660,0],]]
[5405,12,0,[[5406,0],[5404,0],[5149,0],[5661,0],]]
[5406,15,0,[[5405,0],[5407,0],[5150,0],[5151,0],[5662,0],]]
[5407,2,0,[[5408,0],[5406,0],[5151,0],[5663,0],]]
[5408,19,1,[[5407,0],[5409,0],[5152,0],[5153,0],[5664,0],]]
[5409,14,1,[[5410,0],[5408,0],[5153,0],[5665,0],]]
[5410,15,1,[[5409,0],[5411,0],[5154,0],[5155,0],[5666,0],]]
[5411,10,1,[[5412,0],[5410,0],[5155,0],[5667,0],]]
[5412,9,1,[[5411,0],[5413,0],[5156,0],[5157,0],[5668,0],]]
[5413,10,1,[[5414,0],[5412,0],[5157,0],[5669,0],]]
[5414,19,1,[[5413,0],[5415,0],[5158,0],[5159,0],[5670,0],]]
[5415,17,1,[[5416,0],[5414,0],[5159,0],[5671,0],]]
[5416,15,1,[[5415,0],[5417,0],[5160,0],[5161,0],[5672,0],]]
[5417,5,1,[[5418,0],[5416,0],[5161,0],[5673,0],]]
[5418,10,1,[[5417,0],[5419,0],[5162,0],[5163,0],[5674,0],]]
[5419,16,1,[[5420,0],[5418,0],[5163,0],[5675,0],]]
[5420,2,1,[[5419,0],[5421,0],[5164,0],[5165,0],[5676,0],]]
[5421,19,1,[[5422,0],[5420,0],[5165,0],[5677,0],]]
[5422,13,1,[[5421,0],[5423,0],[5166,0],[5167,0],[5678,0],]]
[5423,5,1,[[5424,0],[5422,0],[5167,0],[5679,0],]]
[5424,17,1,[[5423,0],[5425,0],[5168,0],[5169,0],[5680,0],]]
[5425,2,1,[[5426,0],[5424,0],[5169,0],[5681,0],]]
[5426,13,1,[[5425,0],[5427,0],[5170,0],[5171,0],[5682,0],]]
[5427,8,1,[[5428,0],[5426,0],[5171,0],[5683,0],]]
[5428,7,1,[[5427,0],[5429,0],[5172,0],[5173,0],[5684,0],]]
[5429,19,1,[[5430,0],[5428,0],[5173,0],[5685,0],]]
[5430,15,1,[[5429,0],[5431,0],[5174,0],[5175,0],[5686,0],]]
[5431,19,1,[[5432,0],[5430,0],[5175,0],[5687,0],]]
[5432,19,1,[[5431,0],[5433,0],[5176,0],[5177,0],[5688,0],]]
[5433,3,1,[[5434,0],[5432,0],[5177,0],[5689,0],]]
[5434,9,1,[[5433,0],[5435,0],[5178,0],[5179,0],[5690,0],]]
[5435,19,1,[[5436,0],[5434,0],[5179,0],[5691,0],]]
[5436,14,1,[[5435,0],[5437,0],[5180,0],[5181,0],[5692,0],]]
[5437,8,1,[[5438,0],[5436,0],[5181,0],[5693,0],]]
[5438,1,1,[[5437,0],[5439,0],[5182,0],[5183,0],[5694,0],]]
[5439,11,1,[[5440,0],[5438,0],[5183,0],[5695,0],]]
[5440,17,2,[[5439,0],[5441,0],[5184,0],[5185,0],[5696,0],]]
[5441,13,2,[[5442,0],[5440,0],[5185,0],[5697,0],]]
[5442,4,2,[[5441,0],[5443,0],[5186,0],[5187,0],[5698,0],]]
[5443,1,2,[[5444,0],[5442,0],[5187,0],[5699,0],]]
[5444,2,2,[[5443,0],[5445,0],[5188,0],[5189,0],[5700,0],]]
[5445,18,2,[[5446,0],[5444,0],[5189,0],[5701,0],]]
[5446,14,2,[[5445,0],[5447,0],[5190,0],[5191,0],[5702,0],]]
[5447,15,2,[[5448,0],[5446,0],[5191,0],[5703,0],]]
[5448,11,2,[[5447,0],[5449,0],[5192,0],[5193,0],[5704,0],]]
[5449,18,2,[[5450,0],[5448,0],[5193,0],[5705,0],]]
[5450,9,2,[[5449,0],[5451,0],[5194,0],[5195,0],[5706,0],]]
[5451,13,2,[[5452,0],[5450,0],[5195,0],[5707,0],]]
[5452,18,2,[[5451,0],[5453,0],[5196,0],[5197,0],[5708,0],]]
[5453,9,2,[[5454,0],[5452,0],[5197,0],[5709,0],]]
[5454,16,2,[[5453,0],[5455,0],[5198,0],[5199,0],[5710,0],]]
[5455,18,2,[[5456,0],[5454,0],[5199,0],[5711,0],]]
[5456,19,2,[[5455,0],[5457,0],[5200,0],[5201,0],[5712,0],]]
[5457,3,2,[[5458,0],[5456,0],[5201,0],[5713,0],]]
[5458,9,2,[[5457,0],[5459,0],[5202,0],[5203,0],[5714,0],]]
[5459,16,2,[[5460,0],[5458,0],[5203,0],[5715,0],]]
[5460,7,2,[[5459,0],[5461,0],[5204,0],[5205,0],[5716,0],]]
[5461,9,2,[[5462,0],[5460,0],[5205,0],[5717,0],]]
[5462,3,2,[[5461,0],[5463,0],[5206,0],[5207,0],[5718,0],]]
[5463,6,2,[[5464,0],[5462,0],[5207,0],[5719,0],]]
[5464,14,2,[[5463,0],[5465,0],[5208,0],[5209,0],[5720,0],]]
[5465,5,2,[[5466,0],[5464,0],[5209,0],[5721,0],]]
[5466,12,2,[[5465,0],[5467,0],[5210,0],[5211,0],[5722,0],]]
[5467,18,2,[[5468,0],[5466,0],[5211,0],[5723,0],]]
[5468,7,2,[[5467,0],[5469,0],[5212,0],[5213,0],[5724,0],]]
[5469,15,2,[[5470,0],[5468,0],[5213,0],[5725,0],]]
[5470,5,2,[[5469,0],[5471,0],[5214,0],[5215,0],[5726,0],]]
[5471,11,2,[[5472,0],[5470,0],[5215,0],[5727,0],]]
[5472,6,3,[[5471,0],[5473,0],[5216,0],[5217,0],[5728,0],]]
[5473,15,3,[[5474,0],[5472,0],[5217,0],[5729,0],]]
[5474,18,3,[[5473,0],[5475,0],[5218,0],[5219,0],[5730,0],]]
[5475,10,3,[[5476,0],[5474,0],[5219,0],[5731,0],]]
[5476,19,3,[[5475,0],[5477,0],[5220,0],[5221,0],[5732,0],]]
[5477,2,3,[[5478,0],[5476,0],[5221,0],[5733,0],]]
[5478,5,3,[[5477,0],[5479,0],[5222,0],[5223,0],[5734,0],]]
[5479,1,3,[[5480,0],[5478,0],[5223,0],[5735,0],]]
[5480,5,3,[[5479,0],[5481,0],[5224,0],[5225,0],[5736,0],]]
[5481,1,3,[[5482,0],[5480,0],[5225,0],[5737,0],]]
[5482,4,3,[[5481,0],[5483,0],[5226,0],[5227,0],[5738,0],]]
[5483,16,3,[[5484,0],[5482,0],[5227,0],[5739,0],]]
[5484,7,3,[[5483,0],[5485,0],[5228,0],[5229,0],[5740,0],]]
[5485,5,3,[[5486,0],[5484,0],[5229,0],[5741,0],]]
[5486,6,3,[[5485,0],[5487,0],[5230,0],[5231,0],[5742,0],]]
[5487,8,3,[[5488,0],[5486,0],[5231,0],[5743,0],]]
[5488,19,3,[[5487,0],[5489,0],[5232,0],[5233,0],[5744,0],]]
[5489,6,3,[[5490,0],[5488,0],[5233,0],[5745,0],]]
[5490,6,3,[[5489,0],[5491,0],[5234,0],[5235,0],[5746,0],]]
[5491,14,3,[[5492,0],[5490,0],[5235,0],[5747,0],]]
[5492,10,3,[[5491,0],[5493,0],[5236,0],[5237,0],[5748,0],]]
[5493,4,3,[[5494,0],[5492,0],[5237,0],[5749,0],]]
[5494,4,3,[[5493,0],[5495,0],[5238,0],[5239,0],[5750,0],]]
[5495,10,3,[[5496,0],[5494,0],[5239,0],[5751,0],]]
[5496,4,3,[[5495,0],[5497,0],[5240,0],[5241,0],[5752,0],]]
[5497,5,3,[[5498,0],[5496,0],[5241,0],[5753,0],]]
[5498,11,3,[[5497,0],[5499,0],[5242,0],[5243,0],[5754,0],]]
[5499,1,3,[[5500,0],[5498,0],[5243,0],[5755,0],]]
[5500,13,3,[[5499,0],[5501,0],[5244,0],[5245,0],[5756,0],]]
[5501,10,3,[[5502,0],[5500,0],[5245,0],[5757,0],]]
[5502,12,3,[[5501,0],[5503,0],[5246,0],[5247,0],[5758,0],]]
[5503,2,3,[[5504,0],[5502,0],[5247,0],[5759,0],]]
[5504,17,4,[[5503,0],[5505,0],[5248,0],[5249,0],[5760,0],]]
[5505,5,4,[[5506,0],[5504,0],[5249,0],[5761,0],]]
[5506,4,4,[[5505,0],[5507,0],[5250,0],[5251,0],[5762,0],]]
[5507,4,4,[[5508,0],[5506,0],[5251,0],[5763,0],]]
[5508,14,4,[[5507,0],[5509,0],[5252,0],[5253,0],[5764,0],]]
[5509,13,4,[[5510,0],[5508,0],[5253,0],[5765,0],]]
[5510,14,4,[[5509,0],[5511,0],[5254,0],[5255,0],[5766,0],]]
[5511,13,4,[[5512,0],[5510,0],[5255,0],[5767,0],]]
[5512,3,4,[[5511,0],[5513,0],[5256,0],[5257,0],[5768,0],]]
[5513,2,4,[[5514,0],[5512,0],[5257,0],[5769,0],]]
[5514,6,4,[[5513,0],[5515,0],[5258,0],[5259,0],[5770,0],]]
[5515,16,4,[[5516,0],[5514,0],[5259,0],[5771,0],]]
[5516,4,4,[[5515,0],[5517,0],[5260,0],[5261,0],[5772,0],]]
[5517,9,4,[[5518,0],[5516,0],[5261,0],[5773,0],]]
[5518,14,4,[[5517,0],[5519,0],[5262,0],[5263,0],[5774,0],]]
[5519,17,4,[[5520,0],[5518,0],[5263,0],[5775,0],]]
[5520,1,4,[[5519,0],[5521,0],[5264,0],[5265,0],[5776,0],]]
[5521,13,4,[[5522,0],[5520,0],[5265,0],[5777,0],]]
[5522,6,4,[[5521,0],[5523,0],[5266,0],[5267,0],[5778,0],]]
[5523,12,4,[[5524,0],[5522,0],[5267,0],[5779,0],]]
[5524,11,4,[[5523,0],[5525,0],[5268,0],[5269,0],[5780,0],]]
[5525,15,4,[[5526,0],[5524,0],[5269,0],[5781,0],]]
[5526,1,4,[[5525,0],[5527,0],[5270,0],[5271,0],[5782,0],]]
[5527,3,4,[[5528,0],[5526,0],[5271,0],[5783,0],]]
[5528,9,4,[[5527,0],[5529,0],[5272,0],[5273,0],[5784,0],]]
[5529,10,4,[[5530,0],[5528,0],[5273,0],[5785,0],]]
[5530,3,4,[[5529,0],[5531,0],[5274,0],[5275,0],[5786,0],]]
[5531,14,4,[[5532,0],[5530,0],[5275,0],[5787,0],]]
[5532,14,4,[[5531,0],[5533,0],[5276,0],[5277,0],[5788,0],]]
[5533,9,4,[[5534,0],[5532,0],[5277,0],[5789,0],]]
[5534,10,4,[[5533,0],[5535,0],[5278,0],[5279,0],[5790,0],]]
[5535,8,4,[[5536,0],[5534,0],[5279,0],[5791,0],]]
[5536,15,5,[[5535,0],[5537,0],[5280,0],[5281,0],[5792,0],]]
[5537,3,5,[[5538,0],[5536,0],[5281,0],[5793,0],]]
[5538,1,5,[[5537,0],[5539,0],[5282,0],[5283,0],[5794,0],]]
[5539,18,5,[[5540,0],[5538,0],[5283,0],[5795,0],]]
[5540,13,5,[[5539,0],[5541,0],[5284,0],[5285,0],[5796,0],]]
[5541,2,5,[[5542,0],[5540,0],[5285,0],[5797,0],]]
[5542,5,5,[[5541,0],[5543,0],[5286,0],[5287,0],[5798,0],]]
[5543,11,5,[[5544,0],[5542,0],[5287,0],[5799,0],]]
[5544,1,5,[[5543,0],[5545,0],[5288,0],[5289,0],[5800,0],]]
[5545,5,5,[[5546,0],[5544,0],[5289,0],[5801,0],]]
[5546,14,5,[[5545,0],[5547,0],[5290,0],[5291,0],[5802,0],]]
[5547,2,5,[[5548,0],[5546,0],[5291,0],[5803,0],]]
[5548,19,5,[[5547,0],[5549,0],[5292,0],[5293,0],[5804,0],]]
[5549,1,5,[[5550,0],[5548,0],[5293,0],[5805,0],]]
[5550,7,5,[[5549,0],[5551,0],[5294,0],[5295,0],[5806,0],]]
[5551,19,5,[[5552,0],[5550,0],[5295,0],[5807,0],]]
[5552,8,5,[[5551,0],[5553,0],[5296,0],[5297,0],[5808,0],]]
[5553,4,5,[[5554,0],[5552,0],[5297,0],[5809,0],]]
[5554,1,5,[[5553,0],[5555,0],[5298,0],[5299,0],[5810,0],]]
[5555,14,5,[[5556,0],[5554,0],[5299,0],[5811,0],]]
[5556,7,5,[[5555,0],[5557,0],[5300,0],[5301,0],[5812,0],]]
[5557,16,5,[[5558,0],[5556,0],[5301,0],[5813,0],]]
[5558,2,5,[[5557,0],[5559,0],[5302,0],[5303,0],[5814,0],]]
[5559,2,5,[[5560,0],[5558,0],[5303,0],[5815,0],]]
[5560,6,5,[[5559,0],[5561,0],[5304,0],[5305,0],[5816,0],]]
[5561,17,5,[[5562,0],[5560,0],[5305,0],[5817,0],]]
[5562,17,5,[[5561,0],[5563,0],[5306,0],[5307,0],[5818,0],]]
[5563,15,5,[[5564,0],[5562,0],[5307,0],[5819,0],]]
[5564,2,5,[[5563,0],[5565,0],[5308,0],[5309,0],[5820,0],]]
[5565,16,5,[[5566,0],[5564,0],[5309,0],[5821,0],]]
[5566,13,5,[[5565,0],[5567,0],[5310,0],[5311,0],[5822,0],]]
[5567,12,5,[[5568,0],[5566,0],[5311,0],[5823,0],]]
[5568,2,6,[[5567,0],[5569,0],[5312,0],[5313,0],[5824,0],]]
[5569,19,6,[[5570,0],[5568,0],[5313,0],[5825,0],]]
[5570,13,6,[[5569,0],[5571,0],[5314,0],[5315,0],[5826,0],]]
[5571,8,6,[[5572,0],[5570,0],[5315,0],[5827,0],]]
[5572,18,6,[[5571,0],[5573,0],[5316,0],[5317,0],[5828,0],]]
[5573,10,6,[[5574,0],[5572,0],[5317,0],[5829,0],]]
[5574,15,6,[[5573,0],[5575,0],[5318,0],[5319,0],[5830,0],]]
[5575,3,6,[[5576,0],[5574,0],[5319,0],[5831,0],]]
[5576,17,6,[[5575,0],[5577,0],[5320,0],[5321,0],[5832,0],]]
[5577,14,6,[[5578,0],[5576,0],[5321,0],[5833,0],]]
[5578,6,6,[[5577,0],[5579,0],[5322,0],[5323,0],[5834,0],]]
[5579,17,6,[[5580,0],[5578,0],[5323,0],[5835,0],]]
[5580,8,6,[[5579,0],[5581,0],[5324,0],[5325,0],[5836,0],]]
[5581,2,6,[[5582,0],[5580,0],[5325,0],[5837,0],]]
[5582,7,6,[[5581,0],[5583,0],[5326,0],[5327,0],[5838,0],]]
[5583,4,6,[[5584,0],[5582,0],[5327,0],[5839,0],]]
[5584,9,6,[[5583,0],[5585,0],[5328,0],[5329,0],[5840,0],]]
[5585,19,6,[[5586,0],[5584,0],[5329,0],[5841,0],]]
[5586,7,6,[[5585,0],[5587,0],[5330,0],[5331,0],[5842,0],]]
[5587,8,6,[[5588,0],[5586,0],[5331,0],[5843,0],]]
[5588,18,6,[[5587,0],[5589,0],[5332,0],[5333,0],[5844,0],]]
[5589,3,6,[[5590,0],[5588,0],[5333,0],[5845,0],]]
[5590,15,6,[[5589,0],[5591,0],[5334,0],[5335,0],[5846,0],]]
[5591,16,6,[[5592,0],[5590,0],[5335,0],[5847,0],]]
[5592,7,6,[[5591,0],[5593,0],[5336,0],[5337,0],[5848,0],]]
[5593,5,6,[[5594,0],[5592,0],[5337,0],[5849,0],]]
[5594,15,6,[[5593,0],[5595,0],[5338,0],[5339,0],[5850,0],]]
[5595,1,6,[[5596,0],[5594,0],[5339,0],[5851,0],]]
[5596,1,6,[[5595,0],[5597,0],[5340,0],[5341,0],[5852,0],]]
[5597,14,6,[[5598,0],[5596,0],[5341,0],[5853,0],]]
[5598,4,6,[[5597,0],[5599,0],[5342,0],[5343,0],[5854,0],]]
[5599,13,6,[[5600,0],[5598,0],[5343,0],[5855,0],]]
[5600,4,7,[[5599,0],[5601,0],[5344,0],[5345,0],[5856,0],]]
[5601,3,7,[[5602,0],[5600,0],[5345,0],[5857,0],]]
[5602,13,7,[[5601,0],[5603,0],[5346,0],[5347,0],[5858,0],]]
[5603,12,7,[[5604,0],[5602,0],[5347,0],[5859,0],]]
[5604,16,7,[[5603,0],[5605,0],[5348,0],[5349,0],[5860,0],]]
[5605,17,7,[[5606,0],[5604,0],[5349,0],[5861,0],]]
[5606,11,7,[[5605,0],[5607,0],[5350,0],[5351,0],[5862,0],]]
[5607,13,7,[[5608,0],[5606,0],[5351,0],[5863,0],]]
[5608,11,7,[[5607,0],[5609,0],[5352,0],[5353,0],[5864,0],]]
[5609,5,7,[[5610,0],[5608,0],[5353,0],[5865,0],]]
[5610,13,7,[[5609,0],[5611,0],[5354,0],[5355,0],[5866,0],]]
[5611,7,7,[[5612,0],[5610,0],[5355,0],[5867,0],]]
[5612,9,7,[[5611,0],[5613,0],[5356,0],[5357,0],[5868,0],]]
[5613,11,7,[[5614,0],[5612,0],[5357,0],[5869,0],]]
[5614,19,7,[[5613,0],[5615,0],[5358,0],[5359,0],[5870,0],]]
[5615,14,7,[[5616,0],[5614,0],[5359,0],[5871,0],]]
[5616,13,7,[[5615,0],[5617,0],[5360,0],[5361,0],[5872,0],]]
[5617,13,7,[[5618,0],[5616,0],[5361,0],[5873,0],]]
[5618,5,7,[[5617,0],[5619,0],[5362,0],[5363,0],[5874,0],]]
[5619,10,7,[[5620,0],[5618,0],[5363,0],[5875,0],]]
[5620,11,7,[[5619,0],[5621,0],[5364,0],[5365,0],[5876,0],]]
[5621,18,7,[[5622,0],[5620,0],[5365,0],[5877,0],]]
[5622,10,7,[[5621,0],[5623,0],[5366,0],[5367,0],[5878,0],]]
[5623,7,7,[[5624,0],[5622,0],[5367,0],[5879,0],]]
[5624,16,7,[[5623,0],[5625,0],[5368,0],[5369,0],[5880,0],]]
[5625,3,7,[[5626,0],[5624,0],[5369,0],[5881,0],]]
[5626,8,7,[[5625,0],[5627,0],[5370,0],[5371,0],[5882,0],]]
[5627,18,7,[[5628,0],[5626,0],[5371,0],[5883,0],]]
[5628,15,7,[[5627,0],[5629,0],[5372,0],[5373,0],[5884,0],]]
[5629,15,7,[[5630,0],[5628,0],[5373,0],[5885,0],]]
[5630,7,7,[[5629,0],[5631,0],[5374,0],[5375,0],[5886,0],]]
[5631,18,7,[[5630,0],[5375,0],[5887,0],]]
[5632,1,0,[[5633,0],[5888,0],[5376,0],]]
[5633,13,0,[[5634,0],[5632,0],[5889,0],[5888,0],[5377,0],]]
[5634,7,0,[[5633,0],[5635,0],[5890,0],[5378,0],]]
[5635,2,0,[[5636,0],[5634,0],[5891,0],[5890,0],[5379,0],]]
[5636,4,0,[[5635,0],[5637,0],[5892,0],[5380,0],]]
[5637,2,0,[[5638,0],[5636,0],[5893,0],[5892,0],[5381,0],]]
[5638,16,0,[[5637,0],[5639,0],[5894,0],[5382,0],]]
[5639,14,0,[[5640,0],[5638,0],[5895,0],[5894,0],[5383,0],]]
[5640,9,0,[[5639,0],[5641,0],[5896,0],[5384,0],]]
[5641,14,0,[[5642,0],[5640,0],[5897,0],[5896,0],[5385,0],]]
[5642,6,0,[[5641,0],[5643,0],[5898,0],[5386,0],]]
[5643,3,0,[[5644,0],[5642,0],[5899,0],[5898,0],[5387,0],]]
[5644,11,0,[[5643,0],[5645,0],[5900,0],[5388,0],]]
[5645,7,0,[[5646,0],[5644,0],[5901,0],[5900,0],[5389,0],]]
[5646,14,0,[[5645,0],[5647,0],[5902,0],[5390,0],]]
[5647,16,0,[[5648,0],[5646,0],[5903,0],[5902,0],[5391,0],]]
[5648,16,0,[[5647,0],[5649,0],[5904,0],[5392,0],]]
[5649,18,0,[[5650,0],[5648,0],[5905,0],[5904,0],[5393,0],]]
[5650,11,0,[[5649,0],[5651,0],[5906,0],[5394,0],]]
[5651,1,0,[[5652,0],[5650,0],[5907,0],[5906,0],[5395,0],]]
[5652,9,0,[[5651,0],[5653,0],[5908,0],[5396,0],]]
[5653,6,0,[[5654,0],[5652,0],[5909,0],[5908,0],[5397,0],]]
[5654,3,0,[[5653,0],[5655,0],[5910,0],[5398,0],]]
[5655,14,0,[[5656,0],[5654,0],[5911,0],[5910,0],[5399,0],]]
[5656,9,0,[[5655,0],[5657,0],[5912,0],[5400,0],]]
[5657,6,0,[[5658,0],[5656,0],[5913,0],[5912,0],[5401,0],]]
[5658,9,0,[[5657,0],[5659,0],[5914,0],[5402,0],]]
[5659,19,0,[[5660,0],[5658,0],[5915,0],[5914,0],[5403,0],]]
[5660,3,0,[[5659,0],[5661,0],[5916,0],[5404,0],]]
[5661,13,0,[[5662,0],[5660,0],[5917,0],[5916,0],[5405,0],]]
[5662,19,0,[[5661,0],[5663,0],[5918,0],[5406,0],]]
[5663,5,0,[[5664,0],[5662,0],[5919,0],[5918,0],[5407,0],]]
[5664,2,1,[[5663,0],[5665,0],[5920,0],[5408,0],]]
[5665,10,1,[[5666,0],[5664,0],[5921,0],[5920,0],[5409,0],]]
[5666,5,1,[[5665,0],[5667,0],[5922,0],[5410,0],]]
[5667,13,1,[[5668,0],[5666,0],[5923,0],[5922,0],[5411,0],]]
[5668,4,1,[[5667,0],[5669,0],[5924,0],[5412,0],]]
[5669,11,1,[[5670,0],[5668,0],[5925,0],[5924,0],[5413,0],]]
[5670,6,1,[[5669,0],[5671,0],[5926,0],[5414,0],]]
[5671,17,1,[[5672,0],[5670,0],[5927,0],[5926,0],[5415,0],]]
[5672,16,1,[[5671,0],[5673,0],[5928,0],[5416,0],]]
[5673,5,1,[[5674,0],[5672,0],[5929,0],[5928,0],[5417,0],]]
[5674,15,1,[[5673,0],[5675,0],[5930,0],[5418,0],]]
[5675,12,1,[[5676,0],[5674,0],[5931,0],[5930,0],[5419,0],]]
[5676,3,1,[[5675,0],[5677,0],[5932,0],[5420,0],]]
[5677,13,1,[[5678,0],[5676,0],[5933,0],[5932,0],[5421,0],]]
[5678,15,1,[[5677,0],[5679,0],[5934,0],[5422,0],]]
[5679,9,1,[[5680,0],[5678,0],[5935,0],[5934,0],[5423,0],]]
[5680,8,1,[[5679,0],[5681,0],[5936,0],[5424,0],]]
[5681,14,1,[[5682,0],[5680,0],[5937,0],[5936,0],[5425,0],]]
[5682,2,1,[[5681,0],[5683,0],[5938,0],[5426,0],]]
[5683,1,1,[[5684,0],[5682,0],[5939,0],[5938,0],[5427,0],]]
[5684,16,1,[[5683,0],[5685,0],[5940,0],[5428,0],]]
[5685,11,1,[[5686,0],[5684,0],[5941,0],[5940,0],[5429,0],]]
[5686,8,1,[[5685,0],[5687,0],[5942,0],[5430,0],]]
[5687,2,1,[[5688,0],[5686,0],[5943,0],[5942,0],[5431,0],]]
[5688,14,1,[[5687,0],[5689,0],[5944,0],[5432,0],]]
[5689,10,1,[[5690,0],[5688,0],[5945,0],[5944,0],[5433,0],]]
[5690,9,1,[[5689,0],[5691,0],[5946,0],[5434,0],]]
[5691,18,1,[[5692,0],[5690,0],[5947,0],[5946,0],[5435,0],]]
[5692,14,1,[[5691,0],[5693,0],[5948,0],[5436,0],]]
[5693,12,1,[[5694,0],[5692,0],[5949,0],[5948,0],[5437,0],]]
[5694,4,1,[[5693,0],[5695,0],[5950,0],[5438,0],]]
[5695,5,1,[[5696,0],[5694,0],[5951,0],[5950,0],[5439,0],]]
[5696,3,2,[[5695,0],[5697,0],[5952,0],[5440,0],]]
[5697,13,2,[[5698,0],[5696,0],[5953,0],[5952,0],[5441,0],]]
[5698,4,2,[[5697,0],[5699,0],[5954,0],[5442,0],]]
[5699,2,2,[[5700,0],[5698,0],[5955,0],[5954,0],[5443,0],]]
[5700,19,2,[[5699,0],[5701,0],[5956,0],[5444,0],]]
[5701,4,2,[[5702,0],[5700,0],[5957,0],[5956,0],[5445,0],]]
[5702,19,2,[[5701,0],[5703,0],[5958,0],[5446,0],]]
[5703,18,2,[[5704,0],[5702,0],[5959,0],[5958,0],[5447,0],]]
[5704,6,2,[[5703,0],[5705,0],[5960,0],[5448,0],]]
[5705,15,2,[[5706,0],[5704,0],[5961,0],[5960,0],[5449,0],]]
[5706,9,2,[[5705,0],[5707,0],[5962,0],[5450,0],]]
[5707,6,2,[[5708,0],[5706,0],[5963,0],[5962,0],[5451,0],]]
[5708,14,2,[[5707,0],[5709,0],[5964,0],[5452,0],]]
[5709,4,2,[[5710,0],[5708,0],[5965,0],[5964,0],[5453,0],]]
[5710,7,2,[[5709,0],[5711,0],[5966,0],[5454,0],]]
[5711,10,2,[[5712,0],[5710,0],[5967,0],[5966,0],[5455,0],]]
[5712,6,2,[[5711,0],[5713,0],[5968,0],[5456,0],]]
[5713,18,2,[[5714,0],[5712,0],[5969,0],[5968,0],[5457,0],]]
[5714,7,2,[[5713,0],[5715,0],[5970,0],[5458,0],]]
[5715,10,2,[[5716,0],[5714,0],[5971,0],[5970,0],[5459,0],]]
[5716,8,2,[[5715,0],[5717,0],[5972,0],[5460,0],]]
[5717,15,2,[[5718,0],[5716,0],[5973,0],[5972,0],[5461,0],]]
[5718,15,2,[[5717,0],[5719,0],[5974,0],[5462,0],]]
[5719,7,2,[[5720,0],[5718,0],[5975,0],[5974,0],[5463,0],]]
[5720,12,2,[[5719,0],[5721,0],[5976,0],[5464,0],]]
[5721,15,2,[[5722,0],[5720,0],[5977,0],[5976,0],[5465,0],]]
[5722,6,2,[[5721,0],[5723,0],[5978,0],[5466,0],]]
[5723,19,2,[[5724,0],[5722,0],[5979,0],[5978,0],[5467,0],]]
[5724,15,2,[[5723,0],[5725,0],[5980,0],[5468,0],]]
[5725,6,2,[[5726,0],[5724,0],[5981,0],[5980,0],[5469,0],]]
[5726,14,2,[[5725,0],[5727,0],[5982,0],[5470,0],]]
[5727,8,2,[[5728,0],[5726,0],[5983,0],[5982,0],[5471,0],]]
[5728,9,3,[[5727,0],[5729,0],[5984,0],[5472,0],]]
[5729,18,3,[[5730,0],[5728,0],[5985,0],[5984,0],[5473,0],]]
[5730,19,3,[[5729,0],[5731,0],[5986,0],[5474,0],]]
[5731,17,3,[[5732,0],[5730,0],[5987,0],[5986,0],[5475,0],]]
[5732,5,3,[[5731,0],[5733,0],[5988,0],[5476,0],]]
[5733,7,3,[[5734,0],[5732,0],[5989,0],[5988,0],[5477,0],]]
[5734,12,3,[[5733,0],[5735,0],[5990,0],[5478,0],]]
[5735,9,3,[[5736,0],[5734,0],[5991,0],[5990,0],[5479,0],]]
[5736,19,3,[[5735,0],[5737,0],[5992,0],[5480,0],]]
[5737,7,3,[[5738,0],[5736,0],[5993,0],[5992,0],[5481,0],]]
[5738,16,3,[[5737,0],[5739,0],[5994,0],[5482,0],]]
[5739,10,3,[[5740,0],[5738,0],[5995,0],[5994,0],[5483,0],]]
[5740,15,3,[[5739,0],[5741,0],[5996,0],[5484,0],]]
[5741,12,3,[[5742,0],[5740,0],[5997,0],[5996,0],[5485,0],]]
[5742,16,3,[[5741,0],[5743,0],[5998,0],[5486,0],]]
[5743,2,3,[[5744,0],[5742,0],[5999,0],[5998,0],[5487,0],]]
[5744,8,3,[[5743,0],[5745,0],[6000,0],[5488,0],]]
[5745,19,3,[[5746,0],[5744,0],[6001,0],[6000,0],[5489,0],]]
[5746,8,3,[[5745,0],[5747,0],[6002,0],[5490,0],]]
[5747,4,3,[[5748,0],[5746,0],[6003,0],[6002,0],[5491,0],]]
[5748,16,3,[[5747,0],[5749,0],[6004,0],[5492,0],]]
[5749,5,3,[[5750,0],[5748,0],[6005,0],[6004,0],[5493,0],]]
[5750,4,3,[[5749,0],[5751,0],[6006,0],[5494,0],]]
[5751,7,3,[[5752,0],[5750,0],[6007,0],[6006,0],[5495,0],]]
[5752,17,3,[[5751,0],[5753,0],[6008,0],[5496,0],]]
[5753,11,3,[[5754,0],[5752,0],[6009,0],[6008,0],[5497,0],]]
[5754,2,3,[[5753,0],[5755,0],[6010,0],[5498,0],]]
[5755,3,3,[[5756,0],[5754,0],[6011,0],[6010,0],[5499,0],]]
[5756,4,3,[[5755,0],[5757,0],[6012,0],[5500,0],]]
[5757,15,3,[[5758,0],[5756,0],[6013,0],[6012,0],[5501,0],]]
[5758,19,3,[[5757,0],[5759,0],[6014,0],[5502,0],]]
[5759,12,3,[[5760,0],[5758,0],[6015,0],[6014,0],[5503,0],]]
[5760,11,4,[[5759,0],[5761,0],[6016,0],[5504,0],]]
[5761,7,4,[[5762,0],[5760,0],[6017,0],[6016,0],[5505,0],]]
[5762,9,4,[[5761,0],[5763,0],[6018,0],[5506,0],]]
[5763,10,4,[[5764,0],[5762,0],[6019,0],[6018,0],[5507,0],]]
[5764,8,4,[[5763,0],[5765,0],[6020,0],[5508,0],]]
[5765,7,4,[[5766,0],[5764,0],[6021,0],[6020,0],[5509,0],]]
[5766,8,4,[[5765,0],[5767,0],[6022,0],[5510,0],]]
[5767,2,4,[[5768,0],[5766,0],[6023,0],[6022,0],[5511,0],]]
[5768,6,4,[[5767,0],[5769,0],[6024,0],[5512,0],]]
[5769,2,4,[[5770,0],[5768,0],[6025,0],[6024,0],[5513,0],]]
[5770,16,4,[[5769,0],[5771,0],[6026,0],[5514,0],]]
[5771,8,4,[[5772,0],[5770,0],[6027,0],[6026,0],[5515,0],]]
[5772,6,4,[[5771,0],[5773,0],[6028,0],[5516,0],]]
[5773,12,4,[[5774,0],[5772,0],[6029,0],[6028,0],[5517,0],]]
[5774,6,4,[[5773,0],[5775,0],[6030,0],[5518,0],]]
[5775,13,4,[[5776,0],[5774,0],[6031,0],[6030,0],[5519,0],]]
[5776,3,4,[[5775,0],[5777,0],[6032,0],[5520,0],]]
[5777,15,4,[[5778,0],[5776,0],[6033,0],[6032,0],[5521,0],]]
[5778,5,4,[[5777,0],[5779,0],[6034,0],[5522,0],]]
[5779,9,4,[[5780,0],[5778,0],[6035,0],[6034,0],[5523,0],]]
[5780,8,4,[[5779,0],[5781,0],[6036,0],[5524,0],]]
[5781,17,4,[[5782,0],[5780,0],[6037,0],[6036,0],[5525,0],]]
[5782,2,4,[[5781,0],[5783,0],[6038,0],[5526,0],]]
[5783,1,4,[[5784,0],[5782,0],[6039,0],[6038,0],[5527,0],]]
[5784,12,4,[[5783,0],[5785,0],[6040,0],[5528,0],]]
[5785,14,4,[[5786,0],[5784,0],[6041,0],[6040,0],[5529,0],]]
[5786,1,4,[[5785,0],[5787,0],[6042,0],[5530,0],]]
[5787,4,4,[[5788,0],[5786,0],[6043,0],[6042,0],[5531,0],]]
[5788,11,4,[[5787,0],[5789,0],[6044,0],[5532,0],]]
[5789,15,4,[[5790,0],[5788,0],[6045,0],[6044,0],[5533,0],]]
[5790,17,4,[[5789,0],[5791,0],[6046,0],[5534,0],]]
[5791,9,4,[[5792,0],[5790,0],[6047,0],[6046,0],[5535,0],]]
[5792,12,5,[[5791,0],[5793,0],[6048,0],[5536,0],]]
[5793,3,5,[[5794,0],[5792,0],[6049,0],[6048,0],[5537,0],]]
[5794,19,5,[[5793,0],[5795,0],[6050,0],[5538,0],]]
[5795,13,5,[[5796,0],[5794,0],[6051,0],[6050,0],[5539,0],]]
[5796,5,5,[[5795,0],[5797,0],[6052,0],[5540,0],]]
[5797,15,5,[[5798,0],[5796,0],[6053,0],[6052,0],[5541,0],]]
[5798,16,5,[[5797,0],[5799,0],[6054,0],[5542,0],]]
[5799,5,5,[[5800,0],[5798,0],[6055,0],[6054,0],[5543,0],]]
[5800,8,5,[[5799,0],[5801,0],[6056,0],[5544,0],]]
[5801,11,5,[[5802,0],[5800,0],[6057,0],[6056,0],[5545,0],]]
[5802,19,5,[[5801,0],[5803,0],[6058,0],[5546,0],]]
[5803,17,5,[[5804,0],[5802,0],[6059,0],[6058,0],[5547,0],]]
[5804,14,5,[[5803,0],[5805,0],[6060,0],[5548,0],]]
[5805,6,5,[[5806,0],[5804,0],[6061,0],[6060,0],[5549,0],]]
[5806,1,5,[[5805,0],[5807,0],[6062,0],[5550,0],]]
[5807,10,5,[[5808,0],[5806,0],[6063,0],[6062,0],[5551,0],]]
[5808,8,5,[[5807,0],[5809,0],[6064,0],[5552,0],]]
[5809,7,5,[[5810,0],[5808,0],[6065,0],[6064,0],[5553,0],]]
[5810,7,5,[[5809,0],[5811,0],[6066,0],[5554,0],]]
[5811,10,5,[[5812,0],[5810,0],[6067,0],[6066,0],[5555,0],]]
[5812,17,5,[[5811,0],[5813,0],[6068,0],[5556,0],]]
[5813,18,5,[[5814,0],[5812,0],[6069,0],[6068,0],[5557,0],]]
[5814,9,5,[[5813,0],[5815,0],[6070,0],[5558,0],]]
[5815,9,5,[[5816,0],[5814,0],[6071,0],[6070,0],[5559,0],]]
[5816,19,5,[[5815,0],[5817,0],[6072,0],[5560,0],]]
[5817,9,5,[[5818,0],[5816,0],[6073,0],[6072,0],[5561,0],]]
[5818,4,5,[[5817,0],[5819,0],[6074,0],[5562,0],]]
[5819,5,5,[[5820,0],[5818,0],[6075,0],[6074,0],[5563,0],]]
[5820,11,5,[[5819,0],[5821,0],[6076,0],[5564,0],]]
[5821,11,5,[[5822,0],[5820,0],[6077,0],[6076,0],[5565,0],]]
[5822,17,5,[[5821,0],[5823,0],[6078,0],[5566,0],]]
[5823,7,5,[[5824,0],[5822,0],[6079,0],[6078,0],[5567,0],]]
[5824,15,6,[[5823,0],[5825,0],[6080,0],[5568,0],]]
[5825,13,6,[[5826,0],[5824,0],[6081,0],[6080,0],[5569,0],]]
[5826,16,6,[[5825,0],[5827,0],[6082,0],[5570,0],]]
[5827,10,6,[[5828,0],[5826,0],[6083,0],[6082,0],[5571,0],]]
[5828,13,6,[[5827,0],[5829,0],[6084,0],[5572,0],]]
[5829,13,6,[[5830,0],[5828,0],[6085,0],[6084,0],[5573,0],]]
[5830,13,6,[[5829,0],[5831,0],[6086,0],[5574,0],]]
[5831,12,6,[[5832,0],[5830,0],[6087,0],[6086,0],[5575,0],]]
[5832,9,6,[[5831,0],[5833,0],[6088,0],[5576,0],]]
[5833,5,6,[[5834,0],[5832,0],[6089,0],[6088,0],[5577,0],]]
[5834,16,6,[[5833,0],[5835,0],[6090,0],[5578,0],]]
[5835,12,6,[[5836,0],[5834,0],[6091,0],[6090,0],[5579,0],]]
[5836,4,6,[[5835,0],[5837,0],[6092,0],[5580,0],]]
[5837,13,6,[[5838,0],[5836,0],[6093,0],[6092,0],[5581,0],]]
[5838,3,6,[[5837,0],[5839,0],[6094,0],[5582,0],]]
[5839,6,6,[[5840,0],[5838,0],[6095,0],[6094,0],[5583,0],]]
[5840,4,6,[[5839,0],[5841,0],[6096,0],[5584,0],]]
[5841,14,6,[[5842,0],[5840,0],[6097,0],[6096,0],[5585,0],]]
[5842,19,6,[[5841,0],[5843,0],[6098,0],[5586,0],]]
[5843,5,6,[[5844,0],[5842,0],[6099,0],[6098,0],[5587,0],]]
[5844,14,6,[[5843,0],[5845,0],[6100,0],[5588,0],]]
[5845,14,6,[[5846,0],[5844,0],[6101,0],[6100,0],[5589,0],]]
[5846,3,6,[[5845,0],[5847,0],[6102,0],[5590,0],]]
[5847,1,6,[[5848,0],[5846,0],[6103,0],[6102,0],[5591,0],]]
[5848,14,6,[[5847,0],[5849,0],[6104,0],[5592,0],]]
[5849,8,6,[[5850,0],[5848,0],[6105,0],[6104,0],[5593,0],]]
[5850,9,6,[[5849,0],[5851,0],[6106,0],[5594,0],]]
[5851,19,6,[[5852,0],[5850,0],[6107,0],[6106,0],[5595,0],]]
[5852,16,6,[[5851,0],[5853,0],[6108,0],[5596,0],]]
[5853,15,6,[[5854,0],[5852,0],[6109,0],[6108,0],[5597,0],]]
[5854,10,6,[[5853,0],[5855,0],[6110,0],[5598,0],]]
[5855,1,6,[[5856,0],[5854,0],[6111,0],[6110,0],[5599,0],]]
[5856,11,7,[[5855,0],[5857,0],[6112,0],[5600,0],]]
[5857,10,7,[[5858,0],[5856,0],[6113,0],[6112,0],[5601,0],]]
[5858,16,7,[[5857,0],[5859,0],[6114,0],[5602,0],]]
[5859,15,7,[[5860,0],[5858,0],[6115,0],[6114,0],[5603,0],]]
[5860,11,7,[[5859,0],[5861,0],[6116,0],[5604,0],]]
[5861,3,7,[[5862,0],[5860,0],[6117,0],[6116,0],[5605,0],]]
[5862,13,7,[[5861,0],[5863,0],[6118,0],[5606,0],]]
[5863,3,7,[[5864,0],[5862,0],[6119,0],[6118,0],[5607,0],]]
[5864,3,7,[[5863,0],[5865,0],[6120,0],[5608,0],]]
[5865,13,7,[[5866,0],[5864,0],[6121,0],[6120,0],[5609,0],]]
[5866,9,7,[[5865,0],[5867,0],[6122,0],[5610,0],]]
[5867,14,7,[[5868,0],[5866,0],[6123,0],[6122,0],[5611,0],]]
[5868,15,7,[[5867,0],[5869,0],[6124,0],[5612,0],]]
[5869,5,7,[[5870,0],[5868,0],[6125,0],[6124,0],[5613,0],]]
[5870,15,7,[[5869,0],[5871,0],[6126,0],[5614,0],]]
[5871,4,7,[[5872,0],[5870,0],[6127,0],[6126,0],[5615,0],]]
[5872,12,7,[[5871,0],[5873,0],[6128,0],[5616,0],]]
[5873,6,7,[[5874,0],[5872,0],[6129,0],[6128,0],[5617,0],]]
[5874,13,7,[[5873,0],[5875,0],[6130,0],[5618,0],]]
[5875,15,7,[[5876,0],[5874,0],[6131,0],[6130,0],[5619,0],]]
[5876,14,7,[[5875,0],[5877,0],[6132,0],[5620,0],]]
[5877,3,7,[[5878,0],[5876,0],[6133,0],[6132,0],[5621,0],]]
[5878,13,7,[[5877,0],[5879,0],[6134,0],[5622,0],]]
[5879,15,7,[[5880,0],[5878,0],[6135,0],[6134,0],[5623,0],]]
[5880,5,7,[[5879,0],[5881,0],[6136,0],[5624,0],]]
[5881,3,7,[[5882,0],[5880,0],[6137,0],[6136,0],[5625,0],]]
[5882,1,7,[[5881,0],[5883,0],[6138,0],[5626,0],]]
[5883,19,7,[[5884,0],[5882,0],[6139,0],[6138,0],[5627,0],]]
[5884,1,7,[[5883,0],[5885,0],[6140,0],[5628,0],]]
[5885,19,7,[[5886,0],[5884,0],[6141,0],[6140,0],[5629,0],]]
[5886,16,7,[[5885,0],[5887,0],[6142,0],[5630,0],]]
[5887,16,7,[[5886,0],[6143,0],[6142,0],[5631,0],]]
[5888,6,0,[[5889,0],[5632,0],[5633,0],[6144,0],]]
[5889,3,0,[[5890,0],[5888,0],[5633,0],[6145,0],]]
[5890,4,0,[[5889,0],[5891,0],[5634,0],[5635,0],[6146,0],]]
[5891,15,0,[[5892,0],[5890,0],[5635,0],[6147,0],]]
[5892,6,0,[[5891,0],[5893,0],[5636,0],[5637,0],[6148,0],]]
[5893,3,0,[[5894,0],[5892,0],[5637,0],[6149,0],]]
[5894,9,0,[[5893,0],[5895,0],[5638,0],[5639,0],[6150,0],]]
[5895,8,0,[[5896,0],[5894,0],[5639,0],[6151,0],]]
[5896,17,0,[[5895,0],[5897,0],[5640,0],[5641,0],[6152,0],]]
[5897,13,0,[[5898,0],[5896,0],[5641,0],[6153,0],]]
