[55050,2,48,[[55049,0],[55051,0],[54794,0],[54795,0],[55306,0],]]
[55051,1,48,[[55052,0],[55050,0],[54795,0],[55307,0],]]
[55052,11,48,[[55051,0],[55053,0],[54796,0],[54797,0],[55308,0],]]
[55053,9,48,[[55054,0],[55052,0],[54797,0],[55309,0],]]
[55054,9,48,[[55053,0],[55055,0],[54798,0],[54799,0],[55310,0],]]
[55055,6,48,[[55056,0],[55054,0],[54799,0],[55311,0],]]
[55056,6,48,[[55055,0],[55057,0],[54800,0],[54801,0],[55312,0],]]
[55057,15,48,[[55058,0],[55056,0],[54801,0],[55313,0],]]
[55058,4,48,[[55057,0],[55059,0],[54802,0],[54803,0],[55314,0],]]
[55059,7,48,[[55060,0],[55058,0],[54803,0],[55315,0],]]
[55060,17,48,[[55059,0],[55061,0],[54804,0],[54805,0],[55316,0],]]
[55061,6,48,[[55062,0],[55060,0],[54805,0],[55317,0],]]
[55062,10,48,[[55061,0],[55063,0],[54806,0],[54807,0],[55318,0],]]
[55063,8,48,[[55064,0],[55062,0],[54807,0],[55319,0],]]
[55064,1,48,[[55063,0],[55065,0],[54808,0],[54809,0],[55320,0],]]
[55065,19,48,[[55066,0],[55064,0],[54809,0],[55321,0],]]
[55066,12,48,[[55065,0],[55067,0],[54810,0],[54811,0],[55322,0],]]
[55067,10,48,[[55068,0],[55066,0],[54811,0],[55323,0],]]
[55068,6,48,[[55067,0],[55069,0],[54812,0],[54813,0],[55324,0],]]
[55069,10,48,[[55070,0],[55068,0],[54813,0],[55325,0],]]
[55070,1,48,[[55069,0],[55071,0],[54814,0],[54815,0],[55326,0],]]
[55071,5,48,[[55072,0],[55070,0],[54815,0],[55327,0],]]
[55072,17,49,[[55071,0],[55073,0],[54816,0],[54817,0],[55328,0],]]
[55073,1,49,[[55074,0],[55072,0],[54817,0],[55329,0],]]
[55074,19,49,[[55073,0],[55075,0],[54818,0],[54819,0],[55330,0],]]
[55075,18,49,[[55076,0],[55074,0],[54819,0],[55331,0],]]
[55076,17,49,[[55075,0],[55077,0],[54820,0],[54821,0],[55332,0],]]
[55077,7,49,[[55078,0],[55076,0],[54821,0],[55333,0],]]
[55078,11,49,[[55077,0],[55079,0],[54822,0],[54823,0],[55334,0],]]
[55079,3,49,[[55080,0],[55078,0],[54823,0],[55335,0],]]
[55080,2,49,[[55079,0],[55081,0],[54824,0],[54825,0],[55336,0],]]
[55081,1,49,[[55082,0],[55080,0],[54825,0],[55337,0],]]
[55082,4,49,[[55081,0],[55083,0],[54826,0],[54827,0],[55338,0],]]
[55083,1,49,[[55084,0],[55082,0],[54827,0],[55339,0],]]
[55084,6,49,[[55083,0],[55085,0],[54828,0],[54829,0],[55340,0],]]
[55085,17,49,[[55086,0],[55084,0],[54829,0],[55341,0],]]
[55086,17,49,[[55085,0],[55087,0],[54830,0],[54831,0],[55342,0],]]
[55087,13,49,[[55088,0],[55086,0],[54831,0],[55343,0],]]
[55088,5,49,[[55087,0],[55089,0],[54832,0],[54833,0],[55344,0],]]
[55089,15,49,[[55090,0],[55088,0],[54833,0],[55345,0],]]
[55090,9,49,[[55089,0],[55091,0],[54834,0],[54835,0],[55346,0],]]
[55091,16,49,[[55092,0],[55090,0],[54835,0],[55347,0],]]
[55092,11,49,[[55091,0],[55093,0],[54836,0],[54837,0],[55348,0],]]
[55093,1,49,[[55094,0],[55092,0],[54837,0],[55349,0],]]
[55094,19,49,[[55093,0],[55095,0],[54838,0],[54839,0],[55350,0],]]
[55095,19,49,[[55096,0],[55094,0],[54839,0],[55351,0],]]
[55096,18,49,[[55095,0],[55097,0],[54840,0],[54841,0],[55352,0],]]
[55097,12,49,[[55098,0],[55096,0],[54841,0],[55353,0],]]
[55098,1,49,[[55097,0],[55099,0],[54842,0],[54843,0],[55354,0],]]
[55099,8,49,[[55100,0],[55098,0],[54843,0],[55355,0],]]
[55100,6,49,[[55099,0],[55101,0],[54844,0],[54845,0],[55356,0],]]
[55101,18,49,[[55102,0],[55100,0],[54845,0],[55357,0],]]
[55102,4,49,[[55101,0],[55103,0],[54846,0],[54847,0],[55358,0],]]
[55103,11,49,[[55104,0],[55102,0],[54847,0],[55359,0],]]
[55104,19,50,[[55103,0],[55105,0],[54848,0],[54849,0],[55360,0],]]
[55105,11,50,[[55106,0],[55104,0],[54849,0],[55361,0],]]
[55106,16,50,[[55105,0],[55107,0],[54850,0],[54851,0],[55362,0],]]
[55107,16,50,[[55108,0],[55106,0],[54851,0],[55363,0],]]
[55108,16,50,[[55107,0],[55109,0],[54852,0],[54853,0],[55364,0],]]
[55109,1,50,[[55110,0],[55108,0],[54853,0],[55365,0],]]
[55110,17,50,[[55109,0],[55111,0],[54854,0],[54855,0],[55366,0],]]
[55111,14,50,[[55112,0],[55110,0],[54855,0],[55367,0],]]
[55112,2,50,[[55111,0],[55113,0],[54856,0],[54857,0],[55368,0],]]
[55113,3,50,[[55114,0],[55112,0],[54857,0],[55369,0],]]
[55114,17,50,[[55113,0],[55115,0],[54858,0],[54859,0],[55370,0],]]
[55115,3,50,[[55116,0],[55114,0],[54859,0],[55371,0],]]
[55116,12,50,[[55115,0],[55117,0],[54860,0],[54861,0],[55372,0],]]
[55117,13,50,[[55118,0],[55116,0],[54861,0],[55373,0],]]
[55118,15,50,[[55117,0],[55119,0],[54862,0],[54863,0],[55374,0],]]
[55119,11,50,[[55120,0],[55118,0],[54863,0],[55375,0],]]
[55120,6,50,[[55119,0],[55121,0],[54864,0],[54865,0],[55376,0],]]
[55121,10,50,[[55122,0],[55120,0],[54865,0],[55377,0],]]
[55122,12,50,[[55121,0],[55123,0],[54866,0],[54867,0],[55378,0],]]
[55123,19,50,[[55124,0],[55122,0],[54867,0],[55379,0],]]
[55124,4,50,[[55123,0],[55125,0],[54868,0],[54869,0],[55380,0],]]
[55125,18,50,[[55126,0],[55124,0],[54869,0],[55381,0],]]
[55126,18,50,[[55125,0],[55127,0],[54870,0],[54871,0],[55382,0],]]
[55127,19,50,[[55128,0],[55126,0],[54871,0],[55383,0],]]
[55128,17,50,[[55127,0],[55129,0],[54872,0],[54873,0],[55384,0],]]
[55129,16,50,[[55130,0],[55128,0],[54873,0],[55385,0],]]
[55130,15,50,[[55129,0],[55131,0],[54874,0],[54875,0],[55386,0],]]
[55131,7,50,[[55132,0],[55130,0],[54875,0],[55387,0],]]
[55132,14,50,[[55131,0],[55133,0],[54876,0],[54877,0],[55388,0],]]
[55133,4,50,[[55134,0],[55132,0],[54877,0],[55389,0],]]
[55134,19,50,[[55133,0],[55135,0],[54878,0],[54879,0],[55390,0],]]
[55135,16,50,[[55136,0],[55134,0],[54879,0],[55391,0],]]
[55136,10,51,[[55135,0],[55137,0],[54880,0],[54881,0],[55392,0],]]
[55137,1,51,[[55138,0],[55136,0],[54881,0],[55393,0],]]
[55138,15,51,[[55137,0],[55139,0],[54882,0],[54883,0],[55394,0],]]
[55139,13,51,[[55140,0],[55138,0],[54883,0],[55395,0],]]
[55140,13,51,[[55139,0],[55141,0],[54884,0],[54885,0],[55396,0],]]
[55141,7,51,[[55142,0],[55140,0],[54885,0],[55397,0],]]
[55142,5,51,[[55141,0],[55143,0],[54886,0],[54887,0],[55398,0],]]
[55143,19,51,[[55144,0],[55142,0],[54887,0],[55399,0],]]
[55144,4,51,[[55143,0],[55145,0],[54888,0],[54889,0],[55400,0],]]
[55145,1,51,[[55146,0],[55144,0],[54889,0],[55401,0],]]
[55146,13,51,[[55145,0],[55147,0],[54890,0],[54891,0],[55402,0],]]
[55147,1,51,[[55148,0],[55146,0],[54891,0],[55403,0],]]
[55148,5,51,[[55147,0],[55149,0],[54892,0],[54893,0],[55404,0],]]
[55149,4,51,[[55150,0],[55148,0],[54893,0],[55405,0],]]
[55150,12,51,[[55149,0],[55151,0],[54894,0],[54895,0],[55406,0],]]
[55151,7,51,[[55152,0],[55150,0],[54895,0],[55407,0],]]
[55152,10,51,[[55151,0],[55153,0],[54896,0],[54897,0],[55408,0],]]
[55153,8,51,[[55154,0],[55152,0],[54897,0],[55409,0],]]
[55154,2,51,[[55153,0],[55155,0],[54898,0],[54899,0],[55410,0],]]
[55155,11,51,[[55156,0],[55154,0],[54899,0],[55411,0],]]
[55156,4,51,[[55155,0],[55157,0],[54900,0],[54901,0],[55412,0],]]
[55157,19,51,[[55158,0],[55156,0],[54901,0],[55413,0],]]
[55158,6,51,[[55157,0],[55159,0],[54902,0],[54903,0],[55414,0],]]
[55159,17,51,[[55160,0],[55158,0],[54903,0],[55415,0],]]
[55160,15,51,[[55159,0],[55161,0],[54904,0],[54905,0],[55416,0],]]
[55161,7,51,[[55162,0],[55160,0],[54905,0],[55417,0],]]
[55162,10,51,[[55161,0],[55163,0],[54906,0],[54907,0],[55418,0],]]
[55163,1,51,[[55164,0],[55162,0],[54907,0],[55419,0],]]
[55164,9,51,[[55163,0],[55165,0],[54908,0],[54909,0],[55420,0],]]
[55165,4,51,[[55166,0],[55164,0],[54909,0],[55421,0],]]
[55166,10,51,[[55165,0],[55167,0],[54910,0],[54911,0],[55422,0],]]
[55167,4,51,[[55168,0],[55166,0],[54911,0],[55423,0],]]
[55168,15,52,[[55167,0],[55169,0],[54912,0],[54913,0],[55424,0],]]
[55169,8,52,[[55170,0],[55168,0],[54913,0],[55425,0],]]
[55170,5,52,[[55169,0],[55171,0],[54914,0],[54915,0],[55426,0],]]
[55171,7,52,[[55172,0],[55170,0],[54915,0],[55427,0],]]
[55172,12,52,[[55171,0],[55173,0],[54916,0],[54917,0],[55428,0],]]
[55173,1,52,[[55174,0],[55172,0],[54917,0],[55429,0],]]
[55174,5,52,[[55173,0],[55175,0],[54918,0],[54919,0],[55430,0],]]
[55175,17,52,[[55176,0],[55174,0],[54919,0],[55431,0],]]
[55176,6,52,[[55175,0],[55177,0],[54920,0],[54921,0],[55432,0],]]
[55177,19,52,[[55178,0],[55176,0],[54921,0],[55433,0],]]
[55178,12,52,[[55177,0],[55179,0],[54922,0],[54923,0],[55434,0],]]
[55179,16,52,[[55180,0],[55178,0],[54923,0],[55435,0],]]
[55180,2,52,[[55179,0],[55181,0],[54924,0],[54925,0],[55436,0],]]
[55181,8,52,[[55182,0],[55180,0],[54925,0],[55437,0],]]
[55182,3,52,[[55181,0],[55183,0],[54926,0],[54927,0],[55438,0],]]
[55183,6,52,[[55184,0],[55182,0],[54927,0],[55439,0],]]
[55184,1,52,[[55183,0],[55185,0],[54928,0],[54929,0],[55440,0],]]
[55185,8,52,[[55186,0],[55184,0],[54929,0],[55441,0],]]
[55186,5,52,[[55185,0],[55187,0],[54930,0],[54931,0],[55442,0],]]
[55187,19,52,[[55188,0],[55186,0],[54931,0],[55443,0],]]
[55188,14,52,[[55187,0],[55189,0],[54932,0],[54933,0],[55444,0],]]
[55189,14,52,[[55190,0],[55188,0],[54933,0],[55445,0],]]
[55190,8,52,[[55189,0],[55191,0],[54934,0],[54935,0],[55446,0],]]
[55191,12,52,[[55192,0],[55190,0],[54935,0],[55447,0],]]
[55192,15,52,[[55191,0],[55193,0],[54936,0],[54937,0],[55448,0],]]
[55193,11,52,[[55194,0],[55192,0],[54937,0],[55449,0],]]
[55194,17,52,[[55193,0],[55195,0],[54938,0],[54939,0],[55450,0],]]
[55195,9,52,[[55196,0],[55194,0],[54939,0],[55451,0],]]
[55196,8,52,[[55195,0],[55197,0],[54940,0],[54941,0],[55452,0],]]
[55197,3,52,[[55198,0],[55196,0],[54941,0],[55453,0],]]
[55198,17,52,[[55197,0],[55199,0],[54942,0],[54943,0],[55454,0],]]
[55199,19,52,[[55200,0],[55198,0],[54943,0],[55455,0],]]
[55200,16,53,[[55199,0],[55201,0],[54944,0],[54945,0],[55456,0],]]
[55201,18,53,[[55202,0],[55200,0],[54945,0],[55457,0],]]
[55202,7,53,[[55201,0],[55203,0],[54946,0],[54947,0],[55458,0],]]
[55203,17,53,[[55204,0],[55202,0],[54947,0],[55459,0],]]
[55204,17,53,[[55203,0],[55205,0],[54948,0],[54949,0],[55460,0],]]
[55205,10,53,[[55206,0],[55204,0],[54949,0],[55461,0],]]
[55206,8,53,[[55205,0],[55207,0],[54950,0],[54951,0],[55462,0],]]
[55207,8,53,[[55208,0],[55206,0],[54951,0],[55463,0],]]
[55208,10,53,[[55207,0],[55209,0],[54952,0],[54953,0],[55464,0],]]
[55209,2,53,[[55210,0],[55208,0],[54953,0],[55465,0],]]
[55210,16,53,[[55209,0],[55211,0],[54954,0],[54955,0],[55466,0],]]
[55211,12,53,[[55212,0],[55210,0],[54955,0],[55467,0],]]
[55212,14,53,[[55211,0],[55213,0],[54956,0],[54957,0],[55468,0],]]
[55213,13,53,[[55214,0],[55212,0],[54957,0],[55469,0],]]
[55214,6,53,[[55213,0],[55215,0],[54958,0],[54959,0],[55470,0],]]
[55215,19,53,[[55216,0],[55214,0],[54959,0],[55471,0],]]
[55216,12,53,[[55215,0],[55217,0],[54960,0],[54961,0],[55472,0],]]
[55217,4,53,[[55218,0],[55216,0],[54961,0],[55473,0],]]
[55218,14,53,[[55217,0],[55219,0],[54962,0],[54963,0],[55474,0],]]
[55219,7,53,[[55220,0],[55218,0],[54963,0],[55475,0],]]
[55220,16,53,[[55219,0],[55221,0],[54964,0],[54965,0],[55476,0],]]
[55221,5,53,[[55222,0],[55220,0],[54965,0],[55477,0],]]
[55222,14,53,[[55221,0],[55223,0],[54966,0],[54967,0],[55478,0],]]
[55223,18,53,[[55224,0],[55222,0],[54967,0],[55479,0],]]
[55224,6,53,[[55223,0],[55225,0],[54968,0],[54969,0],[55480,0],]]
[55225,19,53,[[55226,0],[55224,0],[54969,0],[55481,0],]]
[55226,5,53,[[55225,0],[55227,0],[54970,0],[54971,0],[55482,0],]]
[55227,5,53,[[55228,0],[55226,0],[54971,0],[55483,0],]]
[55228,12,53,[[55227,0],[55229,0],[54972,0],[54973,0],[55484,0],]]
[55229,14,53,[[55230,0],[55228,0],[54973,0],[55485,0],]]
[55230,10,53,[[55229,0],[55231,0],[54974,0],[54975,0],[55486,0],]]
[55231,1,53,[[55232,0],[55230,0],[54975,0],[55487,0],]]
[55232,9,54,[[55231,0],[55233,0],[54976,0],[54977,0],[55488,0],]]
[55233,4,54,[[55234,0],[55232,0],[54977,0],[55489,0],]]
[55234,9,54,[[55233,0],[55235,0],[54978,0],[54979,0],[55490,0],]]
[55235,5,54,[[55236,0],[55234,0],[54979,0],[55491,0],]]
[55236,4,54,[[55235,0],[55237,0],[54980,0],[54981,0],[55492,0],]]
[55237,10,54,[[55238,0],[55236,0],[54981,0],[55493,0],]]
[55238,1,54,[[55237,0],[55239,0],[54982,0],[54983,0],[55494,0],]]
[55239,3,54,[[55240,0],[55238,0],[54983,0],[55495,0],]]
[55240,10,54,[[55239,0],[55241,0],[54984,0],[54985,0],[55496,0],]]
[55241,13,54,[[55242,0],[55240,0],[54985,0],[55497,0],]]
[55242,12,54,[[55241,0],[55243,0],[54986,0],[54987,0],[55498,0],]]
[55243,5,54,[[55244,0],[55242,0],[54987,0],[55499,0],]]
[55244,3,54,[[55243,0],[55245,0],[54988,0],[54989,0],[55500,0],]]
[55245,14,54,[[55246,0],[55244,0],[54989,0],[55501,0],]]
[55246,19,54,[[55245,0],[55247,0],[54990,0],[54991,0],[55502,0],]]
[55247,2,54,[[55248,0],[55246,0],[54991,0],[55503,0],]]
[55248,12,54,[[55247,0],[55249,0],[54992,0],[54993,0],[55504,0],]]
[55249,10,54,[[55250,0],[55248,0],[54993,0],[55505,0],]]
[55250,6,54,[[55249,0],[55251,0],[54994,0],[54995,0],[55506,0],]]
[55251,13,54,[[55252,0],[55250,0],[54995,0],[55507,0],]]
[55252,5,54,[[55251,0],[55253,0],[54996,0],[54997,0],[55508,0],]]
[55253,13,54,[[55254,0],[55252,0],[54997,0],[55509,0],]]
[55254,15,54,[[55253,0],[55255,0],[54998,0],[54999,0],[55510,0],]]
[55255,16,54,[[55256,0],[55254,0],[54999,0],[55511,0],]]
[55256,7,54,[[55255,0],[55257,0],[55000,0],[55001,0],[55512,0],]]
[55257,13,54,[[55258,0],[55256,0],[55001,0],[55513,0],]]
[55258,7,54,[[55257,0],[55259,0],[55002,0],[55003,0],[55514,0],]]
[55259,8,54,[[55260,0],[55258,0],[55003,0],[55515,0],]]
[55260,7,54,[[55259,0],[55261,0],[55004,0],[55005,0],[55516,0],]]
[55261,16,54,[[55262,0],[55260,0],[55005,0],[55517,0],]]
[55262,11,54,[[55261,0],[55263,0],[55006,0],[55007,0],[55518,0],]]
[55263,7,54,[[55264,0],[55262,0],[55007,0],[55519,0],]]
[55264,5,55,[[55263,0],[55265,0],[55008,0],[55009,0],[55520,0],]]
[55265,11,55,[[55266,0],[55264,0],[55009,0],[55521,0],]]
[55266,1,55,[[55265,0],[55267,0],[55010,0],[55011,0],[55522,0],]]
[55267,9,55,[[55268,0],[55266,0],[55011,0],[55523,0],]]
[55268,7,55,[[55267,0],[55269,0],[55012,0],[55013,0],[55524,0],]]
[55269,12,55,[[55270,0],[55268,0],[55013,0],[55525,0],]]
[55270,1,55,[[55269,0],[55271,0],[55014,0],[55015,0],[55526,0],]]
[55271,15,55,[[55272,0],[55270,0],[55015,0],[55527,0],]]
[55272,15,55,[[55271,0],[55273,0],[55016,0],[55017,0],[55528,0],]]
[55273,4,55,[[55274,0],[55272,0],[55017,0],[55529,0],]]
[55274,9,55,[[55273,0],[55275,0],[55018,0],[55019,0],[55530,0],]]
[55275,8,55,[[55276,0],[55274,0],[55019,0],[55531,0],]]
[55276,13,55,[[55275,0],[55277,0],[55020,0],[55021,0],[55532,0],]]
[55277,1,55,[[55278,0],[55276,0],[55021,0],[55533,0],]]
[55278,11,55,[[55277,0],[55279,0],[55022,0],[55023,0],[55534,0],]]
[55279,15,55,[[55280,0],[55278,0],[55023,0],[55535,0],]]
[55280,5,55,[[55279,0],[55281,0],[55024,0],[55025,0],[55536,0],]]
[55281,18,55,[[55282,0],[55280,0],[55025,0],[55537,0],]]
[55282,17,55,[[55281,0],[55283,0],[55026,0],[55027,0],[55538,0],]]
[55283,12,55,[[55284,0],[55282,0],[55027,0],[55539,0],]]
[55284,14,55,[[55283,0],[55285,0],[55028,0],[55029,0],[55540,0],]]
[55285,7,55,[[55286,0],[55284,0],[55029,0],[55541,0],]]
[55286,11,55,[[55285,0],[55287,0],[55030,0],[55031,0],[55542,0],]]
[55287,4,55,[[55288,0],[55286,0],[55031,0],[55543,0],]]
[55288,2,55,[[55287,0],[55289,0],[55032,0],[55033,0],[55544,0],]]
[55289,10,55,[[55290,0],[55288,0],[55033,0],[55545,0],]]
[55290,2,55,[[55289,0],[55291,0],[55034,0],[55035,0],[55546,0],]]
[55291,1,55,[[55292,0],[55290,0],[55035,0],[55547,0],]]
[55292,4,55,[[55291,0],[55293,0],[55036,0],[55037,0],[55548,0],]]
[55293,11,55,[[55294,0],[55292,0],[55037,0],[55549,0],]]
[55294,1,55,[[55293,0],[55295,0],[55038,0],[55039,0],[55550,0],]]
[55295,14,55,[[55294,0],[55039,0],[55551,0],]]
[55296,19,48,[[55297,0],[55552,0],[55040,0],]]
[55297,1,48,[[55298,0],[55296,0],[55553,0],[55552,0],[55041,0],]]
[55298,12,48,[[55297,0],[55299,0],[55554,0],[55042,0],]]
[55299,4,48,[[55300,0],[55298,0],[55555,0],[55554,0],[55043,0],]]
[55300,13,48,[[55299,0],[55301,0],[55556,0],[55044,0],]]
[55301,18,48,[[55302,0],[55300,0],[55557,0],[55556,0],[55045,0],]]
[55302,19,48,[[55301,0],[55303,0],[55558,0],[55046,0],]]
[55303,15,48,[[55304,0],[55302,0],[55559,0],[55558,0],[55047,0],]]
[55304,19,48,[[55303,0],[55305,0],[55560,0],[55048,0],]]
[55305,8,48,[[55306,0],[55304,0],[55561,0],[55560,0],[55049,0],]]
[55306,17,48,[[55305,0],[55307,0],[55562,0],[55050,0],]]
[55307,12,48,[[55308,0],[55306,0],[55563,0],[55562,0],[55051,0],]]
[55308,10,48,[[55307,0],[55309,0],[55564,0],[55052,0],]]
[55309,15,48,[[55310,0],[55308,0],[55565,0],[55564,0],[55053,0],]]
[55310,5,48,[[55309,0],[55311,0],[55566,0],[55054,0],]]
[55311,9,48,[[55312,0],[55310,0],[55567,0],[55566,0],[55055,0],]]
[55312,17,48,[[55311,0],[55313,0],[55568,0],[55056,0],]]
[55313,7,48,[[55314,0],[55312,0],[55569,0],[55568,0],[55057,0],]]
[55314,15,48,[[55313,0],[55315,0],[55570,0],[55058,0],]]
[55315,8,48,[[55316,0],[55314,0],[55571,0],[55570,0],[55059,0],]]
[55316,15,48,[[55315,0],[55317,0],[55572,0],[55060,0],]]
[55317,10,48,[[55318,0],[55316,0],[55573,0],[55572,0],[55061,0],]]
[55318,17,48,[[55317,0],[55319,0],[55574,0],[55062,0],]]
[55319,13,48,[[55320,0],[55318,0],[55575,0],[55574,0],[55063,0],]]
[55320,7,48,[[55319,0],[55321,0],[55576,0],[55064,0],]]
[55321,17,48,[[55322,0],[55320,0],[55577,0],[55576,0],[55065,0],]]
[55322,12,48,[[55321,0],[55323,0],[55578,0],[55066,0],]]
[55323,8,48,[[55324,0],[55322,0],[55579,0],[55578,0],[55067,0],]]
[55324,4,48,[[55323,0],[55325,0],[55580,0],[55068,0],]]
[55325,4,48,[[55326,0],[55324,0],[55581,0],[55580,0],[55069,0],]]
[55326,14,48,[[55325,0],[55327,0],[55582,0],[55070,0],]]
[55327,14,48,[[55328,0],[55326,0],[55583,0],[55582,0],[55071,0],]]
[55328,7,49,[[55327,0],[55329,0],[55584,0],[55072,0],]]
[55329,6,49,[[55330,0],[55328,0],[55585,0],[55584,0],[55073,0],]]
[55330,19,49,[[55329,0],[55331,0],[55586,0],[55074,0],]]
[55331,7,49,[[55332,0],[55330,0],[55587,0],[55586,0],[55075,0],]]
[55332,13,49,[[55331,0],[55333,0],[55588,0],[55076,0],]]
[55333,14,49,[[55334,0],[55332,0],[55589,0],[55588,0],[55077,0],]]
[55334,8,49,[[55333,0],[55335,0],[55590,0],[55078,0],]]
[55335,19,49,[[55336,0],[55334,0],[55591,0],[55590,0],[55079,0],]]
[55336,3,49,[[55335,0],[55337,0],[55592,0],[55080,0],]]
[55337,6,49,[[55338,0],[55336,0],[55593,0],[55592,0],[55081,0],]]
[55338,17,49,[[55337,0],[55339,0],[55594,0],[55082,0],]]
[55339,18,49,[[55340,0],[55338,0],[55595,0],[55594,0],[55083,0],]]
[55340,12,49,[[55339,0],[55341,0],[55596,0],[55084,0],]]
[55341,12,49,[[55342,0],[55340,0],[55597,0],[55596,0],[55085,0],]]
[55342,4,49,[[55341,0],[55343,0],[55598,0],[55086,0],]]
[55343,7,49,[[55344,0],[55342,0],[55599,0],[55598,0],[55087,0],]]
[55344,9,49,[[55343,0],[55345,0],[55600,0],[55088,0],]]
[55345,13,49,[[55346,0],[55344,0],[55601,0],[55600,0],[55089,0],]]
[55346,13,49,[[55345,0],[55347,0],[55602,0],[55090,0],]]
[55347,14,49,[[55348,0],[55346,0],[55603,0],[55602,0],[55091,0],]]
[55348,8,49,[[55347,0],[55349,0],[55604,0],[55092,0],]]
[55349,5,49,[[55350,0],[55348,0],[55605,0],[55604,0],[55093,0],]]
[55350,7,49,[[55349,0],[55351,0],[55606,0],[55094,0],]]
[55351,12,49,[[55352,0],[55350,0],[55607,0],[55606,0],[55095,0],]]
[55352,12,49,[[55351,0],[55353,0],[55608,0],[55096,0],]]
[55353,2,49,[[55354,0],[55352,0],[55609,0],[55608,0],[55097,0],]]
[55354,15,49,[[55353,0],[55355,0],[55610,0],[55098,0],]]
[55355,1,49,[[55356,0],[55354,0],[55611,0],[55610,0],[55099,0],]]
[55356,16,49,[[55355,0],[55357,0],[55612,0],[55100,0],]]
[55357,13,49,[[55358,0],[55356,0],[55613,0],[55612,0],[55101,0],]]
[55358,8,49,[[55357,0],[55359,0],[55614,0],[55102,0],]]
[55359,6,49,[[55360,0],[55358,0],[55615,0],[55614,0],[55103,0],]]
[55360,14,50,[[55359,0],[55361,0],[55616,0],[55104,0],]]
[55361,11,50,[[55362,0],[55360,0],[55617,0],[55616,0],[55105,0],]]
[55362,1,50,[[55361,0],[55363,0],[55618,0],[55106,0],]]
[55363,10,50,[[55364,0],[55362,0],[55619,0],[55618,0],[55107,0],]]
[55364,15,50,[[55363,0],[55365,0],[55620,0],[55108,0],]]
[55365,6,50,[[55366,0],[55364,0],[55621,0],[55620,0],[55109,0],]]
[55366,7,50,[[55365,0],[55367,0],[55622,0],[55110,0],]]
[55367,1,50,[[55368,0],[55366,0],[55623,0],[55622,0],[55111,0],]]
[55368,18,50,[[55367,0],[55369,0],[55624,0],[55112,0],]]
[55369,1,50,[[55370,0],[55368,0],[55625,0],[55624,0],[55113,0],]]
[55370,7,50,[[55369,0],[55371,0],[55626,0],[55114,0],]]
[55371,7,50,[[55372,0],[55370,0],[55627,0],[55626,0],[55115,0],]]
[55372,1,50,[[55371,0],[55373,0],[55628,0],[55116,0],]]
[55373,12,50,[[55374,0],[55372,0],[55629,0],[55628,0],[55117,0],]]
[55374,14,50,[[55373,0],[55375,0],[55630,0],[55118,0],]]
[55375,17,50,[[55376,0],[55374,0],[55631,0],[55630,0],[55119,0],]]
[55376,17,50,[[55375,0],[55377,0],[55632,0],[55120,0],]]
[55377,17,50,[[55378,0],[55376,0],[55633,0],[55632,0],[55121,0],]]
[55378,12,50,[[55377,0],[55379,0],[55634,0],[55122,0],]]
[55379,18,50,[[55380,0],[55378,0],[55635,0],[55634,0],[55123,0],]]
[55380,9,50,[[55379,0],[55381,0],[55636,0],[55124,0],]]
[55381,16,50,[[55382,0],[55380,0],[55637,0],[55636,0],[55125,0],]]
[55382,6,50,[[55381,0],[55383,0],[55638,0],[55126,0],]]
[55383,16,50,[[55384,0],[55382,0],[55639,0],[55638,0],[55127,0],]]
[55384,17,50,[[55383,0],[55385,0],[55640,0],[55128,0],]]
[55385,12,50,[[55386,0],[55384,0],[55641,0],[55640,0],[55129,0],]]
[55386,1,50,[[55385,0],[55387,0],[55642,0],[55130,0],]]
[55387,3,50,[[55388,0],[55386,0],[55643,0],[55642,0],[55131,0],]]
[55388,7,50,[[55387,0],[55389,0],[55644,0],[55132,0],]]
[55389,14,50,[[55390,0],[55388,0],[55645,0],[55644,0],[55133,0],]]
[55390,7,50,[[55389,0],[55391,0],[55646,0],[55134,0],]]
[55391,11,50,[[55392,0],[55390,0],[55647,0],[55646,0],[55135,0],]]
[55392,1,51,[[55391,0],[55393,0],[55648,0],[55136,0],]]
[55393,2,51,[[55394,0],[55392,0],[55649,0],[55648,0],[55137,0],]]
[55394,1,51,[[55393,0],[55395,0],[55650,0],[55138,0],]]
[55395,16,51,[[55396,0],[55394,0],[55651,0],[55650,0],[55139,0],]]
[55396,11,51,[[55395,0],[55397,0],[55652,0],[55140,0],]]
[55397,2,51,[[55398,0],[55396,0],[55653,0],[55652,0],[55141,0],]]
[55398,17,51,[[55397,0],[55399,0],[55654,0],[55142,0],]]
[55399,7,51,[[55400,0],[55398,0],[55655,0],[55654,0],[55143,0],]]
[55400,9,51,[[55399,0],[55401,0],[55656,0],[55144,0],]]
[55401,6,51,[[55402,0],[55400,0],[55657,0],[55656,0],[55145,0],]]
[55402,15,51,[[55401,0],[55403,0],[55658,0],[55146,0],]]
[55403,11,51,[[55404,0],[55402,0],[55659,0],[55658,0],[55147,0],]]
[55404,7,51,[[55403,0],[55405,0],[55660,0],[55148,0],]]
[55405,11,51,[[55406,0],[55404,0],[55661,0],[55660,0],[55149,0],]]
[55406,17,51,[[55405,0],[55407,0],[55662,0],[55150,0],]]
[55407,15,51,[[55408,0],[55406,0],[55663,0],[55662,0],[55151,0],]]
[55408,2,51,[[55407,0],[55409,0],[55664,0],[55152,0],]]
[55409,11,51,[[55410,0],[55408,0],[55665,0],[55664,0],[55153,0],]]
[55410,17,51,[[55409,0],[55411,0],[55666,0],[55154,0],]]
[55411,18,51,[[55412,0],[55410,0],[55667,0],[55666,0],[55155,0],]]
[55412,15,51,[[55411,0],[55413,0],[55668,0],[55156,0],]]
[55413,8,51,[[55414,0],[55412,0],[55669,0],[55668,0],[55157,0],]]
[55414,5,51,[[55413,0],[55415,0],[55670,0],[55158,0],]]
[55415,2,51,[[55416,0],[55414,0],[55671,0],[55670,0],[55159,0],]]
[55416,12,51,[[55415,0],[55417,0],[55672,0],[55160,0],]]
[55417,11,51,[[55418,0],[55416,0],[55673,0],[55672,0],[55161,0],]]
[55418,19,51,[[55417,0],[55419,0],[55674,0],[55162,0],]]
[55419,10,51,[[55420,0],[55418,0],[55675,0],[55674,0],[55163,0],]]
[55420,6,51,[[55419,0],[55421,0],[55676,0],[55164,0],]]
[55421,15,51,[[55422,0],[55420,0],[55677,0],[55676,0],[55165,0],]]
[55422,11,51,[[55421,0],[55423,0],[55678,0],[55166,0],]]
[55423,18,51,[[55424,0],[55422,0],[55679,0],[55678,0],[55167,0],]]
[55424,3,52,[[55423,0],[55425,0],[55680,0],[55168,0],]]
[55425,16,52,[[55426,0],[55424,0],[55681,0],[55680,0],[55169,0],]]
[55426,18,52,[[55425,0],[55427,0],[55682,0],[55170,0],]]
[55427,19,52,[[55428,0],[55426,0],[55683,0],[55682,0],[55171,0],]]
[55428,15,52,[[55427,0],[55429,0],[55684,0],[55172,0],]]
[55429,17,52,[[55430,0],[55428,0],[55685,0],[55684,0],[55173,0],]]
[55430,17,52,[[55429,0],[55431,0],[55686,0],[55174,0],]]
[55431,16,52,[[55432,0],[55430,0],[55687,0],[55686,0],[55175,0],]]
[55432,16,52,[[55431,0],[55433,0],[55688,0],[55176,0],]]
[55433,6,52,[[55434,0],[55432,0],[55689,0],[55688,0],[55177,0],]]
[55434,16,52,[[55433,0],[55435,0],[55690,0],[55178,0],]]
[55435,1,52,[[55436,0],[55434,0],[55691,0],[55690,0],[55179,0],]]
[55436,16,52,[[55435,0],[55437,0],[55692,0],[55180,0],]]
[55437,10,52,[[55438,0],[55436,0],[55693,0],[55692,0],[55181,0],]]
[55438,9,52,[[55437,0],[55439,0],[55694,0],[55182,0],]]
[55439,14,52,[[55440,0],[55438,0],[55695,0],[55694,0],[55183,0],]]
[55440,17,52,[[55439,0],[55441,0],[55696,0],[55184,0],]]
[55441,4,52,[[55442,0],[55440,0],[55697,0],[55696,0],[55185,0],]]
[55442,16,52,[[55441,0],[55443,0],[55698,0],[55186,0],]]
[55443,14,52,[[55444,0],[55442,0],[55699,0],[55698,0],[55187,0],]]
[55444,16,52,[[55443,0],[55445,0],[55700,0],[55188,0],]]
[55445,15,52,[[55446,0],[55444,0],[55701,0],[55700,0],[55189,0],]]
[55446,19,52,[[55445,0],[55447,0],[55702,0],[55190,0],]]
[55447,11,52,[[55448,0],[55446,0],[55703,0],[55702,0],[55191,0],]]
[55448,7,52,[[55447,0],[55449,0],[55704,0],[55192,0],]]
[55449,17,52,[[55450,0],[55448,0],[55705,0],[55704,0],[55193,0],]]
[55450,8,52,[[55449,0],[55451,0],[55706,0],[55194,0],]]
[55451,11,52,[[55452,0],[55450,0],[55707,0],[55706,0],[55195,0],]]
[55452,2,52,[[55451,0],[55453,0],[55708,0],[55196,0],]]
[55453,1,52,[[55454,0],[55452,0],[55709,0],[55708,0],[55197,0],]]
[55454,16,52,[[55453,0],[55455,0],[55710,0],[55198,0],]]
[55455,16,52,[[55456,0],[55454,0],[55711,0],[55710,0],[55199,0],]]
[55456,15,53,[[55455,0],[55457,0],[55712,0],[55200,0],]]
[55457,4,53,[[55458,0],[55456,0],[55713,0],[55712,0],[55201,0],]]
[55458,4,53,[[55457,0],[55459,0],[55714,0],[55202,0],]]
[55459,13,53,[[55460,0],[55458,0],[55715,0],[55714,0],[55203,0],]]
[55460,12,53,[[55459,0],[55461,0],[55716,0],[55204,0],]]
[55461,18,53,[[55462,0],[55460,0],[55717,0],[55716,0],[55205,0],]]
[55462,6,53,[[55461,0],[55463,0],[55718,0],[55206,0],]]
[55463,16,53,[[55464,0],[55462,0],[55719,0],[55718,0],[55207,0],]]
[55464,8,53,[[55463,0],[55465,0],[55720,0],[55208,0],]]
[55465,3,53,[[55466,0],[55464,0],[55721,0],[55720,0],[55209,0],]]
[55466,10,53,[[55465,0],[55467,0],[55722,0],[55210,0],]]
[55467,15,53,[[55468,0],[55466,0],[55723,0],[55722,0],[55211,0],]]
[55468,12,53,[[55467,0],[55469,0],[55724,0],[55212,0],]]
[55469,1,53,[[55470,0],[55468,0],[55725,0],[55724,0],[55213,0],]]
[55470,6,53,[[55469,0],[55471,0],[55726,0],[55214,0],]]
[55471,1,53,[[55472,0],[55470,0],[55727,0],[55726,0],[55215,0],]]
[55472,16,53,[[55471,0],[55473,0],[55728,0],[55216,0],]]
[55473,14,53,[[55474,0],[55472,0],[55729,0],[55728,0],[55217,0],]]
[55474,18,53,[[55473,0],[55475,0],[55730,0],[55218,0],]]
[55475,18,53,[[55476,0],[55474,0],[55731,0],[55730,0],[55219,0],]]
[55476,4,53,[[55475,0],[55477,0],[55732,0],[55220,0],]]
[55477,6,53,[[55478,0],[55476,0],[55733,0],[55732,0],[55221,0],]]
[55478,12,53,[[55477,0],[55479,0],[55734,0],[55222,0],]]
[55479,8,53,[[55480,0],[55478,0],[55735,0],[55734,0],[55223,0],]]
[55480,19,53,[[55479,0],[55481,0],[55736,0],[55224,0],]]
[55481,9,53,[[55482,0],[55480,0],[55737,0],[55736,0],[55225,0],]]
[55482,17,53,[[55481,0],[55483,0],[55738,0],[55226,0],]]
[55483,10,53,[[55484,0],[55482,0],[55739,0],[55738,0],[55227,0],]]
[55484,4,53,[[55483,0],[55485,0],[55740,0],[55228,0],]]
[55485,11,53,[[55486,0],[55484,0],[55741,0],[55740,0],[55229,0],]]
[55486,3,53,[[55485,0],[55487,0],[55742,0],[55230,0],]]
[55487,19,53,[[55488,0],[55486,0],[55743,0],[55742,0],[55231,0],]]
[55488,2,54,[[55487,0],[55489,0],[55744,0],[55232,0],]]
[55489,10,54,[[55490,0],[55488,0],[55745,0],[55744,0],[55233,0],]]
[55490,10,54,[[55489,0],[55491,0],[55746,0],[55234,0],]]
[55491,14,54,[[55492,0],[55490,0],[55747,0],[55746,0],[55235,0],]]
[55492,9,54,[[55491,0],[55493,0],[55748,0],[55236,0],]]
[55493,19,54,[[55494,0],[55492,0],[55749,0],[55748,0],[55237,0],]]
[55494,14,54,[[55493,0],[55495,0],[55750,0],[55238,0],]]
[55495,9,54,[[55496,0],[55494,0],[55751,0],[55750,0],[55239,0],]]
[55496,4,54,[[55495,0],[55497,0],[55752,0],[55240,0],]]
[55497,17,54,[[55498,0],[55496,0],[55753,0],[55752,0],[55241,0],]]
[55498,4,54,[[55497,0],[55499,0],[55754,0],[55242,0],]]
[55499,9,54,[[55500,0],[55498,0],[55755,0],[55754,0],[55243,0],]]
[55500,8,54,[[55499,0],[55501,0],[55756,0],[55244,0],]]
[55501,3,54,[[55502,0],[55500,0],[55757,0],[55756,0],[55245,0],]]
[55502,9,54,[[55501,0],[55503,0],[55758,0],[55246,0],]]
[55503,1,54,[[55504,0],[55502,0],[55759,0],[55758,0],[55247,0],]]
[55504,11,54,[[55503,0],[55505,0],[55760,0],[55248,0],]]
[55505,11,54,[[55506,0],[55504,0],[55761,0],[55760,0],[55249,0],]]
[55506,5,54,[[55505,0],[55507,0],[55762,0],[55250,0],]]
[55507,18,54,[[55508,0],[55506,0],[55763,0],[55762,0],[55251,0],]]
[55508,8,54,[[55507,0],[55509,0],[55764,0],[55252,0],]]
[55509,15,54,[[55510,0],[55508,0],[55765,0],[55764,0],[55253,0],]]
[55510,7,54,[[55509,0],[55511,0],[55766,0],[55254,0],]]
[55511,8,54,[[55512,0],[55510,0],[55767,0],[55766,0],[55255,0],]]
[55512,18,54,[[55511,0],[55513,0],[55768,0],[55256,0],]]
[55513,18,54,[[55514,0],[55512,0],[55769,0],[55768,0],[55257,0],]]
[55514,11,54,[[55513,0],[55515,0],[55770,0],[55258,0],]]
[55515,12,54,[[55516,0],[55514,0],[55771,0],[55770,0],[55259,0],]]
[55516,9,54,[[55515,0],[55517,0],[55772,0],[55260,0],]]
[55517,4,54,[[55518,0],[55516,0],[55773,0],[55772,0],[55261,0],]]
[55518,9,54,[[55517,0],[55519,0],[55774,0],[55262,0],]]
[55519,17,54,[[55520,0],[55518,0],[55775,0],[55774,0],[55263,0],]]
[55520,15,55,[[55519,0],[55521,0],[55776,0],[55264,0],]]
[55521,4,55,[[55522,0],[55520,0],[55777,0],[55776,0],[55265,0],]]
[55522,5,55,[[55521,0],[55523,0],[55778,0],[55266,0],]]
[55523,4,55,[[55524,0],[55522,0],[55779,0],[55778,0],[55267,0],]]
[55524,6,55,[[55523,0],[55525,0],[55780,0],[55268,0],]]
[55525,8,55,[[55526,0],[55524,0],[55781,0],[55780,0],[55269,0],]]
[55526,1,55,[[55525,0],[55527,0],[55782,0],[55270,0],]]
[55527,3,55,[[55528,0],[55526,0],[55783,0],[55782,0],[55271,0],]]
[55528,4,55,[[55527,0],[55529,0],[55784,0],[55272,0],]]
[55529,2,55,[[55530,0],[55528,0],[55785,0],[55784,0],[55273,0],]]
[55530,3,55,[[55529,0],[55531,0],[55786,0],[55274,0],]]
[55531,4,55,[[55532,0],[55530,0],[55787,0],[55786,0],[55275,0],]]
[55532,2,55,[[55531,0],[55533,0],[55788,0],[55276,0],]]
[55533,17,55,[[55534,0],[55532,0],[55789,0],[55788,0],[55277,0],]]
[55534,4,55,[[55533,0],[55535,0],[55790,0],[55278,0],]]
[55535,16,55,[[55536,0],[55534,0],[55791,0],[55790,0],[55279,0],]]
[55536,3,55,[[55535,0],[55537,0],[55792,0],[55280,0],]]
[55537,13,55,[[55538,0],[55536,0],[55793,0],[55792,0],[55281,0],]]
[55538,17,55,[[55537,0],[55539,0],[55794,0],[55282,0],]]
[55539,18,55,[[55540,0],[55538,0],[55795,0],[55794,0],[55283,0],]]
[55540,3,55,[[55539,0],[55541,0],[55796,0],[55284,0],]]
[55541,13,55,[[55542,0],[55540,0],[55797,0],[55796,0],[55285,0],]]
[55542,16,55,[[55541,0],[55543,0],[55798,0],[55286,0],]]
[55543,16,55,[[55544,0],[55542,0],[55799,0],[55798,0],[55287,0],]]
[55544,2,55,[[55543,0],[55545,0],[55800,0],[55288,0],]]
[55545,11,55,[[55546,0],[55544,0],[55801,0],[55800,0],[55289,0],]]
[55546,14,55,[[55545,0],[55547,0],[55802,0],[55290,0],]]
[55547,3,55,[[55548,0],[55546,0],[55803,0],[55802,0],[55291,0],]]
[55548,1,55,[[55547,0],[55549,0],[55804,0],[55292,0],]]
[55549,5,55,[[55550,0],[55548,0],[55805,0],[55804,0],[55293,0],]]
[55550,12,55,[[55549,0],[55551,0],[55806,0],[55294,0],]]
[55551,7,55,[[55550,0],[55807,0],[55806,0],[55295,0],]]
[55552,3,48,[[55553,0],[55296,0],[55297,0],[55808,0],]]
[55553,8,48,[[55554,0],[55552,0],[55297,0],[55809,0],]]
[55554,1,48,[[55553,0],[55555,0],[55298,0],[55299,0],[55810,0],]]
[55555,8,48,[[55556,0],[55554,0],[55299,0],[55811,0],]]
[55556,7,48,[[55555,0],[55557,0],[55300,0],[55301,0],[55812,0],]]
[55557,16,48,[[55558,0],[55556,0],[55301,0],[55813,0],]]
[55558,3,48,[[55557,0],[55559,0],[55302,0],[55303,0],[55814,0],]]
[55559,6,48,[[55560,0],[55558,0],[55303,0],[55815,0],]]
[55560,16,48,[[55559,0],[55561,0],[55304,0],[55305,0],[55816,0],]]
[55561,19,48,[[55562,0],[55560,0],[55305,0],[55817,0],]]
[55562,14,48,[[55561,0],[55563,0],[55306,0],[55307,0],[55818,0],]]
[55563,18,48,[[55564,0],[55562,0],[55307,0],[55819,0],]]
[55564,5,48,[[55563,0],[55565,0],[55308,0],[55309,0],[55820,0],]]
[55565,13,48,[[55566,0],[55564,0],[55309,0],[55821,0],]]
[55566,12,48,[[55565,0],[55567,0],[55310,0],[55311,0],[55822,0],]]
[55567,5,48,[[55568,0],[55566,0],[55311,0],[55823,0],]]
[55568,14,48,[[55567,0],[55569,0],[55312,0],[55313,0],[55824,0],]]
[55569,17,48,[[55570,0],[55568,0],[55313,0],[55825,0],]]
[55570,12,48,[[55569,0],[55571,0],[55314,0],[55315,0],[55826,0],]]
[55571,5,48,[[55572,0],[55570,0],[55315,0],[55827,0],]]
[55572,11,48,[[55571,0],[55573,0],[55316,0],[55317,0],[55828,0],]]
[55573,18,48,[[55574,0],[55572,0],[55317,0],[55829,0],]]
[55574,13,48,[[55573,0],[55575,0],[55318,0],[55319,0],[55830,0],]]
[55575,6,48,[[55576,0],[55574,0],[55319,0],[55831,0],]]
[55576,15,48,[[55575,0],[55577,0],[55320,0],[55321,0],[55832,0],]]
[55577,5,48,[[55578,0],[55576,0],[55321,0],[55833,0],]]
[55578,7,48,[[55577,0],[55579,0],[55322,0],[55323,0],[55834,0],]]
[55579,13,48,[[55580,0],[55578,0],[55323,0],[55835,0],]]
[55580,13,48,[[55579,0],[55581,0],[55324,0],[55325,0],[55836,0],]]
[55581,11,48,[[55582,0],[55580,0],[55325,0],[55837,0],]]
[55582,10,48,[[55581,0],[55583,0],[55326,0],[55327,0],[55838,0],]]
[55583,11,48,[[55584,0],[55582,0],[55327,0],[55839,0],]]
[55584,12,49,[[55583,0],[55585,0],[55328,0],[55329,0],[55840,0],]]
[55585,16,49,[[55586,0],[55584,0],[55329,0],[55841,0],]]
[55586,2,49,[[55585,0],[55587,0],[55330,0],[55331,0],[55842,0],]]
[55587,8,49,[[55588,0],[55586,0],[55331,0],[55843,0],]]
[55588,10,49,[[55587,0],[55589,0],[55332,0],[55333,0],[55844,0],]]
[55589,12,49,[[55590,0],[55588,0],[55333,0],[55845,0],]]
[55590,6,49,[[55589,0],[55591,0],[55334,0],[55335,0],[55846,0],]]
[55591,1,49,[[55592,0],[55590,0],[55335,0],[55847,0],]]
[55592,13,49,[[55591,0],[55593,0],[55336,0],[55337,0],[55848,0],]]
[55593,17,49,[[55594,0],[55592,0],[55337,0],[55849,0],]]
[55594,17,49,[[55593,0],[55595,0],[55338,0],[55339,0],[55850,0],]]
[55595,16,49,[[55596,0],[55594,0],[55339,0],[55851,0],]]
[55596,15,49,[[55595,0],[55597,0],[55340,0],[55341,0],[55852,0],]]
[55597,3,49,[[55598,0],[55596,0],[55341,0],[55853,0],]]
[55598,7,49,[[55597,0],[55599,0],[55342,0],[55343,0],[55854,0],]]
[55599,15,49,[[55600,0],[55598,0],[55343,0],[55855,0],]]
[55600,6,49,[[55599,0],[55601,0],[55344,0],[55345,0],[55856,0],]]
[55601,9,49,[[55602,0],[55600,0],[55345,0],[55857,0],]]
[55602,6,49,[[55601,0],[55603,0],[55346,0],[55347,0],[55858,0],]]
[55603,9,49,[[55604,0],[55602,0],[55347,0],[55859,0],]]
[55604,17,49,[[55603,0],[55605,0],[55348,0],[55349,0],[55860,0],]]
[55605,4,49,[[55606,0],[55604,0],[55349,0],[55861,0],]]
[55606,4,49,[[55605,0],[55607,0],[55350,0],[55351,0],[55862,0],]]
[55607,5,49,[[55608,0],[55606,0],[55351,0],[55863,0],]]
[55608,6,49,[[55607,0],[55609,0],[55352,0],[55353,0],[55864,0],]]
[55609,9,49,[[55610,0],[55608,0],[55353,0],[55865,0],]]
[55610,1,49,[[55609,0],[55611,0],[55354,0],[55355,0],[55866,0],]]
[55611,8,49,[[55612,0],[55610,0],[55355,0],[55867,0],]]
[55612,12,49,[[55611,0],[55613,0],[55356,0],[55357,0],[55868,0],]]
[55613,10,49,[[55614,0],[55612,0],[55357,0],[55869,0],]]
[55614,3,49,[[55613,0],[55615,0],[55358,0],[55359,0],[55870,0],]]
[55615,1,49,[[55616,0],[55614,0],[55359,0],[55871,0],]]
[55616,6,50,[[55615,0],[55617,0],[55360,0],[55361,0],[55872,0],]]
[55617,14,50,[[55618,0],[55616,0],[55361,0],[55873,0],]]
[55618,2,50,[[55617,0],[55619,0],[55362,0],[55363,0],[55874,0],]]
[55619,4,50,[[55620,0],[55618,0],[55363,0],[55875,0],]]
[55620,8,50,[[55619,0],[55621,0],[55364,0],[55365,0],[55876,0],]]
[55621,6,50,[[55622,0],[55620,0],[55365,0],[55877,0],]]
[55622,19,50,[[55621,0],[55623,0],[55366,0],[55367,0],[55878,0],]]
[55623,2,50,[[55624,0],[55622,0],[55367,0],[55879,0],]]
[55624,15,50,[[55623,0],[55625,0],[55368,0],[55369,0],[55880,0],]]
[55625,9,50,[[55626,0],[55624,0],[55369,0],[55881,0],]]
[55626,14,50,[[55625,0],[55627,0],[55370,0],[55371,0],[55882,0],]]
[55627,11,50,[[55628,0],[55626,0],[55371,0],[55883,0],]]
[55628,15,50,[[55627,0],[55629,0],[55372,0],[55373,0],[55884,0],]]
[55629,16,50,[[55630,0],[55628,0],[55373,0],[55885,0],]]
[55630,11,50,[[55629,0],[55631,0],[55374,0],[55375,0],[55886,0],]]
[55631,4,50,[[55632,0],[55630,0],[55375,0],[55887,0],]]
[55632,3,50,[[55631,0],[55633,0],[55376,0],[55377,0],[55888,0],]]
[55633,18,50,[[55634,0],[55632,0],[55377,0],[55889,0],]]
[55634,6,50,[[55633,0],[55635,0],[55378,0],[55379,0],[55890,0],]]
[55635,18,50,[[55636,0],[55634,0],[55379,0],[55891,0],]]
[55636,10,50,[[55635,0],[55637,0],[55380,0],[55381,0],[55892,0],]]
[55637,17,50,[[55638,0],[55636,0],[55381,0],[55893,0],]]
[55638,14,50,[[55637,0],[55639,0],[55382,0],[55383,0],[55894,0],]]
[55639,18,50,[[55640,0],[55638,0],[55383,0],[55895,0],]]
[55640,8,50,[[55639,0],[55641,0],[55384,0],[55385,0],[55896,0],]]
[55641,1,50,[[55642,0],[55640,0],[55385,0],[55897,0],]]
[55642,7,50,[[55641,0],[55643,0],[55386,0],[55387,0],[55898,0],]]
[55643,17,50,[[55644,0],[55642,0],[55387,0],[55899,0],]]
[55644,7,50,[[55643,0],[55645,0],[55388,0],[55389,0],[55900,0],]]
[55645,7,50,[[55646,0],[55644,0],[55389,0],[55901,0],]]
[55646,11,50,[[55645,0],[55647,0],[55390,0],[55391,0],[55902,0],]]
[55647,9,50,[[55648,0],[55646,0],[55391,0],[55903,0],]]
[55648,16,51,[[55647,0],[55649,0],[55392,0],[55393,0],[55904,0],]]
[55649,12,51,[[55650,0],[55648,0],[55393,0],[55905,0],]]
[55650,5,51,[[55649,0],[55651,0],[55394,0],[55395,0],[55906,0],]]
[55651,12,51,[[55652,0],[55650,0],[55395,0],[55907,0],]]
[55652,8,51,[[55651,0],[55653,0],[55396,0],[55397,0],[55908,0],]]
[55653,8,51,[[55654,0],[55652,0],[55397,0],[55909,0],]]
[55654,1,51,[[55653,0],[55655,0],[55398,0],[55399,0],[55910,0],]]
[55655,8,51,[[55656,0],[55654,0],[55399,0],[55911,0],]]
[55656,7,51,[[55655,0],[55657,0],[55400,0],[55401,0],[55912,0],]]
[55657,5,51,[[55658,0],[55656,0],[55401,0],[55913,0],]]
[55658,13,51,[[55657,0],[55659,0],[55402,0],[55403,0],[55914,0],]]
[55659,13,51,[[55660,0],[55658,0],[55403,0],[55915,0],]]
[55660,9,51,[[55659,0],[55661,0],[55404,0],[55405,0],[55916,0],]]
[55661,17,51,[[55662,0],[55660,0],[55405,0],[55917,0],]]
[55662,6,51,[[55661,0],[55663,0],[55406,0],[55407,0],[55918,0],]]
[55663,19,51,[[55664,0],[55662,0],[55407,0],[55919,0],]]
[55664,18,51,[[55663,0],[55665,0],[55408,0],[55409,0],[55920,0],]]
[55665,10,51,[[55666,0],[55664,0],[55409,0],[55921,0],]]
[55666,5,51,[[55665,0],[55667,0],[55410,0],[55411,0],[55922,0],]]
[55667,9,51,[[55668,0],[55666,0],[55411,0],[55923,0],]]
[55668,6,51,[[55667,0],[55669,0],[55412,0],[55413,0],[55924,0],]]
[55669,15,51,[[55670,0],[55668,0],[55413,0],[55925,0],]]
[55670,11,51,[[55669,0],[55671,0],[55414,0],[55415,0],[55926,0],]]
[55671,13,51,[[55672,0],[55670,0],[55415,0],[55927,0],]]
[55672,1,51,[[55671,0],[55673,0],[55416,0],[55417,0],[55928,0],]]
[55673,6,51,[[55674,0],[55672,0],[55417,0],[55929,0],]]
[55674,2,51,[[55673,0],[55675,0],[55418,0],[55419,0],[55930,0],]]
[55675,12,51,[[55676,0],[55674,0],[55419,0],[55931,0],]]
[55676,3,51,[[55675,0],[55677,0],[55420,0],[55421,0],[55932,0],]]
[55677,10,51,[[55678,0],[55676,0],[55421,0],[55933,0],]]
[55678,9,51,[[55677,0],[55679,0],[55422,0],[55423,0],[55934,0],]]
[55679,11,51,[[55680,0],[55678,0],[55423,0],[55935,0],]]
[55680,15,52,[[55679,0],[55681,0],[55424,0],[55425,0],[55936,0],]]
[55681,3,52,[[55682,0],[55680,0],[55425,0],[55937,0],]]
[55682,2,52,[[55681,0],[55683,0],[55426,0],[55427,0],[55938,0],]]
[55683,6,52,[[55684,0],[55682,0],[55427,0],[55939,0],]]
[55684,16,52,[[55683,0],[55685,0],[55428,0],[55429,0],[55940,0],]]
[55685,10,52,[[55686,0],[55684,0],[55429,0],[55941,0],]]
[55686,11,52,[[55685,0],[55687,0],[55430,0],[55431,0],[55942,0],]]
[55687,5,52,[[55688,0],[55686,0],[55431,0],[55943,0],]]
[55688,9,52,[[55687,0],[55689,0],[55432,0],[55433,0],[55944,0],]]
[55689,2,52,[[55690,0],[55688,0],[55433,0],[55945,0],]]
[55690,14,52,[[55689,0],[55691,0],[55434,0],[55435,0],[55946,0],]]
[55691,16,52,[[55692,0],[55690,0],[55435,0],[55947,0],]]
[55692,5,52,[[55691,0],[55693,0],[55436,0],[55437,0],[55948,0],]]
[55693,8,52,[[55694,0],[55692,0],[55437,0],[55949,0],]]
[55694,6,52,[[55693,0],[55695,0],[55438,0],[55439,0],[55950,0],]]
[55695,12,52,[[55696,0],[55694,0],[55439,0],[55951,0],]]
[55696,4,52,[[55695,0],[55697,0],[55440,0],[55441,0],[55952,0],]]
[55697,13,52,[[55698,0],[55696,0],[55441,0],[55953,0],]]
[55698,13,52,[[55697,0],[55699,0],[55442,0],[55443,0],[55954,0],]]
[55699,15,52,[[55700,0],[55698,0],[55443,0],[55955,0],]]
[55700,14,52,[[55699,0],[55701,0],[55444,0],[55445,0],[55956,0],]]
[55701,6,52,[[55702,0],[55700,0],[55445,0],[55957,0],]]
[55702,15,52,[[55701,0],[55703,0],[55446,0],[55447,0],[55958,0],]]
[55703,13,52,[[55704,0],[55702,0],[55447,0],[55959,0],]]
[55704,11,52,[[55703,0],[55705,0],[55448,0],[55449,0],[55960,0],]]
