[53739,7,55,[[53740,0],[53738,0],[53483,0],[53995,0],]]
[53740,2,55,[[53739,0],[53741,0],[53484,0],[53485,0],[53996,0],]]
[53741,16,55,[[53742,0],[53740,0],[53485,0],[53997,0],]]
[53742,4,55,[[53741,0],[53743,0],[53486,0],[53487,0],[53998,0],]]
[53743,8,55,[[53744,0],[53742,0],[53487,0],[53999,0],]]
[53744,12,55,[[53743,0],[53745,0],[53488,0],[53489,0],[54000,0],]]
[53745,1,55,[[53746,0],[53744,0],[53489,0],[54001,0],]]
[53746,6,55,[[53745,0],[53747,0],[53490,0],[53491,0],[54002,0],]]
[53747,10,55,[[53748,0],[53746,0],[53491,0],[54003,0],]]
[53748,5,55,[[53747,0],[53749,0],[53492,0],[53493,0],[54004,0],]]
[53749,16,55,[[53750,0],[53748,0],[53493,0],[54005,0],]]
[53750,19,55,[[53749,0],[53751,0],[53494,0],[53495,0],[54006,0],]]
[53751,3,55,[[53752,0],[53750,0],[53495,0],[54007,0],]]
[53752,13,55,[[53751,0],[53753,0],[53496,0],[53497,0],[54008,0],]]
[53753,17,55,[[53754,0],[53752,0],[53497,0],[54009,0],]]
[53754,2,55,[[53753,0],[53755,0],[53498,0],[53499,0],[54010,0],]]
[53755,14,55,[[53756,0],[53754,0],[53499,0],[54011,0],]]
[53756,15,55,[[53755,0],[53757,0],[53500,0],[53501,0],[54012,0],]]
[53757,15,55,[[53758,0],[53756,0],[53501,0],[54013,0],]]
[53758,14,55,[[53757,0],[53759,0],[53502,0],[53503,0],[54014,0],]]
[53759,18,55,[[53758,0],[53503,0],[54015,0],]]
[53760,1,48,[[53761,0],[54016,0],[53504,0],]]
[53761,12,48,[[53762,0],[53760,0],[54017,0],[54016,0],[53505,0],]]
[53762,4,48,[[53761,0],[53763,0],[54018,0],[53506,0],]]
[53763,17,48,[[53764,0],[53762,0],[54019,0],[54018,0],[53507,0],]]
[53764,18,48,[[53763,0],[53765,0],[54020,0],[53508,0],]]
[53765,2,48,[[53766,0],[53764,0],[54021,0],[54020,0],[53509,0],]]
[53766,12,48,[[53765,0],[53767,0],[54022,0],[53510,0],]]
[53767,6,48,[[53768,0],[53766,0],[54023,0],[54022,0],[53511,0],]]
[53768,15,48,[[53767,0],[53769,0],[54024,0],[53512,0],]]
[53769,18,48,[[53770,0],[53768,0],[54025,0],[54024,0],[53513,0],]]
[53770,14,48,[[53769,0],[53771,0],[54026,0],[53514,0],]]
[53771,7,48,[[53772,0],[53770,0],[54027,0],[54026,0],[53515,0],]]
[53772,3,48,[[53771,0],[53773,0],[54028,0],[53516,0],]]
[53773,7,48,[[53774,0],[53772,0],[54029,0],[54028,0],[53517,0],]]
[53774,15,48,[[53773,0],[53775,0],[54030,0],[53518,0],]]
[53775,13,48,[[53776,0],[53774,0],[54031,0],[54030,0],[53519,0],]]
[53776,15,48,[[53775,0],[53777,0],[54032,0],[53520,0],]]
[53777,14,48,[[53778,0],[53776,0],[54033,0],[54032,0],[53521,0],]]
[53778,15,48,[[53777,0],[53779,0],[54034,0],[53522,0],]]
[53779,9,48,[[53780,0],[53778,0],[54035,0],[54034,0],[53523,0],]]
[53780,19,48,[[53779,0],[53781,0],[54036,0],[53524,0],]]
[53781,18,48,[[53782,0],[53780,0],[54037,0],[54036,0],[53525,0],]]
[53782,15,48,[[53781,0],[53783,0],[54038,0],[53526,0],]]
[53783,15,48,[[53784,0],[53782,0],[54039,0],[54038,0],[53527,0],]]
[53784,11,48,[[53783,0],[53785,0],[54040,0],[53528,0],]]
[53785,16,48,[[53786,0],[53784,0],[54041,0],[54040,0],[53529,0],]]
[53786,14,48,[[53785,0],[53787,0],[54042,0],[53530,0],]]
[53787,1,48,[[53788,0],[53786,0],[54043,0],[54042,0],[53531,0],]]
[53788,19,48,[[53787,0],[53789,0],[54044,0],[53532,0],]]
[53789,12,48,[[53790,0],[53788,0],[54045,0],[54044,0],[53533,0],]]
[53790,14,48,[[53789,0],[53791,0],[54046,0],[53534,0],]]
[53791,3,48,[[53792,0],[53790,0],[54047,0],[54046,0],[53535,0],]]
[53792,11,49,[[53791,0],[53793,0],[54048,0],[53536,0],]]
[53793,15,49,[[53794,0],[53792,0],[54049,0],[54048,0],[53537,0],]]
[53794,10,49,[[53793,0],[53795,0],[54050,0],[53538,0],]]
[53795,7,49,[[53796,0],[53794,0],[54051,0],[54050,0],[53539,0],]]
[53796,9,49,[[53795,0],[53797,0],[54052,0],[53540,0],]]
[53797,8,49,[[53798,0],[53796,0],[54053,0],[54052,0],[53541,0],]]
[53798,4,49,[[53797,0],[53799,0],[54054,0],[53542,0],]]
[53799,17,49,[[53800,0],[53798,0],[54055,0],[54054,0],[53543,0],]]
[53800,15,49,[[53799,0],[53801,0],[54056,0],[53544,0],]]
[53801,3,49,[[53802,0],[53800,0],[54057,0],[54056,0],[53545,0],]]
[53802,13,49,[[53801,0],[53803,0],[54058,0],[53546,0],]]
[53803,12,49,[[53804,0],[53802,0],[54059,0],[54058,0],[53547,0],]]
[53804,9,49,[[53803,0],[53805,0],[54060,0],[53548,0],]]
[53805,10,49,[[53806,0],[53804,0],[54061,0],[54060,0],[53549,0],]]
[53806,17,49,[[53805,0],[53807,0],[54062,0],[53550,0],]]
[53807,14,49,[[53808,0],[53806,0],[54063,0],[54062,0],[53551,0],]]
[53808,13,49,[[53807,0],[53809,0],[54064,0],[53552,0],]]
[53809,3,49,[[53810,0],[53808,0],[54065,0],[54064,0],[53553,0],]]
[53810,5,49,[[53809,0],[53811,0],[54066,0],[53554,0],]]
[53811,13,49,[[53812,0],[53810,0],[54067,0],[54066,0],[53555,0],]]
[53812,11,49,[[53811,0],[53813,0],[54068,0],[53556,0],]]
[53813,9,49,[[53814,0],[53812,0],[54069,0],[54068,0],[53557,0],]]
[53814,13,49,[[53813,0],[53815,0],[54070,0],[53558,0],]]
[53815,5,49,[[53816,0],[53814,0],[54071,0],[54070,0],[53559,0],]]
[53816,12,49,[[53815,0],[53817,0],[54072,0],[53560,0],]]
[53817,18,49,[[53818,0],[53816,0],[54073,0],[54072,0],[53561,0],]]
[53818,10,49,[[53817,0],[53819,0],[54074,0],[53562,0],]]
[53819,5,49,[[53820,0],[53818,0],[54075,0],[54074,0],[53563,0],]]
[53820,8,49,[[53819,0],[53821,0],[54076,0],[53564,0],]]
[53821,12,49,[[53822,0],[53820,0],[54077,0],[54076,0],[53565,0],]]
[53822,8,49,[[53821,0],[53823,0],[54078,0],[53566,0],]]
[53823,17,49,[[53824,0],[53822,0],[54079,0],[54078,0],[53567,0],]]
[53824,10,50,[[53823,0],[53825,0],[54080,0],[53568,0],]]
[53825,11,50,[[53826,0],[53824,0],[54081,0],[54080,0],[53569,0],]]
[53826,16,50,[[53825,0],[53827,0],[54082,0],[53570,0],]]
[53827,11,50,[[53828,0],[53826,0],[54083,0],[54082,0],[53571,0],]]
[53828,19,50,[[53827,0],[53829,0],[54084,0],[53572,0],]]
[53829,3,50,[[53830,0],[53828,0],[54085,0],[54084,0],[53573,0],]]
[53830,8,50,[[53829,0],[53831,0],[54086,0],[53574,0],]]
[53831,6,50,[[53832,0],[53830,0],[54087,0],[54086,0],[53575,0],]]
[53832,15,50,[[53831,0],[53833,0],[54088,0],[53576,0],]]
[53833,17,50,[[53834,0],[53832,0],[54089,0],[54088,0],[53577,0],]]
[53834,5,50,[[53833,0],[53835,0],[54090,0],[53578,0],]]
[53835,11,50,[[53836,0],[53834,0],[54091,0],[54090,0],[53579,0],]]
[53836,12,50,[[53835,0],[53837,0],[54092,0],[53580,0],]]
[53837,3,50,[[53838,0],[53836,0],[54093,0],[54092,0],[53581,0],]]
[53838,19,50,[[53837,0],[53839,0],[54094,0],[53582,0],]]
[53839,2,50,[[53840,0],[53838,0],[54095,0],[54094,0],[53583,0],]]
[53840,3,50,[[53839,0],[53841,0],[54096,0],[53584,0],]]
[53841,10,50,[[53842,0],[53840,0],[54097,0],[54096,0],[53585,0],]]
[53842,9,50,[[53841,0],[53843,0],[54098,0],[53586,0],]]
[53843,2,50,[[53844,0],[53842,0],[54099,0],[54098,0],[53587,0],]]
[53844,18,50,[[53843,0],[53845,0],[54100,0],[53588,0],]]
[53845,9,50,[[53846,0],[53844,0],[54101,0],[54100,0],[53589,0],]]
[53846,2,50,[[53845,0],[53847,0],[54102,0],[53590,0],]]
[53847,8,50,[[53848,0],[53846,0],[54103,0],[54102,0],[53591,0],]]
[53848,6,50,[[53847,0],[53849,0],[54104,0],[53592,0],]]
[53849,16,50,[[53850,0],[53848,0],[54105,0],[54104,0],[53593,0],]]
[53850,19,50,[[53849,0],[53851,0],[54106,0],[53594,0],]]
[53851,14,50,[[53852,0],[53850,0],[54107,0],[54106,0],[53595,0],]]
[53852,18,50,[[53851,0],[53853,0],[54108,0],[53596,0],]]
[53853,16,50,[[53854,0],[53852,0],[54109,0],[54108,0],[53597,0],]]
[53854,14,50,[[53853,0],[53855,0],[54110,0],[53598,0],]]
[53855,18,50,[[53856,0],[53854,0],[54111,0],[54110,0],[53599,0],]]
[53856,6,51,[[53855,0],[53857,0],[54112,0],[53600,0],]]
[53857,17,51,[[53858,0],[53856,0],[54113,0],[54112,0],[53601,0],]]
[53858,11,51,[[53857,0],[53859,0],[54114,0],[53602,0],]]
[53859,5,51,[[53860,0],[53858,0],[54115,0],[54114,0],[53603,0],]]
[53860,3,51,[[53859,0],[53861,0],[54116,0],[53604,0],]]
[53861,4,51,[[53862,0],[53860,0],[54117,0],[54116,0],[53605,0],]]
[53862,17,51,[[53861,0],[53863,0],[54118,0],[53606,0],]]
[53863,17,51,[[53864,0],[53862,0],[54119,0],[54118,0],[53607,0],]]
[53864,12,51,[[53863,0],[53865,0],[54120,0],[53608,0],]]
[53865,10,51,[[53866,0],[53864,0],[54121,0],[54120,0],[53609,0],]]
[53866,7,51,[[53865,0],[53867,0],[54122,0],[53610,0],]]
[53867,13,51,[[53868,0],[53866,0],[54123,0],[54122,0],[53611,0],]]
[53868,9,51,[[53867,0],[53869,0],[54124,0],[53612,0],]]
[53869,8,51,[[53870,0],[53868,0],[54125,0],[54124,0],[53613,0],]]
[53870,4,51,[[53869,0],[53871,0],[54126,0],[53614,0],]]
[53871,8,51,[[53872,0],[53870,0],[54127,0],[54126,0],[53615,0],]]
[53872,19,51,[[53871,0],[53873,0],[54128,0],[53616,0],]]
[53873,5,51,[[53874,0],[53872,0],[54129,0],[54128,0],[53617,0],]]
[53874,18,51,[[53873,0],[53875,0],[54130,0],[53618,0],]]
[53875,3,51,[[53876,0],[53874,0],[54131,0],[54130,0],[53619,0],]]
[53876,5,51,[[53875,0],[53877,0],[54132,0],[53620,0],]]
[53877,13,51,[[53878,0],[53876,0],[54133,0],[54132,0],[53621,0],]]
[53878,16,51,[[53877,0],[53879,0],[54134,0],[53622,0],]]
[53879,3,51,[[53880,0],[53878,0],[54135,0],[54134,0],[53623,0],]]
[53880,15,51,[[53879,0],[53881,0],[54136,0],[53624,0],]]
[53881,17,51,[[53882,0],[53880,0],[54137,0],[54136,0],[53625,0],]]
[53882,2,51,[[53881,0],[53883,0],[54138,0],[53626,0],]]
[53883,5,51,[[53884,0],[53882,0],[54139,0],[54138,0],[53627,0],]]
[53884,9,51,[[53883,0],[53885,0],[54140,0],[53628,0],]]
[53885,2,51,[[53886,0],[53884,0],[54141,0],[54140,0],[53629,0],]]
[53886,14,51,[[53885,0],[53887,0],[54142,0],[53630,0],]]
[53887,2,51,[[53888,0],[53886,0],[54143,0],[54142,0],[53631,0],]]
[53888,5,52,[[53887,0],[53889,0],[54144,0],[53632,0],]]
[53889,19,52,[[53890,0],[53888,0],[54145,0],[54144,0],[53633,0],]]
[53890,12,52,[[53889,0],[53891,0],[54146,0],[53634,0],]]
[53891,7,52,[[53892,0],[53890,0],[54147,0],[54146,0],[53635,0],]]
[53892,10,52,[[53891,0],[53893,0],[54148,0],[53636,0],]]
[53893,4,52,[[53894,0],[53892,0],[54149,0],[54148,0],[53637,0],]]
[53894,3,52,[[53893,0],[53895,0],[54150,0],[53638,0],]]
[53895,12,52,[[53896,0],[53894,0],[54151,0],[54150,0],[53639,0],]]
[53896,9,52,[[53895,0],[53897,0],[54152,0],[53640,0],]]
[53897,19,52,[[53898,0],[53896,0],[54153,0],[54152,0],[53641,0],]]
[53898,15,52,[[53897,0],[53899,0],[54154,0],[53642,0],]]
[53899,18,52,[[53900,0],[53898,0],[54155,0],[54154,0],[53643,0],]]
[53900,19,52,[[53899,0],[53901,0],[54156,0],[53644,0],]]
[53901,19,52,[[53902,0],[53900,0],[54157,0],[54156,0],[53645,0],]]
[53902,16,52,[[53901,0],[53903,0],[54158,0],[53646,0],]]
[53903,2,52,[[53904,0],[53902,0],[54159,0],[54158,0],[53647,0],]]
[53904,8,52,[[53903,0],[53905,0],[54160,0],[53648,0],]]
[53905,1,52,[[53906,0],[53904,0],[54161,0],[54160,0],[53649,0],]]
[53906,10,52,[[53905,0],[53907,0],[54162,0],[53650,0],]]
[53907,13,52,[[53908,0],[53906,0],[54163,0],[54162,0],[53651,0],]]
[53908,13,52,[[53907,0],[53909,0],[54164,0],[53652,0],]]
[53909,13,52,[[53910,0],[53908,0],[54165,0],[54164,0],[53653,0],]]
[53910,13,52,[[53909,0],[53911,0],[54166,0],[53654,0],]]
[53911,18,52,[[53912,0],[53910,0],[54167,0],[54166,0],[53655,0],]]
[53912,4,52,[[53911,0],[53913,0],[54168,0],[53656,0],]]
[53913,17,52,[[53914,0],[53912,0],[54169,0],[54168,0],[53657,0],]]
[53914,1,52,[[53913,0],[53915,0],[54170,0],[53658,0],]]
[53915,4,52,[[53916,0],[53914,0],[54171,0],[54170,0],[53659,0],]]
[53916,9,52,[[53915,0],[53917,0],[54172,0],[53660,0],]]
[53917,8,52,[[53918,0],[53916,0],[54173,0],[54172,0],[53661,0],]]
[53918,18,52,[[53917,0],[53919,0],[54174,0],[53662,0],]]
[53919,9,52,[[53920,0],[53918,0],[54175,0],[54174,0],[53663,0],]]
[53920,3,53,[[53919,0],[53921,0],[54176,0],[53664,0],]]
[53921,17,53,[[53922,0],[53920,0],[54177,0],[54176,0],[53665,0],]]
[53922,1,53,[[53921,0],[53923,0],[54178,0],[53666,0],]]
[53923,18,53,[[53924,0],[53922,0],[54179,0],[54178,0],[53667,0],]]
[53924,15,53,[[53923,0],[53925,0],[54180,0],[53668,0],]]
[53925,2,53,[[53926,0],[53924,0],[54181,0],[54180,0],[53669,0],]]
[53926,5,53,[[53925,0],[53927,0],[54182,0],[53670,0],]]
[53927,7,53,[[53928,0],[53926,0],[54183,0],[54182,0],[53671,0],]]
[53928,4,53,[[53927,0],[53929,0],[54184,0],[53672,0],]]
[53929,6,53,[[53930,0],[53928,0],[54185,0],[54184,0],[53673,0],]]
[53930,7,53,[[53929,0],[53931,0],[54186,0],[53674,0],]]
[53931,3,53,[[53932,0],[53930,0],[54187,0],[54186,0],[53675,0],]]
[53932,16,53,[[53931,0],[53933,0],[54188,0],[53676,0],]]
[53933,17,53,[[53934,0],[53932,0],[54189,0],[54188,0],[53677,0],]]
[53934,18,53,[[53933,0],[53935,0],[54190,0],[53678,0],]]
[53935,13,53,[[53936,0],[53934,0],[54191,0],[54190,0],[53679,0],]]
[53936,14,53,[[53935,0],[53937,0],[54192,0],[53680,0],]]
[53937,5,53,[[53938,0],[53936,0],[54193,0],[54192,0],[53681,0],]]
[53938,4,53,[[53937,0],[53939,0],[54194,0],[53682,0],]]
[53939,18,53,[[53940,0],[53938,0],[54195,0],[54194,0],[53683,0],]]
[53940,17,53,[[53939,0],[53941,0],[54196,0],[53684,0],]]
[53941,18,53,[[53942,0],[53940,0],[54197,0],[54196,0],[53685,0],]]
[53942,16,53,[[53941,0],[53943,0],[54198,0],[53686,0],]]
[53943,15,53,[[53944,0],[53942,0],[54199,0],[54198,0],[53687,0],]]
[53944,5,53,[[53943,0],[53945,0],[54200,0],[53688,0],]]
[53945,15,53,[[53946,0],[53944,0],[54201,0],[54200,0],[53689,0],]]
[53946,15,53,[[53945,0],[53947,0],[54202,0],[53690,0],]]
[53947,12,53,[[53948,0],[53946,0],[54203,0],[54202,0],[53691,0],]]
[53948,9,53,[[53947,0],[53949,0],[54204,0],[53692,0],]]
[53949,16,53,[[53950,0],[53948,0],[54205,0],[54204,0],[53693,0],]]
[53950,13,53,[[53949,0],[53951,0],[54206,0],[53694,0],]]
[53951,19,53,[[53952,0],[53950,0],[54207,0],[54206,0],[53695,0],]]
[53952,17,54,[[53951,0],[53953,0],[54208,0],[53696,0],]]
[53953,19,54,[[53954,0],[53952,0],[54209,0],[54208,0],[53697,0],]]
[53954,18,54,[[53953,0],[53955,0],[54210,0],[53698,0],]]
[53955,12,54,[[53956,0],[53954,0],[54211,0],[54210,0],[53699,0],]]
[53956,7,54,[[53955,0],[53957,0],[54212,0],[53700,0],]]
[53957,16,54,[[53958,0],[53956,0],[54213,0],[54212,0],[53701,0],]]
[53958,6,54,[[53957,0],[53959,0],[54214,0],[53702,0],]]
[53959,9,54,[[53960,0],[53958,0],[54215,0],[54214,0],[53703,0],]]
[53960,8,54,[[53959,0],[53961,0],[54216,0],[53704,0],]]
[53961,15,54,[[53962,0],[53960,0],[54217,0],[54216,0],[53705,0],]]
[53962,5,54,[[53961,0],[53963,0],[54218,0],[53706,0],]]
[53963,8,54,[[53964,0],[53962,0],[54219,0],[54218,0],[53707,0],]]
[53964,4,54,[[53963,0],[53965,0],[54220,0],[53708,0],]]
[53965,1,54,[[53966,0],[53964,0],[54221,0],[54220,0],[53709,0],]]
[53966,17,54,[[53965,0],[53967,0],[54222,0],[53710,0],]]
[53967,11,54,[[53968,0],[53966,0],[54223,0],[54222,0],[53711,0],]]
[53968,5,54,[[53967,0],[53969,0],[54224,0],[53712,0],]]
[53969,13,54,[[53970,0],[53968,0],[54225,0],[54224,0],[53713,0],]]
[53970,19,54,[[53969,0],[53971,0],[54226,0],[53714,0],]]
[53971,11,54,[[53972,0],[53970,0],[54227,0],[54226,0],[53715,0],]]
[53972,14,54,[[53971,0],[53973,0],[54228,0],[53716,0],]]
[53973,6,54,[[53974,0],[53972,0],[54229,0],[54228,0],[53717,0],]]
[53974,17,54,[[53973,0],[53975,0],[54230,0],[53718,0],]]
[53975,18,54,[[53976,0],[53974,0],[54231,0],[54230,0],[53719,0],]]
[53976,18,54,[[53975,0],[53977,0],[54232,0],[53720,0],]]
[53977,15,54,[[53978,0],[53976,0],[54233,0],[54232,0],[53721,0],]]
[53978,10,54,[[53977,0],[53979,0],[54234,0],[53722,0],]]
[53979,10,54,[[53980,0],[53978,0],[54235,0],[54234,0],[53723,0],]]
[53980,13,54,[[53979,0],[53981,0],[54236,0],[53724,0],]]
[53981,1,54,[[53982,0],[53980,0],[54237,0],[54236,0],[53725,0],]]
[53982,15,54,[[53981,0],[53983,0],[54238,0],[53726,0],]]
[53983,8,54,[[53984,0],[53982,0],[54239,0],[54238,0],[53727,0],]]
[53984,12,55,[[53983,0],[53985,0],[54240,0],[53728,0],]]
[53985,10,55,[[53986,0],[53984,0],[54241,0],[54240,0],[53729,0],]]
[53986,2,55,[[53985,0],[53987,0],[54242,0],[53730,0],]]
[53987,13,55,[[53988,0],[53986,0],[54243,0],[54242,0],[53731,0],]]
[53988,3,55,[[53987,0],[53989,0],[54244,0],[53732,0],]]
[53989,15,55,[[53990,0],[53988,0],[54245,0],[54244,0],[53733,0],]]
[53990,2,55,[[53989,0],[53991,0],[54246,0],[53734,0],]]
[53991,17,55,[[53992,0],[53990,0],[54247,0],[54246,0],[53735,0],]]
[53992,13,55,[[53991,0],[53993,0],[54248,0],[53736,0],]]
[53993,19,55,[[53994,0],[53992,0],[54249,0],[54248,0],[53737,0],]]
[53994,11,55,[[53993,0],[53995,0],[54250,0],[53738,0],]]
[53995,9,55,[[53996,0],[53994,0],[54251,0],[54250,0],[53739,0],]]
[53996,7,55,[[53995,0],[53997,0],[54252,0],[53740,0],]]
[53997,19,55,[[53998,0],[53996,0],[54253,0],[54252,0],[53741,0],]]
[53998,15,55,[[53997,0],[53999,0],[54254,0],[53742,0],]]
[53999,17,55,[[54000,0],[53998,0],[54255,0],[54254,0],[53743,0],]]
[54000,16,55,[[53999,0],[54001,0],[54256,0],[53744,0],]]
[54001,5,55,[[54002,0],[54000,0],[54257,0],[54256,0],[53745,0],]]
[54002,2,55,[[54001,0],[54003,0],[54258,0],[53746,0],]]
[54003,1,55,[[54004,0],[54002,0],[54259,0],[54258,0],[53747,0],]]
[54004,4,55,[[54003,0],[54005,0],[54260,0],[53748,0],]]
[54005,4,55,[[54006,0],[54004,0],[54261,0],[54260,0],[53749,0],]]
[54006,14,55,[[54005,0],[54007,0],[54262,0],[53750,0],]]
[54007,13,55,[[54008,0],[54006,0],[54263,0],[54262,0],[53751,0],]]
[54008,16,55,[[54007,0],[54009,0],[54264,0],[53752,0],]]
[54009,10,55,[[54010,0],[54008,0],[54265,0],[54264,0],[53753,0],]]
[54010,1,55,[[54009,0],[54011,0],[54266,0],[53754,0],]]
[54011,12,55,[[54012,0],[54010,0],[54267,0],[54266,0],[53755,0],]]
[54012,1,55,[[54011,0],[54013,0],[54268,0],[53756,0],]]
[54013,18,55,[[54014,0],[54012,0],[54269,0],[54268,0],[53757,0],]]
[54014,3,55,[[54013,0],[54015,0],[54270,0],[53758,0],]]
[54015,16,55,[[54014,0],[54271,0],[54270,0],[53759,0],]]
[54016,11,48,[[54017,0],[53760,0],[53761,0],[54272,0],]]
[54017,4,48,[[54018,0],[54016,0],[53761,0],[54273,0],]]
[54018,17,48,[[54017,0],[54019,0],[53762,0],[53763,0],[54274,0],]]
[54019,10,48,[[54020,0],[54018,0],[53763,0],[54275,0],]]
[54020,11,48,[[54019,0],[54021,0],[53764,0],[53765,0],[54276,0],]]
[54021,2,48,[[54022,0],[54020,0],[53765,0],[54277,0],]]
[54022,10,48,[[54021,0],[54023,0],[53766,0],[53767,0],[54278,0],]]
[54023,13,48,[[54024,0],[54022,0],[53767,0],[54279,0],]]
[54024,4,48,[[54023,0],[54025,0],[53768,0],[53769,0],[54280,0],]]
[54025,16,48,[[54026,0],[54024,0],[53769,0],[54281,0],]]
[54026,14,48,[[54025,0],[54027,0],[53770,0],[53771,0],[54282,0],]]
[54027,2,48,[[54028,0],[54026,0],[53771,0],[54283,0],]]
[54028,10,48,[[54027,0],[54029,0],[53772,0],[53773,0],[54284,0],]]
[54029,1,48,[[54030,0],[54028,0],[53773,0],[54285,0],]]
[54030,9,48,[[54029,0],[54031,0],[53774,0],[53775,0],[54286,0],]]
[54031,6,48,[[54032,0],[54030,0],[53775,0],[54287,0],]]
[54032,4,48,[[54031,0],[54033,0],[53776,0],[53777,0],[54288,0],]]
[54033,4,48,[[54034,0],[54032,0],[53777,0],[54289,0],]]
[54034,7,48,[[54033,0],[54035,0],[53778,0],[53779,0],[54290,0],]]
[54035,18,48,[[54036,0],[54034,0],[53779,0],[54291,0],]]
[54036,1,48,[[54035,0],[54037,0],[53780,0],[53781,0],[54292,0],]]
[54037,13,48,[[54038,0],[54036,0],[53781,0],[54293,0],]]
[54038,6,48,[[54037,0],[54039,0],[53782,0],[53783,0],[54294,0],]]
[54039,4,48,[[54040,0],[54038,0],[53783,0],[54295,0],]]
[54040,12,48,[[54039,0],[54041,0],[53784,0],[53785,0],[54296,0],]]
[54041,9,48,[[54042,0],[54040,0],[53785,0],[54297,0],]]
[54042,14,48,[[54041,0],[54043,0],[53786,0],[53787,0],[54298,0],]]
[54043,2,48,[[54044,0],[54042,0],[53787,0],[54299,0],]]
[54044,3,48,[[54043,0],[54045,0],[53788,0],[53789,0],[54300,0],]]
[54045,14,48,[[54046,0],[54044,0],[53789,0],[54301,0],]]
[54046,13,48,[[54045,0],[54047,0],[53790,0],[53791,0],[54302,0],]]
[54047,1,48,[[54048,0],[54046,0],[53791,0],[54303,0],]]
[54048,16,49,[[54047,0],[54049,0],[53792,0],[53793,0],[54304,0],]]
[54049,3,49,[[54050,0],[54048,0],[53793,0],[54305,0],]]
[54050,19,49,[[54049,0],[54051,0],[53794,0],[53795,0],[54306,0],]]
[54051,2,49,[[54052,0],[54050,0],[53795,0],[54307,0],]]
[54052,8,49,[[54051,0],[54053,0],[53796,0],[53797,0],[54308,0],]]
[54053,9,49,[[54054,0],[54052,0],[53797,0],[54309,0],]]
[54054,11,49,[[54053,0],[54055,0],[53798,0],[53799,0],[54310,0],]]
[54055,5,49,[[54056,0],[54054,0],[53799,0],[54311,0],]]
[54056,5,49,[[54055,0],[54057,0],[53800,0],[53801,0],[54312,0],]]
[54057,5,49,[[54058,0],[54056,0],[53801,0],[54313,0],]]
[54058,6,49,[[54057,0],[54059,0],[53802,0],[53803,0],[54314,0],]]
[54059,16,49,[[54060,0],[54058,0],[53803,0],[54315,0],]]
[54060,19,49,[[54059,0],[54061,0],[53804,0],[53805,0],[54316,0],]]
[54061,18,49,[[54062,0],[54060,0],[53805,0],[54317,0],]]
[54062,1,49,[[54061,0],[54063,0],[53806,0],[53807,0],[54318,0],]]
[54063,4,49,[[54064,0],[54062,0],[53807,0],[54319,0],]]
[54064,4,49,[[54063,0],[54065,0],[53808,0],[53809,0],[54320,0],]]
[54065,15,49,[[54066,0],[54064,0],[53809,0],[54321,0],]]
[54066,2,49,[[54065,0],[54067,0],[53810,0],[53811,0],[54322,0],]]
[54067,6,49,[[54068,0],[54066,0],[53811,0],[54323,0],]]
[54068,14,49,[[54067,0],[54069,0],[53812,0],[53813,0],[54324,0],]]
[54069,3,49,[[54070,0],[54068,0],[53813,0],[54325,0],]]
[54070,15,49,[[54069,0],[54071,0],[53814,0],[53815,0],[54326,0],]]
[54071,9,49,[[54072,0],[54070,0],[53815,0],[54327,0],]]
[54072,15,49,[[54071,0],[54073,0],[53816,0],[53817,0],[54328,0],]]
[54073,7,49,[[54074,0],[54072,0],[53817,0],[54329,0],]]
[54074,16,49,[[54073,0],[54075,0],[53818,0],[53819,0],[54330,0],]]
[54075,11,49,[[54076,0],[54074,0],[53819,0],[54331,0],]]
[54076,2,49,[[54075,0],[54077,0],[53820,0],[53821,0],[54332,0],]]
[54077,4,49,[[54078,0],[54076,0],[53821,0],[54333,0],]]
[54078,14,49,[[54077,0],[54079,0],[53822,0],[53823,0],[54334,0],]]
[54079,16,49,[[54080,0],[54078,0],[53823,0],[54335,0],]]
[54080,16,50,[[54079,0],[54081,0],[53824,0],[53825,0],[54336,0],]]
[54081,11,50,[[54082,0],[54080,0],[53825,0],[54337,0],]]
[54082,11,50,[[54081,0],[54083,0],[53826,0],[53827,0],[54338,0],]]
[54083,19,50,[[54084,0],[54082,0],[53827,0],[54339,0],]]
[54084,7,50,[[54083,0],[54085,0],[53828,0],[53829,0],[54340,0],]]
[54085,2,50,[[54086,0],[54084,0],[53829,0],[54341,0],]]
[54086,11,50,[[54085,0],[54087,0],[53830,0],[53831,0],[54342,0],]]
[54087,9,50,[[54088,0],[54086,0],[53831,0],[54343,0],]]
[54088,8,50,[[54087,0],[54089,0],[53832,0],[53833,0],[54344,0],]]
[54089,11,50,[[54090,0],[54088,0],[53833,0],[54345,0],]]
[54090,7,50,[[54089,0],[54091,0],[53834,0],[53835,0],[54346,0],]]
[54091,2,50,[[54092,0],[54090,0],[53835,0],[54347,0],]]
[54092,12,50,[[54091,0],[54093,0],[53836,0],[53837,0],[54348,0],]]
[54093,19,50,[[54094,0],[54092,0],[53837,0],[54349,0],]]
[54094,17,50,[[54093,0],[54095,0],[53838,0],[53839,0],[54350,0],]]
[54095,13,50,[[54096,0],[54094,0],[53839,0],[54351,0],]]
[54096,11,50,[[54095,0],[54097,0],[53840,0],[53841,0],[54352,0],]]
[54097,4,50,[[54098,0],[54096,0],[53841,0],[54353,0],]]
[54098,15,50,[[54097,0],[54099,0],[53842,0],[53843,0],[54354,0],]]
[54099,6,50,[[54100,0],[54098,0],[53843,0],[54355,0],]]
[54100,3,50,[[54099,0],[54101,0],[53844,0],[53845,0],[54356,0],]]
[54101,12,50,[[54102,0],[54100,0],[53845,0],[54357,0],]]
[54102,18,50,[[54101,0],[54103,0],[53846,0],[53847,0],[54358,0],]]
[54103,11,50,[[54104,0],[54102,0],[53847,0],[54359,0],]]
[54104,5,50,[[54103,0],[54105,0],[53848,0],[53849,0],[54360,0],]]
[54105,14,50,[[54106,0],[54104,0],[53849,0],[54361,0],]]
[54106,3,50,[[54105,0],[54107,0],[53850,0],[53851,0],[54362,0],]]
[54107,19,50,[[54108,0],[54106,0],[53851,0],[54363,0],]]
[54108,11,50,[[54107,0],[54109,0],[53852,0],[53853,0],[54364,0],]]
[54109,13,50,[[54110,0],[54108,0],[53853,0],[54365,0],]]
[54110,12,50,[[54109,0],[54111,0],[53854,0],[53855,0],[54366,0],]]
[54111,2,50,[[54112,0],[54110,0],[53855,0],[54367,0],]]
[54112,7,51,[[54111,0],[54113,0],[53856,0],[53857,0],[54368,0],]]
[54113,12,51,[[54114,0],[54112,0],[53857,0],[54369,0],]]
[54114,7,51,[[54113,0],[54115,0],[53858,0],[53859,0],[54370,0],]]
[54115,5,51,[[54116,0],[54114,0],[53859,0],[54371,0],]]
[54116,7,51,[[54115,0],[54117,0],[53860,0],[53861,0],[54372,0],]]
[54117,6,51,[[54118,0],[54116,0],[53861,0],[54373,0],]]
[54118,16,51,[[54117,0],[54119,0],[53862,0],[53863,0],[54374,0],]]
[54119,19,51,[[54120,0],[54118,0],[53863,0],[54375,0],]]
[54120,3,51,[[54119,0],[54121,0],[53864,0],[53865,0],[54376,0],]]
[54121,14,51,[[54122,0],[54120,0],[53865,0],[54377,0],]]
[54122,1,51,[[54121,0],[54123,0],[53866,0],[53867,0],[54378,0],]]
[54123,7,51,[[54124,0],[54122,0],[53867,0],[54379,0],]]
[54124,19,51,[[54123,0],[54125,0],[53868,0],[53869,0],[54380,0],]]
[54125,3,51,[[54126,0],[54124,0],[53869,0],[54381,0],]]
[54126,13,51,[[54125,0],[54127,0],[53870,0],[53871,0],[54382,0],]]
[54127,12,51,[[54128,0],[54126,0],[53871,0],[54383,0],]]
[54128,14,51,[[54127,0],[54129,0],[53872,0],[53873,0],[54384,0],]]
[54129,15,51,[[54130,0],[54128,0],[53873,0],[54385,0],]]
[54130,18,51,[[54129,0],[54131,0],[53874,0],[53875,0],[54386,0],]]
[54131,2,51,[[54132,0],[54130,0],[53875,0],[54387,0],]]
[54132,9,51,[[54131,0],[54133,0],[53876,0],[53877,0],[54388,0],]]
[54133,9,51,[[54134,0],[54132,0],[53877,0],[54389,0],]]
[54134,18,51,[[54133,0],[54135,0],[53878,0],[53879,0],[54390,0],]]
[54135,14,51,[[54136,0],[54134,0],[53879,0],[54391,0],]]
[54136,6,51,[[54135,0],[54137,0],[53880,0],[53881,0],[54392,0],]]
[54137,11,51,[[54138,0],[54136,0],[53881,0],[54393,0],]]
[54138,8,51,[[54137,0],[54139,0],[53882,0],[53883,0],[54394,0],]]
[54139,7,51,[[54140,0],[54138,0],[53883,0],[54395,0],]]
[54140,13,51,[[54139,0],[54141,0],[53884,0],[53885,0],[54396,0],]]
[54141,6,51,[[54142,0],[54140,0],[53885,0],[54397,0],]]
[54142,17,51,[[54141,0],[54143,0],[53886,0],[53887,0],[54398,0],]]
[54143,5,51,[[54144,0],[54142,0],[53887,0],[54399,0],]]
[54144,18,52,[[54143,0],[54145,0],[53888,0],[53889,0],[54400,0],]]
[54145,2,52,[[54146,0],[54144,0],[53889,0],[54401,0],]]
[54146,2,52,[[54145,0],[54147,0],[53890,0],[53891,0],[54402,0],]]
[54147,8,52,[[54148,0],[54146,0],[53891,0],[54403,0],]]
[54148,12,52,[[54147,0],[54149,0],[53892,0],[53893,0],[54404,0],]]
[54149,18,52,[[54150,0],[54148,0],[53893,0],[54405,0],]]
[54150,13,52,[[54149,0],[54151,0],[53894,0],[53895,0],[54406,0],]]
[54151,15,52,[[54152,0],[54150,0],[53895,0],[54407,0],]]
[54152,4,52,[[54151,0],[54153,0],[53896,0],[53897,0],[54408,0],]]
[54153,10,52,[[54154,0],[54152,0],[53897,0],[54409,0],]]
[54154,14,52,[[54153,0],[54155,0],[53898,0],[53899,0],[54410,0],]]
[54155,13,52,[[54156,0],[54154,0],[53899,0],[54411,0],]]
[54156,9,52,[[54155,0],[54157,0],[53900,0],[53901,0],[54412,0],]]
[54157,14,52,[[54158,0],[54156,0],[53901,0],[54413,0],]]
[54158,5,52,[[54157,0],[54159,0],[53902,0],[53903,0],[54414,0],]]
[54159,10,52,[[54160,0],[54158,0],[53903,0],[54415,0],]]
[54160,11,52,[[54159,0],[54161,0],[53904,0],[53905,0],[54416,0],]]
[54161,6,52,[[54162,0],[54160,0],[53905,0],[54417,0],]]
[54162,13,52,[[54161,0],[54163,0],[53906,0],[53907,0],[54418,0],]]
[54163,9,52,[[54164,0],[54162,0],[53907,0],[54419,0],]]
[54164,12,52,[[54163,0],[54165,0],[53908,0],[53909,0],[54420,0],]]
[54165,2,52,[[54166,0],[54164,0],[53909,0],[54421,0],]]
[54166,1,52,[[54165,0],[54167,0],[53910,0],[53911,0],[54422,0],]]
[54167,4,52,[[54168,0],[54166,0],[53911,0],[54423,0],]]
[54168,8,52,[[54167,0],[54169,0],[53912,0],[53913,0],[54424,0],]]
[54169,12,52,[[54170,0],[54168,0],[53913,0],[54425,0],]]
[54170,2,52,[[54169,0],[54171,0],[53914,0],[53915,0],[54426,0],]]
[54171,10,52,[[54172,0],[54170,0],[53915,0],[54427,0],]]
[54172,13,52,[[54171,0],[54173,0],[53916,0],[53917,0],[54428,0],]]
[54173,17,52,[[54174,0],[54172,0],[53917,0],[54429,0],]]
[54174,5,52,[[54173,0],[54175,0],[53918,0],[53919,0],[54430,0],]]
[54175,19,52,[[54176,0],[54174,0],[53919,0],[54431,0],]]
[54176,2,53,[[54175,0],[54177,0],[53920,0],[53921,0],[54432,0],]]
[54177,13,53,[[54178,0],[54176,0],[53921,0],[54433,0],]]
[54178,5,53,[[54177,0],[54179,0],[53922,0],[53923,0],[54434,0],]]
[54179,6,53,[[54180,0],[54178,0],[53923,0],[54435,0],]]
[54180,13,53,[[54179,0],[54181,0],[53924,0],[53925,0],[54436,0],]]
[54181,2,53,[[54182,0],[54180,0],[53925,0],[54437,0],]]
[54182,8,53,[[54181,0],[54183,0],[53926,0],[53927,0],[54438,0],]]
[54183,19,53,[[54184,0],[54182,0],[53927,0],[54439,0],]]
[54184,17,53,[[54183,0],[54185,0],[53928,0],[53929,0],[54440,0],]]
[54185,15,53,[[54186,0],[54184,0],[53929,0],[54441,0],]]
[54186,13,53,[[54185,0],[54187,0],[53930,0],[53931,0],[54442,0],]]
[54187,14,53,[[54188,0],[54186,0],[53931,0],[54443,0],]]
[54188,6,53,[[54187,0],[54189,0],[53932,0],[53933,0],[54444,0],]]
[54189,9,53,[[54190,0],[54188,0],[53933,0],[54445,0],]]
[54190,16,53,[[54189,0],[54191,0],[53934,0],[53935,0],[54446,0],]]
[54191,15,53,[[54192,0],[54190,0],[53935,0],[54447,0],]]
[54192,13,53,[[54191,0],[54193,0],[53936,0],[53937,0],[54448,0],]]
[54193,9,53,[[54194,0],[54192,0],[53937,0],[54449,0],]]
[54194,17,53,[[54193,0],[54195,0],[53938,0],[53939,0],[54450,0],]]
[54195,2,53,[[54196,0],[54194,0],[53939,0],[54451,0],]]
[54196,6,53,[[54195,0],[54197,0],[53940,0],[53941,0],[54452,0],]]
[54197,18,53,[[54198,0],[54196,0],[53941,0],[54453,0],]]
[54198,5,53,[[54197,0],[54199,0],[53942,0],[53943,0],[54454,0],]]
[54199,15,53,[[54200,0],[54198,0],[53943,0],[54455,0],]]
[54200,19,53,[[54199,0],[54201,0],[53944,0],[53945,0],[54456,0],]]
[54201,9,53,[[54202,0],[54200,0],[53945,0],[54457,0],]]
[54202,12,53,[[54201,0],[54203,0],[53946,0],[53947,0],[54458,0],]]
[54203,9,53,[[54204,0],[54202,0],[53947,0],[54459,0],]]
[54204,7,53,[[54203,0],[54205,0],[53948,0],[53949,0],[54460,0],]]
[54205,11,53,[[54206,0],[54204,0],[53949,0],[54461,0],]]
[54206,9,53,[[54205,0],[54207,0],[53950,0],[53951,0],[54462,0],]]
[54207,5,53,[[54208,0],[54206,0],[53951,0],[54463,0],]]
[54208,15,54,[[54207,0],[54209,0],[53952,0],[53953,0],[54464,0],]]
[54209,1,54,[[54210,0],[54208,0],[53953,0],[54465,0],]]
[54210,11,54,[[54209,0],[54211,0],[53954,0],[53955,0],[54466,0],]]
[54211,14,54,[[54212,0],[54210,0],[53955,0],[54467,0],]]
[54212,17,54,[[54211,0],[54213,0],[53956,0],[53957,0],[54468,0],]]
[54213,5,54,[[54214,0],[54212,0],[53957,0],[54469,0],]]
[54214,19,54,[[54213,0],[54215,0],[53958,0],[53959,0],[54470,0],]]
[54215,10,54,[[54216,0],[54214,0],[53959,0],[54471,0],]]
[54216,2,54,[[54215,0],[54217,0],[53960,0],[53961,0],[54472,0],]]
[54217,16,54,[[54218,0],[54216,0],[53961,0],[54473,0],]]
[54218,9,54,[[54217,0],[54219,0],[53962,0],[53963,0],[54474,0],]]
[54219,3,54,[[54220,0],[54218,0],[53963,0],[54475,0],]]
[54220,15,54,[[54219,0],[54221,0],[53964,0],[53965,0],[54476,0],]]
[54221,16,54,[[54222,0],[54220,0],[53965,0],[54477,0],]]
[54222,5,54,[[54221,0],[54223,0],[53966,0],[53967,0],[54478,0],]]
[54223,18,54,[[54224,0],[54222,0],[53967,0],[54479,0],]]
[54224,17,54,[[54223,0],[54225,0],[53968,0],[53969,0],[54480,0],]]
[54225,17,54,[[54226,0],[54224,0],[53969,0],[54481,0],]]
[54226,11,54,[[54225,0],[54227,0],[53970,0],[53971,0],[54482,0],]]
[54227,16,54,[[54228,0],[54226,0],[53971,0],[54483,0],]]
[54228,6,54,[[54227,0],[54229,0],[53972,0],[53973,0],[54484,0],]]
[54229,4,54,[[54230,0],[54228,0],[53973,0],[54485,0],]]
[54230,13,54,[[54229,0],[54231,0],[53974,0],[53975,0],[54486,0],]]
[54231,16,54,[[54232,0],[54230,0],[53975,0],[54487,0],]]
[54232,8,54,[[54231,0],[54233,0],[53976,0],[53977,0],[54488,0],]]
[54233,9,54,[[54234,0],[54232,0],[53977,0],[54489,0],]]
[54234,8,54,[[54233,0],[54235,0],[53978,0],[53979,0],[54490,0],]]
[54235,5,54,[[54236,0],[54234,0],[53979,0],[54491,0],]]
[54236,3,54,[[54235,0],[54237,0],[53980,0],[53981,0],[54492,0],]]
[54237,17,54,[[54238,0],[54236,0],[53981,0],[54493,0],]]
[54238,5,54,[[54237,0],[54239,0],[53982,0],[53983,0],[54494,0],]]
[54239,2,54,[[54240,0],[54238,0],[53983,0],[54495,0],]]
[54240,4,55,[[54239,0],[54241,0],[53984,0],[53985,0],[54496,0],]]
[54241,16,55,[[54242,0],[54240,0],[53985,0],[54497,0],]]
[54242,6,55,[[54241,0],[54243,0],[53986,0],[53987,0],[54498,0],]]
[54243,12,55,[[54244,0],[54242,0],[53987,0],[54499,0],]]
[54244,1,55,[[54243,0],[54245,0],[53988,0],[53989,0],[54500,0],]]
[54245,18,55,[[54246,0],[54244,0],[53989,0],[54501,0],]]
[54246,4,55,[[54245,0],[54247,0],[53990,0],[53991,0],[54502,0],]]
[54247,6,55,[[54248,0],[54246,0],[53991,0],[54503,0],]]
[54248,18,55,[[54247,0],[54249,0],[53992,0],[53993,0],[54504,0],]]
[54249,7,55,[[54250,0],[54248,0],[53993,0],[54505,0],]]
[54250,16,55,[[54249,0],[54251,0],[53994,0],[53995,0],[54506,0],]]
[54251,4,55,[[54252,0],[54250,0],[53995,0],[54507,0],]]
[54252,9,55,[[54251,0],[54253,0],[53996,0],[53997,0],[54508,0],]]
[54253,13,55,[[54254,0],[54252,0],[53997,0],[54509,0],]]
[54254,5,55,[[54253,0],[54255,0],[53998,0],[53999,0],[54510,0],]]
[54255,9,55,[[54256,0],[54254,0],[53999,0],[54511,0],]]
[54256,10,55,[[54255,0],[54257,0],[54000,0],[54001,0],[54512,0],]]
[54257,6,55,[[54258,0],[54256,0],[54001,0],[54513,0],]]
[54258,14,55,[[54257,0],[54259,0],[54002,0],[54003,0],[54514,0],]]
[54259,16,55,[[54260,0],[54258,0],[54003,0],[54515,0],]]
[54260,16,55,[[54259,0],[54261,0],[54004,0],[54005,0],[54516,0],]]
[54261,11,55,[[54262,0],[54260,0],[54005,0],[54517,0],]]
[54262,18,55,[[54261,0],[54263,0],[54006,0],[54007,0],[54518,0],]]
[54263,1,55,[[54264,0],[54262,0],[54007,0],[54519,0],]]
[54264,2,55,[[54263,0],[54265,0],[54008,0],[54009,0],[54520,0],]]
[54265,1,55,[[54266,0],[54264,0],[54009,0],[54521,0],]]
[54266,7,55,[[54265,0],[54267,0],[54010,0],[54011,0],[54522,0],]]
[54267,6,55,[[54268,0],[54266,0],[54011,0],[54523,0],]]
[54268,1,55,[[54267,0],[54269,0],[54012,0],[54013,0],[54524,0],]]
[54269,15,55,[[54270,0],[54268,0],[54013,0],[54525,0],]]
[54270,3,55,[[54269,0],[54271,0],[54014,0],[54015,0],[54526,0],]]
[54271,18,55,[[54270,0],[54015,0],[54527,0],]]
[54272,18,48,[[54273,0],[54528,0],[54016,0],]]
[54273,3,48,[[54274,0],[54272,0],[54529,0],[54528,0],[54017,0],]]
[54274,11,48,[[54273,0],[54275,0],[54530,0],[54018,0],]]
[54275,14,48,[[54276,0],[54274,0],[54531,0],[54530,0],[54019,0],]]
[54276,1,48,[[54275,0],[54277,0],[54532,0],[54020,0],]]
[54277,11,48,[[54278,0],[54276,0],[54533,0],[54532,0],[54021,0],]]
[54278,19,48,[[54277,0],[54279,0],[54534,0],[54022,0],]]
[54279,3,48,[[54280,0],[54278,0],[54535,0],[54534,0],[54023,0],]]
[54280,8,48,[[54279,0],[54281,0],[54536,0],[54024,0],]]
[54281,7,48,[[54282,0],[54280,0],[54537,0],[54536,0],[54025,0],]]
[54282,18,48,[[54281,0],[54283,0],[54538,0],[54026,0],]]
[54283,2,48,[[54284,0],[54282,0],[54539,0],[54538,0],[54027,0],]]
[54284,2,48,[[54283,0],[54285,0],[54540,0],[54028,0],]]
[54285,9,48,[[54286,0],[54284,0],[54541,0],[54540,0],[54029,0],]]
[54286,13,48,[[54285,0],[54287,0],[54542,0],[54030,0],]]
[54287,3,48,[[54288,0],[54286,0],[54543,0],[54542,0],[54031,0],]]
[54288,3,48,[[54287,0],[54289,0],[54544,0],[54032,0],]]
[54289,12,48,[[54290,0],[54288,0],[54545,0],[54544,0],[54033,0],]]
[54290,8,48,[[54289,0],[54291,0],[54546,0],[54034,0],]]
[54291,1,48,[[54292,0],[54290,0],[54547,0],[54546,0],[54035,0],]]
[54292,4,48,[[54291,0],[54293,0],[54548,0],[54036,0],]]
[54293,8,48,[[54294,0],[54292,0],[54549,0],[54548,0],[54037,0],]]
[54294,3,48,[[54293,0],[54295,0],[54550,0],[54038,0],]]
[54295,1,48,[[54296,0],[54294,0],[54551,0],[54550,0],[54039,0],]]
[54296,16,48,[[54295,0],[54297,0],[54552,0],[54040,0],]]
[54297,13,48,[[54298,0],[54296,0],[54553,0],[54552,0],[54041,0],]]
[54298,11,48,[[54297,0],[54299,0],[54554,0],[54042,0],]]
[54299,7,48,[[54300,0],[54298,0],[54555,0],[54554,0],[54043,0],]]
[54300,4,48,[[54299,0],[54301,0],[54556,0],[54044,0],]]
[54301,9,48,[[54302,0],[54300,0],[54557,0],[54556,0],[54045,0],]]
[54302,13,48,[[54301,0],[54303,0],[54558,0],[54046,0],]]
[54303,4,48,[[54304,0],[54302,0],[54559,0],[54558,0],[54047,0],]]
[54304,17,49,[[54303,0],[54305,0],[54560,0],[54048,0],]]
[54305,2,49,[[54306,0],[54304,0],[54561,0],[54560,0],[54049,0],]]
[54306,12,49,[[54305,0],[54307,0],[54562,0],[54050,0],]]
[54307,1,49,[[54308,0],[54306,0],[54563,0],[54562,0],[54051,0],]]
[54308,12,49,[[54307,0],[54309,0],[54564,0],[54052,0],]]
[54309,3,49,[[54310,0],[54308,0],[54565,0],[54564,0],[54053,0],]]
[54310,19,49,[[54309,0],[54311,0],[54566,0],[54054,0],]]
[54311,17,49,[[54312,0],[54310,0],[54567,0],[54566,0],[54055,0],]]
[54312,11,49,[[54311,0],[54313,0],[54568,0],[54056,0],]]
[54313,10,49,[[54314,0],[54312,0],[54569,0],[54568,0],[54057,0],]]
[54314,8,49,[[54313,0],[54315,0],[54570,0],[54058,0],]]
[54315,8,49,[[54316,0],[54314,0],[54571,0],[54570,0],[54059,0],]]
[54316,3,49,[[54315,0],[54317,0],[54572,0],[54060,0],]]
[54317,7,49,[[54318,0],[54316,0],[54573,0],[54572,0],[54061,0],]]
[54318,9,49,[[54317,0],[54319,0],[54574,0],[54062,0],]]
[54319,17,49,[[54320,0],[54318,0],[54575,0],[54574,0],[54063,0],]]
[54320,17,49,[[54319,0],[54321,0],[54576,0],[54064,0],]]
[54321,11,49,[[54322,0],[54320,0],[54577,0],[54576,0],[54065,0],]]
[54322,5,49,[[54321,0],[54323,0],[54578,0],[54066,0],]]
[54323,13,49,[[54324,0],[54322,0],[54579,0],[54578,0],[54067,0],]]
[54324,17,49,[[54323,0],[54325,0],[54580,0],[54068,0],]]
[54325,18,49,[[54326,0],[54324,0],[54581,0],[54580,0],[54069,0],]]
[54326,9,49,[[54325,0],[54327,0],[54582,0],[54070,0],]]
[54327,18,49,[[54328,0],[54326,0],[54583,0],[54582,0],[54071,0],]]
[54328,4,49,[[54327,0],[54329,0],[54584,0],[54072,0],]]
[54329,7,49,[[54330,0],[54328,0],[54585,0],[54584,0],[54073,0],]]
[54330,17,49,[[54329,0],[54331,0],[54586,0],[54074,0],]]
[54331,11,49,[[54332,0],[54330,0],[54587,0],[54586,0],[54075,0],]]
[54332,16,49,[[54331,0],[54333,0],[54588,0],[54076,0],]]
[54333,16,49,[[54334,0],[54332,0],[54589,0],[54588,0],[54077,0],]]
[54334,1,49,[[54333,0],[54335,0],[54590,0],[54078,0],]]
[54335,18,49,[[54336,0],[54334,0],[54591,0],[54590,0],[54079,0],]]
[54336,17,50,[[54335,0],[54337,0],[54592,0],[54080,0],]]
[54337,13,50,[[54338,0],[54336,0],[54593,0],[54592,0],[54081,0],]]
[54338,15,50,[[54337,0],[54339,0],[54594,0],[54082,0],]]
[54339,19,50,[[54340,0],[54338,0],[54595,0],[54594,0],[54083,0],]]
[54340,13,50,[[54339,0],[54341,0],[54596,0],[54084,0],]]
[54341,17,50,[[54342,0],[54340,0],[54597,0],[54596,0],[54085,0],]]
[54342,7,50,[[54341,0],[54343,0],[54598,0],[54086,0],]]
[54343,3,50,[[54344,0],[54342,0],[54599,0],[54598,0],[54087,0],]]
[54344,6,50,[[54343,0],[54345,0],[54600,0],[54088,0],]]
[54345,19,50,[[54346,0],[54344,0],[54601,0],[54600,0],[54089,0],]]
[54346,11,50,[[54345,0],[54347,0],[54602,0],[54090,0],]]
[54347,9,50,[[54348,0],[54346,0],[54603,0],[54602,0],[54091,0],]]
[54348,10,50,[[54347,0],[54349,0],[54604,0],[54092,0],]]
[54349,3,50,[[54350,0],[54348,0],[54605,0],[54604,0],[54093,0],]]
[54350,17,50,[[54349,0],[54351,0],[54606,0],[54094,0],]]
[54351,15,50,[[54352,0],[54350,0],[54607,0],[54606,0],[54095,0],]]
[54352,1,50,[[54351,0],[54353,0],[54608,0],[54096,0],]]
[54353,5,50,[[54354,0],[54352,0],[54609,0],[54608,0],[54097,0],]]
[54354,15,50,[[54353,0],[54355,0],[54610,0],[54098,0],]]
[54355,8,50,[[54356,0],[54354,0],[54611,0],[54610,0],[54099,0],]]
[54356,11,50,[[54355,0],[54357,0],[54612,0],[54100,0],]]
[54357,14,50,[[54358,0],[54356,0],[54613,0],[54612,0],[54101,0],]]
[54358,14,50,[[54357,0],[54359,0],[54614,0],[54102,0],]]
[54359,8,50,[[54360,0],[54358,0],[54615,0],[54614,0],[54103,0],]]
[54360,17,50,[[54359,0],[54361,0],[54616,0],[54104,0],]]
[54361,4,50,[[54362,0],[54360,0],[54617,0],[54616,0],[54105,0],]]
[54362,9,50,[[54361,0],[54363,0],[54618,0],[54106,0],]]
[54363,9,50,[[54364,0],[54362,0],[54619,0],[54618,0],[54107,0],]]
[54364,6,50,[[54363,0],[54365,0],[54620,0],[54108,0],]]
[54365,19,50,[[54366,0],[54364,0],[54621,0],[54620,0],[54109,0],]]
[54366,14,50,[[54365,0],[54367,0],[54622,0],[54110,0],]]
[54367,13,50,[[54368,0],[54366,0],[54623,0],[54622,0],[54111,0],]]
[54368,16,51,[[54367,0],[54369,0],[54624,0],[54112,0],]]
[54369,19,51,[[54370,0],[54368,0],[54625,0],[54624,0],[54113,0],]]
[54370,12,51,[[54369,0],[54371,0],[54626,0],[54114,0],]]
[54371,7,51,[[54372,0],[54370,0],[54627,0],[54626,0],[54115,0],]]
[54372,17,51,[[54371,0],[54373,0],[54628,0],[54116,0],]]
[54373,4,51,[[54374,0],[54372,0],[54629,0],[54628,0],[54117,0],]]
[54374,6,51,[[54373,0],[54375,0],[54630,0],[54118,0],]]
[54375,7,51,[[54376,0],[54374,0],[54631,0],[54630,0],[54119,0],]]
[54376,11,51,[[54375,0],[54377,0],[54632,0],[54120,0],]]
[54377,4,51,[[54378,0],[54376,0],[54633,0],[54632,0],[54121,0],]]
[54378,16,51,[[54377,0],[54379,0],[54634,0],[54122,0],]]
[54379,10,51,[[54380,0],[54378,0],[54635,0],[54634,0],[54123,0],]]
[54380,3,51,[[54379,0],[54381,0],[54636,0],[54124,0],]]
[54381,8,51,[[54382,0],[54380,0],[54637,0],[54636,0],[54125,0],]]
[54382,6,51,[[54381,0],[54383,0],[54638,0],[54126,0],]]
[54383,16,51,[[54384,0],[54382,0],[54639,0],[54638,0],[54127,0],]]
[54384,9,51,[[54383,0],[54385,0],[54640,0],[54128,0],]]
[54385,18,51,[[54386,0],[54384,0],[54641,0],[54640,0],[54129,0],]]
[54386,3,51,[[54385,0],[54387,0],[54642,0],[54130,0],]]
[54387,7,51,[[54388,0],[54386,0],[54643,0],[54642,0],[54131,0],]]
[54388,7,51,[[54387,0],[54389,0],[54644,0],[54132,0],]]
[54389,12,51,[[54390,0],[54388,0],[54645,0],[54644,0],[54133,0],]]
[54390,12,51,[[54389,0],[54391,0],[54646,0],[54134,0],]]
[54391,12,51,[[54392,0],[54390,0],[54647,0],[54646,0],[54135,0],]]
[54392,5,51,[[54391,0],[54393,0],[54648,0],[54136,0],]]
[54393,19,51,[[54394,0],[54392,0],[54649,0],[54648,0],[54137,0],]]
