[57016,8,53,[[57015,0],[57017,0],[57272,0],[56760,0],]]
[57017,3,53,[[57018,0],[57016,0],[57273,0],[57272,0],[56761,0],]]
[57018,13,53,[[57017,0],[57019,0],[57274,0],[56762,0],]]
[57019,10,53,[[57020,0],[57018,0],[57275,0],[57274,0],[56763,0],]]
[57020,4,53,[[57019,0],[57021,0],[57276,0],[56764,0],]]
[57021,14,53,[[57022,0],[57020,0],[57277,0],[57276,0],[56765,0],]]
[57022,19,53,[[57021,0],[57023,0],[57278,0],[56766,0],]]
[57023,9,53,[[57024,0],[57022,0],[57279,0],[57278,0],[56767,0],]]
[57024,4,54,[[57023,0],[57025,0],[57280,0],[56768,0],]]
[57025,17,54,[[57026,0],[57024,0],[57281,0],[57280,0],[56769,0],]]
[57026,12,54,[[57025,0],[57027,0],[57282,0],[56770,0],]]
[57027,14,54,[[57028,0],[57026,0],[57283,0],[57282,0],[56771,0],]]
[57028,15,54,[[57027,0],[57029,0],[57284,0],[56772,0],]]
[57029,5,54,[[57030,0],[57028,0],[57285,0],[57284,0],[56773,0],]]
[57030,18,54,[[57029,0],[57031,0],[57286,0],[56774,0],]]
[57031,4,54,[[57032,0],[57030,0],[57287,0],[57286,0],[56775,0],]]
[57032,11,54,[[57031,0],[57033,0],[57288,0],[56776,0],]]
[57033,17,54,[[57034,0],[57032,0],[57289,0],[57288,0],[56777,0],]]
[57034,11,54,[[57033,0],[57035,0],[57290,0],[56778,0],]]
[57035,5,54,[[57036,0],[57034,0],[57291,0],[57290,0],[56779,0],]]
[57036,9,54,[[57035,0],[57037,0],[57292,0],[56780,0],]]
[57037,12,54,[[57038,0],[57036,0],[57293,0],[57292,0],[56781,0],]]
[57038,3,54,[[57037,0],[57039,0],[57294,0],[56782,0],]]
[57039,8,54,[[57040,0],[57038,0],[57295,0],[57294,0],[56783,0],]]
[57040,5,54,[[57039,0],[57041,0],[57296,0],[56784,0],]]
[57041,19,54,[[57042,0],[57040,0],[57297,0],[57296,0],[56785,0],]]
[57042,11,54,[[57041,0],[57043,0],[57298,0],[56786,0],]]
[57043,17,54,[[57044,0],[57042,0],[57299,0],[57298,0],[56787,0],]]
[57044,13,54,[[57043,0],[57045,0],[57300,0],[56788,0],]]
[57045,11,54,[[57046,0],[57044,0],[57301,0],[57300,0],[56789,0],]]
[57046,19,54,[[57045,0],[57047,0],[57302,0],[56790,0],]]
[57047,9,54,[[57048,0],[57046,0],[57303,0],[57302,0],[56791,0],]]
[57048,2,54,[[57047,0],[57049,0],[57304,0],[56792,0],]]
[57049,1,54,[[57050,0],[57048,0],[57305,0],[57304,0],[56793,0],]]
[57050,9,54,[[57049,0],[57051,0],[57306,0],[56794,0],]]
[57051,2,54,[[57052,0],[57050,0],[57307,0],[57306,0],[56795,0],]]
[57052,1,54,[[57051,0],[57053,0],[57308,0],[56796,0],]]
[57053,18,54,[[57054,0],[57052,0],[57309,0],[57308,0],[56797,0],]]
[57054,17,54,[[57053,0],[57055,0],[57310,0],[56798,0],]]
[57055,17,54,[[57056,0],[57054,0],[57311,0],[57310,0],[56799,0],]]
[57056,10,55,[[57055,0],[57057,0],[57312,0],[56800,0],]]
[57057,4,55,[[57058,0],[57056,0],[57313,0],[57312,0],[56801,0],]]
[57058,17,55,[[57057,0],[57059,0],[57314,0],[56802,0],]]
[57059,9,55,[[57060,0],[57058,0],[57315,0],[57314,0],[56803,0],]]
[57060,6,55,[[57059,0],[57061,0],[57316,0],[56804,0],]]
[57061,3,55,[[57062,0],[57060,0],[57317,0],[57316,0],[56805,0],]]
[57062,12,55,[[57061,0],[57063,0],[57318,0],[56806,0],]]
[57063,4,55,[[57064,0],[57062,0],[57319,0],[57318,0],[56807,0],]]
[57064,19,55,[[57063,0],[57065,0],[57320,0],[56808,0],]]
[57065,13,55,[[57066,0],[57064,0],[57321,0],[57320,0],[56809,0],]]
[57066,5,55,[[57065,0],[57067,0],[57322,0],[56810,0],]]
[57067,16,55,[[57068,0],[57066,0],[57323,0],[57322,0],[56811,0],]]
[57068,3,55,[[57067,0],[57069,0],[57324,0],[56812,0],]]
[57069,12,55,[[57070,0],[57068,0],[57325,0],[57324,0],[56813,0],]]
[57070,8,55,[[57069,0],[57071,0],[57326,0],[56814,0],]]
[57071,1,55,[[57072,0],[57070,0],[57327,0],[57326,0],[56815,0],]]
[57072,8,55,[[57071,0],[57073,0],[57328,0],[56816,0],]]
[57073,15,55,[[57074,0],[57072,0],[57329,0],[57328,0],[56817,0],]]
[57074,8,55,[[57073,0],[57075,0],[57330,0],[56818,0],]]
[57075,9,55,[[57076,0],[57074,0],[57331,0],[57330,0],[56819,0],]]
[57076,4,55,[[57075,0],[57077,0],[57332,0],[56820,0],]]
[57077,12,55,[[57078,0],[57076,0],[57333,0],[57332,0],[56821,0],]]
[57078,2,55,[[57077,0],[57079,0],[57334,0],[56822,0],]]
[57079,11,55,[[57080,0],[57078,0],[57335,0],[57334,0],[56823,0],]]
[57080,14,55,[[57079,0],[57081,0],[57336,0],[56824,0],]]
[57081,10,55,[[57082,0],[57080,0],[57337,0],[57336,0],[56825,0],]]
[57082,17,55,[[57081,0],[57083,0],[57338,0],[56826,0],]]
[57083,18,55,[[57084,0],[57082,0],[57339,0],[57338,0],[56827,0],]]
[57084,10,55,[[57083,0],[57085,0],[57340,0],[56828,0],]]
[57085,5,55,[[57086,0],[57084,0],[57341,0],[57340,0],[56829,0],]]
[57086,18,55,[[57085,0],[57087,0],[57342,0],[56830,0],]]
[57087,12,55,[[57086,0],[57343,0],[57342,0],[56831,0],]]
[57088,18,48,[[57089,0],[56832,0],[56833,0],[57344,0],]]
[57089,6,48,[[57090,0],[57088,0],[56833,0],[57345,0],]]
[57090,15,48,[[57089,0],[57091,0],[56834,0],[56835,0],[57346,0],]]
[57091,14,48,[[57092,0],[57090,0],[56835,0],[57347,0],]]
[57092,1,48,[[57091,0],[57093,0],[56836,0],[56837,0],[57348,0],]]
[57093,10,48,[[57094,0],[57092,0],[56837,0],[57349,0],]]
[57094,8,48,[[57093,0],[57095,0],[56838,0],[56839,0],[57350,0],]]
[57095,15,48,[[57096,0],[57094,0],[56839,0],[57351,0],]]
[57096,7,48,[[57095,0],[57097,0],[56840,0],[56841,0],[57352,0],]]
[57097,14,48,[[57098,0],[57096,0],[56841,0],[57353,0],]]
[57098,7,48,[[57097,0],[57099,0],[56842,0],[56843,0],[57354,0],]]
[57099,7,48,[[57100,0],[57098,0],[56843,0],[57355,0],]]
[57100,18,48,[[57099,0],[57101,0],[56844,0],[56845,0],[57356,0],]]
[57101,12,48,[[57102,0],[57100,0],[56845,0],[57357,0],]]
[57102,14,48,[[57101,0],[57103,0],[56846,0],[56847,0],[57358,0],]]
[57103,11,48,[[57104,0],[57102,0],[56847,0],[57359,0],]]
[57104,7,48,[[57103,0],[57105,0],[56848,0],[56849,0],[57360,0],]]
[57105,13,48,[[57106,0],[57104,0],[56849,0],[57361,0],]]
[57106,16,48,[[57105,0],[57107,0],[56850,0],[56851,0],[57362,0],]]
[57107,10,48,[[57108,0],[57106,0],[56851,0],[57363,0],]]
[57108,2,48,[[57107,0],[57109,0],[56852,0],[56853,0],[57364,0],]]
[57109,4,48,[[57110,0],[57108,0],[56853,0],[57365,0],]]
[57110,5,48,[[57109,0],[57111,0],[56854,0],[56855,0],[57366,0],]]
[57111,2,48,[[57112,0],[57110,0],[56855,0],[57367,0],]]
[57112,4,48,[[57111,0],[57113,0],[56856,0],[56857,0],[57368,0],]]
[57113,6,48,[[57114,0],[57112,0],[56857,0],[57369,0],]]
[57114,14,48,[[57113,0],[57115,0],[56858,0],[56859,0],[57370,0],]]
[57115,11,48,[[57116,0],[57114,0],[56859,0],[57371,0],]]
[57116,3,48,[[57115,0],[57117,0],[56860,0],[56861,0],[57372,0],]]
[57117,15,48,[[57118,0],[57116,0],[56861,0],[57373,0],]]
[57118,1,48,[[57117,0],[57119,0],[56862,0],[56863,0],[57374,0],]]
[57119,15,48,[[57120,0],[57118,0],[56863,0],[57375,0],]]
[57120,2,49,[[57119,0],[57121,0],[56864,0],[56865,0],[57376,0],]]
[57121,2,49,[[57122,0],[57120,0],[56865,0],[57377,0],]]
[57122,4,49,[[57121,0],[57123,0],[56866,0],[56867,0],[57378,0],]]
[57123,3,49,[[57124,0],[57122,0],[56867,0],[57379,0],]]
[57124,13,49,[[57123,0],[57125,0],[56868,0],[56869,0],[57380,0],]]
[57125,12,49,[[57126,0],[57124,0],[56869,0],[57381,0],]]
[57126,14,49,[[57125,0],[57127,0],[56870,0],[56871,0],[57382,0],]]
[57127,11,49,[[57128,0],[57126,0],[56871,0],[57383,0],]]
[57128,12,49,[[57127,0],[57129,0],[56872,0],[56873,0],[57384,0],]]
[57129,13,49,[[57130,0],[57128,0],[56873,0],[57385,0],]]
[57130,8,49,[[57129,0],[57131,0],[56874,0],[56875,0],[57386,0],]]
[57131,19,49,[[57132,0],[57130,0],[56875,0],[57387,0],]]
[57132,11,49,[[57131,0],[57133,0],[56876,0],[56877,0],[57388,0],]]
[57133,19,49,[[57134,0],[57132,0],[56877,0],[57389,0],]]
[57134,10,49,[[57133,0],[57135,0],[56878,0],[56879,0],[57390,0],]]
[57135,9,49,[[57136,0],[57134,0],[56879,0],[57391,0],]]
[57136,10,49,[[57135,0],[57137,0],[56880,0],[56881,0],[57392,0],]]
[57137,3,49,[[57138,0],[57136,0],[56881,0],[57393,0],]]
[57138,6,49,[[57137,0],[57139,0],[56882,0],[56883,0],[57394,0],]]
[57139,8,49,[[57140,0],[57138,0],[56883,0],[57395,0],]]
[57140,5,49,[[57139,0],[57141,0],[56884,0],[56885,0],[57396,0],]]
[57141,6,49,[[57142,0],[57140,0],[56885,0],[57397,0],]]
[57142,7,49,[[57141,0],[57143,0],[56886,0],[56887,0],[57398,0],]]
[57143,4,49,[[57144,0],[57142,0],[56887,0],[57399,0],]]
[57144,13,49,[[57143,0],[57145,0],[56888,0],[56889,0],[57400,0],]]
[57145,11,49,[[57146,0],[57144,0],[56889,0],[57401,0],]]
[57146,6,49,[[57145,0],[57147,0],[56890,0],[56891,0],[57402,0],]]
[57147,9,49,[[57148,0],[57146,0],[56891,0],[57403,0],]]
[57148,5,49,[[57147,0],[57149,0],[56892,0],[56893,0],[57404,0],]]
[57149,17,49,[[57150,0],[57148,0],[56893,0],[57405,0],]]
[57150,17,49,[[57149,0],[57151,0],[56894,0],[56895,0],[57406,0],]]
[57151,9,49,[[57152,0],[57150,0],[56895,0],[57407,0],]]
[57152,19,50,[[57151,0],[57153,0],[56896,0],[56897,0],[57408,0],]]
[57153,16,50,[[57154,0],[57152,0],[56897,0],[57409,0],]]
[57154,11,50,[[57153,0],[57155,0],[56898,0],[56899,0],[57410,0],]]
[57155,1,50,[[57156,0],[57154,0],[56899,0],[57411,0],]]
[57156,8,50,[[57155,0],[57157,0],[56900,0],[56901,0],[57412,0],]]
[57157,13,50,[[57158,0],[57156,0],[56901,0],[57413,0],]]
[57158,7,50,[[57157,0],[57159,0],[56902,0],[56903,0],[57414,0],]]
[57159,15,50,[[57160,0],[57158,0],[56903,0],[57415,0],]]
[57160,18,50,[[57159,0],[57161,0],[56904,0],[56905,0],[57416,0],]]
[57161,16,50,[[57162,0],[57160,0],[56905,0],[57417,0],]]
[57162,11,50,[[57161,0],[57163,0],[56906,0],[56907,0],[57418,0],]]
[57163,18,50,[[57164,0],[57162,0],[56907,0],[57419,0],]]
[57164,8,50,[[57163,0],[57165,0],[56908,0],[56909,0],[57420,0],]]
[57165,14,50,[[57166,0],[57164,0],[56909,0],[57421,0],]]
[57166,8,50,[[57165,0],[57167,0],[56910,0],[56911,0],[57422,0],]]
[57167,2,50,[[57168,0],[57166,0],[56911,0],[57423,0],]]
[57168,10,50,[[57167,0],[57169,0],[56912,0],[56913,0],[57424,0],]]
[57169,4,50,[[57170,0],[57168,0],[56913,0],[57425,0],]]
[57170,15,50,[[57169,0],[57171,0],[56914,0],[56915,0],[57426,0],]]
[57171,17,50,[[57172,0],[57170,0],[56915,0],[57427,0],]]
[57172,1,50,[[57171,0],[57173,0],[56916,0],[56917,0],[57428,0],]]
[57173,13,50,[[57174,0],[57172,0],[56917,0],[57429,0],]]
[57174,4,50,[[57173,0],[57175,0],[56918,0],[56919,0],[57430,0],]]
[57175,1,50,[[57176,0],[57174,0],[56919,0],[57431,0],]]
[57176,4,50,[[57175,0],[57177,0],[56920,0],[56921,0],[57432,0],]]
[57177,9,50,[[57178,0],[57176,0],[56921,0],[57433,0],]]
[57178,13,50,[[57177,0],[57179,0],[56922,0],[56923,0],[57434,0],]]
[57179,11,50,[[57180,0],[57178,0],[56923,0],[57435,0],]]
[57180,7,50,[[57179,0],[57181,0],[56924,0],[56925,0],[57436,0],]]
[57181,6,50,[[57182,0],[57180,0],[56925,0],[57437,0],]]
[57182,1,50,[[57181,0],[57183,0],[56926,0],[56927,0],[57438,0],]]
[57183,17,50,[[57184,0],[57182,0],[56927,0],[57439,0],]]
[57184,15,51,[[57183,0],[57185,0],[56928,0],[56929,0],[57440,0],]]
[57185,1,51,[[57186,0],[57184,0],[56929,0],[57441,0],]]
[57186,7,51,[[57185,0],[57187,0],[56930,0],[56931,0],[57442,0],]]
[57187,1,51,[[57188,0],[57186,0],[56931,0],[57443,0],]]
[57188,10,51,[[57187,0],[57189,0],[56932,0],[56933,0],[57444,0],]]
[57189,12,51,[[57190,0],[57188,0],[56933,0],[57445,0],]]
[57190,13,51,[[57189,0],[57191,0],[56934,0],[56935,0],[57446,0],]]
[57191,15,51,[[57192,0],[57190,0],[56935,0],[57447,0],]]
[57192,3,51,[[57191,0],[57193,0],[56936,0],[56937,0],[57448,0],]]
[57193,14,51,[[57194,0],[57192,0],[56937,0],[57449,0],]]
[57194,1,51,[[57193,0],[57195,0],[56938,0],[56939,0],[57450,0],]]
[57195,14,51,[[57196,0],[57194,0],[56939,0],[57451,0],]]
[57196,10,51,[[57195,0],[57197,0],[56940,0],[56941,0],[57452,0],]]
[57197,10,51,[[57198,0],[57196,0],[56941,0],[57453,0],]]
[57198,14,51,[[57197,0],[57199,0],[56942,0],[56943,0],[57454,0],]]
[57199,13,51,[[57200,0],[57198,0],[56943,0],[57455,0],]]
[57200,7,51,[[57199,0],[57201,0],[56944,0],[56945,0],[57456,0],]]
[57201,15,51,[[57202,0],[57200,0],[56945,0],[57457,0],]]
[57202,9,51,[[57201,0],[57203,0],[56946,0],[56947,0],[57458,0],]]
[57203,5,51,[[57204,0],[57202,0],[56947,0],[57459,0],]]
[57204,7,51,[[57203,0],[57205,0],[56948,0],[56949,0],[57460,0],]]
[57205,14,51,[[57206,0],[57204,0],[56949,0],[57461,0],]]
[57206,14,51,[[57205,0],[57207,0],[56950,0],[56951,0],[57462,0],]]
[57207,5,51,[[57208,0],[57206,0],[56951,0],[57463,0],]]
[57208,17,51,[[57207,0],[57209,0],[56952,0],[56953,0],[57464,0],]]
[57209,5,51,[[57210,0],[57208,0],[56953,0],[57465,0],]]
[57210,12,51,[[57209,0],[57211,0],[56954,0],[56955,0],[57466,0],]]
[57211,19,51,[[57212,0],[57210,0],[56955,0],[57467,0],]]
[57212,6,51,[[57211,0],[57213,0],[56956,0],[56957,0],[57468,0],]]
[57213,3,51,[[57214,0],[57212,0],[56957,0],[57469,0],]]
[57214,2,51,[[57213,0],[57215,0],[56958,0],[56959,0],[57470,0],]]
[57215,5,51,[[57216,0],[57214,0],[56959,0],[57471,0],]]
[57216,10,52,[[57215,0],[57217,0],[56960,0],[56961,0],[57472,0],]]
[57217,3,52,[[57218,0],[57216,0],[56961,0],[57473,0],]]
[57218,10,52,[[57217,0],[57219,0],[56962,0],[56963,0],[57474,0],]]
[57219,16,52,[[57220,0],[57218,0],[56963,0],[57475,0],]]
[57220,10,52,[[57219,0],[57221,0],[56964,0],[56965,0],[57476,0],]]
[57221,19,52,[[57222,0],[57220,0],[56965,0],[57477,0],]]
[57222,2,52,[[57221,0],[57223,0],[56966,0],[56967,0],[57478,0],]]
[57223,7,52,[[57224,0],[57222,0],[56967,0],[57479,0],]]
[57224,1,52,[[57223,0],[57225,0],[56968,0],[56969,0],[57480,0],]]
[57225,17,52,[[57226,0],[57224,0],[56969,0],[57481,0],]]
[57226,1,52,[[57225,0],[57227,0],[56970,0],[56971,0],[57482,0],]]
[57227,7,52,[[57228,0],[57226,0],[56971,0],[57483,0],]]
[57228,16,52,[[57227,0],[57229,0],[56972,0],[56973,0],[57484,0],]]
[57229,3,52,[[57230,0],[57228,0],[56973,0],[57485,0],]]
[57230,16,52,[[57229,0],[57231,0],[56974,0],[56975,0],[57486,0],]]
[57231,18,52,[[57232,0],[57230,0],[56975,0],[57487,0],]]
[57232,14,52,[[57231,0],[57233,0],[56976,0],[56977,0],[57488,0],]]
[57233,15,52,[[57234,0],[57232,0],[56977,0],[57489,0],]]
[57234,19,52,[[57233,0],[57235,0],[56978,0],[56979,0],[57490,0],]]
[57235,3,52,[[57236,0],[57234,0],[56979,0],[57491,0],]]
[57236,3,52,[[57235,0],[57237,0],[56980,0],[56981,0],[57492,0],]]
[57237,15,52,[[57238,0],[57236,0],[56981,0],[57493,0],]]
[57238,9,52,[[57237,0],[57239,0],[56982,0],[56983,0],[57494,0],]]
[57239,14,52,[[57240,0],[57238,0],[56983,0],[57495,0],]]
[57240,2,52,[[57239,0],[57241,0],[56984,0],[56985,0],[57496,0],]]
[57241,5,52,[[57242,0],[57240,0],[56985,0],[57497,0],]]
[57242,11,52,[[57241,0],[57243,0],[56986,0],[56987,0],[57498,0],]]
[57243,18,52,[[57244,0],[57242,0],[56987,0],[57499,0],]]
[57244,2,52,[[57243,0],[57245,0],[56988,0],[56989,0],[57500,0],]]
[57245,19,52,[[57246,0],[57244,0],[56989,0],[57501,0],]]
[57246,16,52,[[57245,0],[57247,0],[56990,0],[56991,0],[57502,0],]]
[57247,2,52,[[57248,0],[57246,0],[56991,0],[57503,0],]]
[57248,11,53,[[57247,0],[57249,0],[56992,0],[56993,0],[57504,0],]]
[57249,15,53,[[57250,0],[57248,0],[56993,0],[57505,0],]]
[57250,17,53,[[57249,0],[57251,0],[56994,0],[56995,0],[57506,0],]]
[57251,5,53,[[57252,0],[57250,0],[56995,0],[57507,0],]]
[57252,13,53,[[57251,0],[57253,0],[56996,0],[56997,0],[57508,0],]]
[57253,17,53,[[57254,0],[57252,0],[56997,0],[57509,0],]]
[57254,16,53,[[57253,0],[57255,0],[56998,0],[56999,0],[57510,0],]]
[57255,3,53,[[57256,0],[57254,0],[56999,0],[57511,0],]]
[57256,17,53,[[57255,0],[57257,0],[57000,0],[57001,0],[57512,0],]]
[57257,17,53,[[57258,0],[57256,0],[57001,0],[57513,0],]]
[57258,9,53,[[57257,0],[57259,0],[57002,0],[57003,0],[57514,0],]]
[57259,10,53,[[57260,0],[57258,0],[57003,0],[57515,0],]]
[57260,18,53,[[57259,0],[57261,0],[57004,0],[57005,0],[57516,0],]]
[57261,3,53,[[57262,0],[57260,0],[57005,0],[57517,0],]]
[57262,16,53,[[57261,0],[57263,0],[57006,0],[57007,0],[57518,0],]]
[57263,9,53,[[57264,0],[57262,0],[57007,0],[57519,0],]]
[57264,3,53,[[57263,0],[57265,0],[57008,0],[57009,0],[57520,0],]]
[57265,14,53,[[57266,0],[57264,0],[57009,0],[57521,0],]]
[57266,12,53,[[57265,0],[57267,0],[57010,0],[57011,0],[57522,0],]]
[57267,8,53,[[57268,0],[57266,0],[57011,0],[57523,0],]]
[57268,16,53,[[57267,0],[57269,0],[57012,0],[57013,0],[57524,0],]]
[57269,16,53,[[57270,0],[57268,0],[57013,0],[57525,0],]]
[57270,18,53,[[57269,0],[57271,0],[57014,0],[57015,0],[57526,0],]]
[57271,9,53,[[57272,0],[57270,0],[57015,0],[57527,0],]]
[57272,7,53,[[57271,0],[57273,0],[57016,0],[57017,0],[57528,0],]]
[57273,14,53,[[57274,0],[57272,0],[57017,0],[57529,0],]]
[57274,6,53,[[57273,0],[57275,0],[57018,0],[57019,0],[57530,0],]]
[57275,16,53,[[57276,0],[57274,0],[57019,0],[57531,0],]]
[57276,18,53,[[57275,0],[57277,0],[57020,0],[57021,0],[57532,0],]]
[57277,13,53,[[57278,0],[57276,0],[57021,0],[57533,0],]]
[57278,11,53,[[57277,0],[57279,0],[57022,0],[57023,0],[57534,0],]]
[57279,15,53,[[57280,0],[57278,0],[57023,0],[57535,0],]]
[57280,8,54,[[57279,0],[57281,0],[57024,0],[57025,0],[57536,0],]]
[57281,11,54,[[57282,0],[57280,0],[57025,0],[57537,0],]]
[57282,6,54,[[57281,0],[57283,0],[57026,0],[57027,0],[57538,0],]]
[57283,17,54,[[57284,0],[57282,0],[57027,0],[57539,0],]]
[57284,19,54,[[57283,0],[57285,0],[57028,0],[57029,0],[57540,0],]]
[57285,5,54,[[57286,0],[57284,0],[57029,0],[57541,0],]]
[57286,19,54,[[57285,0],[57287,0],[57030,0],[57031,0],[57542,0],]]
[57287,14,54,[[57288,0],[57286,0],[57031,0],[57543,0],]]
[57288,3,54,[[57287,0],[57289,0],[57032,0],[57033,0],[57544,0],]]
[57289,17,54,[[57290,0],[57288,0],[57033,0],[57545,0],]]
[57290,3,54,[[57289,0],[57291,0],[57034,0],[57035,0],[57546,0],]]
[57291,3,54,[[57292,0],[57290,0],[57035,0],[57547,0],]]
[57292,8,54,[[57291,0],[57293,0],[57036,0],[57037,0],[57548,0],]]
[57293,12,54,[[57294,0],[57292,0],[57037,0],[57549,0],]]
[57294,18,54,[[57293,0],[57295,0],[57038,0],[57039,0],[57550,0],]]
[57295,4,54,[[57296,0],[57294,0],[57039,0],[57551,0],]]
[57296,5,54,[[57295,0],[57297,0],[57040,0],[57041,0],[57552,0],]]
[57297,4,54,[[57298,0],[57296,0],[57041,0],[57553,0],]]
[57298,3,54,[[57297,0],[57299,0],[57042,0],[57043,0],[57554,0],]]
[57299,6,54,[[57300,0],[57298,0],[57043,0],[57555,0],]]
[57300,18,54,[[57299,0],[57301,0],[57044,0],[57045,0],[57556,0],]]
[57301,14,54,[[57302,0],[57300,0],[57045,0],[57557,0],]]
[57302,3,54,[[57301,0],[57303,0],[57046,0],[57047,0],[57558,0],]]
[57303,17,54,[[57304,0],[57302,0],[57047,0],[57559,0],]]
[57304,16,54,[[57303,0],[57305,0],[57048,0],[57049,0],[57560,0],]]
[57305,17,54,[[57306,0],[57304,0],[57049,0],[57561,0],]]
[57306,2,54,[[57305,0],[57307,0],[57050,0],[57051,0],[57562,0],]]
[57307,1,54,[[57308,0],[57306,0],[57051,0],[57563,0],]]
[57308,2,54,[[57307,0],[57309,0],[57052,0],[57053,0],[57564,0],]]
[57309,18,54,[[57310,0],[57308,0],[57053,0],[57565,0],]]
[57310,6,54,[[57309,0],[57311,0],[57054,0],[57055,0],[57566,0],]]
[57311,11,54,[[57312,0],[57310,0],[57055,0],[57567,0],]]
[57312,14,55,[[57311,0],[57313,0],[57056,0],[57057,0],[57568,0],]]
[57313,14,55,[[57314,0],[57312,0],[57057,0],[57569,0],]]
[57314,17,55,[[57313,0],[57315,0],[57058,0],[57059,0],[57570,0],]]
[57315,16,55,[[57316,0],[57314,0],[57059,0],[57571,0],]]
[57316,19,55,[[57315,0],[57317,0],[57060,0],[57061,0],[57572,0],]]
[57317,15,55,[[57318,0],[57316,0],[57061,0],[57573,0],]]
[57318,13,55,[[57317,0],[57319,0],[57062,0],[57063,0],[57574,0],]]
[57319,17,55,[[57320,0],[57318,0],[57063,0],[57575,0],]]
[57320,7,55,[[57319,0],[57321,0],[57064,0],[57065,0],[57576,0],]]
[57321,3,55,[[57322,0],[57320,0],[57065,0],[57577,0],]]
[57322,11,55,[[57321,0],[57323,0],[57066,0],[57067,0],[57578,0],]]
[57323,8,55,[[57324,0],[57322,0],[57067,0],[57579,0],]]
[57324,11,55,[[57323,0],[57325,0],[57068,0],[57069,0],[57580,0],]]
[57325,7,55,[[57326,0],[57324,0],[57069,0],[57581,0],]]
[57326,16,55,[[57325,0],[57327,0],[57070,0],[57071,0],[57582,0],]]
[57327,1,55,[[57328,0],[57326,0],[57071,0],[57583,0],]]
[57328,19,55,[[57327,0],[57329,0],[57072,0],[57073,0],[57584,0],]]
[57329,3,55,[[57330,0],[57328,0],[57073,0],[57585,0],]]
[57330,7,55,[[57329,0],[57331,0],[57074,0],[57075,0],[57586,0],]]
[57331,18,55,[[57332,0],[57330,0],[57075,0],[57587,0],]]
[57332,13,55,[[57331,0],[57333,0],[57076,0],[57077,0],[57588,0],]]
[57333,14,55,[[57334,0],[57332,0],[57077,0],[57589,0],]]
[57334,2,55,[[57333,0],[57335,0],[57078,0],[57079,0],[57590,0],]]
[57335,19,55,[[57336,0],[57334,0],[57079,0],[57591,0],]]
[57336,5,55,[[57335,0],[57337,0],[57080,0],[57081,0],[57592,0],]]
[57337,6,55,[[57338,0],[57336,0],[57081,0],[57593,0],]]
[57338,19,55,[[57337,0],[57339,0],[57082,0],[57083,0],[57594,0],]]
[57339,19,55,[[57340,0],[57338,0],[57083,0],[57595,0],]]
[57340,8,55,[[57339,0],[57341,0],[57084,0],[57085,0],[57596,0],]]
[57341,19,55,[[57342,0],[57340,0],[57085,0],[57597,0],]]
[57342,19,55,[[57341,0],[57343,0],[57086,0],[57087,0],[57598,0],]]
[57343,2,55,[[57342,0],[57087,0],[57599,0],]]
[57344,4,56,[[57345,0],[57600,0],[57088,0],]]
[57345,5,56,[[57346,0],[57344,0],[57601,0],[57600,0],[57089,0],]]
[57346,18,56,[[57345,0],[57347,0],[57602,0],[57090,0],]]
[57347,11,56,[[57348,0],[57346,0],[57603,0],[57602,0],[57091,0],]]
[57348,10,56,[[57347,0],[57349,0],[57604,0],[57092,0],]]
[57349,5,56,[[57350,0],[57348,0],[57605,0],[57604,0],[57093,0],]]
[57350,7,56,[[57349,0],[57351,0],[57606,0],[57094,0],]]
[57351,6,56,[[57352,0],[57350,0],[57607,0],[57606,0],[57095,0],]]
[57352,10,56,[[57351,0],[57353,0],[57608,0],[57096,0],]]
[57353,3,56,[[57354,0],[57352,0],[57609,0],[57608,0],[57097,0],]]
[57354,18,56,[[57353,0],[57355,0],[57610,0],[57098,0],]]
[57355,7,56,[[57356,0],[57354,0],[57611,0],[57610,0],[57099,0],]]
[57356,16,56,[[57355,0],[57357,0],[57612,0],[57100,0],]]
[57357,9,56,[[57358,0],[57356,0],[57613,0],[57612,0],[57101,0],]]
[57358,16,56,[[57357,0],[57359,0],[57614,0],[57102,0],]]
[57359,17,56,[[57360,0],[57358,0],[57615,0],[57614,0],[57103,0],]]
[57360,3,56,[[57359,0],[57361,0],[57616,0],[57104,0],]]
[57361,15,56,[[57362,0],[57360,0],[57617,0],[57616,0],[57105,0],]]
[57362,8,56,[[57361,0],[57363,0],[57618,0],[57106,0],]]
[57363,4,56,[[57364,0],[57362,0],[57619,0],[57618,0],[57107,0],]]
[57364,2,56,[[57363,0],[57365,0],[57620,0],[57108,0],]]
[57365,10,56,[[57366,0],[57364,0],[57621,0],[57620,0],[57109,0],]]
[57366,17,56,[[57365,0],[57367,0],[57622,0],[57110,0],]]
[57367,15,56,[[57368,0],[57366,0],[57623,0],[57622,0],[57111,0],]]
[57368,8,56,[[57367,0],[57369,0],[57624,0],[57112,0],]]
[57369,9,56,[[57370,0],[57368,0],[57625,0],[57624,0],[57113,0],]]
[57370,7,56,[[57369,0],[57371,0],[57626,0],[57114,0],]]
[57371,3,56,[[57372,0],[57370,0],[57627,0],[57626,0],[57115,0],]]
[57372,9,56,[[57371,0],[57373,0],[57628,0],[57116,0],]]
[57373,10,56,[[57374,0],[57372,0],[57629,0],[57628,0],[57117,0],]]
[57374,14,56,[[57373,0],[57375,0],[57630,0],[57118,0],]]
[57375,18,56,[[57376,0],[57374,0],[57631,0],[57630,0],[57119,0],]]
[57376,9,57,[[57375,0],[57377,0],[57632,0],[57120,0],]]
[57377,9,57,[[57378,0],[57376,0],[57633,0],[57632,0],[57121,0],]]
[57378,18,57,[[57377,0],[57379,0],[57634,0],[57122,0],]]
[57379,12,57,[[57380,0],[57378,0],[57635,0],[57634,0],[57123,0],]]
[57380,17,57,[[57379,0],[57381,0],[57636,0],[57124,0],]]
[57381,15,57,[[57382,0],[57380,0],[57637,0],[57636,0],[57125,0],]]
[57382,4,57,[[57381,0],[57383,0],[57638,0],[57126,0],]]
[57383,3,57,[[57384,0],[57382,0],[57639,0],[57638,0],[57127,0],]]
[57384,13,57,[[57383,0],[57385,0],[57640,0],[57128,0],]]
[57385,13,57,[[57386,0],[57384,0],[57641,0],[57640,0],[57129,0],]]
[57386,17,57,[[57385,0],[57387,0],[57642,0],[57130,0],]]
[57387,15,57,[[57388,0],[57386,0],[57643,0],[57642,0],[57131,0],]]
[57388,12,57,[[57387,0],[57389,0],[57644,0],[57132,0],]]
[57389,13,57,[[57390,0],[57388,0],[57645,0],[57644,0],[57133,0],]]
[57390,1,57,[[57389,0],[57391,0],[57646,0],[57134,0],]]
[57391,15,57,[[57392,0],[57390,0],[57647,0],[57646,0],[57135,0],]]
[57392,10,57,[[57391,0],[57393,0],[57648,0],[57136,0],]]
[57393,14,57,[[57394,0],[57392,0],[57649,0],[57648,0],[57137,0],]]
[57394,7,57,[[57393,0],[57395,0],[57650,0],[57138,0],]]
[57395,1,57,[[57396,0],[57394,0],[57651,0],[57650,0],[57139,0],]]
[57396,15,57,[[57395,0],[57397,0],[57652,0],[57140,0],]]
[57397,17,57,[[57398,0],[57396,0],[57653,0],[57652,0],[57141,0],]]
[57398,17,57,[[57397,0],[57399,0],[57654,0],[57142,0],]]
[57399,13,57,[[57400,0],[57398,0],[57655,0],[57654,0],[57143,0],]]
[57400,18,57,[[57399,0],[57401,0],[57656,0],[57144,0],]]
[57401,1,57,[[57402,0],[57400,0],[57657,0],[57656,0],[57145,0],]]
[57402,7,57,[[57401,0],[57403,0],[57658,0],[57146,0],]]
[57403,10,57,[[57404,0],[57402,0],[57659,0],[57658,0],[57147,0],]]
[57404,14,57,[[57403,0],[57405,0],[57660,0],[57148,0],]]
[57405,14,57,[[57406,0],[57404,0],[57661,0],[57660,0],[57149,0],]]
[57406,9,57,[[57405,0],[57407,0],[57662,0],[57150,0],]]
[57407,5,57,[[57408,0],[57406,0],[57663,0],[57662,0],[57151,0],]]
[57408,2,58,[[57407,0],[57409,0],[57664,0],[57152,0],]]
[57409,17,58,[[57410,0],[57408,0],[57665,0],[57664,0],[57153,0],]]
[57410,9,58,[[57409,0],[57411,0],[57666,0],[57154,0],]]
[57411,19,58,[[57412,0],[57410,0],[57667,0],[57666,0],[57155,0],]]
[57412,8,58,[[57411,0],[57413,0],[57668,0],[57156,0],]]
[57413,8,58,[[57414,0],[57412,0],[57669,0],[57668,0],[57157,0],]]
[57414,1,58,[[57413,0],[57415,0],[57670,0],[57158,0],]]
[57415,19,58,[[57416,0],[57414,0],[57671,0],[57670,0],[57159,0],]]
[57416,12,58,[[57415,0],[57417,0],[57672,0],[57160,0],]]
[57417,10,58,[[57418,0],[57416,0],[57673,0],[57672,0],[57161,0],]]
[57418,11,58,[[57417,0],[57419,0],[57674,0],[57162,0],]]
[57419,1,58,[[57420,0],[57418,0],[57675,0],[57674,0],[57163,0],]]
[57420,11,58,[[57419,0],[57421,0],[57676,0],[57164,0],]]
[57421,12,58,[[57422,0],[57420,0],[57677,0],[57676,0],[57165,0],]]
[57422,18,58,[[57421,0],[57423,0],[57678,0],[57166,0],]]
[57423,13,58,[[57424,0],[57422,0],[57679,0],[57678,0],[57167,0],]]
[57424,15,58,[[57423,0],[57425,0],[57680,0],[57168,0],]]
[57425,11,58,[[57426,0],[57424,0],[57681,0],[57680,0],[57169,0],]]
[57426,14,58,[[57425,0],[57427,0],[57682,0],[57170,0],]]
[57427,10,58,[[57428,0],[57426,0],[57683,0],[57682,0],[57171,0],]]
[57428,5,58,[[57427,0],[57429,0],[57684,0],[57172,0],]]
[57429,15,58,[[57430,0],[57428,0],[57685,0],[57684,0],[57173,0],]]
[57430,18,58,[[57429,0],[57431,0],[57686,0],[57174,0],]]
[57431,4,58,[[57432,0],[57430,0],[57687,0],[57686,0],[57175,0],]]
[57432,6,58,[[57431,0],[57433,0],[57688,0],[57176,0],]]
[57433,10,58,[[57434,0],[57432,0],[57689,0],[57688,0],[57177,0],]]
[57434,13,58,[[57433,0],[57435,0],[57690,0],[57178,0],]]
[57435,11,58,[[57436,0],[57434,0],[57691,0],[57690,0],[57179,0],]]
[57436,4,58,[[57435,0],[57437,0],[57692,0],[57180,0],]]
[57437,4,58,[[57438,0],[57436,0],[57693,0],[57692,0],[57181,0],]]
[57438,7,58,[[57437,0],[57439,0],[57694,0],[57182,0],]]
[57439,4,58,[[57440,0],[57438,0],[57695,0],[57694,0],[57183,0],]]
[57440,7,59,[[57439,0],[57441,0],[57696,0],[57184,0],]]
[57441,11,59,[[57442,0],[57440,0],[57697,0],[57696,0],[57185,0],]]
[57442,5,59,[[57441,0],[57443,0],[57698,0],[57186,0],]]
[57443,17,59,[[57444,0],[57442,0],[57699,0],[57698,0],[57187,0],]]
[57444,17,59,[[57443,0],[57445,0],[57700,0],[57188,0],]]
[57445,3,59,[[57446,0],[57444,0],[57701,0],[57700,0],[57189,0],]]
[57446,17,59,[[57445,0],[57447,0],[57702,0],[57190,0],]]
[57447,10,59,[[57448,0],[57446,0],[57703,0],[57702,0],[57191,0],]]
[57448,14,59,[[57447,0],[57449,0],[57704,0],[57192,0],]]
[57449,18,59,[[57450,0],[57448,0],[57705,0],[57704,0],[57193,0],]]
[57450,2,59,[[57449,0],[57451,0],[57706,0],[57194,0],]]
[57451,13,59,[[57452,0],[57450,0],[57707,0],[57706,0],[57195,0],]]
[57452,8,59,[[57451,0],[57453,0],[57708,0],[57196,0],]]
[57453,19,59,[[57454,0],[57452,0],[57709,0],[57708,0],[57197,0],]]
[57454,19,59,[[57453,0],[57455,0],[57710,0],[57198,0],]]
[57455,8,59,[[57456,0],[57454,0],[57711,0],[57710,0],[57199,0],]]
[57456,19,59,[[57455,0],[57457,0],[57712,0],[57200,0],]]
[57457,12,59,[[57458,0],[57456,0],[57713,0],[57712,0],[57201,0],]]
[57458,17,59,[[57457,0],[57459,0],[57714,0],[57202,0],]]
[57459,18,59,[[57460,0],[57458,0],[57715,0],[57714,0],[57203,0],]]
[57460,5,59,[[57459,0],[57461,0],[57716,0],[57204,0],]]
[57461,13,59,[[57462,0],[57460,0],[57717,0],[57716,0],[57205,0],]]
[57462,1,59,[[57461,0],[57463,0],[57718,0],[57206,0],]]
[57463,2,59,[[57464,0],[57462,0],[57719,0],[57718,0],[57207,0],]]
[57464,18,59,[[57463,0],[57465,0],[57720,0],[57208,0],]]
[57465,17,59,[[57466,0],[57464,0],[57721,0],[57720,0],[57209,0],]]
[57466,11,59,[[57465,0],[57467,0],[57722,0],[57210,0],]]
[57467,17,59,[[57468,0],[57466,0],[57723,0],[57722,0],[57211,0],]]
[57468,8,59,[[57467,0],[57469,0],[57724,0],[57212,0],]]
[57469,4,59,[[57470,0],[57468,0],[57725,0],[57724,0],[57213,0],]]
[57470,12,59,[[57469,0],[57471,0],[57726,0],[57214,0],]]
[57471,2,59,[[57472,0],[57470,0],[57727,0],[57726,0],[57215,0],]]
[57472,14,60,[[57471,0],[57473,0],[57728,0],[57216,0],]]
[57473,4,60,[[57474,0],[57472,0],[57729,0],[57728,0],[57217,0],]]
[57474,6,60,[[57473,0],[57475,0],[57730,0],[57218,0],]]
[57475,14,60,[[57476,0],[57474,0],[57731,0],[57730,0],[57219,0],]]
[57476,13,60,[[57475,0],[57477,0],[57732,0],[57220,0],]]
[57477,6,60,[[57478,0],[57476,0],[57733,0],[57732,0],[57221,0],]]
[57478,14,60,[[57477,0],[57479,0],[57734,0],[57222,0],]]
[57479,7,60,[[57480,0],[57478,0],[57735,0],[57734,0],[57223,0],]]
[57480,18,60,[[57479,0],[57481,0],[57736,0],[57224,0],]]
[57481,10,60,[[57482,0],[57480,0],[57737,0],[57736,0],[57225,0],]]
[57482,2,60,[[57481,0],[57483,0],[57738,0],[57226,0],]]
[57483,7,60,[[57484,0],[57482,0],[57739,0],[57738,0],[57227,0],]]
[57484,15,60,[[57483,0],[57485,0],[57740,0],[57228,0],]]
[57485,19,60,[[57486,0],[57484,0],[57741,0],[57740,0],[57229,0],]]
[57486,13,60,[[57485,0],[57487,0],[57742,0],[57230,0],]]
[57487,15,60,[[57488,0],[57486,0],[57743,0],[57742,0],[57231,0],]]
[57488,6,60,[[57487,0],[57489,0],[57744,0],[57232,0],]]
[57489,4,60,[[57490,0],[57488,0],[57745,0],[57744,0],[57233,0],]]
[57490,2,60,[[57489,0],[57491,0],[57746,0],[57234,0],]]
[57491,16,60,[[57492,0],[57490,0],[57747,0],[57746,0],[57235,0],]]
[57492,5,60,[[57491,0],[57493,0],[57748,0],[57236,0],]]
[57493,16,60,[[57494,0],[57492,0],[57749,0],[57748,0],[57237,0],]]
[57494,6,60,[[57493,0],[57495,0],[57750,0],[57238,0],]]
[57495,6,60,[[57496,0],[57494,0],[57751,0],[57750,0],[57239,0],]]
[57496,7,60,[[57495,0],[57497,0],[57752,0],[57240,0],]]
[57497,2,60,[[57498,0],[57496,0],[57753,0],[57752,0],[57241,0],]]
[57498,8,60,[[57497,0],[57499,0],[57754,0],[57242,0],]]
[57499,5,60,[[57500,0],[57498,0],[57755,0],[57754,0],[57243,0],]]
[57500,10,60,[[57499,0],[57501,0],[57756,0],[57244,0],]]
[57501,16,60,[[57502,0],[57500,0],[57757,0],[57756,0],[57245,0],]]
[57502,13,60,[[57501,0],[57503,0],[57758,0],[57246,0],]]
[57503,18,60,[[57504,0],[57502,0],[57759,0],[57758,0],[57247,0],]]
[57504,17,61,[[57503,0],[57505,0],[57760,0],[57248,0],]]
[57505,9,61,[[57506,0],[57504,0],[57761,0],[57760,0],[57249,0],]]
[57506,18,61,[[57505,0],[57507,0],[57762,0],[57250,0],]]
[57507,12,61,[[57508,0],[57506,0],[57763,0],[57762,0],[57251,0],]]
[57508,6,61,[[57507,0],[57509,0],[57764,0],[57252,0],]]
[57509,8,61,[[57510,0],[57508,0],[57765,0],[57764,0],[57253,0],]]
[57510,16,61,[[57509,0],[57511,0],[57766,0],[57254,0],]]
[57511,16,61,[[57512,0],[57510,0],[57767,0],[57766,0],[57255,0],]]
[57512,3,61,[[57511,0],[57513,0],[57768,0],[57256,0],]]
[57513,8,61,[[57514,0],[57512,0],[57769,0],[57768,0],[57257,0],]]
[57514,12,61,[[57513,0],[57515,0],[57770,0],[57258,0],]]
[57515,17,61,[[57516,0],[57514,0],[57771,0],[57770,0],[57259,0],]]
[57516,7,61,[[57515,0],[57517,0],[57772,0],[57260,0],]]
[57517,13,61,[[57518,0],[57516,0],[57773,0],[57772,0],[57261,0],]]
[57518,15,61,[[57517,0],[57519,0],[57774,0],[57262,0],]]
[57519,19,61,[[57520,0],[57518,0],[57775,0],[57774,0],[57263,0],]]
[57520,14,61,[[57519,0],[57521,0],[57776,0],[57264,0],]]
[57521,3,61,[[57522,0],[57520,0],[57777,0],[57776,0],[57265,0],]]
[57522,15,61,[[57521,0],[57523,0],[57778,0],[57266,0],]]
[57523,2,61,[[57524,0],[57522,0],[57779,0],[57778,0],[57267,0],]]
[57524,10,61,[[57523,0],[57525,0],[57780,0],[57268,0],]]
[57525,15,61,[[57526,0],[57524,0],[57781,0],[57780,0],[57269,0],]]
[57526,19,61,[[57525,0],[57527,0],[57782,0],[57270,0],]]
[57527,6,61,[[57528,0],[57526,0],[57783,0],[57782,0],[57271,0],]]
[57528,17,61,[[57527,0],[57529,0],[57784,0],[57272,0],]]
[57529,7,61,[[57530,0],[57528,0],[57785,0],[57784,0],[57273,0],]]
[57530,11,61,[[57529,0],[57531,0],[57786,0],[57274,0],]]
[57531,7,61,[[57532,0],[57530,0],[57787,0],[57786,0],[57275,0],]]
[57532,3,61,[[57531,0],[57533,0],[57788,0],[57276,0],]]
[57533,13,61,[[57534,0],[57532,0],[57789,0],[57788,0],[57277,0],]]
[57534,16,61,[[57533,0],[57535,0],[57790,0],[57278,0],]]
[57535,15,61,[[57536,0],[57534,0],[57791,0],[57790,0],[57279,0],]]
[57536,18,62,[[57535,0],[57537,0],[57792,0],[57280,0],]]
[57537,3,62,[[57538,0],[57536,0],[57793,0],[57792,0],[57281,0],]]
[57538,2,62,[[57537,0],[57539,0],[57794,0],[57282,0],]]
[57539,13,62,[[57540,0],[57538,0],[57795,0],[57794,0],[57283,0],]]
[57540,10,62,[[57539,0],[57541,0],[57796,0],[57284,0],]]
[57541,6,62,[[57542,0],[57540,0],[57797,0],[57796,0],[57285,0],]]
[57542,3,62,[[57541,0],[57543,0],[57798,0],[57286,0],]]
[57543,7,62,[[57544,0],[57542,0],[57799,0],[57798,0],[57287,0],]]
[57544,15,62,[[57543,0],[57545,0],[57800,0],[57288,0],]]
[57545,19,62,[[57546,0],[57544,0],[57801,0],[57800,0],[57289,0],]]
[57546,17,62,[[57545,0],[57547,0],[57802,0],[57290,0],]]
[57547,5,62,[[57548,0],[57546,0],[57803,0],[57802,0],[57291,0],]]
[57548,13,62,[[57547,0],[57549,0],[57804,0],[57292,0],]]
[57549,11,62,[[57550,0],[57548,0],[57805,0],[57804,0],[57293,0],]]
[57550,4,62,[[57549,0],[57551,0],[57806,0],[57294,0],]]
[57551,16,62,[[57552,0],[57550,0],[57807,0],[57806,0],[57295,0],]]
[57552,19,62,[[57551,0],[57553,0],[57808,0],[57296,0],]]
[57553,11,62,[[57554,0],[57552,0],[57809,0],[57808,0],[57297,0],]]
[57554,4,62,[[57553,0],[57555,0],[57810,0],[57298,0],]]
[57555,8,62,[[57556,0],[57554,0],[57811,0],[57810,0],[57299,0],]]
[57556,7,62,[[57555,0],[57557,0],[57812,0],[57300,0],]]
[57557,5,62,[[57558,0],[57556,0],[57813,0],[57812,0],[57301,0],]]
[57558,19,62,[[57557,0],[57559,0],[57814,0],[57302,0],]]
[57559,7,62,[[57560,0],[57558,0],[57815,0],[57814,0],[57303,0],]]
[57560,7,62,[[57559,0],[57561,0],[57816,0],[57304,0],]]
[57561,12,62,[[57562,0],[57560,0],[57817,0],[57816,0],[57305,0],]]
[57562,7,62,[[57561,0],[57563,0],[57818,0],[57306,0],]]
[57563,13,62,[[57564,0],[57562,0],[57819,0],[57818,0],[57307,0],]]
[57564,11,62,[[57563,0],[57565,0],[57820,0],[57308,0],]]
[57565,17,62,[[57566,0],[57564,0],[57821,0],[57820,0],[57309,0],]]
[57566,5,62,[[57565,0],[57567,0],[57822,0],[57310,0],]]
[57567,14,62,[[57568,0],[57566,0],[57823,0],[57822,0],[57311,0],]]
[57568,17,63,[[57567,0],[57569,0],[57824,0],[57312,0],]]
[57569,7,63,[[57570,0],[57568,0],[57825,0],[57824,0],[57313,0],]]
[57570,1,63,[[57569,0],[57571,0],[57826,0],[57314,0],]]
[57571,9,63,[[57572,0],[57570,0],[57827,0],[57826,0],[57315,0],]]
[57572,14,63,[[57571,0],[57573,0],[57828,0],[57316,0],]]
[57573,9,63,[[57574,0],[57572,0],[57829,0],[57828,0],[57317,0],]]
[57574,14,63,[[57573,0],[57575,0],[57830,0],[57318,0],]]
[57575,19,63,[[57576,0],[57574,0],[57831,0],[57830,0],[57319,0],]]
[57576,7,63,[[57575,0],[57577,0],[57832,0],[57320,0],]]
[57577,1,63,[[57578,0],[57576,0],[57833,0],[57832,0],[57321,0],]]
[57578,16,63,[[57577,0],[57579,0],[57834,0],[57322,0],]]
[57579,7,63,[[57580,0],[57578,0],[57835,0],[57834,0],[57323,0],]]
[57580,10,63,[[57579,0],[57581,0],[57836,0],[57324,0],]]
[57581,14,63,[[57582,0],[57580,0],[57837,0],[57836,0],[57325,0],]]
[57582,2,63,[[57581,0],[57583,0],[57838,0],[57326,0],]]
[57583,5,63,[[57584,0],[57582,0],[57839,0],[57838,0],[57327,0],]]
[57584,10,63,[[57583,0],[57585,0],[57840,0],[57328,0],]]
[57585,17,63,[[57586,0],[57584,0],[57841,0],[57840,0],[57329,0],]]
[57586,11,63,[[57585,0],[57587,0],[57842,0],[57330,0],]]
[57587,18,63,[[57588,0],[57586,0],[57843,0],[57842,0],[57331,0],]]
[57588,19,63,[[57587,0],[57589,0],[57844,0],[57332,0],]]
[57589,12,63,[[57590,0],[57588,0],[57845,0],[57844,0],[57333,0],]]
[57590,5,63,[[57589,0],[57591,0],[57846,0],[57334,0],]]
[57591,13,63,[[57592,0],[57590,0],[57847,0],[57846,0],[57335,0],]]
[57592,11,63,[[57591,0],[57593,0],[57848,0],[57336,0],]]
[57593,5,63,[[57594,0],[57592,0],[57849,0],[57848,0],[57337,0],]]
[57594,10,63,[[57593,0],[57595,0],[57850,0],[57338,0],]]
[57595,5,63,[[57596,0],[57594,0],[57851,0],[57850,0],[57339,0],]]
[57596,19,63,[[57595,0],[57597,0],[57852,0],[57340,0],]]
[57597,17,63,[[57598,0],[57596,0],[57853,0],[57852,0],[57341,0],]]
[57598,6,63,[[57597,0],[57599,0],[57854,0],[57342,0],]]
[57599,18,63,[[57598,0],[57855,0],[57854,0],[57343,0],]]
[57600,1,56,[[57601,0],[57344,0],[57345,0],[57856,0],]]
[57601,9,56,[[57602,0],[57600,0],[57345,0],[57857,0],]]
[57602,5,56,[[57601,0],[57603,0],[57346,0],[57347,0],[57858,0],]]
[57603,10,56,[[57604,0],[57602,0],[57347,0],[57859,0],]]
[57604,1,56,[[57603,0],[57605,0],[57348,0],[57349,0],[57860,0],]]
[57605,9,56,[[57606,0],[57604,0],[57349,0],[57861,0],]]
[57606,13,56,[[57605,0],[57607,0],[57350,0],[57351,0],[57862,0],]]
[57607,5,56,[[57608,0],[57606,0],[57351,0],[57863,0],]]
[57608,18,56,[[57607,0],[57609,0],[57352,0],[57353,0],[57864,0],]]
[57609,18,56,[[57610,0],[57608,0],[57353,0],[57865,0],]]
[57610,6,56,[[57609,0],[57611,0],[57354,0],[57355,0],[57866,0],]]
[57611,15,56,[[57612,0],[57610,0],[57355,0],[57867,0],]]
[57612,5,56,[[57611,0],[57613,0],[57356,0],[57357,0],[57868,0],]]
[57613,5,56,[[57614,0],[57612,0],[57357,0],[57869,0],]]
[57614,16,56,[[57613,0],[57615,0],[57358,0],[57359,0],[57870,0],]]
[57615,2,56,[[57616,0],[57614,0],[57359,0],[57871,0],]]
[57616,17,56,[[57615,0],[57617,0],[57360,0],[57361,0],[57872,0],]]
[57617,17,56,[[57618,0],[57616,0],[57361,0],[57873,0],]]
[57618,7,56,[[57617,0],[57619,0],[57362,0],[57363,0],[57874,0],]]
[57619,18,56,[[57620,0],[57618,0],[57363,0],[57875,0],]]
[57620,11,56,[[57619,0],[57621,0],[57364,0],[57365,0],[57876,0],]]
[57621,17,56,[[57622,0],[57620,0],[57365,0],[57877,0],]]
[57622,7,56,[[57621,0],[57623,0],[57366,0],[57367,0],[57878,0],]]
[57623,4,56,[[57624,0],[57622,0],[57367,0],[57879,0],]]
[57624,14,56,[[57623,0],[57625,0],[57368,0],[57369,0],[57880,0],]]
[57625,13,56,[[57626,0],[57624,0],[57369,0],[57881,0],]]
[57626,6,56,[[57625,0],[57627,0],[57370,0],[57371,0],[57882,0],]]
[57627,2,56,[[57628,0],[57626,0],[57371,0],[57883,0],]]
[57628,8,56,[[57627,0],[57629,0],[57372,0],[57373,0],[57884,0],]]
[57629,3,56,[[57630,0],[57628,0],[57373,0],[57885,0],]]
[57630,18,56,[[57629,0],[57631,0],[57374,0],[57375,0],[57886,0],]]
[57631,10,56,[[57632,0],[57630,0],[57375,0],[57887,0],]]
[57632,15,57,[[57631,0],[57633,0],[57376,0],[57377,0],[57888,0],]]
[57633,8,57,[[57634,0],[57632,0],[57377,0],[57889,0],]]
[57634,4,57,[[57633,0],[57635,0],[57378,0],[57379,0],[57890,0],]]
[57635,9,57,[[57636,0],[57634,0],[57379,0],[57891,0],]]
[57636,18,57,[[57635,0],[57637,0],[57380,0],[57381,0],[57892,0],]]
[57637,17,57,[[57638,0],[57636,0],[57381,0],[57893,0],]]
[57638,10,57,[[57637,0],[57639,0],[57382,0],[57383,0],[57894,0],]]
[57639,11,57,[[57640,0],[57638,0],[57383,0],[57895,0],]]
[57640,3,57,[[57639,0],[57641,0],[57384,0],[57385,0],[57896,0],]]
[57641,3,57,[[57642,0],[57640,0],[57385,0],[57897,0],]]
[57642,13,57,[[57641,0],[57643,0],[57386,0],[57387,0],[57898,0],]]
[57643,3,57,[[57644,0],[57642,0],[57387,0],[57899,0],]]
[57644,16,57,[[57643,0],[57645,0],[57388,0],[57389,0],[57900,0],]]
[57645,5,57,[[57646,0],[57644,0],[57389,0],[57901,0],]]
[57646,19,57,[[57645,0],[57647,0],[57390,0],[57391,0],[57902,0],]]
[57647,13,57,[[57648,0],[57646,0],[57391,0],[57903,0],]]
[57648,4,57,[[57647,0],[57649,0],[57392,0],[57393,0],[57904,0],]]
[57649,2,57,[[57650,0],[57648,0],[57393,0],[57905,0],]]
[57650,10,57,[[57649,0],[57651,0],[57394,0],[57395,0],[57906,0],]]
[57651,5,57,[[57652,0],[57650,0],[57395,0],[57907,0],]]
[57652,1,57,[[57651,0],[57653,0],[57396,0],[57397,0],[57908,0],]]
[57653,9,57,[[57654,0],[57652,0],[57397,0],[57909,0],]]
[57654,2,57,[[57653,0],[57655,0],[57398,0],[57399,0],[57910,0],]]
[57655,12,57,[[57656,0],[57654,0],[57399,0],[57911,0],]]
[57656,14,57,[[57655,0],[57657,0],[57400,0],[57401,0],[57912,0],]]
[57657,14,57,[[57658,0],[57656,0],[57401,0],[57913,0],]]
[57658,5,57,[[57657,0],[57659,0],[57402,0],[57403,0],[57914,0],]]
[57659,10,57,[[57660,0],[57658,0],[57403,0],[57915,0],]]
[57660,14,57,[[57659,0],[57661,0],[57404,0],[57405,0],[57916,0],]]
[57661,1,57,[[57662,0],[57660,0],[57405,0],[57917,0],]]
[57662,17,57,[[57661,0],[57663,0],[57406,0],[57407,0],[57918,0],]]
[57663,13,57,[[57664,0],[57662,0],[57407,0],[57919,0],]]
[57664,2,58,[[57663,0],[57665,0],[57408,0],[57409,0],[57920,0],]]
[57665,15,58,[[57666,0],[57664,0],[57409,0],[57921,0],]]
[57666,6,58,[[57665,0],[57667,0],[57410,0],[57411,0],[57922,0],]]
[57667,16,58,[[57668,0],[57666,0],[57411,0],[57923,0],]]
[57668,17,58,[[57667,0],[57669,0],[57412,0],[57413,0],[57924,0],]]
[57669,11,58,[[57670,0],[57668,0],[57413,0],[57925,0],]]
[57670,2,58,[[57669,0],[57671,0],[57414,0],[57415,0],[57926,0],]]
