[53084,12,50,[[53083,0],[53085,0],[52828,0],[52829,0],[53340,0],]]
[53085,18,50,[[53086,0],[53084,0],[52829,0],[53341,0],]]
[53086,3,50,[[53085,0],[53087,0],[52830,0],[52831,0],[53342,0],]]
[53087,2,50,[[53088,0],[53086,0],[52831,0],[53343,0],]]
[53088,16,51,[[53087,0],[53089,0],[52832,0],[52833,0],[53344,0],]]
[53089,19,51,[[53090,0],[53088,0],[52833,0],[53345,0],]]
[53090,11,51,[[53089,0],[53091,0],[52834,0],[52835,0],[53346,0],]]
[53091,18,51,[[53092,0],[53090,0],[52835,0],[53347,0],]]
[53092,12,51,[[53091,0],[53093,0],[52836,0],[52837,0],[53348,0],]]
[53093,11,51,[[53094,0],[53092,0],[52837,0],[53349,0],]]
[53094,10,51,[[53093,0],[53095,0],[52838,0],[52839,0],[53350,0],]]
[53095,15,51,[[53096,0],[53094,0],[52839,0],[53351,0],]]
[53096,16,51,[[53095,0],[53097,0],[52840,0],[52841,0],[53352,0],]]
[53097,19,51,[[53098,0],[53096,0],[52841,0],[53353,0],]]
[53098,6,51,[[53097,0],[53099,0],[52842,0],[52843,0],[53354,0],]]
[53099,3,51,[[53100,0],[53098,0],[52843,0],[53355,0],]]
[53100,9,51,[[53099,0],[53101,0],[52844,0],[52845,0],[53356,0],]]
[53101,3,51,[[53102,0],[53100,0],[52845,0],[53357,0],]]
[53102,2,51,[[53101,0],[53103,0],[52846,0],[52847,0],[53358,0],]]
[53103,17,51,[[53104,0],[53102,0],[52847,0],[53359,0],]]
[53104,7,51,[[53103,0],[53105,0],[52848,0],[52849,0],[53360,0],]]
[53105,19,51,[[53106,0],[53104,0],[52849,0],[53361,0],]]
[53106,8,51,[[53105,0],[53107,0],[52850,0],[52851,0],[53362,0],]]
[53107,15,51,[[53108,0],[53106,0],[52851,0],[53363,0],]]
[53108,4,51,[[53107,0],[53109,0],[52852,0],[52853,0],[53364,0],]]
[53109,12,51,[[53110,0],[53108,0],[52853,0],[53365,0],]]
[53110,3,51,[[53109,0],[53111,0],[52854,0],[52855,0],[53366,0],]]
[53111,11,51,[[53112,0],[53110,0],[52855,0],[53367,0],]]
[53112,10,51,[[53111,0],[53113,0],[52856,0],[52857,0],[53368,0],]]
[53113,10,51,[[53114,0],[53112,0],[52857,0],[53369,0],]]
[53114,9,51,[[53113,0],[53115,0],[52858,0],[52859,0],[53370,0],]]
[53115,2,51,[[53116,0],[53114,0],[52859,0],[53371,0],]]
[53116,13,51,[[53115,0],[53117,0],[52860,0],[52861,0],[53372,0],]]
[53117,15,51,[[53118,0],[53116,0],[52861,0],[53373,0],]]
[53118,14,51,[[53117,0],[53119,0],[52862,0],[52863,0],[53374,0],]]
[53119,19,51,[[53120,0],[53118,0],[52863,0],[53375,0],]]
[53120,18,52,[[53119,0],[53121,0],[52864,0],[52865,0],[53376,0],]]
[53121,8,52,[[53122,0],[53120,0],[52865,0],[53377,0],]]
[53122,1,52,[[53121,0],[53123,0],[52866,0],[52867,0],[53378,0],]]
[53123,3,52,[[53124,0],[53122,0],[52867,0],[53379,0],]]
[53124,13,52,[[53123,0],[53125,0],[52868,0],[52869,0],[53380,0],]]
[53125,4,52,[[53126,0],[53124,0],[52869,0],[53381,0],]]
[53126,12,52,[[53125,0],[53127,0],[52870,0],[52871,0],[53382,0],]]
[53127,6,52,[[53128,0],[53126,0],[52871,0],[53383,0],]]
[53128,11,52,[[53127,0],[53129,0],[52872,0],[52873,0],[53384,0],]]
[53129,5,52,[[53130,0],[53128,0],[52873,0],[53385,0],]]
[53130,14,52,[[53129,0],[53131,0],[52874,0],[52875,0],[53386,0],]]
[53131,18,52,[[53132,0],[53130,0],[52875,0],[53387,0],]]
[53132,8,52,[[53131,0],[53133,0],[52876,0],[52877,0],[53388,0],]]
[53133,14,52,[[53134,0],[53132,0],[52877,0],[53389,0],]]
[53134,6,52,[[53133,0],[53135,0],[52878,0],[52879,0],[53390,0],]]
[53135,9,52,[[53136,0],[53134,0],[52879,0],[53391,0],]]
[53136,17,52,[[53135,0],[53137,0],[52880,0],[52881,0],[53392,0],]]
[53137,11,52,[[53138,0],[53136,0],[52881,0],[53393,0],]]
[53138,16,52,[[53137,0],[53139,0],[52882,0],[52883,0],[53394,0],]]
[53139,19,52,[[53140,0],[53138,0],[52883,0],[53395,0],]]
[53140,10,52,[[53139,0],[53141,0],[52884,0],[52885,0],[53396,0],]]
[53141,19,52,[[53142,0],[53140,0],[52885,0],[53397,0],]]
[53142,5,52,[[53141,0],[53143,0],[52886,0],[52887,0],[53398,0],]]
[53143,19,52,[[53144,0],[53142,0],[52887,0],[53399,0],]]
[53144,13,52,[[53143,0],[53145,0],[52888,0],[52889,0],[53400,0],]]
[53145,17,52,[[53146,0],[53144,0],[52889,0],[53401,0],]]
[53146,6,52,[[53145,0],[53147,0],[52890,0],[52891,0],[53402,0],]]
[53147,2,52,[[53148,0],[53146,0],[52891,0],[53403,0],]]
[53148,3,52,[[53147,0],[53149,0],[52892,0],[52893,0],[53404,0],]]
[53149,9,52,[[53150,0],[53148,0],[52893,0],[53405,0],]]
[53150,3,52,[[53149,0],[53151,0],[52894,0],[52895,0],[53406,0],]]
[53151,6,52,[[53152,0],[53150,0],[52895,0],[53407,0],]]
[53152,13,53,[[53151,0],[53153,0],[52896,0],[52897,0],[53408,0],]]
[53153,5,53,[[53154,0],[53152,0],[52897,0],[53409,0],]]
[53154,4,53,[[53153,0],[53155,0],[52898,0],[52899,0],[53410,0],]]
[53155,10,53,[[53156,0],[53154,0],[52899,0],[53411,0],]]
[53156,13,53,[[53155,0],[53157,0],[52900,0],[52901,0],[53412,0],]]
[53157,2,53,[[53158,0],[53156,0],[52901,0],[53413,0],]]
[53158,18,53,[[53157,0],[53159,0],[52902,0],[52903,0],[53414,0],]]
[53159,17,53,[[53160,0],[53158,0],[52903,0],[53415,0],]]
[53160,16,53,[[53159,0],[53161,0],[52904,0],[52905,0],[53416,0],]]
[53161,15,53,[[53162,0],[53160,0],[52905,0],[53417,0],]]
[53162,1,53,[[53161,0],[53163,0],[52906,0],[52907,0],[53418,0],]]
[53163,7,53,[[53164,0],[53162,0],[52907,0],[53419,0],]]
[53164,4,53,[[53163,0],[53165,0],[52908,0],[52909,0],[53420,0],]]
[53165,3,53,[[53166,0],[53164,0],[52909,0],[53421,0],]]
[53166,16,53,[[53165,0],[53167,0],[52910,0],[52911,0],[53422,0],]]
[53167,15,53,[[53168,0],[53166,0],[52911,0],[53423,0],]]
[53168,5,53,[[53167,0],[53169,0],[52912,0],[52913,0],[53424,0],]]
[53169,16,53,[[53170,0],[53168,0],[52913,0],[53425,0],]]
[53170,8,53,[[53169,0],[53171,0],[52914,0],[52915,0],[53426,0],]]
[53171,18,53,[[53172,0],[53170,0],[52915,0],[53427,0],]]
[53172,14,53,[[53171,0],[53173,0],[52916,0],[52917,0],[53428,0],]]
[53173,18,53,[[53174,0],[53172,0],[52917,0],[53429,0],]]
[53174,18,53,[[53173,0],[53175,0],[52918,0],[52919,0],[53430,0],]]
[53175,11,53,[[53176,0],[53174,0],[52919,0],[53431,0],]]
[53176,13,53,[[53175,0],[53177,0],[52920,0],[52921,0],[53432,0],]]
[53177,4,53,[[53178,0],[53176,0],[52921,0],[53433,0],]]
[53178,3,53,[[53177,0],[53179,0],[52922,0],[52923,0],[53434,0],]]
[53179,8,53,[[53180,0],[53178,0],[52923,0],[53435,0],]]
[53180,14,53,[[53179,0],[53181,0],[52924,0],[52925,0],[53436,0],]]
[53181,6,53,[[53182,0],[53180,0],[52925,0],[53437,0],]]
[53182,12,53,[[53181,0],[53183,0],[52926,0],[52927,0],[53438,0],]]
[53183,3,53,[[53184,0],[53182,0],[52927,0],[53439,0],]]
[53184,1,54,[[53183,0],[53185,0],[52928,0],[52929,0],[53440,0],]]
[53185,11,54,[[53186,0],[53184,0],[52929,0],[53441,0],]]
[53186,3,54,[[53185,0],[53187,0],[52930,0],[52931,0],[53442,0],]]
[53187,18,54,[[53188,0],[53186,0],[52931,0],[53443,0],]]
[53188,17,54,[[53187,0],[53189,0],[52932,0],[52933,0],[53444,0],]]
[53189,4,54,[[53190,0],[53188,0],[52933,0],[53445,0],]]
[53190,3,54,[[53189,0],[53191,0],[52934,0],[52935,0],[53446,0],]]
[53191,1,54,[[53192,0],[53190,0],[52935,0],[53447,0],]]
[53192,11,54,[[53191,0],[53193,0],[52936,0],[52937,0],[53448,0],]]
[53193,8,54,[[53194,0],[53192,0],[52937,0],[53449,0],]]
[53194,17,54,[[53193,0],[53195,0],[52938,0],[52939,0],[53450,0],]]
[53195,5,54,[[53196,0],[53194,0],[52939,0],[53451,0],]]
[53196,10,54,[[53195,0],[53197,0],[52940,0],[52941,0],[53452,0],]]
[53197,19,54,[[53198,0],[53196,0],[52941,0],[53453,0],]]
[53198,17,54,[[53197,0],[53199,0],[52942,0],[52943,0],[53454,0],]]
[53199,2,54,[[53200,0],[53198,0],[52943,0],[53455,0],]]
[53200,17,54,[[53199,0],[53201,0],[52944,0],[52945,0],[53456,0],]]
[53201,19,54,[[53202,0],[53200,0],[52945,0],[53457,0],]]
[53202,7,54,[[53201,0],[53203,0],[52946,0],[52947,0],[53458,0],]]
[53203,15,54,[[53204,0],[53202,0],[52947,0],[53459,0],]]
[53204,18,54,[[53203,0],[53205,0],[52948,0],[52949,0],[53460,0],]]
[53205,17,54,[[53206,0],[53204,0],[52949,0],[53461,0],]]
[53206,12,54,[[53205,0],[53207,0],[52950,0],[52951,0],[53462,0],]]
[53207,10,54,[[53208,0],[53206,0],[52951,0],[53463,0],]]
[53208,3,54,[[53207,0],[53209,0],[52952,0],[52953,0],[53464,0],]]
[53209,11,54,[[53210,0],[53208,0],[52953,0],[53465,0],]]
[53210,15,54,[[53209,0],[53211,0],[52954,0],[52955,0],[53466,0],]]
[53211,9,54,[[53212,0],[53210,0],[52955,0],[53467,0],]]
[53212,8,54,[[53211,0],[53213,0],[52956,0],[52957,0],[53468,0],]]
[53213,6,54,[[53214,0],[53212,0],[52957,0],[53469,0],]]
[53214,12,54,[[53213,0],[53215,0],[52958,0],[52959,0],[53470,0],]]
[53215,11,54,[[53216,0],[53214,0],[52959,0],[53471,0],]]
[53216,11,55,[[53215,0],[53217,0],[52960,0],[52961,0],[53472,0],]]
[53217,14,55,[[53218,0],[53216,0],[52961,0],[53473,0],]]
[53218,9,55,[[53217,0],[53219,0],[52962,0],[52963,0],[53474,0],]]
[53219,5,55,[[53220,0],[53218,0],[52963,0],[53475,0],]]
[53220,13,55,[[53219,0],[53221,0],[52964,0],[52965,0],[53476,0],]]
[53221,8,55,[[53222,0],[53220,0],[52965,0],[53477,0],]]
[53222,11,55,[[53221,0],[53223,0],[52966,0],[52967,0],[53478,0],]]
[53223,17,55,[[53224,0],[53222,0],[52967,0],[53479,0],]]
[53224,4,55,[[53223,0],[53225,0],[52968,0],[52969,0],[53480,0],]]
[53225,6,55,[[53226,0],[53224,0],[52969,0],[53481,0],]]
[53226,19,55,[[53225,0],[53227,0],[52970,0],[52971,0],[53482,0],]]
[53227,17,55,[[53228,0],[53226,0],[52971,0],[53483,0],]]
[53228,10,55,[[53227,0],[53229,0],[52972,0],[52973,0],[53484,0],]]
[53229,15,55,[[53230,0],[53228,0],[52973,0],[53485,0],]]
[53230,5,55,[[53229,0],[53231,0],[52974,0],[52975,0],[53486,0],]]
[53231,14,55,[[53232,0],[53230,0],[52975,0],[53487,0],]]
[53232,18,55,[[53231,0],[53233,0],[52976,0],[52977,0],[53488,0],]]
[53233,12,55,[[53234,0],[53232,0],[52977,0],[53489,0],]]
[53234,1,55,[[53233,0],[53235,0],[52978,0],[52979,0],[53490,0],]]
[53235,19,55,[[53236,0],[53234,0],[52979,0],[53491,0],]]
[53236,12,55,[[53235,0],[53237,0],[52980,0],[52981,0],[53492,0],]]
[53237,7,55,[[53238,0],[53236,0],[52981,0],[53493,0],]]
[53238,18,55,[[53237,0],[53239,0],[52982,0],[52983,0],[53494,0],]]
[53239,14,55,[[53240,0],[53238,0],[52983,0],[53495,0],]]
[53240,15,55,[[53239,0],[53241,0],[52984,0],[52985,0],[53496,0],]]
[53241,11,55,[[53242,0],[53240,0],[52985,0],[53497,0],]]
[53242,3,55,[[53241,0],[53243,0],[52986,0],[52987,0],[53498,0],]]
[53243,13,55,[[53244,0],[53242,0],[52987,0],[53499,0],]]
[53244,19,55,[[53243,0],[53245,0],[52988,0],[52989,0],[53500,0],]]
[53245,17,55,[[53246,0],[53244,0],[52989,0],[53501,0],]]
[53246,9,55,[[53245,0],[53247,0],[52990,0],[52991,0],[53502,0],]]
[53247,16,55,[[53246,0],[52991,0],[53503,0],]]
[53248,7,48,[[53249,0],[53504,0],[52992,0],]]
[53249,19,48,[[53250,0],[53248,0],[53505,0],[53504,0],[52993,0],]]
[53250,17,48,[[53249,0],[53251,0],[53506,0],[52994,0],]]
[53251,18,48,[[53252,0],[53250,0],[53507,0],[53506,0],[52995,0],]]
[53252,4,48,[[53251,0],[53253,0],[53508,0],[52996,0],]]
[53253,2,48,[[53254,0],[53252,0],[53509,0],[53508,0],[52997,0],]]
[53254,5,48,[[53253,0],[53255,0],[53510,0],[52998,0],]]
[53255,14,48,[[53256,0],[53254,0],[53511,0],[53510,0],[52999,0],]]
[53256,9,48,[[53255,0],[53257,0],[53512,0],[53000,0],]]
[53257,14,48,[[53258,0],[53256,0],[53513,0],[53512,0],[53001,0],]]
[53258,14,48,[[53257,0],[53259,0],[53514,0],[53002,0],]]
[53259,16,48,[[53260,0],[53258,0],[53515,0],[53514,0],[53003,0],]]
[53260,8,48,[[53259,0],[53261,0],[53516,0],[53004,0],]]
[53261,2,48,[[53262,0],[53260,0],[53517,0],[53516,0],[53005,0],]]
[53262,17,48,[[53261,0],[53263,0],[53518,0],[53006,0],]]
[53263,2,48,[[53264,0],[53262,0],[53519,0],[53518,0],[53007,0],]]
[53264,15,48,[[53263,0],[53265,0],[53520,0],[53008,0],]]
[53265,1,48,[[53266,0],[53264,0],[53521,0],[53520,0],[53009,0],]]
[53266,18,48,[[53265,0],[53267,0],[53522,0],[53010,0],]]
[53267,19,48,[[53268,0],[53266,0],[53523,0],[53522,0],[53011,0],]]
[53268,14,48,[[53267,0],[53269,0],[53524,0],[53012,0],]]
[53269,16,48,[[53270,0],[53268,0],[53525,0],[53524,0],[53013,0],]]
[53270,10,48,[[53269,0],[53271,0],[53526,0],[53014,0],]]
[53271,12,48,[[53272,0],[53270,0],[53527,0],[53526,0],[53015,0],]]
[53272,13,48,[[53271,0],[53273,0],[53528,0],[53016,0],]]
[53273,15,48,[[53274,0],[53272,0],[53529,0],[53528,0],[53017,0],]]
[53274,4,48,[[53273,0],[53275,0],[53530,0],[53018,0],]]
[53275,13,48,[[53276,0],[53274,0],[53531,0],[53530,0],[53019,0],]]
[53276,7,48,[[53275,0],[53277,0],[53532,0],[53020,0],]]
[53277,8,48,[[53278,0],[53276,0],[53533,0],[53532,0],[53021,0],]]
[53278,19,48,[[53277,0],[53279,0],[53534,0],[53022,0],]]
[53279,8,48,[[53280,0],[53278,0],[53535,0],[53534,0],[53023,0],]]
[53280,14,49,[[53279,0],[53281,0],[53536,0],[53024,0],]]
[53281,8,49,[[53282,0],[53280,0],[53537,0],[53536,0],[53025,0],]]
[53282,10,49,[[53281,0],[53283,0],[53538,0],[53026,0],]]
[53283,6,49,[[53284,0],[53282,0],[53539,0],[53538,0],[53027,0],]]
[53284,11,49,[[53283,0],[53285,0],[53540,0],[53028,0],]]
[53285,5,49,[[53286,0],[53284,0],[53541,0],[53540,0],[53029,0],]]
[53286,9,49,[[53285,0],[53287,0],[53542,0],[53030,0],]]
[53287,13,49,[[53288,0],[53286,0],[53543,0],[53542,0],[53031,0],]]
[53288,1,49,[[53287,0],[53289,0],[53544,0],[53032,0],]]
[53289,4,49,[[53290,0],[53288,0],[53545,0],[53544,0],[53033,0],]]
[53290,17,49,[[53289,0],[53291,0],[53546,0],[53034,0],]]
[53291,5,49,[[53292,0],[53290,0],[53547,0],[53546,0],[53035,0],]]
[53292,15,49,[[53291,0],[53293,0],[53548,0],[53036,0],]]
[53293,7,49,[[53294,0],[53292,0],[53549,0],[53548,0],[53037,0],]]
[53294,14,49,[[53293,0],[53295,0],[53550,0],[53038,0],]]
[53295,9,49,[[53296,0],[53294,0],[53551,0],[53550,0],[53039,0],]]
[53296,14,49,[[53295,0],[53297,0],[53552,0],[53040,0],]]
[53297,3,49,[[53298,0],[53296,0],[53553,0],[53552,0],[53041,0],]]
[53298,17,49,[[53297,0],[53299,0],[53554,0],[53042,0],]]
[53299,14,49,[[53300,0],[53298,0],[53555,0],[53554,0],[53043,0],]]
[53300,18,49,[[53299,0],[53301,0],[53556,0],[53044,0],]]
[53301,10,49,[[53302,0],[53300,0],[53557,0],[53556,0],[53045,0],]]
[53302,15,49,[[53301,0],[53303,0],[53558,0],[53046,0],]]
[53303,6,49,[[53304,0],[53302,0],[53559,0],[53558,0],[53047,0],]]
[53304,7,49,[[53303,0],[53305,0],[53560,0],[53048,0],]]
[53305,10,49,[[53306,0],[53304,0],[53561,0],[53560,0],[53049,0],]]
[53306,8,49,[[53305,0],[53307,0],[53562,0],[53050,0],]]
[53307,9,49,[[53308,0],[53306,0],[53563,0],[53562,0],[53051,0],]]
[53308,10,49,[[53307,0],[53309,0],[53564,0],[53052,0],]]
[53309,13,49,[[53310,0],[53308,0],[53565,0],[53564,0],[53053,0],]]
[53310,6,49,[[53309,0],[53311,0],[53566,0],[53054,0],]]
[53311,4,49,[[53312,0],[53310,0],[53567,0],[53566,0],[53055,0],]]
[53312,17,50,[[53311,0],[53313,0],[53568,0],[53056,0],]]
[53313,12,50,[[53314,0],[53312,0],[53569,0],[53568,0],[53057,0],]]
[53314,18,50,[[53313,0],[53315,0],[53570,0],[53058,0],]]
[53315,11,50,[[53316,0],[53314,0],[53571,0],[53570,0],[53059,0],]]
[53316,6,50,[[53315,0],[53317,0],[53572,0],[53060,0],]]
[53317,7,50,[[53318,0],[53316,0],[53573,0],[53572,0],[53061,0],]]
[53318,16,50,[[53317,0],[53319,0],[53574,0],[53062,0],]]
[53319,17,50,[[53320,0],[53318,0],[53575,0],[53574,0],[53063,0],]]
[53320,19,50,[[53319,0],[53321,0],[53576,0],[53064,0],]]
[53321,17,50,[[53322,0],[53320,0],[53577,0],[53576,0],[53065,0],]]
[53322,1,50,[[53321,0],[53323,0],[53578,0],[53066,0],]]
[53323,16,50,[[53324,0],[53322,0],[53579,0],[53578,0],[53067,0],]]
[53324,18,50,[[53323,0],[53325,0],[53580,0],[53068,0],]]
[53325,8,50,[[53326,0],[53324,0],[53581,0],[53580,0],[53069,0],]]
[53326,10,50,[[53325,0],[53327,0],[53582,0],[53070,0],]]
[53327,8,50,[[53328,0],[53326,0],[53583,0],[53582,0],[53071,0],]]
[53328,12,50,[[53327,0],[53329,0],[53584,0],[53072,0],]]
[53329,16,50,[[53330,0],[53328,0],[53585,0],[53584,0],[53073,0],]]
[53330,1,50,[[53329,0],[53331,0],[53586,0],[53074,0],]]
[53331,11,50,[[53332,0],[53330,0],[53587,0],[53586,0],[53075,0],]]
[53332,12,50,[[53331,0],[53333,0],[53588,0],[53076,0],]]
[53333,12,50,[[53334,0],[53332,0],[53589,0],[53588,0],[53077,0],]]
[53334,16,50,[[53333,0],[53335,0],[53590,0],[53078,0],]]
[53335,19,50,[[53336,0],[53334,0],[53591,0],[53590,0],[53079,0],]]
[53336,16,50,[[53335,0],[53337,0],[53592,0],[53080,0],]]
[53337,10,50,[[53338,0],[53336,0],[53593,0],[53592,0],[53081,0],]]
[53338,7,50,[[53337,0],[53339,0],[53594,0],[53082,0],]]
[53339,19,50,[[53340,0],[53338,0],[53595,0],[53594,0],[53083,0],]]
[53340,7,50,[[53339,0],[53341,0],[53596,0],[53084,0],]]
[53341,14,50,[[53342,0],[53340,0],[53597,0],[53596,0],[53085,0],]]
[53342,4,50,[[53341,0],[53343,0],[53598,0],[53086,0],]]
[53343,5,50,[[53344,0],[53342,0],[53599,0],[53598,0],[53087,0],]]
[53344,8,51,[[53343,0],[53345,0],[53600,0],[53088,0],]]
[53345,7,51,[[53346,0],[53344,0],[53601,0],[53600,0],[53089,0],]]
[53346,2,51,[[53345,0],[53347,0],[53602,0],[53090,0],]]
[53347,18,51,[[53348,0],[53346,0],[53603,0],[53602,0],[53091,0],]]
[53348,7,51,[[53347,0],[53349,0],[53604,0],[53092,0],]]
[53349,15,51,[[53350,0],[53348,0],[53605,0],[53604,0],[53093,0],]]
[53350,3,51,[[53349,0],[53351,0],[53606,0],[53094,0],]]
[53351,13,51,[[53352,0],[53350,0],[53607,0],[53606,0],[53095,0],]]
[53352,12,51,[[53351,0],[53353,0],[53608,0],[53096,0],]]
[53353,12,51,[[53354,0],[53352,0],[53609,0],[53608,0],[53097,0],]]
[53354,3,51,[[53353,0],[53355,0],[53610,0],[53098,0],]]
[53355,2,51,[[53356,0],[53354,0],[53611,0],[53610,0],[53099,0],]]
[53356,4,51,[[53355,0],[53357,0],[53612,0],[53100,0],]]
[53357,2,51,[[53358,0],[53356,0],[53613,0],[53612,0],[53101,0],]]
[53358,12,51,[[53357,0],[53359,0],[53614,0],[53102,0],]]
[53359,8,51,[[53360,0],[53358,0],[53615,0],[53614,0],[53103,0],]]
[53360,7,51,[[53359,0],[53361,0],[53616,0],[53104,0],]]
[53361,16,51,[[53362,0],[53360,0],[53617,0],[53616,0],[53105,0],]]
[53362,3,51,[[53361,0],[53363,0],[53618,0],[53106,0],]]
[53363,10,51,[[53364,0],[53362,0],[53619,0],[53618,0],[53107,0],]]
[53364,1,51,[[53363,0],[53365,0],[53620,0],[53108,0],]]
[53365,15,51,[[53366,0],[53364,0],[53621,0],[53620,0],[53109,0],]]
[53366,13,51,[[53365,0],[53367,0],[53622,0],[53110,0],]]
[53367,14,51,[[53368,0],[53366,0],[53623,0],[53622,0],[53111,0],]]
[53368,13,51,[[53367,0],[53369,0],[53624,0],[53112,0],]]
[53369,3,51,[[53370,0],[53368,0],[53625,0],[53624,0],[53113,0],]]
[53370,4,51,[[53369,0],[53371,0],[53626,0],[53114,0],]]
[53371,9,51,[[53372,0],[53370,0],[53627,0],[53626,0],[53115,0],]]
[53372,15,51,[[53371,0],[53373,0],[53628,0],[53116,0],]]
[53373,2,51,[[53374,0],[53372,0],[53629,0],[53628,0],[53117,0],]]
[53374,17,51,[[53373,0],[53375,0],[53630,0],[53118,0],]]
[53375,16,51,[[53376,0],[53374,0],[53631,0],[53630,0],[53119,0],]]
[53376,2,52,[[53375,0],[53377,0],[53632,0],[53120,0],]]
[53377,9,52,[[53378,0],[53376,0],[53633,0],[53632,0],[53121,0],]]
[53378,1,52,[[53377,0],[53379,0],[53634,0],[53122,0],]]
[53379,2,52,[[53380,0],[53378,0],[53635,0],[53634,0],[53123,0],]]
[53380,11,52,[[53379,0],[53381,0],[53636,0],[53124,0],]]
[53381,16,52,[[53382,0],[53380,0],[53637,0],[53636,0],[53125,0],]]
[53382,2,52,[[53381,0],[53383,0],[53638,0],[53126,0],]]
[53383,12,52,[[53384,0],[53382,0],[53639,0],[53638,0],[53127,0],]]
[53384,5,52,[[53383,0],[53385,0],[53640,0],[53128,0],]]
[53385,2,52,[[53386,0],[53384,0],[53641,0],[53640,0],[53129,0],]]
[53386,17,52,[[53385,0],[53387,0],[53642,0],[53130,0],]]
[53387,5,52,[[53388,0],[53386,0],[53643,0],[53642,0],[53131,0],]]
[53388,1,52,[[53387,0],[53389,0],[53644,0],[53132,0],]]
[53389,15,52,[[53390,0],[53388,0],[53645,0],[53644,0],[53133,0],]]
[53390,14,52,[[53389,0],[53391,0],[53646,0],[53134,0],]]
[53391,11,52,[[53392,0],[53390,0],[53647,0],[53646,0],[53135,0],]]
[53392,18,52,[[53391,0],[53393,0],[53648,0],[53136,0],]]
[53393,6,52,[[53394,0],[53392,0],[53649,0],[53648,0],[53137,0],]]
[53394,15,52,[[53393,0],[53395,0],[53650,0],[53138,0],]]
[53395,17,52,[[53396,0],[53394,0],[53651,0],[53650,0],[53139,0],]]
[53396,2,52,[[53395,0],[53397,0],[53652,0],[53140,0],]]
[53397,10,52,[[53398,0],[53396,0],[53653,0],[53652,0],[53141,0],]]
[53398,3,52,[[53397,0],[53399,0],[53654,0],[53142,0],]]
[53399,6,52,[[53400,0],[53398,0],[53655,0],[53654,0],[53143,0],]]
[53400,18,52,[[53399,0],[53401,0],[53656,0],[53144,0],]]
[53401,3,52,[[53402,0],[53400,0],[53657,0],[53656,0],[53145,0],]]
[53402,2,52,[[53401,0],[53403,0],[53658,0],[53146,0],]]
[53403,18,52,[[53404,0],[53402,0],[53659,0],[53658,0],[53147,0],]]
[53404,17,52,[[53403,0],[53405,0],[53660,0],[53148,0],]]
[53405,11,52,[[53406,0],[53404,0],[53661,0],[53660,0],[53149,0],]]
[53406,1,52,[[53405,0],[53407,0],[53662,0],[53150,0],]]
[53407,12,52,[[53408,0],[53406,0],[53663,0],[53662,0],[53151,0],]]
[53408,12,53,[[53407,0],[53409,0],[53664,0],[53152,0],]]
[53409,7,53,[[53410,0],[53408,0],[53665,0],[53664,0],[53153,0],]]
[53410,15,53,[[53409,0],[53411,0],[53666,0],[53154,0],]]
[53411,5,53,[[53412,0],[53410,0],[53667,0],[53666,0],[53155,0],]]
[53412,16,53,[[53411,0],[53413,0],[53668,0],[53156,0],]]
[53413,16,53,[[53414,0],[53412,0],[53669,0],[53668,0],[53157,0],]]
[53414,10,53,[[53413,0],[53415,0],[53670,0],[53158,0],]]
[53415,6,53,[[53416,0],[53414,0],[53671,0],[53670,0],[53159,0],]]
[53416,11,53,[[53415,0],[53417,0],[53672,0],[53160,0],]]
[53417,16,53,[[53418,0],[53416,0],[53673,0],[53672,0],[53161,0],]]
[53418,2,53,[[53417,0],[53419,0],[53674,0],[53162,0],]]
[53419,13,53,[[53420,0],[53418,0],[53675,0],[53674,0],[53163,0],]]
[53420,18,53,[[53419,0],[53421,0],[53676,0],[53164,0],]]
[53421,2,53,[[53422,0],[53420,0],[53677,0],[53676,0],[53165,0],]]
[53422,12,53,[[53421,0],[53423,0],[53678,0],[53166,0],]]
[53423,15,53,[[53424,0],[53422,0],[53679,0],[53678,0],[53167,0],]]
[53424,15,53,[[53423,0],[53425,0],[53680,0],[53168,0],]]
[53425,15,53,[[53426,0],[53424,0],[53681,0],[53680,0],[53169,0],]]
[53426,5,53,[[53425,0],[53427,0],[53682,0],[53170,0],]]
[53427,2,53,[[53428,0],[53426,0],[53683,0],[53682,0],[53171,0],]]
[53428,18,53,[[53427,0],[53429,0],[53684,0],[53172,0],]]
[53429,11,53,[[53430,0],[53428,0],[53685,0],[53684,0],[53173,0],]]
[53430,14,53,[[53429,0],[53431,0],[53686,0],[53174,0],]]
[53431,12,53,[[53432,0],[53430,0],[53687,0],[53686,0],[53175,0],]]
[53432,17,53,[[53431,0],[53433,0],[53688,0],[53176,0],]]
[53433,10,53,[[53434,0],[53432,0],[53689,0],[53688,0],[53177,0],]]
[53434,8,53,[[53433,0],[53435,0],[53690,0],[53178,0],]]
[53435,4,53,[[53436,0],[53434,0],[53691,0],[53690,0],[53179,0],]]
[53436,2,53,[[53435,0],[53437,0],[53692,0],[53180,0],]]
[53437,4,53,[[53438,0],[53436,0],[53693,0],[53692,0],[53181,0],]]
[53438,5,53,[[53437,0],[53439,0],[53694,0],[53182,0],]]
[53439,13,53,[[53440,0],[53438,0],[53695,0],[53694,0],[53183,0],]]
[53440,10,54,[[53439,0],[53441,0],[53696,0],[53184,0],]]
[53441,2,54,[[53442,0],[53440,0],[53697,0],[53696,0],[53185,0],]]
[53442,4,54,[[53441,0],[53443,0],[53698,0],[53186,0],]]
[53443,4,54,[[53444,0],[53442,0],[53699,0],[53698,0],[53187,0],]]
[53444,12,54,[[53443,0],[53445,0],[53700,0],[53188,0],]]
[53445,1,54,[[53446,0],[53444,0],[53701,0],[53700,0],[53189,0],]]
[53446,15,54,[[53445,0],[53447,0],[53702,0],[53190,0],]]
[53447,7,54,[[53448,0],[53446,0],[53703,0],[53702,0],[53191,0],]]
[53448,3,54,[[53447,0],[53449,0],[53704,0],[53192,0],]]
[53449,3,54,[[53450,0],[53448,0],[53705,0],[53704,0],[53193,0],]]
[53450,17,54,[[53449,0],[53451,0],[53706,0],[53194,0],]]
[53451,13,54,[[53452,0],[53450,0],[53707,0],[53706,0],[53195,0],]]
[53452,15,54,[[53451,0],[53453,0],[53708,0],[53196,0],]]
[53453,18,54,[[53454,0],[53452,0],[53709,0],[53708,0],[53197,0],]]
[53454,8,54,[[53453,0],[53455,0],[53710,0],[53198,0],]]
[53455,12,54,[[53456,0],[53454,0],[53711,0],[53710,0],[53199,0],]]
[53456,19,54,[[53455,0],[53457,0],[53712,0],[53200,0],]]
[53457,10,54,[[53458,0],[53456,0],[53713,0],[53712,0],[53201,0],]]
[53458,3,54,[[53457,0],[53459,0],[53714,0],[53202,0],]]
[53459,13,54,[[53460,0],[53458,0],[53715,0],[53714,0],[53203,0],]]
[53460,1,54,[[53459,0],[53461,0],[53716,0],[53204,0],]]
[53461,8,54,[[53462,0],[53460,0],[53717,0],[53716,0],[53205,0],]]
[53462,15,54,[[53461,0],[53463,0],[53718,0],[53206,0],]]
[53463,9,54,[[53464,0],[53462,0],[53719,0],[53718,0],[53207,0],]]
[53464,9,54,[[53463,0],[53465,0],[53720,0],[53208,0],]]
[53465,17,54,[[53466,0],[53464,0],[53721,0],[53720,0],[53209,0],]]
[53466,17,54,[[53465,0],[53467,0],[53722,0],[53210,0],]]
[53467,18,54,[[53468,0],[53466,0],[53723,0],[53722,0],[53211,0],]]
[53468,13,54,[[53467,0],[53469,0],[53724,0],[53212,0],]]
[53469,19,54,[[53470,0],[53468,0],[53725,0],[53724,0],[53213,0],]]
[53470,13,54,[[53469,0],[53471,0],[53726,0],[53214,0],]]
[53471,18,54,[[53472,0],[53470,0],[53727,0],[53726,0],[53215,0],]]
[53472,14,55,[[53471,0],[53473,0],[53728,0],[53216,0],]]
[53473,6,55,[[53474,0],[53472,0],[53729,0],[53728,0],[53217,0],]]
[53474,17,55,[[53473,0],[53475,0],[53730,0],[53218,0],]]
[53475,4,55,[[53476,0],[53474,0],[53731,0],[53730,0],[53219,0],]]
[53476,8,55,[[53475,0],[53477,0],[53732,0],[53220,0],]]
[53477,19,55,[[53478,0],[53476,0],[53733,0],[53732,0],[53221,0],]]
[53478,11,55,[[53477,0],[53479,0],[53734,0],[53222,0],]]
[53479,12,55,[[53480,0],[53478,0],[53735,0],[53734,0],[53223,0],]]
[53480,11,55,[[53479,0],[53481,0],[53736,0],[53224,0],]]
[53481,9,55,[[53482,0],[53480,0],[53737,0],[53736,0],[53225,0],]]
[53482,19,55,[[53481,0],[53483,0],[53738,0],[53226,0],]]
[53483,19,55,[[53484,0],[53482,0],[53739,0],[53738,0],[53227,0],]]
[53484,15,55,[[53483,0],[53485,0],[53740,0],[53228,0],]]
[53485,19,55,[[53486,0],[53484,0],[53741,0],[53740,0],[53229,0],]]
[53486,19,55,[[53485,0],[53487,0],[53742,0],[53230,0],]]
[53487,19,55,[[53488,0],[53486,0],[53743,0],[53742,0],[53231,0],]]
[53488,9,55,[[53487,0],[53489,0],[53744,0],[53232,0],]]
[53489,10,55,[[53490,0],[53488,0],[53745,0],[53744,0],[53233,0],]]
[53490,11,55,[[53489,0],[53491,0],[53746,0],[53234,0],]]
[53491,17,55,[[53492,0],[53490,0],[53747,0],[53746,0],[53235,0],]]
[53492,13,55,[[53491,0],[53493,0],[53748,0],[53236,0],]]
[53493,19,55,[[53494,0],[53492,0],[53749,0],[53748,0],[53237,0],]]
[53494,15,55,[[53493,0],[53495,0],[53750,0],[53238,0],]]
[53495,4,55,[[53496,0],[53494,0],[53751,0],[53750,0],[53239,0],]]
[53496,8,55,[[53495,0],[53497,0],[53752,0],[53240,0],]]
[53497,14,55,[[53498,0],[53496,0],[53753,0],[53752,0],[53241,0],]]
[53498,4,55,[[53497,0],[53499,0],[53754,0],[53242,0],]]
[53499,6,55,[[53500,0],[53498,0],[53755,0],[53754,0],[53243,0],]]
[53500,16,55,[[53499,0],[53501,0],[53756,0],[53244,0],]]
[53501,5,55,[[53502,0],[53500,0],[53757,0],[53756,0],[53245,0],]]
[53502,10,55,[[53501,0],[53503,0],[53758,0],[53246,0],]]
[53503,17,55,[[53502,0],[53759,0],[53758,0],[53247,0],]]
[53504,18,48,[[53505,0],[53248,0],[53249,0],[53760,0],]]
[53505,9,48,[[53506,0],[53504,0],[53249,0],[53761,0],]]
[53506,4,48,[[53505,0],[53507,0],[53250,0],[53251,0],[53762,0],]]
[53507,6,48,[[53508,0],[53506,0],[53251,0],[53763,0],]]
[53508,2,48,[[53507,0],[53509,0],[53252,0],[53253,0],[53764,0],]]
[53509,19,48,[[53510,0],[53508,0],[53253,0],[53765,0],]]
[53510,13,48,[[53509,0],[53511,0],[53254,0],[53255,0],[53766,0],]]
[53511,11,48,[[53512,0],[53510,0],[53255,0],[53767,0],]]
[53512,18,48,[[53511,0],[53513,0],[53256,0],[53257,0],[53768,0],]]
[53513,7,48,[[53514,0],[53512,0],[53257,0],[53769,0],]]
[53514,16,48,[[53513,0],[53515,0],[53258,0],[53259,0],[53770,0],]]
[53515,3,48,[[53516,0],[53514,0],[53259,0],[53771,0],]]
[53516,10,48,[[53515,0],[53517,0],[53260,0],[53261,0],[53772,0],]]
[53517,17,48,[[53518,0],[53516,0],[53261,0],[53773,0],]]
[53518,15,48,[[53517,0],[53519,0],[53262,0],[53263,0],[53774,0],]]
[53519,9,48,[[53520,0],[53518,0],[53263,0],[53775,0],]]
[53520,10,48,[[53519,0],[53521,0],[53264,0],[53265,0],[53776,0],]]
[53521,17,48,[[53522,0],[53520,0],[53265,0],[53777,0],]]
[53522,8,48,[[53521,0],[53523,0],[53266,0],[53267,0],[53778,0],]]
[53523,10,48,[[53524,0],[53522,0],[53267,0],[53779,0],]]
[53524,2,48,[[53523,0],[53525,0],[53268,0],[53269,0],[53780,0],]]
[53525,17,48,[[53526,0],[53524,0],[53269,0],[53781,0],]]
[53526,4,48,[[53525,0],[53527,0],[53270,0],[53271,0],[53782,0],]]
[53527,17,48,[[53528,0],[53526,0],[53271,0],[53783,0],]]
[53528,7,48,[[53527,0],[53529,0],[53272,0],[53273,0],[53784,0],]]
[53529,15,48,[[53530,0],[53528,0],[53273,0],[53785,0],]]
[53530,6,48,[[53529,0],[53531,0],[53274,0],[53275,0],[53786,0],]]
[53531,16,48,[[53532,0],[53530,0],[53275,0],[53787,0],]]
[53532,15,48,[[53531,0],[53533,0],[53276,0],[53277,0],[53788,0],]]
[53533,17,48,[[53534,0],[53532,0],[53277,0],[53789,0],]]
[53534,5,48,[[53533,0],[53535,0],[53278,0],[53279,0],[53790,0],]]
[53535,11,48,[[53536,0],[53534,0],[53279,0],[53791,0],]]
[53536,13,49,[[53535,0],[53537,0],[53280,0],[53281,0],[53792,0],]]
[53537,13,49,[[53538,0],[53536,0],[53281,0],[53793,0],]]
[53538,3,49,[[53537,0],[53539,0],[53282,0],[53283,0],[53794,0],]]
[53539,10,49,[[53540,0],[53538,0],[53283,0],[53795,0],]]
[53540,17,49,[[53539,0],[53541,0],[53284,0],[53285,0],[53796,0],]]
[53541,10,49,[[53542,0],[53540,0],[53285,0],[53797,0],]]
[53542,11,49,[[53541,0],[53543,0],[53286,0],[53287,0],[53798,0],]]
[53543,5,49,[[53544,0],[53542,0],[53287,0],[53799,0],]]
[53544,17,49,[[53543,0],[53545,0],[53288,0],[53289,0],[53800,0],]]
[53545,15,49,[[53546,0],[53544,0],[53289,0],[53801,0],]]
[53546,11,49,[[53545,0],[53547,0],[53290,0],[53291,0],[53802,0],]]
[53547,15,49,[[53548,0],[53546,0],[53291,0],[53803,0],]]
[53548,17,49,[[53547,0],[53549,0],[53292,0],[53293,0],[53804,0],]]
[53549,13,49,[[53550,0],[53548,0],[53293,0],[53805,0],]]
[53550,10,49,[[53549,0],[53551,0],[53294,0],[53295,0],[53806,0],]]
[53551,4,49,[[53552,0],[53550,0],[53295,0],[53807,0],]]
[53552,3,49,[[53551,0],[53553,0],[53296,0],[53297,0],[53808,0],]]
[53553,10,49,[[53554,0],[53552,0],[53297,0],[53809,0],]]
[53554,14,49,[[53553,0],[53555,0],[53298,0],[53299,0],[53810,0],]]
[53555,9,49,[[53556,0],[53554,0],[53299,0],[53811,0],]]
[53556,14,49,[[53555,0],[53557,0],[53300,0],[53301,0],[53812,0],]]
[53557,18,49,[[53558,0],[53556,0],[53301,0],[53813,0],]]
[53558,6,49,[[53557,0],[53559,0],[53302,0],[53303,0],[53814,0],]]
[53559,9,49,[[53560,0],[53558,0],[53303,0],[53815,0],]]
[53560,14,49,[[53559,0],[53561,0],[53304,0],[53305,0],[53816,0],]]
[53561,8,49,[[53562,0],[53560,0],[53305,0],[53817,0],]]
[53562,12,49,[[53561,0],[53563,0],[53306,0],[53307,0],[53818,0],]]
[53563,16,49,[[53564,0],[53562,0],[53307,0],[53819,0],]]
[53564,3,49,[[53563,0],[53565,0],[53308,0],[53309,0],[53820,0],]]
[53565,16,49,[[53566,0],[53564,0],[53309,0],[53821,0],]]
[53566,6,49,[[53565,0],[53567,0],[53310,0],[53311,0],[53822,0],]]
[53567,8,49,[[53568,0],[53566,0],[53311,0],[53823,0],]]
[53568,15,50,[[53567,0],[53569,0],[53312,0],[53313,0],[53824,0],]]
[53569,18,50,[[53570,0],[53568,0],[53313,0],[53825,0],]]
[53570,11,50,[[53569,0],[53571,0],[53314,0],[53315,0],[53826,0],]]
[53571,6,50,[[53572,0],[53570,0],[53315,0],[53827,0],]]
[53572,3,50,[[53571,0],[53573,0],[53316,0],[53317,0],[53828,0],]]
[53573,2,50,[[53574,0],[53572,0],[53317,0],[53829,0],]]
[53574,17,50,[[53573,0],[53575,0],[53318,0],[53319,0],[53830,0],]]
[53575,18,50,[[53576,0],[53574,0],[53319,0],[53831,0],]]
[53576,6,50,[[53575,0],[53577,0],[53320,0],[53321,0],[53832,0],]]
[53577,6,50,[[53578,0],[53576,0],[53321,0],[53833,0],]]
[53578,6,50,[[53577,0],[53579,0],[53322,0],[53323,0],[53834,0],]]
[53579,6,50,[[53580,0],[53578,0],[53323,0],[53835,0],]]
[53580,3,50,[[53579,0],[53581,0],[53324,0],[53325,0],[53836,0],]]
[53581,6,50,[[53582,0],[53580,0],[53325,0],[53837,0],]]
[53582,9,50,[[53581,0],[53583,0],[53326,0],[53327,0],[53838,0],]]
[53583,10,50,[[53584,0],[53582,0],[53327,0],[53839,0],]]
[53584,6,50,[[53583,0],[53585,0],[53328,0],[53329,0],[53840,0],]]
[53585,4,50,[[53586,0],[53584,0],[53329,0],[53841,0],]]
[53586,16,50,[[53585,0],[53587,0],[53330,0],[53331,0],[53842,0],]]
[53587,1,50,[[53588,0],[53586,0],[53331,0],[53843,0],]]
[53588,9,50,[[53587,0],[53589,0],[53332,0],[53333,0],[53844,0],]]
[53589,2,50,[[53590,0],[53588,0],[53333,0],[53845,0],]]
[53590,8,50,[[53589,0],[53591,0],[53334,0],[53335,0],[53846,0],]]
[53591,7,50,[[53592,0],[53590,0],[53335,0],[53847,0],]]
[53592,10,50,[[53591,0],[53593,0],[53336,0],[53337,0],[53848,0],]]
[53593,17,50,[[53594,0],[53592,0],[53337,0],[53849,0],]]
[53594,15,50,[[53593,0],[53595,0],[53338,0],[53339,0],[53850,0],]]
[53595,6,50,[[53596,0],[53594,0],[53339,0],[53851,0],]]
[53596,8,50,[[53595,0],[53597,0],[53340,0],[53341,0],[53852,0],]]
[53597,14,50,[[53598,0],[53596,0],[53341,0],[53853,0],]]
[53598,10,50,[[53597,0],[53599,0],[53342,0],[53343,0],[53854,0],]]
[53599,9,50,[[53600,0],[53598,0],[53343,0],[53855,0],]]
[53600,10,51,[[53599,0],[53601,0],[53344,0],[53345,0],[53856,0],]]
[53601,9,51,[[53602,0],[53600,0],[53345,0],[53857,0],]]
[53602,12,51,[[53601,0],[53603,0],[53346,0],[53347,0],[53858,0],]]
[53603,2,51,[[53604,0],[53602,0],[53347,0],[53859,0],]]
[53604,14,51,[[53603,0],[53605,0],[53348,0],[53349,0],[53860,0],]]
[53605,10,51,[[53606,0],[53604,0],[53349,0],[53861,0],]]
[53606,10,51,[[53605,0],[53607,0],[53350,0],[53351,0],[53862,0],]]
[53607,16,51,[[53608,0],[53606,0],[53351,0],[53863,0],]]
[53608,5,51,[[53607,0],[53609,0],[53352,0],[53353,0],[53864,0],]]
[53609,11,51,[[53610,0],[53608,0],[53353,0],[53865,0],]]
[53610,18,51,[[53609,0],[53611,0],[53354,0],[53355,0],[53866,0],]]
[53611,14,51,[[53612,0],[53610,0],[53355,0],[53867,0],]]
[53612,9,51,[[53611,0],[53613,0],[53356,0],[53357,0],[53868,0],]]
[53613,13,51,[[53614,0],[53612,0],[53357,0],[53869,0],]]
[53614,7,51,[[53613,0],[53615,0],[53358,0],[53359,0],[53870,0],]]
[53615,5,51,[[53616,0],[53614,0],[53359,0],[53871,0],]]
[53616,7,51,[[53615,0],[53617,0],[53360,0],[53361,0],[53872,0],]]
[53617,17,51,[[53618,0],[53616,0],[53361,0],[53873,0],]]
[53618,18,51,[[53617,0],[53619,0],[53362,0],[53363,0],[53874,0],]]
[53619,2,51,[[53620,0],[53618,0],[53363,0],[53875,0],]]
[53620,8,51,[[53619,0],[53621,0],[53364,0],[53365,0],[53876,0],]]
[53621,9,51,[[53622,0],[53620,0],[53365,0],[53877,0],]]
[53622,9,51,[[53621,0],[53623,0],[53366,0],[53367,0],[53878,0],]]
[53623,5,51,[[53624,0],[53622,0],[53367,0],[53879,0],]]
[53624,17,51,[[53623,0],[53625,0],[53368,0],[53369,0],[53880,0],]]
[53625,10,51,[[53626,0],[53624,0],[53369,0],[53881,0],]]
[53626,11,51,[[53625,0],[53627,0],[53370,0],[53371,0],[53882,0],]]
[53627,15,51,[[53628,0],[53626,0],[53371,0],[53883,0],]]
[53628,6,51,[[53627,0],[53629,0],[53372,0],[53373,0],[53884,0],]]
[53629,12,51,[[53630,0],[53628,0],[53373,0],[53885,0],]]
[53630,1,51,[[53629,0],[53631,0],[53374,0],[53375,0],[53886,0],]]
[53631,18,51,[[53632,0],[53630,0],[53375,0],[53887,0],]]
[53632,9,52,[[53631,0],[53633,0],[53376,0],[53377,0],[53888,0],]]
[53633,9,52,[[53634,0],[53632,0],[53377,0],[53889,0],]]
[53634,19,52,[[53633,0],[53635,0],[53378,0],[53379,0],[53890,0],]]
[53635,3,52,[[53636,0],[53634,0],[53379,0],[53891,0],]]
[53636,9,52,[[53635,0],[53637,0],[53380,0],[53381,0],[53892,0],]]
[53637,18,52,[[53638,0],[53636,0],[53381,0],[53893,0],]]
[53638,2,52,[[53637,0],[53639,0],[53382,0],[53383,0],[53894,0],]]
[53639,19,52,[[53640,0],[53638,0],[53383,0],[53895,0],]]
[53640,8,52,[[53639,0],[53641,0],[53384,0],[53385,0],[53896,0],]]
[53641,8,52,[[53642,0],[53640,0],[53385,0],[53897,0],]]
[53642,3,52,[[53641,0],[53643,0],[53386,0],[53387,0],[53898,0],]]
[53643,4,52,[[53644,0],[53642,0],[53387,0],[53899,0],]]
[53644,17,52,[[53643,0],[53645,0],[53388,0],[53389,0],[53900,0],]]
[53645,19,52,[[53646,0],[53644,0],[53389,0],[53901,0],]]
[53646,19,52,[[53645,0],[53647,0],[53390,0],[53391,0],[53902,0],]]
[53647,16,52,[[53648,0],[53646,0],[53391,0],[53903,0],]]
[53648,8,52,[[53647,0],[53649,0],[53392,0],[53393,0],[53904,0],]]
[53649,10,52,[[53650,0],[53648,0],[53393,0],[53905,0],]]
[53650,13,52,[[53649,0],[53651,0],[53394,0],[53395,0],[53906,0],]]
[53651,17,52,[[53652,0],[53650,0],[53395,0],[53907,0],]]
[53652,14,52,[[53651,0],[53653,0],[53396,0],[53397,0],[53908,0],]]
[53653,4,52,[[53654,0],[53652,0],[53397,0],[53909,0],]]
[53654,1,52,[[53653,0],[53655,0],[53398,0],[53399,0],[53910,0],]]
[53655,11,52,[[53656,0],[53654,0],[53399,0],[53911,0],]]
[53656,17,52,[[53655,0],[53657,0],[53400,0],[53401,0],[53912,0],]]
[53657,17,52,[[53658,0],[53656,0],[53401,0],[53913,0],]]
[53658,8,52,[[53657,0],[53659,0],[53402,0],[53403,0],[53914,0],]]
[53659,19,52,[[53660,0],[53658,0],[53403,0],[53915,0],]]
[53660,16,52,[[53659,0],[53661,0],[53404,0],[53405,0],[53916,0],]]
[53661,14,52,[[53662,0],[53660,0],[53405,0],[53917,0],]]
[53662,10,52,[[53661,0],[53663,0],[53406,0],[53407,0],[53918,0],]]
[53663,12,52,[[53664,0],[53662,0],[53407,0],[53919,0],]]
[53664,10,53,[[53663,0],[53665,0],[53408,0],[53409,0],[53920,0],]]
[53665,16,53,[[53666,0],[53664,0],[53409,0],[53921,0],]]
[53666,9,53,[[53665,0],[53667,0],[53410,0],[53411,0],[53922,0],]]
[53667,4,53,[[53668,0],[53666,0],[53411,0],[53923,0],]]
[53668,18,53,[[53667,0],[53669,0],[53412,0],[53413,0],[53924,0],]]
[53669,8,53,[[53670,0],[53668,0],[53413,0],[53925,0],]]
[53670,9,53,[[53669,0],[53671,0],[53414,0],[53415,0],[53926,0],]]
[53671,11,53,[[53672,0],[53670,0],[53415,0],[53927,0],]]
[53672,12,53,[[53671,0],[53673,0],[53416,0],[53417,0],[53928,0],]]
[53673,17,53,[[53674,0],[53672,0],[53417,0],[53929,0],]]
[53674,11,53,[[53673,0],[53675,0],[53418,0],[53419,0],[53930,0],]]
[53675,4,53,[[53676,0],[53674,0],[53419,0],[53931,0],]]
[53676,11,53,[[53675,0],[53677,0],[53420,0],[53421,0],[53932,0],]]
[53677,19,53,[[53678,0],[53676,0],[53421,0],[53933,0],]]
[53678,9,53,[[53677,0],[53679,0],[53422,0],[53423,0],[53934,0],]]
[53679,19,53,[[53680,0],[53678,0],[53423,0],[53935,0],]]
[53680,17,53,[[53679,0],[53681,0],[53424,0],[53425,0],[53936,0],]]
[53681,7,53,[[53682,0],[53680,0],[53425,0],[53937,0],]]
[53682,5,53,[[53681,0],[53683,0],[53426,0],[53427,0],[53938,0],]]
[53683,9,53,[[53684,0],[53682,0],[53427,0],[53939,0],]]
[53684,3,53,[[53683,0],[53685,0],[53428,0],[53429,0],[53940,0],]]
[53685,1,53,[[53686,0],[53684,0],[53429,0],[53941,0],]]
[53686,3,53,[[53685,0],[53687,0],[53430,0],[53431,0],[53942,0],]]
[53687,15,53,[[53688,0],[53686,0],[53431,0],[53943,0],]]
[53688,12,53,[[53687,0],[53689,0],[53432,0],[53433,0],[53944,0],]]
[53689,15,53,[[53690,0],[53688,0],[53433,0],[53945,0],]]
[53690,12,53,[[53689,0],[53691,0],[53434,0],[53435,0],[53946,0],]]
[53691,9,53,[[53692,0],[53690,0],[53435,0],[53947,0],]]
[53692,2,53,[[53691,0],[53693,0],[53436,0],[53437,0],[53948,0],]]
[53693,19,53,[[53694,0],[53692,0],[53437,0],[53949,0],]]
[53694,5,53,[[53693,0],[53695,0],[53438,0],[53439,0],[53950,0],]]
[53695,6,53,[[53696,0],[53694,0],[53439,0],[53951,0],]]
[53696,4,54,[[53695,0],[53697,0],[53440,0],[53441,0],[53952,0],]]
[53697,16,54,[[53698,0],[53696,0],[53441,0],[53953,0],]]
[53698,16,54,[[53697,0],[53699,0],[53442,0],[53443,0],[53954,0],]]
[53699,19,54,[[53700,0],[53698,0],[53443,0],[53955,0],]]
[53700,17,54,[[53699,0],[53701,0],[53444,0],[53445,0],[53956,0],]]
[53701,3,54,[[53702,0],[53700,0],[53445,0],[53957,0],]]
[53702,5,54,[[53701,0],[53703,0],[53446,0],[53447,0],[53958,0],]]
[53703,19,54,[[53704,0],[53702,0],[53447,0],[53959,0],]]
[53704,5,54,[[53703,0],[53705,0],[53448,0],[53449,0],[53960,0],]]
[53705,18,54,[[53706,0],[53704,0],[53449,0],[53961,0],]]
[53706,2,54,[[53705,0],[53707,0],[53450,0],[53451,0],[53962,0],]]
[53707,7,54,[[53708,0],[53706,0],[53451,0],[53963,0],]]
[53708,15,54,[[53707,0],[53709,0],[53452,0],[53453,0],[53964,0],]]
[53709,18,54,[[53710,0],[53708,0],[53453,0],[53965,0],]]
[53710,7,54,[[53709,0],[53711,0],[53454,0],[53455,0],[53966,0],]]
[53711,11,54,[[53712,0],[53710,0],[53455,0],[53967,0],]]
[53712,14,54,[[53711,0],[53713,0],[53456,0],[53457,0],[53968,0],]]
[53713,17,54,[[53714,0],[53712,0],[53457,0],[53969,0],]]
[53714,18,54,[[53713,0],[53715,0],[53458,0],[53459,0],[53970,0],]]
[53715,17,54,[[53716,0],[53714,0],[53459,0],[53971,0],]]
[53716,18,54,[[53715,0],[53717,0],[53460,0],[53461,0],[53972,0],]]
[53717,6,54,[[53718,0],[53716,0],[53461,0],[53973,0],]]
[53718,14,54,[[53717,0],[53719,0],[53462,0],[53463,0],[53974,0],]]
[53719,13,54,[[53720,0],[53718,0],[53463,0],[53975,0],]]
[53720,11,54,[[53719,0],[53721,0],[53464,0],[53465,0],[53976,0],]]
[53721,12,54,[[53722,0],[53720,0],[53465,0],[53977,0],]]
[53722,4,54,[[53721,0],[53723,0],[53466,0],[53467,0],[53978,0],]]
[53723,10,54,[[53724,0],[53722,0],[53467,0],[53979,0],]]
[53724,11,54,[[53723,0],[53725,0],[53468,0],[53469,0],[53980,0],]]
[53725,18,54,[[53726,0],[53724,0],[53469,0],[53981,0],]]
[53726,4,54,[[53725,0],[53727,0],[53470,0],[53471,0],[53982,0],]]
[53727,12,54,[[53728,0],[53726,0],[53471,0],[53983,0],]]
[53728,17,55,[[53727,0],[53729,0],[53472,0],[53473,0],[53984,0],]]
[53729,2,55,[[53730,0],[53728,0],[53473,0],[53985,0],]]
[53730,10,55,[[53729,0],[53731,0],[53474,0],[53475,0],[53986,0],]]
[53731,15,55,[[53732,0],[53730,0],[53475,0],[53987,0],]]
[53732,10,55,[[53731,0],[53733,0],[53476,0],[53477,0],[53988,0],]]
[53733,8,55,[[53734,0],[53732,0],[53477,0],[53989,0],]]
[53734,4,55,[[53733,0],[53735,0],[53478,0],[53479,0],[53990,0],]]
[53735,1,55,[[53736,0],[53734,0],[53479,0],[53991,0],]]
[53736,4,55,[[53735,0],[53737,0],[53480,0],[53481,0],[53992,0],]]
[53737,16,55,[[53738,0],[53736,0],[53481,0],[53993,0],]]
[53738,9,55,[[53737,0],[53739,0],[53482,0],[53483,0],[53994,0],]]
