[54394,18,51,[[54393,0],[54395,0],[54650,0],[54138,0],]]
[54395,6,51,[[54396,0],[54394,0],[54651,0],[54650,0],[54139,0],]]
[54396,5,51,[[54395,0],[54397,0],[54652,0],[54140,0],]]
[54397,17,51,[[54398,0],[54396,0],[54653,0],[54652,0],[54141,0],]]
[54398,1,51,[[54397,0],[54399,0],[54654,0],[54142,0],]]
[54399,2,51,[[54400,0],[54398,0],[54655,0],[54654,0],[54143,0],]]
[54400,7,52,[[54399,0],[54401,0],[54656,0],[54144,0],]]
[54401,13,52,[[54402,0],[54400,0],[54657,0],[54656,0],[54145,0],]]
[54402,12,52,[[54401,0],[54403,0],[54658,0],[54146,0],]]
[54403,12,52,[[54404,0],[54402,0],[54659,0],[54658,0],[54147,0],]]
[54404,11,52,[[54403,0],[54405,0],[54660,0],[54148,0],]]
[54405,3,52,[[54406,0],[54404,0],[54661,0],[54660,0],[54149,0],]]
[54406,8,52,[[54405,0],[54407,0],[54662,0],[54150,0],]]
[54407,13,52,[[54408,0],[54406,0],[54663,0],[54662,0],[54151,0],]]
[54408,19,52,[[54407,0],[54409,0],[54664,0],[54152,0],]]
[54409,19,52,[[54410,0],[54408,0],[54665,0],[54664,0],[54153,0],]]
[54410,5,52,[[54409,0],[54411,0],[54666,0],[54154,0],]]
[54411,11,52,[[54412,0],[54410,0],[54667,0],[54666,0],[54155,0],]]
[54412,10,52,[[54411,0],[54413,0],[54668,0],[54156,0],]]
[54413,11,52,[[54414,0],[54412,0],[54669,0],[54668,0],[54157,0],]]
[54414,5,52,[[54413,0],[54415,0],[54670,0],[54158,0],]]
[54415,17,52,[[54416,0],[54414,0],[54671,0],[54670,0],[54159,0],]]
[54416,11,52,[[54415,0],[54417,0],[54672,0],[54160,0],]]
[54417,12,52,[[54418,0],[54416,0],[54673,0],[54672,0],[54161,0],]]
[54418,15,52,[[54417,0],[54419,0],[54674,0],[54162,0],]]
[54419,15,52,[[54420,0],[54418,0],[54675,0],[54674,0],[54163,0],]]
[54420,9,52,[[54419,0],[54421,0],[54676,0],[54164,0],]]
[54421,3,52,[[54422,0],[54420,0],[54677,0],[54676,0],[54165,0],]]
[54422,2,52,[[54421,0],[54423,0],[54678,0],[54166,0],]]
[54423,12,52,[[54424,0],[54422,0],[54679,0],[54678,0],[54167,0],]]
[54424,12,52,[[54423,0],[54425,0],[54680,0],[54168,0],]]
[54425,7,52,[[54426,0],[54424,0],[54681,0],[54680,0],[54169,0],]]
[54426,10,52,[[54425,0],[54427,0],[54682,0],[54170,0],]]
[54427,5,52,[[54428,0],[54426,0],[54683,0],[54682,0],[54171,0],]]
[54428,11,52,[[54427,0],[54429,0],[54684,0],[54172,0],]]
[54429,19,52,[[54430,0],[54428,0],[54685,0],[54684,0],[54173,0],]]
[54430,10,52,[[54429,0],[54431,0],[54686,0],[54174,0],]]
[54431,16,52,[[54432,0],[54430,0],[54687,0],[54686,0],[54175,0],]]
[54432,6,53,[[54431,0],[54433,0],[54688,0],[54176,0],]]
[54433,17,53,[[54434,0],[54432,0],[54689,0],[54688,0],[54177,0],]]
[54434,1,53,[[54433,0],[54435,0],[54690,0],[54178,0],]]
[54435,1,53,[[54436,0],[54434,0],[54691,0],[54690,0],[54179,0],]]
[54436,8,53,[[54435,0],[54437,0],[54692,0],[54180,0],]]
[54437,10,53,[[54438,0],[54436,0],[54693,0],[54692,0],[54181,0],]]
[54438,15,53,[[54437,0],[54439,0],[54694,0],[54182,0],]]
[54439,13,53,[[54440,0],[54438,0],[54695,0],[54694,0],[54183,0],]]
[54440,8,53,[[54439,0],[54441,0],[54696,0],[54184,0],]]
[54441,6,53,[[54442,0],[54440,0],[54697,0],[54696,0],[54185,0],]]
[54442,4,53,[[54441,0],[54443,0],[54698,0],[54186,0],]]
[54443,12,53,[[54444,0],[54442,0],[54699,0],[54698,0],[54187,0],]]
[54444,1,53,[[54443,0],[54445,0],[54700,0],[54188,0],]]
[54445,17,53,[[54446,0],[54444,0],[54701,0],[54700,0],[54189,0],]]
[54446,10,53,[[54445,0],[54447,0],[54702,0],[54190,0],]]
[54447,19,53,[[54448,0],[54446,0],[54703,0],[54702,0],[54191,0],]]
[54448,18,53,[[54447,0],[54449,0],[54704,0],[54192,0],]]
[54449,9,53,[[54450,0],[54448,0],[54705,0],[54704,0],[54193,0],]]
[54450,15,53,[[54449,0],[54451,0],[54706,0],[54194,0],]]
[54451,4,53,[[54452,0],[54450,0],[54707,0],[54706,0],[54195,0],]]
[54452,7,53,[[54451,0],[54453,0],[54708,0],[54196,0],]]
[54453,12,53,[[54454,0],[54452,0],[54709,0],[54708,0],[54197,0],]]
[54454,10,53,[[54453,0],[54455,0],[54710,0],[54198,0],]]
[54455,7,53,[[54456,0],[54454,0],[54711,0],[54710,0],[54199,0],]]
[54456,12,53,[[54455,0],[54457,0],[54712,0],[54200,0],]]
[54457,13,53,[[54458,0],[54456,0],[54713,0],[54712,0],[54201,0],]]
[54458,4,53,[[54457,0],[54459,0],[54714,0],[54202,0],]]
[54459,6,53,[[54460,0],[54458,0],[54715,0],[54714,0],[54203,0],]]
[54460,11,53,[[54459,0],[54461,0],[54716,0],[54204,0],]]
[54461,10,53,[[54462,0],[54460,0],[54717,0],[54716,0],[54205,0],]]
[54462,1,53,[[54461,0],[54463,0],[54718,0],[54206,0],]]
[54463,6,53,[[54464,0],[54462,0],[54719,0],[54718,0],[54207,0],]]
[54464,2,54,[[54463,0],[54465,0],[54720,0],[54208,0],]]
[54465,5,54,[[54466,0],[54464,0],[54721,0],[54720,0],[54209,0],]]
[54466,15,54,[[54465,0],[54467,0],[54722,0],[54210,0],]]
[54467,11,54,[[54468,0],[54466,0],[54723,0],[54722,0],[54211,0],]]
[54468,2,54,[[54467,0],[54469,0],[54724,0],[54212,0],]]
[54469,17,54,[[54470,0],[54468,0],[54725,0],[54724,0],[54213,0],]]
[54470,16,54,[[54469,0],[54471,0],[54726,0],[54214,0],]]
[54471,6,54,[[54472,0],[54470,0],[54727,0],[54726,0],[54215,0],]]
[54472,19,54,[[54471,0],[54473,0],[54728,0],[54216,0],]]
[54473,9,54,[[54474,0],[54472,0],[54729,0],[54728,0],[54217,0],]]
[54474,10,54,[[54473,0],[54475,0],[54730,0],[54218,0],]]
[54475,17,54,[[54476,0],[54474,0],[54731,0],[54730,0],[54219,0],]]
[54476,18,54,[[54475,0],[54477,0],[54732,0],[54220,0],]]
[54477,8,54,[[54478,0],[54476,0],[54733,0],[54732,0],[54221,0],]]
[54478,14,54,[[54477,0],[54479,0],[54734,0],[54222,0],]]
[54479,1,54,[[54480,0],[54478,0],[54735,0],[54734,0],[54223,0],]]
[54480,12,54,[[54479,0],[54481,0],[54736,0],[54224,0],]]
[54481,18,54,[[54482,0],[54480,0],[54737,0],[54736,0],[54225,0],]]
[54482,15,54,[[54481,0],[54483,0],[54738,0],[54226,0],]]
[54483,12,54,[[54484,0],[54482,0],[54739,0],[54738,0],[54227,0],]]
[54484,12,54,[[54483,0],[54485,0],[54740,0],[54228,0],]]
[54485,13,54,[[54486,0],[54484,0],[54741,0],[54740,0],[54229,0],]]
[54486,3,54,[[54485,0],[54487,0],[54742,0],[54230,0],]]
[54487,2,54,[[54488,0],[54486,0],[54743,0],[54742,0],[54231,0],]]
[54488,10,54,[[54487,0],[54489,0],[54744,0],[54232,0],]]
[54489,16,54,[[54490,0],[54488,0],[54745,0],[54744,0],[54233,0],]]
[54490,3,54,[[54489,0],[54491,0],[54746,0],[54234,0],]]
[54491,18,54,[[54492,0],[54490,0],[54747,0],[54746,0],[54235,0],]]
[54492,17,54,[[54491,0],[54493,0],[54748,0],[54236,0],]]
[54493,15,54,[[54494,0],[54492,0],[54749,0],[54748,0],[54237,0],]]
[54494,9,54,[[54493,0],[54495,0],[54750,0],[54238,0],]]
[54495,10,54,[[54496,0],[54494,0],[54751,0],[54750,0],[54239,0],]]
[54496,12,55,[[54495,0],[54497,0],[54752,0],[54240,0],]]
[54497,4,55,[[54498,0],[54496,0],[54753,0],[54752,0],[54241,0],]]
[54498,2,55,[[54497,0],[54499,0],[54754,0],[54242,0],]]
[54499,12,55,[[54500,0],[54498,0],[54755,0],[54754,0],[54243,0],]]
[54500,10,55,[[54499,0],[54501,0],[54756,0],[54244,0],]]
[54501,11,55,[[54502,0],[54500,0],[54757,0],[54756,0],[54245,0],]]
[54502,2,55,[[54501,0],[54503,0],[54758,0],[54246,0],]]
[54503,19,55,[[54504,0],[54502,0],[54759,0],[54758,0],[54247,0],]]
[54504,12,55,[[54503,0],[54505,0],[54760,0],[54248,0],]]
[54505,15,55,[[54506,0],[54504,0],[54761,0],[54760,0],[54249,0],]]
[54506,1,55,[[54505,0],[54507,0],[54762,0],[54250,0],]]
[54507,9,55,[[54508,0],[54506,0],[54763,0],[54762,0],[54251,0],]]
[54508,4,55,[[54507,0],[54509,0],[54764,0],[54252,0],]]
[54509,9,55,[[54510,0],[54508,0],[54765,0],[54764,0],[54253,0],]]
[54510,17,55,[[54509,0],[54511,0],[54766,0],[54254,0],]]
[54511,15,55,[[54512,0],[54510,0],[54767,0],[54766,0],[54255,0],]]
[54512,5,55,[[54511,0],[54513,0],[54768,0],[54256,0],]]
[54513,16,55,[[54514,0],[54512,0],[54769,0],[54768,0],[54257,0],]]
[54514,8,55,[[54513,0],[54515,0],[54770,0],[54258,0],]]
[54515,13,55,[[54516,0],[54514,0],[54771,0],[54770,0],[54259,0],]]
[54516,16,55,[[54515,0],[54517,0],[54772,0],[54260,0],]]
[54517,16,55,[[54518,0],[54516,0],[54773,0],[54772,0],[54261,0],]]
[54518,17,55,[[54517,0],[54519,0],[54774,0],[54262,0],]]
[54519,3,55,[[54520,0],[54518,0],[54775,0],[54774,0],[54263,0],]]
[54520,18,55,[[54519,0],[54521,0],[54776,0],[54264,0],]]
[54521,13,55,[[54522,0],[54520,0],[54777,0],[54776,0],[54265,0],]]
[54522,4,55,[[54521,0],[54523,0],[54778,0],[54266,0],]]
[54523,2,55,[[54524,0],[54522,0],[54779,0],[54778,0],[54267,0],]]
[54524,11,55,[[54523,0],[54525,0],[54780,0],[54268,0],]]
[54525,16,55,[[54526,0],[54524,0],[54781,0],[54780,0],[54269,0],]]
[54526,15,55,[[54525,0],[54527,0],[54782,0],[54270,0],]]
[54527,14,55,[[54526,0],[54783,0],[54782,0],[54271,0],]]
[54528,1,48,[[54529,0],[54272,0],[54273,0],[54784,0],]]
[54529,8,48,[[54530,0],[54528,0],[54273,0],[54785,0],]]
[54530,9,48,[[54529,0],[54531,0],[54274,0],[54275,0],[54786,0],]]
[54531,11,48,[[54532,0],[54530,0],[54275,0],[54787,0],]]
[54532,1,48,[[54531,0],[54533,0],[54276,0],[54277,0],[54788,0],]]
[54533,8,48,[[54534,0],[54532,0],[54277,0],[54789,0],]]
[54534,19,48,[[54533,0],[54535,0],[54278,0],[54279,0],[54790,0],]]
[54535,19,48,[[54536,0],[54534,0],[54279,0],[54791,0],]]
[54536,14,48,[[54535,0],[54537,0],[54280,0],[54281,0],[54792,0],]]
[54537,19,48,[[54538,0],[54536,0],[54281,0],[54793,0],]]
[54538,7,48,[[54537,0],[54539,0],[54282,0],[54283,0],[54794,0],]]
[54539,8,48,[[54540,0],[54538,0],[54283,0],[54795,0],]]
[54540,18,48,[[54539,0],[54541,0],[54284,0],[54285,0],[54796,0],]]
[54541,7,48,[[54542,0],[54540,0],[54285,0],[54797,0],]]
[54542,1,48,[[54541,0],[54543,0],[54286,0],[54287,0],[54798,0],]]
[54543,14,48,[[54544,0],[54542,0],[54287,0],[54799,0],]]
[54544,10,48,[[54543,0],[54545,0],[54288,0],[54289,0],[54800,0],]]
[54545,19,48,[[54546,0],[54544,0],[54289,0],[54801,0],]]
[54546,12,48,[[54545,0],[54547,0],[54290,0],[54291,0],[54802,0],]]
[54547,19,48,[[54548,0],[54546,0],[54291,0],[54803,0],]]
[54548,5,48,[[54547,0],[54549,0],[54292,0],[54293,0],[54804,0],]]
[54549,2,48,[[54550,0],[54548,0],[54293,0],[54805,0],]]
[54550,5,48,[[54549,0],[54551,0],[54294,0],[54295,0],[54806,0],]]
[54551,7,48,[[54552,0],[54550,0],[54295,0],[54807,0],]]
[54552,8,48,[[54551,0],[54553,0],[54296,0],[54297,0],[54808,0],]]
[54553,5,48,[[54554,0],[54552,0],[54297,0],[54809,0],]]
[54554,9,48,[[54553,0],[54555,0],[54298,0],[54299,0],[54810,0],]]
[54555,13,48,[[54556,0],[54554,0],[54299,0],[54811,0],]]
[54556,10,48,[[54555,0],[54557,0],[54300,0],[54301,0],[54812,0],]]
[54557,9,48,[[54558,0],[54556,0],[54301,0],[54813,0],]]
[54558,7,48,[[54557,0],[54559,0],[54302,0],[54303,0],[54814,0],]]
[54559,11,48,[[54560,0],[54558,0],[54303,0],[54815,0],]]
[54560,17,49,[[54559,0],[54561,0],[54304,0],[54305,0],[54816,0],]]
[54561,6,49,[[54562,0],[54560,0],[54305,0],[54817,0],]]
[54562,5,49,[[54561,0],[54563,0],[54306,0],[54307,0],[54818,0],]]
[54563,18,49,[[54564,0],[54562,0],[54307,0],[54819,0],]]
[54564,14,49,[[54563,0],[54565,0],[54308,0],[54309,0],[54820,0],]]
[54565,6,49,[[54566,0],[54564,0],[54309,0],[54821,0],]]
[54566,19,49,[[54565,0],[54567,0],[54310,0],[54311,0],[54822,0],]]
[54567,7,49,[[54568,0],[54566,0],[54311,0],[54823,0],]]
[54568,10,49,[[54567,0],[54569,0],[54312,0],[54313,0],[54824,0],]]
[54569,16,49,[[54570,0],[54568,0],[54313,0],[54825,0],]]
[54570,14,49,[[54569,0],[54571,0],[54314,0],[54315,0],[54826,0],]]
[54571,1,49,[[54572,0],[54570,0],[54315,0],[54827,0],]]
[54572,7,49,[[54571,0],[54573,0],[54316,0],[54317,0],[54828,0],]]
[54573,2,49,[[54574,0],[54572,0],[54317,0],[54829,0],]]
[54574,10,49,[[54573,0],[54575,0],[54318,0],[54319,0],[54830,0],]]
[54575,12,49,[[54576,0],[54574,0],[54319,0],[54831,0],]]
[54576,7,49,[[54575,0],[54577,0],[54320,0],[54321,0],[54832,0],]]
[54577,19,49,[[54578,0],[54576,0],[54321,0],[54833,0],]]
[54578,14,49,[[54577,0],[54579,0],[54322,0],[54323,0],[54834,0],]]
[54579,11,49,[[54580,0],[54578,0],[54323,0],[54835,0],]]
[54580,2,49,[[54579,0],[54581,0],[54324,0],[54325,0],[54836,0],]]
[54581,5,49,[[54582,0],[54580,0],[54325,0],[54837,0],]]
[54582,1,49,[[54581,0],[54583,0],[54326,0],[54327,0],[54838,0],]]
[54583,10,49,[[54584,0],[54582,0],[54327,0],[54839,0],]]
[54584,7,49,[[54583,0],[54585,0],[54328,0],[54329,0],[54840,0],]]
[54585,8,49,[[54586,0],[54584,0],[54329,0],[54841,0],]]
[54586,6,49,[[54585,0],[54587,0],[54330,0],[54331,0],[54842,0],]]
[54587,14,49,[[54588,0],[54586,0],[54331,0],[54843,0],]]
[54588,6,49,[[54587,0],[54589,0],[54332,0],[54333,0],[54844,0],]]
[54589,2,49,[[54590,0],[54588,0],[54333,0],[54845,0],]]
[54590,2,49,[[54589,0],[54591,0],[54334,0],[54335,0],[54846,0],]]
[54591,6,49,[[54592,0],[54590,0],[54335,0],[54847,0],]]
[54592,17,50,[[54591,0],[54593,0],[54336,0],[54337,0],[54848,0],]]
[54593,16,50,[[54594,0],[54592,0],[54337,0],[54849,0],]]
[54594,12,50,[[54593,0],[54595,0],[54338,0],[54339,0],[54850,0],]]
[54595,15,50,[[54596,0],[54594,0],[54339,0],[54851,0],]]
[54596,4,50,[[54595,0],[54597,0],[54340,0],[54341,0],[54852,0],]]
[54597,12,50,[[54598,0],[54596,0],[54341,0],[54853,0],]]
[54598,16,50,[[54597,0],[54599,0],[54342,0],[54343,0],[54854,0],]]
[54599,7,50,[[54600,0],[54598,0],[54343,0],[54855,0],]]
[54600,5,50,[[54599,0],[54601,0],[54344,0],[54345,0],[54856,0],]]
[54601,5,50,[[54602,0],[54600,0],[54345,0],[54857,0],]]
[54602,12,50,[[54601,0],[54603,0],[54346,0],[54347,0],[54858,0],]]
[54603,4,50,[[54604,0],[54602,0],[54347,0],[54859,0],]]
[54604,12,50,[[54603,0],[54605,0],[54348,0],[54349,0],[54860,0],]]
[54605,7,50,[[54606,0],[54604,0],[54349,0],[54861,0],]]
[54606,2,50,[[54605,0],[54607,0],[54350,0],[54351,0],[54862,0],]]
[54607,8,50,[[54608,0],[54606,0],[54351,0],[54863,0],]]
[54608,13,50,[[54607,0],[54609,0],[54352,0],[54353,0],[54864,0],]]
[54609,3,50,[[54610,0],[54608,0],[54353,0],[54865,0],]]
[54610,16,50,[[54609,0],[54611,0],[54354,0],[54355,0],[54866,0],]]
[54611,13,50,[[54612,0],[54610,0],[54355,0],[54867,0],]]
[54612,9,50,[[54611,0],[54613,0],[54356,0],[54357,0],[54868,0],]]
[54613,14,50,[[54614,0],[54612,0],[54357,0],[54869,0],]]
[54614,14,50,[[54613,0],[54615,0],[54358,0],[54359,0],[54870,0],]]
[54615,4,50,[[54616,0],[54614,0],[54359,0],[54871,0],]]
[54616,4,50,[[54615,0],[54617,0],[54360,0],[54361,0],[54872,0],]]
[54617,14,50,[[54618,0],[54616,0],[54361,0],[54873,0],]]
[54618,4,50,[[54617,0],[54619,0],[54362,0],[54363,0],[54874,0],]]
[54619,3,50,[[54620,0],[54618,0],[54363,0],[54875,0],]]
[54620,16,50,[[54619,0],[54621,0],[54364,0],[54365,0],[54876,0],]]
[54621,17,50,[[54622,0],[54620,0],[54365,0],[54877,0],]]
[54622,9,50,[[54621,0],[54623,0],[54366,0],[54367,0],[54878,0],]]
[54623,17,50,[[54624,0],[54622,0],[54367,0],[54879,0],]]
[54624,15,51,[[54623,0],[54625,0],[54368,0],[54369,0],[54880,0],]]
[54625,1,51,[[54626,0],[54624,0],[54369,0],[54881,0],]]
[54626,13,51,[[54625,0],[54627,0],[54370,0],[54371,0],[54882,0],]]
[54627,16,51,[[54628,0],[54626,0],[54371,0],[54883,0],]]
[54628,12,51,[[54627,0],[54629,0],[54372,0],[54373,0],[54884,0],]]
[54629,9,51,[[54630,0],[54628,0],[54373,0],[54885,0],]]
[54630,18,51,[[54629,0],[54631,0],[54374,0],[54375,0],[54886,0],]]
[54631,7,51,[[54632,0],[54630,0],[54375,0],[54887,0],]]
[54632,18,51,[[54631,0],[54633,0],[54376,0],[54377,0],[54888,0],]]
[54633,1,51,[[54634,0],[54632,0],[54377,0],[54889,0],]]
[54634,12,51,[[54633,0],[54635,0],[54378,0],[54379,0],[54890,0],]]
[54635,5,51,[[54636,0],[54634,0],[54379,0],[54891,0],]]
[54636,14,51,[[54635,0],[54637,0],[54380,0],[54381,0],[54892,0],]]
[54637,6,51,[[54638,0],[54636,0],[54381,0],[54893,0],]]
[54638,7,51,[[54637,0],[54639,0],[54382,0],[54383,0],[54894,0],]]
[54639,2,51,[[54640,0],[54638,0],[54383,0],[54895,0],]]
[54640,19,51,[[54639,0],[54641,0],[54384,0],[54385,0],[54896,0],]]
[54641,9,51,[[54642,0],[54640,0],[54385,0],[54897,0],]]
[54642,8,51,[[54641,0],[54643,0],[54386,0],[54387,0],[54898,0],]]
[54643,6,51,[[54644,0],[54642,0],[54387,0],[54899,0],]]
[54644,2,51,[[54643,0],[54645,0],[54388,0],[54389,0],[54900,0],]]
[54645,4,51,[[54646,0],[54644,0],[54389,0],[54901,0],]]
[54646,6,51,[[54645,0],[54647,0],[54390,0],[54391,0],[54902,0],]]
[54647,3,51,[[54648,0],[54646,0],[54391,0],[54903,0],]]
[54648,16,51,[[54647,0],[54649,0],[54392,0],[54393,0],[54904,0],]]
[54649,11,51,[[54650,0],[54648,0],[54393,0],[54905,0],]]
[54650,5,51,[[54649,0],[54651,0],[54394,0],[54395,0],[54906,0],]]
[54651,13,51,[[54652,0],[54650,0],[54395,0],[54907,0],]]
[54652,12,51,[[54651,0],[54653,0],[54396,0],[54397,0],[54908,0],]]
[54653,15,51,[[54654,0],[54652,0],[54397,0],[54909,0],]]
[54654,17,51,[[54653,0],[54655,0],[54398,0],[54399,0],[54910,0],]]
[54655,1,51,[[54656,0],[54654,0],[54399,0],[54911,0],]]
[54656,13,52,[[54655,0],[54657,0],[54400,0],[54401,0],[54912,0],]]
[54657,15,52,[[54658,0],[54656,0],[54401,0],[54913,0],]]
[54658,3,52,[[54657,0],[54659,0],[54402,0],[54403,0],[54914,0],]]
[54659,1,52,[[54660,0],[54658,0],[54403,0],[54915,0],]]
[54660,9,52,[[54659,0],[54661,0],[54404,0],[54405,0],[54916,0],]]
[54661,13,52,[[54662,0],[54660,0],[54405,0],[54917,0],]]
[54662,2,52,[[54661,0],[54663,0],[54406,0],[54407,0],[54918,0],]]
[54663,15,52,[[54664,0],[54662,0],[54407,0],[54919,0],]]
[54664,18,52,[[54663,0],[54665,0],[54408,0],[54409,0],[54920,0],]]
[54665,4,52,[[54666,0],[54664,0],[54409,0],[54921,0],]]
[54666,7,52,[[54665,0],[54667,0],[54410,0],[54411,0],[54922,0],]]
[54667,8,52,[[54668,0],[54666,0],[54411,0],[54923,0],]]
[54668,15,52,[[54667,0],[54669,0],[54412,0],[54413,0],[54924,0],]]
[54669,19,52,[[54670,0],[54668,0],[54413,0],[54925,0],]]
[54670,2,52,[[54669,0],[54671,0],[54414,0],[54415,0],[54926,0],]]
[54671,16,52,[[54672,0],[54670,0],[54415,0],[54927,0],]]
[54672,19,52,[[54671,0],[54673,0],[54416,0],[54417,0],[54928,0],]]
[54673,2,52,[[54674,0],[54672,0],[54417,0],[54929,0],]]
[54674,4,52,[[54673,0],[54675,0],[54418,0],[54419,0],[54930,0],]]
[54675,3,52,[[54676,0],[54674,0],[54419,0],[54931,0],]]
[54676,13,52,[[54675,0],[54677,0],[54420,0],[54421,0],[54932,0],]]
[54677,10,52,[[54678,0],[54676,0],[54421,0],[54933,0],]]
[54678,10,52,[[54677,0],[54679,0],[54422,0],[54423,0],[54934,0],]]
[54679,16,52,[[54680,0],[54678,0],[54423,0],[54935,0],]]
[54680,15,52,[[54679,0],[54681,0],[54424,0],[54425,0],[54936,0],]]
[54681,10,52,[[54682,0],[54680,0],[54425,0],[54937,0],]]
[54682,9,52,[[54681,0],[54683,0],[54426,0],[54427,0],[54938,0],]]
[54683,11,52,[[54684,0],[54682,0],[54427,0],[54939,0],]]
[54684,9,52,[[54683,0],[54685,0],[54428,0],[54429,0],[54940,0],]]
[54685,16,52,[[54686,0],[54684,0],[54429,0],[54941,0],]]
[54686,10,52,[[54685,0],[54687,0],[54430,0],[54431,0],[54942,0],]]
[54687,8,52,[[54688,0],[54686,0],[54431,0],[54943,0],]]
[54688,4,53,[[54687,0],[54689,0],[54432,0],[54433,0],[54944,0],]]
[54689,3,53,[[54690,0],[54688,0],[54433,0],[54945,0],]]
[54690,5,53,[[54689,0],[54691,0],[54434,0],[54435,0],[54946,0],]]
[54691,9,53,[[54692,0],[54690,0],[54435,0],[54947,0],]]
[54692,11,53,[[54691,0],[54693,0],[54436,0],[54437,0],[54948,0],]]
[54693,15,53,[[54694,0],[54692,0],[54437,0],[54949,0],]]
[54694,12,53,[[54693,0],[54695,0],[54438,0],[54439,0],[54950,0],]]
[54695,13,53,[[54696,0],[54694,0],[54439,0],[54951,0],]]
[54696,9,53,[[54695,0],[54697,0],[54440,0],[54441,0],[54952,0],]]
[54697,16,53,[[54698,0],[54696,0],[54441,0],[54953,0],]]
[54698,15,53,[[54697,0],[54699,0],[54442,0],[54443,0],[54954,0],]]
[54699,4,53,[[54700,0],[54698,0],[54443,0],[54955,0],]]
[54700,11,53,[[54699,0],[54701,0],[54444,0],[54445,0],[54956,0],]]
[54701,11,53,[[54702,0],[54700,0],[54445,0],[54957,0],]]
[54702,19,53,[[54701,0],[54703,0],[54446,0],[54447,0],[54958,0],]]
[54703,6,53,[[54704,0],[54702,0],[54447,0],[54959,0],]]
[54704,3,53,[[54703,0],[54705,0],[54448,0],[54449,0],[54960,0],]]
[54705,7,53,[[54706,0],[54704,0],[54449,0],[54961,0],]]
[54706,13,53,[[54705,0],[54707,0],[54450,0],[54451,0],[54962,0],]]
[54707,7,53,[[54708,0],[54706,0],[54451,0],[54963,0],]]
[54708,2,53,[[54707,0],[54709,0],[54452,0],[54453,0],[54964,0],]]
[54709,1,53,[[54710,0],[54708,0],[54453,0],[54965,0],]]
[54710,2,53,[[54709,0],[54711,0],[54454,0],[54455,0],[54966,0],]]
[54711,13,53,[[54712,0],[54710,0],[54455,0],[54967,0],]]
[54712,1,53,[[54711,0],[54713,0],[54456,0],[54457,0],[54968,0],]]
[54713,7,53,[[54714,0],[54712,0],[54457,0],[54969,0],]]
[54714,1,53,[[54713,0],[54715,0],[54458,0],[54459,0],[54970,0],]]
[54715,7,53,[[54716,0],[54714,0],[54459,0],[54971,0],]]
[54716,3,53,[[54715,0],[54717,0],[54460,0],[54461,0],[54972,0],]]
[54717,14,53,[[54718,0],[54716,0],[54461,0],[54973,0],]]
[54718,19,53,[[54717,0],[54719,0],[54462,0],[54463,0],[54974,0],]]
[54719,18,53,[[54720,0],[54718,0],[54463,0],[54975,0],]]
[54720,11,54,[[54719,0],[54721,0],[54464,0],[54465,0],[54976,0],]]
[54721,19,54,[[54722,0],[54720,0],[54465,0],[54977,0],]]
[54722,16,54,[[54721,0],[54723,0],[54466,0],[54467,0],[54978,0],]]
[54723,13,54,[[54724,0],[54722,0],[54467,0],[54979,0],]]
[54724,11,54,[[54723,0],[54725,0],[54468,0],[54469,0],[54980,0],]]
[54725,16,54,[[54726,0],[54724,0],[54469,0],[54981,0],]]
[54726,9,54,[[54725,0],[54727,0],[54470,0],[54471,0],[54982,0],]]
[54727,5,54,[[54728,0],[54726,0],[54471,0],[54983,0],]]
[54728,15,54,[[54727,0],[54729,0],[54472,0],[54473,0],[54984,0],]]
[54729,1,54,[[54730,0],[54728,0],[54473,0],[54985,0],]]
[54730,11,54,[[54729,0],[54731,0],[54474,0],[54475,0],[54986,0],]]
[54731,6,54,[[54732,0],[54730,0],[54475,0],[54987,0],]]
[54732,1,54,[[54731,0],[54733,0],[54476,0],[54477,0],[54988,0],]]
[54733,5,54,[[54734,0],[54732,0],[54477,0],[54989,0],]]
[54734,15,54,[[54733,0],[54735,0],[54478,0],[54479,0],[54990,0],]]
[54735,6,54,[[54736,0],[54734,0],[54479,0],[54991,0],]]
[54736,12,54,[[54735,0],[54737,0],[54480,0],[54481,0],[54992,0],]]
[54737,5,54,[[54738,0],[54736,0],[54481,0],[54993,0],]]
[54738,14,54,[[54737,0],[54739,0],[54482,0],[54483,0],[54994,0],]]
[54739,5,54,[[54740,0],[54738,0],[54483,0],[54995,0],]]
[54740,17,54,[[54739,0],[54741,0],[54484,0],[54485,0],[54996,0],]]
[54741,3,54,[[54742,0],[54740,0],[54485,0],[54997,0],]]
[54742,9,54,[[54741,0],[54743,0],[54486,0],[54487,0],[54998,0],]]
[54743,17,54,[[54744,0],[54742,0],[54487,0],[54999,0],]]
[54744,1,54,[[54743,0],[54745,0],[54488,0],[54489,0],[55000,0],]]
[54745,9,54,[[54746,0],[54744,0],[54489,0],[55001,0],]]
[54746,11,54,[[54745,0],[54747,0],[54490,0],[54491,0],[55002,0],]]
[54747,10,54,[[54748,0],[54746,0],[54491,0],[55003,0],]]
[54748,3,54,[[54747,0],[54749,0],[54492,0],[54493,0],[55004,0],]]
[54749,2,54,[[54750,0],[54748,0],[54493,0],[55005,0],]]
[54750,2,54,[[54749,0],[54751,0],[54494,0],[54495,0],[55006,0],]]
[54751,7,54,[[54752,0],[54750,0],[54495,0],[55007,0],]]
[54752,8,55,[[54751,0],[54753,0],[54496,0],[54497,0],[55008,0],]]
[54753,10,55,[[54754,0],[54752,0],[54497,0],[55009,0],]]
[54754,16,55,[[54753,0],[54755,0],[54498,0],[54499,0],[55010,0],]]
[54755,9,55,[[54756,0],[54754,0],[54499,0],[55011,0],]]
[54756,3,55,[[54755,0],[54757,0],[54500,0],[54501,0],[55012,0],]]
[54757,8,55,[[54758,0],[54756,0],[54501,0],[55013,0],]]
[54758,12,55,[[54757,0],[54759,0],[54502,0],[54503,0],[55014,0],]]
[54759,10,55,[[54760,0],[54758,0],[54503,0],[55015,0],]]
[54760,6,55,[[54759,0],[54761,0],[54504,0],[54505,0],[55016,0],]]
[54761,17,55,[[54762,0],[54760,0],[54505,0],[55017,0],]]
[54762,4,55,[[54761,0],[54763,0],[54506,0],[54507,0],[55018,0],]]
[54763,9,55,[[54764,0],[54762,0],[54507,0],[55019,0],]]
[54764,17,55,[[54763,0],[54765,0],[54508,0],[54509,0],[55020,0],]]
[54765,8,55,[[54766,0],[54764,0],[54509,0],[55021,0],]]
[54766,10,55,[[54765,0],[54767,0],[54510,0],[54511,0],[55022,0],]]
[54767,18,55,[[54768,0],[54766,0],[54511,0],[55023,0],]]
[54768,17,55,[[54767,0],[54769,0],[54512,0],[54513,0],[55024,0],]]
[54769,5,55,[[54770,0],[54768,0],[54513,0],[55025,0],]]
[54770,10,55,[[54769,0],[54771,0],[54514,0],[54515,0],[55026,0],]]
[54771,15,55,[[54772,0],[54770,0],[54515,0],[55027,0],]]
[54772,14,55,[[54771,0],[54773,0],[54516,0],[54517,0],[55028,0],]]
[54773,5,55,[[54774,0],[54772,0],[54517,0],[55029,0],]]
[54774,2,55,[[54773,0],[54775,0],[54518,0],[54519,0],[55030,0],]]
[54775,2,55,[[54776,0],[54774,0],[54519,0],[55031,0],]]
[54776,14,55,[[54775,0],[54777,0],[54520,0],[54521,0],[55032,0],]]
[54777,5,55,[[54778,0],[54776,0],[54521,0],[55033,0],]]
[54778,18,55,[[54777,0],[54779,0],[54522,0],[54523,0],[55034,0],]]
[54779,11,55,[[54780,0],[54778,0],[54523,0],[55035,0],]]
[54780,14,55,[[54779,0],[54781,0],[54524,0],[54525,0],[55036,0],]]
[54781,12,55,[[54782,0],[54780,0],[54525,0],[55037,0],]]
[54782,5,55,[[54781,0],[54783,0],[54526,0],[54527,0],[55038,0],]]
[54783,2,55,[[54782,0],[54527,0],[55039,0],]]
[54784,15,48,[[54785,0],[55040,0],[54528,0],]]
[54785,12,48,[[54786,0],[54784,0],[55041,0],[55040,0],[54529,0],]]
[54786,7,48,[[54785,0],[54787,0],[55042,0],[54530,0],]]
[54787,4,48,[[54788,0],[54786,0],[55043,0],[55042,0],[54531,0],]]
[54788,17,48,[[54787,0],[54789,0],[55044,0],[54532,0],]]
[54789,3,48,[[54790,0],[54788,0],[55045,0],[55044,0],[54533,0],]]
[54790,8,48,[[54789,0],[54791,0],[55046,0],[54534,0],]]
[54791,8,48,[[54792,0],[54790,0],[55047,0],[55046,0],[54535,0],]]
[54792,1,48,[[54791,0],[54793,0],[55048,0],[54536,0],]]
[54793,15,48,[[54794,0],[54792,0],[55049,0],[55048,0],[54537,0],]]
[54794,2,48,[[54793,0],[54795,0],[55050,0],[54538,0],]]
[54795,12,48,[[54796,0],[54794,0],[55051,0],[55050,0],[54539,0],]]
[54796,16,48,[[54795,0],[54797,0],[55052,0],[54540,0],]]
[54797,10,48,[[54798,0],[54796,0],[55053,0],[55052,0],[54541,0],]]
[54798,16,48,[[54797,0],[54799,0],[55054,0],[54542,0],]]
[54799,15,48,[[54800,0],[54798,0],[55055,0],[55054,0],[54543,0],]]
[54800,7,48,[[54799,0],[54801,0],[55056,0],[54544,0],]]
[54801,13,48,[[54802,0],[54800,0],[55057,0],[55056,0],[54545,0],]]
[54802,11,48,[[54801,0],[54803,0],[55058,0],[54546,0],]]
[54803,9,48,[[54804,0],[54802,0],[55059,0],[55058,0],[54547,0],]]
[54804,8,48,[[54803,0],[54805,0],[55060,0],[54548,0],]]
[54805,12,48,[[54806,0],[54804,0],[55061,0],[55060,0],[54549,0],]]
[54806,10,48,[[54805,0],[54807,0],[55062,0],[54550,0],]]
[54807,4,48,[[54808,0],[54806,0],[55063,0],[55062,0],[54551,0],]]
[54808,14,48,[[54807,0],[54809,0],[55064,0],[54552,0],]]
[54809,4,48,[[54810,0],[54808,0],[55065,0],[55064,0],[54553,0],]]
[54810,7,48,[[54809,0],[54811,0],[55066,0],[54554,0],]]
[54811,15,48,[[54812,0],[54810,0],[55067,0],[55066,0],[54555,0],]]
[54812,4,48,[[54811,0],[54813,0],[55068,0],[54556,0],]]
[54813,1,48,[[54814,0],[54812,0],[55069,0],[55068,0],[54557,0],]]
[54814,15,48,[[54813,0],[54815,0],[55070,0],[54558,0],]]
[54815,9,48,[[54816,0],[54814,0],[55071,0],[55070,0],[54559,0],]]
[54816,17,49,[[54815,0],[54817,0],[55072,0],[54560,0],]]
[54817,4,49,[[54818,0],[54816,0],[55073,0],[55072,0],[54561,0],]]
[54818,15,49,[[54817,0],[54819,0],[55074,0],[54562,0],]]
[54819,16,49,[[54820,0],[54818,0],[55075,0],[55074,0],[54563,0],]]
[54820,18,49,[[54819,0],[54821,0],[55076,0],[54564,0],]]
[54821,18,49,[[54822,0],[54820,0],[55077,0],[55076,0],[54565,0],]]
[54822,18,49,[[54821,0],[54823,0],[55078,0],[54566,0],]]
[54823,2,49,[[54824,0],[54822,0],[55079,0],[55078,0],[54567,0],]]
[54824,4,49,[[54823,0],[54825,0],[55080,0],[54568,0],]]
[54825,2,49,[[54826,0],[54824,0],[55081,0],[55080,0],[54569,0],]]
[54826,2,49,[[54825,0],[54827,0],[55082,0],[54570,0],]]
[54827,18,49,[[54828,0],[54826,0],[55083,0],[55082,0],[54571,0],]]
[54828,19,49,[[54827,0],[54829,0],[55084,0],[54572,0],]]
[54829,18,49,[[54830,0],[54828,0],[55085,0],[55084,0],[54573,0],]]
[54830,4,49,[[54829,0],[54831,0],[55086,0],[54574,0],]]
[54831,8,49,[[54832,0],[54830,0],[55087,0],[55086,0],[54575,0],]]
[54832,10,49,[[54831,0],[54833,0],[55088,0],[54576,0],]]
[54833,11,49,[[54834,0],[54832,0],[55089,0],[55088,0],[54577,0],]]
[54834,9,49,[[54833,0],[54835,0],[55090,0],[54578,0],]]
[54835,9,49,[[54836,0],[54834,0],[55091,0],[55090,0],[54579,0],]]
[54836,11,49,[[54835,0],[54837,0],[55092,0],[54580,0],]]
[54837,15,49,[[54838,0],[54836,0],[55093,0],[55092,0],[54581,0],]]
[54838,4,49,[[54837,0],[54839,0],[55094,0],[54582,0],]]
[54839,9,49,[[54840,0],[54838,0],[55095,0],[55094,0],[54583,0],]]
[54840,17,49,[[54839,0],[54841,0],[55096,0],[54584,0],]]
[54841,6,49,[[54842,0],[54840,0],[55097,0],[55096,0],[54585,0],]]
[54842,13,49,[[54841,0],[54843,0],[55098,0],[54586,0],]]
[54843,4,49,[[54844,0],[54842,0],[55099,0],[55098,0],[54587,0],]]
[54844,17,49,[[54843,0],[54845,0],[55100,0],[54588,0],]]
[54845,9,49,[[54846,0],[54844,0],[55101,0],[55100,0],[54589,0],]]
[54846,9,49,[[54845,0],[54847,0],[55102,0],[54590,0],]]
[54847,15,49,[[54848,0],[54846,0],[55103,0],[55102,0],[54591,0],]]
[54848,11,50,[[54847,0],[54849,0],[55104,0],[54592,0],]]
[54849,6,50,[[54850,0],[54848,0],[55105,0],[55104,0],[54593,0],]]
[54850,9,50,[[54849,0],[54851,0],[55106,0],[54594,0],]]
[54851,7,50,[[54852,0],[54850,0],[55107,0],[55106,0],[54595,0],]]
[54852,4,50,[[54851,0],[54853,0],[55108,0],[54596,0],]]
[54853,5,50,[[54854,0],[54852,0],[55109,0],[55108,0],[54597,0],]]
[54854,16,50,[[54853,0],[54855,0],[55110,0],[54598,0],]]
[54855,17,50,[[54856,0],[54854,0],[55111,0],[55110,0],[54599,0],]]
[54856,12,50,[[54855,0],[54857,0],[55112,0],[54600,0],]]
[54857,7,50,[[54858,0],[54856,0],[55113,0],[55112,0],[54601,0],]]
[54858,6,50,[[54857,0],[54859,0],[55114,0],[54602,0],]]
[54859,4,50,[[54860,0],[54858,0],[55115,0],[55114,0],[54603,0],]]
[54860,7,50,[[54859,0],[54861,0],[55116,0],[54604,0],]]
[54861,19,50,[[54862,0],[54860,0],[55117,0],[55116,0],[54605,0],]]
[54862,19,50,[[54861,0],[54863,0],[55118,0],[54606,0],]]
[54863,4,50,[[54864,0],[54862,0],[55119,0],[55118,0],[54607,0],]]
[54864,5,50,[[54863,0],[54865,0],[55120,0],[54608,0],]]
[54865,16,50,[[54866,0],[54864,0],[55121,0],[55120,0],[54609,0],]]
[54866,5,50,[[54865,0],[54867,0],[55122,0],[54610,0],]]
[54867,9,50,[[54868,0],[54866,0],[55123,0],[55122,0],[54611,0],]]
[54868,14,50,[[54867,0],[54869,0],[55124,0],[54612,0],]]
[54869,7,50,[[54870,0],[54868,0],[55125,0],[55124,0],[54613,0],]]
[54870,13,50,[[54869,0],[54871,0],[55126,0],[54614,0],]]
[54871,15,50,[[54872,0],[54870,0],[55127,0],[55126,0],[54615,0],]]
[54872,5,50,[[54871,0],[54873,0],[55128,0],[54616,0],]]
[54873,7,50,[[54874,0],[54872,0],[55129,0],[55128,0],[54617,0],]]
[54874,16,50,[[54873,0],[54875,0],[55130,0],[54618,0],]]
[54875,16,50,[[54876,0],[54874,0],[55131,0],[55130,0],[54619,0],]]
[54876,12,50,[[54875,0],[54877,0],[55132,0],[54620,0],]]
[54877,7,50,[[54878,0],[54876,0],[55133,0],[55132,0],[54621,0],]]
[54878,6,50,[[54877,0],[54879,0],[55134,0],[54622,0],]]
[54879,15,50,[[54880,0],[54878,0],[55135,0],[55134,0],[54623,0],]]
[54880,12,51,[[54879,0],[54881,0],[55136,0],[54624,0],]]
[54881,9,51,[[54882,0],[54880,0],[55137,0],[55136,0],[54625,0],]]
[54882,9,51,[[54881,0],[54883,0],[55138,0],[54626,0],]]
[54883,2,51,[[54884,0],[54882,0],[55139,0],[55138,0],[54627,0],]]
[54884,10,51,[[54883,0],[54885,0],[55140,0],[54628,0],]]
[54885,3,51,[[54886,0],[54884,0],[55141,0],[55140,0],[54629,0],]]
[54886,8,51,[[54885,0],[54887,0],[55142,0],[54630,0],]]
[54887,2,51,[[54888,0],[54886,0],[55143,0],[55142,0],[54631,0],]]
[54888,5,51,[[54887,0],[54889,0],[55144,0],[54632,0],]]
[54889,6,51,[[54890,0],[54888,0],[55145,0],[55144,0],[54633,0],]]
[54890,17,51,[[54889,0],[54891,0],[55146,0],[54634,0],]]
[54891,11,51,[[54892,0],[54890,0],[55147,0],[55146,0],[54635,0],]]
[54892,2,51,[[54891,0],[54893,0],[55148,0],[54636,0],]]
[54893,9,51,[[54894,0],[54892,0],[55149,0],[55148,0],[54637,0],]]
[54894,8,51,[[54893,0],[54895,0],[55150,0],[54638,0],]]
[54895,18,51,[[54896,0],[54894,0],[55151,0],[55150,0],[54639,0],]]
[54896,8,51,[[54895,0],[54897,0],[55152,0],[54640,0],]]
[54897,11,51,[[54898,0],[54896,0],[55153,0],[55152,0],[54641,0],]]
[54898,1,51,[[54897,0],[54899,0],[55154,0],[54642,0],]]
[54899,7,51,[[54900,0],[54898,0],[55155,0],[55154,0],[54643,0],]]
[54900,16,51,[[54899,0],[54901,0],[55156,0],[54644,0],]]
[54901,12,51,[[54902,0],[54900,0],[55157,0],[55156,0],[54645,0],]]
[54902,13,51,[[54901,0],[54903,0],[55158,0],[54646,0],]]
[54903,9,51,[[54904,0],[54902,0],[55159,0],[55158,0],[54647,0],]]
[54904,8,51,[[54903,0],[54905,0],[55160,0],[54648,0],]]
[54905,1,51,[[54906,0],[54904,0],[55161,0],[55160,0],[54649,0],]]
[54906,15,51,[[54905,0],[54907,0],[55162,0],[54650,0],]]
[54907,15,51,[[54908,0],[54906,0],[55163,0],[55162,0],[54651,0],]]
[54908,7,51,[[54907,0],[54909,0],[55164,0],[54652,0],]]
[54909,5,51,[[54910,0],[54908,0],[55165,0],[55164,0],[54653,0],]]
[54910,19,51,[[54909,0],[54911,0],[55166,0],[54654,0],]]
[54911,13,51,[[54912,0],[54910,0],[55167,0],[55166,0],[54655,0],]]
[54912,17,52,[[54911,0],[54913,0],[55168,0],[54656,0],]]
[54913,4,52,[[54914,0],[54912,0],[55169,0],[55168,0],[54657,0],]]
[54914,2,52,[[54913,0],[54915,0],[55170,0],[54658,0],]]
[54915,8,52,[[54916,0],[54914,0],[55171,0],[55170,0],[54659,0],]]
[54916,7,52,[[54915,0],[54917,0],[55172,0],[54660,0],]]
[54917,12,52,[[54918,0],[54916,0],[55173,0],[55172,0],[54661,0],]]
[54918,3,52,[[54917,0],[54919,0],[55174,0],[54662,0],]]
[54919,3,52,[[54920,0],[54918,0],[55175,0],[55174,0],[54663,0],]]
[54920,19,52,[[54919,0],[54921,0],[55176,0],[54664,0],]]
[54921,19,52,[[54922,0],[54920,0],[55177,0],[55176,0],[54665,0],]]
[54922,3,52,[[54921,0],[54923,0],[55178,0],[54666,0],]]
[54923,12,52,[[54924,0],[54922,0],[55179,0],[55178,0],[54667,0],]]
[54924,9,52,[[54923,0],[54925,0],[55180,0],[54668,0],]]
[54925,13,52,[[54926,0],[54924,0],[55181,0],[55180,0],[54669,0],]]
[54926,15,52,[[54925,0],[54927,0],[55182,0],[54670,0],]]
[54927,5,52,[[54928,0],[54926,0],[55183,0],[55182,0],[54671,0],]]
[54928,6,52,[[54927,0],[54929,0],[55184,0],[54672,0],]]
[54929,2,52,[[54930,0],[54928,0],[55185,0],[55184,0],[54673,0],]]
[54930,6,52,[[54929,0],[54931,0],[55186,0],[54674,0],]]
[54931,6,52,[[54932,0],[54930,0],[55187,0],[55186,0],[54675,0],]]
[54932,11,52,[[54931,0],[54933,0],[55188,0],[54676,0],]]
[54933,14,52,[[54934,0],[54932,0],[55189,0],[55188,0],[54677,0],]]
[54934,13,52,[[54933,0],[54935,0],[55190,0],[54678,0],]]
[54935,19,52,[[54936,0],[54934,0],[55191,0],[55190,0],[54679,0],]]
[54936,2,52,[[54935,0],[54937,0],[55192,0],[54680,0],]]
[54937,7,52,[[54938,0],[54936,0],[55193,0],[55192,0],[54681,0],]]
[54938,16,52,[[54937,0],[54939,0],[55194,0],[54682,0],]]
[54939,17,52,[[54940,0],[54938,0],[55195,0],[55194,0],[54683,0],]]
[54940,9,52,[[54939,0],[54941,0],[55196,0],[54684,0],]]
[54941,13,52,[[54942,0],[54940,0],[55197,0],[55196,0],[54685,0],]]
[54942,1,52,[[54941,0],[54943,0],[55198,0],[54686,0],]]
[54943,17,52,[[54944,0],[54942,0],[55199,0],[55198,0],[54687,0],]]
[54944,1,53,[[54943,0],[54945,0],[55200,0],[54688,0],]]
[54945,18,53,[[54946,0],[54944,0],[55201,0],[55200,0],[54689,0],]]
[54946,5,53,[[54945,0],[54947,0],[55202,0],[54690,0],]]
[54947,2,53,[[54948,0],[54946,0],[55203,0],[55202,0],[54691,0],]]
[54948,18,53,[[54947,0],[54949,0],[55204,0],[54692,0],]]
[54949,7,53,[[54950,0],[54948,0],[55205,0],[55204,0],[54693,0],]]
[54950,18,53,[[54949,0],[54951,0],[55206,0],[54694,0],]]
[54951,19,53,[[54952,0],[54950,0],[55207,0],[55206,0],[54695,0],]]
[54952,7,53,[[54951,0],[54953,0],[55208,0],[54696,0],]]
[54953,8,53,[[54954,0],[54952,0],[55209,0],[55208,0],[54697,0],]]
[54954,13,53,[[54953,0],[54955,0],[55210,0],[54698,0],]]
[54955,1,53,[[54956,0],[54954,0],[55211,0],[55210,0],[54699,0],]]
[54956,12,53,[[54955,0],[54957,0],[55212,0],[54700,0],]]
[54957,19,53,[[54958,0],[54956,0],[55213,0],[55212,0],[54701,0],]]
[54958,4,53,[[54957,0],[54959,0],[55214,0],[54702,0],]]
[54959,15,53,[[54960,0],[54958,0],[55215,0],[55214,0],[54703,0],]]
[54960,3,53,[[54959,0],[54961,0],[55216,0],[54704,0],]]
[54961,9,53,[[54962,0],[54960,0],[55217,0],[55216,0],[54705,0],]]
[54962,1,53,[[54961,0],[54963,0],[55218,0],[54706,0],]]
[54963,5,53,[[54964,0],[54962,0],[55219,0],[55218,0],[54707,0],]]
[54964,17,53,[[54963,0],[54965,0],[55220,0],[54708,0],]]
[54965,18,53,[[54966,0],[54964,0],[55221,0],[55220,0],[54709,0],]]
[54966,15,53,[[54965,0],[54967,0],[55222,0],[54710,0],]]
[54967,16,53,[[54968,0],[54966,0],[55223,0],[55222,0],[54711,0],]]
[54968,19,53,[[54967,0],[54969,0],[55224,0],[54712,0],]]
[54969,3,53,[[54970,0],[54968,0],[55225,0],[55224,0],[54713,0],]]
[54970,17,53,[[54969,0],[54971,0],[55226,0],[54714,0],]]
[54971,13,53,[[54972,0],[54970,0],[55227,0],[55226,0],[54715,0],]]
[54972,6,53,[[54971,0],[54973,0],[55228,0],[54716,0],]]
[54973,11,53,[[54974,0],[54972,0],[55229,0],[55228,0],[54717,0],]]
[54974,13,53,[[54973,0],[54975,0],[55230,0],[54718,0],]]
[54975,5,53,[[54976,0],[54974,0],[55231,0],[55230,0],[54719,0],]]
[54976,11,54,[[54975,0],[54977,0],[55232,0],[54720,0],]]
[54977,1,54,[[54978,0],[54976,0],[55233,0],[55232,0],[54721,0],]]
[54978,1,54,[[54977,0],[54979,0],[55234,0],[54722,0],]]
[54979,11,54,[[54980,0],[54978,0],[55235,0],[55234,0],[54723,0],]]
[54980,5,54,[[54979,0],[54981,0],[55236,0],[54724,0],]]
[54981,17,54,[[54982,0],[54980,0],[55237,0],[55236,0],[54725,0],]]
[54982,14,54,[[54981,0],[54983,0],[55238,0],[54726,0],]]
[54983,1,54,[[54984,0],[54982,0],[55239,0],[55238,0],[54727,0],]]
[54984,1,54,[[54983,0],[54985,0],[55240,0],[54728,0],]]
[54985,15,54,[[54986,0],[54984,0],[55241,0],[55240,0],[54729,0],]]
[54986,14,54,[[54985,0],[54987,0],[55242,0],[54730,0],]]
[54987,4,54,[[54988,0],[54986,0],[55243,0],[55242,0],[54731,0],]]
[54988,15,54,[[54987,0],[54989,0],[55244,0],[54732,0],]]
[54989,6,54,[[54990,0],[54988,0],[55245,0],[55244,0],[54733,0],]]
[54990,16,54,[[54989,0],[54991,0],[55246,0],[54734,0],]]
[54991,9,54,[[54992,0],[54990,0],[55247,0],[55246,0],[54735,0],]]
[54992,4,54,[[54991,0],[54993,0],[55248,0],[54736,0],]]
[54993,6,54,[[54994,0],[54992,0],[55249,0],[55248,0],[54737,0],]]
[54994,8,54,[[54993,0],[54995,0],[55250,0],[54738,0],]]
[54995,15,54,[[54996,0],[54994,0],[55251,0],[55250,0],[54739,0],]]
[54996,7,54,[[54995,0],[54997,0],[55252,0],[54740,0],]]
[54997,11,54,[[54998,0],[54996,0],[55253,0],[55252,0],[54741,0],]]
[54998,15,54,[[54997,0],[54999,0],[55254,0],[54742,0],]]
[54999,8,54,[[55000,0],[54998,0],[55255,0],[55254,0],[54743,0],]]
[55000,9,54,[[54999,0],[55001,0],[55256,0],[54744,0],]]
[55001,10,54,[[55002,0],[55000,0],[55257,0],[55256,0],[54745,0],]]
[55002,11,54,[[55001,0],[55003,0],[55258,0],[54746,0],]]
[55003,5,54,[[55004,0],[55002,0],[55259,0],[55258,0],[54747,0],]]
[55004,16,54,[[55003,0],[55005,0],[55260,0],[54748,0],]]
[55005,15,54,[[55006,0],[55004,0],[55261,0],[55260,0],[54749,0],]]
[55006,9,54,[[55005,0],[55007,0],[55262,0],[54750,0],]]
[55007,7,54,[[55008,0],[55006,0],[55263,0],[55262,0],[54751,0],]]
[55008,14,55,[[55007,0],[55009,0],[55264,0],[54752,0],]]
[55009,7,55,[[55010,0],[55008,0],[55265,0],[55264,0],[54753,0],]]
[55010,13,55,[[55009,0],[55011,0],[55266,0],[54754,0],]]
[55011,17,55,[[55012,0],[55010,0],[55267,0],[55266,0],[54755,0],]]
[55012,14,55,[[55011,0],[55013,0],[55268,0],[54756,0],]]
[55013,13,55,[[55014,0],[55012,0],[55269,0],[55268,0],[54757,0],]]
[55014,5,55,[[55013,0],[55015,0],[55270,0],[54758,0],]]
[55015,1,55,[[55016,0],[55014,0],[55271,0],[55270,0],[54759,0],]]
[55016,7,55,[[55015,0],[55017,0],[55272,0],[54760,0],]]
[55017,12,55,[[55018,0],[55016,0],[55273,0],[55272,0],[54761,0],]]
[55018,14,55,[[55017,0],[55019,0],[55274,0],[54762,0],]]
[55019,2,55,[[55020,0],[55018,0],[55275,0],[55274,0],[54763,0],]]
[55020,5,55,[[55019,0],[55021,0],[55276,0],[54764,0],]]
[55021,2,55,[[55022,0],[55020,0],[55277,0],[55276,0],[54765,0],]]
[55022,2,55,[[55021,0],[55023,0],[55278,0],[54766,0],]]
[55023,7,55,[[55024,0],[55022,0],[55279,0],[55278,0],[54767,0],]]
[55024,8,55,[[55023,0],[55025,0],[55280,0],[54768,0],]]
[55025,16,55,[[55026,0],[55024,0],[55281,0],[55280,0],[54769,0],]]
[55026,2,55,[[55025,0],[55027,0],[55282,0],[54770,0],]]
[55027,19,55,[[55028,0],[55026,0],[55283,0],[55282,0],[54771,0],]]
[55028,14,55,[[55027,0],[55029,0],[55284,0],[54772,0],]]
[55029,8,55,[[55030,0],[55028,0],[55285,0],[55284,0],[54773,0],]]
[55030,12,55,[[55029,0],[55031,0],[55286,0],[54774,0],]]
[55031,12,55,[[55032,0],[55030,0],[55287,0],[55286,0],[54775,0],]]
[55032,12,55,[[55031,0],[55033,0],[55288,0],[54776,0],]]
[55033,2,55,[[55034,0],[55032,0],[55289,0],[55288,0],[54777,0],]]
[55034,5,55,[[55033,0],[55035,0],[55290,0],[54778,0],]]
[55035,11,55,[[55036,0],[55034,0],[55291,0],[55290,0],[54779,0],]]
[55036,4,55,[[55035,0],[55037,0],[55292,0],[54780,0],]]
[55037,7,55,[[55038,0],[55036,0],[55293,0],[55292,0],[54781,0],]]
[55038,6,55,[[55037,0],[55039,0],[55294,0],[54782,0],]]
[55039,6,55,[[55038,0],[55295,0],[55294,0],[54783,0],]]
[55040,2,48,[[55041,0],[54784,0],[54785,0],[55296,0],]]
[55041,14,48,[[55042,0],[55040,0],[54785,0],[55297,0],]]
[55042,15,48,[[55041,0],[55043,0],[54786,0],[54787,0],[55298,0],]]
[55043,4,48,[[55044,0],[55042,0],[54787,0],[55299,0],]]
[55044,3,48,[[55043,0],[55045,0],[54788,0],[54789,0],[55300,0],]]
[55045,11,48,[[55046,0],[55044,0],[54789,0],[55301,0],]]
[55046,8,48,[[55045,0],[55047,0],[54790,0],[54791,0],[55302,0],]]
[55047,15,48,[[55048,0],[55046,0],[54791,0],[55303,0],]]
[55048,10,48,[[55047,0],[55049,0],[54792,0],[54793,0],[55304,0],]]
[55049,18,48,[[55050,0],[55048,0],[54793,0],[55305,0],]]
