[52428,7,54,[[52427,0],[52429,0],[52684,0],[52172,0],]]
[52429,11,54,[[52430,0],[52428,0],[52685,0],[52684,0],[52173,0],]]
[52430,1,54,[[52429,0],[52431,0],[52686,0],[52174,0],]]
[52431,16,54,[[52432,0],[52430,0],[52687,0],[52686,0],[52175,0],]]
[52432,15,54,[[52431,0],[52433,0],[52688,0],[52176,0],]]
[52433,15,54,[[52434,0],[52432,0],[52689,0],[52688,0],[52177,0],]]
[52434,15,54,[[52433,0],[52435,0],[52690,0],[52178,0],]]
[52435,9,54,[[52436,0],[52434,0],[52691,0],[52690,0],[52179,0],]]
[52436,12,54,[[52435,0],[52437,0],[52692,0],[52180,0],]]
[52437,16,54,[[52438,0],[52436,0],[52693,0],[52692,0],[52181,0],]]
[52438,17,54,[[52437,0],[52439,0],[52694,0],[52182,0],]]
[52439,1,54,[[52440,0],[52438,0],[52695,0],[52694,0],[52183,0],]]
[52440,18,54,[[52439,0],[52441,0],[52696,0],[52184,0],]]
[52441,14,54,[[52442,0],[52440,0],[52697,0],[52696,0],[52185,0],]]
[52442,8,54,[[52441,0],[52443,0],[52698,0],[52186,0],]]
[52443,1,54,[[52444,0],[52442,0],[52699,0],[52698,0],[52187,0],]]
[52444,2,54,[[52443,0],[52445,0],[52700,0],[52188,0],]]
[52445,18,54,[[52446,0],[52444,0],[52701,0],[52700,0],[52189,0],]]
[52446,4,54,[[52445,0],[52447,0],[52702,0],[52190,0],]]
[52447,16,54,[[52448,0],[52446,0],[52703,0],[52702,0],[52191,0],]]
[52448,8,55,[[52447,0],[52449,0],[52704,0],[52192,0],]]
[52449,9,55,[[52450,0],[52448,0],[52705,0],[52704,0],[52193,0],]]
[52450,6,55,[[52449,0],[52451,0],[52706,0],[52194,0],]]
[52451,1,55,[[52452,0],[52450,0],[52707,0],[52706,0],[52195,0],]]
[52452,10,55,[[52451,0],[52453,0],[52708,0],[52196,0],]]
[52453,2,55,[[52454,0],[52452,0],[52709,0],[52708,0],[52197,0],]]
[52454,11,55,[[52453,0],[52455,0],[52710,0],[52198,0],]]
[52455,5,55,[[52456,0],[52454,0],[52711,0],[52710,0],[52199,0],]]
[52456,11,55,[[52455,0],[52457,0],[52712,0],[52200,0],]]
[52457,16,55,[[52458,0],[52456,0],[52713,0],[52712,0],[52201,0],]]
[52458,16,55,[[52457,0],[52459,0],[52714,0],[52202,0],]]
[52459,3,55,[[52460,0],[52458,0],[52715,0],[52714,0],[52203,0],]]
[52460,2,55,[[52459,0],[52461,0],[52716,0],[52204,0],]]
[52461,3,55,[[52462,0],[52460,0],[52717,0],[52716,0],[52205,0],]]
[52462,13,55,[[52461,0],[52463,0],[52718,0],[52206,0],]]
[52463,7,55,[[52464,0],[52462,0],[52719,0],[52718,0],[52207,0],]]
[52464,18,55,[[52463,0],[52465,0],[52720,0],[52208,0],]]
[52465,1,55,[[52466,0],[52464,0],[52721,0],[52720,0],[52209,0],]]
[52466,9,55,[[52465,0],[52467,0],[52722,0],[52210,0],]]
[52467,19,55,[[52468,0],[52466,0],[52723,0],[52722,0],[52211,0],]]
[52468,4,55,[[52467,0],[52469,0],[52724,0],[52212,0],]]
[52469,9,55,[[52470,0],[52468,0],[52725,0],[52724,0],[52213,0],]]
[52470,1,55,[[52469,0],[52471,0],[52726,0],[52214,0],]]
[52471,12,55,[[52472,0],[52470,0],[52727,0],[52726,0],[52215,0],]]
[52472,8,55,[[52471,0],[52473,0],[52728,0],[52216,0],]]
[52473,13,55,[[52474,0],[52472,0],[52729,0],[52728,0],[52217,0],]]
[52474,9,55,[[52473,0],[52475,0],[52730,0],[52218,0],]]
[52475,9,55,[[52476,0],[52474,0],[52731,0],[52730,0],[52219,0],]]
[52476,17,55,[[52475,0],[52477,0],[52732,0],[52220,0],]]
[52477,19,55,[[52478,0],[52476,0],[52733,0],[52732,0],[52221,0],]]
[52478,6,55,[[52477,0],[52479,0],[52734,0],[52222,0],]]
[52479,19,55,[[52478,0],[52735,0],[52734,0],[52223,0],]]
[52480,6,48,[[52481,0],[52224,0],[52225,0],[52736,0],]]
[52481,18,48,[[52482,0],[52480,0],[52225,0],[52737,0],]]
[52482,12,48,[[52481,0],[52483,0],[52226,0],[52227,0],[52738,0],]]
[52483,9,48,[[52484,0],[52482,0],[52227,0],[52739,0],]]
[52484,1,48,[[52483,0],[52485,0],[52228,0],[52229,0],[52740,0],]]
[52485,13,48,[[52486,0],[52484,0],[52229,0],[52741,0],]]
[52486,1,48,[[52485,0],[52487,0],[52230,0],[52231,0],[52742,0],]]
[52487,8,48,[[52488,0],[52486,0],[52231,0],[52743,0],]]
[52488,15,48,[[52487,0],[52489,0],[52232,0],[52233,0],[52744,0],]]
[52489,15,48,[[52490,0],[52488,0],[52233,0],[52745,0],]]
[52490,13,48,[[52489,0],[52491,0],[52234,0],[52235,0],[52746,0],]]
[52491,14,48,[[52492,0],[52490,0],[52235,0],[52747,0],]]
[52492,9,48,[[52491,0],[52493,0],[52236,0],[52237,0],[52748,0],]]
[52493,13,48,[[52494,0],[52492,0],[52237,0],[52749,0],]]
[52494,6,48,[[52493,0],[52495,0],[52238,0],[52239,0],[52750,0],]]
[52495,19,48,[[52496,0],[52494,0],[52239,0],[52751,0],]]
[52496,2,48,[[52495,0],[52497,0],[52240,0],[52241,0],[52752,0],]]
[52497,11,48,[[52498,0],[52496,0],[52241,0],[52753,0],]]
[52498,6,48,[[52497,0],[52499,0],[52242,0],[52243,0],[52754,0],]]
[52499,8,48,[[52500,0],[52498,0],[52243,0],[52755,0],]]
[52500,16,48,[[52499,0],[52501,0],[52244,0],[52245,0],[52756,0],]]
[52501,4,48,[[52502,0],[52500,0],[52245,0],[52757,0],]]
[52502,6,48,[[52501,0],[52503,0],[52246,0],[52247,0],[52758,0],]]
[52503,11,48,[[52504,0],[52502,0],[52247,0],[52759,0],]]
[52504,10,48,[[52503,0],[52505,0],[52248,0],[52249,0],[52760,0],]]
[52505,14,48,[[52506,0],[52504,0],[52249,0],[52761,0],]]
[52506,10,48,[[52505,0],[52507,0],[52250,0],[52251,0],[52762,0],]]
[52507,3,48,[[52508,0],[52506,0],[52251,0],[52763,0],]]
[52508,7,48,[[52507,0],[52509,0],[52252,0],[52253,0],[52764,0],]]
[52509,11,48,[[52510,0],[52508,0],[52253,0],[52765,0],]]
[52510,1,48,[[52509,0],[52511,0],[52254,0],[52255,0],[52766,0],]]
[52511,14,48,[[52512,0],[52510,0],[52255,0],[52767,0],]]
[52512,14,49,[[52511,0],[52513,0],[52256,0],[52257,0],[52768,0],]]
[52513,13,49,[[52514,0],[52512,0],[52257,0],[52769,0],]]
[52514,4,49,[[52513,0],[52515,0],[52258,0],[52259,0],[52770,0],]]
[52515,16,49,[[52516,0],[52514,0],[52259,0],[52771,0],]]
[52516,18,49,[[52515,0],[52517,0],[52260,0],[52261,0],[52772,0],]]
[52517,15,49,[[52518,0],[52516,0],[52261,0],[52773,0],]]
[52518,1,49,[[52517,0],[52519,0],[52262,0],[52263,0],[52774,0],]]
[52519,2,49,[[52520,0],[52518,0],[52263,0],[52775,0],]]
[52520,19,49,[[52519,0],[52521,0],[52264,0],[52265,0],[52776,0],]]
[52521,14,49,[[52522,0],[52520,0],[52265,0],[52777,0],]]
[52522,16,49,[[52521,0],[52523,0],[52266,0],[52267,0],[52778,0],]]
[52523,18,49,[[52524,0],[52522,0],[52267,0],[52779,0],]]
[52524,5,49,[[52523,0],[52525,0],[52268,0],[52269,0],[52780,0],]]
[52525,12,49,[[52526,0],[52524,0],[52269,0],[52781,0],]]
[52526,19,49,[[52525,0],[52527,0],[52270,0],[52271,0],[52782,0],]]
[52527,2,49,[[52528,0],[52526,0],[52271,0],[52783,0],]]
[52528,3,49,[[52527,0],[52529,0],[52272,0],[52273,0],[52784,0],]]
[52529,2,49,[[52530,0],[52528,0],[52273,0],[52785,0],]]
[52530,16,49,[[52529,0],[52531,0],[52274,0],[52275,0],[52786,0],]]
[52531,10,49,[[52532,0],[52530,0],[52275,0],[52787,0],]]
[52532,18,49,[[52531,0],[52533,0],[52276,0],[52277,0],[52788,0],]]
[52533,10,49,[[52534,0],[52532,0],[52277,0],[52789,0],]]
[52534,13,49,[[52533,0],[52535,0],[52278,0],[52279,0],[52790,0],]]
[52535,6,49,[[52536,0],[52534,0],[52279,0],[52791,0],]]
[52536,17,49,[[52535,0],[52537,0],[52280,0],[52281,0],[52792,0],]]
[52537,3,49,[[52538,0],[52536,0],[52281,0],[52793,0],]]
[52538,4,49,[[52537,0],[52539,0],[52282,0],[52283,0],[52794,0],]]
[52539,18,49,[[52540,0],[52538,0],[52283,0],[52795,0],]]
[52540,12,49,[[52539,0],[52541,0],[52284,0],[52285,0],[52796,0],]]
[52541,16,49,[[52542,0],[52540,0],[52285,0],[52797,0],]]
[52542,4,49,[[52541,0],[52543,0],[52286,0],[52287,0],[52798,0],]]
[52543,10,49,[[52544,0],[52542,0],[52287,0],[52799,0],]]
[52544,14,50,[[52543,0],[52545,0],[52288,0],[52289,0],[52800,0],]]
[52545,15,50,[[52546,0],[52544,0],[52289,0],[52801,0],]]
[52546,11,50,[[52545,0],[52547,0],[52290,0],[52291,0],[52802,0],]]
[52547,15,50,[[52548,0],[52546,0],[52291,0],[52803,0],]]
[52548,1,50,[[52547,0],[52549,0],[52292,0],[52293,0],[52804,0],]]
[52549,12,50,[[52550,0],[52548,0],[52293,0],[52805,0],]]
[52550,5,50,[[52549,0],[52551,0],[52294,0],[52295,0],[52806,0],]]
[52551,11,50,[[52552,0],[52550,0],[52295,0],[52807,0],]]
[52552,3,50,[[52551,0],[52553,0],[52296,0],[52297,0],[52808,0],]]
[52553,12,50,[[52554,0],[52552,0],[52297,0],[52809,0],]]
[52554,18,50,[[52553,0],[52555,0],[52298,0],[52299,0],[52810,0],]]
[52555,1,50,[[52556,0],[52554,0],[52299,0],[52811,0],]]
[52556,7,50,[[52555,0],[52557,0],[52300,0],[52301,0],[52812,0],]]
[52557,2,50,[[52558,0],[52556,0],[52301,0],[52813,0],]]
[52558,1,50,[[52557,0],[52559,0],[52302,0],[52303,0],[52814,0],]]
[52559,12,50,[[52560,0],[52558,0],[52303,0],[52815,0],]]
[52560,19,50,[[52559,0],[52561,0],[52304,0],[52305,0],[52816,0],]]
[52561,4,50,[[52562,0],[52560,0],[52305,0],[52817,0],]]
[52562,7,50,[[52561,0],[52563,0],[52306,0],[52307,0],[52818,0],]]
[52563,2,50,[[52564,0],[52562,0],[52307,0],[52819,0],]]
[52564,18,50,[[52563,0],[52565,0],[52308,0],[52309,0],[52820,0],]]
[52565,5,50,[[52566,0],[52564,0],[52309,0],[52821,0],]]
[52566,16,50,[[52565,0],[52567,0],[52310,0],[52311,0],[52822,0],]]
[52567,17,50,[[52568,0],[52566,0],[52311,0],[52823,0],]]
[52568,19,50,[[52567,0],[52569,0],[52312,0],[52313,0],[52824,0],]]
[52569,14,50,[[52570,0],[52568,0],[52313,0],[52825,0],]]
[52570,1,50,[[52569,0],[52571,0],[52314,0],[52315,0],[52826,0],]]
[52571,14,50,[[52572,0],[52570,0],[52315,0],[52827,0],]]
[52572,16,50,[[52571,0],[52573,0],[52316,0],[52317,0],[52828,0],]]
[52573,3,50,[[52574,0],[52572,0],[52317,0],[52829,0],]]
[52574,7,50,[[52573,0],[52575,0],[52318,0],[52319,0],[52830,0],]]
[52575,11,50,[[52576,0],[52574,0],[52319,0],[52831,0],]]
[52576,5,51,[[52575,0],[52577,0],[52320,0],[52321,0],[52832,0],]]
[52577,2,51,[[52578,0],[52576,0],[52321,0],[52833,0],]]
[52578,2,51,[[52577,0],[52579,0],[52322,0],[52323,0],[52834,0],]]
[52579,9,51,[[52580,0],[52578,0],[52323,0],[52835,0],]]
[52580,16,51,[[52579,0],[52581,0],[52324,0],[52325,0],[52836,0],]]
[52581,17,51,[[52582,0],[52580,0],[52325,0],[52837,0],]]
[52582,4,51,[[52581,0],[52583,0],[52326,0],[52327,0],[52838,0],]]
[52583,5,51,[[52584,0],[52582,0],[52327,0],[52839,0],]]
[52584,3,51,[[52583,0],[52585,0],[52328,0],[52329,0],[52840,0],]]
[52585,5,51,[[52586,0],[52584,0],[52329,0],[52841,0],]]
[52586,16,51,[[52585,0],[52587,0],[52330,0],[52331,0],[52842,0],]]
[52587,17,51,[[52588,0],[52586,0],[52331,0],[52843,0],]]
[52588,15,51,[[52587,0],[52589,0],[52332,0],[52333,0],[52844,0],]]
[52589,11,51,[[52590,0],[52588,0],[52333,0],[52845,0],]]
[52590,16,51,[[52589,0],[52591,0],[52334,0],[52335,0],[52846,0],]]
[52591,14,51,[[52592,0],[52590,0],[52335,0],[52847,0],]]
[52592,6,51,[[52591,0],[52593,0],[52336,0],[52337,0],[52848,0],]]
[52593,19,51,[[52594,0],[52592,0],[52337,0],[52849,0],]]
[52594,15,51,[[52593,0],[52595,0],[52338,0],[52339,0],[52850,0],]]
[52595,14,51,[[52596,0],[52594,0],[52339,0],[52851,0],]]
[52596,11,51,[[52595,0],[52597,0],[52340,0],[52341,0],[52852,0],]]
[52597,9,51,[[52598,0],[52596,0],[52341,0],[52853,0],]]
[52598,5,51,[[52597,0],[52599,0],[52342,0],[52343,0],[52854,0],]]
[52599,18,51,[[52600,0],[52598,0],[52343,0],[52855,0],]]
[52600,17,51,[[52599,0],[52601,0],[52344,0],[52345,0],[52856,0],]]
[52601,1,51,[[52602,0],[52600,0],[52345,0],[52857,0],]]
[52602,1,51,[[52601,0],[52603,0],[52346,0],[52347,0],[52858,0],]]
[52603,7,51,[[52604,0],[52602,0],[52347,0],[52859,0],]]
[52604,11,51,[[52603,0],[52605,0],[52348,0],[52349,0],[52860,0],]]
[52605,6,51,[[52606,0],[52604,0],[52349,0],[52861,0],]]
[52606,13,51,[[52605,0],[52607,0],[52350,0],[52351,0],[52862,0],]]
[52607,1,51,[[52608,0],[52606,0],[52351,0],[52863,0],]]
[52608,5,52,[[52607,0],[52609,0],[52352,0],[52353,0],[52864,0],]]
[52609,8,52,[[52610,0],[52608,0],[52353,0],[52865,0],]]
[52610,19,52,[[52609,0],[52611,0],[52354,0],[52355,0],[52866,0],]]
[52611,16,52,[[52612,0],[52610,0],[52355,0],[52867,0],]]
[52612,12,52,[[52611,0],[52613,0],[52356,0],[52357,0],[52868,0],]]
[52613,6,52,[[52614,0],[52612,0],[52357,0],[52869,0],]]
[52614,1,52,[[52613,0],[52615,0],[52358,0],[52359,0],[52870,0],]]
[52615,7,52,[[52616,0],[52614,0],[52359,0],[52871,0],]]
[52616,5,52,[[52615,0],[52617,0],[52360,0],[52361,0],[52872,0],]]
[52617,6,52,[[52618,0],[52616,0],[52361,0],[52873,0],]]
[52618,9,52,[[52617,0],[52619,0],[52362,0],[52363,0],[52874,0],]]
[52619,3,52,[[52620,0],[52618,0],[52363,0],[52875,0],]]
[52620,12,52,[[52619,0],[52621,0],[52364,0],[52365,0],[52876,0],]]
[52621,5,52,[[52622,0],[52620,0],[52365,0],[52877,0],]]
[52622,5,52,[[52621,0],[52623,0],[52366,0],[52367,0],[52878,0],]]
[52623,17,52,[[52624,0],[52622,0],[52367,0],[52879,0],]]
[52624,2,52,[[52623,0],[52625,0],[52368,0],[52369,0],[52880,0],]]
[52625,16,52,[[52626,0],[52624,0],[52369,0],[52881,0],]]
[52626,8,52,[[52625,0],[52627,0],[52370,0],[52371,0],[52882,0],]]
[52627,6,52,[[52628,0],[52626,0],[52371,0],[52883,0],]]
[52628,7,52,[[52627,0],[52629,0],[52372,0],[52373,0],[52884,0],]]
[52629,5,52,[[52630,0],[52628,0],[52373,0],[52885,0],]]
[52630,1,52,[[52629,0],[52631,0],[52374,0],[52375,0],[52886,0],]]
[52631,14,52,[[52632,0],[52630,0],[52375,0],[52887,0],]]
[52632,12,52,[[52631,0],[52633,0],[52376,0],[52377,0],[52888,0],]]
[52633,11,52,[[52634,0],[52632,0],[52377,0],[52889,0],]]
[52634,13,52,[[52633,0],[52635,0],[52378,0],[52379,0],[52890,0],]]
[52635,14,52,[[52636,0],[52634,0],[52379,0],[52891,0],]]
[52636,19,52,[[52635,0],[52637,0],[52380,0],[52381,0],[52892,0],]]
[52637,17,52,[[52638,0],[52636,0],[52381,0],[52893,0],]]
[52638,7,52,[[52637,0],[52639,0],[52382,0],[52383,0],[52894,0],]]
[52639,16,52,[[52640,0],[52638,0],[52383,0],[52895,0],]]
[52640,8,53,[[52639,0],[52641,0],[52384,0],[52385,0],[52896,0],]]
[52641,10,53,[[52642,0],[52640,0],[52385,0],[52897,0],]]
[52642,4,53,[[52641,0],[52643,0],[52386,0],[52387,0],[52898,0],]]
[52643,17,53,[[52644,0],[52642,0],[52387,0],[52899,0],]]
[52644,1,53,[[52643,0],[52645,0],[52388,0],[52389,0],[52900,0],]]
[52645,12,53,[[52646,0],[52644,0],[52389,0],[52901,0],]]
[52646,10,53,[[52645,0],[52647,0],[52390,0],[52391,0],[52902,0],]]
[52647,2,53,[[52648,0],[52646,0],[52391,0],[52903,0],]]
[52648,9,53,[[52647,0],[52649,0],[52392,0],[52393,0],[52904,0],]]
[52649,8,53,[[52650,0],[52648,0],[52393,0],[52905,0],]]
[52650,2,53,[[52649,0],[52651,0],[52394,0],[52395,0],[52906,0],]]
[52651,12,53,[[52652,0],[52650,0],[52395,0],[52907,0],]]
[52652,7,53,[[52651,0],[52653,0],[52396,0],[52397,0],[52908,0],]]
[52653,18,53,[[52654,0],[52652,0],[52397,0],[52909,0],]]
[52654,19,53,[[52653,0],[52655,0],[52398,0],[52399,0],[52910,0],]]
[52655,17,53,[[52656,0],[52654,0],[52399,0],[52911,0],]]
[52656,10,53,[[52655,0],[52657,0],[52400,0],[52401,0],[52912,0],]]
[52657,3,53,[[52658,0],[52656,0],[52401,0],[52913,0],]]
[52658,13,53,[[52657,0],[52659,0],[52402,0],[52403,0],[52914,0],]]
[52659,12,53,[[52660,0],[52658,0],[52403,0],[52915,0],]]
[52660,13,53,[[52659,0],[52661,0],[52404,0],[52405,0],[52916,0],]]
[52661,7,53,[[52662,0],[52660,0],[52405,0],[52917,0],]]
[52662,10,53,[[52661,0],[52663,0],[52406,0],[52407,0],[52918,0],]]
[52663,14,53,[[52664,0],[52662,0],[52407,0],[52919,0],]]
[52664,16,53,[[52663,0],[52665,0],[52408,0],[52409,0],[52920,0],]]
[52665,16,53,[[52666,0],[52664,0],[52409,0],[52921,0],]]
[52666,11,53,[[52665,0],[52667,0],[52410,0],[52411,0],[52922,0],]]
[52667,8,53,[[52668,0],[52666,0],[52411,0],[52923,0],]]
[52668,11,53,[[52667,0],[52669,0],[52412,0],[52413,0],[52924,0],]]
[52669,18,53,[[52670,0],[52668,0],[52413,0],[52925,0],]]
[52670,1,53,[[52669,0],[52671,0],[52414,0],[52415,0],[52926,0],]]
[52671,1,53,[[52672,0],[52670,0],[52415,0],[52927,0],]]
[52672,10,54,[[52671,0],[52673,0],[52416,0],[52417,0],[52928,0],]]
[52673,4,54,[[52674,0],[52672,0],[52417,0],[52929,0],]]
[52674,6,54,[[52673,0],[52675,0],[52418,0],[52419,0],[52930,0],]]
[52675,18,54,[[52676,0],[52674,0],[52419,0],[52931,0],]]
[52676,14,54,[[52675,0],[52677,0],[52420,0],[52421,0],[52932,0],]]
[52677,9,54,[[52678,0],[52676,0],[52421,0],[52933,0],]]
[52678,13,54,[[52677,0],[52679,0],[52422,0],[52423,0],[52934,0],]]
[52679,8,54,[[52680,0],[52678,0],[52423,0],[52935,0],]]
[52680,11,54,[[52679,0],[52681,0],[52424,0],[52425,0],[52936,0],]]
[52681,10,54,[[52682,0],[52680,0],[52425,0],[52937,0],]]
[52682,11,54,[[52681,0],[52683,0],[52426,0],[52427,0],[52938,0],]]
[52683,19,54,[[52684,0],[52682,0],[52427,0],[52939,0],]]
[52684,19,54,[[52683,0],[52685,0],[52428,0],[52429,0],[52940,0],]]
[52685,19,54,[[52686,0],[52684,0],[52429,0],[52941,0],]]
[52686,13,54,[[52685,0],[52687,0],[52430,0],[52431,0],[52942,0],]]
[52687,3,54,[[52688,0],[52686,0],[52431,0],[52943,0],]]
[52688,14,54,[[52687,0],[52689,0],[52432,0],[52433,0],[52944,0],]]
[52689,17,54,[[52690,0],[52688,0],[52433,0],[52945,0],]]
[52690,13,54,[[52689,0],[52691,0],[52434,0],[52435,0],[52946,0],]]
[52691,4,54,[[52692,0],[52690,0],[52435,0],[52947,0],]]
[52692,19,54,[[52691,0],[52693,0],[52436,0],[52437,0],[52948,0],]]
[52693,10,54,[[52694,0],[52692,0],[52437,0],[52949,0],]]
[52694,16,54,[[52693,0],[52695,0],[52438,0],[52439,0],[52950,0],]]
[52695,17,54,[[52696,0],[52694,0],[52439,0],[52951,0],]]
[52696,7,54,[[52695,0],[52697,0],[52440,0],[52441,0],[52952,0],]]
[52697,16,54,[[52698,0],[52696,0],[52441,0],[52953,0],]]
[52698,6,54,[[52697,0],[52699,0],[52442,0],[52443,0],[52954,0],]]
[52699,17,54,[[52700,0],[52698,0],[52443,0],[52955,0],]]
[52700,11,54,[[52699,0],[52701,0],[52444,0],[52445,0],[52956,0],]]
[52701,18,54,[[52702,0],[52700,0],[52445,0],[52957,0],]]
[52702,10,54,[[52701,0],[52703,0],[52446,0],[52447,0],[52958,0],]]
[52703,13,54,[[52704,0],[52702,0],[52447,0],[52959,0],]]
[52704,12,55,[[52703,0],[52705,0],[52448,0],[52449,0],[52960,0],]]
[52705,7,55,[[52706,0],[52704,0],[52449,0],[52961,0],]]
[52706,1,55,[[52705,0],[52707,0],[52450,0],[52451,0],[52962,0],]]
[52707,9,55,[[52708,0],[52706,0],[52451,0],[52963,0],]]
[52708,7,55,[[52707,0],[52709,0],[52452,0],[52453,0],[52964,0],]]
[52709,7,55,[[52710,0],[52708,0],[52453,0],[52965,0],]]
[52710,13,55,[[52709,0],[52711,0],[52454,0],[52455,0],[52966,0],]]
[52711,12,55,[[52712,0],[52710,0],[52455,0],[52967,0],]]
[52712,8,55,[[52711,0],[52713,0],[52456,0],[52457,0],[52968,0],]]
[52713,10,55,[[52714,0],[52712,0],[52457,0],[52969,0],]]
[52714,10,55,[[52713,0],[52715,0],[52458,0],[52459,0],[52970,0],]]
[52715,15,55,[[52716,0],[52714,0],[52459,0],[52971,0],]]
[52716,2,55,[[52715,0],[52717,0],[52460,0],[52461,0],[52972,0],]]
[52717,1,55,[[52718,0],[52716,0],[52461,0],[52973,0],]]
[52718,2,55,[[52717,0],[52719,0],[52462,0],[52463,0],[52974,0],]]
[52719,7,55,[[52720,0],[52718,0],[52463,0],[52975,0],]]
[52720,3,55,[[52719,0],[52721,0],[52464,0],[52465,0],[52976,0],]]
[52721,1,55,[[52722,0],[52720,0],[52465,0],[52977,0],]]
[52722,2,55,[[52721,0],[52723,0],[52466,0],[52467,0],[52978,0],]]
[52723,7,55,[[52724,0],[52722,0],[52467,0],[52979,0],]]
[52724,8,55,[[52723,0],[52725,0],[52468,0],[52469,0],[52980,0],]]
[52725,14,55,[[52726,0],[52724,0],[52469,0],[52981,0],]]
[52726,18,55,[[52725,0],[52727,0],[52470,0],[52471,0],[52982,0],]]
[52727,17,55,[[52728,0],[52726,0],[52471,0],[52983,0],]]
[52728,16,55,[[52727,0],[52729,0],[52472,0],[52473,0],[52984,0],]]
[52729,14,55,[[52730,0],[52728,0],[52473,0],[52985,0],]]
[52730,8,55,[[52729,0],[52731,0],[52474,0],[52475,0],[52986,0],]]
[52731,10,55,[[52732,0],[52730,0],[52475,0],[52987,0],]]
[52732,16,55,[[52731,0],[52733,0],[52476,0],[52477,0],[52988,0],]]
[52733,16,55,[[52734,0],[52732,0],[52477,0],[52989,0],]]
[52734,12,55,[[52733,0],[52735,0],[52478,0],[52479,0],[52990,0],]]
[52735,6,55,[[52734,0],[52479,0],[52991,0],]]
[52736,14,48,[[52737,0],[52992,0],[52480,0],]]
[52737,15,48,[[52738,0],[52736,0],[52993,0],[52992,0],[52481,0],]]
[52738,9,48,[[52737,0],[52739,0],[52994,0],[52482,0],]]
[52739,8,48,[[52740,0],[52738,0],[52995,0],[52994,0],[52483,0],]]
[52740,12,48,[[52739,0],[52741,0],[52996,0],[52484,0],]]
[52741,15,48,[[52742,0],[52740,0],[52997,0],[52996,0],[52485,0],]]
[52742,17,48,[[52741,0],[52743,0],[52998,0],[52486,0],]]
[52743,2,48,[[52744,0],[52742,0],[52999,0],[52998,0],[52487,0],]]
[52744,11,48,[[52743,0],[52745,0],[53000,0],[52488,0],]]
[52745,18,48,[[52746,0],[52744,0],[53001,0],[53000,0],[52489,0],]]
[52746,16,48,[[52745,0],[52747,0],[53002,0],[52490,0],]]
[52747,11,48,[[52748,0],[52746,0],[53003,0],[53002,0],[52491,0],]]
[52748,17,48,[[52747,0],[52749,0],[53004,0],[52492,0],]]
[52749,14,48,[[52750,0],[52748,0],[53005,0],[53004,0],[52493,0],]]
[52750,10,48,[[52749,0],[52751,0],[53006,0],[52494,0],]]
[52751,7,48,[[52752,0],[52750,0],[53007,0],[53006,0],[52495,0],]]
[52752,9,48,[[52751,0],[52753,0],[53008,0],[52496,0],]]
[52753,11,48,[[52754,0],[52752,0],[53009,0],[53008,0],[52497,0],]]
[52754,17,48,[[52753,0],[52755,0],[53010,0],[52498,0],]]
[52755,15,48,[[52756,0],[52754,0],[53011,0],[53010,0],[52499,0],]]
[52756,11,48,[[52755,0],[52757,0],[53012,0],[52500,0],]]
[52757,3,48,[[52758,0],[52756,0],[53013,0],[53012,0],[52501,0],]]
[52758,10,48,[[52757,0],[52759,0],[53014,0],[52502,0],]]
[52759,18,48,[[52760,0],[52758,0],[53015,0],[53014,0],[52503,0],]]
[52760,2,48,[[52759,0],[52761,0],[53016,0],[52504,0],]]
[52761,15,48,[[52762,0],[52760,0],[53017,0],[53016,0],[52505,0],]]
[52762,15,48,[[52761,0],[52763,0],[53018,0],[52506,0],]]
[52763,10,48,[[52764,0],[52762,0],[53019,0],[53018,0],[52507,0],]]
[52764,9,48,[[52763,0],[52765,0],[53020,0],[52508,0],]]
[52765,3,48,[[52766,0],[52764,0],[53021,0],[53020,0],[52509,0],]]
[52766,3,48,[[52765,0],[52767,0],[53022,0],[52510,0],]]
[52767,10,48,[[52768,0],[52766,0],[53023,0],[53022,0],[52511,0],]]
[52768,13,49,[[52767,0],[52769,0],[53024,0],[52512,0],]]
[52769,9,49,[[52770,0],[52768,0],[53025,0],[53024,0],[52513,0],]]
[52770,6,49,[[52769,0],[52771,0],[53026,0],[52514,0],]]
[52771,2,49,[[52772,0],[52770,0],[53027,0],[53026,0],[52515,0],]]
[52772,8,49,[[52771,0],[52773,0],[53028,0],[52516,0],]]
[52773,19,49,[[52774,0],[52772,0],[53029,0],[53028,0],[52517,0],]]
[52774,15,49,[[52773,0],[52775,0],[53030,0],[52518,0],]]
[52775,1,49,[[52776,0],[52774,0],[53031,0],[53030,0],[52519,0],]]
[52776,1,49,[[52775,0],[52777,0],[53032,0],[52520,0],]]
[52777,10,49,[[52778,0],[52776,0],[53033,0],[53032,0],[52521,0],]]
[52778,8,49,[[52777,0],[52779,0],[53034,0],[52522,0],]]
[52779,2,49,[[52780,0],[52778,0],[53035,0],[53034,0],[52523,0],]]
[52780,7,49,[[52779,0],[52781,0],[53036,0],[52524,0],]]
[52781,1,49,[[52782,0],[52780,0],[53037,0],[53036,0],[52525,0],]]
[52782,12,49,[[52781,0],[52783,0],[53038,0],[52526,0],]]
[52783,6,49,[[52784,0],[52782,0],[53039,0],[53038,0],[52527,0],]]
[52784,10,49,[[52783,0],[52785,0],[53040,0],[52528,0],]]
[52785,1,49,[[52786,0],[52784,0],[53041,0],[53040,0],[52529,0],]]
[52786,11,49,[[52785,0],[52787,0],[53042,0],[52530,0],]]
[52787,13,49,[[52788,0],[52786,0],[53043,0],[53042,0],[52531,0],]]
[52788,2,49,[[52787,0],[52789,0],[53044,0],[52532,0],]]
[52789,2,49,[[52790,0],[52788,0],[53045,0],[53044,0],[52533,0],]]
[52790,10,49,[[52789,0],[52791,0],[53046,0],[52534,0],]]
[52791,3,49,[[52792,0],[52790,0],[53047,0],[53046,0],[52535,0],]]
[52792,10,49,[[52791,0],[52793,0],[53048,0],[52536,0],]]
[52793,7,49,[[52794,0],[52792,0],[53049,0],[53048,0],[52537,0],]]
[52794,2,49,[[52793,0],[52795,0],[53050,0],[52538,0],]]
[52795,18,49,[[52796,0],[52794,0],[53051,0],[53050,0],[52539,0],]]
[52796,19,49,[[52795,0],[52797,0],[53052,0],[52540,0],]]
[52797,15,49,[[52798,0],[52796,0],[53053,0],[53052,0],[52541,0],]]
[52798,2,49,[[52797,0],[52799,0],[53054,0],[52542,0],]]
[52799,10,49,[[52800,0],[52798,0],[53055,0],[53054,0],[52543,0],]]
[52800,1,50,[[52799,0],[52801,0],[53056,0],[52544,0],]]
[52801,2,50,[[52802,0],[52800,0],[53057,0],[53056,0],[52545,0],]]
[52802,10,50,[[52801,0],[52803,0],[53058,0],[52546,0],]]
[52803,9,50,[[52804,0],[52802,0],[53059,0],[53058,0],[52547,0],]]
[52804,18,50,[[52803,0],[52805,0],[53060,0],[52548,0],]]
[52805,16,50,[[52806,0],[52804,0],[53061,0],[53060,0],[52549,0],]]
[52806,10,50,[[52805,0],[52807,0],[53062,0],[52550,0],]]
[52807,14,50,[[52808,0],[52806,0],[53063,0],[53062,0],[52551,0],]]
[52808,2,50,[[52807,0],[52809,0],[53064,0],[52552,0],]]
[52809,1,50,[[52810,0],[52808,0],[53065,0],[53064,0],[52553,0],]]
[52810,10,50,[[52809,0],[52811,0],[53066,0],[52554,0],]]
[52811,1,50,[[52812,0],[52810,0],[53067,0],[53066,0],[52555,0],]]
[52812,15,50,[[52811,0],[52813,0],[53068,0],[52556,0],]]
[52813,11,50,[[52814,0],[52812,0],[53069,0],[53068,0],[52557,0],]]
[52814,8,50,[[52813,0],[52815,0],[53070,0],[52558,0],]]
[52815,11,50,[[52816,0],[52814,0],[53071,0],[53070,0],[52559,0],]]
[52816,2,50,[[52815,0],[52817,0],[53072,0],[52560,0],]]
[52817,9,50,[[52818,0],[52816,0],[53073,0],[53072,0],[52561,0],]]
[52818,13,50,[[52817,0],[52819,0],[53074,0],[52562,0],]]
[52819,11,50,[[52820,0],[52818,0],[53075,0],[53074,0],[52563,0],]]
[52820,14,50,[[52819,0],[52821,0],[53076,0],[52564,0],]]
[52821,16,50,[[52822,0],[52820,0],[53077,0],[53076,0],[52565,0],]]
[52822,8,50,[[52821,0],[52823,0],[53078,0],[52566,0],]]
[52823,15,50,[[52824,0],[52822,0],[53079,0],[53078,0],[52567,0],]]
[52824,3,50,[[52823,0],[52825,0],[53080,0],[52568,0],]]
[52825,17,50,[[52826,0],[52824,0],[53081,0],[53080,0],[52569,0],]]
[52826,5,50,[[52825,0],[52827,0],[53082,0],[52570,0],]]
[52827,11,50,[[52828,0],[52826,0],[53083,0],[53082,0],[52571,0],]]
[52828,19,50,[[52827,0],[52829,0],[53084,0],[52572,0],]]
[52829,7,50,[[52830,0],[52828,0],[53085,0],[53084,0],[52573,0],]]
[52830,8,50,[[52829,0],[52831,0],[53086,0],[52574,0],]]
[52831,19,50,[[52832,0],[52830,0],[53087,0],[53086,0],[52575,0],]]
[52832,16,51,[[52831,0],[52833,0],[53088,0],[52576,0],]]
[52833,13,51,[[52834,0],[52832,0],[53089,0],[53088,0],[52577,0],]]
[52834,6,51,[[52833,0],[52835,0],[53090,0],[52578,0],]]
[52835,2,51,[[52836,0],[52834,0],[53091,0],[53090,0],[52579,0],]]
[52836,3,51,[[52835,0],[52837,0],[53092,0],[52580,0],]]
[52837,16,51,[[52838,0],[52836,0],[53093,0],[53092,0],[52581,0],]]
[52838,13,51,[[52837,0],[52839,0],[53094,0],[52582,0],]]
[52839,5,51,[[52840,0],[52838,0],[53095,0],[53094,0],[52583,0],]]
[52840,11,51,[[52839,0],[52841,0],[53096,0],[52584,0],]]
[52841,3,51,[[52842,0],[52840,0],[53097,0],[53096,0],[52585,0],]]
[52842,1,51,[[52841,0],[52843,0],[53098,0],[52586,0],]]
[52843,10,51,[[52844,0],[52842,0],[53099,0],[53098,0],[52587,0],]]
[52844,15,51,[[52843,0],[52845,0],[53100,0],[52588,0],]]
[52845,2,51,[[52846,0],[52844,0],[53101,0],[53100,0],[52589,0],]]
[52846,11,51,[[52845,0],[52847,0],[53102,0],[52590,0],]]
[52847,13,51,[[52848,0],[52846,0],[53103,0],[53102,0],[52591,0],]]
[52848,4,51,[[52847,0],[52849,0],[53104,0],[52592,0],]]
[52849,2,51,[[52850,0],[52848,0],[53105,0],[53104,0],[52593,0],]]
[52850,15,51,[[52849,0],[52851,0],[53106,0],[52594,0],]]
[52851,10,51,[[52852,0],[52850,0],[53107,0],[53106,0],[52595,0],]]
[52852,5,51,[[52851,0],[52853,0],[53108,0],[52596,0],]]
[52853,9,51,[[52854,0],[52852,0],[53109,0],[53108,0],[52597,0],]]
[52854,10,51,[[52853,0],[52855,0],[53110,0],[52598,0],]]
[52855,17,51,[[52856,0],[52854,0],[53111,0],[53110,0],[52599,0],]]
[52856,3,51,[[52855,0],[52857,0],[53112,0],[52600,0],]]
[52857,19,51,[[52858,0],[52856,0],[53113,0],[53112,0],[52601,0],]]
[52858,19,51,[[52857,0],[52859,0],[53114,0],[52602,0],]]
[52859,16,51,[[52860,0],[52858,0],[53115,0],[53114,0],[52603,0],]]
[52860,9,51,[[52859,0],[52861,0],[53116,0],[52604,0],]]
[52861,2,51,[[52862,0],[52860,0],[53117,0],[53116,0],[52605,0],]]
[52862,5,51,[[52861,0],[52863,0],[53118,0],[52606,0],]]
[52863,16,51,[[52864,0],[52862,0],[53119,0],[53118,0],[52607,0],]]
[52864,19,52,[[52863,0],[52865,0],[53120,0],[52608,0],]]
[52865,11,52,[[52866,0],[52864,0],[53121,0],[53120,0],[52609,0],]]
[52866,2,52,[[52865,0],[52867,0],[53122,0],[52610,0],]]
[52867,11,52,[[52868,0],[52866,0],[53123,0],[53122,0],[52611,0],]]
[52868,14,52,[[52867,0],[52869,0],[53124,0],[52612,0],]]
[52869,8,52,[[52870,0],[52868,0],[53125,0],[53124,0],[52613,0],]]
[52870,4,52,[[52869,0],[52871,0],[53126,0],[52614,0],]]
[52871,17,52,[[52872,0],[52870,0],[53127,0],[53126,0],[52615,0],]]
[52872,12,52,[[52871,0],[52873,0],[53128,0],[52616,0],]]
[52873,6,52,[[52874,0],[52872,0],[53129,0],[53128,0],[52617,0],]]
[52874,4,52,[[52873,0],[52875,0],[53130,0],[52618,0],]]
[52875,8,52,[[52876,0],[52874,0],[53131,0],[53130,0],[52619,0],]]
[52876,15,52,[[52875,0],[52877,0],[53132,0],[52620,0],]]
[52877,17,52,[[52878,0],[52876,0],[53133,0],[53132,0],[52621,0],]]
[52878,7,52,[[52877,0],[52879,0],[53134,0],[52622,0],]]
[52879,5,52,[[52880,0],[52878,0],[53135,0],[53134,0],[52623,0],]]
[52880,15,52,[[52879,0],[52881,0],[53136,0],[52624,0],]]
[52881,1,52,[[52882,0],[52880,0],[53137,0],[53136,0],[52625,0],]]
[52882,15,52,[[52881,0],[52883,0],[53138,0],[52626,0],]]
[52883,13,52,[[52884,0],[52882,0],[53139,0],[53138,0],[52627,0],]]
[52884,19,52,[[52883,0],[52885,0],[53140,0],[52628,0],]]
[52885,15,52,[[52886,0],[52884,0],[53141,0],[53140,0],[52629,0],]]
[52886,12,52,[[52885,0],[52887,0],[53142,0],[52630,0],]]
[52887,15,52,[[52888,0],[52886,0],[53143,0],[53142,0],[52631,0],]]
[52888,8,52,[[52887,0],[52889,0],[53144,0],[52632,0],]]
[52889,11,52,[[52890,0],[52888,0],[53145,0],[53144,0],[52633,0],]]
[52890,17,52,[[52889,0],[52891,0],[53146,0],[52634,0],]]
[52891,8,52,[[52892,0],[52890,0],[53147,0],[53146,0],[52635,0],]]
[52892,18,52,[[52891,0],[52893,0],[53148,0],[52636,0],]]
[52893,3,52,[[52894,0],[52892,0],[53149,0],[53148,0],[52637,0],]]
[52894,11,52,[[52893,0],[52895,0],[53150,0],[52638,0],]]
[52895,14,52,[[52896,0],[52894,0],[53151,0],[53150,0],[52639,0],]]
[52896,15,53,[[52895,0],[52897,0],[53152,0],[52640,0],]]
[52897,1,53,[[52898,0],[52896,0],[53153,0],[53152,0],[52641,0],]]
[52898,18,53,[[52897,0],[52899,0],[53154,0],[52642,0],]]
[52899,12,53,[[52900,0],[52898,0],[53155,0],[53154,0],[52643,0],]]
[52900,19,53,[[52899,0],[52901,0],[53156,0],[52644,0],]]
[52901,13,53,[[52902,0],[52900,0],[53157,0],[53156,0],[52645,0],]]
[52902,3,53,[[52901,0],[52903,0],[53158,0],[52646,0],]]
[52903,18,53,[[52904,0],[52902,0],[53159,0],[53158,0],[52647,0],]]
[52904,13,53,[[52903,0],[52905,0],[53160,0],[52648,0],]]
[52905,13,53,[[52906,0],[52904,0],[53161,0],[53160,0],[52649,0],]]
[52906,2,53,[[52905,0],[52907,0],[53162,0],[52650,0],]]
[52907,1,53,[[52908,0],[52906,0],[53163,0],[53162,0],[52651,0],]]
[52908,11,53,[[52907,0],[52909,0],[53164,0],[52652,0],]]
[52909,16,53,[[52910,0],[52908,0],[53165,0],[53164,0],[52653,0],]]
[52910,12,53,[[52909,0],[52911,0],[53166,0],[52654,0],]]
[52911,9,53,[[52912,0],[52910,0],[53167,0],[53166,0],[52655,0],]]
[52912,15,53,[[52911,0],[52913,0],[53168,0],[52656,0],]]
[52913,11,53,[[52914,0],[52912,0],[53169,0],[53168,0],[52657,0],]]
[52914,8,53,[[52913,0],[52915,0],[53170,0],[52658,0],]]
[52915,10,53,[[52916,0],[52914,0],[53171,0],[53170,0],[52659,0],]]
[52916,11,53,[[52915,0],[52917,0],[53172,0],[52660,0],]]
[52917,6,53,[[52918,0],[52916,0],[53173,0],[53172,0],[52661,0],]]
[52918,3,53,[[52917,0],[52919,0],[53174,0],[52662,0],]]
[52919,6,53,[[52920,0],[52918,0],[53175,0],[53174,0],[52663,0],]]
[52920,11,53,[[52919,0],[52921,0],[53176,0],[52664,0],]]
[52921,14,53,[[52922,0],[52920,0],[53177,0],[53176,0],[52665,0],]]
[52922,17,53,[[52921,0],[52923,0],[53178,0],[52666,0],]]
[52923,4,53,[[52924,0],[52922,0],[53179,0],[53178,0],[52667,0],]]
[52924,14,53,[[52923,0],[52925,0],[53180,0],[52668,0],]]
[52925,3,53,[[52926,0],[52924,0],[53181,0],[53180,0],[52669,0],]]
[52926,18,53,[[52925,0],[52927,0],[53182,0],[52670,0],]]
[52927,18,53,[[52928,0],[52926,0],[53183,0],[53182,0],[52671,0],]]
[52928,17,54,[[52927,0],[52929,0],[53184,0],[52672,0],]]
[52929,7,54,[[52930,0],[52928,0],[53185,0],[53184,0],[52673,0],]]
[52930,2,54,[[52929,0],[52931,0],[53186,0],[52674,0],]]
[52931,6,54,[[52932,0],[52930,0],[53187,0],[53186,0],[52675,0],]]
[52932,15,54,[[52931,0],[52933,0],[53188,0],[52676,0],]]
[52933,11,54,[[52934,0],[52932,0],[53189,0],[53188,0],[52677,0],]]
[52934,4,54,[[52933,0],[52935,0],[53190,0],[52678,0],]]
[52935,2,54,[[52936,0],[52934,0],[53191,0],[53190,0],[52679,0],]]
[52936,17,54,[[52935,0],[52937,0],[53192,0],[52680,0],]]
[52937,16,54,[[52938,0],[52936,0],[53193,0],[53192,0],[52681,0],]]
[52938,13,54,[[52937,0],[52939,0],[53194,0],[52682,0],]]
[52939,19,54,[[52940,0],[52938,0],[53195,0],[53194,0],[52683,0],]]
[52940,11,54,[[52939,0],[52941,0],[53196,0],[52684,0],]]
[52941,6,54,[[52942,0],[52940,0],[53197,0],[53196,0],[52685,0],]]
[52942,7,54,[[52941,0],[52943,0],[53198,0],[52686,0],]]
[52943,16,54,[[52944,0],[52942,0],[53199,0],[53198,0],[52687,0],]]
[52944,6,54,[[52943,0],[52945,0],[53200,0],[52688,0],]]
[52945,6,54,[[52946,0],[52944,0],[53201,0],[53200,0],[52689,0],]]
[52946,3,54,[[52945,0],[52947,0],[53202,0],[52690,0],]]
[52947,4,54,[[52948,0],[52946,0],[53203,0],[53202,0],[52691,0],]]
[52948,6,54,[[52947,0],[52949,0],[53204,0],[52692,0],]]
[52949,8,54,[[52950,0],[52948,0],[53205,0],[53204,0],[52693,0],]]
[52950,8,54,[[52949,0],[52951,0],[53206,0],[52694,0],]]
[52951,8,54,[[52952,0],[52950,0],[53207,0],[53206,0],[52695,0],]]
[52952,7,54,[[52951,0],[52953,0],[53208,0],[52696,0],]]
[52953,2,54,[[52954,0],[52952,0],[53209,0],[53208,0],[52697,0],]]
[52954,3,54,[[52953,0],[52955,0],[53210,0],[52698,0],]]
[52955,9,54,[[52956,0],[52954,0],[53211,0],[53210,0],[52699,0],]]
[52956,7,54,[[52955,0],[52957,0],[53212,0],[52700,0],]]
[52957,6,54,[[52958,0],[52956,0],[53213,0],[53212,0],[52701,0],]]
[52958,18,54,[[52957,0],[52959,0],[53214,0],[52702,0],]]
[52959,12,54,[[52960,0],[52958,0],[53215,0],[53214,0],[52703,0],]]
[52960,19,55,[[52959,0],[52961,0],[53216,0],[52704,0],]]
[52961,5,55,[[52962,0],[52960,0],[53217,0],[53216,0],[52705,0],]]
[52962,16,55,[[52961,0],[52963,0],[53218,0],[52706,0],]]
[52963,8,55,[[52964,0],[52962,0],[53219,0],[53218,0],[52707,0],]]
[52964,17,55,[[52963,0],[52965,0],[53220,0],[52708,0],]]
[52965,3,55,[[52966,0],[52964,0],[53221,0],[53220,0],[52709,0],]]
[52966,3,55,[[52965,0],[52967,0],[53222,0],[52710,0],]]
[52967,15,55,[[52968,0],[52966,0],[53223,0],[53222,0],[52711,0],]]
[52968,5,55,[[52967,0],[52969,0],[53224,0],[52712,0],]]
[52969,17,55,[[52970,0],[52968,0],[53225,0],[53224,0],[52713,0],]]
[52970,7,55,[[52969,0],[52971,0],[53226,0],[52714,0],]]
[52971,13,55,[[52972,0],[52970,0],[53227,0],[53226,0],[52715,0],]]
[52972,13,55,[[52971,0],[52973,0],[53228,0],[52716,0],]]
[52973,16,55,[[52974,0],[52972,0],[53229,0],[53228,0],[52717,0],]]
[52974,6,55,[[52973,0],[52975,0],[53230,0],[52718,0],]]
[52975,7,55,[[52976,0],[52974,0],[53231,0],[53230,0],[52719,0],]]
[52976,11,55,[[52975,0],[52977,0],[53232,0],[52720,0],]]
[52977,10,55,[[52978,0],[52976,0],[53233,0],[53232,0],[52721,0],]]
[52978,2,55,[[52977,0],[52979,0],[53234,0],[52722,0],]]
[52979,11,55,[[52980,0],[52978,0],[53235,0],[53234,0],[52723,0],]]
[52980,5,55,[[52979,0],[52981,0],[53236,0],[52724,0],]]
[52981,17,55,[[52982,0],[52980,0],[53237,0],[53236,0],[52725,0],]]
[52982,14,55,[[52981,0],[52983,0],[53238,0],[52726,0],]]
[52983,3,55,[[52984,0],[52982,0],[53239,0],[53238,0],[52727,0],]]
[52984,3,55,[[52983,0],[52985,0],[53240,0],[52728,0],]]
[52985,4,55,[[52986,0],[52984,0],[53241,0],[53240,0],[52729,0],]]
[52986,11,55,[[52985,0],[52987,0],[53242,0],[52730,0],]]
[52987,11,55,[[52988,0],[52986,0],[53243,0],[53242,0],[52731,0],]]
[52988,11,55,[[52987,0],[52989,0],[53244,0],[52732,0],]]
[52989,16,55,[[52990,0],[52988,0],[53245,0],[53244,0],[52733,0],]]
[52990,3,55,[[52989,0],[52991,0],[53246,0],[52734,0],]]
[52991,1,55,[[52990,0],[53247,0],[53246,0],[52735,0],]]
[52992,11,48,[[52993,0],[52736,0],[52737,0],[53248,0],]]
[52993,1,48,[[52994,0],[52992,0],[52737,0],[53249,0],]]
[52994,1,48,[[52993,0],[52995,0],[52738,0],[52739,0],[53250,0],]]
[52995,3,48,[[52996,0],[52994,0],[52739,0],[53251,0],]]
[52996,15,48,[[52995,0],[52997,0],[52740,0],[52741,0],[53252,0],]]
[52997,18,48,[[52998,0],[52996,0],[52741,0],[53253,0],]]
[52998,15,48,[[52997,0],[52999,0],[52742,0],[52743,0],[53254,0],]]
[52999,10,48,[[53000,0],[52998,0],[52743,0],[53255,0],]]
[53000,1,48,[[52999,0],[53001,0],[52744,0],[52745,0],[53256,0],]]
[53001,12,48,[[53002,0],[53000,0],[52745,0],[53257,0],]]
[53002,15,48,[[53001,0],[53003,0],[52746,0],[52747,0],[53258,0],]]
[53003,10,48,[[53004,0],[53002,0],[52747,0],[53259,0],]]
[53004,5,48,[[53003,0],[53005,0],[52748,0],[52749,0],[53260,0],]]
[53005,14,48,[[53006,0],[53004,0],[52749,0],[53261,0],]]
[53006,13,48,[[53005,0],[53007,0],[52750,0],[52751,0],[53262,0],]]
[53007,1,48,[[53008,0],[53006,0],[52751,0],[53263,0],]]
[53008,10,48,[[53007,0],[53009,0],[52752,0],[52753,0],[53264,0],]]
[53009,4,48,[[53010,0],[53008,0],[52753,0],[53265,0],]]
[53010,12,48,[[53009,0],[53011,0],[52754,0],[52755,0],[53266,0],]]
[53011,5,48,[[53012,0],[53010,0],[52755,0],[53267,0],]]
[53012,6,48,[[53011,0],[53013,0],[52756,0],[52757,0],[53268,0],]]
[53013,13,48,[[53014,0],[53012,0],[52757,0],[53269,0],]]
[53014,11,48,[[53013,0],[53015,0],[52758,0],[52759,0],[53270,0],]]
[53015,2,48,[[53016,0],[53014,0],[52759,0],[53271,0],]]
[53016,7,48,[[53015,0],[53017,0],[52760,0],[52761,0],[53272,0],]]
[53017,10,48,[[53018,0],[53016,0],[52761,0],[53273,0],]]
[53018,18,48,[[53017,0],[53019,0],[52762,0],[52763,0],[53274,0],]]
[53019,10,48,[[53020,0],[53018,0],[52763,0],[53275,0],]]
[53020,19,48,[[53019,0],[53021,0],[52764,0],[52765,0],[53276,0],]]
[53021,2,48,[[53022,0],[53020,0],[52765,0],[53277,0],]]
[53022,12,48,[[53021,0],[53023,0],[52766,0],[52767,0],[53278,0],]]
[53023,17,48,[[53024,0],[53022,0],[52767,0],[53279,0],]]
[53024,19,49,[[53023,0],[53025,0],[52768,0],[52769,0],[53280,0],]]
[53025,2,49,[[53026,0],[53024,0],[52769,0],[53281,0],]]
[53026,18,49,[[53025,0],[53027,0],[52770,0],[52771,0],[53282,0],]]
[53027,4,49,[[53028,0],[53026,0],[52771,0],[53283,0],]]
[53028,6,49,[[53027,0],[53029,0],[52772,0],[52773,0],[53284,0],]]
[53029,15,49,[[53030,0],[53028,0],[52773,0],[53285,0],]]
[53030,2,49,[[53029,0],[53031,0],[52774,0],[52775,0],[53286,0],]]
[53031,4,49,[[53032,0],[53030,0],[52775,0],[53287,0],]]
[53032,17,49,[[53031,0],[53033,0],[52776,0],[52777,0],[53288,0],]]
[53033,15,49,[[53034,0],[53032,0],[52777,0],[53289,0],]]
[53034,4,49,[[53033,0],[53035,0],[52778,0],[52779,0],[53290,0],]]
[53035,5,49,[[53036,0],[53034,0],[52779,0],[53291,0],]]
[53036,4,49,[[53035,0],[53037,0],[52780,0],[52781,0],[53292,0],]]
[53037,15,49,[[53038,0],[53036,0],[52781,0],[53293,0],]]
[53038,9,49,[[53037,0],[53039,0],[52782,0],[52783,0],[53294,0],]]
[53039,16,49,[[53040,0],[53038,0],[52783,0],[53295,0],]]
[53040,14,49,[[53039,0],[53041,0],[52784,0],[52785,0],[53296,0],]]
[53041,12,49,[[53042,0],[53040,0],[52785,0],[53297,0],]]
[53042,18,49,[[53041,0],[53043,0],[52786,0],[52787,0],[53298,0],]]
[53043,9,49,[[53044,0],[53042,0],[52787,0],[53299,0],]]
[53044,15,49,[[53043,0],[53045,0],[52788,0],[52789,0],[53300,0],]]
[53045,3,49,[[53046,0],[53044,0],[52789,0],[53301,0],]]
[53046,6,49,[[53045,0],[53047,0],[52790,0],[52791,0],[53302,0],]]
[53047,1,49,[[53048,0],[53046,0],[52791,0],[53303,0],]]
[53048,5,49,[[53047,0],[53049,0],[52792,0],[52793,0],[53304,0],]]
[53049,2,49,[[53050,0],[53048,0],[52793,0],[53305,0],]]
[53050,8,49,[[53049,0],[53051,0],[52794,0],[52795,0],[53306,0],]]
[53051,8,49,[[53052,0],[53050,0],[52795,0],[53307,0],]]
[53052,17,49,[[53051,0],[53053,0],[52796,0],[52797,0],[53308,0],]]
[53053,3,49,[[53054,0],[53052,0],[52797,0],[53309,0],]]
[53054,4,49,[[53053,0],[53055,0],[52798,0],[52799,0],[53310,0],]]
[53055,4,49,[[53056,0],[53054,0],[52799,0],[53311,0],]]
[53056,11,50,[[53055,0],[53057,0],[52800,0],[52801,0],[53312,0],]]
[53057,9,50,[[53058,0],[53056,0],[52801,0],[53313,0],]]
[53058,7,50,[[53057,0],[53059,0],[52802,0],[52803,0],[53314,0],]]
[53059,7,50,[[53060,0],[53058,0],[52803,0],[53315,0],]]
[53060,12,50,[[53059,0],[53061,0],[52804,0],[52805,0],[53316,0],]]
[53061,15,50,[[53062,0],[53060,0],[52805,0],[53317,0],]]
[53062,2,50,[[53061,0],[53063,0],[52806,0],[52807,0],[53318,0],]]
[53063,1,50,[[53064,0],[53062,0],[52807,0],[53319,0],]]
[53064,13,50,[[53063,0],[53065,0],[52808,0],[52809,0],[53320,0],]]
[53065,2,50,[[53066,0],[53064,0],[52809,0],[53321,0],]]
[53066,17,50,[[53065,0],[53067,0],[52810,0],[52811,0],[53322,0],]]
[53067,9,50,[[53068,0],[53066,0],[52811,0],[53323,0],]]
[53068,10,50,[[53067,0],[53069,0],[52812,0],[52813,0],[53324,0],]]
[53069,11,50,[[53070,0],[53068,0],[52813,0],[53325,0],]]
[53070,13,50,[[53069,0],[53071,0],[52814,0],[52815,0],[53326,0],]]
[53071,4,50,[[53072,0],[53070,0],[52815,0],[53327,0],]]
[53072,14,50,[[53071,0],[53073,0],[52816,0],[52817,0],[53328,0],]]
[53073,15,50,[[53074,0],[53072,0],[52817,0],[53329,0],]]
[53074,4,50,[[53073,0],[53075,0],[52818,0],[52819,0],[53330,0],]]
[53075,18,50,[[53076,0],[53074,0],[52819,0],[53331,0],]]
[53076,9,50,[[53075,0],[53077,0],[52820,0],[52821,0],[53332,0],]]
[53077,15,50,[[53078,0],[53076,0],[52821,0],[53333,0],]]
[53078,6,50,[[53077,0],[53079,0],[52822,0],[52823,0],[53334,0],]]
[53079,7,50,[[53080,0],[53078,0],[52823,0],[53335,0],]]
[53080,9,50,[[53079,0],[53081,0],[52824,0],[52825,0],[53336,0],]]
[53081,16,50,[[53082,0],[53080,0],[52825,0],[53337,0],]]
[53082,18,50,[[53081,0],[53083,0],[52826,0],[52827,0],[53338,0],]]
[53083,9,50,[[53084,0],[53082,0],[52827,0],[53339,0],]]
