[55705,3,52,[[55706,0],[55704,0],[55449,0],[55961,0],]]
[55706,7,52,[[55705,0],[55707,0],[55450,0],[55451,0],[55962,0],]]
[55707,2,52,[[55708,0],[55706,0],[55451,0],[55963,0],]]
[55708,8,52,[[55707,0],[55709,0],[55452,0],[55453,0],[55964,0],]]
[55709,1,52,[[55710,0],[55708,0],[55453,0],[55965,0],]]
[55710,19,52,[[55709,0],[55711,0],[55454,0],[55455,0],[55966,0],]]
[55711,5,52,[[55712,0],[55710,0],[55455,0],[55967,0],]]
[55712,18,53,[[55711,0],[55713,0],[55456,0],[55457,0],[55968,0],]]
[55713,1,53,[[55714,0],[55712,0],[55457,0],[55969,0],]]
[55714,10,53,[[55713,0],[55715,0],[55458,0],[55459,0],[55970,0],]]
[55715,2,53,[[55716,0],[55714,0],[55459,0],[55971,0],]]
[55716,17,53,[[55715,0],[55717,0],[55460,0],[55461,0],[55972,0],]]
[55717,3,53,[[55718,0],[55716,0],[55461,0],[55973,0],]]
[55718,13,53,[[55717,0],[55719,0],[55462,0],[55463,0],[55974,0],]]
[55719,13,53,[[55720,0],[55718,0],[55463,0],[55975,0],]]
[55720,11,53,[[55719,0],[55721,0],[55464,0],[55465,0],[55976,0],]]
[55721,7,53,[[55722,0],[55720,0],[55465,0],[55977,0],]]
[55722,16,53,[[55721,0],[55723,0],[55466,0],[55467,0],[55978,0],]]
[55723,4,53,[[55724,0],[55722,0],[55467,0],[55979,0],]]
[55724,19,53,[[55723,0],[55725,0],[55468,0],[55469,0],[55980,0],]]
[55725,16,53,[[55726,0],[55724,0],[55469,0],[55981,0],]]
[55726,16,53,[[55725,0],[55727,0],[55470,0],[55471,0],[55982,0],]]
[55727,18,53,[[55728,0],[55726,0],[55471,0],[55983,0],]]
[55728,10,53,[[55727,0],[55729,0],[55472,0],[55473,0],[55984,0],]]
[55729,13,53,[[55730,0],[55728,0],[55473,0],[55985,0],]]
[55730,8,53,[[55729,0],[55731,0],[55474,0],[55475,0],[55986,0],]]
[55731,16,53,[[55732,0],[55730,0],[55475,0],[55987,0],]]
[55732,18,53,[[55731,0],[55733,0],[55476,0],[55477,0],[55988,0],]]
[55733,18,53,[[55734,0],[55732,0],[55477,0],[55989,0],]]
[55734,11,53,[[55733,0],[55735,0],[55478,0],[55479,0],[55990,0],]]
[55735,18,53,[[55736,0],[55734,0],[55479,0],[55991,0],]]
[55736,2,53,[[55735,0],[55737,0],[55480,0],[55481,0],[55992,0],]]
[55737,18,53,[[55738,0],[55736,0],[55481,0],[55993,0],]]
[55738,15,53,[[55737,0],[55739,0],[55482,0],[55483,0],[55994,0],]]
[55739,17,53,[[55740,0],[55738,0],[55483,0],[55995,0],]]
[55740,19,53,[[55739,0],[55741,0],[55484,0],[55485,0],[55996,0],]]
[55741,17,53,[[55742,0],[55740,0],[55485,0],[55997,0],]]
[55742,13,53,[[55741,0],[55743,0],[55486,0],[55487,0],[55998,0],]]
[55743,7,53,[[55744,0],[55742,0],[55487,0],[55999,0],]]
[55744,13,54,[[55743,0],[55745,0],[55488,0],[55489,0],[56000,0],]]
[55745,15,54,[[55746,0],[55744,0],[55489,0],[56001,0],]]
[55746,5,54,[[55745,0],[55747,0],[55490,0],[55491,0],[56002,0],]]
[55747,4,54,[[55748,0],[55746,0],[55491,0],[56003,0],]]
[55748,10,54,[[55747,0],[55749,0],[55492,0],[55493,0],[56004,0],]]
[55749,15,54,[[55750,0],[55748,0],[55493,0],[56005,0],]]
[55750,18,54,[[55749,0],[55751,0],[55494,0],[55495,0],[56006,0],]]
[55751,14,54,[[55752,0],[55750,0],[55495,0],[56007,0],]]
[55752,9,54,[[55751,0],[55753,0],[55496,0],[55497,0],[56008,0],]]
[55753,13,54,[[55754,0],[55752,0],[55497,0],[56009,0],]]
[55754,9,54,[[55753,0],[55755,0],[55498,0],[55499,0],[56010,0],]]
[55755,13,54,[[55756,0],[55754,0],[55499,0],[56011,0],]]
[55756,4,54,[[55755,0],[55757,0],[55500,0],[55501,0],[56012,0],]]
[55757,19,54,[[55758,0],[55756,0],[55501,0],[56013,0],]]
[55758,5,54,[[55757,0],[55759,0],[55502,0],[55503,0],[56014,0],]]
[55759,19,54,[[55760,0],[55758,0],[55503,0],[56015,0],]]
[55760,1,54,[[55759,0],[55761,0],[55504,0],[55505,0],[56016,0],]]
[55761,3,54,[[55762,0],[55760,0],[55505,0],[56017,0],]]
[55762,9,54,[[55761,0],[55763,0],[55506,0],[55507,0],[56018,0],]]
[55763,12,54,[[55764,0],[55762,0],[55507,0],[56019,0],]]
[55764,2,54,[[55763,0],[55765,0],[55508,0],[55509,0],[56020,0],]]
[55765,10,54,[[55766,0],[55764,0],[55509,0],[56021,0],]]
[55766,10,54,[[55765,0],[55767,0],[55510,0],[55511,0],[56022,0],]]
[55767,9,54,[[55768,0],[55766,0],[55511,0],[56023,0],]]
[55768,6,54,[[55767,0],[55769,0],[55512,0],[55513,0],[56024,0],]]
[55769,16,54,[[55770,0],[55768,0],[55513,0],[56025,0],]]
[55770,18,54,[[55769,0],[55771,0],[55514,0],[55515,0],[56026,0],]]
[55771,2,54,[[55772,0],[55770,0],[55515,0],[56027,0],]]
[55772,18,54,[[55771,0],[55773,0],[55516,0],[55517,0],[56028,0],]]
[55773,8,54,[[55774,0],[55772,0],[55517,0],[56029,0],]]
[55774,19,54,[[55773,0],[55775,0],[55518,0],[55519,0],[56030,0],]]
[55775,4,54,[[55776,0],[55774,0],[55519,0],[56031,0],]]
[55776,16,55,[[55775,0],[55777,0],[55520,0],[55521,0],[56032,0],]]
[55777,19,55,[[55778,0],[55776,0],[55521,0],[56033,0],]]
[55778,7,55,[[55777,0],[55779,0],[55522,0],[55523,0],[56034,0],]]
[55779,6,55,[[55780,0],[55778,0],[55523,0],[56035,0],]]
[55780,2,55,[[55779,0],[55781,0],[55524,0],[55525,0],[56036,0],]]
[55781,3,55,[[55782,0],[55780,0],[55525,0],[56037,0],]]
[55782,5,55,[[55781,0],[55783,0],[55526,0],[55527,0],[56038,0],]]
[55783,19,55,[[55784,0],[55782,0],[55527,0],[56039,0],]]
[55784,17,55,[[55783,0],[55785,0],[55528,0],[55529,0],[56040,0],]]
[55785,9,55,[[55786,0],[55784,0],[55529,0],[56041,0],]]
[55786,3,55,[[55785,0],[55787,0],[55530,0],[55531,0],[56042,0],]]
[55787,7,55,[[55788,0],[55786,0],[55531,0],[56043,0],]]
[55788,15,55,[[55787,0],[55789,0],[55532,0],[55533,0],[56044,0],]]
[55789,3,55,[[55790,0],[55788,0],[55533,0],[56045,0],]]
[55790,13,55,[[55789,0],[55791,0],[55534,0],[55535,0],[56046,0],]]
[55791,18,55,[[55792,0],[55790,0],[55535,0],[56047,0],]]
[55792,17,55,[[55791,0],[55793,0],[55536,0],[55537,0],[56048,0],]]
[55793,8,55,[[55794,0],[55792,0],[55537,0],[56049,0],]]
[55794,18,55,[[55793,0],[55795,0],[55538,0],[55539,0],[56050,0],]]
[55795,5,55,[[55796,0],[55794,0],[55539,0],[56051,0],]]
[55796,14,55,[[55795,0],[55797,0],[55540,0],[55541,0],[56052,0],]]
[55797,9,55,[[55798,0],[55796,0],[55541,0],[56053,0],]]
[55798,16,55,[[55797,0],[55799,0],[55542,0],[55543,0],[56054,0],]]
[55799,2,55,[[55800,0],[55798,0],[55543,0],[56055,0],]]
[55800,2,55,[[55799,0],[55801,0],[55544,0],[55545,0],[56056,0],]]
[55801,9,55,[[55802,0],[55800,0],[55545,0],[56057,0],]]
[55802,13,55,[[55801,0],[55803,0],[55546,0],[55547,0],[56058,0],]]
[55803,15,55,[[55804,0],[55802,0],[55547,0],[56059,0],]]
[55804,17,55,[[55803,0],[55805,0],[55548,0],[55549,0],[56060,0],]]
[55805,9,55,[[55806,0],[55804,0],[55549,0],[56061,0],]]
[55806,9,55,[[55805,0],[55807,0],[55550,0],[55551,0],[56062,0],]]
[55807,18,55,[[55806,0],[55551,0],[56063,0],]]
[55808,19,48,[[55809,0],[56064,0],[55552,0],]]
[55809,6,48,[[55810,0],[55808,0],[56065,0],[56064,0],[55553,0],]]
[55810,15,48,[[55809,0],[55811,0],[56066,0],[55554,0],]]
[55811,11,48,[[55812,0],[55810,0],[56067,0],[56066,0],[55555,0],]]
[55812,8,48,[[55811,0],[55813,0],[56068,0],[55556,0],]]
[55813,9,48,[[55814,0],[55812,0],[56069,0],[56068,0],[55557,0],]]
[55814,19,48,[[55813,0],[55815,0],[56070,0],[55558,0],]]
[55815,2,48,[[55816,0],[55814,0],[56071,0],[56070,0],[55559,0],]]
[55816,14,48,[[55815,0],[55817,0],[56072,0],[55560,0],]]
[55817,15,48,[[55818,0],[55816,0],[56073,0],[56072,0],[55561,0],]]
[55818,3,48,[[55817,0],[55819,0],[56074,0],[55562,0],]]
[55819,19,48,[[55820,0],[55818,0],[56075,0],[56074,0],[55563,0],]]
[55820,16,48,[[55819,0],[55821,0],[56076,0],[55564,0],]]
[55821,7,48,[[55822,0],[55820,0],[56077,0],[56076,0],[55565,0],]]
[55822,8,48,[[55821,0],[55823,0],[56078,0],[55566,0],]]
[55823,8,48,[[55824,0],[55822,0],[56079,0],[56078,0],[55567,0],]]
[55824,11,48,[[55823,0],[55825,0],[56080,0],[55568,0],]]
[55825,17,48,[[55826,0],[55824,0],[56081,0],[56080,0],[55569,0],]]
[55826,13,48,[[55825,0],[55827,0],[56082,0],[55570,0],]]
[55827,13,48,[[55828,0],[55826,0],[56083,0],[56082,0],[55571,0],]]
[55828,15,48,[[55827,0],[55829,0],[56084,0],[55572,0],]]
[55829,15,48,[[55830,0],[55828,0],[56085,0],[56084,0],[55573,0],]]
[55830,18,48,[[55829,0],[55831,0],[56086,0],[55574,0],]]
[55831,13,48,[[55832,0],[55830,0],[56087,0],[56086,0],[55575,0],]]
[55832,17,48,[[55831,0],[55833,0],[56088,0],[55576,0],]]
[55833,5,48,[[55834,0],[55832,0],[56089,0],[56088,0],[55577,0],]]
[55834,12,48,[[55833,0],[55835,0],[56090,0],[55578,0],]]
[55835,9,48,[[55836,0],[55834,0],[56091,0],[56090,0],[55579,0],]]
[55836,9,48,[[55835,0],[55837,0],[56092,0],[55580,0],]]
[55837,6,48,[[55838,0],[55836,0],[56093,0],[56092,0],[55581,0],]]
[55838,10,48,[[55837,0],[55839,0],[56094,0],[55582,0],]]
[55839,14,48,[[55840,0],[55838,0],[56095,0],[56094,0],[55583,0],]]
[55840,9,49,[[55839,0],[55841,0],[56096,0],[55584,0],]]
[55841,13,49,[[55842,0],[55840,0],[56097,0],[56096,0],[55585,0],]]
[55842,11,49,[[55841,0],[55843,0],[56098,0],[55586,0],]]
[55843,7,49,[[55844,0],[55842,0],[56099,0],[56098,0],[55587,0],]]
[55844,2,49,[[55843,0],[55845,0],[56100,0],[55588,0],]]
[55845,9,49,[[55846,0],[55844,0],[56101,0],[56100,0],[55589,0],]]
[55846,8,49,[[55845,0],[55847,0],[56102,0],[55590,0],]]
[55847,6,49,[[55848,0],[55846,0],[56103,0],[56102,0],[55591,0],]]
[55848,9,49,[[55847,0],[55849,0],[56104,0],[55592,0],]]
[55849,17,49,[[55850,0],[55848,0],[56105,0],[56104,0],[55593,0],]]
[55850,9,49,[[55849,0],[55851,0],[56106,0],[55594,0],]]
[55851,7,49,[[55852,0],[55850,0],[56107,0],[56106,0],[55595,0],]]
[55852,15,49,[[55851,0],[55853,0],[56108,0],[55596,0],]]
[55853,15,49,[[55854,0],[55852,0],[56109,0],[56108,0],[55597,0],]]
[55854,12,49,[[55853,0],[55855,0],[56110,0],[55598,0],]]
[55855,4,49,[[55856,0],[55854,0],[56111,0],[56110,0],[55599,0],]]
[55856,8,49,[[55855,0],[55857,0],[56112,0],[55600,0],]]
[55857,13,49,[[55858,0],[55856,0],[56113,0],[56112,0],[55601,0],]]
[55858,1,49,[[55857,0],[55859,0],[56114,0],[55602,0],]]
[55859,10,49,[[55860,0],[55858,0],[56115,0],[56114,0],[55603,0],]]
[55860,14,49,[[55859,0],[55861,0],[56116,0],[55604,0],]]
[55861,19,49,[[55862,0],[55860,0],[56117,0],[56116,0],[55605,0],]]
[55862,14,49,[[55861,0],[55863,0],[56118,0],[55606,0],]]
[55863,16,49,[[55864,0],[55862,0],[56119,0],[56118,0],[55607,0],]]
[55864,2,49,[[55863,0],[55865,0],[56120,0],[55608,0],]]
[55865,11,49,[[55866,0],[55864,0],[56121,0],[56120,0],[55609,0],]]
[55866,2,49,[[55865,0],[55867,0],[56122,0],[55610,0],]]
[55867,5,49,[[55868,0],[55866,0],[56123,0],[56122,0],[55611,0],]]
[55868,17,49,[[55867,0],[55869,0],[56124,0],[55612,0],]]
[55869,5,49,[[55870,0],[55868,0],[56125,0],[56124,0],[55613,0],]]
[55870,17,49,[[55869,0],[55871,0],[56126,0],[55614,0],]]
[55871,7,49,[[55872,0],[55870,0],[56127,0],[56126,0],[55615,0],]]
[55872,8,50,[[55871,0],[55873,0],[56128,0],[55616,0],]]
[55873,14,50,[[55874,0],[55872,0],[56129,0],[56128,0],[55617,0],]]
[55874,12,50,[[55873,0],[55875,0],[56130,0],[55618,0],]]
[55875,1,50,[[55876,0],[55874,0],[56131,0],[56130,0],[55619,0],]]
[55876,11,50,[[55875,0],[55877,0],[56132,0],[55620,0],]]
[55877,1,50,[[55878,0],[55876,0],[56133,0],[56132,0],[55621,0],]]
[55878,7,50,[[55877,0],[55879,0],[56134,0],[55622,0],]]
[55879,10,50,[[55880,0],[55878,0],[56135,0],[56134,0],[55623,0],]]
[55880,19,50,[[55879,0],[55881,0],[56136,0],[55624,0],]]
[55881,10,50,[[55882,0],[55880,0],[56137,0],[56136,0],[55625,0],]]
[55882,12,50,[[55881,0],[55883,0],[56138,0],[55626,0],]]
[55883,8,50,[[55884,0],[55882,0],[56139,0],[56138,0],[55627,0],]]
[55884,3,50,[[55883,0],[55885,0],[56140,0],[55628,0],]]
[55885,3,50,[[55886,0],[55884,0],[56141,0],[56140,0],[55629,0],]]
[55886,19,50,[[55885,0],[55887,0],[56142,0],[55630,0],]]
[55887,17,50,[[55888,0],[55886,0],[56143,0],[56142,0],[55631,0],]]
[55888,5,50,[[55887,0],[55889,0],[56144,0],[55632,0],]]
[55889,13,50,[[55890,0],[55888,0],[56145,0],[56144,0],[55633,0],]]
[55890,18,50,[[55889,0],[55891,0],[56146,0],[55634,0],]]
[55891,6,50,[[55892,0],[55890,0],[56147,0],[56146,0],[55635,0],]]
[55892,16,50,[[55891,0],[55893,0],[56148,0],[55636,0],]]
[55893,15,50,[[55894,0],[55892,0],[56149,0],[56148,0],[55637,0],]]
[55894,18,50,[[55893,0],[55895,0],[56150,0],[55638,0],]]
[55895,6,50,[[55896,0],[55894,0],[56151,0],[56150,0],[55639,0],]]
[55896,3,50,[[55895,0],[55897,0],[56152,0],[55640,0],]]
[55897,12,50,[[55898,0],[55896,0],[56153,0],[56152,0],[55641,0],]]
[55898,12,50,[[55897,0],[55899,0],[56154,0],[55642,0],]]
[55899,7,50,[[55900,0],[55898,0],[56155,0],[56154,0],[55643,0],]]
[55900,3,50,[[55899,0],[55901,0],[56156,0],[55644,0],]]
[55901,17,50,[[55902,0],[55900,0],[56157,0],[56156,0],[55645,0],]]
[55902,15,50,[[55901,0],[55903,0],[56158,0],[55646,0],]]
[55903,3,50,[[55904,0],[55902,0],[56159,0],[56158,0],[55647,0],]]
[55904,6,51,[[55903,0],[55905,0],[56160,0],[55648,0],]]
[55905,7,51,[[55906,0],[55904,0],[56161,0],[56160,0],[55649,0],]]
[55906,9,51,[[55905,0],[55907,0],[56162,0],[55650,0],]]
[55907,1,51,[[55908,0],[55906,0],[56163,0],[56162,0],[55651,0],]]
[55908,17,51,[[55907,0],[55909,0],[56164,0],[55652,0],]]
[55909,5,51,[[55910,0],[55908,0],[56165,0],[56164,0],[55653,0],]]
[55910,18,51,[[55909,0],[55911,0],[56166,0],[55654,0],]]
[55911,7,51,[[55912,0],[55910,0],[56167,0],[56166,0],[55655,0],]]
[55912,19,51,[[55911,0],[55913,0],[56168,0],[55656,0],]]
[55913,18,51,[[55914,0],[55912,0],[56169,0],[56168,0],[55657,0],]]
[55914,16,51,[[55913,0],[55915,0],[56170,0],[55658,0],]]
[55915,3,51,[[55916,0],[55914,0],[56171,0],[56170,0],[55659,0],]]
[55916,10,51,[[55915,0],[55917,0],[56172,0],[55660,0],]]
[55917,5,51,[[55918,0],[55916,0],[56173,0],[56172,0],[55661,0],]]
[55918,11,51,[[55917,0],[55919,0],[56174,0],[55662,0],]]
[55919,2,51,[[55920,0],[55918,0],[56175,0],[56174,0],[55663,0],]]
[55920,19,51,[[55919,0],[55921,0],[56176,0],[55664,0],]]
[55921,5,51,[[55922,0],[55920,0],[56177,0],[56176,0],[55665,0],]]
[55922,10,51,[[55921,0],[55923,0],[56178,0],[55666,0],]]
[55923,3,51,[[55924,0],[55922,0],[56179,0],[56178,0],[55667,0],]]
[55924,7,51,[[55923,0],[55925,0],[56180,0],[55668,0],]]
[55925,7,51,[[55926,0],[55924,0],[56181,0],[56180,0],[55669,0],]]
[55926,13,51,[[55925,0],[55927,0],[56182,0],[55670,0],]]
[55927,15,51,[[55928,0],[55926,0],[56183,0],[56182,0],[55671,0],]]
[55928,3,51,[[55927,0],[55929,0],[56184,0],[55672,0],]]
[55929,2,51,[[55930,0],[55928,0],[56185,0],[56184,0],[55673,0],]]
[55930,14,51,[[55929,0],[55931,0],[56186,0],[55674,0],]]
[55931,15,51,[[55932,0],[55930,0],[56187,0],[56186,0],[55675,0],]]
[55932,14,51,[[55931,0],[55933,0],[56188,0],[55676,0],]]
[55933,9,51,[[55934,0],[55932,0],[56189,0],[56188,0],[55677,0],]]
[55934,5,51,[[55933,0],[55935,0],[56190,0],[55678,0],]]
[55935,13,51,[[55936,0],[55934,0],[56191,0],[56190,0],[55679,0],]]
[55936,16,52,[[55935,0],[55937,0],[56192,0],[55680,0],]]
[55937,6,52,[[55938,0],[55936,0],[56193,0],[56192,0],[55681,0],]]
[55938,18,52,[[55937,0],[55939,0],[56194,0],[55682,0],]]
[55939,19,52,[[55940,0],[55938,0],[56195,0],[56194,0],[55683,0],]]
[55940,3,52,[[55939,0],[55941,0],[56196,0],[55684,0],]]
[55941,6,52,[[55942,0],[55940,0],[56197,0],[56196,0],[55685,0],]]
[55942,17,52,[[55941,0],[55943,0],[56198,0],[55686,0],]]
[55943,9,52,[[55944,0],[55942,0],[56199,0],[56198,0],[55687,0],]]
[55944,15,52,[[55943,0],[55945,0],[56200,0],[55688,0],]]
[55945,1,52,[[55946,0],[55944,0],[56201,0],[56200,0],[55689,0],]]
[55946,12,52,[[55945,0],[55947,0],[56202,0],[55690,0],]]
[55947,14,52,[[55948,0],[55946,0],[56203,0],[56202,0],[55691,0],]]
[55948,1,52,[[55947,0],[55949,0],[56204,0],[55692,0],]]
[55949,16,52,[[55950,0],[55948,0],[56205,0],[56204,0],[55693,0],]]
[55950,15,52,[[55949,0],[55951,0],[56206,0],[55694,0],]]
[55951,4,52,[[55952,0],[55950,0],[56207,0],[56206,0],[55695,0],]]
[55952,15,52,[[55951,0],[55953,0],[56208,0],[55696,0],]]
[55953,17,52,[[55954,0],[55952,0],[56209,0],[56208,0],[55697,0],]]
[55954,2,52,[[55953,0],[55955,0],[56210,0],[55698,0],]]
[55955,7,52,[[55956,0],[55954,0],[56211,0],[56210,0],[55699,0],]]
[55956,12,52,[[55955,0],[55957,0],[56212,0],[55700,0],]]
[55957,13,52,[[55958,0],[55956,0],[56213,0],[56212,0],[55701,0],]]
[55958,1,52,[[55957,0],[55959,0],[56214,0],[55702,0],]]
[55959,15,52,[[55960,0],[55958,0],[56215,0],[56214,0],[55703,0],]]
[55960,10,52,[[55959,0],[55961,0],[56216,0],[55704,0],]]
[55961,15,52,[[55962,0],[55960,0],[56217,0],[56216,0],[55705,0],]]
[55962,13,52,[[55961,0],[55963,0],[56218,0],[55706,0],]]
[55963,14,52,[[55964,0],[55962,0],[56219,0],[56218,0],[55707,0],]]
[55964,15,52,[[55963,0],[55965,0],[56220,0],[55708,0],]]
[55965,17,52,[[55966,0],[55964,0],[56221,0],[56220,0],[55709,0],]]
[55966,14,52,[[55965,0],[55967,0],[56222,0],[55710,0],]]
[55967,1,52,[[55968,0],[55966,0],[56223,0],[56222,0],[55711,0],]]
[55968,4,53,[[55967,0],[55969,0],[56224,0],[55712,0],]]
[55969,12,53,[[55970,0],[55968,0],[56225,0],[56224,0],[55713,0],]]
[55970,17,53,[[55969,0],[55971,0],[56226,0],[55714,0],]]
[55971,2,53,[[55972,0],[55970,0],[56227,0],[56226,0],[55715,0],]]
[55972,18,53,[[55971,0],[55973,0],[56228,0],[55716,0],]]
[55973,13,53,[[55974,0],[55972,0],[56229,0],[56228,0],[55717,0],]]
[55974,4,53,[[55973,0],[55975,0],[56230,0],[55718,0],]]
[55975,7,53,[[55976,0],[55974,0],[56231,0],[56230,0],[55719,0],]]
[55976,13,53,[[55975,0],[55977,0],[56232,0],[55720,0],]]
[55977,1,53,[[55978,0],[55976,0],[56233,0],[56232,0],[55721,0],]]
[55978,9,53,[[55977,0],[55979,0],[56234,0],[55722,0],]]
[55979,6,53,[[55980,0],[55978,0],[56235,0],[56234,0],[55723,0],]]
[55980,1,53,[[55979,0],[55981,0],[56236,0],[55724,0],]]
[55981,13,53,[[55982,0],[55980,0],[56237,0],[56236,0],[55725,0],]]
[55982,14,53,[[55981,0],[55983,0],[56238,0],[55726,0],]]
[55983,19,53,[[55984,0],[55982,0],[56239,0],[56238,0],[55727,0],]]
[55984,15,53,[[55983,0],[55985,0],[56240,0],[55728,0],]]
[55985,13,53,[[55986,0],[55984,0],[56241,0],[56240,0],[55729,0],]]
[55986,8,53,[[55985,0],[55987,0],[56242,0],[55730,0],]]
[55987,9,53,[[55988,0],[55986,0],[56243,0],[56242,0],[55731,0],]]
[55988,18,53,[[55987,0],[55989,0],[56244,0],[55732,0],]]
[55989,3,53,[[55990,0],[55988,0],[56245,0],[56244,0],[55733,0],]]
[55990,14,53,[[55989,0],[55991,0],[56246,0],[55734,0],]]
[55991,17,53,[[55992,0],[55990,0],[56247,0],[56246,0],[55735,0],]]
[55992,6,53,[[55991,0],[55993,0],[56248,0],[55736,0],]]
[55993,15,53,[[55994,0],[55992,0],[56249,0],[56248,0],[55737,0],]]
[55994,4,53,[[55993,0],[55995,0],[56250,0],[55738,0],]]
[55995,5,53,[[55996,0],[55994,0],[56251,0],[56250,0],[55739,0],]]
[55996,17,53,[[55995,0],[55997,0],[56252,0],[55740,0],]]
[55997,10,53,[[55998,0],[55996,0],[56253,0],[56252,0],[55741,0],]]
[55998,17,53,[[55997,0],[55999,0],[56254,0],[55742,0],]]
[55999,18,53,[[56000,0],[55998,0],[56255,0],[56254,0],[55743,0],]]
[56000,1,54,[[55999,0],[56001,0],[56256,0],[55744,0],]]
[56001,19,54,[[56002,0],[56000,0],[56257,0],[56256,0],[55745,0],]]
[56002,1,54,[[56001,0],[56003,0],[56258,0],[55746,0],]]
[56003,6,54,[[56004,0],[56002,0],[56259,0],[56258,0],[55747,0],]]
[56004,12,54,[[56003,0],[56005,0],[56260,0],[55748,0],]]
[56005,5,54,[[56006,0],[56004,0],[56261,0],[56260,0],[55749,0],]]
[56006,18,54,[[56005,0],[56007,0],[56262,0],[55750,0],]]
[56007,5,54,[[56008,0],[56006,0],[56263,0],[56262,0],[55751,0],]]
[56008,13,54,[[56007,0],[56009,0],[56264,0],[55752,0],]]
[56009,13,54,[[56010,0],[56008,0],[56265,0],[56264,0],[55753,0],]]
[56010,2,54,[[56009,0],[56011,0],[56266,0],[55754,0],]]
[56011,16,54,[[56012,0],[56010,0],[56267,0],[56266,0],[55755,0],]]
[56012,9,54,[[56011,0],[56013,0],[56268,0],[55756,0],]]
[56013,6,54,[[56014,0],[56012,0],[56269,0],[56268,0],[55757,0],]]
[56014,9,54,[[56013,0],[56015,0],[56270,0],[55758,0],]]
[56015,13,54,[[56016,0],[56014,0],[56271,0],[56270,0],[55759,0],]]
[56016,2,54,[[56015,0],[56017,0],[56272,0],[55760,0],]]
[56017,2,54,[[56018,0],[56016,0],[56273,0],[56272,0],[55761,0],]]
[56018,5,54,[[56017,0],[56019,0],[56274,0],[55762,0],]]
[56019,2,54,[[56020,0],[56018,0],[56275,0],[56274,0],[55763,0],]]
[56020,2,54,[[56019,0],[56021,0],[56276,0],[55764,0],]]
[56021,6,54,[[56022,0],[56020,0],[56277,0],[56276,0],[55765,0],]]
[56022,11,54,[[56021,0],[56023,0],[56278,0],[55766,0],]]
[56023,9,54,[[56024,0],[56022,0],[56279,0],[56278,0],[55767,0],]]
[56024,9,54,[[56023,0],[56025,0],[56280,0],[55768,0],]]
[56025,11,54,[[56026,0],[56024,0],[56281,0],[56280,0],[55769,0],]]
[56026,5,54,[[56025,0],[56027,0],[56282,0],[55770,0],]]
[56027,2,54,[[56028,0],[56026,0],[56283,0],[56282,0],[55771,0],]]
[56028,2,54,[[56027,0],[56029,0],[56284,0],[55772,0],]]
[56029,7,54,[[56030,0],[56028,0],[56285,0],[56284,0],[55773,0],]]
[56030,6,54,[[56029,0],[56031,0],[56286,0],[55774,0],]]
[56031,14,54,[[56032,0],[56030,0],[56287,0],[56286,0],[55775,0],]]
[56032,13,55,[[56031,0],[56033,0],[56288,0],[55776,0],]]
[56033,13,55,[[56034,0],[56032,0],[56289,0],[56288,0],[55777,0],]]
[56034,6,55,[[56033,0],[56035,0],[56290,0],[55778,0],]]
[56035,3,55,[[56036,0],[56034,0],[56291,0],[56290,0],[55779,0],]]
[56036,3,55,[[56035,0],[56037,0],[56292,0],[55780,0],]]
[56037,6,55,[[56038,0],[56036,0],[56293,0],[56292,0],[55781,0],]]
[56038,1,55,[[56037,0],[56039,0],[56294,0],[55782,0],]]
[56039,5,55,[[56040,0],[56038,0],[56295,0],[56294,0],[55783,0],]]
[56040,6,55,[[56039,0],[56041,0],[56296,0],[55784,0],]]
[56041,12,55,[[56042,0],[56040,0],[56297,0],[56296,0],[55785,0],]]
[56042,11,55,[[56041,0],[56043,0],[56298,0],[55786,0],]]
[56043,9,55,[[56044,0],[56042,0],[56299,0],[56298,0],[55787,0],]]
[56044,11,55,[[56043,0],[56045,0],[56300,0],[55788,0],]]
[56045,16,55,[[56046,0],[56044,0],[56301,0],[56300,0],[55789,0],]]
[56046,19,55,[[56045,0],[56047,0],[56302,0],[55790,0],]]
[56047,1,55,[[56048,0],[56046,0],[56303,0],[56302,0],[55791,0],]]
[56048,18,55,[[56047,0],[56049,0],[56304,0],[55792,0],]]
[56049,5,55,[[56050,0],[56048,0],[56305,0],[56304,0],[55793,0],]]
[56050,7,55,[[56049,0],[56051,0],[56306,0],[55794,0],]]
[56051,12,55,[[56052,0],[56050,0],[56307,0],[56306,0],[55795,0],]]
[56052,16,55,[[56051,0],[56053,0],[56308,0],[55796,0],]]
[56053,14,55,[[56054,0],[56052,0],[56309,0],[56308,0],[55797,0],]]
[56054,5,55,[[56053,0],[56055,0],[56310,0],[55798,0],]]
[56055,3,55,[[56056,0],[56054,0],[56311,0],[56310,0],[55799,0],]]
[56056,10,55,[[56055,0],[56057,0],[56312,0],[55800,0],]]
[56057,5,55,[[56058,0],[56056,0],[56313,0],[56312,0],[55801,0],]]
[56058,9,55,[[56057,0],[56059,0],[56314,0],[55802,0],]]
[56059,2,55,[[56060,0],[56058,0],[56315,0],[56314,0],[55803,0],]]
[56060,5,55,[[56059,0],[56061,0],[56316,0],[55804,0],]]
[56061,18,55,[[56062,0],[56060,0],[56317,0],[56316,0],[55805,0],]]
[56062,14,55,[[56061,0],[56063,0],[56318,0],[55806,0],]]
[56063,15,55,[[56062,0],[56319,0],[56318,0],[55807,0],]]
[56064,1,48,[[56065,0],[55808,0],[55809,0],[56320,0],]]
[56065,3,48,[[56066,0],[56064,0],[55809,0],[56321,0],]]
[56066,13,48,[[56065,0],[56067,0],[55810,0],[55811,0],[56322,0],]]
[56067,17,48,[[56068,0],[56066,0],[55811,0],[56323,0],]]
[56068,16,48,[[56067,0],[56069,0],[55812,0],[55813,0],[56324,0],]]
[56069,10,48,[[56070,0],[56068,0],[55813,0],[56325,0],]]
[56070,3,48,[[56069,0],[56071,0],[55814,0],[55815,0],[56326,0],]]
[56071,12,48,[[56072,0],[56070,0],[55815,0],[56327,0],]]
[56072,7,48,[[56071,0],[56073,0],[55816,0],[55817,0],[56328,0],]]
[56073,4,48,[[56074,0],[56072,0],[55817,0],[56329,0],]]
[56074,16,48,[[56073,0],[56075,0],[55818,0],[55819,0],[56330,0],]]
[56075,10,48,[[56076,0],[56074,0],[55819,0],[56331,0],]]
[56076,11,48,[[56075,0],[56077,0],[55820,0],[55821,0],[56332,0],]]
[56077,16,48,[[56078,0],[56076,0],[55821,0],[56333,0],]]
[56078,3,48,[[56077,0],[56079,0],[55822,0],[55823,0],[56334,0],]]
[56079,17,48,[[56080,0],[56078,0],[55823,0],[56335,0],]]
[56080,7,48,[[56079,0],[56081,0],[55824,0],[55825,0],[56336,0],]]
[56081,3,48,[[56082,0],[56080,0],[55825,0],[56337,0],]]
[56082,9,48,[[56081,0],[56083,0],[55826,0],[55827,0],[56338,0],]]
[56083,10,48,[[56084,0],[56082,0],[55827,0],[56339,0],]]
[56084,7,48,[[56083,0],[56085,0],[55828,0],[55829,0],[56340,0],]]
[56085,16,48,[[56086,0],[56084,0],[55829,0],[56341,0],]]
[56086,2,48,[[56085,0],[56087,0],[55830,0],[55831,0],[56342,0],]]
[56087,18,48,[[56088,0],[56086,0],[55831,0],[56343,0],]]
[56088,13,48,[[56087,0],[56089,0],[55832,0],[55833,0],[56344,0],]]
[56089,15,48,[[56090,0],[56088,0],[55833,0],[56345,0],]]
[56090,2,48,[[56089,0],[56091,0],[55834,0],[55835,0],[56346,0],]]
[56091,14,48,[[56092,0],[56090,0],[55835,0],[56347,0],]]
[56092,3,48,[[56091,0],[56093,0],[55836,0],[55837,0],[56348,0],]]
[56093,12,48,[[56094,0],[56092,0],[55837,0],[56349,0],]]
[56094,16,48,[[56093,0],[56095,0],[55838,0],[55839,0],[56350,0],]]
[56095,11,48,[[56096,0],[56094,0],[55839,0],[56351,0],]]
[56096,12,49,[[56095,0],[56097,0],[55840,0],[55841,0],[56352,0],]]
[56097,13,49,[[56098,0],[56096,0],[55841,0],[56353,0],]]
[56098,11,49,[[56097,0],[56099,0],[55842,0],[55843,0],[56354,0],]]
[56099,19,49,[[56100,0],[56098,0],[55843,0],[56355,0],]]
[56100,17,49,[[56099,0],[56101,0],[55844,0],[55845,0],[56356,0],]]
[56101,16,49,[[56102,0],[56100,0],[55845,0],[56357,0],]]
[56102,3,49,[[56101,0],[56103,0],[55846,0],[55847,0],[56358,0],]]
[56103,10,49,[[56104,0],[56102,0],[55847,0],[56359,0],]]
[56104,1,49,[[56103,0],[56105,0],[55848,0],[55849,0],[56360,0],]]
[56105,7,49,[[56106,0],[56104,0],[55849,0],[56361,0],]]
[56106,10,49,[[56105,0],[56107,0],[55850,0],[55851,0],[56362,0],]]
[56107,6,49,[[56108,0],[56106,0],[55851,0],[56363,0],]]
[56108,17,49,[[56107,0],[56109,0],[55852,0],[55853,0],[56364,0],]]
[56109,13,49,[[56110,0],[56108,0],[55853,0],[56365,0],]]
[56110,17,49,[[56109,0],[56111,0],[55854,0],[55855,0],[56366,0],]]
[56111,4,49,[[56112,0],[56110,0],[55855,0],[56367,0],]]
[56112,17,49,[[56111,0],[56113,0],[55856,0],[55857,0],[56368,0],]]
[56113,10,49,[[56114,0],[56112,0],[55857,0],[56369,0],]]
[56114,6,49,[[56113,0],[56115,0],[55858,0],[55859,0],[56370,0],]]
[56115,11,49,[[56116,0],[56114,0],[55859,0],[56371,0],]]
[56116,3,49,[[56115,0],[56117,0],[55860,0],[55861,0],[56372,0],]]
[56117,7,49,[[56118,0],[56116,0],[55861,0],[56373,0],]]
[56118,17,49,[[56117,0],[56119,0],[55862,0],[55863,0],[56374,0],]]
[56119,12,49,[[56120,0],[56118,0],[55863,0],[56375,0],]]
[56120,4,49,[[56119,0],[56121,0],[55864,0],[55865,0],[56376,0],]]
[56121,6,49,[[56122,0],[56120,0],[55865,0],[56377,0],]]
[56122,3,49,[[56121,0],[56123,0],[55866,0],[55867,0],[56378,0],]]
[56123,2,49,[[56124,0],[56122,0],[55867,0],[56379,0],]]
[56124,3,49,[[56123,0],[56125,0],[55868,0],[55869,0],[56380,0],]]
[56125,9,49,[[56126,0],[56124,0],[55869,0],[56381,0],]]
[56126,5,49,[[56125,0],[56127,0],[55870,0],[55871,0],[56382,0],]]
[56127,13,49,[[56128,0],[56126,0],[55871,0],[56383,0],]]
[56128,16,50,[[56127,0],[56129,0],[55872,0],[55873,0],[56384,0],]]
[56129,7,50,[[56130,0],[56128,0],[55873,0],[56385,0],]]
[56130,3,50,[[56129,0],[56131,0],[55874,0],[55875,0],[56386,0],]]
[56131,3,50,[[56132,0],[56130,0],[55875,0],[56387,0],]]
[56132,3,50,[[56131,0],[56133,0],[55876,0],[55877,0],[56388,0],]]
[56133,12,50,[[56134,0],[56132,0],[55877,0],[56389,0],]]
[56134,11,50,[[56133,0],[56135,0],[55878,0],[55879,0],[56390,0],]]
[56135,8,50,[[56136,0],[56134,0],[55879,0],[56391,0],]]
[56136,9,50,[[56135,0],[56137,0],[55880,0],[55881,0],[56392,0],]]
[56137,13,50,[[56138,0],[56136,0],[55881,0],[56393,0],]]
[56138,14,50,[[56137,0],[56139,0],[55882,0],[55883,0],[56394,0],]]
[56139,12,50,[[56140,0],[56138,0],[55883,0],[56395,0],]]
[56140,6,50,[[56139,0],[56141,0],[55884,0],[55885,0],[56396,0],]]
[56141,2,50,[[56142,0],[56140,0],[55885,0],[56397,0],]]
[56142,5,50,[[56141,0],[56143,0],[55886,0],[55887,0],[56398,0],]]
[56143,17,50,[[56144,0],[56142,0],[55887,0],[56399,0],]]
[56144,8,50,[[56143,0],[56145,0],[55888,0],[55889,0],[56400,0],]]
[56145,3,50,[[56146,0],[56144,0],[55889,0],[56401,0],]]
[56146,13,50,[[56145,0],[56147,0],[55890,0],[55891,0],[56402,0],]]
[56147,18,50,[[56148,0],[56146,0],[55891,0],[56403,0],]]
[56148,17,50,[[56147,0],[56149,0],[55892,0],[55893,0],[56404,0],]]
[56149,11,50,[[56150,0],[56148,0],[55893,0],[56405,0],]]
[56150,17,50,[[56149,0],[56151,0],[55894,0],[55895,0],[56406,0],]]
[56151,14,50,[[56152,0],[56150,0],[55895,0],[56407,0],]]
[56152,9,50,[[56151,0],[56153,0],[55896,0],[55897,0],[56408,0],]]
[56153,7,50,[[56154,0],[56152,0],[55897,0],[56409,0],]]
[56154,4,50,[[56153,0],[56155,0],[55898,0],[55899,0],[56410,0],]]
[56155,3,50,[[56156,0],[56154,0],[55899,0],[56411,0],]]
[56156,17,50,[[56155,0],[56157,0],[55900,0],[55901,0],[56412,0],]]
[56157,12,50,[[56158,0],[56156,0],[55901,0],[56413,0],]]
[56158,4,50,[[56157,0],[56159,0],[55902,0],[55903,0],[56414,0],]]
[56159,9,50,[[56160,0],[56158,0],[55903,0],[56415,0],]]
[56160,7,51,[[56159,0],[56161,0],[55904,0],[55905,0],[56416,0],]]
[56161,1,51,[[56162,0],[56160,0],[55905,0],[56417,0],]]
[56162,1,51,[[56161,0],[56163,0],[55906,0],[55907,0],[56418,0],]]
[56163,6,51,[[56164,0],[56162,0],[55907,0],[56419,0],]]
[56164,18,51,[[56163,0],[56165,0],[55908,0],[55909,0],[56420,0],]]
[56165,12,51,[[56166,0],[56164,0],[55909,0],[56421,0],]]
[56166,12,51,[[56165,0],[56167,0],[55910,0],[55911,0],[56422,0],]]
[56167,19,51,[[56168,0],[56166,0],[55911,0],[56423,0],]]
[56168,9,51,[[56167,0],[56169,0],[55912,0],[55913,0],[56424,0],]]
[56169,18,51,[[56170,0],[56168,0],[55913,0],[56425,0],]]
[56170,6,51,[[56169,0],[56171,0],[55914,0],[55915,0],[56426,0],]]
[56171,2,51,[[56172,0],[56170,0],[55915,0],[56427,0],]]
[56172,3,51,[[56171,0],[56173,0],[55916,0],[55917,0],[56428,0],]]
[56173,8,51,[[56174,0],[56172,0],[55917,0],[56429,0],]]
[56174,13,51,[[56173,0],[56175,0],[55918,0],[55919,0],[56430,0],]]
[56175,7,51,[[56176,0],[56174,0],[55919,0],[56431,0],]]
[56176,18,51,[[56175,0],[56177,0],[55920,0],[55921,0],[56432,0],]]
[56177,7,51,[[56178,0],[56176,0],[55921,0],[56433,0],]]
[56178,3,51,[[56177,0],[56179,0],[55922,0],[55923,0],[56434,0],]]
[56179,12,51,[[56180,0],[56178,0],[55923,0],[56435,0],]]
[56180,13,51,[[56179,0],[56181,0],[55924,0],[55925,0],[56436,0],]]
[56181,4,51,[[56182,0],[56180,0],[55925,0],[56437,0],]]
[56182,9,51,[[56181,0],[56183,0],[55926,0],[55927,0],[56438,0],]]
[56183,1,51,[[56184,0],[56182,0],[55927,0],[56439,0],]]
[56184,18,51,[[56183,0],[56185,0],[55928,0],[55929,0],[56440,0],]]
[56185,1,51,[[56186,0],[56184,0],[55929,0],[56441,0],]]
[56186,1,51,[[56185,0],[56187,0],[55930,0],[55931,0],[56442,0],]]
[56187,1,51,[[56188,0],[56186,0],[55931,0],[56443,0],]]
[56188,1,51,[[56187,0],[56189,0],[55932,0],[55933,0],[56444,0],]]
[56189,16,51,[[56190,0],[56188,0],[55933,0],[56445,0],]]
[56190,8,51,[[56189,0],[56191,0],[55934,0],[55935,0],[56446,0],]]
[56191,13,51,[[56192,0],[56190,0],[55935,0],[56447,0],]]
[56192,4,52,[[56191,0],[56193,0],[55936,0],[55937,0],[56448,0],]]
[56193,9,52,[[56194,0],[56192,0],[55937,0],[56449,0],]]
[56194,8,52,[[56193,0],[56195,0],[55938,0],[55939,0],[56450,0],]]
[56195,16,52,[[56196,0],[56194,0],[55939,0],[56451,0],]]
[56196,16,52,[[56195,0],[56197,0],[55940,0],[55941,0],[56452,0],]]
[56197,13,52,[[56198,0],[56196,0],[55941,0],[56453,0],]]
[56198,1,52,[[56197,0],[56199,0],[55942,0],[55943,0],[56454,0],]]
[56199,17,52,[[56200,0],[56198,0],[55943,0],[56455,0],]]
[56200,5,52,[[56199,0],[56201,0],[55944,0],[55945,0],[56456,0],]]
[56201,6,52,[[56202,0],[56200,0],[55945,0],[56457,0],]]
[56202,2,52,[[56201,0],[56203,0],[55946,0],[55947,0],[56458,0],]]
[56203,15,52,[[56204,0],[56202,0],[55947,0],[56459,0],]]
[56204,19,52,[[56203,0],[56205,0],[55948,0],[55949,0],[56460,0],]]
[56205,16,52,[[56206,0],[56204,0],[55949,0],[56461,0],]]
[56206,4,52,[[56205,0],[56207,0],[55950,0],[55951,0],[56462,0],]]
[56207,14,52,[[56208,0],[56206,0],[55951,0],[56463,0],]]
[56208,18,52,[[56207,0],[56209,0],[55952,0],[55953,0],[56464,0],]]
[56209,19,52,[[56210,0],[56208,0],[55953,0],[56465,0],]]
[56210,4,52,[[56209,0],[56211,0],[55954,0],[55955,0],[56466,0],]]
[56211,17,52,[[56212,0],[56210,0],[55955,0],[56467,0],]]
[56212,19,52,[[56211,0],[56213,0],[55956,0],[55957,0],[56468,0],]]
[56213,9,52,[[56214,0],[56212,0],[55957,0],[56469,0],]]
[56214,19,52,[[56213,0],[56215,0],[55958,0],[55959,0],[56470,0],]]
[56215,1,52,[[56216,0],[56214,0],[55959,0],[56471,0],]]
[56216,10,52,[[56215,0],[56217,0],[55960,0],[55961,0],[56472,0],]]
[56217,7,52,[[56218,0],[56216,0],[55961,0],[56473,0],]]
[56218,17,52,[[56217,0],[56219,0],[55962,0],[55963,0],[56474,0],]]
[56219,8,52,[[56220,0],[56218,0],[55963,0],[56475,0],]]
[56220,4,52,[[56219,0],[56221,0],[55964,0],[55965,0],[56476,0],]]
[56221,15,52,[[56222,0],[56220,0],[55965,0],[56477,0],]]
[56222,5,52,[[56221,0],[56223,0],[55966,0],[55967,0],[56478,0],]]
[56223,1,52,[[56224,0],[56222,0],[55967,0],[56479,0],]]
[56224,2,53,[[56223,0],[56225,0],[55968,0],[55969,0],[56480,0],]]
[56225,4,53,[[56226,0],[56224,0],[55969,0],[56481,0],]]
[56226,9,53,[[56225,0],[56227,0],[55970,0],[55971,0],[56482,0],]]
[56227,5,53,[[56228,0],[56226,0],[55971,0],[56483,0],]]
[56228,11,53,[[56227,0],[56229,0],[55972,0],[55973,0],[56484,0],]]
[56229,7,53,[[56230,0],[56228,0],[55973,0],[56485,0],]]
[56230,6,53,[[56229,0],[56231,0],[55974,0],[55975,0],[56486,0],]]
[56231,4,53,[[56232,0],[56230,0],[55975,0],[56487,0],]]
[56232,13,53,[[56231,0],[56233,0],[55976,0],[55977,0],[56488,0],]]
[56233,13,53,[[56234,0],[56232,0],[55977,0],[56489,0],]]
[56234,9,53,[[56233,0],[56235,0],[55978,0],[55979,0],[56490,0],]]
[56235,8,53,[[56236,0],[56234,0],[55979,0],[56491,0],]]
[56236,2,53,[[56235,0],[56237,0],[55980,0],[55981,0],[56492,0],]]
[56237,5,53,[[56238,0],[56236,0],[55981,0],[56493,0],]]
[56238,8,53,[[56237,0],[56239,0],[55982,0],[55983,0],[56494,0],]]
[56239,3,53,[[56240,0],[56238,0],[55983,0],[56495,0],]]
[56240,3,53,[[56239,0],[56241,0],[55984,0],[55985,0],[56496,0],]]
[56241,2,53,[[56242,0],[56240,0],[55985,0],[56497,0],]]
[56242,4,53,[[56241,0],[56243,0],[55986,0],[55987,0],[56498,0],]]
[56243,1,53,[[56244,0],[56242,0],[55987,0],[56499,0],]]
[56244,9,53,[[56243,0],[56245,0],[55988,0],[55989,0],[56500,0],]]
[56245,17,53,[[56246,0],[56244,0],[55989,0],[56501,0],]]
[56246,2,53,[[56245,0],[56247,0],[55990,0],[55991,0],[56502,0],]]
[56247,7,53,[[56248,0],[56246,0],[55991,0],[56503,0],]]
[56248,7,53,[[56247,0],[56249,0],[55992,0],[55993,0],[56504,0],]]
[56249,6,53,[[56250,0],[56248,0],[55993,0],[56505,0],]]
[56250,18,53,[[56249,0],[56251,0],[55994,0],[55995,0],[56506,0],]]
[56251,1,53,[[56252,0],[56250,0],[55995,0],[56507,0],]]
[56252,11,53,[[56251,0],[56253,0],[55996,0],[55997,0],[56508,0],]]
[56253,12,53,[[56254,0],[56252,0],[55997,0],[56509,0],]]
[56254,18,53,[[56253,0],[56255,0],[55998,0],[55999,0],[56510,0],]]
[56255,10,53,[[56256,0],[56254,0],[55999,0],[56511,0],]]
[56256,9,54,[[56255,0],[56257,0],[56000,0],[56001,0],[56512,0],]]
[56257,13,54,[[56258,0],[56256,0],[56001,0],[56513,0],]]
[56258,4,54,[[56257,0],[56259,0],[56002,0],[56003,0],[56514,0],]]
[56259,1,54,[[56260,0],[56258,0],[56003,0],[56515,0],]]
[56260,5,54,[[56259,0],[56261,0],[56004,0],[56005,0],[56516,0],]]
[56261,17,54,[[56262,0],[56260,0],[56005,0],[56517,0],]]
[56262,11,54,[[56261,0],[56263,0],[56006,0],[56007,0],[56518,0],]]
[56263,14,54,[[56264,0],[56262,0],[56007,0],[56519,0],]]
[56264,7,54,[[56263,0],[56265,0],[56008,0],[56009,0],[56520,0],]]
[56265,12,54,[[56266,0],[56264,0],[56009,0],[56521,0],]]
[56266,14,54,[[56265,0],[56267,0],[56010,0],[56011,0],[56522,0],]]
[56267,8,54,[[56268,0],[56266,0],[56011,0],[56523,0],]]
[56268,8,54,[[56267,0],[56269,0],[56012,0],[56013,0],[56524,0],]]
[56269,13,54,[[56270,0],[56268,0],[56013,0],[56525,0],]]
[56270,13,54,[[56269,0],[56271,0],[56014,0],[56015,0],[56526,0],]]
[56271,8,54,[[56272,0],[56270,0],[56015,0],[56527,0],]]
[56272,10,54,[[56271,0],[56273,0],[56016,0],[56017,0],[56528,0],]]
[56273,17,54,[[56274,0],[56272,0],[56017,0],[56529,0],]]
[56274,10,54,[[56273,0],[56275,0],[56018,0],[56019,0],[56530,0],]]
[56275,13,54,[[56276,0],[56274,0],[56019,0],[56531,0],]]
[56276,1,54,[[56275,0],[56277,0],[56020,0],[56021,0],[56532,0],]]
[56277,2,54,[[56278,0],[56276,0],[56021,0],[56533,0],]]
[56278,16,54,[[56277,0],[56279,0],[56022,0],[56023,0],[56534,0],]]
[56279,14,54,[[56280,0],[56278,0],[56023,0],[56535,0],]]
[56280,12,54,[[56279,0],[56281,0],[56024,0],[56025,0],[56536,0],]]
[56281,2,54,[[56282,0],[56280,0],[56025,0],[56537,0],]]
[56282,10,54,[[56281,0],[56283,0],[56026,0],[56027,0],[56538,0],]]
[56283,3,54,[[56284,0],[56282,0],[56027,0],[56539,0],]]
[56284,6,54,[[56283,0],[56285,0],[56028,0],[56029,0],[56540,0],]]
[56285,5,54,[[56286,0],[56284,0],[56029,0],[56541,0],]]
[56286,18,54,[[56285,0],[56287,0],[56030,0],[56031,0],[56542,0],]]
[56287,1,54,[[56288,0],[56286,0],[56031,0],[56543,0],]]
[56288,10,55,[[56287,0],[56289,0],[56032,0],[56033,0],[56544,0],]]
[56289,18,55,[[56290,0],[56288,0],[56033,0],[56545,0],]]
[56290,18,55,[[56289,0],[56291,0],[56034,0],[56035,0],[56546,0],]]
[56291,13,55,[[56292,0],[56290,0],[56035,0],[56547,0],]]
[56292,7,55,[[56291,0],[56293,0],[56036,0],[56037,0],[56548,0],]]
[56293,6,55,[[56294,0],[56292,0],[56037,0],[56549,0],]]
[56294,6,55,[[56293,0],[56295,0],[56038,0],[56039,0],[56550,0],]]
[56295,7,55,[[56296,0],[56294,0],[56039,0],[56551,0],]]
[56296,3,55,[[56295,0],[56297,0],[56040,0],[56041,0],[56552,0],]]
[56297,7,55,[[56298,0],[56296,0],[56041,0],[56553,0],]]
[56298,8,55,[[56297,0],[56299,0],[56042,0],[56043,0],[56554,0],]]
[56299,9,55,[[56300,0],[56298,0],[56043,0],[56555,0],]]
[56300,3,55,[[56299,0],[56301,0],[56044,0],[56045,0],[56556,0],]]
[56301,1,55,[[56302,0],[56300,0],[56045,0],[56557,0],]]
[56302,1,55,[[56301,0],[56303,0],[56046,0],[56047,0],[56558,0],]]
[56303,11,55,[[56304,0],[56302,0],[56047,0],[56559,0],]]
[56304,17,55,[[56303,0],[56305,0],[56048,0],[56049,0],[56560,0],]]
[56305,9,55,[[56306,0],[56304,0],[56049,0],[56561,0],]]
[56306,3,55,[[56305,0],[56307,0],[56050,0],[56051,0],[56562,0],]]
[56307,3,55,[[56308,0],[56306,0],[56051,0],[56563,0],]]
[56308,13,55,[[56307,0],[56309,0],[56052,0],[56053,0],[56564,0],]]
[56309,6,55,[[56310,0],[56308,0],[56053,0],[56565,0],]]
[56310,11,55,[[56309,0],[56311,0],[56054,0],[56055,0],[56566,0],]]
[56311,3,55,[[56312,0],[56310,0],[56055,0],[56567,0],]]
[56312,7,55,[[56311,0],[56313,0],[56056,0],[56057,0],[56568,0],]]
[56313,17,55,[[56314,0],[56312,0],[56057,0],[56569,0],]]
[56314,4,55,[[56313,0],[56315,0],[56058,0],[56059,0],[56570,0],]]
[56315,4,55,[[56316,0],[56314,0],[56059,0],[56571,0],]]
[56316,7,55,[[56315,0],[56317,0],[56060,0],[56061,0],[56572,0],]]
[56317,10,55,[[56318,0],[56316,0],[56061,0],[56573,0],]]
[56318,15,55,[[56317,0],[56319,0],[56062,0],[56063,0],[56574,0],]]
[56319,6,55,[[56318,0],[56063,0],[56575,0],]]
[56320,4,48,[[56321,0],[56576,0],[56064,0],]]
[56321,2,48,[[56322,0],[56320,0],[56577,0],[56576,0],[56065,0],]]
[56322,6,48,[[56321,0],[56323,0],[56578,0],[56066,0],]]
[56323,15,48,[[56324,0],[56322,0],[56579,0],[56578,0],[56067,0],]]
[56324,1,48,[[56323,0],[56325,0],[56580,0],[56068,0],]]
[56325,18,48,[[56326,0],[56324,0],[56581,0],[56580,0],[56069,0],]]
[56326,4,48,[[56325,0],[56327,0],[56582,0],[56070,0],]]
[56327,16,48,[[56328,0],[56326,0],[56583,0],[56582,0],[56071,0],]]
[56328,15,48,[[56327,0],[56329,0],[56584,0],[56072,0],]]
[56329,16,48,[[56330,0],[56328,0],[56585,0],[56584,0],[56073,0],]]
[56330,14,48,[[56329,0],[56331,0],[56586,0],[56074,0],]]
[56331,15,48,[[56332,0],[56330,0],[56587,0],[56586,0],[56075,0],]]
[56332,4,48,[[56331,0],[56333,0],[56588,0],[56076,0],]]
[56333,16,48,[[56334,0],[56332,0],[56589,0],[56588,0],[56077,0],]]
[56334,19,48,[[56333,0],[56335,0],[56590,0],[56078,0],]]
[56335,14,48,[[56336,0],[56334,0],[56591,0],[56590,0],[56079,0],]]
[56336,19,48,[[56335,0],[56337,0],[56592,0],[56080,0],]]
[56337,17,48,[[56338,0],[56336,0],[56593,0],[56592,0],[56081,0],]]
[56338,4,48,[[56337,0],[56339,0],[56594,0],[56082,0],]]
[56339,19,48,[[56340,0],[56338,0],[56595,0],[56594,0],[56083,0],]]
[56340,7,48,[[56339,0],[56341,0],[56596,0],[56084,0],]]
[56341,18,48,[[56342,0],[56340,0],[56597,0],[56596,0],[56085,0],]]
[56342,6,48,[[56341,0],[56343,0],[56598,0],[56086,0],]]
[56343,7,48,[[56344,0],[56342,0],[56599,0],[56598,0],[56087,0],]]
[56344,13,48,[[56343,0],[56345,0],[56600,0],[56088,0],]]
[56345,11,48,[[56346,0],[56344,0],[56601,0],[56600,0],[56089,0],]]
[56346,15,48,[[56345,0],[56347,0],[56602,0],[56090,0],]]
[56347,16,48,[[56348,0],[56346,0],[56603,0],[56602,0],[56091,0],]]
[56348,12,48,[[56347,0],[56349,0],[56604,0],[56092,0],]]
[56349,15,48,[[56350,0],[56348,0],[56605,0],[56604,0],[56093,0],]]
[56350,18,48,[[56349,0],[56351,0],[56606,0],[56094,0],]]
[56351,8,48,[[56352,0],[56350,0],[56607,0],[56606,0],[56095,0],]]
[56352,10,49,[[56351,0],[56353,0],[56608,0],[56096,0],]]
[56353,4,49,[[56354,0],[56352,0],[56609,0],[56608,0],[56097,0],]]
[56354,2,49,[[56353,0],[56355,0],[56610,0],[56098,0],]]
[56355,1,49,[[56356,0],[56354,0],[56611,0],[56610,0],[56099,0],]]
[56356,2,49,[[56355,0],[56357,0],[56612,0],[56100,0],]]
[56357,13,49,[[56358,0],[56356,0],[56613,0],[56612,0],[56101,0],]]
[56358,12,49,[[56357,0],[56359,0],[56614,0],[56102,0],]]
[56359,19,49,[[56360,0],[56358,0],[56615,0],[56614,0],[56103,0],]]
