[56360,19,49,[[56359,0],[56361,0],[56616,0],[56104,0],]]
[56361,11,49,[[56362,0],[56360,0],[56617,0],[56616,0],[56105,0],]]
[56362,7,49,[[56361,0],[56363,0],[56618,0],[56106,0],]]
[56363,11,49,[[56364,0],[56362,0],[56619,0],[56618,0],[56107,0],]]
[56364,18,49,[[56363,0],[56365,0],[56620,0],[56108,0],]]
[56365,14,49,[[56366,0],[56364,0],[56621,0],[56620,0],[56109,0],]]
[56366,13,49,[[56365,0],[56367,0],[56622,0],[56110,0],]]
[56367,5,49,[[56368,0],[56366,0],[56623,0],[56622,0],[56111,0],]]
[56368,13,49,[[56367,0],[56369,0],[56624,0],[56112,0],]]
[56369,12,49,[[56370,0],[56368,0],[56625,0],[56624,0],[56113,0],]]
[56370,17,49,[[56369,0],[56371,0],[56626,0],[56114,0],]]
[56371,12,49,[[56372,0],[56370,0],[56627,0],[56626,0],[56115,0],]]
[56372,1,49,[[56371,0],[56373,0],[56628,0],[56116,0],]]
[56373,6,49,[[56374,0],[56372,0],[56629,0],[56628,0],[56117,0],]]
[56374,15,49,[[56373,0],[56375,0],[56630,0],[56118,0],]]
[56375,9,49,[[56376,0],[56374,0],[56631,0],[56630,0],[56119,0],]]
[56376,5,49,[[56375,0],[56377,0],[56632,0],[56120,0],]]
[56377,5,49,[[56378,0],[56376,0],[56633,0],[56632,0],[56121,0],]]
[56378,15,49,[[56377,0],[56379,0],[56634,0],[56122,0],]]
[56379,6,49,[[56380,0],[56378,0],[56635,0],[56634,0],[56123,0],]]
[56380,17,49,[[56379,0],[56381,0],[56636,0],[56124,0],]]
[56381,10,49,[[56382,0],[56380,0],[56637,0],[56636,0],[56125,0],]]
[56382,16,49,[[56381,0],[56383,0],[56638,0],[56126,0],]]
[56383,11,49,[[56384,0],[56382,0],[56639,0],[56638,0],[56127,0],]]
[56384,18,50,[[56383,0],[56385,0],[56640,0],[56128,0],]]
[56385,13,50,[[56386,0],[56384,0],[56641,0],[56640,0],[56129,0],]]
[56386,14,50,[[56385,0],[56387,0],[56642,0],[56130,0],]]
[56387,2,50,[[56388,0],[56386,0],[56643,0],[56642,0],[56131,0],]]
[56388,7,50,[[56387,0],[56389,0],[56644,0],[56132,0],]]
[56389,8,50,[[56390,0],[56388,0],[56645,0],[56644,0],[56133,0],]]
[56390,9,50,[[56389,0],[56391,0],[56646,0],[56134,0],]]
[56391,16,50,[[56392,0],[56390,0],[56647,0],[56646,0],[56135,0],]]
[56392,9,50,[[56391,0],[56393,0],[56648,0],[56136,0],]]
[56393,13,50,[[56394,0],[56392,0],[56649,0],[56648,0],[56137,0],]]
[56394,4,50,[[56393,0],[56395,0],[56650,0],[56138,0],]]
[56395,16,50,[[56396,0],[56394,0],[56651,0],[56650,0],[56139,0],]]
[56396,6,50,[[56395,0],[56397,0],[56652,0],[56140,0],]]
[56397,1,50,[[56398,0],[56396,0],[56653,0],[56652,0],[56141,0],]]
[56398,6,50,[[56397,0],[56399,0],[56654,0],[56142,0],]]
[56399,11,50,[[56400,0],[56398,0],[56655,0],[56654,0],[56143,0],]]
[56400,9,50,[[56399,0],[56401,0],[56656,0],[56144,0],]]
[56401,2,50,[[56402,0],[56400,0],[56657,0],[56656,0],[56145,0],]]
[56402,2,50,[[56401,0],[56403,0],[56658,0],[56146,0],]]
[56403,10,50,[[56404,0],[56402,0],[56659,0],[56658,0],[56147,0],]]
[56404,5,50,[[56403,0],[56405,0],[56660,0],[56148,0],]]
[56405,5,50,[[56406,0],[56404,0],[56661,0],[56660,0],[56149,0],]]
[56406,16,50,[[56405,0],[56407,0],[56662,0],[56150,0],]]
[56407,13,50,[[56408,0],[56406,0],[56663,0],[56662,0],[56151,0],]]
[56408,2,50,[[56407,0],[56409,0],[56664,0],[56152,0],]]
[56409,1,50,[[56410,0],[56408,0],[56665,0],[56664,0],[56153,0],]]
[56410,10,50,[[56409,0],[56411,0],[56666,0],[56154,0],]]
[56411,15,50,[[56412,0],[56410,0],[56667,0],[56666,0],[56155,0],]]
[56412,3,50,[[56411,0],[56413,0],[56668,0],[56156,0],]]
[56413,19,50,[[56414,0],[56412,0],[56669,0],[56668,0],[56157,0],]]
[56414,16,50,[[56413,0],[56415,0],[56670,0],[56158,0],]]
[56415,14,50,[[56416,0],[56414,0],[56671,0],[56670,0],[56159,0],]]
[56416,11,51,[[56415,0],[56417,0],[56672,0],[56160,0],]]
[56417,10,51,[[56418,0],[56416,0],[56673,0],[56672,0],[56161,0],]]
[56418,12,51,[[56417,0],[56419,0],[56674,0],[56162,0],]]
[56419,18,51,[[56420,0],[56418,0],[56675,0],[56674,0],[56163,0],]]
[56420,7,51,[[56419,0],[56421,0],[56676,0],[56164,0],]]
[56421,2,51,[[56422,0],[56420,0],[56677,0],[56676,0],[56165,0],]]
[56422,7,51,[[56421,0],[56423,0],[56678,0],[56166,0],]]
[56423,2,51,[[56424,0],[56422,0],[56679,0],[56678,0],[56167,0],]]
[56424,7,51,[[56423,0],[56425,0],[56680,0],[56168,0],]]
[56425,13,51,[[56426,0],[56424,0],[56681,0],[56680,0],[56169,0],]]
[56426,13,51,[[56425,0],[56427,0],[56682,0],[56170,0],]]
[56427,14,51,[[56428,0],[56426,0],[56683,0],[56682,0],[56171,0],]]
[56428,16,51,[[56427,0],[56429,0],[56684,0],[56172,0],]]
[56429,3,51,[[56430,0],[56428,0],[56685,0],[56684,0],[56173,0],]]
[56430,4,51,[[56429,0],[56431,0],[56686,0],[56174,0],]]
[56431,5,51,[[56432,0],[56430,0],[56687,0],[56686,0],[56175,0],]]
[56432,13,51,[[56431,0],[56433,0],[56688,0],[56176,0],]]
[56433,18,51,[[56434,0],[56432,0],[56689,0],[56688,0],[56177,0],]]
[56434,7,51,[[56433,0],[56435,0],[56690,0],[56178,0],]]
[56435,18,51,[[56436,0],[56434,0],[56691,0],[56690,0],[56179,0],]]
[56436,6,51,[[56435,0],[56437,0],[56692,0],[56180,0],]]
[56437,15,51,[[56438,0],[56436,0],[56693,0],[56692,0],[56181,0],]]
[56438,19,51,[[56437,0],[56439,0],[56694,0],[56182,0],]]
[56439,7,51,[[56440,0],[56438,0],[56695,0],[56694,0],[56183,0],]]
[56440,8,51,[[56439,0],[56441,0],[56696,0],[56184,0],]]
[56441,18,51,[[56442,0],[56440,0],[56697,0],[56696,0],[56185,0],]]
[56442,15,51,[[56441,0],[56443,0],[56698,0],[56186,0],]]
[56443,14,51,[[56444,0],[56442,0],[56699,0],[56698,0],[56187,0],]]
[56444,5,51,[[56443,0],[56445,0],[56700,0],[56188,0],]]
[56445,8,51,[[56446,0],[56444,0],[56701,0],[56700,0],[56189,0],]]
[56446,10,51,[[56445,0],[56447,0],[56702,0],[56190,0],]]
[56447,7,51,[[56448,0],[56446,0],[56703,0],[56702,0],[56191,0],]]
[56448,8,52,[[56447,0],[56449,0],[56704,0],[56192,0],]]
[56449,10,52,[[56450,0],[56448,0],[56705,0],[56704,0],[56193,0],]]
[56450,7,52,[[56449,0],[56451,0],[56706,0],[56194,0],]]
[56451,12,52,[[56452,0],[56450,0],[56707,0],[56706,0],[56195,0],]]
[56452,4,52,[[56451,0],[56453,0],[56708,0],[56196,0],]]
[56453,9,52,[[56454,0],[56452,0],[56709,0],[56708,0],[56197,0],]]
[56454,7,52,[[56453,0],[56455,0],[56710,0],[56198,0],]]
[56455,15,52,[[56456,0],[56454,0],[56711,0],[56710,0],[56199,0],]]
[56456,10,52,[[56455,0],[56457,0],[56712,0],[56200,0],]]
[56457,18,52,[[56458,0],[56456,0],[56713,0],[56712,0],[56201,0],]]
[56458,8,52,[[56457,0],[56459,0],[56714,0],[56202,0],]]
[56459,15,52,[[56460,0],[56458,0],[56715,0],[56714,0],[56203,0],]]
[56460,11,52,[[56459,0],[56461,0],[56716,0],[56204,0],]]
[56461,5,52,[[56462,0],[56460,0],[56717,0],[56716,0],[56205,0],]]
[56462,14,52,[[56461,0],[56463,0],[56718,0],[56206,0],]]
[56463,4,52,[[56464,0],[56462,0],[56719,0],[56718,0],[56207,0],]]
[56464,15,52,[[56463,0],[56465,0],[56720,0],[56208,0],]]
[56465,6,52,[[56466,0],[56464,0],[56721,0],[56720,0],[56209,0],]]
[56466,15,52,[[56465,0],[56467,0],[56722,0],[56210,0],]]
[56467,16,52,[[56468,0],[56466,0],[56723,0],[56722,0],[56211,0],]]
[56468,1,52,[[56467,0],[56469,0],[56724,0],[56212,0],]]
[56469,2,52,[[56470,0],[56468,0],[56725,0],[56724,0],[56213,0],]]
[56470,5,52,[[56469,0],[56471,0],[56726,0],[56214,0],]]
[56471,5,52,[[56472,0],[56470,0],[56727,0],[56726,0],[56215,0],]]
[56472,13,52,[[56471,0],[56473,0],[56728,0],[56216,0],]]
[56473,15,52,[[56474,0],[56472,0],[56729,0],[56728,0],[56217,0],]]
[56474,16,52,[[56473,0],[56475,0],[56730,0],[56218,0],]]
[56475,17,52,[[56476,0],[56474,0],[56731,0],[56730,0],[56219,0],]]
[56476,4,52,[[56475,0],[56477,0],[56732,0],[56220,0],]]
[56477,16,52,[[56478,0],[56476,0],[56733,0],[56732,0],[56221,0],]]
[56478,1,52,[[56477,0],[56479,0],[56734,0],[56222,0],]]
[56479,12,52,[[56480,0],[56478,0],[56735,0],[56734,0],[56223,0],]]
[56480,7,53,[[56479,0],[56481,0],[56736,0],[56224,0],]]
[56481,3,53,[[56482,0],[56480,0],[56737,0],[56736,0],[56225,0],]]
[56482,19,53,[[56481,0],[56483,0],[56738,0],[56226,0],]]
[56483,5,53,[[56484,0],[56482,0],[56739,0],[56738,0],[56227,0],]]
[56484,3,53,[[56483,0],[56485,0],[56740,0],[56228,0],]]
[56485,3,53,[[56486,0],[56484,0],[56741,0],[56740,0],[56229,0],]]
[56486,13,53,[[56485,0],[56487,0],[56742,0],[56230,0],]]
[56487,17,53,[[56488,0],[56486,0],[56743,0],[56742,0],[56231,0],]]
[56488,16,53,[[56487,0],[56489,0],[56744,0],[56232,0],]]
[56489,15,53,[[56490,0],[56488,0],[56745,0],[56744,0],[56233,0],]]
[56490,4,53,[[56489,0],[56491,0],[56746,0],[56234,0],]]
[56491,6,53,[[56492,0],[56490,0],[56747,0],[56746,0],[56235,0],]]
[56492,15,53,[[56491,0],[56493,0],[56748,0],[56236,0],]]
[56493,18,53,[[56494,0],[56492,0],[56749,0],[56748,0],[56237,0],]]
[56494,7,53,[[56493,0],[56495,0],[56750,0],[56238,0],]]
[56495,18,53,[[56496,0],[56494,0],[56751,0],[56750,0],[56239,0],]]
[56496,5,53,[[56495,0],[56497,0],[56752,0],[56240,0],]]
[56497,3,53,[[56498,0],[56496,0],[56753,0],[56752,0],[56241,0],]]
[56498,11,53,[[56497,0],[56499,0],[56754,0],[56242,0],]]
[56499,10,53,[[56500,0],[56498,0],[56755,0],[56754,0],[56243,0],]]
[56500,5,53,[[56499,0],[56501,0],[56756,0],[56244,0],]]
[56501,5,53,[[56502,0],[56500,0],[56757,0],[56756,0],[56245,0],]]
[56502,18,53,[[56501,0],[56503,0],[56758,0],[56246,0],]]
[56503,6,53,[[56504,0],[56502,0],[56759,0],[56758,0],[56247,0],]]
[56504,13,53,[[56503,0],[56505,0],[56760,0],[56248,0],]]
[56505,13,53,[[56506,0],[56504,0],[56761,0],[56760,0],[56249,0],]]
[56506,19,53,[[56505,0],[56507,0],[56762,0],[56250,0],]]
[56507,2,53,[[56508,0],[56506,0],[56763,0],[56762,0],[56251,0],]]
[56508,8,53,[[56507,0],[56509,0],[56764,0],[56252,0],]]
[56509,15,53,[[56510,0],[56508,0],[56765,0],[56764,0],[56253,0],]]
[56510,7,53,[[56509,0],[56511,0],[56766,0],[56254,0],]]
[56511,7,53,[[56512,0],[56510,0],[56767,0],[56766,0],[56255,0],]]
[56512,5,54,[[56511,0],[56513,0],[56768,0],[56256,0],]]
[56513,10,54,[[56514,0],[56512,0],[56769,0],[56768,0],[56257,0],]]
[56514,16,54,[[56513,0],[56515,0],[56770,0],[56258,0],]]
[56515,5,54,[[56516,0],[56514,0],[56771,0],[56770,0],[56259,0],]]
[56516,15,54,[[56515,0],[56517,0],[56772,0],[56260,0],]]
[56517,18,54,[[56518,0],[56516,0],[56773,0],[56772,0],[56261,0],]]
[56518,9,54,[[56517,0],[56519,0],[56774,0],[56262,0],]]
[56519,11,54,[[56520,0],[56518,0],[56775,0],[56774,0],[56263,0],]]
[56520,9,54,[[56519,0],[56521,0],[56776,0],[56264,0],]]
[56521,8,54,[[56522,0],[56520,0],[56777,0],[56776,0],[56265,0],]]
[56522,12,54,[[56521,0],[56523,0],[56778,0],[56266,0],]]
[56523,12,54,[[56524,0],[56522,0],[56779,0],[56778,0],[56267,0],]]
[56524,8,54,[[56523,0],[56525,0],[56780,0],[56268,0],]]
[56525,16,54,[[56526,0],[56524,0],[56781,0],[56780,0],[56269,0],]]
[56526,7,54,[[56525,0],[56527,0],[56782,0],[56270,0],]]
[56527,14,54,[[56528,0],[56526,0],[56783,0],[56782,0],[56271,0],]]
[56528,14,54,[[56527,0],[56529,0],[56784,0],[56272,0],]]
[56529,15,54,[[56530,0],[56528,0],[56785,0],[56784,0],[56273,0],]]
[56530,6,54,[[56529,0],[56531,0],[56786,0],[56274,0],]]
[56531,9,54,[[56532,0],[56530,0],[56787,0],[56786,0],[56275,0],]]
[56532,11,54,[[56531,0],[56533,0],[56788,0],[56276,0],]]
[56533,17,54,[[56534,0],[56532,0],[56789,0],[56788,0],[56277,0],]]
[56534,19,54,[[56533,0],[56535,0],[56790,0],[56278,0],]]
[56535,15,54,[[56536,0],[56534,0],[56791,0],[56790,0],[56279,0],]]
[56536,16,54,[[56535,0],[56537,0],[56792,0],[56280,0],]]
[56537,1,54,[[56538,0],[56536,0],[56793,0],[56792,0],[56281,0],]]
[56538,16,54,[[56537,0],[56539,0],[56794,0],[56282,0],]]
[56539,9,54,[[56540,0],[56538,0],[56795,0],[56794,0],[56283,0],]]
[56540,6,54,[[56539,0],[56541,0],[56796,0],[56284,0],]]
[56541,17,54,[[56542,0],[56540,0],[56797,0],[56796,0],[56285,0],]]
[56542,4,54,[[56541,0],[56543,0],[56798,0],[56286,0],]]
[56543,9,54,[[56544,0],[56542,0],[56799,0],[56798,0],[56287,0],]]
[56544,14,55,[[56543,0],[56545,0],[56800,0],[56288,0],]]
[56545,16,55,[[56546,0],[56544,0],[56801,0],[56800,0],[56289,0],]]
[56546,6,55,[[56545,0],[56547,0],[56802,0],[56290,0],]]
[56547,8,55,[[56548,0],[56546,0],[56803,0],[56802,0],[56291,0],]]
[56548,18,55,[[56547,0],[56549,0],[56804,0],[56292,0],]]
[56549,7,55,[[56550,0],[56548,0],[56805,0],[56804,0],[56293,0],]]
[56550,13,55,[[56549,0],[56551,0],[56806,0],[56294,0],]]
[56551,8,55,[[56552,0],[56550,0],[56807,0],[56806,0],[56295,0],]]
[56552,15,55,[[56551,0],[56553,0],[56808,0],[56296,0],]]
[56553,13,55,[[56554,0],[56552,0],[56809,0],[56808,0],[56297,0],]]
[56554,4,55,[[56553,0],[56555,0],[56810,0],[56298,0],]]
[56555,16,55,[[56556,0],[56554,0],[56811,0],[56810,0],[56299,0],]]
[56556,1,55,[[56555,0],[56557,0],[56812,0],[56300,0],]]
[56557,10,55,[[56558,0],[56556,0],[56813,0],[56812,0],[56301,0],]]
[56558,3,55,[[56557,0],[56559,0],[56814,0],[56302,0],]]
[56559,2,55,[[56560,0],[56558,0],[56815,0],[56814,0],[56303,0],]]
[56560,3,55,[[56559,0],[56561,0],[56816,0],[56304,0],]]
[56561,15,55,[[56562,0],[56560,0],[56817,0],[56816,0],[56305,0],]]
[56562,19,55,[[56561,0],[56563,0],[56818,0],[56306,0],]]
[56563,17,55,[[56564,0],[56562,0],[56819,0],[56818,0],[56307,0],]]
[56564,11,55,[[56563,0],[56565,0],[56820,0],[56308,0],]]
[56565,2,55,[[56566,0],[56564,0],[56821,0],[56820,0],[56309,0],]]
[56566,8,55,[[56565,0],[56567,0],[56822,0],[56310,0],]]
[56567,19,55,[[56568,0],[56566,0],[56823,0],[56822,0],[56311,0],]]
[56568,10,55,[[56567,0],[56569,0],[56824,0],[56312,0],]]
[56569,7,55,[[56570,0],[56568,0],[56825,0],[56824,0],[56313,0],]]
[56570,17,55,[[56569,0],[56571,0],[56826,0],[56314,0],]]
[56571,8,55,[[56572,0],[56570,0],[56827,0],[56826,0],[56315,0],]]
[56572,14,55,[[56571,0],[56573,0],[56828,0],[56316,0],]]
[56573,2,55,[[56574,0],[56572,0],[56829,0],[56828,0],[56317,0],]]
[56574,10,55,[[56573,0],[56575,0],[56830,0],[56318,0],]]
[56575,16,55,[[56574,0],[56831,0],[56830,0],[56319,0],]]
[56576,12,48,[[56577,0],[56320,0],[56321,0],[56832,0],]]
[56577,19,48,[[56578,0],[56576,0],[56321,0],[56833,0],]]
[56578,7,48,[[56577,0],[56579,0],[56322,0],[56323,0],[56834,0],]]
[56579,7,48,[[56580,0],[56578,0],[56323,0],[56835,0],]]
[56580,17,48,[[56579,0],[56581,0],[56324,0],[56325,0],[56836,0],]]
[56581,16,48,[[56582,0],[56580,0],[56325,0],[56837,0],]]
[56582,4,48,[[56581,0],[56583,0],[56326,0],[56327,0],[56838,0],]]
[56583,2,48,[[56584,0],[56582,0],[56327,0],[56839,0],]]
[56584,10,48,[[56583,0],[56585,0],[56328,0],[56329,0],[56840,0],]]
[56585,18,48,[[56586,0],[56584,0],[56329,0],[56841,0],]]
[56586,2,48,[[56585,0],[56587,0],[56330,0],[56331,0],[56842,0],]]
[56587,9,48,[[56588,0],[56586,0],[56331,0],[56843,0],]]
[56588,3,48,[[56587,0],[56589,0],[56332,0],[56333,0],[56844,0],]]
[56589,9,48,[[56590,0],[56588,0],[56333,0],[56845,0],]]
[56590,15,48,[[56589,0],[56591,0],[56334,0],[56335,0],[56846,0],]]
[56591,9,48,[[56592,0],[56590,0],[56335,0],[56847,0],]]
[56592,12,48,[[56591,0],[56593,0],[56336,0],[56337,0],[56848,0],]]
[56593,9,48,[[56594,0],[56592,0],[56337,0],[56849,0],]]
[56594,14,48,[[56593,0],[56595,0],[56338,0],[56339,0],[56850,0],]]
[56595,3,48,[[56596,0],[56594,0],[56339,0],[56851,0],]]
[56596,12,48,[[56595,0],[56597,0],[56340,0],[56341,0],[56852,0],]]
[56597,13,48,[[56598,0],[56596,0],[56341,0],[56853,0],]]
[56598,18,48,[[56597,0],[56599,0],[56342,0],[56343,0],[56854,0],]]
[56599,1,48,[[56600,0],[56598,0],[56343,0],[56855,0],]]
[56600,3,48,[[56599,0],[56601,0],[56344,0],[56345,0],[56856,0],]]
[56601,16,48,[[56602,0],[56600,0],[56345,0],[56857,0],]]
[56602,11,48,[[56601,0],[56603,0],[56346,0],[56347,0],[56858,0],]]
[56603,16,48,[[56604,0],[56602,0],[56347,0],[56859,0],]]
[56604,19,48,[[56603,0],[56605,0],[56348,0],[56349,0],[56860,0],]]
[56605,10,48,[[56606,0],[56604,0],[56349,0],[56861,0],]]
[56606,9,48,[[56605,0],[56607,0],[56350,0],[56351,0],[56862,0],]]
[56607,18,48,[[56608,0],[56606,0],[56351,0],[56863,0],]]
[56608,15,49,[[56607,0],[56609,0],[56352,0],[56353,0],[56864,0],]]
[56609,19,49,[[56610,0],[56608,0],[56353,0],[56865,0],]]
[56610,18,49,[[56609,0],[56611,0],[56354,0],[56355,0],[56866,0],]]
[56611,10,49,[[56612,0],[56610,0],[56355,0],[56867,0],]]
[56612,7,49,[[56611,0],[56613,0],[56356,0],[56357,0],[56868,0],]]
[56613,7,49,[[56614,0],[56612,0],[56357,0],[56869,0],]]
[56614,15,49,[[56613,0],[56615,0],[56358,0],[56359,0],[56870,0],]]
[56615,16,49,[[56616,0],[56614,0],[56359,0],[56871,0],]]
[56616,12,49,[[56615,0],[56617,0],[56360,0],[56361,0],[56872,0],]]
[56617,11,49,[[56618,0],[56616,0],[56361,0],[56873,0],]]
[56618,14,49,[[56617,0],[56619,0],[56362,0],[56363,0],[56874,0],]]
[56619,9,49,[[56620,0],[56618,0],[56363,0],[56875,0],]]
[56620,11,49,[[56619,0],[56621,0],[56364,0],[56365,0],[56876,0],]]
[56621,17,49,[[56622,0],[56620,0],[56365,0],[56877,0],]]
[56622,13,49,[[56621,0],[56623,0],[56366,0],[56367,0],[56878,0],]]
[56623,9,49,[[56624,0],[56622,0],[56367,0],[56879,0],]]
[56624,2,49,[[56623,0],[56625,0],[56368,0],[56369,0],[56880,0],]]
[56625,9,49,[[56626,0],[56624,0],[56369,0],[56881,0],]]
[56626,15,49,[[56625,0],[56627,0],[56370,0],[56371,0],[56882,0],]]
[56627,2,49,[[56628,0],[56626,0],[56371,0],[56883,0],]]
[56628,11,49,[[56627,0],[56629,0],[56372,0],[56373,0],[56884,0],]]
[56629,3,49,[[56630,0],[56628,0],[56373,0],[56885,0],]]
[56630,14,49,[[56629,0],[56631,0],[56374,0],[56375,0],[56886,0],]]
[56631,15,49,[[56632,0],[56630,0],[56375,0],[56887,0],]]
[56632,12,49,[[56631,0],[56633,0],[56376,0],[56377,0],[56888,0],]]
[56633,7,49,[[56634,0],[56632,0],[56377,0],[56889,0],]]
[56634,9,49,[[56633,0],[56635,0],[56378,0],[56379,0],[56890,0],]]
[56635,8,49,[[56636,0],[56634,0],[56379,0],[56891,0],]]
[56636,15,49,[[56635,0],[56637,0],[56380,0],[56381,0],[56892,0],]]
[56637,2,49,[[56638,0],[56636,0],[56381,0],[56893,0],]]
[56638,18,49,[[56637,0],[56639,0],[56382,0],[56383,0],[56894,0],]]
[56639,17,49,[[56640,0],[56638,0],[56383,0],[56895,0],]]
[56640,16,50,[[56639,0],[56641,0],[56384,0],[56385,0],[56896,0],]]
[56641,9,50,[[56642,0],[56640,0],[56385,0],[56897,0],]]
[56642,14,50,[[56641,0],[56643,0],[56386,0],[56387,0],[56898,0],]]
[56643,15,50,[[56644,0],[56642,0],[56387,0],[56899,0],]]
[56644,6,50,[[56643,0],[56645,0],[56388,0],[56389,0],[56900,0],]]
[56645,1,50,[[56646,0],[56644,0],[56389,0],[56901,0],]]
[56646,3,50,[[56645,0],[56647,0],[56390,0],[56391,0],[56902,0],]]
[56647,3,50,[[56648,0],[56646,0],[56391,0],[56903,0],]]
[56648,4,50,[[56647,0],[56649,0],[56392,0],[56393,0],[56904,0],]]
[56649,8,50,[[56650,0],[56648,0],[56393,0],[56905,0],]]
[56650,6,50,[[56649,0],[56651,0],[56394,0],[56395,0],[56906,0],]]
[56651,4,50,[[56652,0],[56650,0],[56395,0],[56907,0],]]
[56652,7,50,[[56651,0],[56653,0],[56396,0],[56397,0],[56908,0],]]
[56653,10,50,[[56654,0],[56652,0],[56397,0],[56909,0],]]
[56654,9,50,[[56653,0],[56655,0],[56398,0],[56399,0],[56910,0],]]
[56655,9,50,[[56656,0],[56654,0],[56399,0],[56911,0],]]
[56656,3,50,[[56655,0],[56657,0],[56400,0],[56401,0],[56912,0],]]
[56657,14,50,[[56658,0],[56656,0],[56401,0],[56913,0],]]
[56658,9,50,[[56657,0],[56659,0],[56402,0],[56403,0],[56914,0],]]
[56659,14,50,[[56660,0],[56658,0],[56403,0],[56915,0],]]
[56660,13,50,[[56659,0],[56661,0],[56404,0],[56405,0],[56916,0],]]
[56661,12,50,[[56662,0],[56660,0],[56405,0],[56917,0],]]
[56662,1,50,[[56661,0],[56663,0],[56406,0],[56407,0],[56918,0],]]
[56663,2,50,[[56664,0],[56662,0],[56407,0],[56919,0],]]
[56664,3,50,[[56663,0],[56665,0],[56408,0],[56409,0],[56920,0],]]
[56665,17,50,[[56666,0],[56664,0],[56409,0],[56921,0],]]
[56666,18,50,[[56665,0],[56667,0],[56410,0],[56411,0],[56922,0],]]
[56667,19,50,[[56668,0],[56666,0],[56411,0],[56923,0],]]
[56668,17,50,[[56667,0],[56669,0],[56412,0],[56413,0],[56924,0],]]
[56669,19,50,[[56670,0],[56668,0],[56413,0],[56925,0],]]
[56670,16,50,[[56669,0],[56671,0],[56414,0],[56415,0],[56926,0],]]
[56671,17,50,[[56672,0],[56670,0],[56415,0],[56927,0],]]
[56672,1,51,[[56671,0],[56673,0],[56416,0],[56417,0],[56928,0],]]
[56673,5,51,[[56674,0],[56672,0],[56417,0],[56929,0],]]
[56674,7,51,[[56673,0],[56675,0],[56418,0],[56419,0],[56930,0],]]
[56675,9,51,[[56676,0],[56674,0],[56419,0],[56931,0],]]
[56676,16,51,[[56675,0],[56677,0],[56420,0],[56421,0],[56932,0],]]
[56677,2,51,[[56678,0],[56676,0],[56421,0],[56933,0],]]
[56678,16,51,[[56677,0],[56679,0],[56422,0],[56423,0],[56934,0],]]
[56679,8,51,[[56680,0],[56678,0],[56423,0],[56935,0],]]
[56680,15,51,[[56679,0],[56681,0],[56424,0],[56425,0],[56936,0],]]
[56681,3,51,[[56682,0],[56680,0],[56425,0],[56937,0],]]
[56682,6,51,[[56681,0],[56683,0],[56426,0],[56427,0],[56938,0],]]
[56683,7,51,[[56684,0],[56682,0],[56427,0],[56939,0],]]
[56684,1,51,[[56683,0],[56685,0],[56428,0],[56429,0],[56940,0],]]
[56685,10,51,[[56686,0],[56684,0],[56429,0],[56941,0],]]
[56686,18,51,[[56685,0],[56687,0],[56430,0],[56431,0],[56942,0],]]
[56687,5,51,[[56688,0],[56686,0],[56431,0],[56943,0],]]
[56688,8,51,[[56687,0],[56689,0],[56432,0],[56433,0],[56944,0],]]
[56689,4,51,[[56690,0],[56688,0],[56433,0],[56945,0],]]
[56690,17,51,[[56689,0],[56691,0],[56434,0],[56435,0],[56946,0],]]
[56691,11,51,[[56692,0],[56690,0],[56435,0],[56947,0],]]
[56692,11,51,[[56691,0],[56693,0],[56436,0],[56437,0],[56948,0],]]
[56693,1,51,[[56694,0],[56692,0],[56437,0],[56949,0],]]
[56694,19,51,[[56693,0],[56695,0],[56438,0],[56439,0],[56950,0],]]
[56695,19,51,[[56696,0],[56694,0],[56439,0],[56951,0],]]
[56696,15,51,[[56695,0],[56697,0],[56440,0],[56441,0],[56952,0],]]
[56697,14,51,[[56698,0],[56696,0],[56441,0],[56953,0],]]
[56698,9,51,[[56697,0],[56699,0],[56442,0],[56443,0],[56954,0],]]
[56699,8,51,[[56700,0],[56698,0],[56443,0],[56955,0],]]
[56700,9,51,[[56699,0],[56701,0],[56444,0],[56445,0],[56956,0],]]
[56701,18,51,[[56702,0],[56700,0],[56445,0],[56957,0],]]
[56702,15,51,[[56701,0],[56703,0],[56446,0],[56447,0],[56958,0],]]
[56703,13,51,[[56704,0],[56702,0],[56447,0],[56959,0],]]
[56704,9,52,[[56703,0],[56705,0],[56448,0],[56449,0],[56960,0],]]
[56705,17,52,[[56706,0],[56704,0],[56449,0],[56961,0],]]
[56706,11,52,[[56705,0],[56707,0],[56450,0],[56451,0],[56962,0],]]
[56707,13,52,[[56708,0],[56706,0],[56451,0],[56963,0],]]
[56708,17,52,[[56707,0],[56709,0],[56452,0],[56453,0],[56964,0],]]
[56709,7,52,[[56710,0],[56708,0],[56453,0],[56965,0],]]
[56710,10,52,[[56709,0],[56711,0],[56454,0],[56455,0],[56966,0],]]
[56711,7,52,[[56712,0],[56710,0],[56455,0],[56967,0],]]
[56712,12,52,[[56711,0],[56713,0],[56456,0],[56457,0],[56968,0],]]
[56713,18,52,[[56714,0],[56712,0],[56457,0],[56969,0],]]
[56714,6,52,[[56713,0],[56715,0],[56458,0],[56459,0],[56970,0],]]
[56715,15,52,[[56716,0],[56714,0],[56459,0],[56971,0],]]
[56716,4,52,[[56715,0],[56717,0],[56460,0],[56461,0],[56972,0],]]
[56717,1,52,[[56718,0],[56716,0],[56461,0],[56973,0],]]
[56718,18,52,[[56717,0],[56719,0],[56462,0],[56463,0],[56974,0],]]
[56719,6,52,[[56720,0],[56718,0],[56463,0],[56975,0],]]
[56720,11,52,[[56719,0],[56721,0],[56464,0],[56465,0],[56976,0],]]
[56721,14,52,[[56722,0],[56720,0],[56465,0],[56977,0],]]
[56722,13,52,[[56721,0],[56723,0],[56466,0],[56467,0],[56978,0],]]
[56723,3,52,[[56724,0],[56722,0],[56467,0],[56979,0],]]
[56724,9,52,[[56723,0],[56725,0],[56468,0],[56469,0],[56980,0],]]
[56725,2,52,[[56726,0],[56724,0],[56469,0],[56981,0],]]
[56726,5,52,[[56725,0],[56727,0],[56470,0],[56471,0],[56982,0],]]
[56727,19,52,[[56728,0],[56726,0],[56471,0],[56983,0],]]
[56728,12,52,[[56727,0],[56729,0],[56472,0],[56473,0],[56984,0],]]
[56729,8,52,[[56730,0],[56728,0],[56473,0],[56985,0],]]
[56730,6,52,[[56729,0],[56731,0],[56474,0],[56475,0],[56986,0],]]
[56731,10,52,[[56732,0],[56730,0],[56475,0],[56987,0],]]
[56732,12,52,[[56731,0],[56733,0],[56476,0],[56477,0],[56988,0],]]
[56733,17,52,[[56734,0],[56732,0],[56477,0],[56989,0],]]
[56734,16,52,[[56733,0],[56735,0],[56478,0],[56479,0],[56990,0],]]
[56735,17,52,[[56736,0],[56734,0],[56479,0],[56991,0],]]
[56736,8,53,[[56735,0],[56737,0],[56480,0],[56481,0],[56992,0],]]
[56737,3,53,[[56738,0],[56736,0],[56481,0],[56993,0],]]
[56738,12,53,[[56737,0],[56739,0],[56482,0],[56483,0],[56994,0],]]
[56739,1,53,[[56740,0],[56738,0],[56483,0],[56995,0],]]
[56740,16,53,[[56739,0],[56741,0],[56484,0],[56485,0],[56996,0],]]
[56741,10,53,[[56742,0],[56740,0],[56485,0],[56997,0],]]
[56742,9,53,[[56741,0],[56743,0],[56486,0],[56487,0],[56998,0],]]
[56743,2,53,[[56744,0],[56742,0],[56487,0],[56999,0],]]
[56744,5,53,[[56743,0],[56745,0],[56488,0],[56489,0],[57000,0],]]
[56745,18,53,[[56746,0],[56744,0],[56489,0],[57001,0],]]
[56746,6,53,[[56745,0],[56747,0],[56490,0],[56491,0],[57002,0],]]
[56747,18,53,[[56748,0],[56746,0],[56491,0],[57003,0],]]
[56748,6,53,[[56747,0],[56749,0],[56492,0],[56493,0],[57004,0],]]
[56749,17,53,[[56750,0],[56748,0],[56493,0],[57005,0],]]
[56750,2,53,[[56749,0],[56751,0],[56494,0],[56495,0],[57006,0],]]
[56751,10,53,[[56752,0],[56750,0],[56495,0],[57007,0],]]
[56752,17,53,[[56751,0],[56753,0],[56496,0],[56497,0],[57008,0],]]
[56753,6,53,[[56754,0],[56752,0],[56497,0],[57009,0],]]
[56754,14,53,[[56753,0],[56755,0],[56498,0],[56499,0],[57010,0],]]
[56755,4,53,[[56756,0],[56754,0],[56499,0],[57011,0],]]
[56756,5,53,[[56755,0],[56757,0],[56500,0],[56501,0],[57012,0],]]
[56757,11,53,[[56758,0],[56756,0],[56501,0],[57013,0],]]
[56758,4,53,[[56757,0],[56759,0],[56502,0],[56503,0],[57014,0],]]
[56759,17,53,[[56760,0],[56758,0],[56503,0],[57015,0],]]
[56760,3,53,[[56759,0],[56761,0],[56504,0],[56505,0],[57016,0],]]
[56761,14,53,[[56762,0],[56760,0],[56505,0],[57017,0],]]
[56762,12,53,[[56761,0],[56763,0],[56506,0],[56507,0],[57018,0],]]
[56763,9,53,[[56764,0],[56762,0],[56507,0],[57019,0],]]
[56764,3,53,[[56763,0],[56765,0],[56508,0],[56509,0],[57020,0],]]
[56765,16,53,[[56766,0],[56764,0],[56509,0],[57021,0],]]
[56766,13,53,[[56765,0],[56767,0],[56510,0],[56511,0],[57022,0],]]
[56767,15,53,[[56768,0],[56766,0],[56511,0],[57023,0],]]
[56768,18,54,[[56767,0],[56769,0],[56512,0],[56513,0],[57024,0],]]
[56769,3,54,[[56770,0],[56768,0],[56513,0],[57025,0],]]
[56770,14,54,[[56769,0],[56771,0],[56514,0],[56515,0],[57026,0],]]
[56771,9,54,[[56772,0],[56770,0],[56515,0],[57027,0],]]
[56772,14,54,[[56771,0],[56773,0],[56516,0],[56517,0],[57028,0],]]
[56773,6,54,[[56774,0],[56772,0],[56517,0],[57029,0],]]
[56774,3,54,[[56773,0],[56775,0],[56518,0],[56519,0],[57030,0],]]
[56775,1,54,[[56776,0],[56774,0],[56519,0],[57031,0],]]
[56776,5,54,[[56775,0],[56777,0],[56520,0],[56521,0],[57032,0],]]
[56777,4,54,[[56778,0],[56776,0],[56521,0],[57033,0],]]
[56778,1,54,[[56777,0],[56779,0],[56522,0],[56523,0],[57034,0],]]
[56779,8,54,[[56780,0],[56778,0],[56523,0],[57035,0],]]
[56780,11,54,[[56779,0],[56781,0],[56524,0],[56525,0],[57036,0],]]
[56781,19,54,[[56782,0],[56780,0],[56525,0],[57037,0],]]
[56782,3,54,[[56781,0],[56783,0],[56526,0],[56527,0],[57038,0],]]
[56783,3,54,[[56784,0],[56782,0],[56527,0],[57039,0],]]
[56784,3,54,[[56783,0],[56785,0],[56528,0],[56529,0],[57040,0],]]
[56785,3,54,[[56786,0],[56784,0],[56529,0],[57041,0],]]
[56786,13,54,[[56785,0],[56787,0],[56530,0],[56531,0],[57042,0],]]
[56787,10,54,[[56788,0],[56786,0],[56531,0],[57043,0],]]
[56788,11,54,[[56787,0],[56789,0],[56532,0],[56533,0],[57044,0],]]
[56789,5,54,[[56790,0],[56788,0],[56533,0],[57045,0],]]
[56790,1,54,[[56789,0],[56791,0],[56534,0],[56535,0],[57046,0],]]
[56791,17,54,[[56792,0],[56790,0],[56535,0],[57047,0],]]
[56792,6,54,[[56791,0],[56793,0],[56536,0],[56537,0],[57048,0],]]
[56793,14,54,[[56794,0],[56792,0],[56537,0],[57049,0],]]
[56794,5,54,[[56793,0],[56795,0],[56538,0],[56539,0],[57050,0],]]
[56795,4,54,[[56796,0],[56794,0],[56539,0],[57051,0],]]
[56796,6,54,[[56795,0],[56797,0],[56540,0],[56541,0],[57052,0],]]
[56797,3,54,[[56798,0],[56796,0],[56541,0],[57053,0],]]
[56798,16,54,[[56797,0],[56799,0],[56542,0],[56543,0],[57054,0],]]
[56799,1,54,[[56800,0],[56798,0],[56543,0],[57055,0],]]
[56800,15,55,[[56799,0],[56801,0],[56544,0],[56545,0],[57056,0],]]
[56801,4,55,[[56802,0],[56800,0],[56545,0],[57057,0],]]
[56802,4,55,[[56801,0],[56803,0],[56546,0],[56547,0],[57058,0],]]
[56803,2,55,[[56804,0],[56802,0],[56547,0],[57059,0],]]
[56804,14,55,[[56803,0],[56805,0],[56548,0],[56549,0],[57060,0],]]
[56805,8,55,[[56806,0],[56804,0],[56549,0],[57061,0],]]
[56806,17,55,[[56805,0],[56807,0],[56550,0],[56551,0],[57062,0],]]
[56807,5,55,[[56808,0],[56806,0],[56551,0],[57063,0],]]
[56808,16,55,[[56807,0],[56809,0],[56552,0],[56553,0],[57064,0],]]
[56809,2,55,[[56810,0],[56808,0],[56553,0],[57065,0],]]
[56810,14,55,[[56809,0],[56811,0],[56554,0],[56555,0],[57066,0],]]
[56811,18,55,[[56812,0],[56810,0],[56555,0],[57067,0],]]
[56812,1,55,[[56811,0],[56813,0],[56556,0],[56557,0],[57068,0],]]
[56813,13,55,[[56814,0],[56812,0],[56557,0],[57069,0],]]
[56814,10,55,[[56813,0],[56815,0],[56558,0],[56559,0],[57070,0],]]
[56815,13,55,[[56816,0],[56814,0],[56559,0],[57071,0],]]
[56816,3,55,[[56815,0],[56817,0],[56560,0],[56561,0],[57072,0],]]
[56817,13,55,[[56818,0],[56816,0],[56561,0],[57073,0],]]
[56818,1,55,[[56817,0],[56819,0],[56562,0],[56563,0],[57074,0],]]
[56819,10,55,[[56820,0],[56818,0],[56563,0],[57075,0],]]
[56820,19,55,[[56819,0],[56821,0],[56564,0],[56565,0],[57076,0],]]
[56821,2,55,[[56822,0],[56820,0],[56565,0],[57077,0],]]
[56822,17,55,[[56821,0],[56823,0],[56566,0],[56567,0],[57078,0],]]
[56823,9,55,[[56824,0],[56822,0],[56567,0],[57079,0],]]
[56824,18,55,[[56823,0],[56825,0],[56568,0],[56569,0],[57080,0],]]
[56825,8,55,[[56826,0],[56824,0],[56569,0],[57081,0],]]
[56826,10,55,[[56825,0],[56827,0],[56570,0],[56571,0],[57082,0],]]
[56827,5,55,[[56828,0],[56826,0],[56571,0],[57083,0],]]
[56828,1,55,[[56827,0],[56829,0],[56572,0],[56573,0],[57084,0],]]
[56829,18,55,[[56830,0],[56828,0],[56573,0],[57085,0],]]
[56830,11,55,[[56829,0],[56831,0],[56574,0],[56575,0],[57086,0],]]
[56831,18,55,[[56830,0],[56575,0],[57087,0],]]
[56832,7,48,[[56833,0],[57088,0],[56576,0],]]
[56833,9,48,[[56834,0],[56832,0],[57089,0],[57088,0],[56577,0],]]
[56834,11,48,[[56833,0],[56835,0],[57090,0],[56578,0],]]
[56835,2,48,[[56836,0],[56834,0],[57091,0],[57090,0],[56579,0],]]
[56836,11,48,[[56835,0],[56837,0],[57092,0],[56580,0],]]
[56837,16,48,[[56838,0],[56836,0],[57093,0],[57092,0],[56581,0],]]
[56838,11,48,[[56837,0],[56839,0],[57094,0],[56582,0],]]
[56839,5,48,[[56840,0],[56838,0],[57095,0],[57094,0],[56583,0],]]
[56840,9,48,[[56839,0],[56841,0],[57096,0],[56584,0],]]
[56841,14,48,[[56842,0],[56840,0],[57097,0],[57096,0],[56585,0],]]
[56842,11,48,[[56841,0],[56843,0],[57098,0],[56586,0],]]
[56843,11,48,[[56844,0],[56842,0],[57099,0],[57098,0],[56587,0],]]
[56844,17,48,[[56843,0],[56845,0],[57100,0],[56588,0],]]
[56845,12,48,[[56846,0],[56844,0],[57101,0],[57100,0],[56589,0],]]
[56846,19,48,[[56845,0],[56847,0],[57102,0],[56590,0],]]
[56847,2,48,[[56848,0],[56846,0],[57103,0],[57102,0],[56591,0],]]
[56848,18,48,[[56847,0],[56849,0],[57104,0],[56592,0],]]
[56849,18,48,[[56850,0],[56848,0],[57105,0],[57104,0],[56593,0],]]
[56850,2,48,[[56849,0],[56851,0],[57106,0],[56594,0],]]
[56851,8,48,[[56852,0],[56850,0],[57107,0],[57106,0],[56595,0],]]
[56852,1,48,[[56851,0],[56853,0],[57108,0],[56596,0],]]
[56853,7,48,[[56854,0],[56852,0],[57109,0],[57108,0],[56597,0],]]
[56854,15,48,[[56853,0],[56855,0],[57110,0],[56598,0],]]
[56855,14,48,[[56856,0],[56854,0],[57111,0],[57110,0],[56599,0],]]
[56856,6,48,[[56855,0],[56857,0],[57112,0],[56600,0],]]
[56857,5,48,[[56858,0],[56856,0],[57113,0],[57112,0],[56601,0],]]
[56858,8,48,[[56857,0],[56859,0],[57114,0],[56602,0],]]
[56859,15,48,[[56860,0],[56858,0],[57115,0],[57114,0],[56603,0],]]
[56860,9,48,[[56859,0],[56861,0],[57116,0],[56604,0],]]
[56861,7,48,[[56862,0],[56860,0],[57117,0],[57116,0],[56605,0],]]
[56862,13,48,[[56861,0],[56863,0],[57118,0],[56606,0],]]
[56863,4,48,[[56864,0],[56862,0],[57119,0],[57118,0],[56607,0],]]
[56864,2,49,[[56863,0],[56865,0],[57120,0],[56608,0],]]
[56865,14,49,[[56866,0],[56864,0],[57121,0],[57120,0],[56609,0],]]
[56866,11,49,[[56865,0],[56867,0],[57122,0],[56610,0],]]
[56867,2,49,[[56868,0],[56866,0],[57123,0],[57122,0],[56611,0],]]
[56868,13,49,[[56867,0],[56869,0],[57124,0],[56612,0],]]
[56869,3,49,[[56870,0],[56868,0],[57125,0],[57124,0],[56613,0],]]
[56870,11,49,[[56869,0],[56871,0],[57126,0],[56614,0],]]
[56871,13,49,[[56872,0],[56870,0],[57127,0],[57126,0],[56615,0],]]
[56872,19,49,[[56871,0],[56873,0],[57128,0],[56616,0],]]
[56873,1,49,[[56874,0],[56872,0],[57129,0],[57128,0],[56617,0],]]
[56874,7,49,[[56873,0],[56875,0],[57130,0],[56618,0],]]
[56875,6,49,[[56876,0],[56874,0],[57131,0],[57130,0],[56619,0],]]
[56876,3,49,[[56875,0],[56877,0],[57132,0],[56620,0],]]
[56877,12,49,[[56878,0],[56876,0],[57133,0],[57132,0],[56621,0],]]
[56878,18,49,[[56877,0],[56879,0],[57134,0],[56622,0],]]
[56879,8,49,[[56880,0],[56878,0],[57135,0],[57134,0],[56623,0],]]
[56880,11,49,[[56879,0],[56881,0],[57136,0],[56624,0],]]
[56881,12,49,[[56882,0],[56880,0],[57137,0],[57136,0],[56625,0],]]
[56882,3,49,[[56881,0],[56883,0],[57138,0],[56626,0],]]
[56883,2,49,[[56884,0],[56882,0],[57139,0],[57138,0],[56627,0],]]
[56884,19,49,[[56883,0],[56885,0],[57140,0],[56628,0],]]
[56885,7,49,[[56886,0],[56884,0],[57141,0],[57140,0],[56629,0],]]
[56886,19,49,[[56885,0],[56887,0],[57142,0],[56630,0],]]
[56887,5,49,[[56888,0],[56886,0],[57143,0],[57142,0],[56631,0],]]
[56888,5,49,[[56887,0],[56889,0],[57144,0],[56632,0],]]
[56889,13,49,[[56890,0],[56888,0],[57145,0],[57144,0],[56633,0],]]
[56890,13,49,[[56889,0],[56891,0],[57146,0],[56634,0],]]
[56891,18,49,[[56892,0],[56890,0],[57147,0],[57146,0],[56635,0],]]
[56892,7,49,[[56891,0],[56893,0],[57148,0],[56636,0],]]
[56893,4,49,[[56894,0],[56892,0],[57149,0],[57148,0],[56637,0],]]
[56894,16,49,[[56893,0],[56895,0],[57150,0],[56638,0],]]
[56895,16,49,[[56896,0],[56894,0],[57151,0],[57150,0],[56639,0],]]
[56896,18,50,[[56895,0],[56897,0],[57152,0],[56640,0],]]
[56897,11,50,[[56898,0],[56896,0],[57153,0],[57152,0],[56641,0],]]
[56898,7,50,[[56897,0],[56899,0],[57154,0],[56642,0],]]
[56899,16,50,[[56900,0],[56898,0],[57155,0],[57154,0],[56643,0],]]
[56900,14,50,[[56899,0],[56901,0],[57156,0],[56644,0],]]
[56901,10,50,[[56902,0],[56900,0],[57157,0],[57156,0],[56645,0],]]
[56902,12,50,[[56901,0],[56903,0],[57158,0],[56646,0],]]
[56903,12,50,[[56904,0],[56902,0],[57159,0],[57158,0],[56647,0],]]
[56904,12,50,[[56903,0],[56905,0],[57160,0],[56648,0],]]
[56905,17,50,[[56906,0],[56904,0],[57161,0],[57160,0],[56649,0],]]
[56906,3,50,[[56905,0],[56907,0],[57162,0],[56650,0],]]
[56907,4,50,[[56908,0],[56906,0],[57163,0],[57162,0],[56651,0],]]
[56908,6,50,[[56907,0],[56909,0],[57164,0],[56652,0],]]
[56909,1,50,[[56910,0],[56908,0],[57165,0],[57164,0],[56653,0],]]
[56910,7,50,[[56909,0],[56911,0],[57166,0],[56654,0],]]
[56911,12,50,[[56912,0],[56910,0],[57167,0],[57166,0],[56655,0],]]
[56912,13,50,[[56911,0],[56913,0],[57168,0],[56656,0],]]
[56913,3,50,[[56914,0],[56912,0],[57169,0],[57168,0],[56657,0],]]
[56914,10,50,[[56913,0],[56915,0],[57170,0],[56658,0],]]
[56915,11,50,[[56916,0],[56914,0],[57171,0],[57170,0],[56659,0],]]
[56916,16,50,[[56915,0],[56917,0],[57172,0],[56660,0],]]
[56917,1,50,[[56918,0],[56916,0],[57173,0],[57172,0],[56661,0],]]
[56918,3,50,[[56917,0],[56919,0],[57174,0],[56662,0],]]
[56919,10,50,[[56920,0],[56918,0],[57175,0],[57174,0],[56663,0],]]
[56920,6,50,[[56919,0],[56921,0],[57176,0],[56664,0],]]
[56921,17,50,[[56922,0],[56920,0],[57177,0],[57176,0],[56665,0],]]
[56922,17,50,[[56921,0],[56923,0],[57178,0],[56666,0],]]
[56923,1,50,[[56924,0],[56922,0],[57179,0],[57178,0],[56667,0],]]
[56924,9,50,[[56923,0],[56925,0],[57180,0],[56668,0],]]
[56925,9,50,[[56926,0],[56924,0],[57181,0],[57180,0],[56669,0],]]
[56926,2,50,[[56925,0],[56927,0],[57182,0],[56670,0],]]
[56927,9,50,[[56928,0],[56926,0],[57183,0],[57182,0],[56671,0],]]
[56928,4,51,[[56927,0],[56929,0],[57184,0],[56672,0],]]
[56929,18,51,[[56930,0],[56928,0],[57185,0],[57184,0],[56673,0],]]
[56930,8,51,[[56929,0],[56931,0],[57186,0],[56674,0],]]
[56931,4,51,[[56932,0],[56930,0],[57187,0],[57186,0],[56675,0],]]
[56932,3,51,[[56931,0],[56933,0],[57188,0],[56676,0],]]
[56933,7,51,[[56934,0],[56932,0],[57189,0],[57188,0],[56677,0],]]
[56934,13,51,[[56933,0],[56935,0],[57190,0],[56678,0],]]
[56935,19,51,[[56936,0],[56934,0],[57191,0],[57190,0],[56679,0],]]
[56936,8,51,[[56935,0],[56937,0],[57192,0],[56680,0],]]
[56937,9,51,[[56938,0],[56936,0],[57193,0],[57192,0],[56681,0],]]
[56938,4,51,[[56937,0],[56939,0],[57194,0],[56682,0],]]
[56939,5,51,[[56940,0],[56938,0],[57195,0],[57194,0],[56683,0],]]
[56940,5,51,[[56939,0],[56941,0],[57196,0],[56684,0],]]
[56941,15,51,[[56942,0],[56940,0],[57197,0],[57196,0],[56685,0],]]
[56942,17,51,[[56941,0],[56943,0],[57198,0],[56686,0],]]
[56943,2,51,[[56944,0],[56942,0],[57199,0],[57198,0],[56687,0],]]
[56944,18,51,[[56943,0],[56945,0],[57200,0],[56688,0],]]
[56945,17,51,[[56946,0],[56944,0],[57201,0],[57200,0],[56689,0],]]
[56946,6,51,[[56945,0],[56947,0],[57202,0],[56690,0],]]
[56947,12,51,[[56948,0],[56946,0],[57203,0],[57202,0],[56691,0],]]
[56948,6,51,[[56947,0],[56949,0],[57204,0],[56692,0],]]
[56949,19,51,[[56950,0],[56948,0],[57205,0],[57204,0],[56693,0],]]
[56950,14,51,[[56949,0],[56951,0],[57206,0],[56694,0],]]
[56951,18,51,[[56952,0],[56950,0],[57207,0],[57206,0],[56695,0],]]
[56952,16,51,[[56951,0],[56953,0],[57208,0],[56696,0],]]
[56953,8,51,[[56954,0],[56952,0],[57209,0],[57208,0],[56697,0],]]
[56954,11,51,[[56953,0],[56955,0],[57210,0],[56698,0],]]
[56955,6,51,[[56956,0],[56954,0],[57211,0],[57210,0],[56699,0],]]
[56956,18,51,[[56955,0],[56957,0],[57212,0],[56700,0],]]
[56957,10,51,[[56958,0],[56956,0],[57213,0],[57212,0],[56701,0],]]
[56958,6,51,[[56957,0],[56959,0],[57214,0],[56702,0],]]
[56959,4,51,[[56960,0],[56958,0],[57215,0],[57214,0],[56703,0],]]
[56960,15,52,[[56959,0],[56961,0],[57216,0],[56704,0],]]
[56961,19,52,[[56962,0],[56960,0],[57217,0],[57216,0],[56705,0],]]
[56962,12,52,[[56961,0],[56963,0],[57218,0],[56706,0],]]
[56963,8,52,[[56964,0],[56962,0],[57219,0],[57218,0],[56707,0],]]
[56964,7,52,[[56963,0],[56965,0],[57220,0],[56708,0],]]
[56965,11,52,[[56966,0],[56964,0],[57221,0],[57220,0],[56709,0],]]
[56966,1,52,[[56965,0],[56967,0],[57222,0],[56710,0],]]
[56967,16,52,[[56968,0],[56966,0],[57223,0],[57222,0],[56711,0],]]
[56968,19,52,[[56967,0],[56969,0],[57224,0],[56712,0],]]
[56969,6,52,[[56970,0],[56968,0],[57225,0],[57224,0],[56713,0],]]
[56970,17,52,[[56969,0],[56971,0],[57226,0],[56714,0],]]
[56971,12,52,[[56972,0],[56970,0],[57227,0],[57226,0],[56715,0],]]
[56972,18,52,[[56971,0],[56973,0],[57228,0],[56716,0],]]
[56973,16,52,[[56974,0],[56972,0],[57229,0],[57228,0],[56717,0],]]
[56974,9,52,[[56973,0],[56975,0],[57230,0],[56718,0],]]
[56975,18,52,[[56976,0],[56974,0],[57231,0],[57230,0],[56719,0],]]
[56976,14,52,[[56975,0],[56977,0],[57232,0],[56720,0],]]
[56977,7,52,[[56978,0],[56976,0],[57233,0],[57232,0],[56721,0],]]
[56978,1,52,[[56977,0],[56979,0],[57234,0],[56722,0],]]
[56979,17,52,[[56980,0],[56978,0],[57235,0],[57234,0],[56723,0],]]
[56980,12,52,[[56979,0],[56981,0],[57236,0],[56724,0],]]
[56981,2,52,[[56982,0],[56980,0],[57237,0],[57236,0],[56725,0],]]
[56982,16,52,[[56981,0],[56983,0],[57238,0],[56726,0],]]
[56983,1,52,[[56984,0],[56982,0],[57239,0],[57238,0],[56727,0],]]
[56984,6,52,[[56983,0],[56985,0],[57240,0],[56728,0],]]
[56985,4,52,[[56986,0],[56984,0],[57241,0],[57240,0],[56729,0],]]
[56986,10,52,[[56985,0],[56987,0],[57242,0],[56730,0],]]
[56987,12,52,[[56988,0],[56986,0],[57243,0],[57242,0],[56731,0],]]
[56988,10,52,[[56987,0],[56989,0],[57244,0],[56732,0],]]
[56989,7,52,[[56990,0],[56988,0],[57245,0],[57244,0],[56733,0],]]
[56990,9,52,[[56989,0],[56991,0],[57246,0],[56734,0],]]
[56991,4,52,[[56992,0],[56990,0],[57247,0],[57246,0],[56735,0],]]
[56992,16,53,[[56991,0],[56993,0],[57248,0],[56736,0],]]
[56993,12,53,[[56994,0],[56992,0],[57249,0],[57248,0],[56737,0],]]
[56994,12,53,[[56993,0],[56995,0],[57250,0],[56738,0],]]
[56995,1,53,[[56996,0],[56994,0],[57251,0],[57250,0],[56739,0],]]
[56996,14,53,[[56995,0],[56997,0],[57252,0],[56740,0],]]
[56997,9,53,[[56998,0],[56996,0],[57253,0],[57252,0],[56741,0],]]
[56998,15,53,[[56997,0],[56999,0],[57254,0],[56742,0],]]
[56999,3,53,[[57000,0],[56998,0],[57255,0],[57254,0],[56743,0],]]
[57000,7,53,[[56999,0],[57001,0],[57256,0],[56744,0],]]
[57001,15,53,[[57002,0],[57000,0],[57257,0],[57256,0],[56745,0],]]
[57002,10,53,[[57001,0],[57003,0],[57258,0],[56746,0],]]
[57003,7,53,[[57004,0],[57002,0],[57259,0],[57258,0],[56747,0],]]
[57004,1,53,[[57003,0],[57005,0],[57260,0],[56748,0],]]
[57005,6,53,[[57006,0],[57004,0],[57261,0],[57260,0],[56749,0],]]
[57006,13,53,[[57005,0],[57007,0],[57262,0],[56750,0],]]
[57007,19,53,[[57008,0],[57006,0],[57263,0],[57262,0],[56751,0],]]
[57008,10,53,[[57007,0],[57009,0],[57264,0],[56752,0],]]
[57009,15,53,[[57010,0],[57008,0],[57265,0],[57264,0],[56753,0],]]
[57010,16,53,[[57009,0],[57011,0],[57266,0],[56754,0],]]
[57011,8,53,[[57012,0],[57010,0],[57267,0],[57266,0],[56755,0],]]
[57012,2,53,[[57011,0],[57013,0],[57268,0],[56756,0],]]
[57013,16,53,[[57014,0],[57012,0],[57269,0],[57268,0],[56757,0],]]
[57014,4,53,[[57013,0],[57015,0],[57270,0],[56758,0],]]
[57015,4,53,[[57016,0],[57014,0],[57271,0],[57270,0],[56759,0],]]
