[64225,17,63,[[64226,0],[64224,0],[64481,0],[64480,0],[63969,0],]]
[64226,14,63,[[64225,0],[64227,0],[64482,0],[63970,0],]]
[64227,16,63,[[64228,0],[64226,0],[64483,0],[64482,0],[63971,0],]]
[64228,5,63,[[64227,0],[64229,0],[64484,0],[63972,0],]]
[64229,3,63,[[64230,0],[64228,0],[64485,0],[64484,0],[63973,0],]]
[64230,5,63,[[64229,0],[64231,0],[64486,0],[63974,0],]]
[64231,2,63,[[64232,0],[64230,0],[64487,0],[64486,0],[63975,0],]]
[64232,9,63,[[64231,0],[64233,0],[64488,0],[63976,0],]]
[64233,2,63,[[64234,0],[64232,0],[64489,0],[64488,0],[63977,0],]]
[64234,16,63,[[64233,0],[64235,0],[64490,0],[63978,0],]]
[64235,4,63,[[64236,0],[64234,0],[64491,0],[64490,0],[63979,0],]]
[64236,5,63,[[64235,0],[64237,0],[64492,0],[63980,0],]]
[64237,14,63,[[64238,0],[64236,0],[64493,0],[64492,0],[63981,0],]]
[64238,19,63,[[64237,0],[64239,0],[64494,0],[63982,0],]]
[64239,19,63,[[64240,0],[64238,0],[64495,0],[64494,0],[63983,0],]]
[64240,10,63,[[64239,0],[64241,0],[64496,0],[63984,0],]]
[64241,17,63,[[64242,0],[64240,0],[64497,0],[64496,0],[63985,0],]]
[64242,7,63,[[64241,0],[64243,0],[64498,0],[63986,0],]]
[64243,9,63,[[64244,0],[64242,0],[64499,0],[64498,0],[63987,0],]]
[64244,4,63,[[64243,0],[64245,0],[64500,0],[63988,0],]]
[64245,13,63,[[64246,0],[64244,0],[64501,0],[64500,0],[63989,0],]]
[64246,7,63,[[64245,0],[64247,0],[64502,0],[63990,0],]]
[64247,18,63,[[64248,0],[64246,0],[64503,0],[64502,0],[63991,0],]]
[64248,19,63,[[64247,0],[64249,0],[64504,0],[63992,0],]]
[64249,10,63,[[64250,0],[64248,0],[64505,0],[64504,0],[63993,0],]]
[64250,7,63,[[64249,0],[64251,0],[64506,0],[63994,0],]]
[64251,10,63,[[64252,0],[64250,0],[64507,0],[64506,0],[63995,0],]]
[64252,15,63,[[64251,0],[64253,0],[64508,0],[63996,0],]]
[64253,5,63,[[64254,0],[64252,0],[64509,0],[64508,0],[63997,0],]]
[64254,7,63,[[64253,0],[64255,0],[64510,0],[63998,0],]]
[64255,15,63,[[64254,0],[64511,0],[64510,0],[63999,0],]]
[64256,6,56,[[64257,0],[64000,0],[64001,0],[64512,0],]]
[64257,15,56,[[64258,0],[64256,0],[64001,0],[64513,0],]]
[64258,1,56,[[64257,0],[64259,0],[64002,0],[64003,0],[64514,0],]]
[64259,6,56,[[64260,0],[64258,0],[64003,0],[64515,0],]]
[64260,9,56,[[64259,0],[64261,0],[64004,0],[64005,0],[64516,0],]]
[64261,7,56,[[64262,0],[64260,0],[64005,0],[64517,0],]]
[64262,11,56,[[64261,0],[64263,0],[64006,0],[64007,0],[64518,0],]]
[64263,2,56,[[64264,0],[64262,0],[64007,0],[64519,0],]]
[64264,11,56,[[64263,0],[64265,0],[64008,0],[64009,0],[64520,0],]]
[64265,18,56,[[64266,0],[64264,0],[64009,0],[64521,0],]]
[64266,17,56,[[64265,0],[64267,0],[64010,0],[64011,0],[64522,0],]]
[64267,13,56,[[64268,0],[64266,0],[64011,0],[64523,0],]]
[64268,14,56,[[64267,0],[64269,0],[64012,0],[64013,0],[64524,0],]]
[64269,1,56,[[64270,0],[64268,0],[64013,0],[64525,0],]]
[64270,13,56,[[64269,0],[64271,0],[64014,0],[64015,0],[64526,0],]]
[64271,7,56,[[64272,0],[64270,0],[64015,0],[64527,0],]]
[64272,15,56,[[64271,0],[64273,0],[64016,0],[64017,0],[64528,0],]]
[64273,10,56,[[64274,0],[64272,0],[64017,0],[64529,0],]]
[64274,2,56,[[64273,0],[64275,0],[64018,0],[64019,0],[64530,0],]]
[64275,4,56,[[64276,0],[64274,0],[64019,0],[64531,0],]]
[64276,14,56,[[64275,0],[64277,0],[64020,0],[64021,0],[64532,0],]]
[64277,9,56,[[64278,0],[64276,0],[64021,0],[64533,0],]]
[64278,14,56,[[64277,0],[64279,0],[64022,0],[64023,0],[64534,0],]]
[64279,2,56,[[64280,0],[64278,0],[64023,0],[64535,0],]]
[64280,11,56,[[64279,0],[64281,0],[64024,0],[64025,0],[64536,0],]]
[64281,9,56,[[64282,0],[64280,0],[64025,0],[64537,0],]]
[64282,5,56,[[64281,0],[64283,0],[64026,0],[64027,0],[64538,0],]]
[64283,15,56,[[64284,0],[64282,0],[64027,0],[64539,0],]]
[64284,8,56,[[64283,0],[64285,0],[64028,0],[64029,0],[64540,0],]]
[64285,7,56,[[64286,0],[64284,0],[64029,0],[64541,0],]]
[64286,16,56,[[64285,0],[64287,0],[64030,0],[64031,0],[64542,0],]]
[64287,9,56,[[64288,0],[64286,0],[64031,0],[64543,0],]]
[64288,6,57,[[64287,0],[64289,0],[64032,0],[64033,0],[64544,0],]]
[64289,5,57,[[64290,0],[64288,0],[64033,0],[64545,0],]]
[64290,17,57,[[64289,0],[64291,0],[64034,0],[64035,0],[64546,0],]]
[64291,1,57,[[64292,0],[64290,0],[64035,0],[64547,0],]]
[64292,15,57,[[64291,0],[64293,0],[64036,0],[64037,0],[64548,0],]]
[64293,17,57,[[64294,0],[64292,0],[64037,0],[64549,0],]]
[64294,5,57,[[64293,0],[64295,0],[64038,0],[64039,0],[64550,0],]]
[64295,12,57,[[64296,0],[64294,0],[64039,0],[64551,0],]]
[64296,3,57,[[64295,0],[64297,0],[64040,0],[64041,0],[64552,0],]]
[64297,18,57,[[64298,0],[64296,0],[64041,0],[64553,0],]]
[64298,4,57,[[64297,0],[64299,0],[64042,0],[64043,0],[64554,0],]]
[64299,16,57,[[64300,0],[64298,0],[64043,0],[64555,0],]]
[64300,12,57,[[64299,0],[64301,0],[64044,0],[64045,0],[64556,0],]]
[64301,11,57,[[64302,0],[64300,0],[64045,0],[64557,0],]]
[64302,16,57,[[64301,0],[64303,0],[64046,0],[64047,0],[64558,0],]]
[64303,7,57,[[64304,0],[64302,0],[64047,0],[64559,0],]]
[64304,9,57,[[64303,0],[64305,0],[64048,0],[64049,0],[64560,0],]]
[64305,13,57,[[64306,0],[64304,0],[64049,0],[64561,0],]]
[64306,12,57,[[64305,0],[64307,0],[64050,0],[64051,0],[64562,0],]]
[64307,2,57,[[64308,0],[64306,0],[64051,0],[64563,0],]]
[64308,14,57,[[64307,0],[64309,0],[64052,0],[64053,0],[64564,0],]]
[64309,17,57,[[64310,0],[64308,0],[64053,0],[64565,0],]]
[64310,17,57,[[64309,0],[64311,0],[64054,0],[64055,0],[64566,0],]]
[64311,3,57,[[64312,0],[64310,0],[64055,0],[64567,0],]]
[64312,4,57,[[64311,0],[64313,0],[64056,0],[64057,0],[64568,0],]]
[64313,12,57,[[64314,0],[64312,0],[64057,0],[64569,0],]]
[64314,11,57,[[64313,0],[64315,0],[64058,0],[64059,0],[64570,0],]]
[64315,17,57,[[64316,0],[64314,0],[64059,0],[64571,0],]]
[64316,18,57,[[64315,0],[64317,0],[64060,0],[64061,0],[64572,0],]]
[64317,4,57,[[64318,0],[64316,0],[64061,0],[64573,0],]]
[64318,3,57,[[64317,0],[64319,0],[64062,0],[64063,0],[64574,0],]]
[64319,9,57,[[64320,0],[64318,0],[64063,0],[64575,0],]]
[64320,4,58,[[64319,0],[64321,0],[64064,0],[64065,0],[64576,0],]]
[64321,8,58,[[64322,0],[64320,0],[64065,0],[64577,0],]]
[64322,12,58,[[64321,0],[64323,0],[64066,0],[64067,0],[64578,0],]]
[64323,9,58,[[64324,0],[64322,0],[64067,0],[64579,0],]]
[64324,7,58,[[64323,0],[64325,0],[64068,0],[64069,0],[64580,0],]]
[64325,2,58,[[64326,0],[64324,0],[64069,0],[64581,0],]]
[64326,19,58,[[64325,0],[64327,0],[64070,0],[64071,0],[64582,0],]]
[64327,6,58,[[64328,0],[64326,0],[64071,0],[64583,0],]]
[64328,2,58,[[64327,0],[64329,0],[64072,0],[64073,0],[64584,0],]]
[64329,14,58,[[64330,0],[64328,0],[64073,0],[64585,0],]]
[64330,18,58,[[64329,0],[64331,0],[64074,0],[64075,0],[64586,0],]]
[64331,2,58,[[64332,0],[64330,0],[64075,0],[64587,0],]]
[64332,13,58,[[64331,0],[64333,0],[64076,0],[64077,0],[64588,0],]]
[64333,5,58,[[64334,0],[64332,0],[64077,0],[64589,0],]]
[64334,18,58,[[64333,0],[64335,0],[64078,0],[64079,0],[64590,0],]]
[64335,4,58,[[64336,0],[64334,0],[64079,0],[64591,0],]]
[64336,8,58,[[64335,0],[64337,0],[64080,0],[64081,0],[64592,0],]]
[64337,2,58,[[64338,0],[64336,0],[64081,0],[64593,0],]]
[64338,17,58,[[64337,0],[64339,0],[64082,0],[64083,0],[64594,0],]]
[64339,18,58,[[64340,0],[64338,0],[64083,0],[64595,0],]]
[64340,4,58,[[64339,0],[64341,0],[64084,0],[64085,0],[64596,0],]]
[64341,7,58,[[64342,0],[64340,0],[64085,0],[64597,0],]]
[64342,14,58,[[64341,0],[64343,0],[64086,0],[64087,0],[64598,0],]]
[64343,12,58,[[64344,0],[64342,0],[64087,0],[64599,0],]]
[64344,15,58,[[64343,0],[64345,0],[64088,0],[64089,0],[64600,0],]]
[64345,1,58,[[64346,0],[64344,0],[64089,0],[64601,0],]]
[64346,1,58,[[64345,0],[64347,0],[64090,0],[64091,0],[64602,0],]]
[64347,15,58,[[64348,0],[64346,0],[64091,0],[64603,0],]]
[64348,16,58,[[64347,0],[64349,0],[64092,0],[64093,0],[64604,0],]]
[64349,11,58,[[64350,0],[64348,0],[64093,0],[64605,0],]]
[64350,7,58,[[64349,0],[64351,0],[64094,0],[64095,0],[64606,0],]]
[64351,10,58,[[64352,0],[64350,0],[64095,0],[64607,0],]]
[64352,1,59,[[64351,0],[64353,0],[64096,0],[64097,0],[64608,0],]]
[64353,17,59,[[64354,0],[64352,0],[64097,0],[64609,0],]]
[64354,5,59,[[64353,0],[64355,0],[64098,0],[64099,0],[64610,0],]]
[64355,3,59,[[64356,0],[64354,0],[64099,0],[64611,0],]]
[64356,10,59,[[64355,0],[64357,0],[64100,0],[64101,0],[64612,0],]]
[64357,7,59,[[64358,0],[64356,0],[64101,0],[64613,0],]]
[64358,18,59,[[64357,0],[64359,0],[64102,0],[64103,0],[64614,0],]]
[64359,1,59,[[64360,0],[64358,0],[64103,0],[64615,0],]]
[64360,11,59,[[64359,0],[64361,0],[64104,0],[64105,0],[64616,0],]]
[64361,4,59,[[64362,0],[64360,0],[64105,0],[64617,0],]]
[64362,4,59,[[64361,0],[64363,0],[64106,0],[64107,0],[64618,0],]]
[64363,9,59,[[64364,0],[64362,0],[64107,0],[64619,0],]]
[64364,4,59,[[64363,0],[64365,0],[64108,0],[64109,0],[64620,0],]]
[64365,14,59,[[64366,0],[64364,0],[64109,0],[64621,0],]]
[64366,10,59,[[64365,0],[64367,0],[64110,0],[64111,0],[64622,0],]]
[64367,18,59,[[64368,0],[64366,0],[64111,0],[64623,0],]]
[64368,4,59,[[64367,0],[64369,0],[64112,0],[64113,0],[64624,0],]]
[64369,3,59,[[64370,0],[64368,0],[64113,0],[64625,0],]]
[64370,8,59,[[64369,0],[64371,0],[64114,0],[64115,0],[64626,0],]]
[64371,6,59,[[64372,0],[64370,0],[64115,0],[64627,0],]]
[64372,2,59,[[64371,0],[64373,0],[64116,0],[64117,0],[64628,0],]]
[64373,13,59,[[64374,0],[64372,0],[64117,0],[64629,0],]]
[64374,7,59,[[64373,0],[64375,0],[64118,0],[64119,0],[64630,0],]]
[64375,18,59,[[64376,0],[64374,0],[64119,0],[64631,0],]]
[64376,2,59,[[64375,0],[64377,0],[64120,0],[64121,0],[64632,0],]]
[64377,8,59,[[64378,0],[64376,0],[64121,0],[64633,0],]]
[64378,5,59,[[64377,0],[64379,0],[64122,0],[64123,0],[64634,0],]]
[64379,17,59,[[64380,0],[64378,0],[64123,0],[64635,0],]]
[64380,14,59,[[64379,0],[64381,0],[64124,0],[64125,0],[64636,0],]]
[64381,8,59,[[64382,0],[64380,0],[64125,0],[64637,0],]]
[64382,14,59,[[64381,0],[64383,0],[64126,0],[64127,0],[64638,0],]]
[64383,18,59,[[64384,0],[64382,0],[64127,0],[64639,0],]]
[64384,11,60,[[64383,0],[64385,0],[64128,0],[64129,0],[64640,0],]]
[64385,1,60,[[64386,0],[64384,0],[64129,0],[64641,0],]]
[64386,4,60,[[64385,0],[64387,0],[64130,0],[64131,0],[64642,0],]]
[64387,2,60,[[64388,0],[64386,0],[64131,0],[64643,0],]]
[64388,2,60,[[64387,0],[64389,0],[64132,0],[64133,0],[64644,0],]]
[64389,18,60,[[64390,0],[64388,0],[64133,0],[64645,0],]]
[64390,10,60,[[64389,0],[64391,0],[64134,0],[64135,0],[64646,0],]]
[64391,4,60,[[64392,0],[64390,0],[64135,0],[64647,0],]]
[64392,4,60,[[64391,0],[64393,0],[64136,0],[64137,0],[64648,0],]]
[64393,16,60,[[64394,0],[64392,0],[64137,0],[64649,0],]]
[64394,12,60,[[64393,0],[64395,0],[64138,0],[64139,0],[64650,0],]]
[64395,17,60,[[64396,0],[64394,0],[64139,0],[64651,0],]]
[64396,15,60,[[64395,0],[64397,0],[64140,0],[64141,0],[64652,0],]]
[64397,2,60,[[64398,0],[64396,0],[64141,0],[64653,0],]]
[64398,15,60,[[64397,0],[64399,0],[64142,0],[64143,0],[64654,0],]]
[64399,1,60,[[64400,0],[64398,0],[64143,0],[64655,0],]]
[64400,11,60,[[64399,0],[64401,0],[64144,0],[64145,0],[64656,0],]]
[64401,14,60,[[64402,0],[64400,0],[64145,0],[64657,0],]]
[64402,14,60,[[64401,0],[64403,0],[64146,0],[64147,0],[64658,0],]]
[64403,5,60,[[64404,0],[64402,0],[64147,0],[64659,0],]]
[64404,16,60,[[64403,0],[64405,0],[64148,0],[64149,0],[64660,0],]]
[64405,7,60,[[64406,0],[64404,0],[64149,0],[64661,0],]]
[64406,11,60,[[64405,0],[64407,0],[64150,0],[64151,0],[64662,0],]]
[64407,4,60,[[64408,0],[64406,0],[64151,0],[64663,0],]]
[64408,7,60,[[64407,0],[64409,0],[64152,0],[64153,0],[64664,0],]]
[64409,7,60,[[64410,0],[64408,0],[64153,0],[64665,0],]]
[64410,2,60,[[64409,0],[64411,0],[64154,0],[64155,0],[64666,0],]]
[64411,1,60,[[64412,0],[64410,0],[64155,0],[64667,0],]]
[64412,17,60,[[64411,0],[64413,0],[64156,0],[64157,0],[64668,0],]]
[64413,14,60,[[64414,0],[64412,0],[64157,0],[64669,0],]]
[64414,13,60,[[64413,0],[64415,0],[64158,0],[64159,0],[64670,0],]]
[64415,17,60,[[64416,0],[64414,0],[64159,0],[64671,0],]]
[64416,14,61,[[64415,0],[64417,0],[64160,0],[64161,0],[64672,0],]]
[64417,12,61,[[64418,0],[64416,0],[64161,0],[64673,0],]]
[64418,11,61,[[64417,0],[64419,0],[64162,0],[64163,0],[64674,0],]]
[64419,4,61,[[64420,0],[64418,0],[64163,0],[64675,0],]]
[64420,16,61,[[64419,0],[64421,0],[64164,0],[64165,0],[64676,0],]]
[64421,17,61,[[64422,0],[64420,0],[64165,0],[64677,0],]]
[64422,16,61,[[64421,0],[64423,0],[64166,0],[64167,0],[64678,0],]]
[64423,15,61,[[64424,0],[64422,0],[64167,0],[64679,0],]]
[64424,17,61,[[64423,0],[64425,0],[64168,0],[64169,0],[64680,0],]]
[64425,11,61,[[64426,0],[64424,0],[64169,0],[64681,0],]]
[64426,14,61,[[64425,0],[64427,0],[64170,0],[64171,0],[64682,0],]]
[64427,1,61,[[64428,0],[64426,0],[64171,0],[64683,0],]]
[64428,5,61,[[64427,0],[64429,0],[64172,0],[64173,0],[64684,0],]]
[64429,11,61,[[64430,0],[64428,0],[64173,0],[64685,0],]]
[64430,1,61,[[64429,0],[64431,0],[64174,0],[64175,0],[64686,0],]]
[64431,12,61,[[64432,0],[64430,0],[64175,0],[64687,0],]]
[64432,12,61,[[64431,0],[64433,0],[64176,0],[64177,0],[64688,0],]]
[64433,8,61,[[64434,0],[64432,0],[64177,0],[64689,0],]]
[64434,18,61,[[64433,0],[64435,0],[64178,0],[64179,0],[64690,0],]]
[64435,13,61,[[64436,0],[64434,0],[64179,0],[64691,0],]]
[64436,7,61,[[64435,0],[64437,0],[64180,0],[64181,0],[64692,0],]]
[64437,13,61,[[64438,0],[64436,0],[64181,0],[64693,0],]]
[64438,8,61,[[64437,0],[64439,0],[64182,0],[64183,0],[64694,0],]]
[64439,2,61,[[64440,0],[64438,0],[64183,0],[64695,0],]]
[64440,4,61,[[64439,0],[64441,0],[64184,0],[64185,0],[64696,0],]]
[64441,15,61,[[64442,0],[64440,0],[64185,0],[64697,0],]]
[64442,16,61,[[64441,0],[64443,0],[64186,0],[64187,0],[64698,0],]]
[64443,7,61,[[64444,0],[64442,0],[64187,0],[64699,0],]]
[64444,1,61,[[64443,0],[64445,0],[64188,0],[64189,0],[64700,0],]]
[64445,2,61,[[64446,0],[64444,0],[64189,0],[64701,0],]]
[64446,15,61,[[64445,0],[64447,0],[64190,0],[64191,0],[64702,0],]]
[64447,19,61,[[64448,0],[64446,0],[64191,0],[64703,0],]]
[64448,18,62,[[64447,0],[64449,0],[64192,0],[64193,0],[64704,0],]]
[64449,6,62,[[64450,0],[64448,0],[64193,0],[64705,0],]]
[64450,4,62,[[64449,0],[64451,0],[64194,0],[64195,0],[64706,0],]]
[64451,18,62,[[64452,0],[64450,0],[64195,0],[64707,0],]]
[64452,16,62,[[64451,0],[64453,0],[64196,0],[64197,0],[64708,0],]]
[64453,10,62,[[64454,0],[64452,0],[64197,0],[64709,0],]]
[64454,13,62,[[64453,0],[64455,0],[64198,0],[64199,0],[64710,0],]]
[64455,19,62,[[64456,0],[64454,0],[64199,0],[64711,0],]]
[64456,8,62,[[64455,0],[64457,0],[64200,0],[64201,0],[64712,0],]]
[64457,16,62,[[64458,0],[64456,0],[64201,0],[64713,0],]]
[64458,1,62,[[64457,0],[64459,0],[64202,0],[64203,0],[64714,0],]]
[64459,4,62,[[64460,0],[64458,0],[64203,0],[64715,0],]]
[64460,7,62,[[64459,0],[64461,0],[64204,0],[64205,0],[64716,0],]]
[64461,8,62,[[64462,0],[64460,0],[64205,0],[64717,0],]]
[64462,16,62,[[64461,0],[64463,0],[64206,0],[64207,0],[64718,0],]]
[64463,1,62,[[64464,0],[64462,0],[64207,0],[64719,0],]]
[64464,12,62,[[64463,0],[64465,0],[64208,0],[64209,0],[64720,0],]]
[64465,4,62,[[64466,0],[64464,0],[64209,0],[64721,0],]]
[64466,12,62,[[64465,0],[64467,0],[64210,0],[64211,0],[64722,0],]]
[64467,7,62,[[64468,0],[64466,0],[64211,0],[64723,0],]]
[64468,13,62,[[64467,0],[64469,0],[64212,0],[64213,0],[64724,0],]]
[64469,7,62,[[64470,0],[64468,0],[64213,0],[64725,0],]]
[64470,8,62,[[64469,0],[64471,0],[64214,0],[64215,0],[64726,0],]]
[64471,9,62,[[64472,0],[64470,0],[64215,0],[64727,0],]]
[64472,4,62,[[64471,0],[64473,0],[64216,0],[64217,0],[64728,0],]]
[64473,16,62,[[64474,0],[64472,0],[64217,0],[64729,0],]]
[64474,8,62,[[64473,0],[64475,0],[64218,0],[64219,0],[64730,0],]]
[64475,16,62,[[64476,0],[64474,0],[64219,0],[64731,0],]]
[64476,19,62,[[64475,0],[64477,0],[64220,0],[64221,0],[64732,0],]]
[64477,19,62,[[64478,0],[64476,0],[64221,0],[64733,0],]]
[64478,4,62,[[64477,0],[64479,0],[64222,0],[64223,0],[64734,0],]]
[64479,4,62,[[64480,0],[64478,0],[64223,0],[64735,0],]]
[64480,11,63,[[64479,0],[64481,0],[64224,0],[64225,0],[64736,0],]]
[64481,19,63,[[64482,0],[64480,0],[64225,0],[64737,0],]]
[64482,17,63,[[64481,0],[64483,0],[64226,0],[64227,0],[64738,0],]]
[64483,18,63,[[64484,0],[64482,0],[64227,0],[64739,0],]]
[64484,12,63,[[64483,0],[64485,0],[64228,0],[64229,0],[64740,0],]]
[64485,10,63,[[64486,0],[64484,0],[64229,0],[64741,0],]]
[64486,3,63,[[64485,0],[64487,0],[64230,0],[64231,0],[64742,0],]]
[64487,15,63,[[64488,0],[64486,0],[64231,0],[64743,0],]]
[64488,12,63,[[64487,0],[64489,0],[64232,0],[64233,0],[64744,0],]]
[64489,15,63,[[64490,0],[64488,0],[64233,0],[64745,0],]]
[64490,2,63,[[64489,0],[64491,0],[64234,0],[64235,0],[64746,0],]]
[64491,12,63,[[64492,0],[64490,0],[64235,0],[64747,0],]]
[64492,3,63,[[64491,0],[64493,0],[64236,0],[64237,0],[64748,0],]]
[64493,7,63,[[64494,0],[64492,0],[64237,0],[64749,0],]]
[64494,6,63,[[64493,0],[64495,0],[64238,0],[64239,0],[64750,0],]]
[64495,12,63,[[64496,0],[64494,0],[64239,0],[64751,0],]]
[64496,1,63,[[64495,0],[64497,0],[64240,0],[64241,0],[64752,0],]]
[64497,14,63,[[64498,0],[64496,0],[64241,0],[64753,0],]]
[64498,7,63,[[64497,0],[64499,0],[64242,0],[64243,0],[64754,0],]]
[64499,18,63,[[64500,0],[64498,0],[64243,0],[64755,0],]]
[64500,14,63,[[64499,0],[64501,0],[64244,0],[64245,0],[64756,0],]]
[64501,4,63,[[64502,0],[64500,0],[64245,0],[64757,0],]]
[64502,17,63,[[64501,0],[64503,0],[64246,0],[64247,0],[64758,0],]]
[64503,1,63,[[64504,0],[64502,0],[64247,0],[64759,0],]]
[64504,5,63,[[64503,0],[64505,0],[64248,0],[64249,0],[64760,0],]]
[64505,19,63,[[64506,0],[64504,0],[64249,0],[64761,0],]]
[64506,17,63,[[64505,0],[64507,0],[64250,0],[64251,0],[64762,0],]]
[64507,17,63,[[64508,0],[64506,0],[64251,0],[64763,0],]]
[64508,11,63,[[64507,0],[64509,0],[64252,0],[64253,0],[64764,0],]]
[64509,5,63,[[64510,0],[64508,0],[64253,0],[64765,0],]]
[64510,2,63,[[64509,0],[64511,0],[64254,0],[64255,0],[64766,0],]]
[64511,1,63,[[64510,0],[64255,0],[64767,0],]]
[64512,16,56,[[64513,0],[64768,0],[64256,0],]]
[64513,15,56,[[64514,0],[64512,0],[64769,0],[64768,0],[64257,0],]]
[64514,8,56,[[64513,0],[64515,0],[64770,0],[64258,0],]]
[64515,10,56,[[64516,0],[64514,0],[64771,0],[64770,0],[64259,0],]]
[64516,14,56,[[64515,0],[64517,0],[64772,0],[64260,0],]]
[64517,10,56,[[64518,0],[64516,0],[64773,0],[64772,0],[64261,0],]]
[64518,6,56,[[64517,0],[64519,0],[64774,0],[64262,0],]]
[64519,2,56,[[64520,0],[64518,0],[64775,0],[64774,0],[64263,0],]]
[64520,6,56,[[64519,0],[64521,0],[64776,0],[64264,0],]]
[64521,15,56,[[64522,0],[64520,0],[64777,0],[64776,0],[64265,0],]]
[64522,6,56,[[64521,0],[64523,0],[64778,0],[64266,0],]]
[64523,8,56,[[64524,0],[64522,0],[64779,0],[64778,0],[64267,0],]]
[64524,4,56,[[64523,0],[64525,0],[64780,0],[64268,0],]]
[64525,4,56,[[64526,0],[64524,0],[64781,0],[64780,0],[64269,0],]]
[64526,10,56,[[64525,0],[64527,0],[64782,0],[64270,0],]]
[64527,1,56,[[64528,0],[64526,0],[64783,0],[64782,0],[64271,0],]]
[64528,12,56,[[64527,0],[64529,0],[64784,0],[64272,0],]]
[64529,11,56,[[64530,0],[64528,0],[64785,0],[64784,0],[64273,0],]]
[64530,1,56,[[64529,0],[64531,0],[64786,0],[64274,0],]]
[64531,17,56,[[64532,0],[64530,0],[64787,0],[64786,0],[64275,0],]]
[64532,13,56,[[64531,0],[64533,0],[64788,0],[64276,0],]]
[64533,16,56,[[64534,0],[64532,0],[64789,0],[64788,0],[64277,0],]]
[64534,5,56,[[64533,0],[64535,0],[64790,0],[64278,0],]]
[64535,4,56,[[64536,0],[64534,0],[64791,0],[64790,0],[64279,0],]]
[64536,7,56,[[64535,0],[64537,0],[64792,0],[64280,0],]]
[64537,13,56,[[64538,0],[64536,0],[64793,0],[64792,0],[64281,0],]]
[64538,3,56,[[64537,0],[64539,0],[64794,0],[64282,0],]]
[64539,11,56,[[64540,0],[64538,0],[64795,0],[64794,0],[64283,0],]]
[64540,14,56,[[64539,0],[64541,0],[64796,0],[64284,0],]]
[64541,18,56,[[64542,0],[64540,0],[64797,0],[64796,0],[64285,0],]]
[64542,4,56,[[64541,0],[64543,0],[64798,0],[64286,0],]]
[64543,10,56,[[64544,0],[64542,0],[64799,0],[64798,0],[64287,0],]]
[64544,16,57,[[64543,0],[64545,0],[64800,0],[64288,0],]]
[64545,9,57,[[64546,0],[64544,0],[64801,0],[64800,0],[64289,0],]]
[64546,5,57,[[64545,0],[64547,0],[64802,0],[64290,0],]]
[64547,13,57,[[64548,0],[64546,0],[64803,0],[64802,0],[64291,0],]]
[64548,9,57,[[64547,0],[64549,0],[64804,0],[64292,0],]]
[64549,19,57,[[64550,0],[64548,0],[64805,0],[64804,0],[64293,0],]]
[64550,1,57,[[64549,0],[64551,0],[64806,0],[64294,0],]]
[64551,6,57,[[64552,0],[64550,0],[64807,0],[64806,0],[64295,0],]]
[64552,13,57,[[64551,0],[64553,0],[64808,0],[64296,0],]]
[64553,9,57,[[64554,0],[64552,0],[64809,0],[64808,0],[64297,0],]]
[64554,16,57,[[64553,0],[64555,0],[64810,0],[64298,0],]]
[64555,5,57,[[64556,0],[64554,0],[64811,0],[64810,0],[64299,0],]]
[64556,16,57,[[64555,0],[64557,0],[64812,0],[64300,0],]]
[64557,11,57,[[64558,0],[64556,0],[64813,0],[64812,0],[64301,0],]]
[64558,13,57,[[64557,0],[64559,0],[64814,0],[64302,0],]]
[64559,6,57,[[64560,0],[64558,0],[64815,0],[64814,0],[64303,0],]]
[64560,5,57,[[64559,0],[64561,0],[64816,0],[64304,0],]]
[64561,3,57,[[64562,0],[64560,0],[64817,0],[64816,0],[64305,0],]]
[64562,1,57,[[64561,0],[64563,0],[64818,0],[64306,0],]]
[64563,1,57,[[64564,0],[64562,0],[64819,0],[64818,0],[64307,0],]]
[64564,16,57,[[64563,0],[64565,0],[64820,0],[64308,0],]]
[64565,1,57,[[64566,0],[64564,0],[64821,0],[64820,0],[64309,0],]]
[64566,11,57,[[64565,0],[64567,0],[64822,0],[64310,0],]]
[64567,12,57,[[64568,0],[64566,0],[64823,0],[64822,0],[64311,0],]]
[64568,2,57,[[64567,0],[64569,0],[64824,0],[64312,0],]]
[64569,7,57,[[64570,0],[64568,0],[64825,0],[64824,0],[64313,0],]]
[64570,9,57,[[64569,0],[64571,0],[64826,0],[64314,0],]]
[64571,17,57,[[64572,0],[64570,0],[64827,0],[64826,0],[64315,0],]]
[64572,9,57,[[64571,0],[64573,0],[64828,0],[64316,0],]]
[64573,9,57,[[64574,0],[64572,0],[64829,0],[64828,0],[64317,0],]]
[64574,4,57,[[64573,0],[64575,0],[64830,0],[64318,0],]]
[64575,8,57,[[64576,0],[64574,0],[64831,0],[64830,0],[64319,0],]]
[64576,16,58,[[64575,0],[64577,0],[64832,0],[64320,0],]]
[64577,18,58,[[64578,0],[64576,0],[64833,0],[64832,0],[64321,0],]]
[64578,12,58,[[64577,0],[64579,0],[64834,0],[64322,0],]]
[64579,16,58,[[64580,0],[64578,0],[64835,0],[64834,0],[64323,0],]]
[64580,13,58,[[64579,0],[64581,0],[64836,0],[64324,0],]]
[64581,6,58,[[64582,0],[64580,0],[64837,0],[64836,0],[64325,0],]]
[64582,2,58,[[64581,0],[64583,0],[64838,0],[64326,0],]]
[64583,6,58,[[64584,0],[64582,0],[64839,0],[64838,0],[64327,0],]]
[64584,4,58,[[64583,0],[64585,0],[64840,0],[64328,0],]]
[64585,9,58,[[64586,0],[64584,0],[64841,0],[64840,0],[64329,0],]]
[64586,14,58,[[64585,0],[64587,0],[64842,0],[64330,0],]]
[64587,13,58,[[64588,0],[64586,0],[64843,0],[64842,0],[64331,0],]]
[64588,4,58,[[64587,0],[64589,0],[64844,0],[64332,0],]]
[64589,6,58,[[64590,0],[64588,0],[64845,0],[64844,0],[64333,0],]]
[64590,15,58,[[64589,0],[64591,0],[64846,0],[64334,0],]]
[64591,9,58,[[64592,0],[64590,0],[64847,0],[64846,0],[64335,0],]]
[64592,4,58,[[64591,0],[64593,0],[64848,0],[64336,0],]]
[64593,4,58,[[64594,0],[64592,0],[64849,0],[64848,0],[64337,0],]]
[64594,2,58,[[64593,0],[64595,0],[64850,0],[64338,0],]]
[64595,18,58,[[64596,0],[64594,0],[64851,0],[64850,0],[64339,0],]]
[64596,15,58,[[64595,0],[64597,0],[64852,0],[64340,0],]]
[64597,9,58,[[64598,0],[64596,0],[64853,0],[64852,0],[64341,0],]]
[64598,5,58,[[64597,0],[64599,0],[64854,0],[64342,0],]]
[64599,2,58,[[64600,0],[64598,0],[64855,0],[64854,0],[64343,0],]]
[64600,16,58,[[64599,0],[64601,0],[64856,0],[64344,0],]]
[64601,17,58,[[64602,0],[64600,0],[64857,0],[64856,0],[64345,0],]]
[64602,4,58,[[64601,0],[64603,0],[64858,0],[64346,0],]]
[64603,3,58,[[64604,0],[64602,0],[64859,0],[64858,0],[64347,0],]]
[64604,14,58,[[64603,0],[64605,0],[64860,0],[64348,0],]]
[64605,10,58,[[64606,0],[64604,0],[64861,0],[64860,0],[64349,0],]]
[64606,7,58,[[64605,0],[64607,0],[64862,0],[64350,0],]]
[64607,11,58,[[64608,0],[64606,0],[64863,0],[64862,0],[64351,0],]]
[64608,1,59,[[64607,0],[64609,0],[64864,0],[64352,0],]]
[64609,16,59,[[64610,0],[64608,0],[64865,0],[64864,0],[64353,0],]]
[64610,14,59,[[64609,0],[64611,0],[64866,0],[64354,0],]]
[64611,14,59,[[64612,0],[64610,0],[64867,0],[64866,0],[64355,0],]]
[64612,5,59,[[64611,0],[64613,0],[64868,0],[64356,0],]]
[64613,14,59,[[64614,0],[64612,0],[64869,0],[64868,0],[64357,0],]]
[64614,19,59,[[64613,0],[64615,0],[64870,0],[64358,0],]]
[64615,9,59,[[64616,0],[64614,0],[64871,0],[64870,0],[64359,0],]]
[64616,1,59,[[64615,0],[64617,0],[64872,0],[64360,0],]]
[64617,2,59,[[64618,0],[64616,0],[64873,0],[64872,0],[64361,0],]]
[64618,12,59,[[64617,0],[64619,0],[64874,0],[64362,0],]]
[64619,17,59,[[64620,0],[64618,0],[64875,0],[64874,0],[64363,0],]]
[64620,17,59,[[64619,0],[64621,0],[64876,0],[64364,0],]]
[64621,4,59,[[64622,0],[64620,0],[64877,0],[64876,0],[64365,0],]]
[64622,1,59,[[64621,0],[64623,0],[64878,0],[64366,0],]]
[64623,8,59,[[64624,0],[64622,0],[64879,0],[64878,0],[64367,0],]]
[64624,19,59,[[64623,0],[64625,0],[64880,0],[64368,0],]]
[64625,17,59,[[64626,0],[64624,0],[64881,0],[64880,0],[64369,0],]]
[64626,12,59,[[64625,0],[64627,0],[64882,0],[64370,0],]]
[64627,6,59,[[64628,0],[64626,0],[64883,0],[64882,0],[64371,0],]]
[64628,3,59,[[64627,0],[64629,0],[64884,0],[64372,0],]]
[64629,15,59,[[64630,0],[64628,0],[64885,0],[64884,0],[64373,0],]]
[64630,9,59,[[64629,0],[64631,0],[64886,0],[64374,0],]]
[64631,14,59,[[64632,0],[64630,0],[64887,0],[64886,0],[64375,0],]]
[64632,11,59,[[64631,0],[64633,0],[64888,0],[64376,0],]]
[64633,14,59,[[64634,0],[64632,0],[64889,0],[64888,0],[64377,0],]]
[64634,5,59,[[64633,0],[64635,0],[64890,0],[64378,0],]]
[64635,10,59,[[64636,0],[64634,0],[64891,0],[64890,0],[64379,0],]]
[64636,3,59,[[64635,0],[64637,0],[64892,0],[64380,0],]]
[64637,3,59,[[64638,0],[64636,0],[64893,0],[64892,0],[64381,0],]]
[64638,8,59,[[64637,0],[64639,0],[64894,0],[64382,0],]]
[64639,5,59,[[64640,0],[64638,0],[64895,0],[64894,0],[64383,0],]]
[64640,3,60,[[64639,0],[64641,0],[64896,0],[64384,0],]]
[64641,4,60,[[64642,0],[64640,0],[64897,0],[64896,0],[64385,0],]]
[64642,12,60,[[64641,0],[64643,0],[64898,0],[64386,0],]]
[64643,10,60,[[64644,0],[64642,0],[64899,0],[64898,0],[64387,0],]]
[64644,3,60,[[64643,0],[64645,0],[64900,0],[64388,0],]]
[64645,18,60,[[64646,0],[64644,0],[64901,0],[64900,0],[64389,0],]]
[64646,8,60,[[64645,0],[64647,0],[64902,0],[64390,0],]]
[64647,5,60,[[64648,0],[64646,0],[64903,0],[64902,0],[64391,0],]]
[64648,16,60,[[64647,0],[64649,0],[64904,0],[64392,0],]]
[64649,14,60,[[64650,0],[64648,0],[64905,0],[64904,0],[64393,0],]]
[64650,18,60,[[64649,0],[64651,0],[64906,0],[64394,0],]]
[64651,9,60,[[64652,0],[64650,0],[64907,0],[64906,0],[64395,0],]]
[64652,2,60,[[64651,0],[64653,0],[64908,0],[64396,0],]]
[64653,7,60,[[64654,0],[64652,0],[64909,0],[64908,0],[64397,0],]]
[64654,12,60,[[64653,0],[64655,0],[64910,0],[64398,0],]]
[64655,4,60,[[64656,0],[64654,0],[64911,0],[64910,0],[64399,0],]]
[64656,13,60,[[64655,0],[64657,0],[64912,0],[64400,0],]]
[64657,19,60,[[64658,0],[64656,0],[64913,0],[64912,0],[64401,0],]]
[64658,10,60,[[64657,0],[64659,0],[64914,0],[64402,0],]]
[64659,15,60,[[64660,0],[64658,0],[64915,0],[64914,0],[64403,0],]]
[64660,17,60,[[64659,0],[64661,0],[64916,0],[64404,0],]]
[64661,1,60,[[64662,0],[64660,0],[64917,0],[64916,0],[64405,0],]]
[64662,4,60,[[64661,0],[64663,0],[64918,0],[64406,0],]]
[64663,9,60,[[64664,0],[64662,0],[64919,0],[64918,0],[64407,0],]]
[64664,11,60,[[64663,0],[64665,0],[64920,0],[64408,0],]]
[64665,15,60,[[64666,0],[64664,0],[64921,0],[64920,0],[64409,0],]]
[64666,6,60,[[64665,0],[64667,0],[64922,0],[64410,0],]]
[64667,4,60,[[64668,0],[64666,0],[64923,0],[64922,0],[64411,0],]]
[64668,6,60,[[64667,0],[64669,0],[64924,0],[64412,0],]]
[64669,6,60,[[64670,0],[64668,0],[64925,0],[64924,0],[64413,0],]]
[64670,9,60,[[64669,0],[64671,0],[64926,0],[64414,0],]]
[64671,10,60,[[64672,0],[64670,0],[64927,0],[64926,0],[64415,0],]]
[64672,14,61,[[64671,0],[64673,0],[64928,0],[64416,0],]]
[64673,17,61,[[64674,0],[64672,0],[64929,0],[64928,0],[64417,0],]]
[64674,14,61,[[64673,0],[64675,0],[64930,0],[64418,0],]]
[64675,15,61,[[64676,0],[64674,0],[64931,0],[64930,0],[64419,0],]]
[64676,12,61,[[64675,0],[64677,0],[64932,0],[64420,0],]]
[64677,2,61,[[64678,0],[64676,0],[64933,0],[64932,0],[64421,0],]]
[64678,19,61,[[64677,0],[64679,0],[64934,0],[64422,0],]]
[64679,14,61,[[64680,0],[64678,0],[64935,0],[64934,0],[64423,0],]]
[64680,19,61,[[64679,0],[64681,0],[64936,0],[64424,0],]]
[64681,8,61,[[64682,0],[64680,0],[64937,0],[64936,0],[64425,0],]]
[64682,17,61,[[64681,0],[64683,0],[64938,0],[64426,0],]]
[64683,9,61,[[64684,0],[64682,0],[64939,0],[64938,0],[64427,0],]]
[64684,17,61,[[64683,0],[64685,0],[64940,0],[64428,0],]]
[64685,11,61,[[64686,0],[64684,0],[64941,0],[64940,0],[64429,0],]]
[64686,16,61,[[64685,0],[64687,0],[64942,0],[64430,0],]]
[64687,11,61,[[64688,0],[64686,0],[64943,0],[64942,0],[64431,0],]]
[64688,4,61,[[64687,0],[64689,0],[64944,0],[64432,0],]]
[64689,12,61,[[64690,0],[64688,0],[64945,0],[64944,0],[64433,0],]]
[64690,9,61,[[64689,0],[64691,0],[64946,0],[64434,0],]]
[64691,1,61,[[64692,0],[64690,0],[64947,0],[64946,0],[64435,0],]]
[64692,5,61,[[64691,0],[64693,0],[64948,0],[64436,0],]]
[64693,13,61,[[64694,0],[64692,0],[64949,0],[64948,0],[64437,0],]]
[64694,4,61,[[64693,0],[64695,0],[64950,0],[64438,0],]]
[64695,1,61,[[64696,0],[64694,0],[64951,0],[64950,0],[64439,0],]]
[64696,7,61,[[64695,0],[64697,0],[64952,0],[64440,0],]]
[64697,19,61,[[64698,0],[64696,0],[64953,0],[64952,0],[64441,0],]]
[64698,4,61,[[64697,0],[64699,0],[64954,0],[64442,0],]]
[64699,10,61,[[64700,0],[64698,0],[64955,0],[64954,0],[64443,0],]]
[64700,18,61,[[64699,0],[64701,0],[64956,0],[64444,0],]]
[64701,4,61,[[64702,0],[64700,0],[64957,0],[64956,0],[64445,0],]]
[64702,1,61,[[64701,0],[64703,0],[64958,0],[64446,0],]]
[64703,7,61,[[64704,0],[64702,0],[64959,0],[64958,0],[64447,0],]]
[64704,1,62,[[64703,0],[64705,0],[64960,0],[64448,0],]]
[64705,19,62,[[64706,0],[64704,0],[64961,0],[64960,0],[64449,0],]]
[64706,4,62,[[64705,0],[64707,0],[64962,0],[64450,0],]]
[64707,11,62,[[64708,0],[64706,0],[64963,0],[64962,0],[64451,0],]]
[64708,19,62,[[64707,0],[64709,0],[64964,0],[64452,0],]]
[64709,3,62,[[64710,0],[64708,0],[64965,0],[64964,0],[64453,0],]]
[64710,5,62,[[64709,0],[64711,0],[64966,0],[64454,0],]]
[64711,16,62,[[64712,0],[64710,0],[64967,0],[64966,0],[64455,0],]]
[64712,17,62,[[64711,0],[64713,0],[64968,0],[64456,0],]]
[64713,15,62,[[64714,0],[64712,0],[64969,0],[64968,0],[64457,0],]]
[64714,17,62,[[64713,0],[64715,0],[64970,0],[64458,0],]]
[64715,11,62,[[64716,0],[64714,0],[64971,0],[64970,0],[64459,0],]]
[64716,18,62,[[64715,0],[64717,0],[64972,0],[64460,0],]]
[64717,17,62,[[64718,0],[64716,0],[64973,0],[64972,0],[64461,0],]]
[64718,3,62,[[64717,0],[64719,0],[64974,0],[64462,0],]]
[64719,19,62,[[64720,0],[64718,0],[64975,0],[64974,0],[64463,0],]]
[64720,13,62,[[64719,0],[64721,0],[64976,0],[64464,0],]]
[64721,6,62,[[64722,0],[64720,0],[64977,0],[64976,0],[64465,0],]]
[64722,4,62,[[64721,0],[64723,0],[64978,0],[64466,0],]]
[64723,17,62,[[64724,0],[64722,0],[64979,0],[64978,0],[64467,0],]]
[64724,14,62,[[64723,0],[64725,0],[64980,0],[64468,0],]]
[64725,16,62,[[64726,0],[64724,0],[64981,0],[64980,0],[64469,0],]]
[64726,16,62,[[64725,0],[64727,0],[64982,0],[64470,0],]]
[64727,14,62,[[64728,0],[64726,0],[64983,0],[64982,0],[64471,0],]]
[64728,16,62,[[64727,0],[64729,0],[64984,0],[64472,0],]]
[64729,3,62,[[64730,0],[64728,0],[64985,0],[64984,0],[64473,0],]]
[64730,1,62,[[64729,0],[64731,0],[64986,0],[64474,0],]]
[64731,4,62,[[64732,0],[64730,0],[64987,0],[64986,0],[64475,0],]]
[64732,14,62,[[64731,0],[64733,0],[64988,0],[64476,0],]]
[64733,4,62,[[64734,0],[64732,0],[64989,0],[64988,0],[64477,0],]]
[64734,7,62,[[64733,0],[64735,0],[64990,0],[64478,0],]]
[64735,15,62,[[64736,0],[64734,0],[64991,0],[64990,0],[64479,0],]]
[64736,10,63,[[64735,0],[64737,0],[64992,0],[64480,0],]]
[64737,5,63,[[64738,0],[64736,0],[64993,0],[64992,0],[64481,0],]]
[64738,11,63,[[64737,0],[64739,0],[64994,0],[64482,0],]]
[64739,18,63,[[64740,0],[64738,0],[64995,0],[64994,0],[64483,0],]]
[64740,3,63,[[64739,0],[64741,0],[64996,0],[64484,0],]]
[64741,14,63,[[64742,0],[64740,0],[64997,0],[64996,0],[64485,0],]]
[64742,14,63,[[64741,0],[64743,0],[64998,0],[64486,0],]]
[64743,6,63,[[64744,0],[64742,0],[64999,0],[64998,0],[64487,0],]]
[64744,18,63,[[64743,0],[64745,0],[65000,0],[64488,0],]]
[64745,7,63,[[64746,0],[64744,0],[65001,0],[65000,0],[64489,0],]]
[64746,14,63,[[64745,0],[64747,0],[65002,0],[64490,0],]]
[64747,13,63,[[64748,0],[64746,0],[65003,0],[65002,0],[64491,0],]]
[64748,4,63,[[64747,0],[64749,0],[65004,0],[64492,0],]]
[64749,8,63,[[64750,0],[64748,0],[65005,0],[65004,0],[64493,0],]]
[64750,12,63,[[64749,0],[64751,0],[65006,0],[64494,0],]]
[64751,8,63,[[64752,0],[64750,0],[65007,0],[65006,0],[64495,0],]]
[64752,15,63,[[64751,0],[64753,0],[65008,0],[64496,0],]]
[64753,16,63,[[64754,0],[64752,0],[65009,0],[65008,0],[64497,0],]]
[64754,3,63,[[64753,0],[64755,0],[65010,0],[64498,0],]]
[64755,13,63,[[64756,0],[64754,0],[65011,0],[65010,0],[64499,0],]]
[64756,17,63,[[64755,0],[64757,0],[65012,0],[64500,0],]]
[64757,2,63,[[64758,0],[64756,0],[65013,0],[65012,0],[64501,0],]]
[64758,1,63,[[64757,0],[64759,0],[65014,0],[64502,0],]]
[64759,1,63,[[64760,0],[64758,0],[65015,0],[65014,0],[64503,0],]]
[64760,13,63,[[64759,0],[64761,0],[65016,0],[64504,0],]]
[64761,1,63,[[64762,0],[64760,0],[65017,0],[65016,0],[64505,0],]]
[64762,6,63,[[64761,0],[64763,0],[65018,0],[64506,0],]]
[64763,15,63,[[64764,0],[64762,0],[65019,0],[65018,0],[64507,0],]]
[64764,14,63,[[64763,0],[64765,0],[65020,0],[64508,0],]]
[64765,16,63,[[64766,0],[64764,0],[65021,0],[65020,0],[64509,0],]]
[64766,6,63,[[64765,0],[64767,0],[65022,0],[64510,0],]]
[64767,16,63,[[64766,0],[65023,0],[65022,0],[64511,0],]]
[64768,11,56,[[64769,0],[64512,0],[64513,0],[65024,0],]]
[64769,11,56,[[64770,0],[64768,0],[64513,0],[65025,0],]]
[64770,17,56,[[64769,0],[64771,0],[64514,0],[64515,0],[65026,0],]]
[64771,10,56,[[64772,0],[64770,0],[64515,0],[65027,0],]]
[64772,9,56,[[64771,0],[64773,0],[64516,0],[64517,0],[65028,0],]]
[64773,17,56,[[64774,0],[64772,0],[64517,0],[65029,0],]]
[64774,15,56,[[64773,0],[64775,0],[64518,0],[64519,0],[65030,0],]]
[64775,16,56,[[64776,0],[64774,0],[64519,0],[65031,0],]]
[64776,6,56,[[64775,0],[64777,0],[64520,0],[64521,0],[65032,0],]]
[64777,3,56,[[64778,0],[64776,0],[64521,0],[65033,0],]]
[64778,2,56,[[64777,0],[64779,0],[64522,0],[64523,0],[65034,0],]]
[64779,11,56,[[64780,0],[64778,0],[64523,0],[65035,0],]]
[64780,10,56,[[64779,0],[64781,0],[64524,0],[64525,0],[65036,0],]]
[64781,7,56,[[64782,0],[64780,0],[64525,0],[65037,0],]]
[64782,10,56,[[64781,0],[64783,0],[64526,0],[64527,0],[65038,0],]]
[64783,11,56,[[64784,0],[64782,0],[64527,0],[65039,0],]]
[64784,8,56,[[64783,0],[64785,0],[64528,0],[64529,0],[65040,0],]]
[64785,2,56,[[64786,0],[64784,0],[64529,0],[65041,0],]]
[64786,5,56,[[64785,0],[64787,0],[64530,0],[64531,0],[65042,0],]]
[64787,15,56,[[64788,0],[64786,0],[64531,0],[65043,0],]]
[64788,3,56,[[64787,0],[64789,0],[64532,0],[64533,0],[65044,0],]]
[64789,19,56,[[64790,0],[64788,0],[64533,0],[65045,0],]]
[64790,5,56,[[64789,0],[64791,0],[64534,0],[64535,0],[65046,0],]]
[64791,11,56,[[64792,0],[64790,0],[64535,0],[65047,0],]]
[64792,9,56,[[64791,0],[64793,0],[64536,0],[64537,0],[65048,0],]]
[64793,8,56,[[64794,0],[64792,0],[64537,0],[65049,0],]]
[64794,3,56,[[64793,0],[64795,0],[64538,0],[64539,0],[65050,0],]]
[64795,6,56,[[64796,0],[64794,0],[64539,0],[65051,0],]]
[64796,14,56,[[64795,0],[64797,0],[64540,0],[64541,0],[65052,0],]]
[64797,7,56,[[64798,0],[64796,0],[64541,0],[65053,0],]]
[64798,19,56,[[64797,0],[64799,0],[64542,0],[64543,0],[65054,0],]]
[64799,14,56,[[64800,0],[64798,0],[64543,0],[65055,0],]]
[64800,3,57,[[64799,0],[64801,0],[64544,0],[64545,0],[65056,0],]]
[64801,8,57,[[64802,0],[64800,0],[64545,0],[65057,0],]]
[64802,3,57,[[64801,0],[64803,0],[64546,0],[64547,0],[65058,0],]]
[64803,11,57,[[64804,0],[64802,0],[64547,0],[65059,0],]]
[64804,15,57,[[64803,0],[64805,0],[64548,0],[64549,0],[65060,0],]]
[64805,17,57,[[64806,0],[64804,0],[64549,0],[65061,0],]]
[64806,3,57,[[64805,0],[64807,0],[64550,0],[64551,0],[65062,0],]]
[64807,14,57,[[64808,0],[64806,0],[64551,0],[65063,0],]]
[64808,13,57,[[64807,0],[64809,0],[64552,0],[64553,0],[65064,0],]]
[64809,11,57,[[64810,0],[64808,0],[64553,0],[65065,0],]]
[64810,10,57,[[64809,0],[64811,0],[64554,0],[64555,0],[65066,0],]]
[64811,7,57,[[64812,0],[64810,0],[64555,0],[65067,0],]]
[64812,1,57,[[64811,0],[64813,0],[64556,0],[64557,0],[65068,0],]]
[64813,16,57,[[64814,0],[64812,0],[64557,0],[65069,0],]]
[64814,17,57,[[64813,0],[64815,0],[64558,0],[64559,0],[65070,0],]]
[64815,4,57,[[64816,0],[64814,0],[64559,0],[65071,0],]]
[64816,13,57,[[64815,0],[64817,0],[64560,0],[64561,0],[65072,0],]]
[64817,10,57,[[64818,0],[64816,0],[64561,0],[65073,0],]]
[64818,12,57,[[64817,0],[64819,0],[64562,0],[64563,0],[65074,0],]]
[64819,19,57,[[64820,0],[64818,0],[64563,0],[65075,0],]]
[64820,12,57,[[64819,0],[64821,0],[64564,0],[64565,0],[65076,0],]]
[64821,11,57,[[64822,0],[64820,0],[64565,0],[65077,0],]]
[64822,17,57,[[64821,0],[64823,0],[64566,0],[64567,0],[65078,0],]]
[64823,19,57,[[64824,0],[64822,0],[64567,0],[65079,0],]]
[64824,10,57,[[64823,0],[64825,0],[64568,0],[64569,0],[65080,0],]]
[64825,15,57,[[64826,0],[64824,0],[64569,0],[65081,0],]]
[64826,4,57,[[64825,0],[64827,0],[64570,0],[64571,0],[65082,0],]]
[64827,7,57,[[64828,0],[64826,0],[64571,0],[65083,0],]]
[64828,15,57,[[64827,0],[64829,0],[64572,0],[64573,0],[65084,0],]]
[64829,14,57,[[64830,0],[64828,0],[64573,0],[65085,0],]]
[64830,14,57,[[64829,0],[64831,0],[64574,0],[64575,0],[65086,0],]]
[64831,17,57,[[64832,0],[64830,0],[64575,0],[65087,0],]]
[64832,1,58,[[64831,0],[64833,0],[64576,0],[64577,0],[65088,0],]]
[64833,10,58,[[64834,0],[64832,0],[64577,0],[65089,0],]]
[64834,16,58,[[64833,0],[64835,0],[64578,0],[64579,0],[65090,0],]]
[64835,16,58,[[64836,0],[64834,0],[64579,0],[65091,0],]]
[64836,2,58,[[64835,0],[64837,0],[64580,0],[64581,0],[65092,0],]]
[64837,15,58,[[64838,0],[64836,0],[64581,0],[65093,0],]]
[64838,16,58,[[64837,0],[64839,0],[64582,0],[64583,0],[65094,0],]]
[64839,11,58,[[64840,0],[64838,0],[64583,0],[65095,0],]]
[64840,13,58,[[64839,0],[64841,0],[64584,0],[64585,0],[65096,0],]]
[64841,8,58,[[64842,0],[64840,0],[64585,0],[65097,0],]]
[64842,11,58,[[64841,0],[64843,0],[64586,0],[64587,0],[65098,0],]]
[64843,2,58,[[64844,0],[64842,0],[64587,0],[65099,0],]]
[64844,3,58,[[64843,0],[64845,0],[64588,0],[64589,0],[65100,0],]]
[64845,7,58,[[64846,0],[64844,0],[64589,0],[65101,0],]]
[64846,17,58,[[64845,0],[64847,0],[64590,0],[64591,0],[65102,0],]]
[64847,13,58,[[64848,0],[64846,0],[64591,0],[65103,0],]]
[64848,4,58,[[64847,0],[64849,0],[64592,0],[64593,0],[65104,0],]]
[64849,3,58,[[64850,0],[64848,0],[64593,0],[65105,0],]]
[64850,15,58,[[64849,0],[64851,0],[64594,0],[64595,0],[65106,0],]]
[64851,14,58,[[64852,0],[64850,0],[64595,0],[65107,0],]]
[64852,17,58,[[64851,0],[64853,0],[64596,0],[64597,0],[65108,0],]]
[64853,3,58,[[64854,0],[64852,0],[64597,0],[65109,0],]]
[64854,2,58,[[64853,0],[64855,0],[64598,0],[64599,0],[65110,0],]]
[64855,11,58,[[64856,0],[64854,0],[64599,0],[65111,0],]]
[64856,11,58,[[64855,0],[64857,0],[64600,0],[64601,0],[65112,0],]]
[64857,14,58,[[64858,0],[64856,0],[64601,0],[65113,0],]]
[64858,19,58,[[64857,0],[64859,0],[64602,0],[64603,0],[65114,0],]]
[64859,4,58,[[64860,0],[64858,0],[64603,0],[65115,0],]]
[64860,19,58,[[64859,0],[64861,0],[64604,0],[64605,0],[65116,0],]]
[64861,10,58,[[64862,0],[64860,0],[64605,0],[65117,0],]]
[64862,2,58,[[64861,0],[64863,0],[64606,0],[64607,0],[65118,0],]]
[64863,3,58,[[64864,0],[64862,0],[64607,0],[65119,0],]]
[64864,17,59,[[64863,0],[64865,0],[64608,0],[64609,0],[65120,0],]]
[64865,8,59,[[64866,0],[64864,0],[64609,0],[65121,0],]]
[64866,19,59,[[64865,0],[64867,0],[64610,0],[64611,0],[65122,0],]]
[64867,7,59,[[64868,0],[64866,0],[64611,0],[65123,0],]]
[64868,5,59,[[64867,0],[64869,0],[64612,0],[64613,0],[65124,0],]]
[64869,1,59,[[64870,0],[64868,0],[64613,0],[65125,0],]]
[64870,19,59,[[64869,0],[64871,0],[64614,0],[64615,0],[65126,0],]]
[64871,4,59,[[64872,0],[64870,0],[64615,0],[65127,0],]]
[64872,8,59,[[64871,0],[64873,0],[64616,0],[64617,0],[65128,0],]]
[64873,7,59,[[64874,0],[64872,0],[64617,0],[65129,0],]]
[64874,10,59,[[64873,0],[64875,0],[64618,0],[64619,0],[65130,0],]]
[64875,7,59,[[64876,0],[64874,0],[64619,0],[65131,0],]]
[64876,10,59,[[64875,0],[64877,0],[64620,0],[64621,0],[65132,0],]]
[64877,9,59,[[64878,0],[64876,0],[64621,0],[65133,0],]]
[64878,7,59,[[64877,0],[64879,0],[64622,0],[64623,0],[65134,0],]]
[64879,16,59,[[64880,0],[64878,0],[64623,0],[65135,0],]]
