[63569,6,58,[[63570,0],[63568,0],[63825,0],[63824,0],[63313,0],]]
[63570,8,58,[[63569,0],[63571,0],[63826,0],[63314,0],]]
[63571,3,58,[[63572,0],[63570,0],[63827,0],[63826,0],[63315,0],]]
[63572,9,58,[[63571,0],[63573,0],[63828,0],[63316,0],]]
[63573,16,58,[[63574,0],[63572,0],[63829,0],[63828,0],[63317,0],]]
[63574,8,58,[[63573,0],[63575,0],[63830,0],[63318,0],]]
[63575,11,58,[[63576,0],[63574,0],[63831,0],[63830,0],[63319,0],]]
[63576,5,58,[[63575,0],[63577,0],[63832,0],[63320,0],]]
[63577,4,58,[[63578,0],[63576,0],[63833,0],[63832,0],[63321,0],]]
[63578,2,58,[[63577,0],[63579,0],[63834,0],[63322,0],]]
[63579,12,58,[[63580,0],[63578,0],[63835,0],[63834,0],[63323,0],]]
[63580,10,58,[[63579,0],[63581,0],[63836,0],[63324,0],]]
[63581,11,58,[[63582,0],[63580,0],[63837,0],[63836,0],[63325,0],]]
[63582,3,58,[[63581,0],[63583,0],[63838,0],[63326,0],]]
[63583,9,58,[[63584,0],[63582,0],[63839,0],[63838,0],[63327,0],]]
[63584,15,59,[[63583,0],[63585,0],[63840,0],[63328,0],]]
[63585,19,59,[[63586,0],[63584,0],[63841,0],[63840,0],[63329,0],]]
[63586,2,59,[[63585,0],[63587,0],[63842,0],[63330,0],]]
[63587,12,59,[[63588,0],[63586,0],[63843,0],[63842,0],[63331,0],]]
[63588,12,59,[[63587,0],[63589,0],[63844,0],[63332,0],]]
[63589,4,59,[[63590,0],[63588,0],[63845,0],[63844,0],[63333,0],]]
[63590,1,59,[[63589,0],[63591,0],[63846,0],[63334,0],]]
[63591,12,59,[[63592,0],[63590,0],[63847,0],[63846,0],[63335,0],]]
[63592,5,59,[[63591,0],[63593,0],[63848,0],[63336,0],]]
[63593,3,59,[[63594,0],[63592,0],[63849,0],[63848,0],[63337,0],]]
[63594,15,59,[[63593,0],[63595,0],[63850,0],[63338,0],]]
[63595,18,59,[[63596,0],[63594,0],[63851,0],[63850,0],[63339,0],]]
[63596,4,59,[[63595,0],[63597,0],[63852,0],[63340,0],]]
[63597,1,59,[[63598,0],[63596,0],[63853,0],[63852,0],[63341,0],]]
[63598,9,59,[[63597,0],[63599,0],[63854,0],[63342,0],]]
[63599,9,59,[[63600,0],[63598,0],[63855,0],[63854,0],[63343,0],]]
[63600,13,59,[[63599,0],[63601,0],[63856,0],[63344,0],]]
[63601,11,59,[[63602,0],[63600,0],[63857,0],[63856,0],[63345,0],]]
[63602,5,59,[[63601,0],[63603,0],[63858,0],[63346,0],]]
[63603,12,59,[[63604,0],[63602,0],[63859,0],[63858,0],[63347,0],]]
[63604,18,59,[[63603,0],[63605,0],[63860,0],[63348,0],]]
[63605,4,59,[[63606,0],[63604,0],[63861,0],[63860,0],[63349,0],]]
[63606,6,59,[[63605,0],[63607,0],[63862,0],[63350,0],]]
[63607,19,59,[[63608,0],[63606,0],[63863,0],[63862,0],[63351,0],]]
[63608,15,59,[[63607,0],[63609,0],[63864,0],[63352,0],]]
[63609,11,59,[[63610,0],[63608,0],[63865,0],[63864,0],[63353,0],]]
[63610,13,59,[[63609,0],[63611,0],[63866,0],[63354,0],]]
[63611,14,59,[[63612,0],[63610,0],[63867,0],[63866,0],[63355,0],]]
[63612,8,59,[[63611,0],[63613,0],[63868,0],[63356,0],]]
[63613,1,59,[[63614,0],[63612,0],[63869,0],[63868,0],[63357,0],]]
[63614,13,59,[[63613,0],[63615,0],[63870,0],[63358,0],]]
[63615,2,59,[[63616,0],[63614,0],[63871,0],[63870,0],[63359,0],]]
[63616,15,60,[[63615,0],[63617,0],[63872,0],[63360,0],]]
[63617,9,60,[[63618,0],[63616,0],[63873,0],[63872,0],[63361,0],]]
[63618,4,60,[[63617,0],[63619,0],[63874,0],[63362,0],]]
[63619,5,60,[[63620,0],[63618,0],[63875,0],[63874,0],[63363,0],]]
[63620,5,60,[[63619,0],[63621,0],[63876,0],[63364,0],]]
[63621,8,60,[[63622,0],[63620,0],[63877,0],[63876,0],[63365,0],]]
[63622,13,60,[[63621,0],[63623,0],[63878,0],[63366,0],]]
[63623,6,60,[[63624,0],[63622,0],[63879,0],[63878,0],[63367,0],]]
[63624,13,60,[[63623,0],[63625,0],[63880,0],[63368,0],]]
[63625,19,60,[[63626,0],[63624,0],[63881,0],[63880,0],[63369,0],]]
[63626,19,60,[[63625,0],[63627,0],[63882,0],[63370,0],]]
[63627,4,60,[[63628,0],[63626,0],[63883,0],[63882,0],[63371,0],]]
[63628,11,60,[[63627,0],[63629,0],[63884,0],[63372,0],]]
[63629,13,60,[[63630,0],[63628,0],[63885,0],[63884,0],[63373,0],]]
[63630,17,60,[[63629,0],[63631,0],[63886,0],[63374,0],]]
[63631,8,60,[[63632,0],[63630,0],[63887,0],[63886,0],[63375,0],]]
[63632,8,60,[[63631,0],[63633,0],[63888,0],[63376,0],]]
[63633,15,60,[[63634,0],[63632,0],[63889,0],[63888,0],[63377,0],]]
[63634,2,60,[[63633,0],[63635,0],[63890,0],[63378,0],]]
[63635,2,60,[[63636,0],[63634,0],[63891,0],[63890,0],[63379,0],]]
[63636,8,60,[[63635,0],[63637,0],[63892,0],[63380,0],]]
[63637,9,60,[[63638,0],[63636,0],[63893,0],[63892,0],[63381,0],]]
[63638,8,60,[[63637,0],[63639,0],[63894,0],[63382,0],]]
[63639,15,60,[[63640,0],[63638,0],[63895,0],[63894,0],[63383,0],]]
[63640,1,60,[[63639,0],[63641,0],[63896,0],[63384,0],]]
[63641,16,60,[[63642,0],[63640,0],[63897,0],[63896,0],[63385,0],]]
[63642,13,60,[[63641,0],[63643,0],[63898,0],[63386,0],]]
[63643,4,60,[[63644,0],[63642,0],[63899,0],[63898,0],[63387,0],]]
[63644,10,60,[[63643,0],[63645,0],[63900,0],[63388,0],]]
[63645,14,60,[[63646,0],[63644,0],[63901,0],[63900,0],[63389,0],]]
[63646,11,60,[[63645,0],[63647,0],[63902,0],[63390,0],]]
[63647,1,60,[[63648,0],[63646,0],[63903,0],[63902,0],[63391,0],]]
[63648,10,61,[[63647,0],[63649,0],[63904,0],[63392,0],]]
[63649,13,61,[[63650,0],[63648,0],[63905,0],[63904,0],[63393,0],]]
[63650,17,61,[[63649,0],[63651,0],[63906,0],[63394,0],]]
[63651,11,61,[[63652,0],[63650,0],[63907,0],[63906,0],[63395,0],]]
[63652,9,61,[[63651,0],[63653,0],[63908,0],[63396,0],]]
[63653,6,61,[[63654,0],[63652,0],[63909,0],[63908,0],[63397,0],]]
[63654,15,61,[[63653,0],[63655,0],[63910,0],[63398,0],]]
[63655,8,61,[[63656,0],[63654,0],[63911,0],[63910,0],[63399,0],]]
[63656,5,61,[[63655,0],[63657,0],[63912,0],[63400,0],]]
[63657,12,61,[[63658,0],[63656,0],[63913,0],[63912,0],[63401,0],]]
[63658,17,61,[[63657,0],[63659,0],[63914,0],[63402,0],]]
[63659,18,61,[[63660,0],[63658,0],[63915,0],[63914,0],[63403,0],]]
[63660,8,61,[[63659,0],[63661,0],[63916,0],[63404,0],]]
[63661,12,61,[[63662,0],[63660,0],[63917,0],[63916,0],[63405,0],]]
[63662,11,61,[[63661,0],[63663,0],[63918,0],[63406,0],]]
[63663,4,61,[[63664,0],[63662,0],[63919,0],[63918,0],[63407,0],]]
[63664,5,61,[[63663,0],[63665,0],[63920,0],[63408,0],]]
[63665,10,61,[[63666,0],[63664,0],[63921,0],[63920,0],[63409,0],]]
[63666,8,61,[[63665,0],[63667,0],[63922,0],[63410,0],]]
[63667,8,61,[[63668,0],[63666,0],[63923,0],[63922,0],[63411,0],]]
[63668,3,61,[[63667,0],[63669,0],[63924,0],[63412,0],]]
[63669,14,61,[[63670,0],[63668,0],[63925,0],[63924,0],[63413,0],]]
[63670,8,61,[[63669,0],[63671,0],[63926,0],[63414,0],]]
[63671,5,61,[[63672,0],[63670,0],[63927,0],[63926,0],[63415,0],]]
[63672,6,61,[[63671,0],[63673,0],[63928,0],[63416,0],]]
[63673,8,61,[[63674,0],[63672,0],[63929,0],[63928,0],[63417,0],]]
[63674,1,61,[[63673,0],[63675,0],[63930,0],[63418,0],]]
[63675,13,61,[[63676,0],[63674,0],[63931,0],[63930,0],[63419,0],]]
[63676,1,61,[[63675,0],[63677,0],[63932,0],[63420,0],]]
[63677,17,61,[[63678,0],[63676,0],[63933,0],[63932,0],[63421,0],]]
[63678,14,61,[[63677,0],[63679,0],[63934,0],[63422,0],]]
[63679,1,61,[[63680,0],[63678,0],[63935,0],[63934,0],[63423,0],]]
[63680,19,62,[[63679,0],[63681,0],[63936,0],[63424,0],]]
[63681,15,62,[[63682,0],[63680,0],[63937,0],[63936,0],[63425,0],]]
[63682,19,62,[[63681,0],[63683,0],[63938,0],[63426,0],]]
[63683,6,62,[[63684,0],[63682,0],[63939,0],[63938,0],[63427,0],]]
[63684,5,62,[[63683,0],[63685,0],[63940,0],[63428,0],]]
[63685,14,62,[[63686,0],[63684,0],[63941,0],[63940,0],[63429,0],]]
[63686,17,62,[[63685,0],[63687,0],[63942,0],[63430,0],]]
[63687,7,62,[[63688,0],[63686,0],[63943,0],[63942,0],[63431,0],]]
[63688,5,62,[[63687,0],[63689,0],[63944,0],[63432,0],]]
[63689,6,62,[[63690,0],[63688,0],[63945,0],[63944,0],[63433,0],]]
[63690,12,62,[[63689,0],[63691,0],[63946,0],[63434,0],]]
[63691,4,62,[[63692,0],[63690,0],[63947,0],[63946,0],[63435,0],]]
[63692,14,62,[[63691,0],[63693,0],[63948,0],[63436,0],]]
[63693,8,62,[[63694,0],[63692,0],[63949,0],[63948,0],[63437,0],]]
[63694,16,62,[[63693,0],[63695,0],[63950,0],[63438,0],]]
[63695,14,62,[[63696,0],[63694,0],[63951,0],[63950,0],[63439,0],]]
[63696,18,62,[[63695,0],[63697,0],[63952,0],[63440,0],]]
[63697,14,62,[[63698,0],[63696,0],[63953,0],[63952,0],[63441,0],]]
[63698,13,62,[[63697,0],[63699,0],[63954,0],[63442,0],]]
[63699,16,62,[[63700,0],[63698,0],[63955,0],[63954,0],[63443,0],]]
[63700,5,62,[[63699,0],[63701,0],[63956,0],[63444,0],]]
[63701,10,62,[[63702,0],[63700,0],[63957,0],[63956,0],[63445,0],]]
[63702,13,62,[[63701,0],[63703,0],[63958,0],[63446,0],]]
[63703,17,62,[[63704,0],[63702,0],[63959,0],[63958,0],[63447,0],]]
[63704,11,62,[[63703,0],[63705,0],[63960,0],[63448,0],]]
[63705,8,62,[[63706,0],[63704,0],[63961,0],[63960,0],[63449,0],]]
[63706,16,62,[[63705,0],[63707,0],[63962,0],[63450,0],]]
[63707,18,62,[[63708,0],[63706,0],[63963,0],[63962,0],[63451,0],]]
[63708,14,62,[[63707,0],[63709,0],[63964,0],[63452,0],]]
[63709,5,62,[[63710,0],[63708,0],[63965,0],[63964,0],[63453,0],]]
[63710,18,62,[[63709,0],[63711,0],[63966,0],[63454,0],]]
[63711,18,62,[[63712,0],[63710,0],[63967,0],[63966,0],[63455,0],]]
[63712,9,63,[[63711,0],[63713,0],[63968,0],[63456,0],]]
[63713,4,63,[[63714,0],[63712,0],[63969,0],[63968,0],[63457,0],]]
[63714,5,63,[[63713,0],[63715,0],[63970,0],[63458,0],]]
[63715,5,63,[[63716,0],[63714,0],[63971,0],[63970,0],[63459,0],]]
[63716,6,63,[[63715,0],[63717,0],[63972,0],[63460,0],]]
[63717,14,63,[[63718,0],[63716,0],[63973,0],[63972,0],[63461,0],]]
[63718,1,63,[[63717,0],[63719,0],[63974,0],[63462,0],]]
[63719,5,63,[[63720,0],[63718,0],[63975,0],[63974,0],[63463,0],]]
[63720,11,63,[[63719,0],[63721,0],[63976,0],[63464,0],]]
[63721,7,63,[[63722,0],[63720,0],[63977,0],[63976,0],[63465,0],]]
[63722,9,63,[[63721,0],[63723,0],[63978,0],[63466,0],]]
[63723,19,63,[[63724,0],[63722,0],[63979,0],[63978,0],[63467,0],]]
[63724,7,63,[[63723,0],[63725,0],[63980,0],[63468,0],]]
[63725,17,63,[[63726,0],[63724,0],[63981,0],[63980,0],[63469,0],]]
[63726,7,63,[[63725,0],[63727,0],[63982,0],[63470,0],]]
[63727,17,63,[[63728,0],[63726,0],[63983,0],[63982,0],[63471,0],]]
[63728,7,63,[[63727,0],[63729,0],[63984,0],[63472,0],]]
[63729,11,63,[[63730,0],[63728,0],[63985,0],[63984,0],[63473,0],]]
[63730,12,63,[[63729,0],[63731,0],[63986,0],[63474,0],]]
[63731,8,63,[[63732,0],[63730,0],[63987,0],[63986,0],[63475,0],]]
[63732,14,63,[[63731,0],[63733,0],[63988,0],[63476,0],]]
[63733,6,63,[[63734,0],[63732,0],[63989,0],[63988,0],[63477,0],]]
[63734,11,63,[[63733,0],[63735,0],[63990,0],[63478,0],]]
[63735,19,63,[[63736,0],[63734,0],[63991,0],[63990,0],[63479,0],]]
[63736,4,63,[[63735,0],[63737,0],[63992,0],[63480,0],]]
[63737,5,63,[[63738,0],[63736,0],[63993,0],[63992,0],[63481,0],]]
[63738,2,63,[[63737,0],[63739,0],[63994,0],[63482,0],]]
[63739,8,63,[[63740,0],[63738,0],[63995,0],[63994,0],[63483,0],]]
[63740,16,63,[[63739,0],[63741,0],[63996,0],[63484,0],]]
[63741,4,63,[[63742,0],[63740,0],[63997,0],[63996,0],[63485,0],]]
[63742,15,63,[[63741,0],[63743,0],[63998,0],[63486,0],]]
[63743,17,63,[[63742,0],[63999,0],[63998,0],[63487,0],]]
[63744,19,56,[[63745,0],[63488,0],[63489,0],[64000,0],]]
[63745,12,56,[[63746,0],[63744,0],[63489,0],[64001,0],]]
[63746,7,56,[[63745,0],[63747,0],[63490,0],[63491,0],[64002,0],]]
[63747,8,56,[[63748,0],[63746,0],[63491,0],[64003,0],]]
[63748,19,56,[[63747,0],[63749,0],[63492,0],[63493,0],[64004,0],]]
[63749,1,56,[[63750,0],[63748,0],[63493,0],[64005,0],]]
[63750,10,56,[[63749,0],[63751,0],[63494,0],[63495,0],[64006,0],]]
[63751,14,56,[[63752,0],[63750,0],[63495,0],[64007,0],]]
[63752,11,56,[[63751,0],[63753,0],[63496,0],[63497,0],[64008,0],]]
[63753,10,56,[[63754,0],[63752,0],[63497,0],[64009,0],]]
[63754,3,56,[[63753,0],[63755,0],[63498,0],[63499,0],[64010,0],]]
[63755,10,56,[[63756,0],[63754,0],[63499,0],[64011,0],]]
[63756,4,56,[[63755,0],[63757,0],[63500,0],[63501,0],[64012,0],]]
[63757,17,56,[[63758,0],[63756,0],[63501,0],[64013,0],]]
[63758,12,56,[[63757,0],[63759,0],[63502,0],[63503,0],[64014,0],]]
[63759,19,56,[[63760,0],[63758,0],[63503,0],[64015,0],]]
[63760,11,56,[[63759,0],[63761,0],[63504,0],[63505,0],[64016,0],]]
[63761,2,56,[[63762,0],[63760,0],[63505,0],[64017,0],]]
[63762,3,56,[[63761,0],[63763,0],[63506,0],[63507,0],[64018,0],]]
[63763,9,56,[[63764,0],[63762,0],[63507,0],[64019,0],]]
[63764,11,56,[[63763,0],[63765,0],[63508,0],[63509,0],[64020,0],]]
[63765,10,56,[[63766,0],[63764,0],[63509,0],[64021,0],]]
[63766,2,56,[[63765,0],[63767,0],[63510,0],[63511,0],[64022,0],]]
[63767,1,56,[[63768,0],[63766,0],[63511,0],[64023,0],]]
[63768,9,56,[[63767,0],[63769,0],[63512,0],[63513,0],[64024,0],]]
[63769,17,56,[[63770,0],[63768,0],[63513,0],[64025,0],]]
[63770,9,56,[[63769,0],[63771,0],[63514,0],[63515,0],[64026,0],]]
[63771,1,56,[[63772,0],[63770,0],[63515,0],[64027,0],]]
[63772,11,56,[[63771,0],[63773,0],[63516,0],[63517,0],[64028,0],]]
[63773,17,56,[[63774,0],[63772,0],[63517,0],[64029,0],]]
[63774,4,56,[[63773,0],[63775,0],[63518,0],[63519,0],[64030,0],]]
[63775,5,56,[[63776,0],[63774,0],[63519,0],[64031,0],]]
[63776,8,57,[[63775,0],[63777,0],[63520,0],[63521,0],[64032,0],]]
[63777,14,57,[[63778,0],[63776,0],[63521,0],[64033,0],]]
[63778,13,57,[[63777,0],[63779,0],[63522,0],[63523,0],[64034,0],]]
[63779,17,57,[[63780,0],[63778,0],[63523,0],[64035,0],]]
[63780,15,57,[[63779,0],[63781,0],[63524,0],[63525,0],[64036,0],]]
[63781,10,57,[[63782,0],[63780,0],[63525,0],[64037,0],]]
[63782,3,57,[[63781,0],[63783,0],[63526,0],[63527,0],[64038,0],]]
[63783,12,57,[[63784,0],[63782,0],[63527,0],[64039,0],]]
[63784,10,57,[[63783,0],[63785,0],[63528,0],[63529,0],[64040,0],]]
[63785,3,57,[[63786,0],[63784,0],[63529,0],[64041,0],]]
[63786,3,57,[[63785,0],[63787,0],[63530,0],[63531,0],[64042,0],]]
[63787,2,57,[[63788,0],[63786,0],[63531,0],[64043,0],]]
[63788,14,57,[[63787,0],[63789,0],[63532,0],[63533,0],[64044,0],]]
[63789,15,57,[[63790,0],[63788,0],[63533,0],[64045,0],]]
[63790,9,57,[[63789,0],[63791,0],[63534,0],[63535,0],[64046,0],]]
[63791,2,57,[[63792,0],[63790,0],[63535,0],[64047,0],]]
[63792,10,57,[[63791,0],[63793,0],[63536,0],[63537,0],[64048,0],]]
[63793,10,57,[[63794,0],[63792,0],[63537,0],[64049,0],]]
[63794,18,57,[[63793,0],[63795,0],[63538,0],[63539,0],[64050,0],]]
[63795,15,57,[[63796,0],[63794,0],[63539,0],[64051,0],]]
[63796,17,57,[[63795,0],[63797,0],[63540,0],[63541,0],[64052,0],]]
[63797,4,57,[[63798,0],[63796,0],[63541,0],[64053,0],]]
[63798,17,57,[[63797,0],[63799,0],[63542,0],[63543,0],[64054,0],]]
[63799,10,57,[[63800,0],[63798,0],[63543,0],[64055,0],]]
[63800,9,57,[[63799,0],[63801,0],[63544,0],[63545,0],[64056,0],]]
[63801,4,57,[[63802,0],[63800,0],[63545,0],[64057,0],]]
[63802,17,57,[[63801,0],[63803,0],[63546,0],[63547,0],[64058,0],]]
[63803,6,57,[[63804,0],[63802,0],[63547,0],[64059,0],]]
[63804,4,57,[[63803,0],[63805,0],[63548,0],[63549,0],[64060,0],]]
[63805,12,57,[[63806,0],[63804,0],[63549,0],[64061,0],]]
[63806,15,57,[[63805,0],[63807,0],[63550,0],[63551,0],[64062,0],]]
[63807,6,57,[[63808,0],[63806,0],[63551,0],[64063,0],]]
[63808,2,58,[[63807,0],[63809,0],[63552,0],[63553,0],[64064,0],]]
[63809,4,58,[[63810,0],[63808,0],[63553,0],[64065,0],]]
[63810,8,58,[[63809,0],[63811,0],[63554,0],[63555,0],[64066,0],]]
[63811,2,58,[[63812,0],[63810,0],[63555,0],[64067,0],]]
[63812,3,58,[[63811,0],[63813,0],[63556,0],[63557,0],[64068,0],]]
[63813,6,58,[[63814,0],[63812,0],[63557,0],[64069,0],]]
[63814,13,58,[[63813,0],[63815,0],[63558,0],[63559,0],[64070,0],]]
[63815,3,58,[[63816,0],[63814,0],[63559,0],[64071,0],]]
[63816,3,58,[[63815,0],[63817,0],[63560,0],[63561,0],[64072,0],]]
[63817,14,58,[[63818,0],[63816,0],[63561,0],[64073,0],]]
[63818,6,58,[[63817,0],[63819,0],[63562,0],[63563,0],[64074,0],]]
[63819,15,58,[[63820,0],[63818,0],[63563,0],[64075,0],]]
[63820,4,58,[[63819,0],[63821,0],[63564,0],[63565,0],[64076,0],]]
[63821,16,58,[[63822,0],[63820,0],[63565,0],[64077,0],]]
[63822,15,58,[[63821,0],[63823,0],[63566,0],[63567,0],[64078,0],]]
[63823,14,58,[[63824,0],[63822,0],[63567,0],[64079,0],]]
[63824,12,58,[[63823,0],[63825,0],[63568,0],[63569,0],[64080,0],]]
[63825,6,58,[[63826,0],[63824,0],[63569,0],[64081,0],]]
[63826,18,58,[[63825,0],[63827,0],[63570,0],[63571,0],[64082,0],]]
[63827,19,58,[[63828,0],[63826,0],[63571,0],[64083,0],]]
[63828,18,58,[[63827,0],[63829,0],[63572,0],[63573,0],[64084,0],]]
[63829,16,58,[[63830,0],[63828,0],[63573,0],[64085,0],]]
[63830,6,58,[[63829,0],[63831,0],[63574,0],[63575,0],[64086,0],]]
[63831,12,58,[[63832,0],[63830,0],[63575,0],[64087,0],]]
[63832,2,58,[[63831,0],[63833,0],[63576,0],[63577,0],[64088,0],]]
[63833,7,58,[[63834,0],[63832,0],[63577,0],[64089,0],]]
[63834,17,58,[[63833,0],[63835,0],[63578,0],[63579,0],[64090,0],]]
[63835,2,58,[[63836,0],[63834,0],[63579,0],[64091,0],]]
[63836,9,58,[[63835,0],[63837,0],[63580,0],[63581,0],[64092,0],]]
[63837,16,58,[[63838,0],[63836,0],[63581,0],[64093,0],]]
[63838,1,58,[[63837,0],[63839,0],[63582,0],[63583,0],[64094,0],]]
[63839,1,58,[[63840,0],[63838,0],[63583,0],[64095,0],]]
[63840,19,59,[[63839,0],[63841,0],[63584,0],[63585,0],[64096,0],]]
[63841,10,59,[[63842,0],[63840,0],[63585,0],[64097,0],]]
[63842,18,59,[[63841,0],[63843,0],[63586,0],[63587,0],[64098,0],]]
[63843,9,59,[[63844,0],[63842,0],[63587,0],[64099,0],]]
[63844,14,59,[[63843,0],[63845,0],[63588,0],[63589,0],[64100,0],]]
[63845,15,59,[[63846,0],[63844,0],[63589,0],[64101,0],]]
[63846,14,59,[[63845,0],[63847,0],[63590,0],[63591,0],[64102,0],]]
[63847,17,59,[[63848,0],[63846,0],[63591,0],[64103,0],]]
[63848,18,59,[[63847,0],[63849,0],[63592,0],[63593,0],[64104,0],]]
[63849,17,59,[[63850,0],[63848,0],[63593,0],[64105,0],]]
[63850,12,59,[[63849,0],[63851,0],[63594,0],[63595,0],[64106,0],]]
[63851,2,59,[[63852,0],[63850,0],[63595,0],[64107,0],]]
[63852,11,59,[[63851,0],[63853,0],[63596,0],[63597,0],[64108,0],]]
[63853,17,59,[[63854,0],[63852,0],[63597,0],[64109,0],]]
[63854,19,59,[[63853,0],[63855,0],[63598,0],[63599,0],[64110,0],]]
[63855,5,59,[[63856,0],[63854,0],[63599,0],[64111,0],]]
[63856,10,59,[[63855,0],[63857,0],[63600,0],[63601,0],[64112,0],]]
[63857,1,59,[[63858,0],[63856,0],[63601,0],[64113,0],]]
[63858,11,59,[[63857,0],[63859,0],[63602,0],[63603,0],[64114,0],]]
[63859,2,59,[[63860,0],[63858,0],[63603,0],[64115,0],]]
[63860,3,59,[[63859,0],[63861,0],[63604,0],[63605,0],[64116,0],]]
[63861,7,59,[[63862,0],[63860,0],[63605,0],[64117,0],]]
[63862,13,59,[[63861,0],[63863,0],[63606,0],[63607,0],[64118,0],]]
[63863,7,59,[[63864,0],[63862,0],[63607,0],[64119,0],]]
[63864,12,59,[[63863,0],[63865,0],[63608,0],[63609,0],[64120,0],]]
[63865,13,59,[[63866,0],[63864,0],[63609,0],[64121,0],]]
[63866,6,59,[[63865,0],[63867,0],[63610,0],[63611,0],[64122,0],]]
[63867,1,59,[[63868,0],[63866,0],[63611,0],[64123,0],]]
[63868,13,59,[[63867,0],[63869,0],[63612,0],[63613,0],[64124,0],]]
[63869,1,59,[[63870,0],[63868,0],[63613,0],[64125,0],]]
[63870,12,59,[[63869,0],[63871,0],[63614,0],[63615,0],[64126,0],]]
[63871,17,59,[[63872,0],[63870,0],[63615,0],[64127,0],]]
[63872,16,60,[[63871,0],[63873,0],[63616,0],[63617,0],[64128,0],]]
[63873,7,60,[[63874,0],[63872,0],[63617,0],[64129,0],]]
[63874,17,60,[[63873,0],[63875,0],[63618,0],[63619,0],[64130,0],]]
[63875,5,60,[[63876,0],[63874,0],[63619,0],[64131,0],]]
[63876,3,60,[[63875,0],[63877,0],[63620,0],[63621,0],[64132,0],]]
[63877,2,60,[[63878,0],[63876,0],[63621,0],[64133,0],]]
[63878,19,60,[[63877,0],[63879,0],[63622,0],[63623,0],[64134,0],]]
[63879,2,60,[[63880,0],[63878,0],[63623,0],[64135,0],]]
[63880,18,60,[[63879,0],[63881,0],[63624,0],[63625,0],[64136,0],]]
[63881,8,60,[[63882,0],[63880,0],[63625,0],[64137,0],]]
[63882,6,60,[[63881,0],[63883,0],[63626,0],[63627,0],[64138,0],]]
[63883,12,60,[[63884,0],[63882,0],[63627,0],[64139,0],]]
[63884,4,60,[[63883,0],[63885,0],[63628,0],[63629,0],[64140,0],]]
[63885,7,60,[[63886,0],[63884,0],[63629,0],[64141,0],]]
[63886,16,60,[[63885,0],[63887,0],[63630,0],[63631,0],[64142,0],]]
[63887,6,60,[[63888,0],[63886,0],[63631,0],[64143,0],]]
[63888,15,60,[[63887,0],[63889,0],[63632,0],[63633,0],[64144,0],]]
[63889,13,60,[[63890,0],[63888,0],[63633,0],[64145,0],]]
[63890,3,60,[[63889,0],[63891,0],[63634,0],[63635,0],[64146,0],]]
[63891,16,60,[[63892,0],[63890,0],[63635,0],[64147,0],]]
[63892,9,60,[[63891,0],[63893,0],[63636,0],[63637,0],[64148,0],]]
[63893,17,60,[[63894,0],[63892,0],[63637,0],[64149,0],]]
[63894,4,60,[[63893,0],[63895,0],[63638,0],[63639,0],[64150,0],]]
[63895,3,60,[[63896,0],[63894,0],[63639,0],[64151,0],]]
[63896,4,60,[[63895,0],[63897,0],[63640,0],[63641,0],[64152,0],]]
[63897,14,60,[[63898,0],[63896,0],[63641,0],[64153,0],]]
[63898,6,60,[[63897,0],[63899,0],[63642,0],[63643,0],[64154,0],]]
[63899,16,60,[[63900,0],[63898,0],[63643,0],[64155,0],]]
[63900,10,60,[[63899,0],[63901,0],[63644,0],[63645,0],[64156,0],]]
[63901,10,60,[[63902,0],[63900,0],[63645,0],[64157,0],]]
[63902,9,60,[[63901,0],[63903,0],[63646,0],[63647,0],[64158,0],]]
[63903,13,60,[[63904,0],[63902,0],[63647,0],[64159,0],]]
[63904,17,61,[[63903,0],[63905,0],[63648,0],[63649,0],[64160,0],]]
[63905,17,61,[[63906,0],[63904,0],[63649,0],[64161,0],]]
[63906,12,61,[[63905,0],[63907,0],[63650,0],[63651,0],[64162,0],]]
[63907,15,61,[[63908,0],[63906,0],[63651,0],[64163,0],]]
[63908,5,61,[[63907,0],[63909,0],[63652,0],[63653,0],[64164,0],]]
[63909,8,61,[[63910,0],[63908,0],[63653,0],[64165,0],]]
[63910,8,61,[[63909,0],[63911,0],[63654,0],[63655,0],[64166,0],]]
[63911,9,61,[[63912,0],[63910,0],[63655,0],[64167,0],]]
[63912,17,61,[[63911,0],[63913,0],[63656,0],[63657,0],[64168,0],]]
[63913,5,61,[[63914,0],[63912,0],[63657,0],[64169,0],]]
[63914,11,61,[[63913,0],[63915,0],[63658,0],[63659,0],[64170,0],]]
[63915,3,61,[[63916,0],[63914,0],[63659,0],[64171,0],]]
[63916,7,61,[[63915,0],[63917,0],[63660,0],[63661,0],[64172,0],]]
[63917,10,61,[[63918,0],[63916,0],[63661,0],[64173,0],]]
[63918,2,61,[[63917,0],[63919,0],[63662,0],[63663,0],[64174,0],]]
[63919,8,61,[[63920,0],[63918,0],[63663,0],[64175,0],]]
[63920,14,61,[[63919,0],[63921,0],[63664,0],[63665,0],[64176,0],]]
[63921,7,61,[[63922,0],[63920,0],[63665,0],[64177,0],]]
[63922,5,61,[[63921,0],[63923,0],[63666,0],[63667,0],[64178,0],]]
[63923,6,61,[[63924,0],[63922,0],[63667,0],[64179,0],]]
[63924,18,61,[[63923,0],[63925,0],[63668,0],[63669,0],[64180,0],]]
[63925,8,61,[[63926,0],[63924,0],[63669,0],[64181,0],]]
[63926,16,61,[[63925,0],[63927,0],[63670,0],[63671,0],[64182,0],]]
[63927,17,61,[[63928,0],[63926,0],[63671,0],[64183,0],]]
[63928,10,61,[[63927,0],[63929,0],[63672,0],[63673,0],[64184,0],]]
[63929,14,61,[[63930,0],[63928,0],[63673,0],[64185,0],]]
[63930,5,61,[[63929,0],[63931,0],[63674,0],[63675,0],[64186,0],]]
[63931,19,61,[[63932,0],[63930,0],[63675,0],[64187,0],]]
[63932,6,61,[[63931,0],[63933,0],[63676,0],[63677,0],[64188,0],]]
[63933,4,61,[[63934,0],[63932,0],[63677,0],[64189,0],]]
[63934,16,61,[[63933,0],[63935,0],[63678,0],[63679,0],[64190,0],]]
[63935,15,61,[[63936,0],[63934,0],[63679,0],[64191,0],]]
[63936,10,62,[[63935,0],[63937,0],[63680,0],[63681,0],[64192,0],]]
[63937,17,62,[[63938,0],[63936,0],[63681,0],[64193,0],]]
[63938,15,62,[[63937,0],[63939,0],[63682,0],[63683,0],[64194,0],]]
[63939,17,62,[[63940,0],[63938,0],[63683,0],[64195,0],]]
[63940,9,62,[[63939,0],[63941,0],[63684,0],[63685,0],[64196,0],]]
[63941,19,62,[[63942,0],[63940,0],[63685,0],[64197,0],]]
[63942,2,62,[[63941,0],[63943,0],[63686,0],[63687,0],[64198,0],]]
[63943,8,62,[[63944,0],[63942,0],[63687,0],[64199,0],]]
[63944,17,62,[[63943,0],[63945,0],[63688,0],[63689,0],[64200,0],]]
[63945,13,62,[[63946,0],[63944,0],[63689,0],[64201,0],]]
[63946,10,62,[[63945,0],[63947,0],[63690,0],[63691,0],[64202,0],]]
[63947,12,62,[[63948,0],[63946,0],[63691,0],[64203,0],]]
[63948,4,62,[[63947,0],[63949,0],[63692,0],[63693,0],[64204,0],]]
[63949,3,62,[[63950,0],[63948,0],[63693,0],[64205,0],]]
[63950,9,62,[[63949,0],[63951,0],[63694,0],[63695,0],[64206,0],]]
[63951,8,62,[[63952,0],[63950,0],[63695,0],[64207,0],]]
[63952,14,62,[[63951,0],[63953,0],[63696,0],[63697,0],[64208,0],]]
[63953,15,62,[[63954,0],[63952,0],[63697,0],[64209,0],]]
[63954,18,62,[[63953,0],[63955,0],[63698,0],[63699,0],[64210,0],]]
[63955,18,62,[[63956,0],[63954,0],[63699,0],[64211,0],]]
[63956,19,62,[[63955,0],[63957,0],[63700,0],[63701,0],[64212,0],]]
[63957,6,62,[[63958,0],[63956,0],[63701,0],[64213,0],]]
[63958,14,62,[[63957,0],[63959,0],[63702,0],[63703,0],[64214,0],]]
[63959,4,62,[[63960,0],[63958,0],[63703,0],[64215,0],]]
[63960,6,62,[[63959,0],[63961,0],[63704,0],[63705,0],[64216,0],]]
[63961,2,62,[[63962,0],[63960,0],[63705,0],[64217,0],]]
[63962,11,62,[[63961,0],[63963,0],[63706,0],[63707,0],[64218,0],]]
[63963,3,62,[[63964,0],[63962,0],[63707,0],[64219,0],]]
[63964,12,62,[[63963,0],[63965,0],[63708,0],[63709,0],[64220,0],]]
[63965,6,62,[[63966,0],[63964,0],[63709,0],[64221,0],]]
[63966,2,62,[[63965,0],[63967,0],[63710,0],[63711,0],[64222,0],]]
[63967,11,62,[[63968,0],[63966,0],[63711,0],[64223,0],]]
[63968,1,63,[[63967,0],[63969,0],[63712,0],[63713,0],[64224,0],]]
[63969,13,63,[[63970,0],[63968,0],[63713,0],[64225,0],]]
[63970,7,63,[[63969,0],[63971,0],[63714,0],[63715,0],[64226,0],]]
[63971,14,63,[[63972,0],[63970,0],[63715,0],[64227,0],]]
[63972,2,63,[[63971,0],[63973,0],[63716,0],[63717,0],[64228,0],]]
[63973,18,63,[[63974,0],[63972,0],[63717,0],[64229,0],]]
[63974,7,63,[[63973,0],[63975,0],[63718,0],[63719,0],[64230,0],]]
[63975,19,63,[[63976,0],[63974,0],[63719,0],[64231,0],]]
[63976,15,63,[[63975,0],[63977,0],[63720,0],[63721,0],[64232,0],]]
[63977,12,63,[[63978,0],[63976,0],[63721,0],[64233,0],]]
[63978,18,63,[[63977,0],[63979,0],[63722,0],[63723,0],[64234,0],]]
[63979,1,63,[[63980,0],[63978,0],[63723,0],[64235,0],]]
[63980,11,63,[[63979,0],[63981,0],[63724,0],[63725,0],[64236,0],]]
[63981,5,63,[[63982,0],[63980,0],[63725,0],[64237,0],]]
[63982,3,63,[[63981,0],[63983,0],[63726,0],[63727,0],[64238,0],]]
[63983,5,63,[[63984,0],[63982,0],[63727,0],[64239,0],]]
[63984,14,63,[[63983,0],[63985,0],[63728,0],[63729,0],[64240,0],]]
[63985,12,63,[[63986,0],[63984,0],[63729,0],[64241,0],]]
[63986,12,63,[[63985,0],[63987,0],[63730,0],[63731,0],[64242,0],]]
[63987,6,63,[[63988,0],[63986,0],[63731,0],[64243,0],]]
[63988,5,63,[[63987,0],[63989,0],[63732,0],[63733,0],[64244,0],]]
[63989,9,63,[[63990,0],[63988,0],[63733,0],[64245,0],]]
[63990,7,63,[[63989,0],[63991,0],[63734,0],[63735,0],[64246,0],]]
[63991,19,63,[[63992,0],[63990,0],[63735,0],[64247,0],]]
[63992,9,63,[[63991,0],[63993,0],[63736,0],[63737,0],[64248,0],]]
[63993,16,63,[[63994,0],[63992,0],[63737,0],[64249,0],]]
[63994,19,63,[[63993,0],[63995,0],[63738,0],[63739,0],[64250,0],]]
[63995,8,63,[[63996,0],[63994,0],[63739,0],[64251,0],]]
[63996,8,63,[[63995,0],[63997,0],[63740,0],[63741,0],[64252,0],]]
[63997,16,63,[[63998,0],[63996,0],[63741,0],[64253,0],]]
[63998,1,63,[[63997,0],[63999,0],[63742,0],[63743,0],[64254,0],]]
[63999,2,63,[[63998,0],[63743,0],[64255,0],]]
[64000,13,56,[[64001,0],[64256,0],[63744,0],]]
[64001,13,56,[[64002,0],[64000,0],[64257,0],[64256,0],[63745,0],]]
[64002,17,56,[[64001,0],[64003,0],[64258,0],[63746,0],]]
[64003,13,56,[[64004,0],[64002,0],[64259,0],[64258,0],[63747,0],]]
[64004,12,56,[[64003,0],[64005,0],[64260,0],[63748,0],]]
[64005,7,56,[[64006,0],[64004,0],[64261,0],[64260,0],[63749,0],]]
[64006,12,56,[[64005,0],[64007,0],[64262,0],[63750,0],]]
[64007,8,56,[[64008,0],[64006,0],[64263,0],[64262,0],[63751,0],]]
[64008,18,56,[[64007,0],[64009,0],[64264,0],[63752,0],]]
[64009,2,56,[[64010,0],[64008,0],[64265,0],[64264,0],[63753,0],]]
[64010,6,56,[[64009,0],[64011,0],[64266,0],[63754,0],]]
[64011,18,56,[[64012,0],[64010,0],[64267,0],[64266,0],[63755,0],]]
[64012,6,56,[[64011,0],[64013,0],[64268,0],[63756,0],]]
[64013,5,56,[[64014,0],[64012,0],[64269,0],[64268,0],[63757,0],]]
[64014,9,56,[[64013,0],[64015,0],[64270,0],[63758,0],]]
[64015,10,56,[[64016,0],[64014,0],[64271,0],[64270,0],[63759,0],]]
[64016,18,56,[[64015,0],[64017,0],[64272,0],[63760,0],]]
[64017,11,56,[[64018,0],[64016,0],[64273,0],[64272,0],[63761,0],]]
[64018,19,56,[[64017,0],[64019,0],[64274,0],[63762,0],]]
[64019,11,56,[[64020,0],[64018,0],[64275,0],[64274,0],[63763,0],]]
[64020,15,56,[[64019,0],[64021,0],[64276,0],[63764,0],]]
[64021,10,56,[[64022,0],[64020,0],[64277,0],[64276,0],[63765,0],]]
[64022,4,56,[[64021,0],[64023,0],[64278,0],[63766,0],]]
[64023,5,56,[[64024,0],[64022,0],[64279,0],[64278,0],[63767,0],]]
[64024,4,56,[[64023,0],[64025,0],[64280,0],[63768,0],]]
[64025,4,56,[[64026,0],[64024,0],[64281,0],[64280,0],[63769,0],]]
[64026,9,56,[[64025,0],[64027,0],[64282,0],[63770,0],]]
[64027,18,56,[[64028,0],[64026,0],[64283,0],[64282,0],[63771,0],]]
[64028,10,56,[[64027,0],[64029,0],[64284,0],[63772,0],]]
[64029,7,56,[[64030,0],[64028,0],[64285,0],[64284,0],[63773,0],]]
[64030,3,56,[[64029,0],[64031,0],[64286,0],[63774,0],]]
[64031,15,56,[[64032,0],[64030,0],[64287,0],[64286,0],[63775,0],]]
[64032,17,57,[[64031,0],[64033,0],[64288,0],[63776,0],]]
[64033,14,57,[[64034,0],[64032,0],[64289,0],[64288,0],[63777,0],]]
[64034,12,57,[[64033,0],[64035,0],[64290,0],[63778,0],]]
[64035,14,57,[[64036,0],[64034,0],[64291,0],[64290,0],[63779,0],]]
[64036,1,57,[[64035,0],[64037,0],[64292,0],[63780,0],]]
[64037,4,57,[[64038,0],[64036,0],[64293,0],[64292,0],[63781,0],]]
[64038,18,57,[[64037,0],[64039,0],[64294,0],[63782,0],]]
[64039,7,57,[[64040,0],[64038,0],[64295,0],[64294,0],[63783,0],]]
[64040,17,57,[[64039,0],[64041,0],[64296,0],[63784,0],]]
[64041,1,57,[[64042,0],[64040,0],[64297,0],[64296,0],[63785,0],]]
[64042,5,57,[[64041,0],[64043,0],[64298,0],[63786,0],]]
[64043,8,57,[[64044,0],[64042,0],[64299,0],[64298,0],[63787,0],]]
[64044,18,57,[[64043,0],[64045,0],[64300,0],[63788,0],]]
[64045,14,57,[[64046,0],[64044,0],[64301,0],[64300,0],[63789,0],]]
[64046,12,57,[[64045,0],[64047,0],[64302,0],[63790,0],]]
[64047,8,57,[[64048,0],[64046,0],[64303,0],[64302,0],[63791,0],]]
[64048,8,57,[[64047,0],[64049,0],[64304,0],[63792,0],]]
[64049,5,57,[[64050,0],[64048,0],[64305,0],[64304,0],[63793,0],]]
[64050,8,57,[[64049,0],[64051,0],[64306,0],[63794,0],]]
[64051,2,57,[[64052,0],[64050,0],[64307,0],[64306,0],[63795,0],]]
[64052,9,57,[[64051,0],[64053,0],[64308,0],[63796,0],]]
[64053,7,57,[[64054,0],[64052,0],[64309,0],[64308,0],[63797,0],]]
[64054,3,57,[[64053,0],[64055,0],[64310,0],[63798,0],]]
[64055,13,57,[[64056,0],[64054,0],[64311,0],[64310,0],[63799,0],]]
[64056,19,57,[[64055,0],[64057,0],[64312,0],[63800,0],]]
[64057,7,57,[[64058,0],[64056,0],[64313,0],[64312,0],[63801,0],]]
[64058,16,57,[[64057,0],[64059,0],[64314,0],[63802,0],]]
[64059,14,57,[[64060,0],[64058,0],[64315,0],[64314,0],[63803,0],]]
[64060,12,57,[[64059,0],[64061,0],[64316,0],[63804,0],]]
[64061,19,57,[[64062,0],[64060,0],[64317,0],[64316,0],[63805,0],]]
[64062,10,57,[[64061,0],[64063,0],[64318,0],[63806,0],]]
[64063,17,57,[[64064,0],[64062,0],[64319,0],[64318,0],[63807,0],]]
[64064,9,58,[[64063,0],[64065,0],[64320,0],[63808,0],]]
[64065,5,58,[[64066,0],[64064,0],[64321,0],[64320,0],[63809,0],]]
[64066,1,58,[[64065,0],[64067,0],[64322,0],[63810,0],]]
[64067,2,58,[[64068,0],[64066,0],[64323,0],[64322,0],[63811,0],]]
[64068,17,58,[[64067,0],[64069,0],[64324,0],[63812,0],]]
[64069,10,58,[[64070,0],[64068,0],[64325,0],[64324,0],[63813,0],]]
[64070,13,58,[[64069,0],[64071,0],[64326,0],[63814,0],]]
[64071,3,58,[[64072,0],[64070,0],[64327,0],[64326,0],[63815,0],]]
[64072,16,58,[[64071,0],[64073,0],[64328,0],[63816,0],]]
[64073,3,58,[[64074,0],[64072,0],[64329,0],[64328,0],[63817,0],]]
[64074,11,58,[[64073,0],[64075,0],[64330,0],[63818,0],]]
[64075,2,58,[[64076,0],[64074,0],[64331,0],[64330,0],[63819,0],]]
[64076,14,58,[[64075,0],[64077,0],[64332,0],[63820,0],]]
[64077,14,58,[[64078,0],[64076,0],[64333,0],[64332,0],[63821,0],]]
[64078,16,58,[[64077,0],[64079,0],[64334,0],[63822,0],]]
[64079,18,58,[[64080,0],[64078,0],[64335,0],[64334,0],[63823,0],]]
[64080,10,58,[[64079,0],[64081,0],[64336,0],[63824,0],]]
[64081,10,58,[[64082,0],[64080,0],[64337,0],[64336,0],[63825,0],]]
[64082,13,58,[[64081,0],[64083,0],[64338,0],[63826,0],]]
[64083,17,58,[[64084,0],[64082,0],[64339,0],[64338,0],[63827,0],]]
[64084,1,58,[[64083,0],[64085,0],[64340,0],[63828,0],]]
[64085,3,58,[[64086,0],[64084,0],[64341,0],[64340,0],[63829,0],]]
[64086,4,58,[[64085,0],[64087,0],[64342,0],[63830,0],]]
[64087,15,58,[[64088,0],[64086,0],[64343,0],[64342,0],[63831,0],]]
[64088,4,58,[[64087,0],[64089,0],[64344,0],[63832,0],]]
[64089,4,58,[[64090,0],[64088,0],[64345,0],[64344,0],[63833,0],]]
[64090,17,58,[[64089,0],[64091,0],[64346,0],[63834,0],]]
[64091,17,58,[[64092,0],[64090,0],[64347,0],[64346,0],[63835,0],]]
[64092,8,58,[[64091,0],[64093,0],[64348,0],[63836,0],]]
[64093,18,58,[[64094,0],[64092,0],[64349,0],[64348,0],[63837,0],]]
[64094,13,58,[[64093,0],[64095,0],[64350,0],[63838,0],]]
[64095,14,58,[[64096,0],[64094,0],[64351,0],[64350,0],[63839,0],]]
[64096,19,59,[[64095,0],[64097,0],[64352,0],[63840,0],]]
[64097,10,59,[[64098,0],[64096,0],[64353,0],[64352,0],[63841,0],]]
[64098,16,59,[[64097,0],[64099,0],[64354,0],[63842,0],]]
[64099,4,59,[[64100,0],[64098,0],[64355,0],[64354,0],[63843,0],]]
[64100,14,59,[[64099,0],[64101,0],[64356,0],[63844,0],]]
[64101,3,59,[[64102,0],[64100,0],[64357,0],[64356,0],[63845,0],]]
[64102,4,59,[[64101,0],[64103,0],[64358,0],[63846,0],]]
[64103,18,59,[[64104,0],[64102,0],[64359,0],[64358,0],[63847,0],]]
[64104,6,59,[[64103,0],[64105,0],[64360,0],[63848,0],]]
[64105,19,59,[[64106,0],[64104,0],[64361,0],[64360,0],[63849,0],]]
[64106,18,59,[[64105,0],[64107,0],[64362,0],[63850,0],]]
[64107,14,59,[[64108,0],[64106,0],[64363,0],[64362,0],[63851,0],]]
[64108,15,59,[[64107,0],[64109,0],[64364,0],[63852,0],]]
[64109,15,59,[[64110,0],[64108,0],[64365,0],[64364,0],[63853,0],]]
[64110,19,59,[[64109,0],[64111,0],[64366,0],[63854,0],]]
[64111,18,59,[[64112,0],[64110,0],[64367,0],[64366,0],[63855,0],]]
[64112,18,59,[[64111,0],[64113,0],[64368,0],[63856,0],]]
[64113,9,59,[[64114,0],[64112,0],[64369,0],[64368,0],[63857,0],]]
[64114,4,59,[[64113,0],[64115,0],[64370,0],[63858,0],]]
[64115,12,59,[[64116,0],[64114,0],[64371,0],[64370,0],[63859,0],]]
[64116,15,59,[[64115,0],[64117,0],[64372,0],[63860,0],]]
[64117,2,59,[[64118,0],[64116,0],[64373,0],[64372,0],[63861,0],]]
[64118,15,59,[[64117,0],[64119,0],[64374,0],[63862,0],]]
[64119,7,59,[[64120,0],[64118,0],[64375,0],[64374,0],[63863,0],]]
[64120,3,59,[[64119,0],[64121,0],[64376,0],[63864,0],]]
[64121,14,59,[[64122,0],[64120,0],[64377,0],[64376,0],[63865,0],]]
[64122,18,59,[[64121,0],[64123,0],[64378,0],[63866,0],]]
[64123,17,59,[[64124,0],[64122,0],[64379,0],[64378,0],[63867,0],]]
[64124,5,59,[[64123,0],[64125,0],[64380,0],[63868,0],]]
[64125,18,59,[[64126,0],[64124,0],[64381,0],[64380,0],[63869,0],]]
[64126,8,59,[[64125,0],[64127,0],[64382,0],[63870,0],]]
[64127,11,59,[[64128,0],[64126,0],[64383,0],[64382,0],[63871,0],]]
[64128,1,60,[[64127,0],[64129,0],[64384,0],[63872,0],]]
[64129,14,60,[[64130,0],[64128,0],[64385,0],[64384,0],[63873,0],]]
[64130,6,60,[[64129,0],[64131,0],[64386,0],[63874,0],]]
[64131,4,60,[[64132,0],[64130,0],[64387,0],[64386,0],[63875,0],]]
[64132,3,60,[[64131,0],[64133,0],[64388,0],[63876,0],]]
[64133,17,60,[[64134,0],[64132,0],[64389,0],[64388,0],[63877,0],]]
[64134,4,60,[[64133,0],[64135,0],[64390,0],[63878,0],]]
[64135,19,60,[[64136,0],[64134,0],[64391,0],[64390,0],[63879,0],]]
[64136,2,60,[[64135,0],[64137,0],[64392,0],[63880,0],]]
[64137,11,60,[[64138,0],[64136,0],[64393,0],[64392,0],[63881,0],]]
[64138,9,60,[[64137,0],[64139,0],[64394,0],[63882,0],]]
[64139,15,60,[[64140,0],[64138,0],[64395,0],[64394,0],[63883,0],]]
[64140,10,60,[[64139,0],[64141,0],[64396,0],[63884,0],]]
[64141,3,60,[[64142,0],[64140,0],[64397,0],[64396,0],[63885,0],]]
[64142,12,60,[[64141,0],[64143,0],[64398,0],[63886,0],]]
[64143,6,60,[[64144,0],[64142,0],[64399,0],[64398,0],[63887,0],]]
[64144,14,60,[[64143,0],[64145,0],[64400,0],[63888,0],]]
[64145,2,60,[[64146,0],[64144,0],[64401,0],[64400,0],[63889,0],]]
[64146,15,60,[[64145,0],[64147,0],[64402,0],[63890,0],]]
[64147,8,60,[[64148,0],[64146,0],[64403,0],[64402,0],[63891,0],]]
[64148,6,60,[[64147,0],[64149,0],[64404,0],[63892,0],]]
[64149,12,60,[[64150,0],[64148,0],[64405,0],[64404,0],[63893,0],]]
[64150,9,60,[[64149,0],[64151,0],[64406,0],[63894,0],]]
[64151,19,60,[[64152,0],[64150,0],[64407,0],[64406,0],[63895,0],]]
[64152,9,60,[[64151,0],[64153,0],[64408,0],[63896,0],]]
[64153,7,60,[[64154,0],[64152,0],[64409,0],[64408,0],[63897,0],]]
[64154,7,60,[[64153,0],[64155,0],[64410,0],[63898,0],]]
[64155,2,60,[[64156,0],[64154,0],[64411,0],[64410,0],[63899,0],]]
[64156,10,60,[[64155,0],[64157,0],[64412,0],[63900,0],]]
[64157,13,60,[[64158,0],[64156,0],[64413,0],[64412,0],[63901,0],]]
[64158,9,60,[[64157,0],[64159,0],[64414,0],[63902,0],]]
[64159,10,60,[[64160,0],[64158,0],[64415,0],[64414,0],[63903,0],]]
[64160,18,61,[[64159,0],[64161,0],[64416,0],[63904,0],]]
[64161,19,61,[[64162,0],[64160,0],[64417,0],[64416,0],[63905,0],]]
[64162,14,61,[[64161,0],[64163,0],[64418,0],[63906,0],]]
[64163,11,61,[[64164,0],[64162,0],[64419,0],[64418,0],[63907,0],]]
[64164,15,61,[[64163,0],[64165,0],[64420,0],[63908,0],]]
[64165,10,61,[[64166,0],[64164,0],[64421,0],[64420,0],[63909,0],]]
[64166,16,61,[[64165,0],[64167,0],[64422,0],[63910,0],]]
[64167,6,61,[[64168,0],[64166,0],[64423,0],[64422,0],[63911,0],]]
[64168,16,61,[[64167,0],[64169,0],[64424,0],[63912,0],]]
[64169,4,61,[[64170,0],[64168,0],[64425,0],[64424,0],[63913,0],]]
[64170,13,61,[[64169,0],[64171,0],[64426,0],[63914,0],]]
[64171,8,61,[[64172,0],[64170,0],[64427,0],[64426,0],[63915,0],]]
[64172,5,61,[[64171,0],[64173,0],[64428,0],[63916,0],]]
[64173,4,61,[[64174,0],[64172,0],[64429,0],[64428,0],[63917,0],]]
[64174,2,61,[[64173,0],[64175,0],[64430,0],[63918,0],]]
[64175,9,61,[[64176,0],[64174,0],[64431,0],[64430,0],[63919,0],]]
[64176,19,61,[[64175,0],[64177,0],[64432,0],[63920,0],]]
[64177,13,61,[[64178,0],[64176,0],[64433,0],[64432,0],[63921,0],]]
[64178,15,61,[[64177,0],[64179,0],[64434,0],[63922,0],]]
[64179,17,61,[[64180,0],[64178,0],[64435,0],[64434,0],[63923,0],]]
[64180,18,61,[[64179,0],[64181,0],[64436,0],[63924,0],]]
[64181,3,61,[[64182,0],[64180,0],[64437,0],[64436,0],[63925,0],]]
[64182,1,61,[[64181,0],[64183,0],[64438,0],[63926,0],]]
[64183,4,61,[[64184,0],[64182,0],[64439,0],[64438,0],[63927,0],]]
[64184,3,61,[[64183,0],[64185,0],[64440,0],[63928,0],]]
[64185,7,61,[[64186,0],[64184,0],[64441,0],[64440,0],[63929,0],]]
[64186,2,61,[[64185,0],[64187,0],[64442,0],[63930,0],]]
[64187,1,61,[[64188,0],[64186,0],[64443,0],[64442,0],[63931,0],]]
[64188,15,61,[[64187,0],[64189,0],[64444,0],[63932,0],]]
[64189,10,61,[[64190,0],[64188,0],[64445,0],[64444,0],[63933,0],]]
[64190,19,61,[[64189,0],[64191,0],[64446,0],[63934,0],]]
[64191,8,61,[[64192,0],[64190,0],[64447,0],[64446,0],[63935,0],]]
[64192,19,62,[[64191,0],[64193,0],[64448,0],[63936,0],]]
[64193,16,62,[[64194,0],[64192,0],[64449,0],[64448,0],[63937,0],]]
[64194,6,62,[[64193,0],[64195,0],[64450,0],[63938,0],]]
[64195,1,62,[[64196,0],[64194,0],[64451,0],[64450,0],[63939,0],]]
[64196,9,62,[[64195,0],[64197,0],[64452,0],[63940,0],]]
[64197,3,62,[[64198,0],[64196,0],[64453,0],[64452,0],[63941,0],]]
[64198,19,62,[[64197,0],[64199,0],[64454,0],[63942,0],]]
[64199,2,62,[[64200,0],[64198,0],[64455,0],[64454,0],[63943,0],]]
[64200,18,62,[[64199,0],[64201,0],[64456,0],[63944,0],]]
[64201,10,62,[[64202,0],[64200,0],[64457,0],[64456,0],[63945,0],]]
[64202,4,62,[[64201,0],[64203,0],[64458,0],[63946,0],]]
[64203,7,62,[[64204,0],[64202,0],[64459,0],[64458,0],[63947,0],]]
[64204,19,62,[[64203,0],[64205,0],[64460,0],[63948,0],]]
[64205,17,62,[[64206,0],[64204,0],[64461,0],[64460,0],[63949,0],]]
[64206,15,62,[[64205,0],[64207,0],[64462,0],[63950,0],]]
[64207,16,62,[[64208,0],[64206,0],[64463,0],[64462,0],[63951,0],]]
[64208,2,62,[[64207,0],[64209,0],[64464,0],[63952,0],]]
[64209,6,62,[[64210,0],[64208,0],[64465,0],[64464,0],[63953,0],]]
[64210,12,62,[[64209,0],[64211,0],[64466,0],[63954,0],]]
[64211,2,62,[[64212,0],[64210,0],[64467,0],[64466,0],[63955,0],]]
[64212,9,62,[[64211,0],[64213,0],[64468,0],[63956,0],]]
[64213,6,62,[[64214,0],[64212,0],[64469,0],[64468,0],[63957,0],]]
[64214,4,62,[[64213,0],[64215,0],[64470,0],[63958,0],]]
[64215,2,62,[[64216,0],[64214,0],[64471,0],[64470,0],[63959,0],]]
[64216,17,62,[[64215,0],[64217,0],[64472,0],[63960,0],]]
[64217,9,62,[[64218,0],[64216,0],[64473,0],[64472,0],[63961,0],]]
[64218,5,62,[[64217,0],[64219,0],[64474,0],[63962,0],]]
[64219,10,62,[[64220,0],[64218,0],[64475,0],[64474,0],[63963,0],]]
[64220,15,62,[[64219,0],[64221,0],[64476,0],[63964,0],]]
[64221,9,62,[[64222,0],[64220,0],[64477,0],[64476,0],[63965,0],]]
[64222,7,62,[[64221,0],[64223,0],[64478,0],[63966,0],]]
[64223,8,62,[[64224,0],[64222,0],[64479,0],[64478,0],[63967,0],]]
[64224,13,63,[[64223,0],[64225,0],[64480,0],[63968,0],]]
