[5898,4,0,[[5897,0],[5899,0],[5642,0],[5643,0],[6154,0],]]
[5899,10,0,[[5900,0],[5898,0],[5643,0],[6155,0],]]
[5900,5,0,[[5899,0],[5901,0],[5644,0],[5645,0],[6156,0],]]
[5901,11,0,[[5902,0],[5900,0],[5645,0],[6157,0],]]
[5902,8,0,[[5901,0],[5903,0],[5646,0],[5647,0],[6158,0],]]
[5903,8,0,[[5904,0],[5902,0],[5647,0],[6159,0],]]
[5904,13,0,[[5903,0],[5905,0],[5648,0],[5649,0],[6160,0],]]
[5905,15,0,[[5906,0],[5904,0],[5649,0],[6161,0],]]
[5906,5,0,[[5905,0],[5907,0],[5650,0],[5651,0],[6162,0],]]
[5907,5,0,[[5908,0],[5906,0],[5651,0],[6163,0],]]
[5908,1,0,[[5907,0],[5909,0],[5652,0],[5653,0],[6164,0],]]
[5909,4,0,[[5910,0],[5908,0],[5653,0],[6165,0],]]
[5910,12,0,[[5909,0],[5911,0],[5654,0],[5655,0],[6166,0],]]
[5911,18,0,[[5912,0],[5910,0],[5655,0],[6167,0],]]
[5912,2,0,[[5911,0],[5913,0],[5656,0],[5657,0],[6168,0],]]
[5913,13,0,[[5914,0],[5912,0],[5657,0],[6169,0],]]
[5914,5,0,[[5913,0],[5915,0],[5658,0],[5659,0],[6170,0],]]
[5915,7,0,[[5916,0],[5914,0],[5659,0],[6171,0],]]
[5916,12,0,[[5915,0],[5917,0],[5660,0],[5661,0],[6172,0],]]
[5917,7,0,[[5918,0],[5916,0],[5661,0],[6173,0],]]
[5918,13,0,[[5917,0],[5919,0],[5662,0],[5663,0],[6174,0],]]
[5919,15,0,[[5920,0],[5918,0],[5663,0],[6175,0],]]
[5920,16,1,[[5919,0],[5921,0],[5664,0],[5665,0],[6176,0],]]
[5921,19,1,[[5922,0],[5920,0],[5665,0],[6177,0],]]
[5922,8,1,[[5921,0],[5923,0],[5666,0],[5667,0],[6178,0],]]
[5923,14,1,[[5924,0],[5922,0],[5667,0],[6179,0],]]
[5924,17,1,[[5923,0],[5925,0],[5668,0],[5669,0],[6180,0],]]
[5925,8,1,[[5926,0],[5924,0],[5669,0],[6181,0],]]
[5926,17,1,[[5925,0],[5927,0],[5670,0],[5671,0],[6182,0],]]
[5927,16,1,[[5928,0],[5926,0],[5671,0],[6183,0],]]
[5928,11,1,[[5927,0],[5929,0],[5672,0],[5673,0],[6184,0],]]
[5929,10,1,[[5930,0],[5928,0],[5673,0],[6185,0],]]
[5930,11,1,[[5929,0],[5931,0],[5674,0],[5675,0],[6186,0],]]
[5931,15,1,[[5932,0],[5930,0],[5675,0],[6187,0],]]
[5932,7,1,[[5931,0],[5933,0],[5676,0],[5677,0],[6188,0],]]
[5933,18,1,[[5934,0],[5932,0],[5677,0],[6189,0],]]
[5934,9,1,[[5933,0],[5935,0],[5678,0],[5679,0],[6190,0],]]
[5935,12,1,[[5936,0],[5934,0],[5679,0],[6191,0],]]
[5936,12,1,[[5935,0],[5937,0],[5680,0],[5681,0],[6192,0],]]
[5937,12,1,[[5938,0],[5936,0],[5681,0],[6193,0],]]
[5938,4,1,[[5937,0],[5939,0],[5682,0],[5683,0],[6194,0],]]
[5939,7,1,[[5940,0],[5938,0],[5683,0],[6195,0],]]
[5940,5,1,[[5939,0],[5941,0],[5684,0],[5685,0],[6196,0],]]
[5941,14,1,[[5942,0],[5940,0],[5685,0],[6197,0],]]
[5942,16,1,[[5941,0],[5943,0],[5686,0],[5687,0],[6198,0],]]
[5943,1,1,[[5944,0],[5942,0],[5687,0],[6199,0],]]
[5944,12,1,[[5943,0],[5945,0],[5688,0],[5689,0],[6200,0],]]
[5945,16,1,[[5946,0],[5944,0],[5689,0],[6201,0],]]
[5946,18,1,[[5945,0],[5947,0],[5690,0],[5691,0],[6202,0],]]
[5947,10,1,[[5948,0],[5946,0],[5691,0],[6203,0],]]
[5948,11,1,[[5947,0],[5949,0],[5692,0],[5693,0],[6204,0],]]
[5949,15,1,[[5950,0],[5948,0],[5693,0],[6205,0],]]
[5950,6,1,[[5949,0],[5951,0],[5694,0],[5695,0],[6206,0],]]
[5951,3,1,[[5952,0],[5950,0],[5695,0],[6207,0],]]
[5952,16,2,[[5951,0],[5953,0],[5696,0],[5697,0],[6208,0],]]
[5953,7,2,[[5954,0],[5952,0],[5697,0],[6209,0],]]
[5954,7,2,[[5953,0],[5955,0],[5698,0],[5699,0],[6210,0],]]
[5955,17,2,[[5956,0],[5954,0],[5699,0],[6211,0],]]
[5956,3,2,[[5955,0],[5957,0],[5700,0],[5701,0],[6212,0],]]
[5957,6,2,[[5958,0],[5956,0],[5701,0],[6213,0],]]
[5958,10,2,[[5957,0],[5959,0],[5702,0],[5703,0],[6214,0],]]
[5959,4,2,[[5960,0],[5958,0],[5703,0],[6215,0],]]
[5960,6,2,[[5959,0],[5961,0],[5704,0],[5705,0],[6216,0],]]
[5961,17,2,[[5962,0],[5960,0],[5705,0],[6217,0],]]
[5962,4,2,[[5961,0],[5963,0],[5706,0],[5707,0],[6218,0],]]
[5963,15,2,[[5964,0],[5962,0],[5707,0],[6219,0],]]
[5964,12,2,[[5963,0],[5965,0],[5708,0],[5709,0],[6220,0],]]
[5965,13,2,[[5966,0],[5964,0],[5709,0],[6221,0],]]
[5966,1,2,[[5965,0],[5967,0],[5710,0],[5711,0],[6222,0],]]
[5967,6,2,[[5968,0],[5966,0],[5711,0],[6223,0],]]
[5968,18,2,[[5967,0],[5969,0],[5712,0],[5713,0],[6224,0],]]
[5969,10,2,[[5970,0],[5968,0],[5713,0],[6225,0],]]
[5970,14,2,[[5969,0],[5971,0],[5714,0],[5715,0],[6226,0],]]
[5971,3,2,[[5972,0],[5970,0],[5715,0],[6227,0],]]
[5972,14,2,[[5971,0],[5973,0],[5716,0],[5717,0],[6228,0],]]
[5973,5,2,[[5974,0],[5972,0],[5717,0],[6229,0],]]
[5974,11,2,[[5973,0],[5975,0],[5718,0],[5719,0],[6230,0],]]
[5975,1,2,[[5976,0],[5974,0],[5719,0],[6231,0],]]
[5976,12,2,[[5975,0],[5977,0],[5720,0],[5721,0],[6232,0],]]
[5977,15,2,[[5978,0],[5976,0],[5721,0],[6233,0],]]
[5978,9,2,[[5977,0],[5979,0],[5722,0],[5723,0],[6234,0],]]
[5979,1,2,[[5980,0],[5978,0],[5723,0],[6235,0],]]
[5980,8,2,[[5979,0],[5981,0],[5724,0],[5725,0],[6236,0],]]
[5981,7,2,[[5982,0],[5980,0],[5725,0],[6237,0],]]
[5982,11,2,[[5981,0],[5983,0],[5726,0],[5727,0],[6238,0],]]
[5983,8,2,[[5984,0],[5982,0],[5727,0],[6239,0],]]
[5984,7,3,[[5983,0],[5985,0],[5728,0],[5729,0],[6240,0],]]
[5985,17,3,[[5986,0],[5984,0],[5729,0],[6241,0],]]
[5986,10,3,[[5985,0],[5987,0],[5730,0],[5731,0],[6242,0],]]
[5987,3,3,[[5988,0],[5986,0],[5731,0],[6243,0],]]
[5988,2,3,[[5987,0],[5989,0],[5732,0],[5733,0],[6244,0],]]
[5989,5,3,[[5990,0],[5988,0],[5733,0],[6245,0],]]
[5990,14,3,[[5989,0],[5991,0],[5734,0],[5735,0],[6246,0],]]
[5991,3,3,[[5992,0],[5990,0],[5735,0],[6247,0],]]
[5992,4,3,[[5991,0],[5993,0],[5736,0],[5737,0],[6248,0],]]
[5993,14,3,[[5994,0],[5992,0],[5737,0],[6249,0],]]
[5994,16,3,[[5993,0],[5995,0],[5738,0],[5739,0],[6250,0],]]
[5995,14,3,[[5996,0],[5994,0],[5739,0],[6251,0],]]
[5996,7,3,[[5995,0],[5997,0],[5740,0],[5741,0],[6252,0],]]
[5997,15,3,[[5998,0],[5996,0],[5741,0],[6253,0],]]
[5998,11,3,[[5997,0],[5999,0],[5742,0],[5743,0],[6254,0],]]
[5999,9,3,[[6000,0],[5998,0],[5743,0],[6255,0],]]
[6000,11,3,[[5999,0],[6001,0],[5744,0],[5745,0],[6256,0],]]
[6001,2,3,[[6002,0],[6000,0],[5745,0],[6257,0],]]
[6002,8,3,[[6001,0],[6003,0],[5746,0],[5747,0],[6258,0],]]
[6003,1,3,[[6004,0],[6002,0],[5747,0],[6259,0],]]
[6004,9,3,[[6003,0],[6005,0],[5748,0],[5749,0],[6260,0],]]
[6005,9,3,[[6006,0],[6004,0],[5749,0],[6261,0],]]
[6006,12,3,[[6005,0],[6007,0],[5750,0],[5751,0],[6262,0],]]
[6007,1,3,[[6008,0],[6006,0],[5751,0],[6263,0],]]
[6008,17,3,[[6007,0],[6009,0],[5752,0],[5753,0],[6264,0],]]
[6009,14,3,[[6010,0],[6008,0],[5753,0],[6265,0],]]
[6010,3,3,[[6009,0],[6011,0],[5754,0],[5755,0],[6266,0],]]
[6011,7,3,[[6012,0],[6010,0],[5755,0],[6267,0],]]
[6012,13,3,[[6011,0],[6013,0],[5756,0],[5757,0],[6268,0],]]
[6013,7,3,[[6014,0],[6012,0],[5757,0],[6269,0],]]
[6014,9,3,[[6013,0],[6015,0],[5758,0],[5759,0],[6270,0],]]
[6015,17,3,[[6016,0],[6014,0],[5759,0],[6271,0],]]
[6016,7,4,[[6015,0],[6017,0],[5760,0],[5761,0],[6272,0],]]
[6017,4,4,[[6018,0],[6016,0],[5761,0],[6273,0],]]
[6018,9,4,[[6017,0],[6019,0],[5762,0],[5763,0],[6274,0],]]
[6019,2,4,[[6020,0],[6018,0],[5763,0],[6275,0],]]
[6020,14,4,[[6019,0],[6021,0],[5764,0],[5765,0],[6276,0],]]
[6021,19,4,[[6022,0],[6020,0],[5765,0],[6277,0],]]
[6022,5,4,[[6021,0],[6023,0],[5766,0],[5767,0],[6278,0],]]
[6023,16,4,[[6024,0],[6022,0],[5767,0],[6279,0],]]
[6024,13,4,[[6023,0],[6025,0],[5768,0],[5769,0],[6280,0],]]
[6025,16,4,[[6026,0],[6024,0],[5769,0],[6281,0],]]
[6026,7,4,[[6025,0],[6027,0],[5770,0],[5771,0],[6282,0],]]
[6027,19,4,[[6028,0],[6026,0],[5771,0],[6283,0],]]
[6028,15,4,[[6027,0],[6029,0],[5772,0],[5773,0],[6284,0],]]
[6029,16,4,[[6030,0],[6028,0],[5773,0],[6285,0],]]
[6030,12,4,[[6029,0],[6031,0],[5774,0],[5775,0],[6286,0],]]
[6031,18,4,[[6032,0],[6030,0],[5775,0],[6287,0],]]
[6032,15,4,[[6031,0],[6033,0],[5776,0],[5777,0],[6288,0],]]
[6033,18,4,[[6034,0],[6032,0],[5777,0],[6289,0],]]
[6034,15,4,[[6033,0],[6035,0],[5778,0],[5779,0],[6290,0],]]
[6035,4,4,[[6036,0],[6034,0],[5779,0],[6291,0],]]
[6036,4,4,[[6035,0],[6037,0],[5780,0],[5781,0],[6292,0],]]
[6037,14,4,[[6038,0],[6036,0],[5781,0],[6293,0],]]
[6038,16,4,[[6037,0],[6039,0],[5782,0],[5783,0],[6294,0],]]
[6039,2,4,[[6040,0],[6038,0],[5783,0],[6295,0],]]
[6040,10,4,[[6039,0],[6041,0],[5784,0],[5785,0],[6296,0],]]
[6041,1,4,[[6042,0],[6040,0],[5785,0],[6297,0],]]
[6042,10,4,[[6041,0],[6043,0],[5786,0],[5787,0],[6298,0],]]
[6043,7,4,[[6044,0],[6042,0],[5787,0],[6299,0],]]
[6044,2,4,[[6043,0],[6045,0],[5788,0],[5789,0],[6300,0],]]
[6045,2,4,[[6046,0],[6044,0],[5789,0],[6301,0],]]
[6046,6,4,[[6045,0],[6047,0],[5790,0],[5791,0],[6302,0],]]
[6047,12,4,[[6048,0],[6046,0],[5791,0],[6303,0],]]
[6048,18,5,[[6047,0],[6049,0],[5792,0],[5793,0],[6304,0],]]
[6049,4,5,[[6050,0],[6048,0],[5793,0],[6305,0],]]
[6050,2,5,[[6049,0],[6051,0],[5794,0],[5795,0],[6306,0],]]
[6051,19,5,[[6052,0],[6050,0],[5795,0],[6307,0],]]
[6052,11,5,[[6051,0],[6053,0],[5796,0],[5797,0],[6308,0],]]
[6053,18,5,[[6054,0],[6052,0],[5797,0],[6309,0],]]
[6054,17,5,[[6053,0],[6055,0],[5798,0],[5799,0],[6310,0],]]
[6055,5,5,[[6056,0],[6054,0],[5799,0],[6311,0],]]
[6056,14,5,[[6055,0],[6057,0],[5800,0],[5801,0],[6312,0],]]
[6057,3,5,[[6058,0],[6056,0],[5801,0],[6313,0],]]
[6058,2,5,[[6057,0],[6059,0],[5802,0],[5803,0],[6314,0],]]
[6059,8,5,[[6060,0],[6058,0],[5803,0],[6315,0],]]
[6060,6,5,[[6059,0],[6061,0],[5804,0],[5805,0],[6316,0],]]
[6061,13,5,[[6062,0],[6060,0],[5805,0],[6317,0],]]
[6062,15,5,[[6061,0],[6063,0],[5806,0],[5807,0],[6318,0],]]
[6063,13,5,[[6064,0],[6062,0],[5807,0],[6319,0],]]
[6064,15,5,[[6063,0],[6065,0],[5808,0],[5809,0],[6320,0],]]
[6065,9,5,[[6066,0],[6064,0],[5809,0],[6321,0],]]
[6066,10,5,[[6065,0],[6067,0],[5810,0],[5811,0],[6322,0],]]
[6067,12,5,[[6068,0],[6066,0],[5811,0],[6323,0],]]
[6068,4,5,[[6067,0],[6069,0],[5812,0],[5813,0],[6324,0],]]
[6069,12,5,[[6070,0],[6068,0],[5813,0],[6325,0],]]
[6070,9,5,[[6069,0],[6071,0],[5814,0],[5815,0],[6326,0],]]
[6071,2,5,[[6072,0],[6070,0],[5815,0],[6327,0],]]
[6072,4,5,[[6071,0],[6073,0],[5816,0],[5817,0],[6328,0],]]
[6073,9,5,[[6074,0],[6072,0],[5817,0],[6329,0],]]
[6074,7,5,[[6073,0],[6075,0],[5818,0],[5819,0],[6330,0],]]
[6075,3,5,[[6076,0],[6074,0],[5819,0],[6331,0],]]
[6076,10,5,[[6075,0],[6077,0],[5820,0],[5821,0],[6332,0],]]
[6077,4,5,[[6078,0],[6076,0],[5821,0],[6333,0],]]
[6078,4,5,[[6077,0],[6079,0],[5822,0],[5823,0],[6334,0],]]
[6079,5,5,[[6080,0],[6078,0],[5823,0],[6335,0],]]
[6080,15,6,[[6079,0],[6081,0],[5824,0],[5825,0],[6336,0],]]
[6081,8,6,[[6082,0],[6080,0],[5825,0],[6337,0],]]
[6082,12,6,[[6081,0],[6083,0],[5826,0],[5827,0],[6338,0],]]
[6083,5,6,[[6084,0],[6082,0],[5827,0],[6339,0],]]
[6084,15,6,[[6083,0],[6085,0],[5828,0],[5829,0],[6340,0],]]
[6085,8,6,[[6086,0],[6084,0],[5829,0],[6341,0],]]
[6086,7,6,[[6085,0],[6087,0],[5830,0],[5831,0],[6342,0],]]
[6087,18,6,[[6088,0],[6086,0],[5831,0],[6343,0],]]
[6088,16,6,[[6087,0],[6089,0],[5832,0],[5833,0],[6344,0],]]
[6089,16,6,[[6090,0],[6088,0],[5833,0],[6345,0],]]
[6090,13,6,[[6089,0],[6091,0],[5834,0],[5835,0],[6346,0],]]
[6091,5,6,[[6092,0],[6090,0],[5835,0],[6347,0],]]
[6092,7,6,[[6091,0],[6093,0],[5836,0],[5837,0],[6348,0],]]
[6093,3,6,[[6094,0],[6092,0],[5837,0],[6349,0],]]
[6094,19,6,[[6093,0],[6095,0],[5838,0],[5839,0],[6350,0],]]
[6095,17,6,[[6096,0],[6094,0],[5839,0],[6351,0],]]
[6096,1,6,[[6095,0],[6097,0],[5840,0],[5841,0],[6352,0],]]
[6097,16,6,[[6098,0],[6096,0],[5841,0],[6353,0],]]
[6098,5,6,[[6097,0],[6099,0],[5842,0],[5843,0],[6354,0],]]
[6099,12,6,[[6100,0],[6098,0],[5843,0],[6355,0],]]
[6100,16,6,[[6099,0],[6101,0],[5844,0],[5845,0],[6356,0],]]
[6101,11,6,[[6102,0],[6100,0],[5845,0],[6357,0],]]
[6102,15,6,[[6101,0],[6103,0],[5846,0],[5847,0],[6358,0],]]
[6103,5,6,[[6104,0],[6102,0],[5847,0],[6359,0],]]
[6104,16,6,[[6103,0],[6105,0],[5848,0],[5849,0],[6360,0],]]
[6105,15,6,[[6106,0],[6104,0],[5849,0],[6361,0],]]
[6106,7,6,[[6105,0],[6107,0],[5850,0],[5851,0],[6362,0],]]
[6107,8,6,[[6108,0],[6106,0],[5851,0],[6363,0],]]
[6108,12,6,[[6107,0],[6109,0],[5852,0],[5853,0],[6364,0],]]
[6109,3,6,[[6110,0],[6108,0],[5853,0],[6365,0],]]
[6110,5,6,[[6109,0],[6111,0],[5854,0],[5855,0],[6366,0],]]
[6111,14,6,[[6112,0],[6110,0],[5855,0],[6367,0],]]
[6112,12,7,[[6111,0],[6113,0],[5856,0],[5857,0],[6368,0],]]
[6113,15,7,[[6114,0],[6112,0],[5857,0],[6369,0],]]
[6114,15,7,[[6113,0],[6115,0],[5858,0],[5859,0],[6370,0],]]
[6115,15,7,[[6116,0],[6114,0],[5859,0],[6371,0],]]
[6116,16,7,[[6115,0],[6117,0],[5860,0],[5861,0],[6372,0],]]
[6117,2,7,[[6118,0],[6116,0],[5861,0],[6373,0],]]
[6118,5,7,[[6117,0],[6119,0],[5862,0],[5863,0],[6374,0],]]
[6119,18,7,[[6120,0],[6118,0],[5863,0],[6375,0],]]
[6120,19,7,[[6119,0],[6121,0],[5864,0],[5865,0],[6376,0],]]
[6121,16,7,[[6122,0],[6120,0],[5865,0],[6377,0],]]
[6122,17,7,[[6121,0],[6123,0],[5866,0],[5867,0],[6378,0],]]
[6123,9,7,[[6124,0],[6122,0],[5867,0],[6379,0],]]
[6124,13,7,[[6123,0],[6125,0],[5868,0],[5869,0],[6380,0],]]
[6125,10,7,[[6126,0],[6124,0],[5869,0],[6381,0],]]
[6126,3,7,[[6125,0],[6127,0],[5870,0],[5871,0],[6382,0],]]
[6127,10,7,[[6128,0],[6126,0],[5871,0],[6383,0],]]
[6128,17,7,[[6127,0],[6129,0],[5872,0],[5873,0],[6384,0],]]
[6129,19,7,[[6130,0],[6128,0],[5873,0],[6385,0],]]
[6130,4,7,[[6129,0],[6131,0],[5874,0],[5875,0],[6386,0],]]
[6131,18,7,[[6132,0],[6130,0],[5875,0],[6387,0],]]
[6132,2,7,[[6131,0],[6133,0],[5876,0],[5877,0],[6388,0],]]
[6133,11,7,[[6134,0],[6132,0],[5877,0],[6389,0],]]
[6134,1,7,[[6133,0],[6135,0],[5878,0],[5879,0],[6390,0],]]
[6135,4,7,[[6136,0],[6134,0],[5879,0],[6391,0],]]
[6136,15,7,[[6135,0],[6137,0],[5880,0],[5881,0],[6392,0],]]
[6137,3,7,[[6138,0],[6136,0],[5881,0],[6393,0],]]
[6138,8,7,[[6137,0],[6139,0],[5882,0],[5883,0],[6394,0],]]
[6139,18,7,[[6140,0],[6138,0],[5883,0],[6395,0],]]
[6140,16,7,[[6139,0],[6141,0],[5884,0],[5885,0],[6396,0],]]
[6141,15,7,[[6142,0],[6140,0],[5885,0],[6397,0],]]
[6142,6,7,[[6141,0],[6143,0],[5886,0],[5887,0],[6398,0],]]
[6143,3,7,[[6142,0],[5887,0],[6399,0],]]
[6144,4,0,[[6145,0],[6400,0],[5888,0],]]
[6145,19,0,[[6146,0],[6144,0],[6401,0],[6400,0],[5889,0],]]
[6146,14,0,[[6145,0],[6147,0],[6402,0],[5890,0],]]
[6147,1,0,[[6148,0],[6146,0],[6403,0],[6402,0],[5891,0],]]
[6148,3,0,[[6147,0],[6149,0],[6404,0],[5892,0],]]
[6149,7,0,[[6150,0],[6148,0],[6405,0],[6404,0],[5893,0],]]
[6150,19,0,[[6149,0],[6151,0],[6406,0],[5894,0],]]
[6151,1,0,[[6152,0],[6150,0],[6407,0],[6406,0],[5895,0],]]
[6152,10,0,[[6151,0],[6153,0],[6408,0],[5896,0],]]
[6153,14,0,[[6154,0],[6152,0],[6409,0],[6408,0],[5897,0],]]
[6154,16,0,[[6153,0],[6155,0],[6410,0],[5898,0],]]
[6155,18,0,[[6156,0],[6154,0],[6411,0],[6410,0],[5899,0],]]
[6156,6,0,[[6155,0],[6157,0],[6412,0],[5900,0],]]
[6157,7,0,[[6158,0],[6156,0],[6413,0],[6412,0],[5901,0],]]
[6158,9,0,[[6157,0],[6159,0],[6414,0],[5902,0],]]
[6159,1,0,[[6160,0],[6158,0],[6415,0],[6414,0],[5903,0],]]
[6160,3,0,[[6159,0],[6161,0],[6416,0],[5904,0],]]
[6161,13,0,[[6162,0],[6160,0],[6417,0],[6416,0],[5905,0],]]
[6162,1,0,[[6161,0],[6163,0],[6418,0],[5906,0],]]
[6163,1,0,[[6164,0],[6162,0],[6419,0],[6418,0],[5907,0],]]
[6164,11,0,[[6163,0],[6165,0],[6420,0],[5908,0],]]
[6165,15,0,[[6166,0],[6164,0],[6421,0],[6420,0],[5909,0],]]
[6166,16,0,[[6165,0],[6167,0],[6422,0],[5910,0],]]
[6167,10,0,[[6168,0],[6166,0],[6423,0],[6422,0],[5911,0],]]
[6168,19,0,[[6167,0],[6169,0],[6424,0],[5912,0],]]
[6169,19,0,[[6170,0],[6168,0],[6425,0],[6424,0],[5913,0],]]
[6170,16,0,[[6169,0],[6171,0],[6426,0],[5914,0],]]
[6171,1,0,[[6172,0],[6170,0],[6427,0],[6426,0],[5915,0],]]
[6172,11,0,[[6171,0],[6173,0],[6428,0],[5916,0],]]
[6173,12,0,[[6174,0],[6172,0],[6429,0],[6428,0],[5917,0],]]
[6174,18,0,[[6173,0],[6175,0],[6430,0],[5918,0],]]
[6175,18,0,[[6176,0],[6174,0],[6431,0],[6430,0],[5919,0],]]
[6176,19,1,[[6175,0],[6177,0],[6432,0],[5920,0],]]
[6177,15,1,[[6178,0],[6176,0],[6433,0],[6432,0],[5921,0],]]
[6178,4,1,[[6177,0],[6179,0],[6434,0],[5922,0],]]
[6179,7,1,[[6180,0],[6178,0],[6435,0],[6434,0],[5923,0],]]
[6180,8,1,[[6179,0],[6181,0],[6436,0],[5924,0],]]
[6181,10,1,[[6182,0],[6180,0],[6437,0],[6436,0],[5925,0],]]
[6182,14,1,[[6181,0],[6183,0],[6438,0],[5926,0],]]
[6183,1,1,[[6184,0],[6182,0],[6439,0],[6438,0],[5927,0],]]
[6184,17,1,[[6183,0],[6185,0],[6440,0],[5928,0],]]
[6185,12,1,[[6186,0],[6184,0],[6441,0],[6440,0],[5929,0],]]
[6186,14,1,[[6185,0],[6187,0],[6442,0],[5930,0],]]
[6187,14,1,[[6188,0],[6186,0],[6443,0],[6442,0],[5931,0],]]
[6188,1,1,[[6187,0],[6189,0],[6444,0],[5932,0],]]
[6189,3,1,[[6190,0],[6188,0],[6445,0],[6444,0],[5933,0],]]
[6190,12,1,[[6189,0],[6191,0],[6446,0],[5934,0],]]
[6191,5,1,[[6192,0],[6190,0],[6447,0],[6446,0],[5935,0],]]
[6192,15,1,[[6191,0],[6193,0],[6448,0],[5936,0],]]
[6193,5,1,[[6194,0],[6192,0],[6449,0],[6448,0],[5937,0],]]
[6194,2,1,[[6193,0],[6195,0],[6450,0],[5938,0],]]
[6195,19,1,[[6196,0],[6194,0],[6451,0],[6450,0],[5939,0],]]
[6196,9,1,[[6195,0],[6197,0],[6452,0],[5940,0],]]
[6197,12,1,[[6198,0],[6196,0],[6453,0],[6452,0],[5941,0],]]
[6198,9,1,[[6197,0],[6199,0],[6454,0],[5942,0],]]
[6199,12,1,[[6200,0],[6198,0],[6455,0],[6454,0],[5943,0],]]
[6200,15,1,[[6199,0],[6201,0],[6456,0],[5944,0],]]
[6201,15,1,[[6202,0],[6200,0],[6457,0],[6456,0],[5945,0],]]
[6202,1,1,[[6201,0],[6203,0],[6458,0],[5946,0],]]
[6203,5,1,[[6204,0],[6202,0],[6459,0],[6458,0],[5947,0],]]
[6204,16,1,[[6203,0],[6205,0],[6460,0],[5948,0],]]
[6205,3,1,[[6206,0],[6204,0],[6461,0],[6460,0],[5949,0],]]
[6206,17,1,[[6205,0],[6207,0],[6462,0],[5950,0],]]
[6207,2,1,[[6208,0],[6206,0],[6463,0],[6462,0],[5951,0],]]
[6208,12,2,[[6207,0],[6209,0],[6464,0],[5952,0],]]
[6209,9,2,[[6210,0],[6208,0],[6465,0],[6464,0],[5953,0],]]
[6210,16,2,[[6209,0],[6211,0],[6466,0],[5954,0],]]
[6211,15,2,[[6212,0],[6210,0],[6467,0],[6466,0],[5955,0],]]
[6212,4,2,[[6211,0],[6213,0],[6468,0],[5956,0],]]
[6213,7,2,[[6214,0],[6212,0],[6469,0],[6468,0],[5957,0],]]
[6214,9,2,[[6213,0],[6215,0],[6470,0],[5958,0],]]
[6215,16,2,[[6216,0],[6214,0],[6471,0],[6470,0],[5959,0],]]
[6216,7,2,[[6215,0],[6217,0],[6472,0],[5960,0],]]
[6217,12,2,[[6218,0],[6216,0],[6473,0],[6472,0],[5961,0],]]
[6218,16,2,[[6217,0],[6219,0],[6474,0],[5962,0],]]
[6219,11,2,[[6220,0],[6218,0],[6475,0],[6474,0],[5963,0],]]
[6220,13,2,[[6219,0],[6221,0],[6476,0],[5964,0],]]
[6221,3,2,[[6222,0],[6220,0],[6477,0],[6476,0],[5965,0],]]
[6222,11,2,[[6221,0],[6223,0],[6478,0],[5966,0],]]
[6223,12,2,[[6224,0],[6222,0],[6479,0],[6478,0],[5967,0],]]
[6224,9,2,[[6223,0],[6225,0],[6480,0],[5968,0],]]
[6225,9,2,[[6226,0],[6224,0],[6481,0],[6480,0],[5969,0],]]
[6226,12,2,[[6225,0],[6227,0],[6482,0],[5970,0],]]
[6227,5,2,[[6228,0],[6226,0],[6483,0],[6482,0],[5971,0],]]
[6228,14,2,[[6227,0],[6229,0],[6484,0],[5972,0],]]
[6229,11,2,[[6230,0],[6228,0],[6485,0],[6484,0],[5973,0],]]
[6230,2,2,[[6229,0],[6231,0],[6486,0],[5974,0],]]
[6231,19,2,[[6232,0],[6230,0],[6487,0],[6486,0],[5975,0],]]
[6232,8,2,[[6231,0],[6233,0],[6488,0],[5976,0],]]
[6233,19,2,[[6234,0],[6232,0],[6489,0],[6488,0],[5977,0],]]
[6234,10,2,[[6233,0],[6235,0],[6490,0],[5978,0],]]
[6235,12,2,[[6236,0],[6234,0],[6491,0],[6490,0],[5979,0],]]
[6236,5,2,[[6235,0],[6237,0],[6492,0],[5980,0],]]
[6237,13,2,[[6238,0],[6236,0],[6493,0],[6492,0],[5981,0],]]
[6238,2,2,[[6237,0],[6239,0],[6494,0],[5982,0],]]
[6239,8,2,[[6240,0],[6238,0],[6495,0],[6494,0],[5983,0],]]
[6240,15,3,[[6239,0],[6241,0],[6496,0],[5984,0],]]
[6241,10,3,[[6242,0],[6240,0],[6497,0],[6496,0],[5985,0],]]
[6242,3,3,[[6241,0],[6243,0],[6498,0],[5986,0],]]
[6243,10,3,[[6244,0],[6242,0],[6499,0],[6498,0],[5987,0],]]
[6244,2,3,[[6243,0],[6245,0],[6500,0],[5988,0],]]
[6245,4,3,[[6246,0],[6244,0],[6501,0],[6500,0],[5989,0],]]
[6246,9,3,[[6245,0],[6247,0],[6502,0],[5990,0],]]
[6247,15,3,[[6248,0],[6246,0],[6503,0],[6502,0],[5991,0],]]
[6248,1,3,[[6247,0],[6249,0],[6504,0],[5992,0],]]
[6249,9,3,[[6250,0],[6248,0],[6505,0],[6504,0],[5993,0],]]
[6250,8,3,[[6249,0],[6251,0],[6506,0],[5994,0],]]
[6251,9,3,[[6252,0],[6250,0],[6507,0],[6506,0],[5995,0],]]
[6252,7,3,[[6251,0],[6253,0],[6508,0],[5996,0],]]
[6253,13,3,[[6254,0],[6252,0],[6509,0],[6508,0],[5997,0],]]
[6254,13,3,[[6253,0],[6255,0],[6510,0],[5998,0],]]
[6255,16,3,[[6256,0],[6254,0],[6511,0],[6510,0],[5999,0],]]
[6256,2,3,[[6255,0],[6257,0],[6512,0],[6000,0],]]
[6257,3,3,[[6258,0],[6256,0],[6513,0],[6512,0],[6001,0],]]
[6258,7,3,[[6257,0],[6259,0],[6514,0],[6002,0],]]
[6259,5,3,[[6260,0],[6258,0],[6515,0],[6514,0],[6003,0],]]
[6260,7,3,[[6259,0],[6261,0],[6516,0],[6004,0],]]
[6261,12,3,[[6262,0],[6260,0],[6517,0],[6516,0],[6005,0],]]
[6262,1,3,[[6261,0],[6263,0],[6518,0],[6006,0],]]
[6263,13,3,[[6264,0],[6262,0],[6519,0],[6518,0],[6007,0],]]
[6264,10,3,[[6263,0],[6265,0],[6520,0],[6008,0],]]
[6265,4,3,[[6266,0],[6264,0],[6521,0],[6520,0],[6009,0],]]
[6266,11,3,[[6265,0],[6267,0],[6522,0],[6010,0],]]
[6267,8,3,[[6268,0],[6266,0],[6523,0],[6522,0],[6011,0],]]
[6268,17,3,[[6267,0],[6269,0],[6524,0],[6012,0],]]
[6269,4,3,[[6270,0],[6268,0],[6525,0],[6524,0],[6013,0],]]
[6270,15,3,[[6269,0],[6271,0],[6526,0],[6014,0],]]
[6271,7,3,[[6272,0],[6270,0],[6527,0],[6526,0],[6015,0],]]
[6272,4,4,[[6271,0],[6273,0],[6528,0],[6016,0],]]
[6273,19,4,[[6274,0],[6272,0],[6529,0],[6528,0],[6017,0],]]
[6274,14,4,[[6273,0],[6275,0],[6530,0],[6018,0],]]
[6275,10,4,[[6276,0],[6274,0],[6531,0],[6530,0],[6019,0],]]
[6276,12,4,[[6275,0],[6277,0],[6532,0],[6020,0],]]
[6277,15,4,[[6278,0],[6276,0],[6533,0],[6532,0],[6021,0],]]
[6278,18,4,[[6277,0],[6279,0],[6534,0],[6022,0],]]
[6279,10,4,[[6280,0],[6278,0],[6535,0],[6534,0],[6023,0],]]
[6280,13,4,[[6279,0],[6281,0],[6536,0],[6024,0],]]
[6281,13,4,[[6282,0],[6280,0],[6537,0],[6536,0],[6025,0],]]
[6282,13,4,[[6281,0],[6283,0],[6538,0],[6026,0],]]
[6283,12,4,[[6284,0],[6282,0],[6539,0],[6538,0],[6027,0],]]
[6284,2,4,[[6283,0],[6285,0],[6540,0],[6028,0],]]
[6285,19,4,[[6286,0],[6284,0],[6541,0],[6540,0],[6029,0],]]
[6286,8,4,[[6285,0],[6287,0],[6542,0],[6030,0],]]
[6287,7,4,[[6288,0],[6286,0],[6543,0],[6542,0],[6031,0],]]
[6288,10,4,[[6287,0],[6289,0],[6544,0],[6032,0],]]
[6289,9,4,[[6290,0],[6288,0],[6545,0],[6544,0],[6033,0],]]
[6290,1,4,[[6289,0],[6291,0],[6546,0],[6034,0],]]
[6291,12,4,[[6292,0],[6290,0],[6547,0],[6546,0],[6035,0],]]
[6292,18,4,[[6291,0],[6293,0],[6548,0],[6036,0],]]
[6293,13,4,[[6294,0],[6292,0],[6549,0],[6548,0],[6037,0],]]
[6294,16,4,[[6293,0],[6295,0],[6550,0],[6038,0],]]
[6295,16,4,[[6296,0],[6294,0],[6551,0],[6550,0],[6039,0],]]
[6296,6,4,[[6295,0],[6297,0],[6552,0],[6040,0],]]
[6297,13,4,[[6298,0],[6296,0],[6553,0],[6552,0],[6041,0],]]
[6298,2,4,[[6297,0],[6299,0],[6554,0],[6042,0],]]
[6299,13,4,[[6300,0],[6298,0],[6555,0],[6554,0],[6043,0],]]
[6300,6,4,[[6299,0],[6301,0],[6556,0],[6044,0],]]
[6301,17,4,[[6302,0],[6300,0],[6557,0],[6556,0],[6045,0],]]
[6302,17,4,[[6301,0],[6303,0],[6558,0],[6046,0],]]
[6303,8,4,[[6304,0],[6302,0],[6559,0],[6558,0],[6047,0],]]
[6304,2,5,[[6303,0],[6305,0],[6560,0],[6048,0],]]
[6305,19,5,[[6306,0],[6304,0],[6561,0],[6560,0],[6049,0],]]
[6306,1,5,[[6305,0],[6307,0],[6562,0],[6050,0],]]
[6307,7,5,[[6308,0],[6306,0],[6563,0],[6562,0],[6051,0],]]
[6308,11,5,[[6307,0],[6309,0],[6564,0],[6052,0],]]
[6309,7,5,[[6310,0],[6308,0],[6565,0],[6564,0],[6053,0],]]
[6310,2,5,[[6309,0],[6311,0],[6566,0],[6054,0],]]
[6311,10,5,[[6312,0],[6310,0],[6567,0],[6566,0],[6055,0],]]
[6312,14,5,[[6311,0],[6313,0],[6568,0],[6056,0],]]
[6313,19,5,[[6314,0],[6312,0],[6569,0],[6568,0],[6057,0],]]
[6314,18,5,[[6313,0],[6315,0],[6570,0],[6058,0],]]
[6315,1,5,[[6316,0],[6314,0],[6571,0],[6570,0],[6059,0],]]
[6316,12,5,[[6315,0],[6317,0],[6572,0],[6060,0],]]
[6317,15,5,[[6318,0],[6316,0],[6573,0],[6572,0],[6061,0],]]
[6318,10,5,[[6317,0],[6319,0],[6574,0],[6062,0],]]
[6319,14,5,[[6320,0],[6318,0],[6575,0],[6574,0],[6063,0],]]
[6320,5,5,[[6319,0],[6321,0],[6576,0],[6064,0],]]
[6321,1,5,[[6322,0],[6320,0],[6577,0],[6576,0],[6065,0],]]
[6322,15,5,[[6321,0],[6323,0],[6578,0],[6066,0],]]
[6323,14,5,[[6324,0],[6322,0],[6579,0],[6578,0],[6067,0],]]
[6324,17,5,[[6323,0],[6325,0],[6580,0],[6068,0],]]
[6325,12,5,[[6326,0],[6324,0],[6581,0],[6580,0],[6069,0],]]
[6326,1,5,[[6325,0],[6327,0],[6582,0],[6070,0],]]
[6327,13,5,[[6328,0],[6326,0],[6583,0],[6582,0],[6071,0],]]
[6328,1,5,[[6327,0],[6329,0],[6584,0],[6072,0],]]
[6329,5,5,[[6330,0],[6328,0],[6585,0],[6584,0],[6073,0],]]
[6330,3,5,[[6329,0],[6331,0],[6586,0],[6074,0],]]
[6331,11,5,[[6332,0],[6330,0],[6587,0],[6586,0],[6075,0],]]
[6332,16,5,[[6331,0],[6333,0],[6588,0],[6076,0],]]
[6333,14,5,[[6334,0],[6332,0],[6589,0],[6588,0],[6077,0],]]
[6334,1,5,[[6333,0],[6335,0],[6590,0],[6078,0],]]
[6335,10,5,[[6336,0],[6334,0],[6591,0],[6590,0],[6079,0],]]
[6336,12,6,[[6335,0],[6337,0],[6592,0],[6080,0],]]
[6337,10,6,[[6338,0],[6336,0],[6593,0],[6592,0],[6081,0],]]
[6338,6,6,[[6337,0],[6339,0],[6594,0],[6082,0],]]
[6339,5,6,[[6340,0],[6338,0],[6595,0],[6594,0],[6083,0],]]
[6340,4,6,[[6339,0],[6341,0],[6596,0],[6084,0],]]
[6341,6,6,[[6342,0],[6340,0],[6597,0],[6596,0],[6085,0],]]
[6342,5,6,[[6341,0],[6343,0],[6598,0],[6086,0],]]
[6343,5,6,[[6344,0],[6342,0],[6599,0],[6598,0],[6087,0],]]
[6344,18,6,[[6343,0],[6345,0],[6600,0],[6088,0],]]
[6345,8,6,[[6346,0],[6344,0],[6601,0],[6600,0],[6089,0],]]
[6346,19,6,[[6345,0],[6347,0],[6602,0],[6090,0],]]
[6347,19,6,[[6348,0],[6346,0],[6603,0],[6602,0],[6091,0],]]
[6348,13,6,[[6347,0],[6349,0],[6604,0],[6092,0],]]
[6349,5,6,[[6350,0],[6348,0],[6605,0],[6604,0],[6093,0],]]
[6350,9,6,[[6349,0],[6351,0],[6606,0],[6094,0],]]
[6351,11,6,[[6352,0],[6350,0],[6607,0],[6606,0],[6095,0],]]
[6352,6,6,[[6351,0],[6353,0],[6608,0],[6096,0],]]
[6353,2,6,[[6354,0],[6352,0],[6609,0],[6608,0],[6097,0],]]
[6354,3,6,[[6353,0],[6355,0],[6610,0],[6098,0],]]
[6355,14,6,[[6356,0],[6354,0],[6611,0],[6610,0],[6099,0],]]
[6356,8,6,[[6355,0],[6357,0],[6612,0],[6100,0],]]
[6357,13,6,[[6358,0],[6356,0],[6613,0],[6612,0],[6101,0],]]
[6358,7,6,[[6357,0],[6359,0],[6614,0],[6102,0],]]
[6359,11,6,[[6360,0],[6358,0],[6615,0],[6614,0],[6103,0],]]
[6360,11,6,[[6359,0],[6361,0],[6616,0],[6104,0],]]
[6361,9,6,[[6362,0],[6360,0],[6617,0],[6616,0],[6105,0],]]
[6362,17,6,[[6361,0],[6363,0],[6618,0],[6106,0],]]
[6363,8,6,[[6364,0],[6362,0],[6619,0],[6618,0],[6107,0],]]
[6364,12,6,[[6363,0],[6365,0],[6620,0],[6108,0],]]
[6365,16,6,[[6366,0],[6364,0],[6621,0],[6620,0],[6109,0],]]
[6366,8,6,[[6365,0],[6367,0],[6622,0],[6110,0],]]
[6367,15,6,[[6368,0],[6366,0],[6623,0],[6622,0],[6111,0],]]
[6368,4,7,[[6367,0],[6369,0],[6624,0],[6112,0],]]
[6369,12,7,[[6370,0],[6368,0],[6625,0],[6624,0],[6113,0],]]
[6370,7,7,[[6369,0],[6371,0],[6626,0],[6114,0],]]
[6371,11,7,[[6372,0],[6370,0],[6627,0],[6626,0],[6115,0],]]
[6372,8,7,[[6371,0],[6373,0],[6628,0],[6116,0],]]
[6373,11,7,[[6374,0],[6372,0],[6629,0],[6628,0],[6117,0],]]
[6374,3,7,[[6373,0],[6375,0],[6630,0],[6118,0],]]
[6375,10,7,[[6376,0],[6374,0],[6631,0],[6630,0],[6119,0],]]
[6376,12,7,[[6375,0],[6377,0],[6632,0],[6120,0],]]
[6377,8,7,[[6378,0],[6376,0],[6633,0],[6632,0],[6121,0],]]
[6378,12,7,[[6377,0],[6379,0],[6634,0],[6122,0],]]
[6379,11,7,[[6380,0],[6378,0],[6635,0],[6634,0],[6123,0],]]
[6380,1,7,[[6379,0],[6381,0],[6636,0],[6124,0],]]
[6381,11,7,[[6382,0],[6380,0],[6637,0],[6636,0],[6125,0],]]
[6382,14,7,[[6381,0],[6383,0],[6638,0],[6126,0],]]
[6383,11,7,[[6384,0],[6382,0],[6639,0],[6638,0],[6127,0],]]
[6384,1,7,[[6383,0],[6385,0],[6640,0],[6128,0],]]
[6385,9,7,[[6386,0],[6384,0],[6641,0],[6640,0],[6129,0],]]
[6386,15,7,[[6385,0],[6387,0],[6642,0],[6130,0],]]
[6387,7,7,[[6388,0],[6386,0],[6643,0],[6642,0],[6131,0],]]
[6388,11,7,[[6387,0],[6389,0],[6644,0],[6132,0],]]
[6389,7,7,[[6390,0],[6388,0],[6645,0],[6644,0],[6133,0],]]
[6390,15,7,[[6389,0],[6391,0],[6646,0],[6134,0],]]
[6391,14,7,[[6392,0],[6390,0],[6647,0],[6646,0],[6135,0],]]
[6392,17,7,[[6391,0],[6393,0],[6648,0],[6136,0],]]
[6393,13,7,[[6394,0],[6392,0],[6649,0],[6648,0],[6137,0],]]
[6394,14,7,[[6393,0],[6395,0],[6650,0],[6138,0],]]
[6395,12,7,[[6396,0],[6394,0],[6651,0],[6650,0],[6139,0],]]
[6396,16,7,[[6395,0],[6397,0],[6652,0],[6140,0],]]
[6397,16,7,[[6398,0],[6396,0],[6653,0],[6652,0],[6141,0],]]
[6398,11,7,[[6397,0],[6399,0],[6654,0],[6142,0],]]
[6399,11,7,[[6398,0],[6655,0],[6654,0],[6143,0],]]
[6400,16,0,[[6401,0],[6144,0],[6145,0],[6656,0],]]
[6401,17,0,[[6402,0],[6400,0],[6145,0],[6657,0],]]
[6402,5,0,[[6401,0],[6403,0],[6146,0],[6147,0],[6658,0],]]
[6403,15,0,[[6404,0],[6402,0],[6147,0],[6659,0],]]
[6404,8,0,[[6403,0],[6405,0],[6148,0],[6149,0],[6660,0],]]
[6405,14,0,[[6406,0],[6404,0],[6149,0],[6661,0],]]
[6406,10,0,[[6405,0],[6407,0],[6150,0],[6151,0],[6662,0],]]
[6407,10,0,[[6408,0],[6406,0],[6151,0],[6663,0],]]
[6408,9,0,[[6407,0],[6409,0],[6152,0],[6153,0],[6664,0],]]
[6409,9,0,[[6410,0],[6408,0],[6153,0],[6665,0],]]
[6410,17,0,[[6409,0],[6411,0],[6154,0],[6155,0],[6666,0],]]
[6411,8,0,[[6412,0],[6410,0],[6155,0],[6667,0],]]
[6412,13,0,[[6411,0],[6413,0],[6156,0],[6157,0],[6668,0],]]
[6413,11,0,[[6414,0],[6412,0],[6157,0],[6669,0],]]
[6414,13,0,[[6413,0],[6415,0],[6158,0],[6159,0],[6670,0],]]
[6415,18,0,[[6416,0],[6414,0],[6159,0],[6671,0],]]
[6416,2,0,[[6415,0],[6417,0],[6160,0],[6161,0],[6672,0],]]
[6417,3,0,[[6418,0],[6416,0],[6161,0],[6673,0],]]
[6418,16,0,[[6417,0],[6419,0],[6162,0],[6163,0],[6674,0],]]
[6419,13,0,[[6420,0],[6418,0],[6163,0],[6675,0],]]
[6420,9,0,[[6419,0],[6421,0],[6164,0],[6165,0],[6676,0],]]
[6421,5,0,[[6422,0],[6420,0],[6165,0],[6677,0],]]
[6422,10,0,[[6421,0],[6423,0],[6166,0],[6167,0],[6678,0],]]
[6423,16,0,[[6424,0],[6422,0],[6167,0],[6679,0],]]
[6424,19,0,[[6423,0],[6425,0],[6168,0],[6169,0],[6680,0],]]
[6425,1,0,[[6426,0],[6424,0],[6169,0],[6681,0],]]
[6426,9,0,[[6425,0],[6427,0],[6170,0],[6171,0],[6682,0],]]
[6427,2,0,[[6428,0],[6426,0],[6171,0],[6683,0],]]
[6428,15,0,[[6427,0],[6429,0],[6172,0],[6173,0],[6684,0],]]
[6429,5,0,[[6430,0],[6428,0],[6173,0],[6685,0],]]
[6430,17,0,[[6429,0],[6431,0],[6174,0],[6175,0],[6686,0],]]
[6431,13,0,[[6432,0],[6430,0],[6175,0],[6687,0],]]
[6432,14,1,[[6431,0],[6433,0],[6176,0],[6177,0],[6688,0],]]
[6433,2,1,[[6434,0],[6432,0],[6177,0],[6689,0],]]
[6434,13,1,[[6433,0],[6435,0],[6178,0],[6179,0],[6690,0],]]
[6435,7,1,[[6436,0],[6434,0],[6179,0],[6691,0],]]
[6436,4,1,[[6435,0],[6437,0],[6180,0],[6181,0],[6692,0],]]
[6437,11,1,[[6438,0],[6436,0],[6181,0],[6693,0],]]
[6438,16,1,[[6437,0],[6439,0],[6182,0],[6183,0],[6694,0],]]
[6439,15,1,[[6440,0],[6438,0],[6183,0],[6695,0],]]
[6440,1,1,[[6439,0],[6441,0],[6184,0],[6185,0],[6696,0],]]
[6441,8,1,[[6442,0],[6440,0],[6185,0],[6697,0],]]
[6442,9,1,[[6441,0],[6443,0],[6186,0],[6187,0],[6698,0],]]
[6443,12,1,[[6444,0],[6442,0],[6187,0],[6699,0],]]
[6444,15,1,[[6443,0],[6445,0],[6188,0],[6189,0],[6700,0],]]
[6445,9,1,[[6446,0],[6444,0],[6189,0],[6701,0],]]
[6446,8,1,[[6445,0],[6447,0],[6190,0],[6191,0],[6702,0],]]
[6447,19,1,[[6448,0],[6446,0],[6191,0],[6703,0],]]
[6448,11,1,[[6447,0],[6449,0],[6192,0],[6193,0],[6704,0],]]
[6449,2,1,[[6450,0],[6448,0],[6193,0],[6705,0],]]
[6450,15,1,[[6449,0],[6451,0],[6194,0],[6195,0],[6706,0],]]
[6451,11,1,[[6452,0],[6450,0],[6195,0],[6707,0],]]
[6452,15,1,[[6451,0],[6453,0],[6196,0],[6197,0],[6708,0],]]
[6453,2,1,[[6454,0],[6452,0],[6197,0],[6709,0],]]
[6454,12,1,[[6453,0],[6455,0],[6198,0],[6199,0],[6710,0],]]
[6455,10,1,[[6456,0],[6454,0],[6199,0],[6711,0],]]
[6456,6,1,[[6455,0],[6457,0],[6200,0],[6201,0],[6712,0],]]
[6457,19,1,[[6458,0],[6456,0],[6201,0],[6713,0],]]
[6458,6,1,[[6457,0],[6459,0],[6202,0],[6203,0],[6714,0],]]
[6459,11,1,[[6460,0],[6458,0],[6203,0],[6715,0],]]
[6460,4,1,[[6459,0],[6461,0],[6204,0],[6205,0],[6716,0],]]
[6461,5,1,[[6462,0],[6460,0],[6205,0],[6717,0],]]
[6462,8,1,[[6461,0],[6463,0],[6206,0],[6207,0],[6718,0],]]
[6463,8,1,[[6464,0],[6462,0],[6207,0],[6719,0],]]
[6464,12,2,[[6463,0],[6465,0],[6208,0],[6209,0],[6720,0],]]
[6465,13,2,[[6466,0],[6464,0],[6209,0],[6721,0],]]
[6466,19,2,[[6465,0],[6467,0],[6210,0],[6211,0],[6722,0],]]
[6467,14,2,[[6468,0],[6466,0],[6211,0],[6723,0],]]
[6468,3,2,[[6467,0],[6469,0],[6212,0],[6213,0],[6724,0],]]
[6469,13,2,[[6470,0],[6468,0],[6213,0],[6725,0],]]
[6470,3,2,[[6469,0],[6471,0],[6214,0],[6215,0],[6726,0],]]
[6471,16,2,[[6472,0],[6470,0],[6215,0],[6727,0],]]
[6472,18,2,[[6471,0],[6473,0],[6216,0],[6217,0],[6728,0],]]
[6473,1,2,[[6474,0],[6472,0],[6217,0],[6729,0],]]
[6474,19,2,[[6473,0],[6475,0],[6218,0],[6219,0],[6730,0],]]
[6475,10,2,[[6476,0],[6474,0],[6219,0],[6731,0],]]
[6476,7,2,[[6475,0],[6477,0],[6220,0],[6221,0],[6732,0],]]
[6477,2,2,[[6478,0],[6476,0],[6221,0],[6733,0],]]
[6478,2,2,[[6477,0],[6479,0],[6222,0],[6223,0],[6734,0],]]
[6479,2,2,[[6480,0],[6478,0],[6223,0],[6735,0],]]
[6480,19,2,[[6479,0],[6481,0],[6224,0],[6225,0],[6736,0],]]
[6481,7,2,[[6482,0],[6480,0],[6225,0],[6737,0],]]
[6482,6,2,[[6481,0],[6483,0],[6226,0],[6227,0],[6738,0],]]
[6483,17,2,[[6484,0],[6482,0],[6227,0],[6739,0],]]
[6484,1,2,[[6483,0],[6485,0],[6228,0],[6229,0],[6740,0],]]
[6485,16,2,[[6486,0],[6484,0],[6229,0],[6741,0],]]
[6486,19,2,[[6485,0],[6487,0],[6230,0],[6231,0],[6742,0],]]
[6487,2,2,[[6488,0],[6486,0],[6231,0],[6743,0],]]
[6488,8,2,[[6487,0],[6489,0],[6232,0],[6233,0],[6744,0],]]
[6489,7,2,[[6490,0],[6488,0],[6233,0],[6745,0],]]
[6490,11,2,[[6489,0],[6491,0],[6234,0],[6235,0],[6746,0],]]
[6491,2,2,[[6492,0],[6490,0],[6235,0],[6747,0],]]
[6492,6,2,[[6491,0],[6493,0],[6236,0],[6237,0],[6748,0],]]
[6493,8,2,[[6494,0],[6492,0],[6237,0],[6749,0],]]
[6494,13,2,[[6493,0],[6495,0],[6238,0],[6239,0],[6750,0],]]
[6495,5,2,[[6496,0],[6494,0],[6239,0],[6751,0],]]
[6496,8,3,[[6495,0],[6497,0],[6240,0],[6241,0],[6752,0],]]
[6497,18,3,[[6498,0],[6496,0],[6241,0],[6753,0],]]
[6498,5,3,[[6497,0],[6499,0],[6242,0],[6243,0],[6754,0],]]
[6499,12,3,[[6500,0],[6498,0],[6243,0],[6755,0],]]
[6500,10,3,[[6499,0],[6501,0],[6244,0],[6245,0],[6756,0],]]
[6501,3,3,[[6502,0],[6500,0],[6245,0],[6757,0],]]
[6502,17,3,[[6501,0],[6503,0],[6246,0],[6247,0],[6758,0],]]
[6503,18,3,[[6504,0],[6502,0],[6247,0],[6759,0],]]
[6504,19,3,[[6503,0],[6505,0],[6248,0],[6249,0],[6760,0],]]
[6505,9,3,[[6506,0],[6504,0],[6249,0],[6761,0],]]
[6506,13,3,[[6505,0],[6507,0],[6250,0],[6251,0],[6762,0],]]
[6507,7,3,[[6508,0],[6506,0],[6251,0],[6763,0],]]
[6508,12,3,[[6507,0],[6509,0],[6252,0],[6253,0],[6764,0],]]
[6509,4,3,[[6510,0],[6508,0],[6253,0],[6765,0],]]
[6510,2,3,[[6509,0],[6511,0],[6254,0],[6255,0],[6766,0],]]
[6511,8,3,[[6512,0],[6510,0],[6255,0],[6767,0],]]
[6512,8,3,[[6511,0],[6513,0],[6256,0],[6257,0],[6768,0],]]
[6513,9,3,[[6514,0],[6512,0],[6257,0],[6769,0],]]
[6514,5,3,[[6513,0],[6515,0],[6258,0],[6259,0],[6770,0],]]
[6515,16,3,[[6516,0],[6514,0],[6259,0],[6771,0],]]
[6516,3,3,[[6515,0],[6517,0],[6260,0],[6261,0],[6772,0],]]
[6517,15,3,[[6518,0],[6516,0],[6261,0],[6773,0],]]
[6518,15,3,[[6517,0],[6519,0],[6262,0],[6263,0],[6774,0],]]
[6519,15,3,[[6520,0],[6518,0],[6263,0],[6775,0],]]
[6520,11,3,[[6519,0],[6521,0],[6264,0],[6265,0],[6776,0],]]
[6521,17,3,[[6522,0],[6520,0],[6265,0],[6777,0],]]
[6522,13,3,[[6521,0],[6523,0],[6266,0],[6267,0],[6778,0],]]
[6523,6,3,[[6524,0],[6522,0],[6267,0],[6779,0],]]
[6524,8,3,[[6523,0],[6525,0],[6268,0],[6269,0],[6780,0],]]
[6525,10,3,[[6526,0],[6524,0],[6269,0],[6781,0],]]
[6526,18,3,[[6525,0],[6527,0],[6270,0],[6271,0],[6782,0],]]
[6527,8,3,[[6528,0],[6526,0],[6271,0],[6783,0],]]
[6528,16,4,[[6527,0],[6529,0],[6272,0],[6273,0],[6784,0],]]
[6529,13,4,[[6530,0],[6528,0],[6273,0],[6785,0],]]
[6530,15,4,[[6529,0],[6531,0],[6274,0],[6275,0],[6786,0],]]
[6531,4,4,[[6532,0],[6530,0],[6275,0],[6787,0],]]
[6532,5,4,[[6531,0],[6533,0],[6276,0],[6277,0],[6788,0],]]
[6533,15,4,[[6534,0],[6532,0],[6277,0],[6789,0],]]
[6534,4,4,[[6533,0],[6535,0],[6278,0],[6279,0],[6790,0],]]
[6535,11,4,[[6536,0],[6534,0],[6279,0],[6791,0],]]
[6536,16,4,[[6535,0],[6537,0],[6280,0],[6281,0],[6792,0],]]
[6537,18,4,[[6538,0],[6536,0],[6281,0],[6793,0],]]
[6538,2,4,[[6537,0],[6539,0],[6282,0],[6283,0],[6794,0],]]
[6539,18,4,[[6540,0],[6538,0],[6283,0],[6795,0],]]
[6540,3,4,[[6539,0],[6541,0],[6284,0],[6285,0],[6796,0],]]
[6541,9,4,[[6542,0],[6540,0],[6285,0],[6797,0],]]
[6542,18,4,[[6541,0],[6543,0],[6286,0],[6287,0],[6798,0],]]
[6543,17,4,[[6544,0],[6542,0],[6287,0],[6799,0],]]
[6544,7,4,[[6543,0],[6545,0],[6288,0],[6289,0],[6800,0],]]
[6545,13,4,[[6546,0],[6544,0],[6289,0],[6801,0],]]
[6546,13,4,[[6545,0],[6547,0],[6290,0],[6291,0],[6802,0],]]
[6547,11,4,[[6548,0],[6546,0],[6291,0],[6803,0],]]
[6548,17,4,[[6547,0],[6549,0],[6292,0],[6293,0],[6804,0],]]
[6549,3,4,[[6550,0],[6548,0],[6293,0],[6805,0],]]
[6550,7,4,[[6549,0],[6551,0],[6294,0],[6295,0],[6806,0],]]
[6551,8,4,[[6552,0],[6550,0],[6295,0],[6807,0],]]
[6552,8,4,[[6551,0],[6553,0],[6296,0],[6297,0],[6808,0],]]
