[61603,10,61,[[61604,0],[61602,0],[61859,0],[61858,0],[61347,0],]]
[61604,11,61,[[61603,0],[61605,0],[61860,0],[61348,0],]]
[61605,15,61,[[61606,0],[61604,0],[61861,0],[61860,0],[61349,0],]]
[61606,15,61,[[61605,0],[61607,0],[61862,0],[61350,0],]]
[61607,1,61,[[61608,0],[61606,0],[61863,0],[61862,0],[61351,0],]]
[61608,16,61,[[61607,0],[61609,0],[61864,0],[61352,0],]]
[61609,11,61,[[61610,0],[61608,0],[61865,0],[61864,0],[61353,0],]]
[61610,2,61,[[61609,0],[61611,0],[61866,0],[61354,0],]]
[61611,1,61,[[61612,0],[61610,0],[61867,0],[61866,0],[61355,0],]]
[61612,7,61,[[61611,0],[61613,0],[61868,0],[61356,0],]]
[61613,19,61,[[61614,0],[61612,0],[61869,0],[61868,0],[61357,0],]]
[61614,11,61,[[61613,0],[61615,0],[61870,0],[61358,0],]]
[61615,6,61,[[61616,0],[61614,0],[61871,0],[61870,0],[61359,0],]]
[61616,14,61,[[61615,0],[61617,0],[61872,0],[61360,0],]]
[61617,18,61,[[61618,0],[61616,0],[61873,0],[61872,0],[61361,0],]]
[61618,6,61,[[61617,0],[61619,0],[61874,0],[61362,0],]]
[61619,2,61,[[61620,0],[61618,0],[61875,0],[61874,0],[61363,0],]]
[61620,19,61,[[61619,0],[61621,0],[61876,0],[61364,0],]]
[61621,1,61,[[61622,0],[61620,0],[61877,0],[61876,0],[61365,0],]]
[61622,10,61,[[61621,0],[61623,0],[61878,0],[61366,0],]]
[61623,10,61,[[61624,0],[61622,0],[61879,0],[61878,0],[61367,0],]]
[61624,7,61,[[61623,0],[61625,0],[61880,0],[61368,0],]]
[61625,14,61,[[61626,0],[61624,0],[61881,0],[61880,0],[61369,0],]]
[61626,14,61,[[61625,0],[61627,0],[61882,0],[61370,0],]]
[61627,9,61,[[61628,0],[61626,0],[61883,0],[61882,0],[61371,0],]]
[61628,18,61,[[61627,0],[61629,0],[61884,0],[61372,0],]]
[61629,7,61,[[61630,0],[61628,0],[61885,0],[61884,0],[61373,0],]]
[61630,7,61,[[61629,0],[61631,0],[61886,0],[61374,0],]]
[61631,19,61,[[61632,0],[61630,0],[61887,0],[61886,0],[61375,0],]]
[61632,3,62,[[61631,0],[61633,0],[61888,0],[61376,0],]]
[61633,8,62,[[61634,0],[61632,0],[61889,0],[61888,0],[61377,0],]]
[61634,3,62,[[61633,0],[61635,0],[61890,0],[61378,0],]]
[61635,6,62,[[61636,0],[61634,0],[61891,0],[61890,0],[61379,0],]]
[61636,14,62,[[61635,0],[61637,0],[61892,0],[61380,0],]]
[61637,19,62,[[61638,0],[61636,0],[61893,0],[61892,0],[61381,0],]]
[61638,11,62,[[61637,0],[61639,0],[61894,0],[61382,0],]]
[61639,8,62,[[61640,0],[61638,0],[61895,0],[61894,0],[61383,0],]]
[61640,7,62,[[61639,0],[61641,0],[61896,0],[61384,0],]]
[61641,13,62,[[61642,0],[61640,0],[61897,0],[61896,0],[61385,0],]]
[61642,13,62,[[61641,0],[61643,0],[61898,0],[61386,0],]]
[61643,2,62,[[61644,0],[61642,0],[61899,0],[61898,0],[61387,0],]]
[61644,3,62,[[61643,0],[61645,0],[61900,0],[61388,0],]]
[61645,19,62,[[61646,0],[61644,0],[61901,0],[61900,0],[61389,0],]]
[61646,17,62,[[61645,0],[61647,0],[61902,0],[61390,0],]]
[61647,7,62,[[61648,0],[61646,0],[61903,0],[61902,0],[61391,0],]]
[61648,4,62,[[61647,0],[61649,0],[61904,0],[61392,0],]]
[61649,15,62,[[61650,0],[61648,0],[61905,0],[61904,0],[61393,0],]]
[61650,5,62,[[61649,0],[61651,0],[61906,0],[61394,0],]]
[61651,3,62,[[61652,0],[61650,0],[61907,0],[61906,0],[61395,0],]]
[61652,17,62,[[61651,0],[61653,0],[61908,0],[61396,0],]]
[61653,5,62,[[61654,0],[61652,0],[61909,0],[61908,0],[61397,0],]]
[61654,10,62,[[61653,0],[61655,0],[61910,0],[61398,0],]]
[61655,13,62,[[61656,0],[61654,0],[61911,0],[61910,0],[61399,0],]]
[61656,13,62,[[61655,0],[61657,0],[61912,0],[61400,0],]]
[61657,11,62,[[61658,0],[61656,0],[61913,0],[61912,0],[61401,0],]]
[61658,3,62,[[61657,0],[61659,0],[61914,0],[61402,0],]]
[61659,9,62,[[61660,0],[61658,0],[61915,0],[61914,0],[61403,0],]]
[61660,10,62,[[61659,0],[61661,0],[61916,0],[61404,0],]]
[61661,1,62,[[61662,0],[61660,0],[61917,0],[61916,0],[61405,0],]]
[61662,16,62,[[61661,0],[61663,0],[61918,0],[61406,0],]]
[61663,9,62,[[61664,0],[61662,0],[61919,0],[61918,0],[61407,0],]]
[61664,2,63,[[61663,0],[61665,0],[61920,0],[61408,0],]]
[61665,4,63,[[61666,0],[61664,0],[61921,0],[61920,0],[61409,0],]]
[61666,18,63,[[61665,0],[61667,0],[61922,0],[61410,0],]]
[61667,4,63,[[61668,0],[61666,0],[61923,0],[61922,0],[61411,0],]]
[61668,11,63,[[61667,0],[61669,0],[61924,0],[61412,0],]]
[61669,6,63,[[61670,0],[61668,0],[61925,0],[61924,0],[61413,0],]]
[61670,14,63,[[61669,0],[61671,0],[61926,0],[61414,0],]]
[61671,10,63,[[61672,0],[61670,0],[61927,0],[61926,0],[61415,0],]]
[61672,1,63,[[61671,0],[61673,0],[61928,0],[61416,0],]]
[61673,11,63,[[61674,0],[61672,0],[61929,0],[61928,0],[61417,0],]]
[61674,8,63,[[61673,0],[61675,0],[61930,0],[61418,0],]]
[61675,17,63,[[61676,0],[61674,0],[61931,0],[61930,0],[61419,0],]]
[61676,19,63,[[61675,0],[61677,0],[61932,0],[61420,0],]]
[61677,10,63,[[61678,0],[61676,0],[61933,0],[61932,0],[61421,0],]]
[61678,13,63,[[61677,0],[61679,0],[61934,0],[61422,0],]]
[61679,6,63,[[61680,0],[61678,0],[61935,0],[61934,0],[61423,0],]]
[61680,14,63,[[61679,0],[61681,0],[61936,0],[61424,0],]]
[61681,4,63,[[61682,0],[61680,0],[61937,0],[61936,0],[61425,0],]]
[61682,7,63,[[61681,0],[61683,0],[61938,0],[61426,0],]]
[61683,10,63,[[61684,0],[61682,0],[61939,0],[61938,0],[61427,0],]]
[61684,9,63,[[61683,0],[61685,0],[61940,0],[61428,0],]]
[61685,4,63,[[61686,0],[61684,0],[61941,0],[61940,0],[61429,0],]]
[61686,17,63,[[61685,0],[61687,0],[61942,0],[61430,0],]]
[61687,14,63,[[61688,0],[61686,0],[61943,0],[61942,0],[61431,0],]]
[61688,16,63,[[61687,0],[61689,0],[61944,0],[61432,0],]]
[61689,11,63,[[61690,0],[61688,0],[61945,0],[61944,0],[61433,0],]]
[61690,6,63,[[61689,0],[61691,0],[61946,0],[61434,0],]]
[61691,5,63,[[61692,0],[61690,0],[61947,0],[61946,0],[61435,0],]]
[61692,13,63,[[61691,0],[61693,0],[61948,0],[61436,0],]]
[61693,2,63,[[61694,0],[61692,0],[61949,0],[61948,0],[61437,0],]]
[61694,15,63,[[61693,0],[61695,0],[61950,0],[61438,0],]]
[61695,6,63,[[61694,0],[61951,0],[61950,0],[61439,0],]]
[61696,10,56,[[61697,0],[61440,0],[61441,0],[61952,0],]]
[61697,14,56,[[61698,0],[61696,0],[61441,0],[61953,0],]]
[61698,4,56,[[61697,0],[61699,0],[61442,0],[61443,0],[61954,0],]]
[61699,9,56,[[61700,0],[61698,0],[61443,0],[61955,0],]]
[61700,11,56,[[61699,0],[61701,0],[61444,0],[61445,0],[61956,0],]]
[61701,17,56,[[61702,0],[61700,0],[61445,0],[61957,0],]]
[61702,4,56,[[61701,0],[61703,0],[61446,0],[61447,0],[61958,0],]]
[61703,1,56,[[61704,0],[61702,0],[61447,0],[61959,0],]]
[61704,11,56,[[61703,0],[61705,0],[61448,0],[61449,0],[61960,0],]]
[61705,9,56,[[61706,0],[61704,0],[61449,0],[61961,0],]]
[61706,5,56,[[61705,0],[61707,0],[61450,0],[61451,0],[61962,0],]]
[61707,4,56,[[61708,0],[61706,0],[61451,0],[61963,0],]]
[61708,5,56,[[61707,0],[61709,0],[61452,0],[61453,0],[61964,0],]]
[61709,7,56,[[61710,0],[61708,0],[61453,0],[61965,0],]]
[61710,2,56,[[61709,0],[61711,0],[61454,0],[61455,0],[61966,0],]]
[61711,14,56,[[61712,0],[61710,0],[61455,0],[61967,0],]]
[61712,17,56,[[61711,0],[61713,0],[61456,0],[61457,0],[61968,0],]]
[61713,7,56,[[61714,0],[61712,0],[61457,0],[61969,0],]]
[61714,16,56,[[61713,0],[61715,0],[61458,0],[61459,0],[61970,0],]]
[61715,18,56,[[61716,0],[61714,0],[61459,0],[61971,0],]]
[61716,9,56,[[61715,0],[61717,0],[61460,0],[61461,0],[61972,0],]]
[61717,8,56,[[61718,0],[61716,0],[61461,0],[61973,0],]]
[61718,19,56,[[61717,0],[61719,0],[61462,0],[61463,0],[61974,0],]]
[61719,7,56,[[61720,0],[61718,0],[61463,0],[61975,0],]]
[61720,3,56,[[61719,0],[61721,0],[61464,0],[61465,0],[61976,0],]]
[61721,14,56,[[61722,0],[61720,0],[61465,0],[61977,0],]]
[61722,14,56,[[61721,0],[61723,0],[61466,0],[61467,0],[61978,0],]]
[61723,1,56,[[61724,0],[61722,0],[61467,0],[61979,0],]]
[61724,12,56,[[61723,0],[61725,0],[61468,0],[61469,0],[61980,0],]]
[61725,3,56,[[61726,0],[61724,0],[61469,0],[61981,0],]]
[61726,6,56,[[61725,0],[61727,0],[61470,0],[61471,0],[61982,0],]]
[61727,5,56,[[61728,0],[61726,0],[61471,0],[61983,0],]]
[61728,18,57,[[61727,0],[61729,0],[61472,0],[61473,0],[61984,0],]]
[61729,7,57,[[61730,0],[61728,0],[61473,0],[61985,0],]]
[61730,10,57,[[61729,0],[61731,0],[61474,0],[61475,0],[61986,0],]]
[61731,10,57,[[61732,0],[61730,0],[61475,0],[61987,0],]]
[61732,4,57,[[61731,0],[61733,0],[61476,0],[61477,0],[61988,0],]]
[61733,13,57,[[61734,0],[61732,0],[61477,0],[61989,0],]]
[61734,7,57,[[61733,0],[61735,0],[61478,0],[61479,0],[61990,0],]]
[61735,5,57,[[61736,0],[61734,0],[61479,0],[61991,0],]]
[61736,6,57,[[61735,0],[61737,0],[61480,0],[61481,0],[61992,0],]]
[61737,11,57,[[61738,0],[61736,0],[61481,0],[61993,0],]]
[61738,5,57,[[61737,0],[61739,0],[61482,0],[61483,0],[61994,0],]]
[61739,19,57,[[61740,0],[61738,0],[61483,0],[61995,0],]]
[61740,10,57,[[61739,0],[61741,0],[61484,0],[61485,0],[61996,0],]]
[61741,4,57,[[61742,0],[61740,0],[61485,0],[61997,0],]]
[61742,5,57,[[61741,0],[61743,0],[61486,0],[61487,0],[61998,0],]]
[61743,1,57,[[61744,0],[61742,0],[61487,0],[61999,0],]]
[61744,11,57,[[61743,0],[61745,0],[61488,0],[61489,0],[62000,0],]]
[61745,11,57,[[61746,0],[61744,0],[61489,0],[62001,0],]]
[61746,5,57,[[61745,0],[61747,0],[61490,0],[61491,0],[62002,0],]]
[61747,15,57,[[61748,0],[61746,0],[61491,0],[62003,0],]]
[61748,1,57,[[61747,0],[61749,0],[61492,0],[61493,0],[62004,0],]]
[61749,6,57,[[61750,0],[61748,0],[61493,0],[62005,0],]]
[61750,15,57,[[61749,0],[61751,0],[61494,0],[61495,0],[62006,0],]]
[61751,9,57,[[61752,0],[61750,0],[61495,0],[62007,0],]]
[61752,2,57,[[61751,0],[61753,0],[61496,0],[61497,0],[62008,0],]]
[61753,16,57,[[61754,0],[61752,0],[61497,0],[62009,0],]]
[61754,19,57,[[61753,0],[61755,0],[61498,0],[61499,0],[62010,0],]]
[61755,12,57,[[61756,0],[61754,0],[61499,0],[62011,0],]]
[61756,6,57,[[61755,0],[61757,0],[61500,0],[61501,0],[62012,0],]]
[61757,11,57,[[61758,0],[61756,0],[61501,0],[62013,0],]]
[61758,13,57,[[61757,0],[61759,0],[61502,0],[61503,0],[62014,0],]]
[61759,2,57,[[61760,0],[61758,0],[61503,0],[62015,0],]]
[61760,11,58,[[61759,0],[61761,0],[61504,0],[61505,0],[62016,0],]]
[61761,18,58,[[61762,0],[61760,0],[61505,0],[62017,0],]]
[61762,18,58,[[61761,0],[61763,0],[61506,0],[61507,0],[62018,0],]]
[61763,19,58,[[61764,0],[61762,0],[61507,0],[62019,0],]]
[61764,12,58,[[61763,0],[61765,0],[61508,0],[61509,0],[62020,0],]]
[61765,11,58,[[61766,0],[61764,0],[61509,0],[62021,0],]]
[61766,4,58,[[61765,0],[61767,0],[61510,0],[61511,0],[62022,0],]]
[61767,14,58,[[61768,0],[61766,0],[61511,0],[62023,0],]]
[61768,15,58,[[61767,0],[61769,0],[61512,0],[61513,0],[62024,0],]]
[61769,11,58,[[61770,0],[61768,0],[61513,0],[62025,0],]]
[61770,19,58,[[61769,0],[61771,0],[61514,0],[61515,0],[62026,0],]]
[61771,10,58,[[61772,0],[61770,0],[61515,0],[62027,0],]]
[61772,11,58,[[61771,0],[61773,0],[61516,0],[61517,0],[62028,0],]]
[61773,13,58,[[61774,0],[61772,0],[61517,0],[62029,0],]]
[61774,19,58,[[61773,0],[61775,0],[61518,0],[61519,0],[62030,0],]]
[61775,13,58,[[61776,0],[61774,0],[61519,0],[62031,0],]]
[61776,2,58,[[61775,0],[61777,0],[61520,0],[61521,0],[62032,0],]]
[61777,5,58,[[61778,0],[61776,0],[61521,0],[62033,0],]]
[61778,9,58,[[61777,0],[61779,0],[61522,0],[61523,0],[62034,0],]]
[61779,6,58,[[61780,0],[61778,0],[61523,0],[62035,0],]]
[61780,11,58,[[61779,0],[61781,0],[61524,0],[61525,0],[62036,0],]]
[61781,9,58,[[61782,0],[61780,0],[61525,0],[62037,0],]]
[61782,9,58,[[61781,0],[61783,0],[61526,0],[61527,0],[62038,0],]]
[61783,15,58,[[61784,0],[61782,0],[61527,0],[62039,0],]]
[61784,7,58,[[61783,0],[61785,0],[61528,0],[61529,0],[62040,0],]]
[61785,4,58,[[61786,0],[61784,0],[61529,0],[62041,0],]]
[61786,12,58,[[61785,0],[61787,0],[61530,0],[61531,0],[62042,0],]]
[61787,6,58,[[61788,0],[61786,0],[61531,0],[62043,0],]]
[61788,3,58,[[61787,0],[61789,0],[61532,0],[61533,0],[62044,0],]]
[61789,11,58,[[61790,0],[61788,0],[61533,0],[62045,0],]]
[61790,19,58,[[61789,0],[61791,0],[61534,0],[61535,0],[62046,0],]]
[61791,11,58,[[61792,0],[61790,0],[61535,0],[62047,0],]]
[61792,12,59,[[61791,0],[61793,0],[61536,0],[61537,0],[62048,0],]]
[61793,12,59,[[61794,0],[61792,0],[61537,0],[62049,0],]]
[61794,17,59,[[61793,0],[61795,0],[61538,0],[61539,0],[62050,0],]]
[61795,3,59,[[61796,0],[61794,0],[61539,0],[62051,0],]]
[61796,14,59,[[61795,0],[61797,0],[61540,0],[61541,0],[62052,0],]]
[61797,9,59,[[61798,0],[61796,0],[61541,0],[62053,0],]]
[61798,3,59,[[61797,0],[61799,0],[61542,0],[61543,0],[62054,0],]]
[61799,19,59,[[61800,0],[61798,0],[61543,0],[62055,0],]]
[61800,12,59,[[61799,0],[61801,0],[61544,0],[61545,0],[62056,0],]]
[61801,3,59,[[61802,0],[61800,0],[61545,0],[62057,0],]]
[61802,2,59,[[61801,0],[61803,0],[61546,0],[61547,0],[62058,0],]]
[61803,9,59,[[61804,0],[61802,0],[61547,0],[62059,0],]]
[61804,6,59,[[61803,0],[61805,0],[61548,0],[61549,0],[62060,0],]]
[61805,11,59,[[61806,0],[61804,0],[61549,0],[62061,0],]]
[61806,15,59,[[61805,0],[61807,0],[61550,0],[61551,0],[62062,0],]]
[61807,18,59,[[61808,0],[61806,0],[61551,0],[62063,0],]]
[61808,3,59,[[61807,0],[61809,0],[61552,0],[61553,0],[62064,0],]]
[61809,15,59,[[61810,0],[61808,0],[61553,0],[62065,0],]]
[61810,3,59,[[61809,0],[61811,0],[61554,0],[61555,0],[62066,0],]]
[61811,3,59,[[61812,0],[61810,0],[61555,0],[62067,0],]]
[61812,4,59,[[61811,0],[61813,0],[61556,0],[61557,0],[62068,0],]]
[61813,9,59,[[61814,0],[61812,0],[61557,0],[62069,0],]]
[61814,15,59,[[61813,0],[61815,0],[61558,0],[61559,0],[62070,0],]]
[61815,16,59,[[61816,0],[61814,0],[61559,0],[62071,0],]]
[61816,4,59,[[61815,0],[61817,0],[61560,0],[61561,0],[62072,0],]]
[61817,12,59,[[61818,0],[61816,0],[61561,0],[62073,0],]]
[61818,18,59,[[61817,0],[61819,0],[61562,0],[61563,0],[62074,0],]]
[61819,4,59,[[61820,0],[61818,0],[61563,0],[62075,0],]]
[61820,9,59,[[61819,0],[61821,0],[61564,0],[61565,0],[62076,0],]]
[61821,18,59,[[61822,0],[61820,0],[61565,0],[62077,0],]]
[61822,5,59,[[61821,0],[61823,0],[61566,0],[61567,0],[62078,0],]]
[61823,17,59,[[61824,0],[61822,0],[61567,0],[62079,0],]]
[61824,1,60,[[61823,0],[61825,0],[61568,0],[61569,0],[62080,0],]]
[61825,18,60,[[61826,0],[61824,0],[61569,0],[62081,0],]]
[61826,19,60,[[61825,0],[61827,0],[61570,0],[61571,0],[62082,0],]]
[61827,15,60,[[61828,0],[61826,0],[61571,0],[62083,0],]]
[61828,13,60,[[61827,0],[61829,0],[61572,0],[61573,0],[62084,0],]]
[61829,8,60,[[61830,0],[61828,0],[61573,0],[62085,0],]]
[61830,5,60,[[61829,0],[61831,0],[61574,0],[61575,0],[62086,0],]]
[61831,16,60,[[61832,0],[61830,0],[61575,0],[62087,0],]]
[61832,17,60,[[61831,0],[61833,0],[61576,0],[61577,0],[62088,0],]]
[61833,8,60,[[61834,0],[61832,0],[61577,0],[62089,0],]]
[61834,19,60,[[61833,0],[61835,0],[61578,0],[61579,0],[62090,0],]]
[61835,9,60,[[61836,0],[61834,0],[61579,0],[62091,0],]]
[61836,6,60,[[61835,0],[61837,0],[61580,0],[61581,0],[62092,0],]]
[61837,8,60,[[61838,0],[61836,0],[61581,0],[62093,0],]]
[61838,14,60,[[61837,0],[61839,0],[61582,0],[61583,0],[62094,0],]]
[61839,2,60,[[61840,0],[61838,0],[61583,0],[62095,0],]]
[61840,11,60,[[61839,0],[61841,0],[61584,0],[61585,0],[62096,0],]]
[61841,4,60,[[61842,0],[61840,0],[61585,0],[62097,0],]]
[61842,10,60,[[61841,0],[61843,0],[61586,0],[61587,0],[62098,0],]]
[61843,10,60,[[61844,0],[61842,0],[61587,0],[62099,0],]]
[61844,1,60,[[61843,0],[61845,0],[61588,0],[61589,0],[62100,0],]]
[61845,15,60,[[61846,0],[61844,0],[61589,0],[62101,0],]]
[61846,2,60,[[61845,0],[61847,0],[61590,0],[61591,0],[62102,0],]]
[61847,7,60,[[61848,0],[61846,0],[61591,0],[62103,0],]]
[61848,10,60,[[61847,0],[61849,0],[61592,0],[61593,0],[62104,0],]]
[61849,13,60,[[61850,0],[61848,0],[61593,0],[62105,0],]]
[61850,3,60,[[61849,0],[61851,0],[61594,0],[61595,0],[62106,0],]]
[61851,13,60,[[61852,0],[61850,0],[61595,0],[62107,0],]]
[61852,11,60,[[61851,0],[61853,0],[61596,0],[61597,0],[62108,0],]]
[61853,17,60,[[61854,0],[61852,0],[61597,0],[62109,0],]]
[61854,5,60,[[61853,0],[61855,0],[61598,0],[61599,0],[62110,0],]]
[61855,18,60,[[61856,0],[61854,0],[61599,0],[62111,0],]]
[61856,8,61,[[61855,0],[61857,0],[61600,0],[61601,0],[62112,0],]]
[61857,13,61,[[61858,0],[61856,0],[61601,0],[62113,0],]]
[61858,12,61,[[61857,0],[61859,0],[61602,0],[61603,0],[62114,0],]]
[61859,7,61,[[61860,0],[61858,0],[61603,0],[62115,0],]]
[61860,15,61,[[61859,0],[61861,0],[61604,0],[61605,0],[62116,0],]]
[61861,8,61,[[61862,0],[61860,0],[61605,0],[62117,0],]]
[61862,16,61,[[61861,0],[61863,0],[61606,0],[61607,0],[62118,0],]]
[61863,1,61,[[61864,0],[61862,0],[61607,0],[62119,0],]]
[61864,1,61,[[61863,0],[61865,0],[61608,0],[61609,0],[62120,0],]]
[61865,14,61,[[61866,0],[61864,0],[61609,0],[62121,0],]]
[61866,1,61,[[61865,0],[61867,0],[61610,0],[61611,0],[62122,0],]]
[61867,17,61,[[61868,0],[61866,0],[61611,0],[62123,0],]]
[61868,2,61,[[61867,0],[61869,0],[61612,0],[61613,0],[62124,0],]]
[61869,19,61,[[61870,0],[61868,0],[61613,0],[62125,0],]]
[61870,18,61,[[61869,0],[61871,0],[61614,0],[61615,0],[62126,0],]]
[61871,7,61,[[61872,0],[61870,0],[61615,0],[62127,0],]]
[61872,8,61,[[61871,0],[61873,0],[61616,0],[61617,0],[62128,0],]]
[61873,9,61,[[61874,0],[61872,0],[61617,0],[62129,0],]]
[61874,12,61,[[61873,0],[61875,0],[61618,0],[61619,0],[62130,0],]]
[61875,2,61,[[61876,0],[61874,0],[61619,0],[62131,0],]]
[61876,9,61,[[61875,0],[61877,0],[61620,0],[61621,0],[62132,0],]]
[61877,2,61,[[61878,0],[61876,0],[61621,0],[62133,0],]]
[61878,6,61,[[61877,0],[61879,0],[61622,0],[61623,0],[62134,0],]]
[61879,18,61,[[61880,0],[61878,0],[61623,0],[62135,0],]]
[61880,5,61,[[61879,0],[61881,0],[61624,0],[61625,0],[62136,0],]]
[61881,8,61,[[61882,0],[61880,0],[61625,0],[62137,0],]]
[61882,8,61,[[61881,0],[61883,0],[61626,0],[61627,0],[62138,0],]]
[61883,5,61,[[61884,0],[61882,0],[61627,0],[62139,0],]]
[61884,2,61,[[61883,0],[61885,0],[61628,0],[61629,0],[62140,0],]]
[61885,14,61,[[61886,0],[61884,0],[61629,0],[62141,0],]]
[61886,9,61,[[61885,0],[61887,0],[61630,0],[61631,0],[62142,0],]]
[61887,14,61,[[61888,0],[61886,0],[61631,0],[62143,0],]]
[61888,15,62,[[61887,0],[61889,0],[61632,0],[61633,0],[62144,0],]]
[61889,4,62,[[61890,0],[61888,0],[61633,0],[62145,0],]]
[61890,19,62,[[61889,0],[61891,0],[61634,0],[61635,0],[62146,0],]]
[61891,1,62,[[61892,0],[61890,0],[61635,0],[62147,0],]]
[61892,11,62,[[61891,0],[61893,0],[61636,0],[61637,0],[62148,0],]]
[61893,15,62,[[61894,0],[61892,0],[61637,0],[62149,0],]]
[61894,10,62,[[61893,0],[61895,0],[61638,0],[61639,0],[62150,0],]]
[61895,13,62,[[61896,0],[61894,0],[61639,0],[62151,0],]]
[61896,16,62,[[61895,0],[61897,0],[61640,0],[61641,0],[62152,0],]]
[61897,13,62,[[61898,0],[61896,0],[61641,0],[62153,0],]]
[61898,6,62,[[61897,0],[61899,0],[61642,0],[61643,0],[62154,0],]]
[61899,2,62,[[61900,0],[61898,0],[61643,0],[62155,0],]]
[61900,14,62,[[61899,0],[61901,0],[61644,0],[61645,0],[62156,0],]]
[61901,7,62,[[61902,0],[61900,0],[61645,0],[62157,0],]]
[61902,8,62,[[61901,0],[61903,0],[61646,0],[61647,0],[62158,0],]]
[61903,18,62,[[61904,0],[61902,0],[61647,0],[62159,0],]]
[61904,2,62,[[61903,0],[61905,0],[61648,0],[61649,0],[62160,0],]]
[61905,14,62,[[61906,0],[61904,0],[61649,0],[62161,0],]]
[61906,12,62,[[61905,0],[61907,0],[61650,0],[61651,0],[62162,0],]]
[61907,17,62,[[61908,0],[61906,0],[61651,0],[62163,0],]]
[61908,18,62,[[61907,0],[61909,0],[61652,0],[61653,0],[62164,0],]]
[61909,4,62,[[61910,0],[61908,0],[61653,0],[62165,0],]]
[61910,12,62,[[61909,0],[61911,0],[61654,0],[61655,0],[62166,0],]]
[61911,1,62,[[61912,0],[61910,0],[61655,0],[62167,0],]]
[61912,12,62,[[61911,0],[61913,0],[61656,0],[61657,0],[62168,0],]]
[61913,9,62,[[61914,0],[61912,0],[61657,0],[62169,0],]]
[61914,12,62,[[61913,0],[61915,0],[61658,0],[61659,0],[62170,0],]]
[61915,4,62,[[61916,0],[61914,0],[61659,0],[62171,0],]]
[61916,10,62,[[61915,0],[61917,0],[61660,0],[61661,0],[62172,0],]]
[61917,16,62,[[61918,0],[61916,0],[61661,0],[62173,0],]]
[61918,18,62,[[61917,0],[61919,0],[61662,0],[61663,0],[62174,0],]]
[61919,7,62,[[61920,0],[61918,0],[61663,0],[62175,0],]]
[61920,7,63,[[61919,0],[61921,0],[61664,0],[61665,0],[62176,0],]]
[61921,17,63,[[61922,0],[61920,0],[61665,0],[62177,0],]]
[61922,11,63,[[61921,0],[61923,0],[61666,0],[61667,0],[62178,0],]]
[61923,10,63,[[61924,0],[61922,0],[61667,0],[62179,0],]]
[61924,7,63,[[61923,0],[61925,0],[61668,0],[61669,0],[62180,0],]]
[61925,16,63,[[61926,0],[61924,0],[61669,0],[62181,0],]]
[61926,3,63,[[61925,0],[61927,0],[61670,0],[61671,0],[62182,0],]]
[61927,3,63,[[61928,0],[61926,0],[61671,0],[62183,0],]]
[61928,5,63,[[61927,0],[61929,0],[61672,0],[61673,0],[62184,0],]]
[61929,15,63,[[61930,0],[61928,0],[61673,0],[62185,0],]]
[61930,12,63,[[61929,0],[61931,0],[61674,0],[61675,0],[62186,0],]]
[61931,17,63,[[61932,0],[61930,0],[61675,0],[62187,0],]]
[61932,7,63,[[61931,0],[61933,0],[61676,0],[61677,0],[62188,0],]]
[61933,15,63,[[61934,0],[61932,0],[61677,0],[62189,0],]]
[61934,3,63,[[61933,0],[61935,0],[61678,0],[61679,0],[62190,0],]]
[61935,7,63,[[61936,0],[61934,0],[61679,0],[62191,0],]]
[61936,4,63,[[61935,0],[61937,0],[61680,0],[61681,0],[62192,0],]]
[61937,7,63,[[61938,0],[61936,0],[61681,0],[62193,0],]]
[61938,14,63,[[61937,0],[61939,0],[61682,0],[61683,0],[62194,0],]]
[61939,17,63,[[61940,0],[61938,0],[61683,0],[62195,0],]]
[61940,10,63,[[61939,0],[61941,0],[61684,0],[61685,0],[62196,0],]]
[61941,11,63,[[61942,0],[61940,0],[61685,0],[62197,0],]]
[61942,6,63,[[61941,0],[61943,0],[61686,0],[61687,0],[62198,0],]]
[61943,17,63,[[61944,0],[61942,0],[61687,0],[62199,0],]]
[61944,11,63,[[61943,0],[61945,0],[61688,0],[61689,0],[62200,0],]]
[61945,11,63,[[61946,0],[61944,0],[61689,0],[62201,0],]]
[61946,8,63,[[61945,0],[61947,0],[61690,0],[61691,0],[62202,0],]]
[61947,12,63,[[61948,0],[61946,0],[61691,0],[62203,0],]]
[61948,9,63,[[61947,0],[61949,0],[61692,0],[61693,0],[62204,0],]]
[61949,5,63,[[61950,0],[61948,0],[61693,0],[62205,0],]]
[61950,17,63,[[61949,0],[61951,0],[61694,0],[61695,0],[62206,0],]]
[61951,4,63,[[61950,0],[61695,0],[62207,0],]]
[61952,12,56,[[61953,0],[62208,0],[61696,0],]]
[61953,15,56,[[61954,0],[61952,0],[62209,0],[62208,0],[61697,0],]]
[61954,16,56,[[61953,0],[61955,0],[62210,0],[61698,0],]]
[61955,13,56,[[61956,0],[61954,0],[62211,0],[62210,0],[61699,0],]]
[61956,3,56,[[61955,0],[61957,0],[62212,0],[61700,0],]]
[61957,11,56,[[61958,0],[61956,0],[62213,0],[62212,0],[61701,0],]]
[61958,11,56,[[61957,0],[61959,0],[62214,0],[61702,0],]]
[61959,11,56,[[61960,0],[61958,0],[62215,0],[62214,0],[61703,0],]]
[61960,13,56,[[61959,0],[61961,0],[62216,0],[61704,0],]]
[61961,1,56,[[61962,0],[61960,0],[62217,0],[62216,0],[61705,0],]]
[61962,19,56,[[61961,0],[61963,0],[62218,0],[61706,0],]]
[61963,9,56,[[61964,0],[61962,0],[62219,0],[62218,0],[61707,0],]]
[61964,13,56,[[61963,0],[61965,0],[62220,0],[61708,0],]]
[61965,11,56,[[61966,0],[61964,0],[62221,0],[62220,0],[61709,0],]]
[61966,7,56,[[61965,0],[61967,0],[62222,0],[61710,0],]]
[61967,9,56,[[61968,0],[61966,0],[62223,0],[62222,0],[61711,0],]]
[61968,5,56,[[61967,0],[61969,0],[62224,0],[61712,0],]]
[61969,11,56,[[61970,0],[61968,0],[62225,0],[62224,0],[61713,0],]]
[61970,12,56,[[61969,0],[61971,0],[62226,0],[61714,0],]]
[61971,5,56,[[61972,0],[61970,0],[62227,0],[62226,0],[61715,0],]]
[61972,7,56,[[61971,0],[61973,0],[62228,0],[61716,0],]]
[61973,17,56,[[61974,0],[61972,0],[62229,0],[62228,0],[61717,0],]]
[61974,6,56,[[61973,0],[61975,0],[62230,0],[61718,0],]]
[61975,11,56,[[61976,0],[61974,0],[62231,0],[62230,0],[61719,0],]]
[61976,10,56,[[61975,0],[61977,0],[62232,0],[61720,0],]]
[61977,18,56,[[61978,0],[61976,0],[62233,0],[62232,0],[61721,0],]]
[61978,4,56,[[61977,0],[61979,0],[62234,0],[61722,0],]]
[61979,4,56,[[61980,0],[61978,0],[62235,0],[62234,0],[61723,0],]]
[61980,2,56,[[61979,0],[61981,0],[62236,0],[61724,0],]]
[61981,8,56,[[61982,0],[61980,0],[62237,0],[62236,0],[61725,0],]]
[61982,9,56,[[61981,0],[61983,0],[62238,0],[61726,0],]]
[61983,18,56,[[61984,0],[61982,0],[62239,0],[62238,0],[61727,0],]]
[61984,11,57,[[61983,0],[61985,0],[62240,0],[61728,0],]]
[61985,13,57,[[61986,0],[61984,0],[62241,0],[62240,0],[61729,0],]]
[61986,8,57,[[61985,0],[61987,0],[62242,0],[61730,0],]]
[61987,15,57,[[61988,0],[61986,0],[62243,0],[62242,0],[61731,0],]]
[61988,12,57,[[61987,0],[61989,0],[62244,0],[61732,0],]]
[61989,1,57,[[61990,0],[61988,0],[62245,0],[62244,0],[61733,0],]]
[61990,17,57,[[61989,0],[61991,0],[62246,0],[61734,0],]]
[61991,5,57,[[61992,0],[61990,0],[62247,0],[62246,0],[61735,0],]]
[61992,15,57,[[61991,0],[61993,0],[62248,0],[61736,0],]]
[61993,4,57,[[61994,0],[61992,0],[62249,0],[62248,0],[61737,0],]]
[61994,7,57,[[61993,0],[61995,0],[62250,0],[61738,0],]]
[61995,17,57,[[61996,0],[61994,0],[62251,0],[62250,0],[61739,0],]]
[61996,8,57,[[61995,0],[61997,0],[62252,0],[61740,0],]]
[61997,17,57,[[61998,0],[61996,0],[62253,0],[62252,0],[61741,0],]]
[61998,1,57,[[61997,0],[61999,0],[62254,0],[61742,0],]]
[61999,2,57,[[62000,0],[61998,0],[62255,0],[62254,0],[61743,0],]]
[62000,9,57,[[61999,0],[62001,0],[62256,0],[61744,0],]]
[62001,2,57,[[62002,0],[62000,0],[62257,0],[62256,0],[61745,0],]]
[62002,2,57,[[62001,0],[62003,0],[62258,0],[61746,0],]]
[62003,18,57,[[62004,0],[62002,0],[62259,0],[62258,0],[61747,0],]]
[62004,17,57,[[62003,0],[62005,0],[62260,0],[61748,0],]]
[62005,17,57,[[62006,0],[62004,0],[62261,0],[62260,0],[61749,0],]]
[62006,3,57,[[62005,0],[62007,0],[62262,0],[61750,0],]]
[62007,19,57,[[62008,0],[62006,0],[62263,0],[62262,0],[61751,0],]]
[62008,13,57,[[62007,0],[62009,0],[62264,0],[61752,0],]]
[62009,1,57,[[62010,0],[62008,0],[62265,0],[62264,0],[61753,0],]]
[62010,1,57,[[62009,0],[62011,0],[62266,0],[61754,0],]]
[62011,6,57,[[62012,0],[62010,0],[62267,0],[62266,0],[61755,0],]]
[62012,3,57,[[62011,0],[62013,0],[62268,0],[61756,0],]]
[62013,7,57,[[62014,0],[62012,0],[62269,0],[62268,0],[61757,0],]]
[62014,15,57,[[62013,0],[62015,0],[62270,0],[61758,0],]]
[62015,18,57,[[62016,0],[62014,0],[62271,0],[62270,0],[61759,0],]]
[62016,18,58,[[62015,0],[62017,0],[62272,0],[61760,0],]]
[62017,12,58,[[62018,0],[62016,0],[62273,0],[62272,0],[61761,0],]]
[62018,18,58,[[62017,0],[62019,0],[62274,0],[61762,0],]]
[62019,18,58,[[62020,0],[62018,0],[62275,0],[62274,0],[61763,0],]]
[62020,6,58,[[62019,0],[62021,0],[62276,0],[61764,0],]]
[62021,17,58,[[62022,0],[62020,0],[62277,0],[62276,0],[61765,0],]]
[62022,3,58,[[62021,0],[62023,0],[62278,0],[61766,0],]]
[62023,9,58,[[62024,0],[62022,0],[62279,0],[62278,0],[61767,0],]]
[62024,9,58,[[62023,0],[62025,0],[62280,0],[61768,0],]]
[62025,12,58,[[62026,0],[62024,0],[62281,0],[62280,0],[61769,0],]]
[62026,12,58,[[62025,0],[62027,0],[62282,0],[61770,0],]]
[62027,17,58,[[62028,0],[62026,0],[62283,0],[62282,0],[61771,0],]]
[62028,10,58,[[62027,0],[62029,0],[62284,0],[61772,0],]]
[62029,13,58,[[62030,0],[62028,0],[62285,0],[62284,0],[61773,0],]]
[62030,3,58,[[62029,0],[62031,0],[62286,0],[61774,0],]]
[62031,13,58,[[62032,0],[62030,0],[62287,0],[62286,0],[61775,0],]]
[62032,12,58,[[62031,0],[62033,0],[62288,0],[61776,0],]]
[62033,12,58,[[62034,0],[62032,0],[62289,0],[62288,0],[61777,0],]]
[62034,9,58,[[62033,0],[62035,0],[62290,0],[61778,0],]]
[62035,17,58,[[62036,0],[62034,0],[62291,0],[62290,0],[61779,0],]]
[62036,14,58,[[62035,0],[62037,0],[62292,0],[61780,0],]]
[62037,6,58,[[62038,0],[62036,0],[62293,0],[62292,0],[61781,0],]]
[62038,18,58,[[62037,0],[62039,0],[62294,0],[61782,0],]]
[62039,8,58,[[62040,0],[62038,0],[62295,0],[62294,0],[61783,0],]]
[62040,12,58,[[62039,0],[62041,0],[62296,0],[61784,0],]]
[62041,16,58,[[62042,0],[62040,0],[62297,0],[62296,0],[61785,0],]]
[62042,13,58,[[62041,0],[62043,0],[62298,0],[61786,0],]]
[62043,15,58,[[62044,0],[62042,0],[62299,0],[62298,0],[61787,0],]]
[62044,4,58,[[62043,0],[62045,0],[62300,0],[61788,0],]]
[62045,5,58,[[62046,0],[62044,0],[62301,0],[62300,0],[61789,0],]]
[62046,2,58,[[62045,0],[62047,0],[62302,0],[61790,0],]]
[62047,7,58,[[62048,0],[62046,0],[62303,0],[62302,0],[61791,0],]]
[62048,8,59,[[62047,0],[62049,0],[62304,0],[61792,0],]]
[62049,15,59,[[62050,0],[62048,0],[62305,0],[62304,0],[61793,0],]]
[62050,17,59,[[62049,0],[62051,0],[62306,0],[61794,0],]]
[62051,1,59,[[62052,0],[62050,0],[62307,0],[62306,0],[61795,0],]]
[62052,13,59,[[62051,0],[62053,0],[62308,0],[61796,0],]]
[62053,5,59,[[62054,0],[62052,0],[62309,0],[62308,0],[61797,0],]]
[62054,17,59,[[62053,0],[62055,0],[62310,0],[61798,0],]]
[62055,10,59,[[62056,0],[62054,0],[62311,0],[62310,0],[61799,0],]]
[62056,16,59,[[62055,0],[62057,0],[62312,0],[61800,0],]]
[62057,17,59,[[62058,0],[62056,0],[62313,0],[62312,0],[61801,0],]]
[62058,5,59,[[62057,0],[62059,0],[62314,0],[61802,0],]]
[62059,3,59,[[62060,0],[62058,0],[62315,0],[62314,0],[61803,0],]]
[62060,17,59,[[62059,0],[62061,0],[62316,0],[61804,0],]]
[62061,17,59,[[62062,0],[62060,0],[62317,0],[62316,0],[61805,0],]]
[62062,1,59,[[62061,0],[62063,0],[62318,0],[61806,0],]]
[62063,6,59,[[62064,0],[62062,0],[62319,0],[62318,0],[61807,0],]]
[62064,2,59,[[62063,0],[62065,0],[62320,0],[61808,0],]]
[62065,3,59,[[62066,0],[62064,0],[62321,0],[62320,0],[61809,0],]]
[62066,13,59,[[62065,0],[62067,0],[62322,0],[61810,0],]]
[62067,11,59,[[62068,0],[62066,0],[62323,0],[62322,0],[61811,0],]]
[62068,15,59,[[62067,0],[62069,0],[62324,0],[61812,0],]]
[62069,10,59,[[62070,0],[62068,0],[62325,0],[62324,0],[61813,0],]]
[62070,4,59,[[62069,0],[62071,0],[62326,0],[61814,0],]]
[62071,11,59,[[62072,0],[62070,0],[62327,0],[62326,0],[61815,0],]]
[62072,18,59,[[62071,0],[62073,0],[62328,0],[61816,0],]]
[62073,6,59,[[62074,0],[62072,0],[62329,0],[62328,0],[61817,0],]]
[62074,8,59,[[62073,0],[62075,0],[62330,0],[61818,0],]]
[62075,3,59,[[62076,0],[62074,0],[62331,0],[62330,0],[61819,0],]]
[62076,8,59,[[62075,0],[62077,0],[62332,0],[61820,0],]]
[62077,12,59,[[62078,0],[62076,0],[62333,0],[62332,0],[61821,0],]]
[62078,6,59,[[62077,0],[62079,0],[62334,0],[61822,0],]]
[62079,4,59,[[62080,0],[62078,0],[62335,0],[62334,0],[61823,0],]]
[62080,18,60,[[62079,0],[62081,0],[62336,0],[61824,0],]]
[62081,16,60,[[62082,0],[62080,0],[62337,0],[62336,0],[61825,0],]]
[62082,12,60,[[62081,0],[62083,0],[62338,0],[61826,0],]]
[62083,8,60,[[62084,0],[62082,0],[62339,0],[62338,0],[61827,0],]]
[62084,2,60,[[62083,0],[62085,0],[62340,0],[61828,0],]]
[62085,3,60,[[62086,0],[62084,0],[62341,0],[62340,0],[61829,0],]]
[62086,18,60,[[62085,0],[62087,0],[62342,0],[61830,0],]]
[62087,10,60,[[62088,0],[62086,0],[62343,0],[62342,0],[61831,0],]]
[62088,3,60,[[62087,0],[62089,0],[62344,0],[61832,0],]]
[62089,11,60,[[62090,0],[62088,0],[62345,0],[62344,0],[61833,0],]]
[62090,7,60,[[62089,0],[62091,0],[62346,0],[61834,0],]]
[62091,2,60,[[62092,0],[62090,0],[62347,0],[62346,0],[61835,0],]]
[62092,4,60,[[62091,0],[62093,0],[62348,0],[61836,0],]]
[62093,14,60,[[62094,0],[62092,0],[62349,0],[62348,0],[61837,0],]]
[62094,7,60,[[62093,0],[62095,0],[62350,0],[61838,0],]]
[62095,19,60,[[62096,0],[62094,0],[62351,0],[62350,0],[61839,0],]]
[62096,8,60,[[62095,0],[62097,0],[62352,0],[61840,0],]]
[62097,8,60,[[62098,0],[62096,0],[62353,0],[62352,0],[61841,0],]]
[62098,8,60,[[62097,0],[62099,0],[62354,0],[61842,0],]]
[62099,4,60,[[62100,0],[62098,0],[62355,0],[62354,0],[61843,0],]]
[62100,18,60,[[62099,0],[62101,0],[62356,0],[61844,0],]]
[62101,16,60,[[62102,0],[62100,0],[62357,0],[62356,0],[61845,0],]]
[62102,18,60,[[62101,0],[62103,0],[62358,0],[61846,0],]]
[62103,17,60,[[62104,0],[62102,0],[62359,0],[62358,0],[61847,0],]]
[62104,4,60,[[62103,0],[62105,0],[62360,0],[61848,0],]]
[62105,14,60,[[62106,0],[62104,0],[62361,0],[62360,0],[61849,0],]]
[62106,4,60,[[62105,0],[62107,0],[62362,0],[61850,0],]]
[62107,18,60,[[62108,0],[62106,0],[62363,0],[62362,0],[61851,0],]]
[62108,10,60,[[62107,0],[62109,0],[62364,0],[61852,0],]]
[62109,18,60,[[62110,0],[62108,0],[62365,0],[62364,0],[61853,0],]]
[62110,18,60,[[62109,0],[62111,0],[62366,0],[61854,0],]]
[62111,1,60,[[62112,0],[62110,0],[62367,0],[62366,0],[61855,0],]]
[62112,14,61,[[62111,0],[62113,0],[62368,0],[61856,0],]]
[62113,3,61,[[62114,0],[62112,0],[62369,0],[62368,0],[61857,0],]]
[62114,17,61,[[62113,0],[62115,0],[62370,0],[61858,0],]]
[62115,17,61,[[62116,0],[62114,0],[62371,0],[62370,0],[61859,0],]]
[62116,15,61,[[62115,0],[62117,0],[62372,0],[61860,0],]]
[62117,2,61,[[62118,0],[62116,0],[62373,0],[62372,0],[61861,0],]]
[62118,5,61,[[62117,0],[62119,0],[62374,0],[61862,0],]]
[62119,8,61,[[62120,0],[62118,0],[62375,0],[62374,0],[61863,0],]]
[62120,14,61,[[62119,0],[62121,0],[62376,0],[61864,0],]]
[62121,7,61,[[62122,0],[62120,0],[62377,0],[62376,0],[61865,0],]]
[62122,17,61,[[62121,0],[62123,0],[62378,0],[61866,0],]]
[62123,13,61,[[62124,0],[62122,0],[62379,0],[62378,0],[61867,0],]]
[62124,19,61,[[62123,0],[62125,0],[62380,0],[61868,0],]]
[62125,15,61,[[62126,0],[62124,0],[62381,0],[62380,0],[61869,0],]]
[62126,8,61,[[62125,0],[62127,0],[62382,0],[61870,0],]]
[62127,2,61,[[62128,0],[62126,0],[62383,0],[62382,0],[61871,0],]]
[62128,6,61,[[62127,0],[62129,0],[62384,0],[61872,0],]]
[62129,1,61,[[62130,0],[62128,0],[62385,0],[62384,0],[61873,0],]]
[62130,18,61,[[62129,0],[62131,0],[62386,0],[61874,0],]]
[62131,1,61,[[62132,0],[62130,0],[62387,0],[62386,0],[61875,0],]]
[62132,9,61,[[62131,0],[62133,0],[62388,0],[61876,0],]]
[62133,6,61,[[62134,0],[62132,0],[62389,0],[62388,0],[61877,0],]]
[62134,10,61,[[62133,0],[62135,0],[62390,0],[61878,0],]]
[62135,18,61,[[62136,0],[62134,0],[62391,0],[62390,0],[61879,0],]]
[62136,5,61,[[62135,0],[62137,0],[62392,0],[61880,0],]]
[62137,14,61,[[62138,0],[62136,0],[62393,0],[62392,0],[61881,0],]]
[62138,15,61,[[62137,0],[62139,0],[62394,0],[61882,0],]]
[62139,18,61,[[62140,0],[62138,0],[62395,0],[62394,0],[61883,0],]]
[62140,10,61,[[62139,0],[62141,0],[62396,0],[61884,0],]]
[62141,12,61,[[62142,0],[62140,0],[62397,0],[62396,0],[61885,0],]]
[62142,1,61,[[62141,0],[62143,0],[62398,0],[61886,0],]]
[62143,14,61,[[62144,0],[62142,0],[62399,0],[62398,0],[61887,0],]]
[62144,8,62,[[62143,0],[62145,0],[62400,0],[61888,0],]]
[62145,15,62,[[62146,0],[62144,0],[62401,0],[62400,0],[61889,0],]]
[62146,5,62,[[62145,0],[62147,0],[62402,0],[61890,0],]]
[62147,5,62,[[62148,0],[62146,0],[62403,0],[62402,0],[61891,0],]]
[62148,12,62,[[62147,0],[62149,0],[62404,0],[61892,0],]]
[62149,17,62,[[62150,0],[62148,0],[62405,0],[62404,0],[61893,0],]]
[62150,10,62,[[62149,0],[62151,0],[62406,0],[61894,0],]]
[62151,5,62,[[62152,0],[62150,0],[62407,0],[62406,0],[61895,0],]]
[62152,17,62,[[62151,0],[62153,0],[62408,0],[61896,0],]]
[62153,14,62,[[62154,0],[62152,0],[62409,0],[62408,0],[61897,0],]]
[62154,5,62,[[62153,0],[62155,0],[62410,0],[61898,0],]]
[62155,12,62,[[62156,0],[62154,0],[62411,0],[62410,0],[61899,0],]]
[62156,12,62,[[62155,0],[62157,0],[62412,0],[61900,0],]]
[62157,5,62,[[62158,0],[62156,0],[62413,0],[62412,0],[61901,0],]]
[62158,8,62,[[62157,0],[62159,0],[62414,0],[61902,0],]]
[62159,15,62,[[62160,0],[62158,0],[62415,0],[62414,0],[61903,0],]]
[62160,10,62,[[62159,0],[62161,0],[62416,0],[61904,0],]]
[62161,16,62,[[62162,0],[62160,0],[62417,0],[62416,0],[61905,0],]]
[62162,15,62,[[62161,0],[62163,0],[62418,0],[61906,0],]]
[62163,6,62,[[62164,0],[62162,0],[62419,0],[62418,0],[61907,0],]]
[62164,18,62,[[62163,0],[62165,0],[62420,0],[61908,0],]]
[62165,4,62,[[62166,0],[62164,0],[62421,0],[62420,0],[61909,0],]]
[62166,3,62,[[62165,0],[62167,0],[62422,0],[61910,0],]]
[62167,13,62,[[62168,0],[62166,0],[62423,0],[62422,0],[61911,0],]]
[62168,6,62,[[62167,0],[62169,0],[62424,0],[61912,0],]]
[62169,6,62,[[62170,0],[62168,0],[62425,0],[62424,0],[61913,0],]]
[62170,11,62,[[62169,0],[62171,0],[62426,0],[61914,0],]]
[62171,1,62,[[62172,0],[62170,0],[62427,0],[62426,0],[61915,0],]]
[62172,11,62,[[62171,0],[62173,0],[62428,0],[61916,0],]]
[62173,6,62,[[62174,0],[62172,0],[62429,0],[62428,0],[61917,0],]]
[62174,16,62,[[62173,0],[62175,0],[62430,0],[61918,0],]]
[62175,14,62,[[62176,0],[62174,0],[62431,0],[62430,0],[61919,0],]]
[62176,9,63,[[62175,0],[62177,0],[62432,0],[61920,0],]]
[62177,7,63,[[62178,0],[62176,0],[62433,0],[62432,0],[61921,0],]]
[62178,10,63,[[62177,0],[62179,0],[62434,0],[61922,0],]]
[62179,4,63,[[62180,0],[62178,0],[62435,0],[62434,0],[61923,0],]]
[62180,9,63,[[62179,0],[62181,0],[62436,0],[61924,0],]]
[62181,8,63,[[62182,0],[62180,0],[62437,0],[62436,0],[61925,0],]]
[62182,17,63,[[62181,0],[62183,0],[62438,0],[61926,0],]]
[62183,16,63,[[62184,0],[62182,0],[62439,0],[62438,0],[61927,0],]]
[62184,15,63,[[62183,0],[62185,0],[62440,0],[61928,0],]]
[62185,8,63,[[62186,0],[62184,0],[62441,0],[62440,0],[61929,0],]]
[62186,5,63,[[62185,0],[62187,0],[62442,0],[61930,0],]]
[62187,18,63,[[62188,0],[62186,0],[62443,0],[62442,0],[61931,0],]]
[62188,10,63,[[62187,0],[62189,0],[62444,0],[61932,0],]]
[62189,4,63,[[62190,0],[62188,0],[62445,0],[62444,0],[61933,0],]]
[62190,4,63,[[62189,0],[62191,0],[62446,0],[61934,0],]]
[62191,14,63,[[62192,0],[62190,0],[62447,0],[62446,0],[61935,0],]]
[62192,1,63,[[62191,0],[62193,0],[62448,0],[61936,0],]]
[62193,13,63,[[62194,0],[62192,0],[62449,0],[62448,0],[61937,0],]]
[62194,13,63,[[62193,0],[62195,0],[62450,0],[61938,0],]]
[62195,17,63,[[62196,0],[62194,0],[62451,0],[62450,0],[61939,0],]]
[62196,14,63,[[62195,0],[62197,0],[62452,0],[61940,0],]]
[62197,15,63,[[62198,0],[62196,0],[62453,0],[62452,0],[61941,0],]]
[62198,5,63,[[62197,0],[62199,0],[62454,0],[61942,0],]]
[62199,14,63,[[62200,0],[62198,0],[62455,0],[62454,0],[61943,0],]]
[62200,2,63,[[62199,0],[62201,0],[62456,0],[61944,0],]]
[62201,2,63,[[62202,0],[62200,0],[62457,0],[62456,0],[61945,0],]]
[62202,3,63,[[62201,0],[62203,0],[62458,0],[61946,0],]]
[62203,15,63,[[62204,0],[62202,0],[62459,0],[62458,0],[61947,0],]]
[62204,15,63,[[62203,0],[62205,0],[62460,0],[61948,0],]]
[62205,19,63,[[62206,0],[62204,0],[62461,0],[62460,0],[61949,0],]]
[62206,12,63,[[62205,0],[62207,0],[62462,0],[61950,0],]]
[62207,4,63,[[62206,0],[62463,0],[62462,0],[61951,0],]]
[62208,3,56,[[62209,0],[61952,0],[61953,0],[62464,0],]]
[62209,16,56,[[62210,0],[62208,0],[61953,0],[62465,0],]]
[62210,11,56,[[62209,0],[62211,0],[61954,0],[61955,0],[62466,0],]]
[62211,17,56,[[62212,0],[62210,0],[61955,0],[62467,0],]]
[62212,8,56,[[62211,0],[62213,0],[61956,0],[61957,0],[62468,0],]]
[62213,19,56,[[62214,0],[62212,0],[61957,0],[62469,0],]]
[62214,5,56,[[62213,0],[62215,0],[61958,0],[61959,0],[62470,0],]]
[62215,18,56,[[62216,0],[62214,0],[61959,0],[62471,0],]]
[62216,5,56,[[62215,0],[62217,0],[61960,0],[61961,0],[62472,0],]]
[62217,7,56,[[62218,0],[62216,0],[61961,0],[62473,0],]]
[62218,13,56,[[62217,0],[62219,0],[61962,0],[61963,0],[62474,0],]]
[62219,14,56,[[62220,0],[62218,0],[61963,0],[62475,0],]]
[62220,6,56,[[62219,0],[62221,0],[61964,0],[61965,0],[62476,0],]]
[62221,11,56,[[62222,0],[62220,0],[61965,0],[62477,0],]]
[62222,10,56,[[62221,0],[62223,0],[61966,0],[61967,0],[62478,0],]]
[62223,10,56,[[62224,0],[62222,0],[61967,0],[62479,0],]]
[62224,19,56,[[62223,0],[62225,0],[61968,0],[61969,0],[62480,0],]]
[62225,1,56,[[62226,0],[62224,0],[61969,0],[62481,0],]]
[62226,15,56,[[62225,0],[62227,0],[61970,0],[61971,0],[62482,0],]]
[62227,14,56,[[62228,0],[62226,0],[61971,0],[62483,0],]]
[62228,18,56,[[62227,0],[62229,0],[61972,0],[61973,0],[62484,0],]]
[62229,8,56,[[62230,0],[62228,0],[61973,0],[62485,0],]]
[62230,16,56,[[62229,0],[62231,0],[61974,0],[61975,0],[62486,0],]]
[62231,19,56,[[62232,0],[62230,0],[61975,0],[62487,0],]]
[62232,15,56,[[62231,0],[62233,0],[61976,0],[61977,0],[62488,0],]]
[62233,7,56,[[62234,0],[62232,0],[61977,0],[62489,0],]]
[62234,8,56,[[62233,0],[62235,0],[61978,0],[61979,0],[62490,0],]]
[62235,2,56,[[62236,0],[62234,0],[61979,0],[62491,0],]]
[62236,11,56,[[62235,0],[62237,0],[61980,0],[61981,0],[62492,0],]]
[62237,8,56,[[62238,0],[62236,0],[61981,0],[62493,0],]]
[62238,12,56,[[62237,0],[62239,0],[61982,0],[61983,0],[62494,0],]]
[62239,10,56,[[62240,0],[62238,0],[61983,0],[62495,0],]]
[62240,1,57,[[62239,0],[62241,0],[61984,0],[61985,0],[62496,0],]]
[62241,14,57,[[62242,0],[62240,0],[61985,0],[62497,0],]]
[62242,7,57,[[62241,0],[62243,0],[61986,0],[61987,0],[62498,0],]]
[62243,4,57,[[62244,0],[62242,0],[61987,0],[62499,0],]]
[62244,8,57,[[62243,0],[62245,0],[61988,0],[61989,0],[62500,0],]]
[62245,8,57,[[62246,0],[62244,0],[61989,0],[62501,0],]]
[62246,1,57,[[62245,0],[62247,0],[61990,0],[61991,0],[62502,0],]]
[62247,1,57,[[62248,0],[62246,0],[61991,0],[62503,0],]]
[62248,2,57,[[62247,0],[62249,0],[61992,0],[61993,0],[62504,0],]]
[62249,8,57,[[62250,0],[62248,0],[61993,0],[62505,0],]]
[62250,1,57,[[62249,0],[62251,0],[61994,0],[61995,0],[62506,0],]]
[62251,5,57,[[62252,0],[62250,0],[61995,0],[62507,0],]]
[62252,9,57,[[62251,0],[62253,0],[61996,0],[61997,0],[62508,0],]]
[62253,14,57,[[62254,0],[62252,0],[61997,0],[62509,0],]]
[62254,10,57,[[62253,0],[62255,0],[61998,0],[61999,0],[62510,0],]]
[62255,17,57,[[62256,0],[62254,0],[61999,0],[62511,0],]]
[62256,18,57,[[62255,0],[62257,0],[62000,0],[62001,0],[62512,0],]]
[62257,12,57,[[62258,0],[62256,0],[62001,0],[62513,0],]]
[62258,15,57,[[62257,0],[62259,0],[62002,0],[62003,0],[62514,0],]]
