[60293,12,60,[[60294,0],[60292,0],[60037,0],[60549,0],]]
[60294,17,60,[[60293,0],[60295,0],[60038,0],[60039,0],[60550,0],]]
[60295,9,60,[[60296,0],[60294,0],[60039,0],[60551,0],]]
[60296,17,60,[[60295,0],[60297,0],[60040,0],[60041,0],[60552,0],]]
[60297,3,60,[[60298,0],[60296,0],[60041,0],[60553,0],]]
[60298,14,60,[[60297,0],[60299,0],[60042,0],[60043,0],[60554,0],]]
[60299,11,60,[[60300,0],[60298,0],[60043,0],[60555,0],]]
[60300,3,60,[[60299,0],[60301,0],[60044,0],[60045,0],[60556,0],]]
[60301,8,60,[[60302,0],[60300,0],[60045,0],[60557,0],]]
[60302,1,60,[[60301,0],[60303,0],[60046,0],[60047,0],[60558,0],]]
[60303,8,60,[[60304,0],[60302,0],[60047,0],[60559,0],]]
[60304,3,60,[[60303,0],[60305,0],[60048,0],[60049,0],[60560,0],]]
[60305,17,60,[[60306,0],[60304,0],[60049,0],[60561,0],]]
[60306,17,60,[[60305,0],[60307,0],[60050,0],[60051,0],[60562,0],]]
[60307,7,60,[[60308,0],[60306,0],[60051,0],[60563,0],]]
[60308,10,60,[[60307,0],[60309,0],[60052,0],[60053,0],[60564,0],]]
[60309,18,60,[[60310,0],[60308,0],[60053,0],[60565,0],]]
[60310,19,60,[[60309,0],[60311,0],[60054,0],[60055,0],[60566,0],]]
[60311,9,60,[[60312,0],[60310,0],[60055,0],[60567,0],]]
[60312,19,60,[[60311,0],[60313,0],[60056,0],[60057,0],[60568,0],]]
[60313,14,60,[[60314,0],[60312,0],[60057,0],[60569,0],]]
[60314,7,60,[[60313,0],[60315,0],[60058,0],[60059,0],[60570,0],]]
[60315,2,60,[[60316,0],[60314,0],[60059,0],[60571,0],]]
[60316,6,60,[[60315,0],[60317,0],[60060,0],[60061,0],[60572,0],]]
[60317,16,60,[[60318,0],[60316,0],[60061,0],[60573,0],]]
[60318,5,60,[[60317,0],[60319,0],[60062,0],[60063,0],[60574,0],]]
[60319,13,60,[[60320,0],[60318,0],[60063,0],[60575,0],]]
[60320,11,61,[[60319,0],[60321,0],[60064,0],[60065,0],[60576,0],]]
[60321,5,61,[[60322,0],[60320,0],[60065,0],[60577,0],]]
[60322,10,61,[[60321,0],[60323,0],[60066,0],[60067,0],[60578,0],]]
[60323,9,61,[[60324,0],[60322,0],[60067,0],[60579,0],]]
[60324,11,61,[[60323,0],[60325,0],[60068,0],[60069,0],[60580,0],]]
[60325,2,61,[[60326,0],[60324,0],[60069,0],[60581,0],]]
[60326,13,61,[[60325,0],[60327,0],[60070,0],[60071,0],[60582,0],]]
[60327,4,61,[[60328,0],[60326,0],[60071,0],[60583,0],]]
[60328,15,61,[[60327,0],[60329,0],[60072,0],[60073,0],[60584,0],]]
[60329,8,61,[[60330,0],[60328,0],[60073,0],[60585,0],]]
[60330,9,61,[[60329,0],[60331,0],[60074,0],[60075,0],[60586,0],]]
[60331,12,61,[[60332,0],[60330,0],[60075,0],[60587,0],]]
[60332,15,61,[[60331,0],[60333,0],[60076,0],[60077,0],[60588,0],]]
[60333,17,61,[[60334,0],[60332,0],[60077,0],[60589,0],]]
[60334,4,61,[[60333,0],[60335,0],[60078,0],[60079,0],[60590,0],]]
[60335,11,61,[[60336,0],[60334,0],[60079,0],[60591,0],]]
[60336,7,61,[[60335,0],[60337,0],[60080,0],[60081,0],[60592,0],]]
[60337,10,61,[[60338,0],[60336,0],[60081,0],[60593,0],]]
[60338,14,61,[[60337,0],[60339,0],[60082,0],[60083,0],[60594,0],]]
[60339,18,61,[[60340,0],[60338,0],[60083,0],[60595,0],]]
[60340,8,61,[[60339,0],[60341,0],[60084,0],[60085,0],[60596,0],]]
[60341,7,61,[[60342,0],[60340,0],[60085,0],[60597,0],]]
[60342,9,61,[[60341,0],[60343,0],[60086,0],[60087,0],[60598,0],]]
[60343,10,61,[[60344,0],[60342,0],[60087,0],[60599,0],]]
[60344,7,61,[[60343,0],[60345,0],[60088,0],[60089,0],[60600,0],]]
[60345,17,61,[[60346,0],[60344,0],[60089,0],[60601,0],]]
[60346,15,61,[[60345,0],[60347,0],[60090,0],[60091,0],[60602,0],]]
[60347,12,61,[[60348,0],[60346,0],[60091,0],[60603,0],]]
[60348,12,61,[[60347,0],[60349,0],[60092,0],[60093,0],[60604,0],]]
[60349,15,61,[[60350,0],[60348,0],[60093,0],[60605,0],]]
[60350,13,61,[[60349,0],[60351,0],[60094,0],[60095,0],[60606,0],]]
[60351,19,61,[[60352,0],[60350,0],[60095,0],[60607,0],]]
[60352,7,62,[[60351,0],[60353,0],[60096,0],[60097,0],[60608,0],]]
[60353,4,62,[[60354,0],[60352,0],[60097,0],[60609,0],]]
[60354,19,62,[[60353,0],[60355,0],[60098,0],[60099,0],[60610,0],]]
[60355,8,62,[[60356,0],[60354,0],[60099,0],[60611,0],]]
[60356,8,62,[[60355,0],[60357,0],[60100,0],[60101,0],[60612,0],]]
[60357,1,62,[[60358,0],[60356,0],[60101,0],[60613,0],]]
[60358,9,62,[[60357,0],[60359,0],[60102,0],[60103,0],[60614,0],]]
[60359,19,62,[[60360,0],[60358,0],[60103,0],[60615,0],]]
[60360,14,62,[[60359,0],[60361,0],[60104,0],[60105,0],[60616,0],]]
[60361,10,62,[[60362,0],[60360,0],[60105,0],[60617,0],]]
[60362,4,62,[[60361,0],[60363,0],[60106,0],[60107,0],[60618,0],]]
[60363,7,62,[[60364,0],[60362,0],[60107,0],[60619,0],]]
[60364,12,62,[[60363,0],[60365,0],[60108,0],[60109,0],[60620,0],]]
[60365,14,62,[[60366,0],[60364,0],[60109,0],[60621,0],]]
[60366,13,62,[[60365,0],[60367,0],[60110,0],[60111,0],[60622,0],]]
[60367,3,62,[[60368,0],[60366,0],[60111,0],[60623,0],]]
[60368,7,62,[[60367,0],[60369,0],[60112,0],[60113,0],[60624,0],]]
[60369,8,62,[[60370,0],[60368,0],[60113,0],[60625,0],]]
[60370,17,62,[[60369,0],[60371,0],[60114,0],[60115,0],[60626,0],]]
[60371,12,62,[[60372,0],[60370,0],[60115,0],[60627,0],]]
[60372,11,62,[[60371,0],[60373,0],[60116,0],[60117,0],[60628,0],]]
[60373,16,62,[[60374,0],[60372,0],[60117,0],[60629,0],]]
[60374,17,62,[[60373,0],[60375,0],[60118,0],[60119,0],[60630,0],]]
[60375,7,62,[[60376,0],[60374,0],[60119,0],[60631,0],]]
[60376,3,62,[[60375,0],[60377,0],[60120,0],[60121,0],[60632,0],]]
[60377,8,62,[[60378,0],[60376,0],[60121,0],[60633,0],]]
[60378,17,62,[[60377,0],[60379,0],[60122,0],[60123,0],[60634,0],]]
[60379,4,62,[[60380,0],[60378,0],[60123,0],[60635,0],]]
[60380,8,62,[[60379,0],[60381,0],[60124,0],[60125,0],[60636,0],]]
[60381,18,62,[[60382,0],[60380,0],[60125,0],[60637,0],]]
[60382,2,62,[[60381,0],[60383,0],[60126,0],[60127,0],[60638,0],]]
[60383,9,62,[[60384,0],[60382,0],[60127,0],[60639,0],]]
[60384,13,63,[[60383,0],[60385,0],[60128,0],[60129,0],[60640,0],]]
[60385,1,63,[[60386,0],[60384,0],[60129,0],[60641,0],]]
[60386,2,63,[[60385,0],[60387,0],[60130,0],[60131,0],[60642,0],]]
[60387,14,63,[[60388,0],[60386,0],[60131,0],[60643,0],]]
[60388,10,63,[[60387,0],[60389,0],[60132,0],[60133,0],[60644,0],]]
[60389,6,63,[[60390,0],[60388,0],[60133,0],[60645,0],]]
[60390,3,63,[[60389,0],[60391,0],[60134,0],[60135,0],[60646,0],]]
[60391,11,63,[[60392,0],[60390,0],[60135,0],[60647,0],]]
[60392,18,63,[[60391,0],[60393,0],[60136,0],[60137,0],[60648,0],]]
[60393,11,63,[[60394,0],[60392,0],[60137,0],[60649,0],]]
[60394,10,63,[[60393,0],[60395,0],[60138,0],[60139,0],[60650,0],]]
[60395,18,63,[[60396,0],[60394,0],[60139,0],[60651,0],]]
[60396,14,63,[[60395,0],[60397,0],[60140,0],[60141,0],[60652,0],]]
[60397,6,63,[[60398,0],[60396,0],[60141,0],[60653,0],]]
[60398,1,63,[[60397,0],[60399,0],[60142,0],[60143,0],[60654,0],]]
[60399,1,63,[[60400,0],[60398,0],[60143,0],[60655,0],]]
[60400,6,63,[[60399,0],[60401,0],[60144,0],[60145,0],[60656,0],]]
[60401,12,63,[[60402,0],[60400,0],[60145,0],[60657,0],]]
[60402,10,63,[[60401,0],[60403,0],[60146,0],[60147,0],[60658,0],]]
[60403,8,63,[[60404,0],[60402,0],[60147,0],[60659,0],]]
[60404,14,63,[[60403,0],[60405,0],[60148,0],[60149,0],[60660,0],]]
[60405,5,63,[[60406,0],[60404,0],[60149,0],[60661,0],]]
[60406,16,63,[[60405,0],[60407,0],[60150,0],[60151,0],[60662,0],]]
[60407,10,63,[[60408,0],[60406,0],[60151,0],[60663,0],]]
[60408,9,63,[[60407,0],[60409,0],[60152,0],[60153,0],[60664,0],]]
[60409,10,63,[[60410,0],[60408,0],[60153,0],[60665,0],]]
[60410,6,63,[[60409,0],[60411,0],[60154,0],[60155,0],[60666,0],]]
[60411,14,63,[[60412,0],[60410,0],[60155,0],[60667,0],]]
[60412,3,63,[[60411,0],[60413,0],[60156,0],[60157,0],[60668,0],]]
[60413,9,63,[[60414,0],[60412,0],[60157,0],[60669,0],]]
[60414,2,63,[[60413,0],[60415,0],[60158,0],[60159,0],[60670,0],]]
[60415,14,63,[[60414,0],[60159,0],[60671,0],]]
[60416,14,56,[[60417,0],[60672,0],[60160,0],]]
[60417,13,56,[[60418,0],[60416,0],[60673,0],[60672,0],[60161,0],]]
[60418,4,56,[[60417,0],[60419,0],[60674,0],[60162,0],]]
[60419,2,56,[[60420,0],[60418,0],[60675,0],[60674,0],[60163,0],]]
[60420,16,56,[[60419,0],[60421,0],[60676,0],[60164,0],]]
[60421,4,56,[[60422,0],[60420,0],[60677,0],[60676,0],[60165,0],]]
[60422,1,56,[[60421,0],[60423,0],[60678,0],[60166,0],]]
[60423,3,56,[[60424,0],[60422,0],[60679,0],[60678,0],[60167,0],]]
[60424,17,56,[[60423,0],[60425,0],[60680,0],[60168,0],]]
[60425,4,56,[[60426,0],[60424,0],[60681,0],[60680,0],[60169,0],]]
[60426,14,56,[[60425,0],[60427,0],[60682,0],[60170,0],]]
[60427,6,56,[[60428,0],[60426,0],[60683,0],[60682,0],[60171,0],]]
[60428,1,56,[[60427,0],[60429,0],[60684,0],[60172,0],]]
[60429,5,56,[[60430,0],[60428,0],[60685,0],[60684,0],[60173,0],]]
[60430,9,56,[[60429,0],[60431,0],[60686,0],[60174,0],]]
[60431,11,56,[[60432,0],[60430,0],[60687,0],[60686,0],[60175,0],]]
[60432,6,56,[[60431,0],[60433,0],[60688,0],[60176,0],]]
[60433,13,56,[[60434,0],[60432,0],[60689,0],[60688,0],[60177,0],]]
[60434,3,56,[[60433,0],[60435,0],[60690,0],[60178,0],]]
[60435,9,56,[[60436,0],[60434,0],[60691,0],[60690,0],[60179,0],]]
[60436,9,56,[[60435,0],[60437,0],[60692,0],[60180,0],]]
[60437,9,56,[[60438,0],[60436,0],[60693,0],[60692,0],[60181,0],]]
[60438,7,56,[[60437,0],[60439,0],[60694,0],[60182,0],]]
[60439,12,56,[[60440,0],[60438,0],[60695,0],[60694,0],[60183,0],]]
[60440,8,56,[[60439,0],[60441,0],[60696,0],[60184,0],]]
[60441,9,56,[[60442,0],[60440,0],[60697,0],[60696,0],[60185,0],]]
[60442,15,56,[[60441,0],[60443,0],[60698,0],[60186,0],]]
[60443,10,56,[[60444,0],[60442,0],[60699,0],[60698,0],[60187,0],]]
[60444,13,56,[[60443,0],[60445,0],[60700,0],[60188,0],]]
[60445,8,56,[[60446,0],[60444,0],[60701,0],[60700,0],[60189,0],]]
[60446,1,56,[[60445,0],[60447,0],[60702,0],[60190,0],]]
[60447,2,56,[[60448,0],[60446,0],[60703,0],[60702,0],[60191,0],]]
[60448,13,57,[[60447,0],[60449,0],[60704,0],[60192,0],]]
[60449,15,57,[[60450,0],[60448,0],[60705,0],[60704,0],[60193,0],]]
[60450,1,57,[[60449,0],[60451,0],[60706,0],[60194,0],]]
[60451,7,57,[[60452,0],[60450,0],[60707,0],[60706,0],[60195,0],]]
[60452,14,57,[[60451,0],[60453,0],[60708,0],[60196,0],]]
[60453,16,57,[[60454,0],[60452,0],[60709,0],[60708,0],[60197,0],]]
[60454,9,57,[[60453,0],[60455,0],[60710,0],[60198,0],]]
[60455,15,57,[[60456,0],[60454,0],[60711,0],[60710,0],[60199,0],]]
[60456,19,57,[[60455,0],[60457,0],[60712,0],[60200,0],]]
[60457,12,57,[[60458,0],[60456,0],[60713,0],[60712,0],[60201,0],]]
[60458,9,57,[[60457,0],[60459,0],[60714,0],[60202,0],]]
[60459,17,57,[[60460,0],[60458,0],[60715,0],[60714,0],[60203,0],]]
[60460,11,57,[[60459,0],[60461,0],[60716,0],[60204,0],]]
[60461,2,57,[[60462,0],[60460,0],[60717,0],[60716,0],[60205,0],]]
[60462,17,57,[[60461,0],[60463,0],[60718,0],[60206,0],]]
[60463,17,57,[[60464,0],[60462,0],[60719,0],[60718,0],[60207,0],]]
[60464,1,57,[[60463,0],[60465,0],[60720,0],[60208,0],]]
[60465,9,57,[[60466,0],[60464,0],[60721,0],[60720,0],[60209,0],]]
[60466,15,57,[[60465,0],[60467,0],[60722,0],[60210,0],]]
[60467,3,57,[[60468,0],[60466,0],[60723,0],[60722,0],[60211,0],]]
[60468,17,57,[[60467,0],[60469,0],[60724,0],[60212,0],]]
[60469,10,57,[[60470,0],[60468,0],[60725,0],[60724,0],[60213,0],]]
[60470,10,57,[[60469,0],[60471,0],[60726,0],[60214,0],]]
[60471,19,57,[[60472,0],[60470,0],[60727,0],[60726,0],[60215,0],]]
[60472,5,57,[[60471,0],[60473,0],[60728,0],[60216,0],]]
[60473,10,57,[[60474,0],[60472,0],[60729,0],[60728,0],[60217,0],]]
[60474,7,57,[[60473,0],[60475,0],[60730,0],[60218,0],]]
[60475,14,57,[[60476,0],[60474,0],[60731,0],[60730,0],[60219,0],]]
[60476,1,57,[[60475,0],[60477,0],[60732,0],[60220,0],]]
[60477,11,57,[[60478,0],[60476,0],[60733,0],[60732,0],[60221,0],]]
[60478,9,57,[[60477,0],[60479,0],[60734,0],[60222,0],]]
[60479,2,57,[[60480,0],[60478,0],[60735,0],[60734,0],[60223,0],]]
[60480,17,58,[[60479,0],[60481,0],[60736,0],[60224,0],]]
[60481,3,58,[[60482,0],[60480,0],[60737,0],[60736,0],[60225,0],]]
[60482,19,58,[[60481,0],[60483,0],[60738,0],[60226,0],]]
[60483,7,58,[[60484,0],[60482,0],[60739,0],[60738,0],[60227,0],]]
[60484,3,58,[[60483,0],[60485,0],[60740,0],[60228,0],]]
[60485,16,58,[[60486,0],[60484,0],[60741,0],[60740,0],[60229,0],]]
[60486,9,58,[[60485,0],[60487,0],[60742,0],[60230,0],]]
[60487,17,58,[[60488,0],[60486,0],[60743,0],[60742,0],[60231,0],]]
[60488,3,58,[[60487,0],[60489,0],[60744,0],[60232,0],]]
[60489,19,58,[[60490,0],[60488,0],[60745,0],[60744,0],[60233,0],]]
[60490,6,58,[[60489,0],[60491,0],[60746,0],[60234,0],]]
[60491,2,58,[[60492,0],[60490,0],[60747,0],[60746,0],[60235,0],]]
[60492,17,58,[[60491,0],[60493,0],[60748,0],[60236,0],]]
[60493,17,58,[[60494,0],[60492,0],[60749,0],[60748,0],[60237,0],]]
[60494,4,58,[[60493,0],[60495,0],[60750,0],[60238,0],]]
[60495,19,58,[[60496,0],[60494,0],[60751,0],[60750,0],[60239,0],]]
[60496,14,58,[[60495,0],[60497,0],[60752,0],[60240,0],]]
[60497,9,58,[[60498,0],[60496,0],[60753,0],[60752,0],[60241,0],]]
[60498,6,58,[[60497,0],[60499,0],[60754,0],[60242,0],]]
[60499,13,58,[[60500,0],[60498,0],[60755,0],[60754,0],[60243,0],]]
[60500,3,58,[[60499,0],[60501,0],[60756,0],[60244,0],]]
[60501,13,58,[[60502,0],[60500,0],[60757,0],[60756,0],[60245,0],]]
[60502,4,58,[[60501,0],[60503,0],[60758,0],[60246,0],]]
[60503,4,58,[[60504,0],[60502,0],[60759,0],[60758,0],[60247,0],]]
[60504,19,58,[[60503,0],[60505,0],[60760,0],[60248,0],]]
[60505,6,58,[[60506,0],[60504,0],[60761,0],[60760,0],[60249,0],]]
[60506,15,58,[[60505,0],[60507,0],[60762,0],[60250,0],]]
[60507,14,58,[[60508,0],[60506,0],[60763,0],[60762,0],[60251,0],]]
[60508,6,58,[[60507,0],[60509,0],[60764,0],[60252,0],]]
[60509,16,58,[[60510,0],[60508,0],[60765,0],[60764,0],[60253,0],]]
[60510,8,58,[[60509,0],[60511,0],[60766,0],[60254,0],]]
[60511,4,58,[[60512,0],[60510,0],[60767,0],[60766,0],[60255,0],]]
[60512,9,59,[[60511,0],[60513,0],[60768,0],[60256,0],]]
[60513,9,59,[[60514,0],[60512,0],[60769,0],[60768,0],[60257,0],]]
[60514,6,59,[[60513,0],[60515,0],[60770,0],[60258,0],]]
[60515,1,59,[[60516,0],[60514,0],[60771,0],[60770,0],[60259,0],]]
[60516,18,59,[[60515,0],[60517,0],[60772,0],[60260,0],]]
[60517,4,59,[[60518,0],[60516,0],[60773,0],[60772,0],[60261,0],]]
[60518,8,59,[[60517,0],[60519,0],[60774,0],[60262,0],]]
[60519,7,59,[[60520,0],[60518,0],[60775,0],[60774,0],[60263,0],]]
[60520,4,59,[[60519,0],[60521,0],[60776,0],[60264,0],]]
[60521,5,59,[[60522,0],[60520,0],[60777,0],[60776,0],[60265,0],]]
[60522,7,59,[[60521,0],[60523,0],[60778,0],[60266,0],]]
[60523,19,59,[[60524,0],[60522,0],[60779,0],[60778,0],[60267,0],]]
[60524,7,59,[[60523,0],[60525,0],[60780,0],[60268,0],]]
[60525,1,59,[[60526,0],[60524,0],[60781,0],[60780,0],[60269,0],]]
[60526,18,59,[[60525,0],[60527,0],[60782,0],[60270,0],]]
[60527,13,59,[[60528,0],[60526,0],[60783,0],[60782,0],[60271,0],]]
[60528,4,59,[[60527,0],[60529,0],[60784,0],[60272,0],]]
[60529,10,59,[[60530,0],[60528,0],[60785,0],[60784,0],[60273,0],]]
[60530,16,59,[[60529,0],[60531,0],[60786,0],[60274,0],]]
[60531,9,59,[[60532,0],[60530,0],[60787,0],[60786,0],[60275,0],]]
[60532,12,59,[[60531,0],[60533,0],[60788,0],[60276,0],]]
[60533,1,59,[[60534,0],[60532,0],[60789,0],[60788,0],[60277,0],]]
[60534,6,59,[[60533,0],[60535,0],[60790,0],[60278,0],]]
[60535,18,59,[[60536,0],[60534,0],[60791,0],[60790,0],[60279,0],]]
[60536,10,59,[[60535,0],[60537,0],[60792,0],[60280,0],]]
[60537,10,59,[[60538,0],[60536,0],[60793,0],[60792,0],[60281,0],]]
[60538,19,59,[[60537,0],[60539,0],[60794,0],[60282,0],]]
[60539,17,59,[[60540,0],[60538,0],[60795,0],[60794,0],[60283,0],]]
[60540,2,59,[[60539,0],[60541,0],[60796,0],[60284,0],]]
[60541,18,59,[[60542,0],[60540,0],[60797,0],[60796,0],[60285,0],]]
[60542,7,59,[[60541,0],[60543,0],[60798,0],[60286,0],]]
[60543,11,59,[[60544,0],[60542,0],[60799,0],[60798,0],[60287,0],]]
[60544,8,60,[[60543,0],[60545,0],[60800,0],[60288,0],]]
[60545,14,60,[[60546,0],[60544,0],[60801,0],[60800,0],[60289,0],]]
[60546,16,60,[[60545,0],[60547,0],[60802,0],[60290,0],]]
[60547,1,60,[[60548,0],[60546,0],[60803,0],[60802,0],[60291,0],]]
[60548,13,60,[[60547,0],[60549,0],[60804,0],[60292,0],]]
[60549,9,60,[[60550,0],[60548,0],[60805,0],[60804,0],[60293,0],]]
[60550,1,60,[[60549,0],[60551,0],[60806,0],[60294,0],]]
[60551,17,60,[[60552,0],[60550,0],[60807,0],[60806,0],[60295,0],]]
[60552,18,60,[[60551,0],[60553,0],[60808,0],[60296,0],]]
[60553,1,60,[[60554,0],[60552,0],[60809,0],[60808,0],[60297,0],]]
[60554,8,60,[[60553,0],[60555,0],[60810,0],[60298,0],]]
[60555,5,60,[[60556,0],[60554,0],[60811,0],[60810,0],[60299,0],]]
[60556,15,60,[[60555,0],[60557,0],[60812,0],[60300,0],]]
[60557,2,60,[[60558,0],[60556,0],[60813,0],[60812,0],[60301,0],]]
[60558,6,60,[[60557,0],[60559,0],[60814,0],[60302,0],]]
[60559,11,60,[[60560,0],[60558,0],[60815,0],[60814,0],[60303,0],]]
[60560,15,60,[[60559,0],[60561,0],[60816,0],[60304,0],]]
[60561,19,60,[[60562,0],[60560,0],[60817,0],[60816,0],[60305,0],]]
[60562,10,60,[[60561,0],[60563,0],[60818,0],[60306,0],]]
[60563,5,60,[[60564,0],[60562,0],[60819,0],[60818,0],[60307,0],]]
[60564,13,60,[[60563,0],[60565,0],[60820,0],[60308,0],]]
[60565,19,60,[[60566,0],[60564,0],[60821,0],[60820,0],[60309,0],]]
[60566,4,60,[[60565,0],[60567,0],[60822,0],[60310,0],]]
[60567,18,60,[[60568,0],[60566,0],[60823,0],[60822,0],[60311,0],]]
[60568,10,60,[[60567,0],[60569,0],[60824,0],[60312,0],]]
[60569,16,60,[[60570,0],[60568,0],[60825,0],[60824,0],[60313,0],]]
[60570,17,60,[[60569,0],[60571,0],[60826,0],[60314,0],]]
[60571,9,60,[[60572,0],[60570,0],[60827,0],[60826,0],[60315,0],]]
[60572,6,60,[[60571,0],[60573,0],[60828,0],[60316,0],]]
[60573,1,60,[[60574,0],[60572,0],[60829,0],[60828,0],[60317,0],]]
[60574,2,60,[[60573,0],[60575,0],[60830,0],[60318,0],]]
[60575,12,60,[[60576,0],[60574,0],[60831,0],[60830,0],[60319,0],]]
[60576,19,61,[[60575,0],[60577,0],[60832,0],[60320,0],]]
[60577,2,61,[[60578,0],[60576,0],[60833,0],[60832,0],[60321,0],]]
[60578,8,61,[[60577,0],[60579,0],[60834,0],[60322,0],]]
[60579,4,61,[[60580,0],[60578,0],[60835,0],[60834,0],[60323,0],]]
[60580,4,61,[[60579,0],[60581,0],[60836,0],[60324,0],]]
[60581,12,61,[[60582,0],[60580,0],[60837,0],[60836,0],[60325,0],]]
[60582,2,61,[[60581,0],[60583,0],[60838,0],[60326,0],]]
[60583,17,61,[[60584,0],[60582,0],[60839,0],[60838,0],[60327,0],]]
[60584,3,61,[[60583,0],[60585,0],[60840,0],[60328,0],]]
[60585,18,61,[[60586,0],[60584,0],[60841,0],[60840,0],[60329,0],]]
[60586,6,61,[[60585,0],[60587,0],[60842,0],[60330,0],]]
[60587,14,61,[[60588,0],[60586,0],[60843,0],[60842,0],[60331,0],]]
[60588,1,61,[[60587,0],[60589,0],[60844,0],[60332,0],]]
[60589,7,61,[[60590,0],[60588,0],[60845,0],[60844,0],[60333,0],]]
[60590,6,61,[[60589,0],[60591,0],[60846,0],[60334,0],]]
[60591,8,61,[[60592,0],[60590,0],[60847,0],[60846,0],[60335,0],]]
[60592,9,61,[[60591,0],[60593,0],[60848,0],[60336,0],]]
[60593,17,61,[[60594,0],[60592,0],[60849,0],[60848,0],[60337,0],]]
[60594,18,61,[[60593,0],[60595,0],[60850,0],[60338,0],]]
[60595,19,61,[[60596,0],[60594,0],[60851,0],[60850,0],[60339,0],]]
[60596,14,61,[[60595,0],[60597,0],[60852,0],[60340,0],]]
[60597,10,61,[[60598,0],[60596,0],[60853,0],[60852,0],[60341,0],]]
[60598,8,61,[[60597,0],[60599,0],[60854,0],[60342,0],]]
[60599,5,61,[[60600,0],[60598,0],[60855,0],[60854,0],[60343,0],]]
[60600,3,61,[[60599,0],[60601,0],[60856,0],[60344,0],]]
[60601,14,61,[[60602,0],[60600,0],[60857,0],[60856,0],[60345,0],]]
[60602,11,61,[[60601,0],[60603,0],[60858,0],[60346,0],]]
[60603,19,61,[[60604,0],[60602,0],[60859,0],[60858,0],[60347,0],]]
[60604,9,61,[[60603,0],[60605,0],[60860,0],[60348,0],]]
[60605,8,61,[[60606,0],[60604,0],[60861,0],[60860,0],[60349,0],]]
[60606,12,61,[[60605,0],[60607,0],[60862,0],[60350,0],]]
[60607,11,61,[[60608,0],[60606,0],[60863,0],[60862,0],[60351,0],]]
[60608,10,62,[[60607,0],[60609,0],[60864,0],[60352,0],]]
[60609,1,62,[[60610,0],[60608,0],[60865,0],[60864,0],[60353,0],]]
[60610,17,62,[[60609,0],[60611,0],[60866,0],[60354,0],]]
[60611,2,62,[[60612,0],[60610,0],[60867,0],[60866,0],[60355,0],]]
[60612,10,62,[[60611,0],[60613,0],[60868,0],[60356,0],]]
[60613,6,62,[[60614,0],[60612,0],[60869,0],[60868,0],[60357,0],]]
[60614,18,62,[[60613,0],[60615,0],[60870,0],[60358,0],]]
[60615,3,62,[[60616,0],[60614,0],[60871,0],[60870,0],[60359,0],]]
[60616,8,62,[[60615,0],[60617,0],[60872,0],[60360,0],]]
[60617,11,62,[[60618,0],[60616,0],[60873,0],[60872,0],[60361,0],]]
[60618,17,62,[[60617,0],[60619,0],[60874,0],[60362,0],]]
[60619,19,62,[[60620,0],[60618,0],[60875,0],[60874,0],[60363,0],]]
[60620,7,62,[[60619,0],[60621,0],[60876,0],[60364,0],]]
[60621,3,62,[[60622,0],[60620,0],[60877,0],[60876,0],[60365,0],]]
[60622,1,62,[[60621,0],[60623,0],[60878,0],[60366,0],]]
[60623,19,62,[[60624,0],[60622,0],[60879,0],[60878,0],[60367,0],]]
[60624,9,62,[[60623,0],[60625,0],[60880,0],[60368,0],]]
[60625,2,62,[[60626,0],[60624,0],[60881,0],[60880,0],[60369,0],]]
[60626,6,62,[[60625,0],[60627,0],[60882,0],[60370,0],]]
[60627,11,62,[[60628,0],[60626,0],[60883,0],[60882,0],[60371,0],]]
[60628,3,62,[[60627,0],[60629,0],[60884,0],[60372,0],]]
[60629,5,62,[[60630,0],[60628,0],[60885,0],[60884,0],[60373,0],]]
[60630,2,62,[[60629,0],[60631,0],[60886,0],[60374,0],]]
[60631,14,62,[[60632,0],[60630,0],[60887,0],[60886,0],[60375,0],]]
[60632,15,62,[[60631,0],[60633,0],[60888,0],[60376,0],]]
[60633,10,62,[[60634,0],[60632,0],[60889,0],[60888,0],[60377,0],]]
[60634,10,62,[[60633,0],[60635,0],[60890,0],[60378,0],]]
[60635,5,62,[[60636,0],[60634,0],[60891,0],[60890,0],[60379,0],]]
[60636,5,62,[[60635,0],[60637,0],[60892,0],[60380,0],]]
[60637,19,62,[[60638,0],[60636,0],[60893,0],[60892,0],[60381,0],]]
[60638,15,62,[[60637,0],[60639,0],[60894,0],[60382,0],]]
[60639,8,62,[[60640,0],[60638,0],[60895,0],[60894,0],[60383,0],]]
[60640,5,63,[[60639,0],[60641,0],[60896,0],[60384,0],]]
[60641,5,63,[[60642,0],[60640,0],[60897,0],[60896,0],[60385,0],]]
[60642,13,63,[[60641,0],[60643,0],[60898,0],[60386,0],]]
[60643,11,63,[[60644,0],[60642,0],[60899,0],[60898,0],[60387,0],]]
[60644,1,63,[[60643,0],[60645,0],[60900,0],[60388,0],]]
[60645,19,63,[[60646,0],[60644,0],[60901,0],[60900,0],[60389,0],]]
[60646,15,63,[[60645,0],[60647,0],[60902,0],[60390,0],]]
[60647,11,63,[[60648,0],[60646,0],[60903,0],[60902,0],[60391,0],]]
[60648,19,63,[[60647,0],[60649,0],[60904,0],[60392,0],]]
[60649,12,63,[[60650,0],[60648,0],[60905,0],[60904,0],[60393,0],]]
[60650,6,63,[[60649,0],[60651,0],[60906,0],[60394,0],]]
[60651,18,63,[[60652,0],[60650,0],[60907,0],[60906,0],[60395,0],]]
[60652,6,63,[[60651,0],[60653,0],[60908,0],[60396,0],]]
[60653,7,63,[[60654,0],[60652,0],[60909,0],[60908,0],[60397,0],]]
[60654,13,63,[[60653,0],[60655,0],[60910,0],[60398,0],]]
[60655,8,63,[[60656,0],[60654,0],[60911,0],[60910,0],[60399,0],]]
[60656,9,63,[[60655,0],[60657,0],[60912,0],[60400,0],]]
[60657,6,63,[[60658,0],[60656,0],[60913,0],[60912,0],[60401,0],]]
[60658,16,63,[[60657,0],[60659,0],[60914,0],[60402,0],]]
[60659,13,63,[[60660,0],[60658,0],[60915,0],[60914,0],[60403,0],]]
[60660,11,63,[[60659,0],[60661,0],[60916,0],[60404,0],]]
[60661,15,63,[[60662,0],[60660,0],[60917,0],[60916,0],[60405,0],]]
[60662,4,63,[[60661,0],[60663,0],[60918,0],[60406,0],]]
[60663,2,63,[[60664,0],[60662,0],[60919,0],[60918,0],[60407,0],]]
[60664,3,63,[[60663,0],[60665,0],[60920,0],[60408,0],]]
[60665,2,63,[[60666,0],[60664,0],[60921,0],[60920,0],[60409,0],]]
[60666,19,63,[[60665,0],[60667,0],[60922,0],[60410,0],]]
[60667,8,63,[[60668,0],[60666,0],[60923,0],[60922,0],[60411,0],]]
[60668,4,63,[[60667,0],[60669,0],[60924,0],[60412,0],]]
[60669,4,63,[[60670,0],[60668,0],[60925,0],[60924,0],[60413,0],]]
[60670,6,63,[[60669,0],[60671,0],[60926,0],[60414,0],]]
[60671,13,63,[[60670,0],[60927,0],[60926,0],[60415,0],]]
[60672,15,56,[[60673,0],[60416,0],[60417,0],[60928,0],]]
[60673,1,56,[[60674,0],[60672,0],[60417,0],[60929,0],]]
[60674,10,56,[[60673,0],[60675,0],[60418,0],[60419,0],[60930,0],]]
[60675,8,56,[[60676,0],[60674,0],[60419,0],[60931,0],]]
[60676,19,56,[[60675,0],[60677,0],[60420,0],[60421,0],[60932,0],]]
[60677,18,56,[[60678,0],[60676,0],[60421,0],[60933,0],]]
[60678,1,56,[[60677,0],[60679,0],[60422,0],[60423,0],[60934,0],]]
[60679,6,56,[[60680,0],[60678,0],[60423,0],[60935,0],]]
[60680,12,56,[[60679,0],[60681,0],[60424,0],[60425,0],[60936,0],]]
[60681,14,56,[[60682,0],[60680,0],[60425,0],[60937,0],]]
[60682,12,56,[[60681,0],[60683,0],[60426,0],[60427,0],[60938,0],]]
[60683,11,56,[[60684,0],[60682,0],[60427,0],[60939,0],]]
[60684,17,56,[[60683,0],[60685,0],[60428,0],[60429,0],[60940,0],]]
[60685,16,56,[[60686,0],[60684,0],[60429,0],[60941,0],]]
[60686,4,56,[[60685,0],[60687,0],[60430,0],[60431,0],[60942,0],]]
[60687,16,56,[[60688,0],[60686,0],[60431,0],[60943,0],]]
[60688,5,56,[[60687,0],[60689,0],[60432,0],[60433,0],[60944,0],]]
[60689,17,56,[[60690,0],[60688,0],[60433,0],[60945,0],]]
[60690,8,56,[[60689,0],[60691,0],[60434,0],[60435,0],[60946,0],]]
[60691,1,56,[[60692,0],[60690,0],[60435,0],[60947,0],]]
[60692,1,56,[[60691,0],[60693,0],[60436,0],[60437,0],[60948,0],]]
[60693,6,56,[[60694,0],[60692,0],[60437,0],[60949,0],]]
[60694,5,56,[[60693,0],[60695,0],[60438,0],[60439,0],[60950,0],]]
[60695,8,56,[[60696,0],[60694,0],[60439,0],[60951,0],]]
[60696,4,56,[[60695,0],[60697,0],[60440,0],[60441,0],[60952,0],]]
[60697,8,56,[[60698,0],[60696,0],[60441,0],[60953,0],]]
[60698,7,56,[[60697,0],[60699,0],[60442,0],[60443,0],[60954,0],]]
[60699,3,56,[[60700,0],[60698,0],[60443,0],[60955,0],]]
[60700,16,56,[[60699,0],[60701,0],[60444,0],[60445,0],[60956,0],]]
[60701,15,56,[[60702,0],[60700,0],[60445,0],[60957,0],]]
[60702,12,56,[[60701,0],[60703,0],[60446,0],[60447,0],[60958,0],]]
[60703,16,56,[[60704,0],[60702,0],[60447,0],[60959,0],]]
[60704,16,57,[[60703,0],[60705,0],[60448,0],[60449,0],[60960,0],]]
[60705,9,57,[[60706,0],[60704,0],[60449,0],[60961,0],]]
[60706,9,57,[[60705,0],[60707,0],[60450,0],[60451,0],[60962,0],]]
[60707,4,57,[[60708,0],[60706,0],[60451,0],[60963,0],]]
[60708,8,57,[[60707,0],[60709,0],[60452,0],[60453,0],[60964,0],]]
[60709,2,57,[[60710,0],[60708,0],[60453,0],[60965,0],]]
[60710,4,57,[[60709,0],[60711,0],[60454,0],[60455,0],[60966,0],]]
[60711,11,57,[[60712,0],[60710,0],[60455,0],[60967,0],]]
[60712,11,57,[[60711,0],[60713,0],[60456,0],[60457,0],[60968,0],]]
[60713,19,57,[[60714,0],[60712,0],[60457,0],[60969,0],]]
[60714,18,57,[[60713,0],[60715,0],[60458,0],[60459,0],[60970,0],]]
[60715,17,57,[[60716,0],[60714,0],[60459,0],[60971,0],]]
[60716,11,57,[[60715,0],[60717,0],[60460,0],[60461,0],[60972,0],]]
[60717,8,57,[[60718,0],[60716,0],[60461,0],[60973,0],]]
[60718,11,57,[[60717,0],[60719,0],[60462,0],[60463,0],[60974,0],]]
[60719,16,57,[[60720,0],[60718,0],[60463,0],[60975,0],]]
[60720,5,57,[[60719,0],[60721,0],[60464,0],[60465,0],[60976,0],]]
[60721,19,57,[[60722,0],[60720,0],[60465,0],[60977,0],]]
[60722,2,57,[[60721,0],[60723,0],[60466,0],[60467,0],[60978,0],]]
[60723,6,57,[[60724,0],[60722,0],[60467,0],[60979,0],]]
[60724,19,57,[[60723,0],[60725,0],[60468,0],[60469,0],[60980,0],]]
[60725,12,57,[[60726,0],[60724,0],[60469,0],[60981,0],]]
[60726,17,57,[[60725,0],[60727,0],[60470,0],[60471,0],[60982,0],]]
[60727,6,57,[[60728,0],[60726,0],[60471,0],[60983,0],]]
[60728,7,57,[[60727,0],[60729,0],[60472,0],[60473,0],[60984,0],]]
[60729,18,57,[[60730,0],[60728,0],[60473,0],[60985,0],]]
[60730,14,57,[[60729,0],[60731,0],[60474,0],[60475,0],[60986,0],]]
[60731,10,57,[[60732,0],[60730,0],[60475,0],[60987,0],]]
[60732,19,57,[[60731,0],[60733,0],[60476,0],[60477,0],[60988,0],]]
[60733,6,57,[[60734,0],[60732,0],[60477,0],[60989,0],]]
[60734,1,57,[[60733,0],[60735,0],[60478,0],[60479,0],[60990,0],]]
[60735,16,57,[[60736,0],[60734,0],[60479,0],[60991,0],]]
[60736,8,58,[[60735,0],[60737,0],[60480,0],[60481,0],[60992,0],]]
[60737,7,58,[[60738,0],[60736,0],[60481,0],[60993,0],]]
[60738,13,58,[[60737,0],[60739,0],[60482,0],[60483,0],[60994,0],]]
[60739,5,58,[[60740,0],[60738,0],[60483,0],[60995,0],]]
[60740,13,58,[[60739,0],[60741,0],[60484,0],[60485,0],[60996,0],]]
[60741,4,58,[[60742,0],[60740,0],[60485,0],[60997,0],]]
[60742,11,58,[[60741,0],[60743,0],[60486,0],[60487,0],[60998,0],]]
[60743,16,58,[[60744,0],[60742,0],[60487,0],[60999,0],]]
[60744,4,58,[[60743,0],[60745,0],[60488,0],[60489,0],[61000,0],]]
[60745,4,58,[[60746,0],[60744,0],[60489,0],[61001,0],]]
[60746,1,58,[[60745,0],[60747,0],[60490,0],[60491,0],[61002,0],]]
[60747,2,58,[[60748,0],[60746,0],[60491,0],[61003,0],]]
[60748,17,58,[[60747,0],[60749,0],[60492,0],[60493,0],[61004,0],]]
[60749,10,58,[[60750,0],[60748,0],[60493,0],[61005,0],]]
[60750,18,58,[[60749,0],[60751,0],[60494,0],[60495,0],[61006,0],]]
[60751,10,58,[[60752,0],[60750,0],[60495,0],[61007,0],]]
[60752,1,58,[[60751,0],[60753,0],[60496,0],[60497,0],[61008,0],]]
[60753,2,58,[[60754,0],[60752,0],[60497,0],[61009,0],]]
[60754,4,58,[[60753,0],[60755,0],[60498,0],[60499,0],[61010,0],]]
[60755,17,58,[[60756,0],[60754,0],[60499,0],[61011,0],]]
[60756,19,58,[[60755,0],[60757,0],[60500,0],[60501,0],[61012,0],]]
[60757,18,58,[[60758,0],[60756,0],[60501,0],[61013,0],]]
[60758,6,58,[[60757,0],[60759,0],[60502,0],[60503,0],[61014,0],]]
[60759,13,58,[[60760,0],[60758,0],[60503,0],[61015,0],]]
[60760,1,58,[[60759,0],[60761,0],[60504,0],[60505,0],[61016,0],]]
[60761,15,58,[[60762,0],[60760,0],[60505,0],[61017,0],]]
[60762,5,58,[[60761,0],[60763,0],[60506,0],[60507,0],[61018,0],]]
[60763,19,58,[[60764,0],[60762,0],[60507,0],[61019,0],]]
[60764,18,58,[[60763,0],[60765,0],[60508,0],[60509,0],[61020,0],]]
[60765,18,58,[[60766,0],[60764,0],[60509,0],[61021,0],]]
[60766,10,58,[[60765,0],[60767,0],[60510,0],[60511,0],[61022,0],]]
[60767,1,58,[[60768,0],[60766,0],[60511,0],[61023,0],]]
[60768,17,59,[[60767,0],[60769,0],[60512,0],[60513,0],[61024,0],]]
[60769,4,59,[[60770,0],[60768,0],[60513,0],[61025,0],]]
[60770,2,59,[[60769,0],[60771,0],[60514,0],[60515,0],[61026,0],]]
[60771,10,59,[[60772,0],[60770,0],[60515,0],[61027,0],]]
[60772,15,59,[[60771,0],[60773,0],[60516,0],[60517,0],[61028,0],]]
[60773,13,59,[[60774,0],[60772,0],[60517,0],[61029,0],]]
[60774,17,59,[[60773,0],[60775,0],[60518,0],[60519,0],[61030,0],]]
[60775,1,59,[[60776,0],[60774,0],[60519,0],[61031,0],]]
[60776,14,59,[[60775,0],[60777,0],[60520,0],[60521,0],[61032,0],]]
[60777,5,59,[[60778,0],[60776,0],[60521,0],[61033,0],]]
[60778,5,59,[[60777,0],[60779,0],[60522,0],[60523,0],[61034,0],]]
[60779,1,59,[[60780,0],[60778,0],[60523,0],[61035,0],]]
[60780,15,59,[[60779,0],[60781,0],[60524,0],[60525,0],[61036,0],]]
[60781,19,59,[[60782,0],[60780,0],[60525,0],[61037,0],]]
[60782,3,59,[[60781,0],[60783,0],[60526,0],[60527,0],[61038,0],]]
[60783,18,59,[[60784,0],[60782,0],[60527,0],[61039,0],]]
[60784,11,59,[[60783,0],[60785,0],[60528,0],[60529,0],[61040,0],]]
[60785,13,59,[[60786,0],[60784,0],[60529,0],[61041,0],]]
[60786,19,59,[[60785,0],[60787,0],[60530,0],[60531,0],[61042,0],]]
[60787,8,59,[[60788,0],[60786,0],[60531,0],[61043,0],]]
[60788,6,59,[[60787,0],[60789,0],[60532,0],[60533,0],[61044,0],]]
[60789,1,59,[[60790,0],[60788,0],[60533,0],[61045,0],]]
[60790,18,59,[[60789,0],[60791,0],[60534,0],[60535,0],[61046,0],]]
[60791,2,59,[[60792,0],[60790,0],[60535,0],[61047,0],]]
[60792,16,59,[[60791,0],[60793,0],[60536,0],[60537,0],[61048,0],]]
[60793,1,59,[[60794,0],[60792,0],[60537,0],[61049,0],]]
[60794,7,59,[[60793,0],[60795,0],[60538,0],[60539,0],[61050,0],]]
[60795,12,59,[[60796,0],[60794,0],[60539,0],[61051,0],]]
[60796,1,59,[[60795,0],[60797,0],[60540,0],[60541,0],[61052,0],]]
[60797,17,59,[[60798,0],[60796,0],[60541,0],[61053,0],]]
[60798,9,59,[[60797,0],[60799,0],[60542,0],[60543,0],[61054,0],]]
[60799,17,59,[[60800,0],[60798,0],[60543,0],[61055,0],]]
[60800,6,60,[[60799,0],[60801,0],[60544,0],[60545,0],[61056,0],]]
[60801,8,60,[[60802,0],[60800,0],[60545,0],[61057,0],]]
[60802,6,60,[[60801,0],[60803,0],[60546,0],[60547,0],[61058,0],]]
[60803,1,60,[[60804,0],[60802,0],[60547,0],[61059,0],]]
[60804,17,60,[[60803,0],[60805,0],[60548,0],[60549,0],[61060,0],]]
[60805,15,60,[[60806,0],[60804,0],[60549,0],[61061,0],]]
[60806,15,60,[[60805,0],[60807,0],[60550,0],[60551,0],[61062,0],]]
[60807,15,60,[[60808,0],[60806,0],[60551,0],[61063,0],]]
[60808,7,60,[[60807,0],[60809,0],[60552,0],[60553,0],[61064,0],]]
[60809,18,60,[[60810,0],[60808,0],[60553,0],[61065,0],]]
[60810,1,60,[[60809,0],[60811,0],[60554,0],[60555,0],[61066,0],]]
[60811,5,60,[[60812,0],[60810,0],[60555,0],[61067,0],]]
[60812,13,60,[[60811,0],[60813,0],[60556,0],[60557,0],[61068,0],]]
[60813,11,60,[[60814,0],[60812,0],[60557,0],[61069,0],]]
[60814,15,60,[[60813,0],[60815,0],[60558,0],[60559,0],[61070,0],]]
[60815,8,60,[[60816,0],[60814,0],[60559,0],[61071,0],]]
[60816,12,60,[[60815,0],[60817,0],[60560,0],[60561,0],[61072,0],]]
[60817,11,60,[[60818,0],[60816,0],[60561,0],[61073,0],]]
[60818,6,60,[[60817,0],[60819,0],[60562,0],[60563,0],[61074,0],]]
[60819,5,60,[[60820,0],[60818,0],[60563,0],[61075,0],]]
[60820,6,60,[[60819,0],[60821,0],[60564,0],[60565,0],[61076,0],]]
[60821,3,60,[[60822,0],[60820,0],[60565,0],[61077,0],]]
[60822,6,60,[[60821,0],[60823,0],[60566,0],[60567,0],[61078,0],]]
[60823,5,60,[[60824,0],[60822,0],[60567,0],[61079,0],]]
[60824,1,60,[[60823,0],[60825,0],[60568,0],[60569,0],[61080,0],]]
[60825,10,60,[[60826,0],[60824,0],[60569,0],[61081,0],]]
[60826,15,60,[[60825,0],[60827,0],[60570,0],[60571,0],[61082,0],]]
[60827,18,60,[[60828,0],[60826,0],[60571,0],[61083,0],]]
[60828,15,60,[[60827,0],[60829,0],[60572,0],[60573,0],[61084,0],]]
[60829,8,60,[[60830,0],[60828,0],[60573,0],[61085,0],]]
[60830,15,60,[[60829,0],[60831,0],[60574,0],[60575,0],[61086,0],]]
[60831,19,60,[[60832,0],[60830,0],[60575,0],[61087,0],]]
[60832,15,61,[[60831,0],[60833,0],[60576,0],[60577,0],[61088,0],]]
[60833,6,61,[[60834,0],[60832,0],[60577,0],[61089,0],]]
[60834,1,61,[[60833,0],[60835,0],[60578,0],[60579,0],[61090,0],]]
[60835,17,61,[[60836,0],[60834,0],[60579,0],[61091,0],]]
[60836,10,61,[[60835,0],[60837,0],[60580,0],[60581,0],[61092,0],]]
[60837,10,61,[[60838,0],[60836,0],[60581,0],[61093,0],]]
[60838,13,61,[[60837,0],[60839,0],[60582,0],[60583,0],[61094,0],]]
[60839,9,61,[[60840,0],[60838,0],[60583,0],[61095,0],]]
[60840,9,61,[[60839,0],[60841,0],[60584,0],[60585,0],[61096,0],]]
[60841,18,61,[[60842,0],[60840,0],[60585,0],[61097,0],]]
[60842,15,61,[[60841,0],[60843,0],[60586,0],[60587,0],[61098,0],]]
[60843,5,61,[[60844,0],[60842,0],[60587,0],[61099,0],]]
[60844,17,61,[[60843,0],[60845,0],[60588,0],[60589,0],[61100,0],]]
[60845,18,61,[[60846,0],[60844,0],[60589,0],[61101,0],]]
[60846,7,61,[[60845,0],[60847,0],[60590,0],[60591,0],[61102,0],]]
[60847,7,61,[[60848,0],[60846,0],[60591,0],[61103,0],]]
[60848,8,61,[[60847,0],[60849,0],[60592,0],[60593,0],[61104,0],]]
[60849,15,61,[[60850,0],[60848,0],[60593,0],[61105,0],]]
[60850,6,61,[[60849,0],[60851,0],[60594,0],[60595,0],[61106,0],]]
[60851,19,61,[[60852,0],[60850,0],[60595,0],[61107,0],]]
[60852,15,61,[[60851,0],[60853,0],[60596,0],[60597,0],[61108,0],]]
[60853,13,61,[[60854,0],[60852,0],[60597,0],[61109,0],]]
[60854,4,61,[[60853,0],[60855,0],[60598,0],[60599,0],[61110,0],]]
[60855,13,61,[[60856,0],[60854,0],[60599,0],[61111,0],]]
[60856,10,61,[[60855,0],[60857,0],[60600,0],[60601,0],[61112,0],]]
[60857,5,61,[[60858,0],[60856,0],[60601,0],[61113,0],]]
[60858,15,61,[[60857,0],[60859,0],[60602,0],[60603,0],[61114,0],]]
[60859,18,61,[[60860,0],[60858,0],[60603,0],[61115,0],]]
[60860,10,61,[[60859,0],[60861,0],[60604,0],[60605,0],[61116,0],]]
[60861,2,61,[[60862,0],[60860,0],[60605,0],[61117,0],]]
[60862,5,61,[[60861,0],[60863,0],[60606,0],[60607,0],[61118,0],]]
[60863,18,61,[[60864,0],[60862,0],[60607,0],[61119,0],]]
[60864,8,62,[[60863,0],[60865,0],[60608,0],[60609,0],[61120,0],]]
[60865,8,62,[[60866,0],[60864,0],[60609,0],[61121,0],]]
[60866,6,62,[[60865,0],[60867,0],[60610,0],[60611,0],[61122,0],]]
[60867,11,62,[[60868,0],[60866,0],[60611,0],[61123,0],]]
[60868,3,62,[[60867,0],[60869,0],[60612,0],[60613,0],[61124,0],]]
[60869,2,62,[[60870,0],[60868,0],[60613,0],[61125,0],]]
[60870,19,62,[[60869,0],[60871,0],[60614,0],[60615,0],[61126,0],]]
[60871,4,62,[[60872,0],[60870,0],[60615,0],[61127,0],]]
[60872,10,62,[[60871,0],[60873,0],[60616,0],[60617,0],[61128,0],]]
[60873,18,62,[[60874,0],[60872,0],[60617,0],[61129,0],]]
[60874,19,62,[[60873,0],[60875,0],[60618,0],[60619,0],[61130,0],]]
[60875,17,62,[[60876,0],[60874,0],[60619,0],[61131,0],]]
[60876,17,62,[[60875,0],[60877,0],[60620,0],[60621,0],[61132,0],]]
[60877,10,62,[[60878,0],[60876,0],[60621,0],[61133,0],]]
[60878,10,62,[[60877,0],[60879,0],[60622,0],[60623,0],[61134,0],]]
[60879,19,62,[[60880,0],[60878,0],[60623,0],[61135,0],]]
[60880,13,62,[[60879,0],[60881,0],[60624,0],[60625,0],[61136,0],]]
[60881,7,62,[[60882,0],[60880,0],[60625,0],[61137,0],]]
[60882,5,62,[[60881,0],[60883,0],[60626,0],[60627,0],[61138,0],]]
[60883,18,62,[[60884,0],[60882,0],[60627,0],[61139,0],]]
[60884,13,62,[[60883,0],[60885,0],[60628,0],[60629,0],[61140,0],]]
[60885,18,62,[[60886,0],[60884,0],[60629,0],[61141,0],]]
[60886,6,62,[[60885,0],[60887,0],[60630,0],[60631,0],[61142,0],]]
[60887,6,62,[[60888,0],[60886,0],[60631,0],[61143,0],]]
[60888,2,62,[[60887,0],[60889,0],[60632,0],[60633,0],[61144,0],]]
[60889,6,62,[[60890,0],[60888,0],[60633,0],[61145,0],]]
[60890,6,62,[[60889,0],[60891,0],[60634,0],[60635,0],[61146,0],]]
[60891,2,62,[[60892,0],[60890,0],[60635,0],[61147,0],]]
[60892,18,62,[[60891,0],[60893,0],[60636,0],[60637,0],[61148,0],]]
[60893,1,62,[[60894,0],[60892,0],[60637,0],[61149,0],]]
[60894,18,62,[[60893,0],[60895,0],[60638,0],[60639,0],[61150,0],]]
[60895,1,62,[[60896,0],[60894,0],[60639,0],[61151,0],]]
[60896,13,63,[[60895,0],[60897,0],[60640,0],[60641,0],[61152,0],]]
[60897,7,63,[[60898,0],[60896,0],[60641,0],[61153,0],]]
[60898,12,63,[[60897,0],[60899,0],[60642,0],[60643,0],[61154,0],]]
[60899,10,63,[[60900,0],[60898,0],[60643,0],[61155,0],]]
[60900,18,63,[[60899,0],[60901,0],[60644,0],[60645,0],[61156,0],]]
[60901,12,63,[[60902,0],[60900,0],[60645,0],[61157,0],]]
[60902,14,63,[[60901,0],[60903,0],[60646,0],[60647,0],[61158,0],]]
[60903,13,63,[[60904,0],[60902,0],[60647,0],[61159,0],]]
[60904,12,63,[[60903,0],[60905,0],[60648,0],[60649,0],[61160,0],]]
[60905,14,63,[[60906,0],[60904,0],[60649,0],[61161,0],]]
[60906,11,63,[[60905,0],[60907,0],[60650,0],[60651,0],[61162,0],]]
[60907,8,63,[[60908,0],[60906,0],[60651,0],[61163,0],]]
[60908,14,63,[[60907,0],[60909,0],[60652,0],[60653,0],[61164,0],]]
[60909,7,63,[[60910,0],[60908,0],[60653,0],[61165,0],]]
[60910,13,63,[[60909,0],[60911,0],[60654,0],[60655,0],[61166,0],]]
[60911,10,63,[[60912,0],[60910,0],[60655,0],[61167,0],]]
[60912,2,63,[[60911,0],[60913,0],[60656,0],[60657,0],[61168,0],]]
[60913,2,63,[[60914,0],[60912,0],[60657,0],[61169,0],]]
[60914,9,63,[[60913,0],[60915,0],[60658,0],[60659,0],[61170,0],]]
[60915,1,63,[[60916,0],[60914,0],[60659,0],[61171,0],]]
[60916,17,63,[[60915,0],[60917,0],[60660,0],[60661,0],[61172,0],]]
[60917,3,63,[[60918,0],[60916,0],[60661,0],[61173,0],]]
[60918,6,63,[[60917,0],[60919,0],[60662,0],[60663,0],[61174,0],]]
[60919,4,63,[[60920,0],[60918,0],[60663,0],[61175,0],]]
[60920,19,63,[[60919,0],[60921,0],[60664,0],[60665,0],[61176,0],]]
[60921,8,63,[[60922,0],[60920,0],[60665,0],[61177,0],]]
[60922,8,63,[[60921,0],[60923,0],[60666,0],[60667,0],[61178,0],]]
[60923,13,63,[[60924,0],[60922,0],[60667,0],[61179,0],]]
[60924,4,63,[[60923,0],[60925,0],[60668,0],[60669,0],[61180,0],]]
[60925,19,63,[[60926,0],[60924,0],[60669,0],[61181,0],]]
[60926,2,63,[[60925,0],[60927,0],[60670,0],[60671,0],[61182,0],]]
[60927,10,63,[[60926,0],[60671,0],[61183,0],]]
[60928,11,56,[[60929,0],[61184,0],[60672,0],]]
[60929,16,56,[[60930,0],[60928,0],[61185,0],[61184,0],[60673,0],]]
[60930,4,56,[[60929,0],[60931,0],[61186,0],[60674,0],]]
[60931,6,56,[[60932,0],[60930,0],[61187,0],[61186,0],[60675,0],]]
[60932,13,56,[[60931,0],[60933,0],[61188,0],[60676,0],]]
[60933,10,56,[[60934,0],[60932,0],[61189,0],[61188,0],[60677,0],]]
[60934,10,56,[[60933,0],[60935,0],[61190,0],[60678,0],]]
[60935,15,56,[[60936,0],[60934,0],[61191,0],[61190,0],[60679,0],]]
[60936,5,56,[[60935,0],[60937,0],[61192,0],[60680,0],]]
[60937,11,56,[[60938,0],[60936,0],[61193,0],[61192,0],[60681,0],]]
[60938,5,56,[[60937,0],[60939,0],[61194,0],[60682,0],]]
[60939,10,56,[[60940,0],[60938,0],[61195,0],[61194,0],[60683,0],]]
[60940,5,56,[[60939,0],[60941,0],[61196,0],[60684,0],]]
[60941,13,56,[[60942,0],[60940,0],[61197,0],[61196,0],[60685,0],]]
[60942,15,56,[[60941,0],[60943,0],[61198,0],[60686,0],]]
[60943,5,56,[[60944,0],[60942,0],[61199,0],[61198,0],[60687,0],]]
[60944,7,56,[[60943,0],[60945,0],[61200,0],[60688,0],]]
[60945,17,56,[[60946,0],[60944,0],[61201,0],[61200,0],[60689,0],]]
[60946,4,56,[[60945,0],[60947,0],[61202,0],[60690,0],]]
[60947,9,56,[[60948,0],[60946,0],[61203,0],[61202,0],[60691,0],]]
