[60948,11,56,[[60947,0],[60949,0],[61204,0],[60692,0],]]
[60949,7,56,[[60950,0],[60948,0],[61205,0],[61204,0],[60693,0],]]
[60950,17,56,[[60949,0],[60951,0],[61206,0],[60694,0],]]
[60951,9,56,[[60952,0],[60950,0],[61207,0],[61206,0],[60695,0],]]
[60952,11,56,[[60951,0],[60953,0],[61208,0],[60696,0],]]
[60953,10,56,[[60954,0],[60952,0],[61209,0],[61208,0],[60697,0],]]
[60954,3,56,[[60953,0],[60955,0],[61210,0],[60698,0],]]
[60955,15,56,[[60956,0],[60954,0],[61211,0],[61210,0],[60699,0],]]
[60956,16,56,[[60955,0],[60957,0],[61212,0],[60700,0],]]
[60957,9,56,[[60958,0],[60956,0],[61213,0],[61212,0],[60701,0],]]
[60958,14,56,[[60957,0],[60959,0],[61214,0],[60702,0],]]
[60959,6,56,[[60960,0],[60958,0],[61215,0],[61214,0],[60703,0],]]
[60960,3,57,[[60959,0],[60961,0],[61216,0],[60704,0],]]
[60961,9,57,[[60962,0],[60960,0],[61217,0],[61216,0],[60705,0],]]
[60962,13,57,[[60961,0],[60963,0],[61218,0],[60706,0],]]
[60963,9,57,[[60964,0],[60962,0],[61219,0],[61218,0],[60707,0],]]
[60964,15,57,[[60963,0],[60965,0],[61220,0],[60708,0],]]
[60965,14,57,[[60966,0],[60964,0],[61221,0],[61220,0],[60709,0],]]
[60966,16,57,[[60965,0],[60967,0],[61222,0],[60710,0],]]
[60967,5,57,[[60968,0],[60966,0],[61223,0],[61222,0],[60711,0],]]
[60968,15,57,[[60967,0],[60969,0],[61224,0],[60712,0],]]
[60969,7,57,[[60970,0],[60968,0],[61225,0],[61224,0],[60713,0],]]
[60970,6,57,[[60969,0],[60971,0],[61226,0],[60714,0],]]
[60971,14,57,[[60972,0],[60970,0],[61227,0],[61226,0],[60715,0],]]
[60972,8,57,[[60971,0],[60973,0],[61228,0],[60716,0],]]
[60973,16,57,[[60974,0],[60972,0],[61229,0],[61228,0],[60717,0],]]
[60974,15,57,[[60973,0],[60975,0],[61230,0],[60718,0],]]
[60975,16,57,[[60976,0],[60974,0],[61231,0],[61230,0],[60719,0],]]
[60976,5,57,[[60975,0],[60977,0],[61232,0],[60720,0],]]
[60977,9,57,[[60978,0],[60976,0],[61233,0],[61232,0],[60721,0],]]
[60978,19,57,[[60977,0],[60979,0],[61234,0],[60722,0],]]
[60979,19,57,[[60980,0],[60978,0],[61235,0],[61234,0],[60723,0],]]
[60980,2,57,[[60979,0],[60981,0],[61236,0],[60724,0],]]
[60981,13,57,[[60982,0],[60980,0],[61237,0],[61236,0],[60725,0],]]
[60982,16,57,[[60981,0],[60983,0],[61238,0],[60726,0],]]
[60983,15,57,[[60984,0],[60982,0],[61239,0],[61238,0],[60727,0],]]
[60984,14,57,[[60983,0],[60985,0],[61240,0],[60728,0],]]
[60985,11,57,[[60986,0],[60984,0],[61241,0],[61240,0],[60729,0],]]
[60986,4,57,[[60985,0],[60987,0],[61242,0],[60730,0],]]
[60987,16,57,[[60988,0],[60986,0],[61243,0],[61242,0],[60731,0],]]
[60988,1,57,[[60987,0],[60989,0],[61244,0],[60732,0],]]
[60989,16,57,[[60990,0],[60988,0],[61245,0],[61244,0],[60733,0],]]
[60990,3,57,[[60989,0],[60991,0],[61246,0],[60734,0],]]
[60991,15,57,[[60992,0],[60990,0],[61247,0],[61246,0],[60735,0],]]
[60992,17,58,[[60991,0],[60993,0],[61248,0],[60736,0],]]
[60993,1,58,[[60994,0],[60992,0],[61249,0],[61248,0],[60737,0],]]
[60994,1,58,[[60993,0],[60995,0],[61250,0],[60738,0],]]
[60995,13,58,[[60996,0],[60994,0],[61251,0],[61250,0],[60739,0],]]
[60996,16,58,[[60995,0],[60997,0],[61252,0],[60740,0],]]
[60997,8,58,[[60998,0],[60996,0],[61253,0],[61252,0],[60741,0],]]
[60998,16,58,[[60997,0],[60999,0],[61254,0],[60742,0],]]
[60999,17,58,[[61000,0],[60998,0],[61255,0],[61254,0],[60743,0],]]
[61000,14,58,[[60999,0],[61001,0],[61256,0],[60744,0],]]
[61001,6,58,[[61002,0],[61000,0],[61257,0],[61256,0],[60745,0],]]
[61002,1,58,[[61001,0],[61003,0],[61258,0],[60746,0],]]
[61003,17,58,[[61004,0],[61002,0],[61259,0],[61258,0],[60747,0],]]
[61004,11,58,[[61003,0],[61005,0],[61260,0],[60748,0],]]
[61005,11,58,[[61006,0],[61004,0],[61261,0],[61260,0],[60749,0],]]
[61006,5,58,[[61005,0],[61007,0],[61262,0],[60750,0],]]
[61007,18,58,[[61008,0],[61006,0],[61263,0],[61262,0],[60751,0],]]
[61008,9,58,[[61007,0],[61009,0],[61264,0],[60752,0],]]
[61009,10,58,[[61010,0],[61008,0],[61265,0],[61264,0],[60753,0],]]
[61010,19,58,[[61009,0],[61011,0],[61266,0],[60754,0],]]
[61011,12,58,[[61012,0],[61010,0],[61267,0],[61266,0],[60755,0],]]
[61012,9,58,[[61011,0],[61013,0],[61268,0],[60756,0],]]
[61013,4,58,[[61014,0],[61012,0],[61269,0],[61268,0],[60757,0],]]
[61014,16,58,[[61013,0],[61015,0],[61270,0],[60758,0],]]
[61015,18,58,[[61016,0],[61014,0],[61271,0],[61270,0],[60759,0],]]
[61016,3,58,[[61015,0],[61017,0],[61272,0],[60760,0],]]
[61017,6,58,[[61018,0],[61016,0],[61273,0],[61272,0],[60761,0],]]
[61018,12,58,[[61017,0],[61019,0],[61274,0],[60762,0],]]
[61019,5,58,[[61020,0],[61018,0],[61275,0],[61274,0],[60763,0],]]
[61020,19,58,[[61019,0],[61021,0],[61276,0],[60764,0],]]
[61021,1,58,[[61022,0],[61020,0],[61277,0],[61276,0],[60765,0],]]
[61022,14,58,[[61021,0],[61023,0],[61278,0],[60766,0],]]
[61023,9,58,[[61024,0],[61022,0],[61279,0],[61278,0],[60767,0],]]
[61024,4,59,[[61023,0],[61025,0],[61280,0],[60768,0],]]
[61025,8,59,[[61026,0],[61024,0],[61281,0],[61280,0],[60769,0],]]
[61026,2,59,[[61025,0],[61027,0],[61282,0],[60770,0],]]
[61027,15,59,[[61028,0],[61026,0],[61283,0],[61282,0],[60771,0],]]
[61028,15,59,[[61027,0],[61029,0],[61284,0],[60772,0],]]
[61029,17,59,[[61030,0],[61028,0],[61285,0],[61284,0],[60773,0],]]
[61030,19,59,[[61029,0],[61031,0],[61286,0],[60774,0],]]
[61031,1,59,[[61032,0],[61030,0],[61287,0],[61286,0],[60775,0],]]
[61032,3,59,[[61031,0],[61033,0],[61288,0],[60776,0],]]
[61033,4,59,[[61034,0],[61032,0],[61289,0],[61288,0],[60777,0],]]
[61034,12,59,[[61033,0],[61035,0],[61290,0],[60778,0],]]
[61035,6,59,[[61036,0],[61034,0],[61291,0],[61290,0],[60779,0],]]
[61036,9,59,[[61035,0],[61037,0],[61292,0],[60780,0],]]
[61037,16,59,[[61038,0],[61036,0],[61293,0],[61292,0],[60781,0],]]
[61038,10,59,[[61037,0],[61039,0],[61294,0],[60782,0],]]
[61039,4,59,[[61040,0],[61038,0],[61295,0],[61294,0],[60783,0],]]
[61040,6,59,[[61039,0],[61041,0],[61296,0],[60784,0],]]
[61041,12,59,[[61042,0],[61040,0],[61297,0],[61296,0],[60785,0],]]
[61042,2,59,[[61041,0],[61043,0],[61298,0],[60786,0],]]
[61043,14,59,[[61044,0],[61042,0],[61299,0],[61298,0],[60787,0],]]
[61044,19,59,[[61043,0],[61045,0],[61300,0],[60788,0],]]
[61045,8,59,[[61046,0],[61044,0],[61301,0],[61300,0],[60789,0],]]
[61046,4,59,[[61045,0],[61047,0],[61302,0],[60790,0],]]
[61047,3,59,[[61048,0],[61046,0],[61303,0],[61302,0],[60791,0],]]
[61048,3,59,[[61047,0],[61049,0],[61304,0],[60792,0],]]
[61049,17,59,[[61050,0],[61048,0],[61305,0],[61304,0],[60793,0],]]
[61050,11,59,[[61049,0],[61051,0],[61306,0],[60794,0],]]
[61051,10,59,[[61052,0],[61050,0],[61307,0],[61306,0],[60795,0],]]
[61052,6,59,[[61051,0],[61053,0],[61308,0],[60796,0],]]
[61053,12,59,[[61054,0],[61052,0],[61309,0],[61308,0],[60797,0],]]
[61054,6,59,[[61053,0],[61055,0],[61310,0],[60798,0],]]
[61055,8,59,[[61056,0],[61054,0],[61311,0],[61310,0],[60799,0],]]
[61056,9,60,[[61055,0],[61057,0],[61312,0],[60800,0],]]
[61057,3,60,[[61058,0],[61056,0],[61313,0],[61312,0],[60801,0],]]
[61058,17,60,[[61057,0],[61059,0],[61314,0],[60802,0],]]
[61059,15,60,[[61060,0],[61058,0],[61315,0],[61314,0],[60803,0],]]
[61060,12,60,[[61059,0],[61061,0],[61316,0],[60804,0],]]
[61061,10,60,[[61062,0],[61060,0],[61317,0],[61316,0],[60805,0],]]
[61062,17,60,[[61061,0],[61063,0],[61318,0],[60806,0],]]
[61063,4,60,[[61064,0],[61062,0],[61319,0],[61318,0],[60807,0],]]
[61064,18,60,[[61063,0],[61065,0],[61320,0],[60808,0],]]
[61065,3,60,[[61066,0],[61064,0],[61321,0],[61320,0],[60809,0],]]
[61066,7,60,[[61065,0],[61067,0],[61322,0],[60810,0],]]
[61067,19,60,[[61068,0],[61066,0],[61323,0],[61322,0],[60811,0],]]
[61068,15,60,[[61067,0],[61069,0],[61324,0],[60812,0],]]
[61069,5,60,[[61070,0],[61068,0],[61325,0],[61324,0],[60813,0],]]
[61070,12,60,[[61069,0],[61071,0],[61326,0],[60814,0],]]
[61071,19,60,[[61072,0],[61070,0],[61327,0],[61326,0],[60815,0],]]
[61072,15,60,[[61071,0],[61073,0],[61328,0],[60816,0],]]
[61073,10,60,[[61074,0],[61072,0],[61329,0],[61328,0],[60817,0],]]
[61074,6,60,[[61073,0],[61075,0],[61330,0],[60818,0],]]
[61075,7,60,[[61076,0],[61074,0],[61331,0],[61330,0],[60819,0],]]
[61076,10,60,[[61075,0],[61077,0],[61332,0],[60820,0],]]
[61077,7,60,[[61078,0],[61076,0],[61333,0],[61332,0],[60821,0],]]
[61078,13,60,[[61077,0],[61079,0],[61334,0],[60822,0],]]
[61079,13,60,[[61080,0],[61078,0],[61335,0],[61334,0],[60823,0],]]
[61080,16,60,[[61079,0],[61081,0],[61336,0],[60824,0],]]
[61081,13,60,[[61082,0],[61080,0],[61337,0],[61336,0],[60825,0],]]
[61082,7,60,[[61081,0],[61083,0],[61338,0],[60826,0],]]
[61083,12,60,[[61084,0],[61082,0],[61339,0],[61338,0],[60827,0],]]
[61084,14,60,[[61083,0],[61085,0],[61340,0],[60828,0],]]
[61085,4,60,[[61086,0],[61084,0],[61341,0],[61340,0],[60829,0],]]
[61086,5,60,[[61085,0],[61087,0],[61342,0],[60830,0],]]
[61087,2,60,[[61088,0],[61086,0],[61343,0],[61342,0],[60831,0],]]
[61088,13,61,[[61087,0],[61089,0],[61344,0],[60832,0],]]
[61089,8,61,[[61090,0],[61088,0],[61345,0],[61344,0],[60833,0],]]
[61090,5,61,[[61089,0],[61091,0],[61346,0],[60834,0],]]
[61091,4,61,[[61092,0],[61090,0],[61347,0],[61346,0],[60835,0],]]
[61092,15,61,[[61091,0],[61093,0],[61348,0],[60836,0],]]
[61093,3,61,[[61094,0],[61092,0],[61349,0],[61348,0],[60837,0],]]
[61094,18,61,[[61093,0],[61095,0],[61350,0],[60838,0],]]
[61095,17,61,[[61096,0],[61094,0],[61351,0],[61350,0],[60839,0],]]
[61096,4,61,[[61095,0],[61097,0],[61352,0],[60840,0],]]
[61097,1,61,[[61098,0],[61096,0],[61353,0],[61352,0],[60841,0],]]
[61098,13,61,[[61097,0],[61099,0],[61354,0],[60842,0],]]
[61099,14,61,[[61100,0],[61098,0],[61355,0],[61354,0],[60843,0],]]
[61100,8,61,[[61099,0],[61101,0],[61356,0],[60844,0],]]
[61101,8,61,[[61102,0],[61100,0],[61357,0],[61356,0],[60845,0],]]
[61102,5,61,[[61101,0],[61103,0],[61358,0],[60846,0],]]
[61103,9,61,[[61104,0],[61102,0],[61359,0],[61358,0],[60847,0],]]
[61104,10,61,[[61103,0],[61105,0],[61360,0],[60848,0],]]
[61105,11,61,[[61106,0],[61104,0],[61361,0],[61360,0],[60849,0],]]
[61106,13,61,[[61105,0],[61107,0],[61362,0],[60850,0],]]
[61107,15,61,[[61108,0],[61106,0],[61363,0],[61362,0],[60851,0],]]
[61108,14,61,[[61107,0],[61109,0],[61364,0],[60852,0],]]
[61109,6,61,[[61110,0],[61108,0],[61365,0],[61364,0],[60853,0],]]
[61110,10,61,[[61109,0],[61111,0],[61366,0],[60854,0],]]
[61111,8,61,[[61112,0],[61110,0],[61367,0],[61366,0],[60855,0],]]
[61112,16,61,[[61111,0],[61113,0],[61368,0],[60856,0],]]
[61113,19,61,[[61114,0],[61112,0],[61369,0],[61368,0],[60857,0],]]
[61114,17,61,[[61113,0],[61115,0],[61370,0],[60858,0],]]
[61115,18,61,[[61116,0],[61114,0],[61371,0],[61370,0],[60859,0],]]
[61116,2,61,[[61115,0],[61117,0],[61372,0],[60860,0],]]
[61117,16,61,[[61118,0],[61116,0],[61373,0],[61372,0],[60861,0],]]
[61118,12,61,[[61117,0],[61119,0],[61374,0],[60862,0],]]
[61119,7,61,[[61120,0],[61118,0],[61375,0],[61374,0],[60863,0],]]
[61120,17,62,[[61119,0],[61121,0],[61376,0],[60864,0],]]
[61121,9,62,[[61122,0],[61120,0],[61377,0],[61376,0],[60865,0],]]
[61122,4,62,[[61121,0],[61123,0],[61378,0],[60866,0],]]
[61123,15,62,[[61124,0],[61122,0],[61379,0],[61378,0],[60867,0],]]
[61124,2,62,[[61123,0],[61125,0],[61380,0],[60868,0],]]
[61125,12,62,[[61126,0],[61124,0],[61381,0],[61380,0],[60869,0],]]
[61126,2,62,[[61125,0],[61127,0],[61382,0],[60870,0],]]
[61127,8,62,[[61128,0],[61126,0],[61383,0],[61382,0],[60871,0],]]
[61128,11,62,[[61127,0],[61129,0],[61384,0],[60872,0],]]
[61129,17,62,[[61130,0],[61128,0],[61385,0],[61384,0],[60873,0],]]
[61130,12,62,[[61129,0],[61131,0],[61386,0],[60874,0],]]
[61131,11,62,[[61132,0],[61130,0],[61387,0],[61386,0],[60875,0],]]
[61132,19,62,[[61131,0],[61133,0],[61388,0],[60876,0],]]
[61133,2,62,[[61134,0],[61132,0],[61389,0],[61388,0],[60877,0],]]
[61134,4,62,[[61133,0],[61135,0],[61390,0],[60878,0],]]
[61135,9,62,[[61136,0],[61134,0],[61391,0],[61390,0],[60879,0],]]
[61136,8,62,[[61135,0],[61137,0],[61392,0],[60880,0],]]
[61137,14,62,[[61138,0],[61136,0],[61393,0],[61392,0],[60881,0],]]
[61138,19,62,[[61137,0],[61139,0],[61394,0],[60882,0],]]
[61139,4,62,[[61140,0],[61138,0],[61395,0],[61394,0],[60883,0],]]
[61140,15,62,[[61139,0],[61141,0],[61396,0],[60884,0],]]
[61141,9,62,[[61142,0],[61140,0],[61397,0],[61396,0],[60885,0],]]
[61142,5,62,[[61141,0],[61143,0],[61398,0],[60886,0],]]
[61143,17,62,[[61144,0],[61142,0],[61399,0],[61398,0],[60887,0],]]
[61144,9,62,[[61143,0],[61145,0],[61400,0],[60888,0],]]
[61145,16,62,[[61146,0],[61144,0],[61401,0],[61400,0],[60889,0],]]
[61146,12,62,[[61145,0],[61147,0],[61402,0],[60890,0],]]
[61147,8,62,[[61148,0],[61146,0],[61403,0],[61402,0],[60891,0],]]
[61148,4,62,[[61147,0],[61149,0],[61404,0],[60892,0],]]
[61149,8,62,[[61150,0],[61148,0],[61405,0],[61404,0],[60893,0],]]
[61150,9,62,[[61149,0],[61151,0],[61406,0],[60894,0],]]
[61151,19,62,[[61152,0],[61150,0],[61407,0],[61406,0],[60895,0],]]
[61152,9,63,[[61151,0],[61153,0],[61408,0],[60896,0],]]
[61153,11,63,[[61154,0],[61152,0],[61409,0],[61408,0],[60897,0],]]
[61154,9,63,[[61153,0],[61155,0],[61410,0],[60898,0],]]
[61155,10,63,[[61156,0],[61154,0],[61411,0],[61410,0],[60899,0],]]
[61156,18,63,[[61155,0],[61157,0],[61412,0],[60900,0],]]
[61157,9,63,[[61158,0],[61156,0],[61413,0],[61412,0],[60901,0],]]
[61158,6,63,[[61157,0],[61159,0],[61414,0],[60902,0],]]
[61159,9,63,[[61160,0],[61158,0],[61415,0],[61414,0],[60903,0],]]
[61160,18,63,[[61159,0],[61161,0],[61416,0],[60904,0],]]
[61161,19,63,[[61162,0],[61160,0],[61417,0],[61416,0],[60905,0],]]
[61162,9,63,[[61161,0],[61163,0],[61418,0],[60906,0],]]
[61163,13,63,[[61164,0],[61162,0],[61419,0],[61418,0],[60907,0],]]
[61164,13,63,[[61163,0],[61165,0],[61420,0],[60908,0],]]
[61165,18,63,[[61166,0],[61164,0],[61421,0],[61420,0],[60909,0],]]
[61166,6,63,[[61165,0],[61167,0],[61422,0],[60910,0],]]
[61167,16,63,[[61168,0],[61166,0],[61423,0],[61422,0],[60911,0],]]
[61168,3,63,[[61167,0],[61169,0],[61424,0],[60912,0],]]
[61169,8,63,[[61170,0],[61168,0],[61425,0],[61424,0],[60913,0],]]
[61170,6,63,[[61169,0],[61171,0],[61426,0],[60914,0],]]
[61171,1,63,[[61172,0],[61170,0],[61427,0],[61426,0],[60915,0],]]
[61172,15,63,[[61171,0],[61173,0],[61428,0],[60916,0],]]
[61173,8,63,[[61174,0],[61172,0],[61429,0],[61428,0],[60917,0],]]
[61174,1,63,[[61173,0],[61175,0],[61430,0],[60918,0],]]
[61175,18,63,[[61176,0],[61174,0],[61431,0],[61430,0],[60919,0],]]
[61176,1,63,[[61175,0],[61177,0],[61432,0],[60920,0],]]
[61177,4,63,[[61178,0],[61176,0],[61433,0],[61432,0],[60921,0],]]
[61178,16,63,[[61177,0],[61179,0],[61434,0],[60922,0],]]
[61179,19,63,[[61180,0],[61178,0],[61435,0],[61434,0],[60923,0],]]
[61180,6,63,[[61179,0],[61181,0],[61436,0],[60924,0],]]
[61181,13,63,[[61182,0],[61180,0],[61437,0],[61436,0],[60925,0],]]
[61182,6,63,[[61181,0],[61183,0],[61438,0],[60926,0],]]
[61183,18,63,[[61182,0],[61439,0],[61438,0],[60927,0],]]
[61184,15,56,[[61185,0],[60928,0],[60929,0],[61440,0],]]
[61185,5,56,[[61186,0],[61184,0],[60929,0],[61441,0],]]
[61186,13,56,[[61185,0],[61187,0],[60930,0],[60931,0],[61442,0],]]
[61187,19,56,[[61188,0],[61186,0],[60931,0],[61443,0],]]
[61188,17,56,[[61187,0],[61189,0],[60932,0],[60933,0],[61444,0],]]
[61189,19,56,[[61190,0],[61188,0],[60933,0],[61445,0],]]
[61190,14,56,[[61189,0],[61191,0],[60934,0],[60935,0],[61446,0],]]
[61191,6,56,[[61192,0],[61190,0],[60935,0],[61447,0],]]
[61192,10,56,[[61191,0],[61193,0],[60936,0],[60937,0],[61448,0],]]
[61193,12,56,[[61194,0],[61192,0],[60937,0],[61449,0],]]
[61194,8,56,[[61193,0],[61195,0],[60938,0],[60939,0],[61450,0],]]
[61195,15,56,[[61196,0],[61194,0],[60939,0],[61451,0],]]
[61196,11,56,[[61195,0],[61197,0],[60940,0],[60941,0],[61452,0],]]
[61197,2,56,[[61198,0],[61196,0],[60941,0],[61453,0],]]
[61198,10,56,[[61197,0],[61199,0],[60942,0],[60943,0],[61454,0],]]
[61199,3,56,[[61200,0],[61198,0],[60943,0],[61455,0],]]
[61200,15,56,[[61199,0],[61201,0],[60944,0],[60945,0],[61456,0],]]
[61201,14,56,[[61202,0],[61200,0],[60945,0],[61457,0],]]
[61202,17,56,[[61201,0],[61203,0],[60946,0],[60947,0],[61458,0],]]
[61203,13,56,[[61204,0],[61202,0],[60947,0],[61459,0],]]
[61204,2,56,[[61203,0],[61205,0],[60948,0],[60949,0],[61460,0],]]
[61205,6,56,[[61206,0],[61204,0],[60949,0],[61461,0],]]
[61206,6,56,[[61205,0],[61207,0],[60950,0],[60951,0],[61462,0],]]
[61207,17,56,[[61208,0],[61206,0],[60951,0],[61463,0],]]
[61208,7,56,[[61207,0],[61209,0],[60952,0],[60953,0],[61464,0],]]
[61209,11,56,[[61210,0],[61208,0],[60953,0],[61465,0],]]
[61210,15,56,[[61209,0],[61211,0],[60954,0],[60955,0],[61466,0],]]
[61211,6,56,[[61212,0],[61210,0],[60955,0],[61467,0],]]
[61212,16,56,[[61211,0],[61213,0],[60956,0],[60957,0],[61468,0],]]
[61213,8,56,[[61214,0],[61212,0],[60957,0],[61469,0],]]
[61214,3,56,[[61213,0],[61215,0],[60958,0],[60959,0],[61470,0],]]
[61215,11,56,[[61216,0],[61214,0],[60959,0],[61471,0],]]
[61216,15,57,[[61215,0],[61217,0],[60960,0],[60961,0],[61472,0],]]
[61217,18,57,[[61218,0],[61216,0],[60961,0],[61473,0],]]
[61218,4,57,[[61217,0],[61219,0],[60962,0],[60963,0],[61474,0],]]
[61219,16,57,[[61220,0],[61218,0],[60963,0],[61475,0],]]
[61220,15,57,[[61219,0],[61221,0],[60964,0],[60965,0],[61476,0],]]
[61221,9,57,[[61222,0],[61220,0],[60965,0],[61477,0],]]
[61222,15,57,[[61221,0],[61223,0],[60966,0],[60967,0],[61478,0],]]
[61223,1,57,[[61224,0],[61222,0],[60967,0],[61479,0],]]
[61224,3,57,[[61223,0],[61225,0],[60968,0],[60969,0],[61480,0],]]
[61225,7,57,[[61226,0],[61224,0],[60969,0],[61481,0],]]
[61226,5,57,[[61225,0],[61227,0],[60970,0],[60971,0],[61482,0],]]
[61227,7,57,[[61228,0],[61226,0],[60971,0],[61483,0],]]
[61228,8,57,[[61227,0],[61229,0],[60972,0],[60973,0],[61484,0],]]
[61229,15,57,[[61230,0],[61228,0],[60973,0],[61485,0],]]
[61230,2,57,[[61229,0],[61231,0],[60974,0],[60975,0],[61486,0],]]
[61231,8,57,[[61232,0],[61230,0],[60975,0],[61487,0],]]
[61232,7,57,[[61231,0],[61233,0],[60976,0],[60977,0],[61488,0],]]
[61233,1,57,[[61234,0],[61232,0],[60977,0],[61489,0],]]
[61234,15,57,[[61233,0],[61235,0],[60978,0],[60979,0],[61490,0],]]
[61235,4,57,[[61236,0],[61234,0],[60979,0],[61491,0],]]
[61236,10,57,[[61235,0],[61237,0],[60980,0],[60981,0],[61492,0],]]
[61237,15,57,[[61238,0],[61236,0],[60981,0],[61493,0],]]
[61238,7,57,[[61237,0],[61239,0],[60982,0],[60983,0],[61494,0],]]
[61239,1,57,[[61240,0],[61238,0],[60983,0],[61495,0],]]
[61240,5,57,[[61239,0],[61241,0],[60984,0],[60985,0],[61496,0],]]
[61241,7,57,[[61242,0],[61240,0],[60985,0],[61497,0],]]
[61242,18,57,[[61241,0],[61243,0],[60986,0],[60987,0],[61498,0],]]
[61243,1,57,[[61244,0],[61242,0],[60987,0],[61499,0],]]
[61244,13,57,[[61243,0],[61245,0],[60988,0],[60989,0],[61500,0],]]
[61245,16,57,[[61246,0],[61244,0],[60989,0],[61501,0],]]
[61246,6,57,[[61245,0],[61247,0],[60990,0],[60991,0],[61502,0],]]
[61247,10,57,[[61248,0],[61246,0],[60991,0],[61503,0],]]
[61248,11,58,[[61247,0],[61249,0],[60992,0],[60993,0],[61504,0],]]
[61249,18,58,[[61250,0],[61248,0],[60993,0],[61505,0],]]
[61250,13,58,[[61249,0],[61251,0],[60994,0],[60995,0],[61506,0],]]
[61251,8,58,[[61252,0],[61250,0],[60995,0],[61507,0],]]
[61252,9,58,[[61251,0],[61253,0],[60996,0],[60997,0],[61508,0],]]
[61253,17,58,[[61254,0],[61252,0],[60997,0],[61509,0],]]
[61254,2,58,[[61253,0],[61255,0],[60998,0],[60999,0],[61510,0],]]
[61255,9,58,[[61256,0],[61254,0],[60999,0],[61511,0],]]
[61256,15,58,[[61255,0],[61257,0],[61000,0],[61001,0],[61512,0],]]
[61257,8,58,[[61258,0],[61256,0],[61001,0],[61513,0],]]
[61258,14,58,[[61257,0],[61259,0],[61002,0],[61003,0],[61514,0],]]
[61259,4,58,[[61260,0],[61258,0],[61003,0],[61515,0],]]
[61260,18,58,[[61259,0],[61261,0],[61004,0],[61005,0],[61516,0],]]
[61261,12,58,[[61262,0],[61260,0],[61005,0],[61517,0],]]
[61262,1,58,[[61261,0],[61263,0],[61006,0],[61007,0],[61518,0],]]
[61263,12,58,[[61264,0],[61262,0],[61007,0],[61519,0],]]
[61264,8,58,[[61263,0],[61265,0],[61008,0],[61009,0],[61520,0],]]
[61265,19,58,[[61266,0],[61264,0],[61009,0],[61521,0],]]
[61266,4,58,[[61265,0],[61267,0],[61010,0],[61011,0],[61522,0],]]
[61267,16,58,[[61268,0],[61266,0],[61011,0],[61523,0],]]
[61268,2,58,[[61267,0],[61269,0],[61012,0],[61013,0],[61524,0],]]
[61269,19,58,[[61270,0],[61268,0],[61013,0],[61525,0],]]
[61270,17,58,[[61269,0],[61271,0],[61014,0],[61015,0],[61526,0],]]
[61271,18,58,[[61272,0],[61270,0],[61015,0],[61527,0],]]
[61272,7,58,[[61271,0],[61273,0],[61016,0],[61017,0],[61528,0],]]
[61273,12,58,[[61274,0],[61272,0],[61017,0],[61529,0],]]
[61274,12,58,[[61273,0],[61275,0],[61018,0],[61019,0],[61530,0],]]
[61275,14,58,[[61276,0],[61274,0],[61019,0],[61531,0],]]
[61276,12,58,[[61275,0],[61277,0],[61020,0],[61021,0],[61532,0],]]
[61277,7,58,[[61278,0],[61276,0],[61021,0],[61533,0],]]
[61278,16,58,[[61277,0],[61279,0],[61022,0],[61023,0],[61534,0],]]
[61279,9,58,[[61280,0],[61278,0],[61023,0],[61535,0],]]
[61280,8,59,[[61279,0],[61281,0],[61024,0],[61025,0],[61536,0],]]
[61281,18,59,[[61282,0],[61280,0],[61025,0],[61537,0],]]
[61282,8,59,[[61281,0],[61283,0],[61026,0],[61027,0],[61538,0],]]
[61283,14,59,[[61284,0],[61282,0],[61027,0],[61539,0],]]
[61284,2,59,[[61283,0],[61285,0],[61028,0],[61029,0],[61540,0],]]
[61285,13,59,[[61286,0],[61284,0],[61029,0],[61541,0],]]
[61286,11,59,[[61285,0],[61287,0],[61030,0],[61031,0],[61542,0],]]
[61287,6,59,[[61288,0],[61286,0],[61031,0],[61543,0],]]
[61288,17,59,[[61287,0],[61289,0],[61032,0],[61033,0],[61544,0],]]
[61289,15,59,[[61290,0],[61288,0],[61033,0],[61545,0],]]
[61290,1,59,[[61289,0],[61291,0],[61034,0],[61035,0],[61546,0],]]
[61291,5,59,[[61292,0],[61290,0],[61035,0],[61547,0],]]
[61292,5,59,[[61291,0],[61293,0],[61036,0],[61037,0],[61548,0],]]
[61293,19,59,[[61294,0],[61292,0],[61037,0],[61549,0],]]
[61294,5,59,[[61293,0],[61295,0],[61038,0],[61039,0],[61550,0],]]
[61295,16,59,[[61296,0],[61294,0],[61039,0],[61551,0],]]
[61296,19,59,[[61295,0],[61297,0],[61040,0],[61041,0],[61552,0],]]
[61297,8,59,[[61298,0],[61296,0],[61041,0],[61553,0],]]
[61298,18,59,[[61297,0],[61299,0],[61042,0],[61043,0],[61554,0],]]
[61299,18,59,[[61300,0],[61298,0],[61043,0],[61555,0],]]
[61300,19,59,[[61299,0],[61301,0],[61044,0],[61045,0],[61556,0],]]
[61301,3,59,[[61302,0],[61300,0],[61045,0],[61557,0],]]
[61302,8,59,[[61301,0],[61303,0],[61046,0],[61047,0],[61558,0],]]
[61303,7,59,[[61304,0],[61302,0],[61047,0],[61559,0],]]
[61304,6,59,[[61303,0],[61305,0],[61048,0],[61049,0],[61560,0],]]
[61305,10,59,[[61306,0],[61304,0],[61049,0],[61561,0],]]
[61306,4,59,[[61305,0],[61307,0],[61050,0],[61051,0],[61562,0],]]
[61307,19,59,[[61308,0],[61306,0],[61051,0],[61563,0],]]
[61308,9,59,[[61307,0],[61309,0],[61052,0],[61053,0],[61564,0],]]
[61309,14,59,[[61310,0],[61308,0],[61053,0],[61565,0],]]
[61310,10,59,[[61309,0],[61311,0],[61054,0],[61055,0],[61566,0],]]
[61311,10,59,[[61312,0],[61310,0],[61055,0],[61567,0],]]
[61312,14,60,[[61311,0],[61313,0],[61056,0],[61057,0],[61568,0],]]
[61313,2,60,[[61314,0],[61312,0],[61057,0],[61569,0],]]
[61314,6,60,[[61313,0],[61315,0],[61058,0],[61059,0],[61570,0],]]
[61315,11,60,[[61316,0],[61314,0],[61059,0],[61571,0],]]
[61316,8,60,[[61315,0],[61317,0],[61060,0],[61061,0],[61572,0],]]
[61317,11,60,[[61318,0],[61316,0],[61061,0],[61573,0],]]
[61318,1,60,[[61317,0],[61319,0],[61062,0],[61063,0],[61574,0],]]
[61319,1,60,[[61320,0],[61318,0],[61063,0],[61575,0],]]
[61320,2,60,[[61319,0],[61321,0],[61064,0],[61065,0],[61576,0],]]
[61321,11,60,[[61322,0],[61320,0],[61065,0],[61577,0],]]
[61322,1,60,[[61321,0],[61323,0],[61066,0],[61067,0],[61578,0],]]
[61323,7,60,[[61324,0],[61322,0],[61067,0],[61579,0],]]
[61324,15,60,[[61323,0],[61325,0],[61068,0],[61069,0],[61580,0],]]
[61325,12,60,[[61326,0],[61324,0],[61069,0],[61581,0],]]
[61326,4,60,[[61325,0],[61327,0],[61070,0],[61071,0],[61582,0],]]
[61327,1,60,[[61328,0],[61326,0],[61071,0],[61583,0],]]
[61328,15,60,[[61327,0],[61329,0],[61072,0],[61073,0],[61584,0],]]
[61329,6,60,[[61330,0],[61328,0],[61073,0],[61585,0],]]
[61330,11,60,[[61329,0],[61331,0],[61074,0],[61075,0],[61586,0],]]
[61331,7,60,[[61332,0],[61330,0],[61075,0],[61587,0],]]
[61332,16,60,[[61331,0],[61333,0],[61076,0],[61077,0],[61588,0],]]
[61333,10,60,[[61334,0],[61332,0],[61077,0],[61589,0],]]
[61334,19,60,[[61333,0],[61335,0],[61078,0],[61079,0],[61590,0],]]
[61335,1,60,[[61336,0],[61334,0],[61079,0],[61591,0],]]
[61336,7,60,[[61335,0],[61337,0],[61080,0],[61081,0],[61592,0],]]
[61337,2,60,[[61338,0],[61336,0],[61081,0],[61593,0],]]
[61338,7,60,[[61337,0],[61339,0],[61082,0],[61083,0],[61594,0],]]
[61339,18,60,[[61340,0],[61338,0],[61083,0],[61595,0],]]
[61340,2,60,[[61339,0],[61341,0],[61084,0],[61085,0],[61596,0],]]
[61341,1,60,[[61342,0],[61340,0],[61085,0],[61597,0],]]
[61342,17,60,[[61341,0],[61343,0],[61086,0],[61087,0],[61598,0],]]
[61343,2,60,[[61344,0],[61342,0],[61087,0],[61599,0],]]
[61344,18,61,[[61343,0],[61345,0],[61088,0],[61089,0],[61600,0],]]
[61345,2,61,[[61346,0],[61344,0],[61089,0],[61601,0],]]
[61346,15,61,[[61345,0],[61347,0],[61090,0],[61091,0],[61602,0],]]
[61347,7,61,[[61348,0],[61346,0],[61091,0],[61603,0],]]
[61348,19,61,[[61347,0],[61349,0],[61092,0],[61093,0],[61604,0],]]
[61349,4,61,[[61350,0],[61348,0],[61093,0],[61605,0],]]
[61350,12,61,[[61349,0],[61351,0],[61094,0],[61095,0],[61606,0],]]
[61351,7,61,[[61352,0],[61350,0],[61095,0],[61607,0],]]
[61352,9,61,[[61351,0],[61353,0],[61096,0],[61097,0],[61608,0],]]
[61353,1,61,[[61354,0],[61352,0],[61097,0],[61609,0],]]
[61354,1,61,[[61353,0],[61355,0],[61098,0],[61099,0],[61610,0],]]
[61355,4,61,[[61356,0],[61354,0],[61099,0],[61611,0],]]
[61356,16,61,[[61355,0],[61357,0],[61100,0],[61101,0],[61612,0],]]
[61357,18,61,[[61358,0],[61356,0],[61101,0],[61613,0],]]
[61358,6,61,[[61357,0],[61359,0],[61102,0],[61103,0],[61614,0],]]
[61359,16,61,[[61360,0],[61358,0],[61103,0],[61615,0],]]
[61360,5,61,[[61359,0],[61361,0],[61104,0],[61105,0],[61616,0],]]
[61361,5,61,[[61362,0],[61360,0],[61105,0],[61617,0],]]
[61362,11,61,[[61361,0],[61363,0],[61106,0],[61107,0],[61618,0],]]
[61363,6,61,[[61364,0],[61362,0],[61107,0],[61619,0],]]
[61364,9,61,[[61363,0],[61365,0],[61108,0],[61109,0],[61620,0],]]
[61365,19,61,[[61366,0],[61364,0],[61109,0],[61621,0],]]
[61366,3,61,[[61365,0],[61367,0],[61110,0],[61111,0],[61622,0],]]
[61367,15,61,[[61368,0],[61366,0],[61111,0],[61623,0],]]
[61368,7,61,[[61367,0],[61369,0],[61112,0],[61113,0],[61624,0],]]
[61369,12,61,[[61370,0],[61368,0],[61113,0],[61625,0],]]
[61370,11,61,[[61369,0],[61371,0],[61114,0],[61115,0],[61626,0],]]
[61371,2,61,[[61372,0],[61370,0],[61115,0],[61627,0],]]
[61372,18,61,[[61371,0],[61373,0],[61116,0],[61117,0],[61628,0],]]
[61373,11,61,[[61374,0],[61372,0],[61117,0],[61629,0],]]
[61374,10,61,[[61373,0],[61375,0],[61118,0],[61119,0],[61630,0],]]
[61375,5,61,[[61376,0],[61374,0],[61119,0],[61631,0],]]
[61376,7,62,[[61375,0],[61377,0],[61120,0],[61121,0],[61632,0],]]
[61377,2,62,[[61378,0],[61376,0],[61121,0],[61633,0],]]
[61378,9,62,[[61377,0],[61379,0],[61122,0],[61123,0],[61634,0],]]
[61379,11,62,[[61380,0],[61378,0],[61123,0],[61635,0],]]
[61380,10,62,[[61379,0],[61381,0],[61124,0],[61125,0],[61636,0],]]
[61381,3,62,[[61382,0],[61380,0],[61125,0],[61637,0],]]
[61382,4,62,[[61381,0],[61383,0],[61126,0],[61127,0],[61638,0],]]
[61383,11,62,[[61384,0],[61382,0],[61127,0],[61639,0],]]
[61384,17,62,[[61383,0],[61385,0],[61128,0],[61129,0],[61640,0],]]
[61385,14,62,[[61386,0],[61384,0],[61129,0],[61641,0],]]
[61386,2,62,[[61385,0],[61387,0],[61130,0],[61131,0],[61642,0],]]
[61387,15,62,[[61388,0],[61386,0],[61131,0],[61643,0],]]
[61388,2,62,[[61387,0],[61389,0],[61132,0],[61133,0],[61644,0],]]
[61389,18,62,[[61390,0],[61388,0],[61133,0],[61645,0],]]
[61390,13,62,[[61389,0],[61391,0],[61134,0],[61135,0],[61646,0],]]
[61391,4,62,[[61392,0],[61390,0],[61135,0],[61647,0],]]
[61392,1,62,[[61391,0],[61393,0],[61136,0],[61137,0],[61648,0],]]
[61393,5,62,[[61394,0],[61392,0],[61137,0],[61649,0],]]
[61394,1,62,[[61393,0],[61395,0],[61138,0],[61139,0],[61650,0],]]
[61395,15,62,[[61396,0],[61394,0],[61139,0],[61651,0],]]
[61396,15,62,[[61395,0],[61397,0],[61140,0],[61141,0],[61652,0],]]
[61397,13,62,[[61398,0],[61396,0],[61141,0],[61653,0],]]
[61398,2,62,[[61397,0],[61399,0],[61142,0],[61143,0],[61654,0],]]
[61399,14,62,[[61400,0],[61398,0],[61143,0],[61655,0],]]
[61400,7,62,[[61399,0],[61401,0],[61144,0],[61145,0],[61656,0],]]
[61401,10,62,[[61402,0],[61400,0],[61145,0],[61657,0],]]
[61402,15,62,[[61401,0],[61403,0],[61146,0],[61147,0],[61658,0],]]
[61403,18,62,[[61404,0],[61402,0],[61147,0],[61659,0],]]
[61404,17,62,[[61403,0],[61405,0],[61148,0],[61149,0],[61660,0],]]
[61405,19,62,[[61406,0],[61404,0],[61149,0],[61661,0],]]
[61406,15,62,[[61405,0],[61407,0],[61150,0],[61151,0],[61662,0],]]
[61407,1,62,[[61408,0],[61406,0],[61151,0],[61663,0],]]
[61408,10,63,[[61407,0],[61409,0],[61152,0],[61153,0],[61664,0],]]
[61409,6,63,[[61410,0],[61408,0],[61153,0],[61665,0],]]
[61410,16,63,[[61409,0],[61411,0],[61154,0],[61155,0],[61666,0],]]
[61411,5,63,[[61412,0],[61410,0],[61155,0],[61667,0],]]
[61412,1,63,[[61411,0],[61413,0],[61156,0],[61157,0],[61668,0],]]
[61413,1,63,[[61414,0],[61412,0],[61157,0],[61669,0],]]
[61414,17,63,[[61413,0],[61415,0],[61158,0],[61159,0],[61670,0],]]
[61415,9,63,[[61416,0],[61414,0],[61159,0],[61671,0],]]
[61416,3,63,[[61415,0],[61417,0],[61160,0],[61161,0],[61672,0],]]
[61417,17,63,[[61418,0],[61416,0],[61161,0],[61673,0],]]
[61418,13,63,[[61417,0],[61419,0],[61162,0],[61163,0],[61674,0],]]
[61419,10,63,[[61420,0],[61418,0],[61163,0],[61675,0],]]
[61420,7,63,[[61419,0],[61421,0],[61164,0],[61165,0],[61676,0],]]
[61421,9,63,[[61422,0],[61420,0],[61165,0],[61677,0],]]
[61422,3,63,[[61421,0],[61423,0],[61166,0],[61167,0],[61678,0],]]
[61423,2,63,[[61424,0],[61422,0],[61167,0],[61679,0],]]
[61424,12,63,[[61423,0],[61425,0],[61168,0],[61169,0],[61680,0],]]
[61425,3,63,[[61426,0],[61424,0],[61169,0],[61681,0],]]
[61426,19,63,[[61425,0],[61427,0],[61170,0],[61171,0],[61682,0],]]
[61427,19,63,[[61428,0],[61426,0],[61171,0],[61683,0],]]
[61428,12,63,[[61427,0],[61429,0],[61172,0],[61173,0],[61684,0],]]
[61429,3,63,[[61430,0],[61428,0],[61173,0],[61685,0],]]
[61430,10,63,[[61429,0],[61431,0],[61174,0],[61175,0],[61686,0],]]
[61431,18,63,[[61432,0],[61430,0],[61175,0],[61687,0],]]
[61432,6,63,[[61431,0],[61433,0],[61176,0],[61177,0],[61688,0],]]
[61433,16,63,[[61434,0],[61432,0],[61177,0],[61689,0],]]
[61434,14,63,[[61433,0],[61435,0],[61178,0],[61179,0],[61690,0],]]
[61435,15,63,[[61436,0],[61434,0],[61179,0],[61691,0],]]
[61436,2,63,[[61435,0],[61437,0],[61180,0],[61181,0],[61692,0],]]
[61437,14,63,[[61438,0],[61436,0],[61181,0],[61693,0],]]
[61438,14,63,[[61437,0],[61439,0],[61182,0],[61183,0],[61694,0],]]
[61439,6,63,[[61438,0],[61183,0],[61695,0],]]
[61440,16,56,[[61441,0],[61696,0],[61184,0],]]
[61441,2,56,[[61442,0],[61440,0],[61697,0],[61696,0],[61185,0],]]
[61442,9,56,[[61441,0],[61443,0],[61698,0],[61186,0],]]
[61443,3,56,[[61444,0],[61442,0],[61699,0],[61698,0],[61187,0],]]
[61444,6,56,[[61443,0],[61445,0],[61700,0],[61188,0],]]
[61445,5,56,[[61446,0],[61444,0],[61701,0],[61700,0],[61189,0],]]
[61446,5,56,[[61445,0],[61447,0],[61702,0],[61190,0],]]
[61447,13,56,[[61448,0],[61446,0],[61703,0],[61702,0],[61191,0],]]
[61448,14,56,[[61447,0],[61449,0],[61704,0],[61192,0],]]
[61449,3,56,[[61450,0],[61448,0],[61705,0],[61704,0],[61193,0],]]
[61450,19,56,[[61449,0],[61451,0],[61706,0],[61194,0],]]
[61451,5,56,[[61452,0],[61450,0],[61707,0],[61706,0],[61195,0],]]
[61452,14,56,[[61451,0],[61453,0],[61708,0],[61196,0],]]
[61453,13,56,[[61454,0],[61452,0],[61709,0],[61708,0],[61197,0],]]
[61454,11,56,[[61453,0],[61455,0],[61710,0],[61198,0],]]
[61455,18,56,[[61456,0],[61454,0],[61711,0],[61710,0],[61199,0],]]
[61456,4,56,[[61455,0],[61457,0],[61712,0],[61200,0],]]
[61457,3,56,[[61458,0],[61456,0],[61713,0],[61712,0],[61201,0],]]
[61458,2,56,[[61457,0],[61459,0],[61714,0],[61202,0],]]
[61459,11,56,[[61460,0],[61458,0],[61715,0],[61714,0],[61203,0],]]
[61460,19,56,[[61459,0],[61461,0],[61716,0],[61204,0],]]
[61461,19,56,[[61462,0],[61460,0],[61717,0],[61716,0],[61205,0],]]
[61462,18,56,[[61461,0],[61463,0],[61718,0],[61206,0],]]
[61463,3,56,[[61464,0],[61462,0],[61719,0],[61718,0],[61207,0],]]
[61464,7,56,[[61463,0],[61465,0],[61720,0],[61208,0],]]
[61465,11,56,[[61466,0],[61464,0],[61721,0],[61720,0],[61209,0],]]
[61466,15,56,[[61465,0],[61467,0],[61722,0],[61210,0],]]
[61467,3,56,[[61468,0],[61466,0],[61723,0],[61722,0],[61211,0],]]
[61468,7,56,[[61467,0],[61469,0],[61724,0],[61212,0],]]
[61469,1,56,[[61470,0],[61468,0],[61725,0],[61724,0],[61213,0],]]
[61470,3,56,[[61469,0],[61471,0],[61726,0],[61214,0],]]
[61471,17,56,[[61472,0],[61470,0],[61727,0],[61726,0],[61215,0],]]
[61472,6,57,[[61471,0],[61473,0],[61728,0],[61216,0],]]
[61473,14,57,[[61474,0],[61472,0],[61729,0],[61728,0],[61217,0],]]
[61474,1,57,[[61473,0],[61475,0],[61730,0],[61218,0],]]
[61475,18,57,[[61476,0],[61474,0],[61731,0],[61730,0],[61219,0],]]
[61476,2,57,[[61475,0],[61477,0],[61732,0],[61220,0],]]
[61477,15,57,[[61478,0],[61476,0],[61733,0],[61732,0],[61221,0],]]
[61478,18,57,[[61477,0],[61479,0],[61734,0],[61222,0],]]
[61479,9,57,[[61480,0],[61478,0],[61735,0],[61734,0],[61223,0],]]
[61480,2,57,[[61479,0],[61481,0],[61736,0],[61224,0],]]
[61481,6,57,[[61482,0],[61480,0],[61737,0],[61736,0],[61225,0],]]
[61482,19,57,[[61481,0],[61483,0],[61738,0],[61226,0],]]
[61483,8,57,[[61484,0],[61482,0],[61739,0],[61738,0],[61227,0],]]
[61484,11,57,[[61483,0],[61485,0],[61740,0],[61228,0],]]
[61485,8,57,[[61486,0],[61484,0],[61741,0],[61740,0],[61229,0],]]
[61486,3,57,[[61485,0],[61487,0],[61742,0],[61230,0],]]
[61487,9,57,[[61488,0],[61486,0],[61743,0],[61742,0],[61231,0],]]
[61488,9,57,[[61487,0],[61489,0],[61744,0],[61232,0],]]
[61489,15,57,[[61490,0],[61488,0],[61745,0],[61744,0],[61233,0],]]
[61490,5,57,[[61489,0],[61491,0],[61746,0],[61234,0],]]
[61491,19,57,[[61492,0],[61490,0],[61747,0],[61746,0],[61235,0],]]
[61492,1,57,[[61491,0],[61493,0],[61748,0],[61236,0],]]
[61493,3,57,[[61494,0],[61492,0],[61749,0],[61748,0],[61237,0],]]
[61494,19,57,[[61493,0],[61495,0],[61750,0],[61238,0],]]
[61495,14,57,[[61496,0],[61494,0],[61751,0],[61750,0],[61239,0],]]
[61496,7,57,[[61495,0],[61497,0],[61752,0],[61240,0],]]
[61497,3,57,[[61498,0],[61496,0],[61753,0],[61752,0],[61241,0],]]
[61498,8,57,[[61497,0],[61499,0],[61754,0],[61242,0],]]
[61499,16,57,[[61500,0],[61498,0],[61755,0],[61754,0],[61243,0],]]
[61500,8,57,[[61499,0],[61501,0],[61756,0],[61244,0],]]
[61501,2,57,[[61502,0],[61500,0],[61757,0],[61756,0],[61245,0],]]
[61502,11,57,[[61501,0],[61503,0],[61758,0],[61246,0],]]
[61503,18,57,[[61504,0],[61502,0],[61759,0],[61758,0],[61247,0],]]
[61504,9,58,[[61503,0],[61505,0],[61760,0],[61248,0],]]
[61505,12,58,[[61506,0],[61504,0],[61761,0],[61760,0],[61249,0],]]
[61506,7,58,[[61505,0],[61507,0],[61762,0],[61250,0],]]
[61507,1,58,[[61508,0],[61506,0],[61763,0],[61762,0],[61251,0],]]
[61508,12,58,[[61507,0],[61509,0],[61764,0],[61252,0],]]
[61509,2,58,[[61510,0],[61508,0],[61765,0],[61764,0],[61253,0],]]
[61510,17,58,[[61509,0],[61511,0],[61766,0],[61254,0],]]
[61511,13,58,[[61512,0],[61510,0],[61767,0],[61766,0],[61255,0],]]
[61512,7,58,[[61511,0],[61513,0],[61768,0],[61256,0],]]
[61513,10,58,[[61514,0],[61512,0],[61769,0],[61768,0],[61257,0],]]
[61514,6,58,[[61513,0],[61515,0],[61770,0],[61258,0],]]
[61515,1,58,[[61516,0],[61514,0],[61771,0],[61770,0],[61259,0],]]
[61516,2,58,[[61515,0],[61517,0],[61772,0],[61260,0],]]
[61517,9,58,[[61518,0],[61516,0],[61773,0],[61772,0],[61261,0],]]
[61518,13,58,[[61517,0],[61519,0],[61774,0],[61262,0],]]
[61519,3,58,[[61520,0],[61518,0],[61775,0],[61774,0],[61263,0],]]
[61520,16,58,[[61519,0],[61521,0],[61776,0],[61264,0],]]
[61521,5,58,[[61522,0],[61520,0],[61777,0],[61776,0],[61265,0],]]
[61522,11,58,[[61521,0],[61523,0],[61778,0],[61266,0],]]
[61523,8,58,[[61524,0],[61522,0],[61779,0],[61778,0],[61267,0],]]
[61524,2,58,[[61523,0],[61525,0],[61780,0],[61268,0],]]
[61525,2,58,[[61526,0],[61524,0],[61781,0],[61780,0],[61269,0],]]
[61526,10,58,[[61525,0],[61527,0],[61782,0],[61270,0],]]
[61527,18,58,[[61528,0],[61526,0],[61783,0],[61782,0],[61271,0],]]
[61528,1,58,[[61527,0],[61529,0],[61784,0],[61272,0],]]
[61529,8,58,[[61530,0],[61528,0],[61785,0],[61784,0],[61273,0],]]
[61530,3,58,[[61529,0],[61531,0],[61786,0],[61274,0],]]
[61531,4,58,[[61532,0],[61530,0],[61787,0],[61786,0],[61275,0],]]
[61532,5,58,[[61531,0],[61533,0],[61788,0],[61276,0],]]
[61533,7,58,[[61534,0],[61532,0],[61789,0],[61788,0],[61277,0],]]
[61534,4,58,[[61533,0],[61535,0],[61790,0],[61278,0],]]
[61535,19,58,[[61536,0],[61534,0],[61791,0],[61790,0],[61279,0],]]
[61536,11,59,[[61535,0],[61537,0],[61792,0],[61280,0],]]
[61537,19,59,[[61538,0],[61536,0],[61793,0],[61792,0],[61281,0],]]
[61538,16,59,[[61537,0],[61539,0],[61794,0],[61282,0],]]
[61539,4,59,[[61540,0],[61538,0],[61795,0],[61794,0],[61283,0],]]
[61540,11,59,[[61539,0],[61541,0],[61796,0],[61284,0],]]
[61541,6,59,[[61542,0],[61540,0],[61797,0],[61796,0],[61285,0],]]
[61542,8,59,[[61541,0],[61543,0],[61798,0],[61286,0],]]
[61543,4,59,[[61544,0],[61542,0],[61799,0],[61798,0],[61287,0],]]
[61544,3,59,[[61543,0],[61545,0],[61800,0],[61288,0],]]
[61545,1,59,[[61546,0],[61544,0],[61801,0],[61800,0],[61289,0],]]
[61546,17,59,[[61545,0],[61547,0],[61802,0],[61290,0],]]
[61547,5,59,[[61548,0],[61546,0],[61803,0],[61802,0],[61291,0],]]
[61548,7,59,[[61547,0],[61549,0],[61804,0],[61292,0],]]
[61549,9,59,[[61550,0],[61548,0],[61805,0],[61804,0],[61293,0],]]
[61550,8,59,[[61549,0],[61551,0],[61806,0],[61294,0],]]
[61551,17,59,[[61552,0],[61550,0],[61807,0],[61806,0],[61295,0],]]
[61552,13,59,[[61551,0],[61553,0],[61808,0],[61296,0],]]
[61553,1,59,[[61554,0],[61552,0],[61809,0],[61808,0],[61297,0],]]
[61554,4,59,[[61553,0],[61555,0],[61810,0],[61298,0],]]
[61555,19,59,[[61556,0],[61554,0],[61811,0],[61810,0],[61299,0],]]
[61556,12,59,[[61555,0],[61557,0],[61812,0],[61300,0],]]
[61557,1,59,[[61558,0],[61556,0],[61813,0],[61812,0],[61301,0],]]
[61558,14,59,[[61557,0],[61559,0],[61814,0],[61302,0],]]
[61559,2,59,[[61560,0],[61558,0],[61815,0],[61814,0],[61303,0],]]
[61560,3,59,[[61559,0],[61561,0],[61816,0],[61304,0],]]
[61561,15,59,[[61562,0],[61560,0],[61817,0],[61816,0],[61305,0],]]
[61562,2,59,[[61561,0],[61563,0],[61818,0],[61306,0],]]
[61563,2,59,[[61564,0],[61562,0],[61819,0],[61818,0],[61307,0],]]
[61564,12,59,[[61563,0],[61565,0],[61820,0],[61308,0],]]
[61565,1,59,[[61566,0],[61564,0],[61821,0],[61820,0],[61309,0],]]
[61566,1,59,[[61565,0],[61567,0],[61822,0],[61310,0],]]
[61567,16,59,[[61568,0],[61566,0],[61823,0],[61822,0],[61311,0],]]
[61568,12,60,[[61567,0],[61569,0],[61824,0],[61312,0],]]
[61569,7,60,[[61570,0],[61568,0],[61825,0],[61824,0],[61313,0],]]
[61570,5,60,[[61569,0],[61571,0],[61826,0],[61314,0],]]
[61571,18,60,[[61572,0],[61570,0],[61827,0],[61826,0],[61315,0],]]
[61572,3,60,[[61571,0],[61573,0],[61828,0],[61316,0],]]
[61573,8,60,[[61574,0],[61572,0],[61829,0],[61828,0],[61317,0],]]
[61574,17,60,[[61573,0],[61575,0],[61830,0],[61318,0],]]
[61575,7,60,[[61576,0],[61574,0],[61831,0],[61830,0],[61319,0],]]
[61576,16,60,[[61575,0],[61577,0],[61832,0],[61320,0],]]
[61577,16,60,[[61578,0],[61576,0],[61833,0],[61832,0],[61321,0],]]
[61578,12,60,[[61577,0],[61579,0],[61834,0],[61322,0],]]
[61579,4,60,[[61580,0],[61578,0],[61835,0],[61834,0],[61323,0],]]
[61580,6,60,[[61579,0],[61581,0],[61836,0],[61324,0],]]
[61581,15,60,[[61582,0],[61580,0],[61837,0],[61836,0],[61325,0],]]
[61582,9,60,[[61581,0],[61583,0],[61838,0],[61326,0],]]
[61583,4,60,[[61584,0],[61582,0],[61839,0],[61838,0],[61327,0],]]
[61584,11,60,[[61583,0],[61585,0],[61840,0],[61328,0],]]
[61585,5,60,[[61586,0],[61584,0],[61841,0],[61840,0],[61329,0],]]
[61586,6,60,[[61585,0],[61587,0],[61842,0],[61330,0],]]
[61587,2,60,[[61588,0],[61586,0],[61843,0],[61842,0],[61331,0],]]
[61588,9,60,[[61587,0],[61589,0],[61844,0],[61332,0],]]
[61589,15,60,[[61590,0],[61588,0],[61845,0],[61844,0],[61333,0],]]
[61590,9,60,[[61589,0],[61591,0],[61846,0],[61334,0],]]
[61591,16,60,[[61592,0],[61590,0],[61847,0],[61846,0],[61335,0],]]
[61592,17,60,[[61591,0],[61593,0],[61848,0],[61336,0],]]
[61593,14,60,[[61594,0],[61592,0],[61849,0],[61848,0],[61337,0],]]
[61594,11,60,[[61593,0],[61595,0],[61850,0],[61338,0],]]
[61595,12,60,[[61596,0],[61594,0],[61851,0],[61850,0],[61339,0],]]
[61596,10,60,[[61595,0],[61597,0],[61852,0],[61340,0],]]
[61597,11,60,[[61598,0],[61596,0],[61853,0],[61852,0],[61341,0],]]
[61598,18,60,[[61597,0],[61599,0],[61854,0],[61342,0],]]
[61599,16,60,[[61600,0],[61598,0],[61855,0],[61854,0],[61343,0],]]
[61600,16,61,[[61599,0],[61601,0],[61856,0],[61344,0],]]
[61601,9,61,[[61602,0],[61600,0],[61857,0],[61856,0],[61345,0],]]
[61602,11,61,[[61601,0],[61603,0],[61858,0],[61346,0],]]
