[64880,3,59,[[64879,0],[64881,0],[64624,0],[64625,0],[65136,0],]]
[64881,9,59,[[64882,0],[64880,0],[64625,0],[65137,0],]]
[64882,8,59,[[64881,0],[64883,0],[64626,0],[64627,0],[65138,0],]]
[64883,8,59,[[64884,0],[64882,0],[64627,0],[65139,0],]]
[64884,13,59,[[64883,0],[64885,0],[64628,0],[64629,0],[65140,0],]]
[64885,10,59,[[64886,0],[64884,0],[64629,0],[65141,0],]]
[64886,12,59,[[64885,0],[64887,0],[64630,0],[64631,0],[65142,0],]]
[64887,13,59,[[64888,0],[64886,0],[64631,0],[65143,0],]]
[64888,2,59,[[64887,0],[64889,0],[64632,0],[64633,0],[65144,0],]]
[64889,14,59,[[64890,0],[64888,0],[64633,0],[65145,0],]]
[64890,13,59,[[64889,0],[64891,0],[64634,0],[64635,0],[65146,0],]]
[64891,16,59,[[64892,0],[64890,0],[64635,0],[65147,0],]]
[64892,9,59,[[64891,0],[64893,0],[64636,0],[64637,0],[65148,0],]]
[64893,6,59,[[64894,0],[64892,0],[64637,0],[65149,0],]]
[64894,4,59,[[64893,0],[64895,0],[64638,0],[64639,0],[65150,0],]]
[64895,5,59,[[64896,0],[64894,0],[64639,0],[65151,0],]]
[64896,10,60,[[64895,0],[64897,0],[64640,0],[64641,0],[65152,0],]]
[64897,3,60,[[64898,0],[64896,0],[64641,0],[65153,0],]]
[64898,14,60,[[64897,0],[64899,0],[64642,0],[64643,0],[65154,0],]]
[64899,9,60,[[64900,0],[64898,0],[64643,0],[65155,0],]]
[64900,18,60,[[64899,0],[64901,0],[64644,0],[64645,0],[65156,0],]]
[64901,18,60,[[64902,0],[64900,0],[64645,0],[65157,0],]]
[64902,10,60,[[64901,0],[64903,0],[64646,0],[64647,0],[65158,0],]]
[64903,4,60,[[64904,0],[64902,0],[64647,0],[65159,0],]]
[64904,18,60,[[64903,0],[64905,0],[64648,0],[64649,0],[65160,0],]]
[64905,10,60,[[64906,0],[64904,0],[64649,0],[65161,0],]]
[64906,4,60,[[64905,0],[64907,0],[64650,0],[64651,0],[65162,0],]]
[64907,19,60,[[64908,0],[64906,0],[64651,0],[65163,0],]]
[64908,1,60,[[64907,0],[64909,0],[64652,0],[64653,0],[65164,0],]]
[64909,6,60,[[64910,0],[64908,0],[64653,0],[65165,0],]]
[64910,6,60,[[64909,0],[64911,0],[64654,0],[64655,0],[65166,0],]]
[64911,1,60,[[64912,0],[64910,0],[64655,0],[65167,0],]]
[64912,18,60,[[64911,0],[64913,0],[64656,0],[64657,0],[65168,0],]]
[64913,14,60,[[64914,0],[64912,0],[64657,0],[65169,0],]]
[64914,11,60,[[64913,0],[64915,0],[64658,0],[64659,0],[65170,0],]]
[64915,13,60,[[64916,0],[64914,0],[64659,0],[65171,0],]]
[64916,5,60,[[64915,0],[64917,0],[64660,0],[64661,0],[65172,0],]]
[64917,18,60,[[64918,0],[64916,0],[64661,0],[65173,0],]]
[64918,10,60,[[64917,0],[64919,0],[64662,0],[64663,0],[65174,0],]]
[64919,12,60,[[64920,0],[64918,0],[64663,0],[65175,0],]]
[64920,12,60,[[64919,0],[64921,0],[64664,0],[64665,0],[65176,0],]]
[64921,4,60,[[64922,0],[64920,0],[64665,0],[65177,0],]]
[64922,16,60,[[64921,0],[64923,0],[64666,0],[64667,0],[65178,0],]]
[64923,5,60,[[64924,0],[64922,0],[64667,0],[65179,0],]]
[64924,14,60,[[64923,0],[64925,0],[64668,0],[64669,0],[65180,0],]]
[64925,18,60,[[64926,0],[64924,0],[64669,0],[65181,0],]]
[64926,9,60,[[64925,0],[64927,0],[64670,0],[64671,0],[65182,0],]]
[64927,8,60,[[64928,0],[64926,0],[64671,0],[65183,0],]]
[64928,17,61,[[64927,0],[64929,0],[64672,0],[64673,0],[65184,0],]]
[64929,19,61,[[64930,0],[64928,0],[64673,0],[65185,0],]]
[64930,15,61,[[64929,0],[64931,0],[64674,0],[64675,0],[65186,0],]]
[64931,18,61,[[64932,0],[64930,0],[64675,0],[65187,0],]]
[64932,18,61,[[64931,0],[64933,0],[64676,0],[64677,0],[65188,0],]]
[64933,12,61,[[64934,0],[64932,0],[64677,0],[65189,0],]]
[64934,2,61,[[64933,0],[64935,0],[64678,0],[64679,0],[65190,0],]]
[64935,19,61,[[64936,0],[64934,0],[64679,0],[65191,0],]]
[64936,15,61,[[64935,0],[64937,0],[64680,0],[64681,0],[65192,0],]]
[64937,13,61,[[64938,0],[64936,0],[64681,0],[65193,0],]]
[64938,5,61,[[64937,0],[64939,0],[64682,0],[64683,0],[65194,0],]]
[64939,18,61,[[64940,0],[64938,0],[64683,0],[65195,0],]]
[64940,11,61,[[64939,0],[64941,0],[64684,0],[64685,0],[65196,0],]]
[64941,12,61,[[64942,0],[64940,0],[64685,0],[65197,0],]]
[64942,4,61,[[64941,0],[64943,0],[64686,0],[64687,0],[65198,0],]]
[64943,4,61,[[64944,0],[64942,0],[64687,0],[65199,0],]]
[64944,9,61,[[64943,0],[64945,0],[64688,0],[64689,0],[65200,0],]]
[64945,7,61,[[64946,0],[64944,0],[64689,0],[65201,0],]]
[64946,15,61,[[64945,0],[64947,0],[64690,0],[64691,0],[65202,0],]]
[64947,15,61,[[64948,0],[64946,0],[64691,0],[65203,0],]]
[64948,13,61,[[64947,0],[64949,0],[64692,0],[64693,0],[65204,0],]]
[64949,3,61,[[64950,0],[64948,0],[64693,0],[65205,0],]]
[64950,4,61,[[64949,0],[64951,0],[64694,0],[64695,0],[65206,0],]]
[64951,3,61,[[64952,0],[64950,0],[64695,0],[65207,0],]]
[64952,12,61,[[64951,0],[64953,0],[64696,0],[64697,0],[65208,0],]]
[64953,8,61,[[64954,0],[64952,0],[64697,0],[65209,0],]]
[64954,10,61,[[64953,0],[64955,0],[64698,0],[64699,0],[65210,0],]]
[64955,16,61,[[64956,0],[64954,0],[64699,0],[65211,0],]]
[64956,1,61,[[64955,0],[64957,0],[64700,0],[64701,0],[65212,0],]]
[64957,10,61,[[64958,0],[64956,0],[64701,0],[65213,0],]]
[64958,18,61,[[64957,0],[64959,0],[64702,0],[64703,0],[65214,0],]]
[64959,2,61,[[64960,0],[64958,0],[64703,0],[65215,0],]]
[64960,13,62,[[64959,0],[64961,0],[64704,0],[64705,0],[65216,0],]]
[64961,5,62,[[64962,0],[64960,0],[64705,0],[65217,0],]]
[64962,8,62,[[64961,0],[64963,0],[64706,0],[64707,0],[65218,0],]]
[64963,13,62,[[64964,0],[64962,0],[64707,0],[65219,0],]]
[64964,5,62,[[64963,0],[64965,0],[64708,0],[64709,0],[65220,0],]]
[64965,5,62,[[64966,0],[64964,0],[64709,0],[65221,0],]]
[64966,18,62,[[64965,0],[64967,0],[64710,0],[64711,0],[65222,0],]]
[64967,18,62,[[64968,0],[64966,0],[64711,0],[65223,0],]]
[64968,16,62,[[64967,0],[64969,0],[64712,0],[64713,0],[65224,0],]]
[64969,6,62,[[64970,0],[64968,0],[64713,0],[65225,0],]]
[64970,18,62,[[64969,0],[64971,0],[64714,0],[64715,0],[65226,0],]]
[64971,7,62,[[64972,0],[64970,0],[64715,0],[65227,0],]]
[64972,7,62,[[64971,0],[64973,0],[64716,0],[64717,0],[65228,0],]]
[64973,18,62,[[64974,0],[64972,0],[64717,0],[65229,0],]]
[64974,15,62,[[64973,0],[64975,0],[64718,0],[64719,0],[65230,0],]]
[64975,8,62,[[64976,0],[64974,0],[64719,0],[65231,0],]]
[64976,5,62,[[64975,0],[64977,0],[64720,0],[64721,0],[65232,0],]]
[64977,6,62,[[64978,0],[64976,0],[64721,0],[65233,0],]]
[64978,19,62,[[64977,0],[64979,0],[64722,0],[64723,0],[65234,0],]]
[64979,10,62,[[64980,0],[64978,0],[64723,0],[65235,0],]]
[64980,4,62,[[64979,0],[64981,0],[64724,0],[64725,0],[65236,0],]]
[64981,9,62,[[64982,0],[64980,0],[64725,0],[65237,0],]]
[64982,2,62,[[64981,0],[64983,0],[64726,0],[64727,0],[65238,0],]]
[64983,9,62,[[64984,0],[64982,0],[64727,0],[65239,0],]]
[64984,18,62,[[64983,0],[64985,0],[64728,0],[64729,0],[65240,0],]]
[64985,11,62,[[64986,0],[64984,0],[64729,0],[65241,0],]]
[64986,16,62,[[64985,0],[64987,0],[64730,0],[64731,0],[65242,0],]]
[64987,8,62,[[64988,0],[64986,0],[64731,0],[65243,0],]]
[64988,18,62,[[64987,0],[64989,0],[64732,0],[64733,0],[65244,0],]]
[64989,5,62,[[64990,0],[64988,0],[64733,0],[65245,0],]]
[64990,14,62,[[64989,0],[64991,0],[64734,0],[64735,0],[65246,0],]]
[64991,1,62,[[64992,0],[64990,0],[64735,0],[65247,0],]]
[64992,3,63,[[64991,0],[64993,0],[64736,0],[64737,0],[65248,0],]]
[64993,9,63,[[64994,0],[64992,0],[64737,0],[65249,0],]]
[64994,15,63,[[64993,0],[64995,0],[64738,0],[64739,0],[65250,0],]]
[64995,18,63,[[64996,0],[64994,0],[64739,0],[65251,0],]]
[64996,14,63,[[64995,0],[64997,0],[64740,0],[64741,0],[65252,0],]]
[64997,15,63,[[64998,0],[64996,0],[64741,0],[65253,0],]]
[64998,11,63,[[64997,0],[64999,0],[64742,0],[64743,0],[65254,0],]]
[64999,19,63,[[65000,0],[64998,0],[64743,0],[65255,0],]]
[65000,11,63,[[64999,0],[65001,0],[64744,0],[64745,0],[65256,0],]]
[65001,6,63,[[65002,0],[65000,0],[64745,0],[65257,0],]]
[65002,15,63,[[65001,0],[65003,0],[64746,0],[64747,0],[65258,0],]]
[65003,10,63,[[65004,0],[65002,0],[64747,0],[65259,0],]]
[65004,3,63,[[65003,0],[65005,0],[64748,0],[64749,0],[65260,0],]]
[65005,4,63,[[65006,0],[65004,0],[64749,0],[65261,0],]]
[65006,6,63,[[65005,0],[65007,0],[64750,0],[64751,0],[65262,0],]]
[65007,17,63,[[65008,0],[65006,0],[64751,0],[65263,0],]]
[65008,12,63,[[65007,0],[65009,0],[64752,0],[64753,0],[65264,0],]]
[65009,13,63,[[65010,0],[65008,0],[64753,0],[65265,0],]]
[65010,1,63,[[65009,0],[65011,0],[64754,0],[64755,0],[65266,0],]]
[65011,12,63,[[65012,0],[65010,0],[64755,0],[65267,0],]]
[65012,8,63,[[65011,0],[65013,0],[64756,0],[64757,0],[65268,0],]]
[65013,4,63,[[65014,0],[65012,0],[64757,0],[65269,0],]]
[65014,13,63,[[65013,0],[65015,0],[64758,0],[64759,0],[65270,0],]]
[65015,19,63,[[65016,0],[65014,0],[64759,0],[65271,0],]]
[65016,11,63,[[65015,0],[65017,0],[64760,0],[64761,0],[65272,0],]]
[65017,15,63,[[65018,0],[65016,0],[64761,0],[65273,0],]]
[65018,18,63,[[65017,0],[65019,0],[64762,0],[64763,0],[65274,0],]]
[65019,18,63,[[65020,0],[65018,0],[64763,0],[65275,0],]]
[65020,16,63,[[65019,0],[65021,0],[64764,0],[64765,0],[65276,0],]]
[65021,6,63,[[65022,0],[65020,0],[64765,0],[65277,0],]]
[65022,3,63,[[65021,0],[65023,0],[64766,0],[64767,0],[65278,0],]]
[65023,12,63,[[65022,0],[64767,0],[65279,0],]]
[65024,14,56,[[65025,0],[65280,0],[64768,0],]]
[65025,11,56,[[65026,0],[65024,0],[65281,0],[65280,0],[64769,0],]]
[65026,8,56,[[65025,0],[65027,0],[65282,0],[64770,0],]]
[65027,9,56,[[65028,0],[65026,0],[65283,0],[65282,0],[64771,0],]]
[65028,3,56,[[65027,0],[65029,0],[65284,0],[64772,0],]]
[65029,3,56,[[65030,0],[65028,0],[65285,0],[65284,0],[64773,0],]]
[65030,13,56,[[65029,0],[65031,0],[65286,0],[64774,0],]]
[65031,1,56,[[65032,0],[65030,0],[65287,0],[65286,0],[64775,0],]]
[65032,1,56,[[65031,0],[65033,0],[65288,0],[64776,0],]]
[65033,10,56,[[65034,0],[65032,0],[65289,0],[65288,0],[64777,0],]]
[65034,16,56,[[65033,0],[65035,0],[65290,0],[64778,0],]]
[65035,11,56,[[65036,0],[65034,0],[65291,0],[65290,0],[64779,0],]]
[65036,2,56,[[65035,0],[65037,0],[65292,0],[64780,0],]]
[65037,16,56,[[65038,0],[65036,0],[65293,0],[65292,0],[64781,0],]]
[65038,11,56,[[65037,0],[65039,0],[65294,0],[64782,0],]]
[65039,16,56,[[65040,0],[65038,0],[65295,0],[65294,0],[64783,0],]]
[65040,9,56,[[65039,0],[65041,0],[65296,0],[64784,0],]]
[65041,14,56,[[65042,0],[65040,0],[65297,0],[65296,0],[64785,0],]]
[65042,13,56,[[65041,0],[65043,0],[65298,0],[64786,0],]]
[65043,4,56,[[65044,0],[65042,0],[65299,0],[65298,0],[64787,0],]]
[65044,7,56,[[65043,0],[65045,0],[65300,0],[64788,0],]]
[65045,16,56,[[65046,0],[65044,0],[65301,0],[65300,0],[64789,0],]]
[65046,10,56,[[65045,0],[65047,0],[65302,0],[64790,0],]]
[65047,13,56,[[65048,0],[65046,0],[65303,0],[65302,0],[64791,0],]]
[65048,4,56,[[65047,0],[65049,0],[65304,0],[64792,0],]]
[65049,13,56,[[65050,0],[65048,0],[65305,0],[65304,0],[64793,0],]]
[65050,9,56,[[65049,0],[65051,0],[65306,0],[64794,0],]]
[65051,16,56,[[65052,0],[65050,0],[65307,0],[65306,0],[64795,0],]]
[65052,6,56,[[65051,0],[65053,0],[65308,0],[64796,0],]]
[65053,12,56,[[65054,0],[65052,0],[65309,0],[65308,0],[64797,0],]]
[65054,16,56,[[65053,0],[65055,0],[65310,0],[64798,0],]]
[65055,2,56,[[65056,0],[65054,0],[65311,0],[65310,0],[64799,0],]]
[65056,3,57,[[65055,0],[65057,0],[65312,0],[64800,0],]]
[65057,14,57,[[65058,0],[65056,0],[65313,0],[65312,0],[64801,0],]]
[65058,6,57,[[65057,0],[65059,0],[65314,0],[64802,0],]]
[65059,4,57,[[65060,0],[65058,0],[65315,0],[65314,0],[64803,0],]]
[65060,16,57,[[65059,0],[65061,0],[65316,0],[64804,0],]]
[65061,8,57,[[65062,0],[65060,0],[65317,0],[65316,0],[64805,0],]]
[65062,14,57,[[65061,0],[65063,0],[65318,0],[64806,0],]]
[65063,18,57,[[65064,0],[65062,0],[65319,0],[65318,0],[64807,0],]]
[65064,6,57,[[65063,0],[65065,0],[65320,0],[64808,0],]]
[65065,2,57,[[65066,0],[65064,0],[65321,0],[65320,0],[64809,0],]]
[65066,14,57,[[65065,0],[65067,0],[65322,0],[64810,0],]]
[65067,9,57,[[65068,0],[65066,0],[65323,0],[65322,0],[64811,0],]]
[65068,6,57,[[65067,0],[65069,0],[65324,0],[64812,0],]]
[65069,15,57,[[65070,0],[65068,0],[65325,0],[65324,0],[64813,0],]]
[65070,11,57,[[65069,0],[65071,0],[65326,0],[64814,0],]]
[65071,5,57,[[65072,0],[65070,0],[65327,0],[65326,0],[64815,0],]]
[65072,19,57,[[65071,0],[65073,0],[65328,0],[64816,0],]]
[65073,4,57,[[65074,0],[65072,0],[65329,0],[65328,0],[64817,0],]]
[65074,18,57,[[65073,0],[65075,0],[65330,0],[64818,0],]]
[65075,9,57,[[65076,0],[65074,0],[65331,0],[65330,0],[64819,0],]]
[65076,9,57,[[65075,0],[65077,0],[65332,0],[64820,0],]]
[65077,11,57,[[65078,0],[65076,0],[65333,0],[65332,0],[64821,0],]]
[65078,13,57,[[65077,0],[65079,0],[65334,0],[64822,0],]]
[65079,17,57,[[65080,0],[65078,0],[65335,0],[65334,0],[64823,0],]]
[65080,15,57,[[65079,0],[65081,0],[65336,0],[64824,0],]]
[65081,1,57,[[65082,0],[65080,0],[65337,0],[65336,0],[64825,0],]]
[65082,13,57,[[65081,0],[65083,0],[65338,0],[64826,0],]]
[65083,1,57,[[65084,0],[65082,0],[65339,0],[65338,0],[64827,0],]]
[65084,6,57,[[65083,0],[65085,0],[65340,0],[64828,0],]]
[65085,11,57,[[65086,0],[65084,0],[65341,0],[65340,0],[64829,0],]]
[65086,8,57,[[65085,0],[65087,0],[65342,0],[64830,0],]]
[65087,12,57,[[65088,0],[65086,0],[65343,0],[65342,0],[64831,0],]]
[65088,2,58,[[65087,0],[65089,0],[65344,0],[64832,0],]]
[65089,7,58,[[65090,0],[65088,0],[65345,0],[65344,0],[64833,0],]]
[65090,11,58,[[65089,0],[65091,0],[65346,0],[64834,0],]]
[65091,3,58,[[65092,0],[65090,0],[65347,0],[65346,0],[64835,0],]]
[65092,13,58,[[65091,0],[65093,0],[65348,0],[64836,0],]]
[65093,12,58,[[65094,0],[65092,0],[65349,0],[65348,0],[64837,0],]]
[65094,3,58,[[65093,0],[65095,0],[65350,0],[64838,0],]]
[65095,10,58,[[65096,0],[65094,0],[65351,0],[65350,0],[64839,0],]]
[65096,10,58,[[65095,0],[65097,0],[65352,0],[64840,0],]]
[65097,16,58,[[65098,0],[65096,0],[65353,0],[65352,0],[64841,0],]]
[65098,11,58,[[65097,0],[65099,0],[65354,0],[64842,0],]]
[65099,3,58,[[65100,0],[65098,0],[65355,0],[65354,0],[64843,0],]]
[65100,6,58,[[65099,0],[65101,0],[65356,0],[64844,0],]]
[65101,7,58,[[65102,0],[65100,0],[65357,0],[65356,0],[64845,0],]]
[65102,12,58,[[65101,0],[65103,0],[65358,0],[64846,0],]]
[65103,2,58,[[65104,0],[65102,0],[65359,0],[65358,0],[64847,0],]]
[65104,18,58,[[65103,0],[65105,0],[65360,0],[64848,0],]]
[65105,2,58,[[65106,0],[65104,0],[65361,0],[65360,0],[64849,0],]]
[65106,14,58,[[65105,0],[65107,0],[65362,0],[64850,0],]]
[65107,3,58,[[65108,0],[65106,0],[65363,0],[65362,0],[64851,0],]]
[65108,9,58,[[65107,0],[65109,0],[65364,0],[64852,0],]]
[65109,6,58,[[65110,0],[65108,0],[65365,0],[65364,0],[64853,0],]]
[65110,11,58,[[65109,0],[65111,0],[65366,0],[64854,0],]]
[65111,2,58,[[65112,0],[65110,0],[65367,0],[65366,0],[64855,0],]]
[65112,12,58,[[65111,0],[65113,0],[65368,0],[64856,0],]]
[65113,2,58,[[65114,0],[65112,0],[65369,0],[65368,0],[64857,0],]]
[65114,18,58,[[65113,0],[65115,0],[65370,0],[64858,0],]]
[65115,18,58,[[65116,0],[65114,0],[65371,0],[65370,0],[64859,0],]]
[65116,9,58,[[65115,0],[65117,0],[65372,0],[64860,0],]]
[65117,13,58,[[65118,0],[65116,0],[65373,0],[65372,0],[64861,0],]]
[65118,10,58,[[65117,0],[65119,0],[65374,0],[64862,0],]]
[65119,11,58,[[65120,0],[65118,0],[65375,0],[65374,0],[64863,0],]]
[65120,6,59,[[65119,0],[65121,0],[65376,0],[64864,0],]]
[65121,15,59,[[65122,0],[65120,0],[65377,0],[65376,0],[64865,0],]]
[65122,8,59,[[65121,0],[65123,0],[65378,0],[64866,0],]]
[65123,11,59,[[65124,0],[65122,0],[65379,0],[65378,0],[64867,0],]]
[65124,1,59,[[65123,0],[65125,0],[65380,0],[64868,0],]]
[65125,2,59,[[65126,0],[65124,0],[65381,0],[65380,0],[64869,0],]]
[65126,9,59,[[65125,0],[65127,0],[65382,0],[64870,0],]]
[65127,8,59,[[65128,0],[65126,0],[65383,0],[65382,0],[64871,0],]]
[65128,3,59,[[65127,0],[65129,0],[65384,0],[64872,0],]]
[65129,8,59,[[65130,0],[65128,0],[65385,0],[65384,0],[64873,0],]]
[65130,18,59,[[65129,0],[65131,0],[65386,0],[64874,0],]]
[65131,17,59,[[65132,0],[65130,0],[65387,0],[65386,0],[64875,0],]]
[65132,15,59,[[65131,0],[65133,0],[65388,0],[64876,0],]]
[65133,16,59,[[65134,0],[65132,0],[65389,0],[65388,0],[64877,0],]]
[65134,2,59,[[65133,0],[65135,0],[65390,0],[64878,0],]]
[65135,8,59,[[65136,0],[65134,0],[65391,0],[65390,0],[64879,0],]]
[65136,6,59,[[65135,0],[65137,0],[65392,0],[64880,0],]]
[65137,12,59,[[65138,0],[65136,0],[65393,0],[65392,0],[64881,0],]]
[65138,16,59,[[65137,0],[65139,0],[65394,0],[64882,0],]]
[65139,2,59,[[65140,0],[65138,0],[65395,0],[65394,0],[64883,0],]]
[65140,5,59,[[65139,0],[65141,0],[65396,0],[64884,0],]]
[65141,17,59,[[65142,0],[65140,0],[65397,0],[65396,0],[64885,0],]]
[65142,5,59,[[65141,0],[65143,0],[65398,0],[64886,0],]]
[65143,16,59,[[65144,0],[65142,0],[65399,0],[65398,0],[64887,0],]]
[65144,9,59,[[65143,0],[65145,0],[65400,0],[64888,0],]]
[65145,6,59,[[65146,0],[65144,0],[65401,0],[65400,0],[64889,0],]]
[65146,17,59,[[65145,0],[65147,0],[65402,0],[64890,0],]]
[65147,19,59,[[65148,0],[65146,0],[65403,0],[65402,0],[64891,0],]]
[65148,3,59,[[65147,0],[65149,0],[65404,0],[64892,0],]]
[65149,9,59,[[65150,0],[65148,0],[65405,0],[65404,0],[64893,0],]]
[65150,19,59,[[65149,0],[65151,0],[65406,0],[64894,0],]]
[65151,5,59,[[65152,0],[65150,0],[65407,0],[65406,0],[64895,0],]]
[65152,1,60,[[65151,0],[65153,0],[65408,0],[64896,0],]]
[65153,4,60,[[65154,0],[65152,0],[65409,0],[65408,0],[64897,0],]]
[65154,7,60,[[65153,0],[65155,0],[65410,0],[64898,0],]]
[65155,12,60,[[65156,0],[65154,0],[65411,0],[65410,0],[64899,0],]]
[65156,4,60,[[65155,0],[65157,0],[65412,0],[64900,0],]]
[65157,12,60,[[65158,0],[65156,0],[65413,0],[65412,0],[64901,0],]]
[65158,17,60,[[65157,0],[65159,0],[65414,0],[64902,0],]]
[65159,6,60,[[65160,0],[65158,0],[65415,0],[65414,0],[64903,0],]]
[65160,7,60,[[65159,0],[65161,0],[65416,0],[64904,0],]]
[65161,4,60,[[65162,0],[65160,0],[65417,0],[65416,0],[64905,0],]]
[65162,16,60,[[65161,0],[65163,0],[65418,0],[64906,0],]]
[65163,8,60,[[65164,0],[65162,0],[65419,0],[65418,0],[64907,0],]]
[65164,8,60,[[65163,0],[65165,0],[65420,0],[64908,0],]]
[65165,3,60,[[65166,0],[65164,0],[65421,0],[65420,0],[64909,0],]]
[65166,18,60,[[65165,0],[65167,0],[65422,0],[64910,0],]]
[65167,19,60,[[65168,0],[65166,0],[65423,0],[65422,0],[64911,0],]]
[65168,14,60,[[65167,0],[65169,0],[65424,0],[64912,0],]]
[65169,2,60,[[65170,0],[65168,0],[65425,0],[65424,0],[64913,0],]]
[65170,7,60,[[65169,0],[65171,0],[65426,0],[64914,0],]]
[65171,5,60,[[65172,0],[65170,0],[65427,0],[65426,0],[64915,0],]]
[65172,11,60,[[65171,0],[65173,0],[65428,0],[64916,0],]]
[65173,13,60,[[65174,0],[65172,0],[65429,0],[65428,0],[64917,0],]]
[65174,15,60,[[65173,0],[65175,0],[65430,0],[64918,0],]]
[65175,16,60,[[65176,0],[65174,0],[65431,0],[65430,0],[64919,0],]]
[65176,12,60,[[65175,0],[65177,0],[65432,0],[64920,0],]]
[65177,16,60,[[65178,0],[65176,0],[65433,0],[65432,0],[64921,0],]]
[65178,3,60,[[65177,0],[65179,0],[65434,0],[64922,0],]]
[65179,10,60,[[65180,0],[65178,0],[65435,0],[65434,0],[64923,0],]]
[65180,2,60,[[65179,0],[65181,0],[65436,0],[64924,0],]]
[65181,12,60,[[65182,0],[65180,0],[65437,0],[65436,0],[64925,0],]]
[65182,3,60,[[65181,0],[65183,0],[65438,0],[64926,0],]]
[65183,10,60,[[65184,0],[65182,0],[65439,0],[65438,0],[64927,0],]]
[65184,4,61,[[65183,0],[65185,0],[65440,0],[64928,0],]]
[65185,14,61,[[65186,0],[65184,0],[65441,0],[65440,0],[64929,0],]]
[65186,6,61,[[65185,0],[65187,0],[65442,0],[64930,0],]]
[65187,19,61,[[65188,0],[65186,0],[65443,0],[65442,0],[64931,0],]]
[65188,19,61,[[65187,0],[65189,0],[65444,0],[64932,0],]]
[65189,1,61,[[65190,0],[65188,0],[65445,0],[65444,0],[64933,0],]]
[65190,9,61,[[65189,0],[65191,0],[65446,0],[64934,0],]]
[65191,7,61,[[65192,0],[65190,0],[65447,0],[65446,0],[64935,0],]]
[65192,7,61,[[65191,0],[65193,0],[65448,0],[64936,0],]]
[65193,2,61,[[65194,0],[65192,0],[65449,0],[65448,0],[64937,0],]]
[65194,2,61,[[65193,0],[65195,0],[65450,0],[64938,0],]]
[65195,19,61,[[65196,0],[65194,0],[65451,0],[65450,0],[64939,0],]]
[65196,15,61,[[65195,0],[65197,0],[65452,0],[64940,0],]]
[65197,18,61,[[65198,0],[65196,0],[65453,0],[65452,0],[64941,0],]]
[65198,3,61,[[65197,0],[65199,0],[65454,0],[64942,0],]]
[65199,9,61,[[65200,0],[65198,0],[65455,0],[65454,0],[64943,0],]]
[65200,19,61,[[65199,0],[65201,0],[65456,0],[64944,0],]]
[65201,18,61,[[65202,0],[65200,0],[65457,0],[65456,0],[64945,0],]]
[65202,1,61,[[65201,0],[65203,0],[65458,0],[64946,0],]]
[65203,3,61,[[65204,0],[65202,0],[65459,0],[65458,0],[64947,0],]]
[65204,13,61,[[65203,0],[65205,0],[65460,0],[64948,0],]]
[65205,15,61,[[65206,0],[65204,0],[65461,0],[65460,0],[64949,0],]]
[65206,6,61,[[65205,0],[65207,0],[65462,0],[64950,0],]]
[65207,13,61,[[65208,0],[65206,0],[65463,0],[65462,0],[64951,0],]]
[65208,15,61,[[65207,0],[65209,0],[65464,0],[64952,0],]]
[65209,16,61,[[65210,0],[65208,0],[65465,0],[65464,0],[64953,0],]]
[65210,10,61,[[65209,0],[65211,0],[65466,0],[64954,0],]]
[65211,6,61,[[65212,0],[65210,0],[65467,0],[65466,0],[64955,0],]]
[65212,3,61,[[65211,0],[65213,0],[65468,0],[64956,0],]]
[65213,10,61,[[65214,0],[65212,0],[65469,0],[65468,0],[64957,0],]]
[65214,10,61,[[65213,0],[65215,0],[65470,0],[64958,0],]]
[65215,19,61,[[65216,0],[65214,0],[65471,0],[65470,0],[64959,0],]]
[65216,8,62,[[65215,0],[65217,0],[65472,0],[64960,0],]]
[65217,19,62,[[65218,0],[65216,0],[65473,0],[65472,0],[64961,0],]]
[65218,8,62,[[65217,0],[65219,0],[65474,0],[64962,0],]]
[65219,5,62,[[65220,0],[65218,0],[65475,0],[65474,0],[64963,0],]]
[65220,9,62,[[65219,0],[65221,0],[65476,0],[64964,0],]]
[65221,5,62,[[65222,0],[65220,0],[65477,0],[65476,0],[64965,0],]]
[65222,6,62,[[65221,0],[65223,0],[65478,0],[64966,0],]]
[65223,17,62,[[65224,0],[65222,0],[65479,0],[65478,0],[64967,0],]]
[65224,11,62,[[65223,0],[65225,0],[65480,0],[64968,0],]]
[65225,19,62,[[65226,0],[65224,0],[65481,0],[65480,0],[64969,0],]]
[65226,13,62,[[65225,0],[65227,0],[65482,0],[64970,0],]]
[65227,12,62,[[65228,0],[65226,0],[65483,0],[65482,0],[64971,0],]]
[65228,13,62,[[65227,0],[65229,0],[65484,0],[64972,0],]]
[65229,13,62,[[65230,0],[65228,0],[65485,0],[65484,0],[64973,0],]]
[65230,9,62,[[65229,0],[65231,0],[65486,0],[64974,0],]]
[65231,19,62,[[65232,0],[65230,0],[65487,0],[65486,0],[64975,0],]]
[65232,18,62,[[65231,0],[65233,0],[65488,0],[64976,0],]]
[65233,4,62,[[65234,0],[65232,0],[65489,0],[65488,0],[64977,0],]]
[65234,3,62,[[65233,0],[65235,0],[65490,0],[64978,0],]]
[65235,13,62,[[65236,0],[65234,0],[65491,0],[65490,0],[64979,0],]]
[65236,18,62,[[65235,0],[65237,0],[65492,0],[64980,0],]]
[65237,6,62,[[65238,0],[65236,0],[65493,0],[65492,0],[64981,0],]]
[65238,4,62,[[65237,0],[65239,0],[65494,0],[64982,0],]]
[65239,19,62,[[65240,0],[65238,0],[65495,0],[65494,0],[64983,0],]]
[65240,14,62,[[65239,0],[65241,0],[65496,0],[64984,0],]]
[65241,16,62,[[65242,0],[65240,0],[65497,0],[65496,0],[64985,0],]]
[65242,7,62,[[65241,0],[65243,0],[65498,0],[64986,0],]]
[65243,11,62,[[65244,0],[65242,0],[65499,0],[65498,0],[64987,0],]]
[65244,13,62,[[65243,0],[65245,0],[65500,0],[64988,0],]]
[65245,11,62,[[65246,0],[65244,0],[65501,0],[65500,0],[64989,0],]]
[65246,18,62,[[65245,0],[65247,0],[65502,0],[64990,0],]]
[65247,7,62,[[65248,0],[65246,0],[65503,0],[65502,0],[64991,0],]]
[65248,13,63,[[65247,0],[65249,0],[65504,0],[64992,0],]]
[65249,2,63,[[65250,0],[65248,0],[65505,0],[65504,0],[64993,0],]]
[65250,18,63,[[65249,0],[65251,0],[65506,0],[64994,0],]]
[65251,14,63,[[65252,0],[65250,0],[65507,0],[65506,0],[64995,0],]]
[65252,7,63,[[65251,0],[65253,0],[65508,0],[64996,0],]]
[65253,5,63,[[65254,0],[65252,0],[65509,0],[65508,0],[64997,0],]]
[65254,12,63,[[65253,0],[65255,0],[65510,0],[64998,0],]]
[65255,8,63,[[65256,0],[65254,0],[65511,0],[65510,0],[64999,0],]]
[65256,10,63,[[65255,0],[65257,0],[65512,0],[65000,0],]]
[65257,17,63,[[65258,0],[65256,0],[65513,0],[65512,0],[65001,0],]]
[65258,12,63,[[65257,0],[65259,0],[65514,0],[65002,0],]]
[65259,3,63,[[65260,0],[65258,0],[65515,0],[65514,0],[65003,0],]]
[65260,10,63,[[65259,0],[65261,0],[65516,0],[65004,0],]]
[65261,2,63,[[65262,0],[65260,0],[65517,0],[65516,0],[65005,0],]]
[65262,5,63,[[65261,0],[65263,0],[65518,0],[65006,0],]]
[65263,7,63,[[65264,0],[65262,0],[65519,0],[65518,0],[65007,0],]]
[65264,17,63,[[65263,0],[65265,0],[65520,0],[65008,0],]]
[65265,16,63,[[65266,0],[65264,0],[65521,0],[65520,0],[65009,0],]]
[65266,11,63,[[65265,0],[65267,0],[65522,0],[65010,0],]]
[65267,18,63,[[65268,0],[65266,0],[65523,0],[65522,0],[65011,0],]]
[65268,7,63,[[65267,0],[65269,0],[65524,0],[65012,0],]]
[65269,11,63,[[65270,0],[65268,0],[65525,0],[65524,0],[65013,0],]]
[65270,13,63,[[65269,0],[65271,0],[65526,0],[65014,0],]]
[65271,1,63,[[65272,0],[65270,0],[65527,0],[65526,0],[65015,0],]]
[65272,8,63,[[65271,0],[65273,0],[65528,0],[65016,0],]]
[65273,3,63,[[65274,0],[65272,0],[65529,0],[65528,0],[65017,0],]]
[65274,3,63,[[65273,0],[65275,0],[65530,0],[65018,0],]]
[65275,10,63,[[65276,0],[65274,0],[65531,0],[65530,0],[65019,0],]]
[65276,12,63,[[65275,0],[65277,0],[65532,0],[65020,0],]]
[65277,4,63,[[65278,0],[65276,0],[65533,0],[65532,0],[65021,0],]]
[65278,17,63,[[65277,0],[65279,0],[65534,0],[65022,0],]]
[65279,14,63,[[65278,0],[65535,0],[65534,0],[65023,0],]]
[65280,4,56,[[65281,0],[65024,0],[65025,0],]]
[65281,11,56,[[65282,0],[65280,0],[65025,0],]]
[65282,8,56,[[65281,0],[65283,0],[65026,0],[65027,0],]]
[65283,13,56,[[65284,0],[65282,0],[65027,0],]]
[65284,12,56,[[65283,0],[65285,0],[65028,0],[65029,0],]]
[65285,14,56,[[65286,0],[65284,0],[65029,0],]]
[65286,19,56,[[65285,0],[65287,0],[65030,0],[65031,0],]]
[65287,4,56,[[65288,0],[65286,0],[65031,0],]]
[65288,9,56,[[65287,0],[65289,0],[65032,0],[65033,0],]]
[65289,11,56,[[65290,0],[65288,0],[65033,0],]]
[65290,11,56,[[65289,0],[65291,0],[65034,0],[65035,0],]]
[65291,14,56,[[65292,0],[65290,0],[65035,0],]]
[65292,12,56,[[65291,0],[65293,0],[65036,0],[65037,0],]]
[65293,10,56,[[65294,0],[65292,0],[65037,0],]]
[65294,19,56,[[65293,0],[65295,0],[65038,0],[65039,0],]]
[65295,16,56,[[65296,0],[65294,0],[65039,0],]]
[65296,18,56,[[65295,0],[65297,0],[65040,0],[65041,0],]]
[65297,6,56,[[65298,0],[65296,0],[65041,0],]]
[65298,5,56,[[65297,0],[65299,0],[65042,0],[65043,0],]]
[65299,1,56,[[65300,0],[65298,0],[65043,0],]]
[65300,11,56,[[65299,0],[65301,0],[65044,0],[65045,0],]]
[65301,2,56,[[65302,0],[65300,0],[65045,0],]]
[65302,2,56,[[65301,0],[65303,0],[65046,0],[65047,0],]]
[65303,16,56,[[65304,0],[65302,0],[65047,0],]]
[65304,13,56,[[65303,0],[65305,0],[65048,0],[65049,0],]]
[65305,1,56,[[65306,0],[65304,0],[65049,0],]]
[65306,2,56,[[65305,0],[65307,0],[65050,0],[65051,0],]]
[65307,18,56,[[65308,0],[65306,0],[65051,0],]]
[65308,10,56,[[65307,0],[65309,0],[65052,0],[65053,0],]]
[65309,13,56,[[65310,0],[65308,0],[65053,0],]]
[65310,4,56,[[65309,0],[65311,0],[65054,0],[65055,0],]]
[65311,8,56,[[65312,0],[65310,0],[65055,0],]]
[65312,14,57,[[65311,0],[65313,0],[65056,0],[65057,0],]]
[65313,6,57,[[65314,0],[65312,0],[65057,0],]]
[65314,12,57,[[65313,0],[65315,0],[65058,0],[65059,0],]]
[65315,2,57,[[65316,0],[65314,0],[65059,0],]]
[65316,11,57,[[65315,0],[65317,0],[65060,0],[65061,0],]]
[65317,10,57,[[65318,0],[65316,0],[65061,0],]]
[65318,18,57,[[65317,0],[65319,0],[65062,0],[65063,0],]]
[65319,16,57,[[65320,0],[65318,0],[65063,0],]]
[65320,12,57,[[65319,0],[65321,0],[65064,0],[65065,0],]]
[65321,5,57,[[65322,0],[65320,0],[65065,0],]]
[65322,7,57,[[65321,0],[65323,0],[65066,0],[65067,0],]]
[65323,6,57,[[65324,0],[65322,0],[65067,0],]]
[65324,5,57,[[65323,0],[65325,0],[65068,0],[65069,0],]]
[65325,12,57,[[65326,0],[65324,0],[65069,0],]]
[65326,2,57,[[65325,0],[65327,0],[65070,0],[65071,0],]]
[65327,7,57,[[65328,0],[65326,0],[65071,0],]]
[65328,14,57,[[65327,0],[65329,0],[65072,0],[65073,0],]]
[65329,16,57,[[65330,0],[65328,0],[65073,0],]]
[65330,17,57,[[65329,0],[65331,0],[65074,0],[65075,0],]]
[65331,17,57,[[65332,0],[65330,0],[65075,0],]]
[65332,4,57,[[65331,0],[65333,0],[65076,0],[65077,0],]]
[65333,1,57,[[65334,0],[65332,0],[65077,0],]]
[65334,3,57,[[65333,0],[65335,0],[65078,0],[65079,0],]]
[65335,1,57,[[65336,0],[65334,0],[65079,0],]]
[65336,4,57,[[65335,0],[65337,0],[65080,0],[65081,0],]]
[65337,18,57,[[65338,0],[65336,0],[65081,0],]]
[65338,19,57,[[65337,0],[65339,0],[65082,0],[65083,0],]]
[65339,6,57,[[65340,0],[65338,0],[65083,0],]]
[65340,8,57,[[65339,0],[65341,0],[65084,0],[65085,0],]]
[65341,19,57,[[65342,0],[65340,0],[65085,0],]]
[65342,15,57,[[65341,0],[65343,0],[65086,0],[65087,0],]]
[65343,7,57,[[65344,0],[65342,0],[65087,0],]]
[65344,11,58,[[65343,0],[65345,0],[65088,0],[65089,0],]]
[65345,16,58,[[65346,0],[65344,0],[65089,0],]]
[65346,2,58,[[65345,0],[65347,0],[65090,0],[65091,0],]]
[65347,2,58,[[65348,0],[65346,0],[65091,0],]]
[65348,2,58,[[65347,0],[65349,0],[65092,0],[65093,0],]]
[65349,12,58,[[65350,0],[65348,0],[65093,0],]]
[65350,1,58,[[65349,0],[65351,0],[65094,0],[65095,0],]]
[65351,12,58,[[65352,0],[65350,0],[65095,0],]]
[65352,4,58,[[65351,0],[65353,0],[65096,0],[65097,0],]]
[65353,7,58,[[65354,0],[65352,0],[65097,0],]]
[65354,12,58,[[65353,0],[65355,0],[65098,0],[65099,0],]]
[65355,7,58,[[65356,0],[65354,0],[65099,0],]]
[65356,16,58,[[65355,0],[65357,0],[65100,0],[65101,0],]]
[65357,17,58,[[65358,0],[65356,0],[65101,0],]]
[65358,8,58,[[65357,0],[65359,0],[65102,0],[65103,0],]]
[65359,3,58,[[65360,0],[65358,0],[65103,0],]]
[65360,16,58,[[65359,0],[65361,0],[65104,0],[65105,0],]]
[65361,12,58,[[65362,0],[65360,0],[65105,0],]]
[65362,2,58,[[65361,0],[65363,0],[65106,0],[65107,0],]]
[65363,9,58,[[65364,0],[65362,0],[65107,0],]]
[65364,4,58,[[65363,0],[65365,0],[65108,0],[65109,0],]]
[65365,10,58,[[65366,0],[65364,0],[65109,0],]]
[65366,6,58,[[65365,0],[65367,0],[65110,0],[65111,0],]]
[65367,11,58,[[65368,0],[65366,0],[65111,0],]]
[65368,14,58,[[65367,0],[65369,0],[65112,0],[65113,0],]]
[65369,10,58,[[65370,0],[65368,0],[65113,0],]]
[65370,11,58,[[65369,0],[65371,0],[65114,0],[65115,0],]]
[65371,18,58,[[65372,0],[65370,0],[65115,0],]]
[65372,4,58,[[65371,0],[65373,0],[65116,0],[65117,0],]]
[65373,1,58,[[65374,0],[65372,0],[65117,0],]]
[65374,11,58,[[65373,0],[65375,0],[65118,0],[65119,0],]]
[65375,10,58,[[65376,0],[65374,0],[65119,0],]]
[65376,4,59,[[65375,0],[65377,0],[65120,0],[65121,0],]]
[65377,8,59,[[65378,0],[65376,0],[65121,0],]]
[65378,11,59,[[65377,0],[65379,0],[65122,0],[65123,0],]]
[65379,7,59,[[65380,0],[65378,0],[65123,0],]]
[65380,3,59,[[65379,0],[65381,0],[65124,0],[65125,0],]]
[65381,6,59,[[65382,0],[65380,0],[65125,0],]]
[65382,9,59,[[65381,0],[65383,0],[65126,0],[65127,0],]]
[65383,3,59,[[65384,0],[65382,0],[65127,0],]]
[65384,7,59,[[65383,0],[65385,0],[65128,0],[65129,0],]]
[65385,5,59,[[65386,0],[65384,0],[65129,0],]]
[65386,12,59,[[65385,0],[65387,0],[65130,0],[65131,0],]]
[65387,7,59,[[65388,0],[65386,0],[65131,0],]]
[65388,11,59,[[65387,0],[65389,0],[65132,0],[65133,0],]]
[65389,14,59,[[65390,0],[65388,0],[65133,0],]]
[65390,9,59,[[65389,0],[65391,0],[65134,0],[65135,0],]]
[65391,11,59,[[65392,0],[65390,0],[65135,0],]]
[65392,16,59,[[65391,0],[65393,0],[65136,0],[65137,0],]]
[65393,16,59,[[65394,0],[65392,0],[65137,0],]]
[65394,8,59,[[65393,0],[65395,0],[65138,0],[65139,0],]]
[65395,5,59,[[65396,0],[65394,0],[65139,0],]]
[65396,11,59,[[65395,0],[65397,0],[65140,0],[65141,0],]]
[65397,18,59,[[65398,0],[65396,0],[65141,0],]]
[65398,15,59,[[65397,0],[65399,0],[65142,0],[65143,0],]]
[65399,15,59,[[65400,0],[65398,0],[65143,0],]]
[65400,5,59,[[65399,0],[65401,0],[65144,0],[65145,0],]]
[65401,2,59,[[65402,0],[65400,0],[65145,0],]]
[65402,18,59,[[65401,0],[65403,0],[65146,0],[65147,0],]]
[65403,12,59,[[65404,0],[65402,0],[65147,0],]]
[65404,18,59,[[65403,0],[65405,0],[65148,0],[65149,0],]]
[65405,6,59,[[65406,0],[65404,0],[65149,0],]]
[65406,1,59,[[65405,0],[65407,0],[65150,0],[65151,0],]]
[65407,5,59,[[65408,0],[65406,0],[65151,0],]]
[65408,6,60,[[65407,0],[65409,0],[65152,0],[65153,0],]]
[65409,7,60,[[65410,0],[65408,0],[65153,0],]]
[65410,15,60,[[65409,0],[65411,0],[65154,0],[65155,0],]]
[65411,9,60,[[65412,0],[65410,0],[65155,0],]]
[65412,4,60,[[65411,0],[65413,0],[65156,0],[65157,0],]]
[65413,7,60,[[65414,0],[65412,0],[65157,0],]]
[65414,7,60,[[65413,0],[65415,0],[65158,0],[65159,0],]]
[65415,11,60,[[65416,0],[65414,0],[65159,0],]]
[65416,19,60,[[65415,0],[65417,0],[65160,0],[65161,0],]]
[65417,6,60,[[65418,0],[65416,0],[65161,0],]]
[65418,3,60,[[65417,0],[65419,0],[65162,0],[65163,0],]]
[65419,1,60,[[65420,0],[65418,0],[65163,0],]]
[65420,15,60,[[65419,0],[65421,0],[65164,0],[65165,0],]]
[65421,12,60,[[65422,0],[65420,0],[65165,0],]]
[65422,18,60,[[65421,0],[65423,0],[65166,0],[65167,0],]]
[65423,6,60,[[65424,0],[65422,0],[65167,0],]]
[65424,9,60,[[65423,0],[65425,0],[65168,0],[65169,0],]]
[65425,4,60,[[65426,0],[65424,0],[65169,0],]]
[65426,16,60,[[65425,0],[65427,0],[65170,0],[65171,0],]]
[65427,3,60,[[65428,0],[65426,0],[65171,0],]]
[65428,5,60,[[65427,0],[65429,0],[65172,0],[65173,0],]]
[65429,17,60,[[65430,0],[65428,0],[65173,0],]]
[65430,2,60,[[65429,0],[65431,0],[65174,0],[65175,0],]]
[65431,16,60,[[65432,0],[65430,0],[65175,0],]]
[65432,9,60,[[65431,0],[65433,0],[65176,0],[65177,0],]]
[65433,12,60,[[65434,0],[65432,0],[65177,0],]]
[65434,10,60,[[65433,0],[65435,0],[65178,0],[65179,0],]]
[65435,18,60,[[65436,0],[65434,0],[65179,0],]]
[65436,18,60,[[65435,0],[65437,0],[65180,0],[65181,0],]]
[65437,2,60,[[65438,0],[65436,0],[65181,0],]]
[65438,2,60,[[65437,0],[65439,0],[65182,0],[65183,0],]]
[65439,10,60,[[65440,0],[65438,0],[65183,0],]]
[65440,15,61,[[65439,0],[65441,0],[65184,0],[65185,0],]]
[65441,17,61,[[65442,0],[65440,0],[65185,0],]]
[65442,12,61,[[65441,0],[65443,0],[65186,0],[65187,0],]]
[65443,10,61,[[65444,0],[65442,0],[65187,0],]]
[65444,12,61,[[65443,0],[65445,0],[65188,0],[65189,0],]]
[65445,2,61,[[65446,0],[65444,0],[65189,0],]]
[65446,15,61,[[65445,0],[65447,0],[65190,0],[65191,0],]]
[65447,6,61,[[65448,0],[65446,0],[65191,0],]]
[65448,9,61,[[65447,0],[65449,0],[65192,0],[65193,0],]]
[65449,12,61,[[65450,0],[65448,0],[65193,0],]]
[65450,19,61,[[65449,0],[65451,0],[65194,0],[65195,0],]]
[65451,2,61,[[65452,0],[65450,0],[65195,0],]]
[65452,7,61,[[65451,0],[65453,0],[65196,0],[65197,0],]]
[65453,11,61,[[65454,0],[65452,0],[65197,0],]]
[65454,4,61,[[65453,0],[65455,0],[65198,0],[65199,0],]]
[65455,2,61,[[65456,0],[65454,0],[65199,0],]]
[65456,15,61,[[65455,0],[65457,0],[65200,0],[65201,0],]]
[65457,17,61,[[65458,0],[65456,0],[65201,0],]]
[65458,12,61,[[65457,0],[65459,0],[65202,0],[65203,0],]]
[65459,7,61,[[65460,0],[65458,0],[65203,0],]]
[65460,8,61,[[65459,0],[65461,0],[65204,0],[65205,0],]]
[65461,3,61,[[65462,0],[65460,0],[65205,0],]]
[65462,13,61,[[65461,0],[65463,0],[65206,0],[65207,0],]]
[65463,17,61,[[65464,0],[65462,0],[65207,0],]]
[65464,6,61,[[65463,0],[65465,0],[65208,0],[65209,0],]]
[65465,2,61,[[65466,0],[65464,0],[65209,0],]]
[65466,3,61,[[65465,0],[65467,0],[65210,0],[65211,0],]]
[65467,4,61,[[65468,0],[65466,0],[65211,0],]]
[65468,18,61,[[65467,0],[65469,0],[65212,0],[65213,0],]]
[65469,1,61,[[65470,0],[65468,0],[65213,0],]]
[65470,11,61,[[65469,0],[65471,0],[65214,0],[65215,0],]]
[65471,8,61,[[65472,0],[65470,0],[65215,0],]]
[65472,18,62,[[65471,0],[65473,0],[65216,0],[65217,0],]]
[65473,1,62,[[65474,0],[65472,0],[65217,0],]]
[65474,6,62,[[65473,0],[65475,0],[65218,0],[65219,0],]]
[65475,15,62,[[65476,0],[65474,0],[65219,0],]]
[65476,5,62,[[65475,0],[65477,0],[65220,0],[65221,0],]]
[65477,6,62,[[65478,0],[65476,0],[65221,0],]]
[65478,14,62,[[65477,0],[65479,0],[65222,0],[65223,0],]]
[65479,18,62,[[65480,0],[65478,0],[65223,0],]]
[65480,9,62,[[65479,0],[65481,0],[65224,0],[65225,0],]]
[65481,4,62,[[65482,0],[65480,0],[65225,0],]]
[65482,13,62,[[65481,0],[65483,0],[65226,0],[65227,0],]]
[65483,17,62,[[65484,0],[65482,0],[65227,0],]]
[65484,17,62,[[65483,0],[65485,0],[65228,0],[65229,0],]]
[65485,19,62,[[65486,0],[65484,0],[65229,0],]]
[65486,4,62,[[65485,0],[65487,0],[65230,0],[65231,0],]]
[65487,19,62,[[65488,0],[65486,0],[65231,0],]]
[65488,17,62,[[65487,0],[65489,0],[65232,0],[65233,0],]]
[65489,2,62,[[65490,0],[65488,0],[65233,0],]]
[65490,14,62,[[65489,0],[65491,0],[65234,0],[65235,0],]]
[65491,11,62,[[65492,0],[65490,0],[65235,0],]]
[65492,10,62,[[65491,0],[65493,0],[65236,0],[65237,0],]]
[65493,6,62,[[65494,0],[65492,0],[65237,0],]]
[65494,4,62,[[65493,0],[65495,0],[65238,0],[65239,0],]]
[65495,11,62,[[65496,0],[65494,0],[65239,0],]]
[65496,1,62,[[65495,0],[65497,0],[65240,0],[65241,0],]]
[65497,12,62,[[65498,0],[65496,0],[65241,0],]]
[65498,1,62,[[65497,0],[65499,0],[65242,0],[65243,0],]]
[65499,11,62,[[65500,0],[65498,0],[65243,0],]]
[65500,16,62,[[65499,0],[65501,0],[65244,0],[65245,0],]]
[65501,16,62,[[65502,0],[65500,0],[65245,0],]]
[65502,19,62,[[65501,0],[65503,0],[65246,0],[65247,0],]]
[65503,1,62,[[65504,0],[65502,0],[65247,0],]]
[65504,6,63,[[65503,0],[65505,0],[65248,0],[65249,0],]]
[65505,16,63,[[65506,0],[65504,0],[65249,0],]]
[65506,19,63,[[65505,0],[65507,0],[65250,0],[65251,0],]]
[65507,13,63,[[65508,0],[65506,0],[65251,0],]]
[65508,1,63,[[65507,0],[65509,0],[65252,0],[65253,0],]]
[65509,1,63,[[65510,0],[65508,0],[65253,0],]]
[65510,8,63,[[65509,0],[65511,0],[65254,0],[65255,0],]]
[65511,5,63,[[65512,0],[65510,0],[65255,0],]]
[65512,12,63,[[65511,0],[65513,0],[65256,0],[65257,0],]]
[65513,15,63,[[65514,0],[65512,0],[65257,0],]]
[65514,3,63,[[65513,0],[65515,0],[65258,0],[65259,0],]]
[65515,17,63,[[65516,0],[65514,0],[65259,0],]]
[65516,13,63,[[65515,0],[65517,0],[65260,0],[65261,0],]]
[65517,11,63,[[65518,0],[65516,0],[65261,0],]]
[65518,14,63,[[65517,0],[65519,0],[65262,0],[65263,0],]]
[65519,9,63,[[65520,0],[65518,0],[65263,0],]]
[65520,14,63,[[65519,0],[65521,0],[65264,0],[65265,0],]]
[65521,7,63,[[65522,0],[65520,0],[65265,0],]]
[65522,8,63,[[65521,0],[65523,0],[65266,0],[65267,0],]]
[65523,15,63,[[65524,0],[65522,0],[65267,0],]]
[65524,11,63,[[65523,0],[65525,0],[65268,0],[65269,0],]]
[65525,19,63,[[65526,0],[65524,0],[65269,0],]]
[65526,1,63,[[65525,0],[65527,0],[65270,0],[65271,0],]]
[65527,17,63,[[65528,0],[65526,0],[65271,0],]]
[65528,18,63,[[65527,0],[65529,0],[65272,0],[65273,0],]]
[65529,4,63,[[65530,0],[65528,0],[65273,0],]]
[65530,12,63,[[65529,0],[65531,0],[65274,0],[65275,0],]]
[65531,12,63,[[65532,0],[65530,0],[65275,0],]]
[65532,2,63,[[65531,0],[65533,0],[65276,0],[65277,0],]]
[65533,12,63,[[65534,0],[65532,0],[65277,0],]]
[65534,3,63,[[65533,0],[65535,0],[65278,0],[65279,0],]]
[65535,11,63,[[65534,0],[65279,0],]]
