[0,17,0,[[1,0],[128,0],]]
[1,3,0,[[2,0],[0,0],[129,0],[128,0],]]
[2,2,0,[[1,0],[3,0],[130,0],]]
[3,17,0,[[4,0],[2,0],[131,0],[130,0],]]
[4,10,0,[[3,0],[5,0],[132,0],]]
[5,3,0,[[6,0],[4,0],[133,0],[132,0],]]
[6,16,0,[[5,0],[7,0],[134,0],]]
[7,7,0,[[8,0],[6,0],[135,0],[134,0],]]
[8,10,0,[[7,0],[9,0],[136,0],]]
[9,11,0,[[10,0],[8,0],[137,0],[136,0],]]
[10,10,0,[[9,0],[11,0],[138,0],]]
[11,16,0,[[12,0],[10,0],[139,0],[138,0],]]
[12,16,0,[[11,0],[13,0],[140,0],]]
[13,14,0,[[14,0],[12,0],[141,0],[140,0],]]
[14,15,0,[[13,0],[15,0],[142,0],]]
[15,12,0,[[16,0],[14,0],[143,0],[142,0],]]
[16,4,0,[[15,0],[17,0],[144,0],]]
[17,1,0,[[18,0],[16,0],[145,0],[144,0],]]
[18,14,0,[[17,0],[19,0],[146,0],]]
[19,12,0,[[20,0],[18,0],[147,0],[146,0],]]
[20,5,0,[[19,0],[21,0],[148,0],]]
[21,13,0,[[22,0],[20,0],[149,0],[148,0],]]
[22,2,0,[[21,0],[23,0],[150,0],]]
[23,10,0,[[24,0],[22,0],[151,0],[150,0],]]
[24,16,0,[[23,0],[25,0],[152,0],]]
[25,14,0,[[26,0],[24,0],[153,0],[152,0],]]
[26,9,0,[[25,0],[27,0],[154,0],]]
[27,14,0,[[28,0],[26,0],[155,0],[154,0],]]
[28,15,0,[[27,0],[29,0],[156,0],]]
[29,11,0,[[30,0],[28,0],[157,0],[156,0],]]
[30,4,0,[[29,0],[31,0],[158,0],]]
[31,5,0,[[32,0],[30,0],[159,0],[158,0],]]
[32,15,1,[[31,0],[33,0],[160,0],]]
[33,2,1,[[34,0],[32,0],[161,0],[160,0],]]
[34,17,1,[[33,0],[35,0],[162,0],]]
[35,12,1,[[36,0],[34,0],[163,0],[162,0],]]
[36,4,1,[[35,0],[37,0],[164,0],]]
[37,10,1,[[38,0],[36,0],[165,0],[164,0],]]
[38,15,1,[[37,0],[39,0],[166,0],]]
[39,3,1,[[40,0],[38,0],[167,0],[166,0],]]
[40,9,1,[[39,0],[41,0],[168,0],]]
[41,19,1,[[42,0],[40,0],[169,0],[168,0],]]
[42,16,1,[[41,0],[43,0],[170,0],]]
[43,9,1,[[44,0],[42,0],[171,0],[170,0],]]
[44,3,1,[[43,0],[45,0],[172,0],]]
[45,12,1,[[46,0],[44,0],[173,0],[172,0],]]
[46,19,1,[[45,0],[47,0],[174,0],]]
[47,6,1,[[48,0],[46,0],[175,0],[174,0],]]
[48,16,1,[[47,0],[49,0],[176,0],]]
[49,5,1,[[50,0],[48,0],[177,0],[176,0],]]
[50,11,1,[[49,0],[51,0],[178,0],]]
[51,13,1,[[52,0],[50,0],[179,0],[178,0],]]
[52,1,1,[[51,0],[53,0],[180,0],]]
[53,17,1,[[54,0],[52,0],[181,0],[180,0],]]
[54,12,1,[[53,0],[55,0],[182,0],]]
[55,14,1,[[56,0],[54,0],[183,0],[182,0],]]
[56,6,1,[[55,0],[57,0],[184,0],]]
[57,10,1,[[58,0],[56,0],[185,0],[184,0],]]
[58,19,1,[[57,0],[59,0],[186,0],]]
[59,12,1,[[60,0],[58,0],[187,0],[186,0],]]
[60,3,1,[[59,0],[61,0],[188,0],]]
[61,15,1,[[62,0],[60,0],[189,0],[188,0],]]
[62,3,1,[[61,0],[63,0],[190,0],]]
[63,13,1,[[64,0],[62,0],[191,0],[190,0],]]
[64,4,2,[[63,0],[65,0],[192,0],]]
[65,5,2,[[66,0],[64,0],[193,0],[192,0],]]
[66,18,2,[[65,0],[67,0],[194,0],]]
[67,4,2,[[68,0],[66,0],[195,0],[194,0],]]
[68,10,2,[[67,0],[69,0],[196,0],]]
[69,14,2,[[70,0],[68,0],[197,0],[196,0],]]
[70,15,2,[[69,0],[71,0],[198,0],]]
[71,12,2,[[72,0],[70,0],[199,0],[198,0],]]
[72,16,2,[[71,0],[73,0],[200,0],]]
[73,12,2,[[74,0],[72,0],[201,0],[200,0],]]
[74,1,2,[[73,0],[75,0],[202,0],]]
[75,1,2,[[76,0],[74,0],[203,0],[202,0],]]
[76,7,2,[[75,0],[77,0],[204,0],]]
[77,10,2,[[78,0],[76,0],[205,0],[204,0],]]
[78,5,2,[[77,0],[79,0],[206,0],]]
[79,11,2,[[80,0],[78,0],[207,0],[206,0],]]
[80,18,2,[[79,0],[81,0],[208,0],]]
[81,6,2,[[82,0],[80,0],[209,0],[208,0],]]
[82,11,2,[[81,0],[83,0],[210,0],]]
[83,2,2,[[84,0],[82,0],[211,0],[210,0],]]
[84,2,2,[[83,0],[85,0],[212,0],]]
[85,15,2,[[86,0],[84,0],[213,0],[212,0],]]
[86,17,2,[[85,0],[87,0],[214,0],]]
[87,16,2,[[88,0],[86,0],[215,0],[214,0],]]
[88,14,2,[[87,0],[89,0],[216,0],]]
[89,6,2,[[90,0],[88,0],[217,0],[216,0],]]
[90,8,2,[[89,0],[91,0],[218,0],]]
[91,12,2,[[92,0],[90,0],[219,0],[218,0],]]
[92,19,2,[[91,0],[93,0],[220,0],]]
[93,15,2,[[94,0],[92,0],[221,0],[220,0],]]
[94,14,2,[[93,0],[95,0],[222,0],]]
[95,6,2,[[96,0],[94,0],[223,0],[222,0],]]
[96,1,3,[[95,0],[97,0],[224,0],]]
[97,19,3,[[98,0],[96,0],[225,0],[224,0],]]
[98,1,3,[[97,0],[99,0],[226,0],]]
[99,12,3,[[100,0],[98,0],[227,0],[226,0],]]
[100,1,3,[[99,0],[101,0],[228,0],]]
[101,10,3,[[102,0],[100,0],[229,0],[228,0],]]
[102,7,3,[[101,0],[103,0],[230,0],]]
[103,19,3,[[104,0],[102,0],[231,0],[230,0],]]
[104,15,3,[[103,0],[105,0],[232,0],]]
[105,5,3,[[106,0],[104,0],[233,0],[232,0],]]
[106,1,3,[[105,0],[107,0],[234,0],]]
[107,2,3,[[108,0],[106,0],[235,0],[234,0],]]
[108,4,3,[[107,0],[109,0],[236,0],]]
[109,11,3,[[110,0],[108,0],[237,0],[236,0],]]
[110,8,3,[[109,0],[111,0],[238,0],]]
[111,15,3,[[112,0],[110,0],[239,0],[238,0],]]
[112,19,3,[[111,0],[113,0],[240,0],]]
[113,13,3,[[114,0],[112,0],[241,0],[240,0],]]
[114,12,3,[[113,0],[115,0],[242,0],]]
[115,10,3,[[116,0],[114,0],[243,0],[242,0],]]
[116,15,3,[[115,0],[117,0],[244,0],]]
[117,14,3,[[118,0],[116,0],[245,0],[244,0],]]
[118,8,3,[[117,0],[119,0],[246,0],]]
[119,4,3,[[120,0],[118,0],[247,0],[246,0],]]
[120,12,3,[[119,0],[121,0],[248,0],]]
[121,6,3,[[122,0],[120,0],[249,0],[248,0],]]
[122,4,3,[[121,0],[123,0],[250,0],]]
[123,6,3,[[124,0],[122,0],[251,0],[250,0],]]
[124,5,3,[[123,0],[125,0],[252,0],]]
[125,6,3,[[126,0],[124,0],[253,0],[252,0],]]
[126,9,3,[[125,0],[127,0],[254,0],]]
[127,7,3,[[126,0],[255,0],[254,0],]]
[128,16,0,[[129,0],[0,0],[1,0],[256,0],]]
[129,15,0,[[130,0],[128,0],[1,0],[257,0],]]
[130,7,0,[[129,0],[131,0],[2,0],[3,0],[258,0],]]
[131,5,0,[[132,0],[130,0],[3,0],[259,0],]]
[132,18,0,[[131,0],[133,0],[4,0],[5,0],[260,0],]]
[133,8,0,[[134,0],[132,0],[5,0],[261,0],]]
[134,1,0,[[133,0],[135,0],[6,0],[7,0],[262,0],]]
[135,16,0,[[136,0],[134,0],[7,0],[263,0],]]
[136,2,0,[[135,0],[137,0],[8,0],[9,0],[264,0],]]
[137,6,0,[[138,0],[136,0],[9,0],[265,0],]]
[138,18,0,[[137,0],[139,0],[10,0],[11,0],[266,0],]]
[139,1,0,[[140,0],[138,0],[11,0],[267,0],]]
[140,4,0,[[139,0],[141,0],[12,0],[13,0],[268,0],]]
[141,7,0,[[142,0],[140,0],[13,0],[269,0],]]
[142,5,0,[[141,0],[143,0],[14,0],[15,0],[270,0],]]
[143,10,0,[[144,0],[142,0],[15,0],[271,0],]]
[144,15,0,[[143,0],[145,0],[16,0],[17,0],[272,0],]]
[145,6,0,[[146,0],[144,0],[17,0],[273,0],]]
[146,8,0,[[145,0],[147,0],[18,0],[19,0],[274,0],]]
[147,8,0,[[148,0],[146,0],[19,0],[275,0],]]
[148,9,0,[[147,0],[149,0],[20,0],[21,0],[276,0],]]
[149,8,0,[[150,0],[148,0],[21,0],[277,0],]]
[150,7,0,[[149,0],[151,0],[22,0],[23,0],[278,0],]]
[151,16,0,[[152,0],[150,0],[23,0],[279,0],]]
[152,5,0,[[151,0],[153,0],[24,0],[25,0],[280,0],]]
[153,16,0,[[154,0],[152,0],[25,0],[281,0],]]
[154,11,0,[[153,0],[155,0],[26,0],[27,0],[282,0],]]
[155,15,0,[[156,0],[154,0],[27,0],[283,0],]]
[156,16,0,[[155,0],[157,0],[28,0],[29,0],[284,0],]]
[157,7,0,[[158,0],[156,0],[29,0],[285,0],]]
[158,10,0,[[157,0],[159,0],[30,0],[31,0],[286,0],]]
[159,14,0,[[160,0],[158,0],[31,0],[287,0],]]
[160,8,1,[[159,0],[161,0],[32,0],[33,0],[288,0],]]
[161,14,1,[[162,0],[160,0],[33,0],[289,0],]]
[162,5,1,[[161,0],[163,0],[34,0],[35,0],[290,0],]]
