[3112,9,1,[[3111,0],[3113,0],[3240,0],[2984,0],]]
[3113,19,1,[[3114,0],[3112,0],[3241,0],[3240,0],[2985,0],]]
[3114,12,1,[[3113,0],[3115,0],[3242,0],[2986,0],]]
[3115,15,1,[[3116,0],[3114,0],[3243,0],[3242,0],[2987,0],]]
[3116,4,1,[[3115,0],[3117,0],[3244,0],[2988,0],]]
[3117,3,1,[[3118,0],[3116,0],[3245,0],[3244,0],[2989,0],]]
[3118,9,1,[[3117,0],[3119,0],[3246,0],[2990,0],]]
[3119,18,1,[[3120,0],[3118,0],[3247,0],[3246,0],[2991,0],]]
[3120,4,1,[[3119,0],[3121,0],[3248,0],[2992,0],]]
[3121,11,1,[[3122,0],[3120,0],[3249,0],[3248,0],[2993,0],]]
[3122,11,1,[[3121,0],[3123,0],[3250,0],[2994,0],]]
[3123,11,1,[[3124,0],[3122,0],[3251,0],[3250,0],[2995,0],]]
[3124,8,1,[[3123,0],[3125,0],[3252,0],[2996,0],]]
[3125,9,1,[[3126,0],[3124,0],[3253,0],[3252,0],[2997,0],]]
[3126,6,1,[[3125,0],[3127,0],[3254,0],[2998,0],]]
[3127,1,1,[[3128,0],[3126,0],[3255,0],[3254,0],[2999,0],]]
[3128,5,1,[[3127,0],[3129,0],[3256,0],[3000,0],]]
[3129,4,1,[[3130,0],[3128,0],[3257,0],[3256,0],[3001,0],]]
[3130,9,1,[[3129,0],[3131,0],[3258,0],[3002,0],]]
[3131,6,1,[[3132,0],[3130,0],[3259,0],[3258,0],[3003,0],]]
[3132,12,1,[[3131,0],[3133,0],[3260,0],[3004,0],]]
[3133,3,1,[[3134,0],[3132,0],[3261,0],[3260,0],[3005,0],]]
[3134,14,1,[[3133,0],[3135,0],[3262,0],[3006,0],]]
[3135,18,1,[[3136,0],[3134,0],[3263,0],[3262,0],[3007,0],]]
[3136,3,2,[[3135,0],[3137,0],[3264,0],[3008,0],]]
[3137,8,2,[[3138,0],[3136,0],[3265,0],[3264,0],[3009,0],]]
[3138,3,2,[[3137,0],[3139,0],[3266,0],[3010,0],]]
[3139,19,2,[[3140,0],[3138,0],[3267,0],[3266,0],[3011,0],]]
[3140,19,2,[[3139,0],[3141,0],[3268,0],[3012,0],]]
[3141,11,2,[[3142,0],[3140,0],[3269,0],[3268,0],[3013,0],]]
[3142,17,2,[[3141,0],[3143,0],[3270,0],[3014,0],]]
[3143,5,2,[[3144,0],[3142,0],[3271,0],[3270,0],[3015,0],]]
[3144,15,2,[[3143,0],[3145,0],[3272,0],[3016,0],]]
[3145,18,2,[[3146,0],[3144,0],[3273,0],[3272,0],[3017,0],]]
[3146,11,2,[[3145,0],[3147,0],[3274,0],[3018,0],]]
[3147,5,2,[[3148,0],[3146,0],[3275,0],[3274,0],[3019,0],]]
[3148,10,2,[[3147,0],[3149,0],[3276,0],[3020,0],]]
[3149,18,2,[[3150,0],[3148,0],[3277,0],[3276,0],[3021,0],]]
[3150,8,2,[[3149,0],[3151,0],[3278,0],[3022,0],]]
[3151,17,2,[[3152,0],[3150,0],[3279,0],[3278,0],[3023,0],]]
[3152,7,2,[[3151,0],[3153,0],[3280,0],[3024,0],]]
[3153,3,2,[[3154,0],[3152,0],[3281,0],[3280,0],[3025,0],]]
[3154,1,2,[[3153,0],[3155,0],[3282,0],[3026,0],]]
[3155,15,2,[[3156,0],[3154,0],[3283,0],[3282,0],[3027,0],]]
[3156,3,2,[[3155,0],[3157,0],[3284,0],[3028,0],]]
[3157,9,2,[[3158,0],[3156,0],[3285,0],[3284,0],[3029,0],]]
[3158,14,2,[[3157,0],[3159,0],[3286,0],[3030,0],]]
[3159,7,2,[[3160,0],[3158,0],[3287,0],[3286,0],[3031,0],]]
[3160,16,2,[[3159,0],[3161,0],[3288,0],[3032,0],]]
[3161,7,2,[[3162,0],[3160,0],[3289,0],[3288,0],[3033,0],]]
[3162,10,2,[[3161,0],[3163,0],[3290,0],[3034,0],]]
[3163,18,2,[[3164,0],[3162,0],[3291,0],[3290,0],[3035,0],]]
[3164,19,2,[[3163,0],[3165,0],[3292,0],[3036,0],]]
[3165,3,2,[[3166,0],[3164,0],[3293,0],[3292,0],[3037,0],]]
[3166,3,2,[[3165,0],[3167,0],[3294,0],[3038,0],]]
[3167,11,2,[[3168,0],[3166,0],[3295,0],[3294,0],[3039,0],]]
[3168,5,3,[[3167,0],[3169,0],[3296,0],[3040,0],]]
[3169,4,3,[[3170,0],[3168,0],[3297,0],[3296,0],[3041,0],]]
[3170,13,3,[[3169,0],[3171,0],[3298,0],[3042,0],]]
[3171,2,3,[[3172,0],[3170,0],[3299,0],[3298,0],[3043,0],]]
[3172,10,3,[[3171,0],[3173,0],[3300,0],[3044,0],]]
[3173,10,3,[[3174,0],[3172,0],[3301,0],[3300,0],[3045,0],]]
[3174,18,3,[[3173,0],[3175,0],[3302,0],[3046,0],]]
[3175,6,3,[[3176,0],[3174,0],[3303,0],[3302,0],[3047,0],]]
[3176,4,3,[[3175,0],[3177,0],[3304,0],[3048,0],]]
[3177,4,3,[[3178,0],[3176,0],[3305,0],[3304,0],[3049,0],]]
[3178,17,3,[[3177,0],[3179,0],[3306,0],[3050,0],]]
[3179,8,3,[[3180,0],[3178,0],[3307,0],[3306,0],[3051,0],]]
[3180,8,3,[[3179,0],[3181,0],[3308,0],[3052,0],]]
[3181,6,3,[[3182,0],[3180,0],[3309,0],[3308,0],[3053,0],]]
[3182,9,3,[[3181,0],[3183,0],[3310,0],[3054,0],]]
[3183,1,3,[[3184,0],[3182,0],[3311,0],[3310,0],[3055,0],]]
[3184,14,3,[[3183,0],[3185,0],[3312,0],[3056,0],]]
[3185,19,3,[[3186,0],[3184,0],[3313,0],[3312,0],[3057,0],]]
[3186,10,3,[[3185,0],[3187,0],[3314,0],[3058,0],]]
[3187,10,3,[[3188,0],[3186,0],[3315,0],[3314,0],[3059,0],]]
[3188,8,3,[[3187,0],[3189,0],[3316,0],[3060,0],]]
[3189,1,3,[[3190,0],[3188,0],[3317,0],[3316,0],[3061,0],]]
[3190,13,3,[[3189,0],[3191,0],[3318,0],[3062,0],]]
[3191,14,3,[[3192,0],[3190,0],[3319,0],[3318,0],[3063,0],]]
[3192,13,3,[[3191,0],[3193,0],[3320,0],[3064,0],]]
[3193,4,3,[[3194,0],[3192,0],[3321,0],[3320,0],[3065,0],]]
[3194,14,3,[[3193,0],[3195,0],[3322,0],[3066,0],]]
[3195,8,3,[[3196,0],[3194,0],[3323,0],[3322,0],[3067,0],]]
[3196,4,3,[[3195,0],[3197,0],[3324,0],[3068,0],]]
[3197,2,3,[[3198,0],[3196,0],[3325,0],[3324,0],[3069,0],]]
[3198,15,3,[[3197,0],[3199,0],[3326,0],[3070,0],]]
[3199,11,3,[[3198,0],[3327,0],[3326,0],[3071,0],]]
[3200,15,0,[[3201,0],[3072,0],[3073,0],[3328,0],]]
[3201,6,0,[[3202,0],[3200,0],[3073,0],[3329,0],]]
[3202,19,0,[[3201,0],[3203,0],[3074,0],[3075,0],[3330,0],]]
[3203,6,0,[[3204,0],[3202,0],[3075,0],[3331,0],]]
[3204,17,0,[[3203,0],[3205,0],[3076,0],[3077,0],[3332,0],]]
[3205,12,0,[[3206,0],[3204,0],[3077,0],[3333,0],]]
[3206,1,0,[[3205,0],[3207,0],[3078,0],[3079,0],[3334,0],]]
[3207,5,0,[[3208,0],[3206,0],[3079,0],[3335,0],]]
[3208,17,0,[[3207,0],[3209,0],[3080,0],[3081,0],[3336,0],]]
[3209,19,0,[[3210,0],[3208,0],[3081,0],[3337,0],]]
[3210,13,0,[[3209,0],[3211,0],[3082,0],[3083,0],[3338,0],]]
[3211,14,0,[[3212,0],[3210,0],[3083,0],[3339,0],]]
[3212,6,0,[[3211,0],[3213,0],[3084,0],[3085,0],[3340,0],]]
[3213,6,0,[[3214,0],[3212,0],[3085,0],[3341,0],]]
[3214,2,0,[[3213,0],[3215,0],[3086,0],[3087,0],[3342,0],]]
[3215,18,0,[[3216,0],[3214,0],[3087,0],[3343,0],]]
[3216,3,0,[[3215,0],[3217,0],[3088,0],[3089,0],[3344,0],]]
[3217,5,0,[[3218,0],[3216,0],[3089,0],[3345,0],]]
[3218,6,0,[[3217,0],[3219,0],[3090,0],[3091,0],[3346,0],]]
[3219,3,0,[[3220,0],[3218,0],[3091,0],[3347,0],]]
[3220,4,0,[[3219,0],[3221,0],[3092,0],[3093,0],[3348,0],]]
[3221,15,0,[[3222,0],[3220,0],[3093,0],[3349,0],]]
[3222,8,0,[[3221,0],[3223,0],[3094,0],[3095,0],[3350,0],]]
[3223,8,0,[[3224,0],[3222,0],[3095,0],[3351,0],]]
[3224,1,0,[[3223,0],[3225,0],[3096,0],[3097,0],[3352,0],]]
[3225,7,0,[[3226,0],[3224,0],[3097,0],[3353,0],]]
[3226,18,0,[[3225,0],[3227,0],[3098,0],[3099,0],[3354,0],]]
[3227,4,0,[[3228,0],[3226,0],[3099,0],[3355,0],]]
[3228,3,0,[[3227,0],[3229,0],[3100,0],[3101,0],[3356,0],]]
[3229,17,0,[[3230,0],[3228,0],[3101,0],[3357,0],]]
[3230,7,0,[[3229,0],[3231,0],[3102,0],[3103,0],[3358,0],]]
[3231,9,0,[[3232,0],[3230,0],[3103,0],[3359,0],]]
[3232,6,1,[[3231,0],[3233,0],[3104,0],[3105,0],[3360,0],]]
[3233,8,1,[[3234,0],[3232,0],[3105,0],[3361,0],]]
[3234,18,1,[[3233,0],[3235,0],[3106,0],[3107,0],[3362,0],]]
[3235,19,1,[[3236,0],[3234,0],[3107,0],[3363,0],]]
[3236,17,1,[[3235,0],[3237,0],[3108,0],[3109,0],[3364,0],]]
[3237,16,1,[[3238,0],[3236,0],[3109,0],[3365,0],]]
[3238,7,1,[[3237,0],[3239,0],[3110,0],[3111,0],[3366,0],]]
[3239,12,1,[[3240,0],[3238,0],[3111,0],[3367,0],]]
[3240,4,1,[[3239,0],[3241,0],[3112,0],[3113,0],[3368,0],]]
[3241,1,1,[[3242,0],[3240,0],[3113,0],[3369,0],]]
[3242,3,1,[[3241,0],[3243,0],[3114,0],[3115,0],[3370,0],]]
[3243,12,1,[[3244,0],[3242,0],[3115,0],[3371,0],]]
[3244,6,1,[[3243,0],[3245,0],[3116,0],[3117,0],[3372,0],]]
[3245,10,1,[[3246,0],[3244,0],[3117,0],[3373,0],]]
[3246,3,1,[[3245,0],[3247,0],[3118,0],[3119,0],[3374,0],]]
[3247,10,1,[[3248,0],[3246,0],[3119,0],[3375,0],]]
[3248,3,1,[[3247,0],[3249,0],[3120,0],[3121,0],[3376,0],]]
[3249,14,1,[[3250,0],[3248,0],[3121,0],[3377,0],]]
[3250,11,1,[[3249,0],[3251,0],[3122,0],[3123,0],[3378,0],]]
[3251,8,1,[[3252,0],[3250,0],[3123,0],[3379,0],]]
[3252,5,1,[[3251,0],[3253,0],[3124,0],[3125,0],[3380,0],]]
[3253,9,1,[[3254,0],[3252,0],[3125,0],[3381,0],]]
[3254,16,1,[[3253,0],[3255,0],[3126,0],[3127,0],[3382,0],]]
[3255,14,1,[[3256,0],[3254,0],[3127,0],[3383,0],]]
[3256,16,1,[[3255,0],[3257,0],[3128,0],[3129,0],[3384,0],]]
[3257,5,1,[[3258,0],[3256,0],[3129,0],[3385,0],]]
[3258,11,1,[[3257,0],[3259,0],[3130,0],[3131,0],[3386,0],]]
[3259,8,1,[[3260,0],[3258,0],[3131,0],[3387,0],]]
[3260,9,1,[[3259,0],[3261,0],[3132,0],[3133,0],[3388,0],]]
[3261,15,1,[[3262,0],[3260,0],[3133,0],[3389,0],]]
[3262,3,1,[[3261,0],[3263,0],[3134,0],[3135,0],[3390,0],]]
[3263,4,1,[[3264,0],[3262,0],[3135,0],[3391,0],]]
[3264,3,2,[[3263,0],[3265,0],[3136,0],[3137,0],[3392,0],]]
[3265,7,2,[[3266,0],[3264,0],[3137,0],[3393,0],]]
[3266,4,2,[[3265,0],[3267,0],[3138,0],[3139,0],[3394,0],]]
[3267,10,2,[[3268,0],[3266,0],[3139,0],[3395,0],]]
[3268,14,2,[[3267,0],[3269,0],[3140,0],[3141,0],[3396,0],]]
[3269,18,2,[[3270,0],[3268,0],[3141,0],[3397,0],]]
[3270,5,2,[[3269,0],[3271,0],[3142,0],[3143,0],[3398,0],]]
[3271,18,2,[[3272,0],[3270,0],[3143,0],[3399,0],]]
[3272,5,2,[[3271,0],[3273,0],[3144,0],[3145,0],[3400,0],]]
[3273,7,2,[[3274,0],[3272,0],[3145,0],[3401,0],]]
[3274,16,2,[[3273,0],[3275,0],[3146,0],[3147,0],[3402,0],]]
[3275,17,2,[[3276,0],[3274,0],[3147,0],[3403,0],]]
