[2785,4,3,[[2786,0],[2784,0],[2657,0],[2913,0],]]
[2786,14,3,[[2785,0],[2787,0],[2658,0],[2659,0],[2914,0],]]
[2787,16,3,[[2788,0],[2786,0],[2659,0],[2915,0],]]
[2788,2,3,[[2787,0],[2789,0],[2660,0],[2661,0],[2916,0],]]
[2789,2,3,[[2790,0],[2788,0],[2661,0],[2917,0],]]
[2790,14,3,[[2789,0],[2791,0],[2662,0],[2663,0],[2918,0],]]
[2791,7,3,[[2792,0],[2790,0],[2663,0],[2919,0],]]
[2792,11,3,[[2791,0],[2793,0],[2664,0],[2665,0],[2920,0],]]
[2793,15,3,[[2794,0],[2792,0],[2665,0],[2921,0],]]
[2794,11,3,[[2793,0],[2795,0],[2666,0],[2667,0],[2922,0],]]
[2795,18,3,[[2796,0],[2794,0],[2667,0],[2923,0],]]
[2796,4,3,[[2795,0],[2797,0],[2668,0],[2669,0],[2924,0],]]
[2797,5,3,[[2798,0],[2796,0],[2669,0],[2925,0],]]
[2798,13,3,[[2797,0],[2799,0],[2670,0],[2671,0],[2926,0],]]
[2799,16,3,[[2800,0],[2798,0],[2671,0],[2927,0],]]
[2800,9,3,[[2799,0],[2801,0],[2672,0],[2673,0],[2928,0],]]
[2801,11,3,[[2802,0],[2800,0],[2673,0],[2929,0],]]
[2802,11,3,[[2801,0],[2803,0],[2674,0],[2675,0],[2930,0],]]
[2803,1,3,[[2804,0],[2802,0],[2675,0],[2931,0],]]
[2804,15,3,[[2803,0],[2805,0],[2676,0],[2677,0],[2932,0],]]
[2805,17,3,[[2806,0],[2804,0],[2677,0],[2933,0],]]
[2806,8,3,[[2805,0],[2807,0],[2678,0],[2679,0],[2934,0],]]
[2807,14,3,[[2808,0],[2806,0],[2679,0],[2935,0],]]
[2808,10,3,[[2807,0],[2809,0],[2680,0],[2681,0],[2936,0],]]
[2809,16,3,[[2810,0],[2808,0],[2681,0],[2937,0],]]
[2810,11,3,[[2809,0],[2811,0],[2682,0],[2683,0],[2938,0],]]
[2811,19,3,[[2812,0],[2810,0],[2683,0],[2939,0],]]
[2812,6,3,[[2811,0],[2813,0],[2684,0],[2685,0],[2940,0],]]
[2813,5,3,[[2814,0],[2812,0],[2685,0],[2941,0],]]
[2814,18,3,[[2813,0],[2815,0],[2686,0],[2687,0],[2942,0],]]
[2815,17,3,[[2814,0],[2687,0],[2943,0],]]
[2816,5,0,[[2817,0],[2944,0],[2688,0],]]
[2817,19,0,[[2818,0],[2816,0],[2945,0],[2944,0],[2689,0],]]
[2818,7,0,[[2817,0],[2819,0],[2946,0],[2690,0],]]
[2819,16,0,[[2820,0],[2818,0],[2947,0],[2946,0],[2691,0],]]
[2820,16,0,[[2819,0],[2821,0],[2948,0],[2692,0],]]
[2821,7,0,[[2822,0],[2820,0],[2949,0],[2948,0],[2693,0],]]
[2822,3,0,[[2821,0],[2823,0],[2950,0],[2694,0],]]
[2823,2,0,[[2824,0],[2822,0],[2951,0],[2950,0],[2695,0],]]
[2824,10,0,[[2823,0],[2825,0],[2952,0],[2696,0],]]
[2825,15,0,[[2826,0],[2824,0],[2953,0],[2952,0],[2697,0],]]
[2826,2,0,[[2825,0],[2827,0],[2954,0],[2698,0],]]
[2827,8,0,[[2828,0],[2826,0],[2955,0],[2954,0],[2699,0],]]
[2828,2,0,[[2827,0],[2829,0],[2956,0],[2700,0],]]
[2829,15,0,[[2830,0],[2828,0],[2957,0],[2956,0],[2701,0],]]
[2830,4,0,[[2829,0],[2831,0],[2958,0],[2702,0],]]
[2831,3,0,[[2832,0],[2830,0],[2959,0],[2958,0],[2703,0],]]
[2832,12,0,[[2831,0],[2833,0],[2960,0],[2704,0],]]
[2833,14,0,[[2834,0],[2832,0],[2961,0],[2960,0],[2705,0],]]
[2834,2,0,[[2833,0],[2835,0],[2962,0],[2706,0],]]
[2835,3,0,[[2836,0],[2834,0],[2963,0],[2962,0],[2707,0],]]
[2836,9,0,[[2835,0],[2837,0],[2964,0],[2708,0],]]
[2837,1,0,[[2838,0],[2836,0],[2965,0],[2964,0],[2709,0],]]
[2838,10,0,[[2837,0],[2839,0],[2966,0],[2710,0],]]
[2839,3,0,[[2840,0],[2838,0],[2967,0],[2966,0],[2711,0],]]
[2840,16,0,[[2839,0],[2841,0],[2968,0],[2712,0],]]
[2841,18,0,[[2842,0],[2840,0],[2969,0],[2968,0],[2713,0],]]
[2842,4,0,[[2841,0],[2843,0],[2970,0],[2714,0],]]
[2843,10,0,[[2844,0],[2842,0],[2971,0],[2970,0],[2715,0],]]
[2844,9,0,[[2843,0],[2845,0],[2972,0],[2716,0],]]
[2845,14,0,[[2846,0],[2844,0],[2973,0],[2972,0],[2717,0],]]
[2846,9,0,[[2845,0],[2847,0],[2974,0],[2718,0],]]
[2847,6,0,[[2848,0],[2846,0],[2975,0],[2974,0],[2719,0],]]
[2848,7,1,[[2847,0],[2849,0],[2976,0],[2720,0],]]
[2849,15,1,[[2850,0],[2848,0],[2977,0],[2976,0],[2721,0],]]
[2850,8,1,[[2849,0],[2851,0],[2978,0],[2722,0],]]
[2851,10,1,[[2852,0],[2850,0],[2979,0],[2978,0],[2723,0],]]
[2852,2,1,[[2851,0],[2853,0],[2980,0],[2724,0],]]
[2853,10,1,[[2854,0],[2852,0],[2981,0],[2980,0],[2725,0],]]
[2854,3,1,[[2853,0],[2855,0],[2982,0],[2726,0],]]
[2855,16,1,[[2856,0],[2854,0],[2983,0],[2982,0],[2727,0],]]
[2856,3,1,[[2855,0],[2857,0],[2984,0],[2728,0],]]
[2857,1,1,[[2858,0],[2856,0],[2985,0],[2984,0],[2729,0],]]
[2858,12,1,[[2857,0],[2859,0],[2986,0],[2730,0],]]
[2859,12,1,[[2860,0],[2858,0],[2987,0],[2986,0],[2731,0],]]
[2860,17,1,[[2859,0],[2861,0],[2988,0],[2732,0],]]
[2861,16,1,[[2862,0],[2860,0],[2989,0],[2988,0],[2733,0],]]
[2862,7,1,[[2861,0],[2863,0],[2990,0],[2734,0],]]
[2863,17,1,[[2864,0],[2862,0],[2991,0],[2990,0],[2735,0],]]
[2864,6,1,[[2863,0],[2865,0],[2992,0],[2736,0],]]
[2865,17,1,[[2866,0],[2864,0],[2993,0],[2992,0],[2737,0],]]
[2866,10,1,[[2865,0],[2867,0],[2994,0],[2738,0],]]
[2867,2,1,[[2868,0],[2866,0],[2995,0],[2994,0],[2739,0],]]
[2868,6,1,[[2867,0],[2869,0],[2996,0],[2740,0],]]
[2869,11,1,[[2870,0],[2868,0],[2997,0],[2996,0],[2741,0],]]
[2870,2,1,[[2869,0],[2871,0],[2998,0],[2742,0],]]
[2871,10,1,[[2872,0],[2870,0],[2999,0],[2998,0],[2743,0],]]
[2872,18,1,[[2871,0],[2873,0],[3000,0],[2744,0],]]
[2873,3,1,[[2874,0],[2872,0],[3001,0],[3000,0],[2745,0],]]
[2874,4,1,[[2873,0],[2875,0],[3002,0],[2746,0],]]
[2875,1,1,[[2876,0],[2874,0],[3003,0],[3002,0],[2747,0],]]
[2876,18,1,[[2875,0],[2877,0],[3004,0],[2748,0],]]
[2877,5,1,[[2878,0],[2876,0],[3005,0],[3004,0],[2749,0],]]
[2878,11,1,[[2877,0],[2879,0],[3006,0],[2750,0],]]
[2879,5,1,[[2880,0],[2878,0],[3007,0],[3006,0],[2751,0],]]
[2880,14,2,[[2879,0],[2881,0],[3008,0],[2752,0],]]
[2881,15,2,[[2882,0],[2880,0],[3009,0],[3008,0],[2753,0],]]
[2882,4,2,[[2881,0],[2883,0],[3010,0],[2754,0],]]
[2883,14,2,[[2884,0],[2882,0],[3011,0],[3010,0],[2755,0],]]
[2884,8,2,[[2883,0],[2885,0],[3012,0],[2756,0],]]
[2885,18,2,[[2886,0],[2884,0],[3013,0],[3012,0],[2757,0],]]
[2886,7,2,[[2885,0],[2887,0],[3014,0],[2758,0],]]
[2887,1,2,[[2888,0],[2886,0],[3015,0],[3014,0],[2759,0],]]
[2888,12,2,[[2887,0],[2889,0],[3016,0],[2760,0],]]
[2889,6,2,[[2890,0],[2888,0],[3017,0],[3016,0],[2761,0],]]
[2890,19,2,[[2889,0],[2891,0],[3018,0],[2762,0],]]
[2891,11,2,[[2892,0],[2890,0],[3019,0],[3018,0],[2763,0],]]
[2892,1,2,[[2891,0],[2893,0],[3020,0],[2764,0],]]
[2893,18,2,[[2894,0],[2892,0],[3021,0],[3020,0],[2765,0],]]
[2894,18,2,[[2893,0],[2895,0],[3022,0],[2766,0],]]
[2895,16,2,[[2896,0],[2894,0],[3023,0],[3022,0],[2767,0],]]
[2896,2,2,[[2895,0],[2897,0],[3024,0],[2768,0],]]
[2897,13,2,[[2898,0],[2896,0],[3025,0],[3024,0],[2769,0],]]
[2898,13,2,[[2897,0],[2899,0],[3026,0],[2770,0],]]
[2899,11,2,[[2900,0],[2898,0],[3027,0],[3026,0],[2771,0],]]
[2900,3,2,[[2899,0],[2901,0],[3028,0],[2772,0],]]
[2901,10,2,[[2902,0],[2900,0],[3029,0],[3028,0],[2773,0],]]
[2902,9,2,[[2901,0],[2903,0],[3030,0],[2774,0],]]
[2903,18,2,[[2904,0],[2902,0],[3031,0],[3030,0],[2775,0],]]
[2904,14,2,[[2903,0],[2905,0],[3032,0],[2776,0],]]
[2905,16,2,[[2906,0],[2904,0],[3033,0],[3032,0],[2777,0],]]
[2906,17,2,[[2905,0],[2907,0],[3034,0],[2778,0],]]
[2907,19,2,[[2908,0],[2906,0],[3035,0],[3034,0],[2779,0],]]
[2908,7,2,[[2907,0],[2909,0],[3036,0],[2780,0],]]
[2909,16,2,[[2910,0],[2908,0],[3037,0],[3036,0],[2781,0],]]
[2910,16,2,[[2909,0],[2911,0],[3038,0],[2782,0],]]
[2911,18,2,[[2912,0],[2910,0],[3039,0],[3038,0],[2783,0],]]
[2912,6,3,[[2911,0],[2913,0],[3040,0],[2784,0],]]
[2913,8,3,[[2914,0],[2912,0],[3041,0],[3040,0],[2785,0],]]
[2914,11,3,[[2913,0],[2915,0],[3042,0],[2786,0],]]
[2915,15,3,[[2916,0],[2914,0],[3043,0],[3042,0],[2787,0],]]
[2916,2,3,[[2915,0],[2917,0],[3044,0],[2788,0],]]
[2917,13,3,[[2918,0],[2916,0],[3045,0],[3044,0],[2789,0],]]
[2918,15,3,[[2917,0],[2919,0],[3046,0],[2790,0],]]
[2919,4,3,[[2920,0],[2918,0],[3047,0],[3046,0],[2791,0],]]
[2920,12,3,[[2919,0],[2921,0],[3048,0],[2792,0],]]
[2921,6,3,[[2922,0],[2920,0],[3049,0],[3048,0],[2793,0],]]
[2922,19,3,[[2921,0],[2923,0],[3050,0],[2794,0],]]
[2923,13,3,[[2924,0],[2922,0],[3051,0],[3050,0],[2795,0],]]
[2924,13,3,[[2923,0],[2925,0],[3052,0],[2796,0],]]
[2925,6,3,[[2926,0],[2924,0],[3053,0],[3052,0],[2797,0],]]
[2926,11,3,[[2925,0],[2927,0],[3054,0],[2798,0],]]
[2927,6,3,[[2928,0],[2926,0],[3055,0],[3054,0],[2799,0],]]
[2928,13,3,[[2927,0],[2929,0],[3056,0],[2800,0],]]
[2929,9,3,[[2930,0],[2928,0],[3057,0],[3056,0],[2801,0],]]
[2930,10,3,[[2929,0],[2931,0],[3058,0],[2802,0],]]
[2931,13,3,[[2932,0],[2930,0],[3059,0],[3058,0],[2803,0],]]
[2932,19,3,[[2931,0],[2933,0],[3060,0],[2804,0],]]
[2933,7,3,[[2934,0],[2932,0],[3061,0],[3060,0],[2805,0],]]
[2934,6,3,[[2933,0],[2935,0],[3062,0],[2806,0],]]
[2935,2,3,[[2936,0],[2934,0],[3063,0],[3062,0],[2807,0],]]
[2936,14,3,[[2935,0],[2937,0],[3064,0],[2808,0],]]
[2937,12,3,[[2938,0],[2936,0],[3065,0],[3064,0],[2809,0],]]
[2938,2,3,[[2937,0],[2939,0],[3066,0],[2810,0],]]
[2939,2,3,[[2940,0],[2938,0],[3067,0],[3066,0],[2811,0],]]
[2940,8,3,[[2939,0],[2941,0],[3068,0],[2812,0],]]
[2941,18,3,[[2942,0],[2940,0],[3069,0],[3068,0],[2813,0],]]
[2942,7,3,[[2941,0],[2943,0],[3070,0],[2814,0],]]
[2943,14,3,[[2942,0],[3071,0],[3070,0],[2815,0],]]
[2944,4,0,[[2945,0],[2816,0],[2817,0],[3072,0],]]
[2945,3,0,[[2946,0],[2944,0],[2817,0],[3073,0],]]
[2946,16,0,[[2945,0],[2947,0],[2818,0],[2819,0],[3074,0],]]
[2947,12,0,[[2948,0],[2946,0],[2819,0],[3075,0],]]
[2948,15,0,[[2947,0],[2949,0],[2820,0],[2821,0],[3076,0],]]
