[2949,14,0,[[2950,0],[2948,0],[2821,0],[3077,0],]]
[2950,3,0,[[2949,0],[2951,0],[2822,0],[2823,0],[3078,0],]]
[2951,8,0,[[2952,0],[2950,0],[2823,0],[3079,0],]]
[2952,3,0,[[2951,0],[2953,0],[2824,0],[2825,0],[3080,0],]]
[2953,6,0,[[2954,0],[2952,0],[2825,0],[3081,0],]]
[2954,7,0,[[2953,0],[2955,0],[2826,0],[2827,0],[3082,0],]]
[2955,19,0,[[2956,0],[2954,0],[2827,0],[3083,0],]]
[2956,2,0,[[2955,0],[2957,0],[2828,0],[2829,0],[3084,0],]]
[2957,16,0,[[2958,0],[2956,0],[2829,0],[3085,0],]]
[2958,17,0,[[2957,0],[2959,0],[2830,0],[2831,0],[3086,0],]]
[2959,2,0,[[2960,0],[2958,0],[2831,0],[3087,0],]]
[2960,9,0,[[2959,0],[2961,0],[2832,0],[2833,0],[3088,0],]]
[2961,18,0,[[2962,0],[2960,0],[2833,0],[3089,0],]]
[2962,6,0,[[2961,0],[2963,0],[2834,0],[2835,0],[3090,0],]]
[2963,7,0,[[2964,0],[2962,0],[2835,0],[3091,0],]]
[2964,18,0,[[2963,0],[2965,0],[2836,0],[2837,0],[3092,0],]]
[2965,5,0,[[2966,0],[2964,0],[2837,0],[3093,0],]]
[2966,10,0,[[2965,0],[2967,0],[2838,0],[2839,0],[3094,0],]]
[2967,3,0,[[2968,0],[2966,0],[2839,0],[3095,0],]]
[2968,14,0,[[2967,0],[2969,0],[2840,0],[2841,0],[3096,0],]]
[2969,2,0,[[2970,0],[2968,0],[2841,0],[3097,0],]]
[2970,11,0,[[2969,0],[2971,0],[2842,0],[2843,0],[3098,0],]]
[2971,11,0,[[2972,0],[2970,0],[2843,0],[3099,0],]]
[2972,19,0,[[2971,0],[2973,0],[2844,0],[2845,0],[3100,0],]]
[2973,8,0,[[2974,0],[2972,0],[2845,0],[3101,0],]]
[2974,16,0,[[2973,0],[2975,0],[2846,0],[2847,0],[3102,0],]]
[2975,5,0,[[2976,0],[2974,0],[2847,0],[3103,0],]]
[2976,6,1,[[2975,0],[2977,0],[2848,0],[2849,0],[3104,0],]]
[2977,6,1,[[2978,0],[2976,0],[2849,0],[3105,0],]]
[2978,11,1,[[2977,0],[2979,0],[2850,0],[2851,0],[3106,0],]]
[2979,2,1,[[2980,0],[2978,0],[2851,0],[3107,0],]]
[2980,19,1,[[2979,0],[2981,0],[2852,0],[2853,0],[3108,0],]]
[2981,13,1,[[2982,0],[2980,0],[2853,0],[3109,0],]]
[2982,7,1,[[2981,0],[2983,0],[2854,0],[2855,0],[3110,0],]]
[2983,8,1,[[2984,0],[2982,0],[2855,0],[3111,0],]]
[2984,1,1,[[2983,0],[2985,0],[2856,0],[2857,0],[3112,0],]]
[2985,9,1,[[2986,0],[2984,0],[2857,0],[3113,0],]]
[2986,14,1,[[2985,0],[2987,0],[2858,0],[2859,0],[3114,0],]]
[2987,8,1,[[2988,0],[2986,0],[2859,0],[3115,0],]]
[2988,16,1,[[2987,0],[2989,0],[2860,0],[2861,0],[3116,0],]]
[2989,3,1,[[2990,0],[2988,0],[2861,0],[3117,0],]]
[2990,9,1,[[2989,0],[2991,0],[2862,0],[2863,0],[3118,0],]]
[2991,8,1,[[2992,0],[2990,0],[2863,0],[3119,0],]]
[2992,2,1,[[2991,0],[2993,0],[2864,0],[2865,0],[3120,0],]]
[2993,15,1,[[2994,0],[2992,0],[2865,0],[3121,0],]]
[2994,14,1,[[2993,0],[2995,0],[2866,0],[2867,0],[3122,0],]]
[2995,16,1,[[2996,0],[2994,0],[2867,0],[3123,0],]]
[2996,19,1,[[2995,0],[2997,0],[2868,0],[2869,0],[3124,0],]]
[2997,6,1,[[2998,0],[2996,0],[2869,0],[3125,0],]]
[2998,8,1,[[2997,0],[2999,0],[2870,0],[2871,0],[3126,0],]]
[2999,19,1,[[3000,0],[2998,0],[2871,0],[3127,0],]]
[3000,11,1,[[2999,0],[3001,0],[2872,0],[2873,0],[3128,0],]]
[3001,18,1,[[3002,0],[3000,0],[2873,0],[3129,0],]]
[3002,12,1,[[3001,0],[3003,0],[2874,0],[2875,0],[3130,0],]]
[3003,6,1,[[3004,0],[3002,0],[2875,0],[3131,0],]]
[3004,5,1,[[3003,0],[3005,0],[2876,0],[2877,0],[3132,0],]]
[3005,13,1,[[3006,0],[3004,0],[2877,0],[3133,0],]]
[3006,9,1,[[3005,0],[3007,0],[2878,0],[2879,0],[3134,0],]]
[3007,1,1,[[3008,0],[3006,0],[2879,0],[3135,0],]]
[3008,14,2,[[3007,0],[3009,0],[2880,0],[2881,0],[3136,0],]]
[3009,12,2,[[3010,0],[3008,0],[2881,0],[3137,0],]]
[3010,4,2,[[3009,0],[3011,0],[2882,0],[2883,0],[3138,0],]]
[3011,13,2,[[3012,0],[3010,0],[2883,0],[3139,0],]]
[3012,11,2,[[3011,0],[3013,0],[2884,0],[2885,0],[3140,0],]]
[3013,15,2,[[3014,0],[3012,0],[2885,0],[3141,0],]]
[3014,7,2,[[3013,0],[3015,0],[2886,0],[2887,0],[3142,0],]]
[3015,19,2,[[3016,0],[3014,0],[2887,0],[3143,0],]]
[3016,5,2,[[3015,0],[3017,0],[2888,0],[2889,0],[3144,0],]]
[3017,8,2,[[3018,0],[3016,0],[2889,0],[3145,0],]]
[3018,4,2,[[3017,0],[3019,0],[2890,0],[2891,0],[3146,0],]]
[3019,18,2,[[3020,0],[3018,0],[2891,0],[3147,0],]]
[3020,17,2,[[3019,0],[3021,0],[2892,0],[2893,0],[3148,0],]]
[3021,7,2,[[3022,0],[3020,0],[2893,0],[3149,0],]]
[3022,7,2,[[3021,0],[3023,0],[2894,0],[2895,0],[3150,0],]]
[3023,8,2,[[3024,0],[3022,0],[2895,0],[3151,0],]]
[3024,17,2,[[3023,0],[3025,0],[2896,0],[2897,0],[3152,0],]]
[3025,16,2,[[3026,0],[3024,0],[2897,0],[3153,0],]]
[3026,8,2,[[3025,0],[3027,0],[2898,0],[2899,0],[3154,0],]]
[3027,16,2,[[3028,0],[3026,0],[2899,0],[3155,0],]]
[3028,18,2,[[3027,0],[3029,0],[2900,0],[2901,0],[3156,0],]]
[3029,18,2,[[3030,0],[3028,0],[2901,0],[3157,0],]]
[3030,15,2,[[3029,0],[3031,0],[2902,0],[2903,0],[3158,0],]]
[3031,19,2,[[3032,0],[3030,0],[2903,0],[3159,0],]]
[3032,15,2,[[3031,0],[3033,0],[2904,0],[2905,0],[3160,0],]]
[3033,14,2,[[3034,0],[3032,0],[2905,0],[3161,0],]]
[3034,2,2,[[3033,0],[3035,0],[2906,0],[2907,0],[3162,0],]]
[3035,16,2,[[3036,0],[3034,0],[2907,0],[3163,0],]]
[3036,3,2,[[3035,0],[3037,0],[2908,0],[2909,0],[3164,0],]]
[3037,6,2,[[3038,0],[3036,0],[2909,0],[3165,0],]]
[3038,3,2,[[3037,0],[3039,0],[2910,0],[2911,0],[3166,0],]]
[3039,16,2,[[3040,0],[3038,0],[2911,0],[3167,0],]]
[3040,8,3,[[3039,0],[3041,0],[2912,0],[2913,0],[3168,0],]]
[3041,11,3,[[3042,0],[3040,0],[2913,0],[3169,0],]]
[3042,1,3,[[3041,0],[3043,0],[2914,0],[2915,0],[3170,0],]]
[3043,3,3,[[3044,0],[3042,0],[2915,0],[3171,0],]]
[3044,16,3,[[3043,0],[3045,0],[2916,0],[2917,0],[3172,0],]]
[3045,3,3,[[3046,0],[3044,0],[2917,0],[3173,0],]]
[3046,3,3,[[3045,0],[3047,0],[2918,0],[2919,0],[3174,0],]]
[3047,5,3,[[3048,0],[3046,0],[2919,0],[3175,0],]]
[3048,5,3,[[3047,0],[3049,0],[2920,0],[2921,0],[3176,0],]]
[3049,3,3,[[3050,0],[3048,0],[2921,0],[3177,0],]]
[3050,16,3,[[3049,0],[3051,0],[2922,0],[2923,0],[3178,0],]]
[3051,8,3,[[3052,0],[3050,0],[2923,0],[3179,0],]]
[3052,15,3,[[3051,0],[3053,0],[2924,0],[2925,0],[3180,0],]]
[3053,13,3,[[3054,0],[3052,0],[2925,0],[3181,0],]]
[3054,3,3,[[3053,0],[3055,0],[2926,0],[2927,0],[3182,0],]]
[3055,10,3,[[3056,0],[3054,0],[2927,0],[3183,0],]]
[3056,6,3,[[3055,0],[3057,0],[2928,0],[2929,0],[3184,0],]]
[3057,11,3,[[3058,0],[3056,0],[2929,0],[3185,0],]]
[3058,18,3,[[3057,0],[3059,0],[2930,0],[2931,0],[3186,0],]]
[3059,15,3,[[3060,0],[3058,0],[2931,0],[3187,0],]]
[3060,6,3,[[3059,0],[3061,0],[2932,0],[2933,0],[3188,0],]]
[3061,10,3,[[3062,0],[3060,0],[2933,0],[3189,0],]]
[3062,1,3,[[3061,0],[3063,0],[2934,0],[2935,0],[3190,0],]]
[3063,4,3,[[3064,0],[3062,0],[2935,0],[3191,0],]]
[3064,5,3,[[3063,0],[3065,0],[2936,0],[2937,0],[3192,0],]]
[3065,5,3,[[3066,0],[3064,0],[2937,0],[3193,0],]]
[3066,9,3,[[3065,0],[3067,0],[2938,0],[2939,0],[3194,0],]]
[3067,9,3,[[3068,0],[3066,0],[2939,0],[3195,0],]]
[3068,18,3,[[3067,0],[3069,0],[2940,0],[2941,0],[3196,0],]]
[3069,15,3,[[3070,0],[3068,0],[2941,0],[3197,0],]]
[3070,6,3,[[3069,0],[3071,0],[2942,0],[2943,0],[3198,0],]]
[3071,3,3,[[3070,0],[2943,0],[3199,0],]]
[3072,8,0,[[3073,0],[3200,0],[2944,0],]]
[3073,10,0,[[3074,0],[3072,0],[3201,0],[3200,0],[2945,0],]]
[3074,14,0,[[3073,0],[3075,0],[3202,0],[2946,0],]]
[3075,10,0,[[3076,0],[3074,0],[3203,0],[3202,0],[2947,0],]]
[3076,7,0,[[3075,0],[3077,0],[3204,0],[2948,0],]]
[3077,15,0,[[3078,0],[3076,0],[3205,0],[3204,0],[2949,0],]]
[3078,19,0,[[3077,0],[3079,0],[3206,0],[2950,0],]]
[3079,14,0,[[3080,0],[3078,0],[3207,0],[3206,0],[2951,0],]]
[3080,2,0,[[3079,0],[3081,0],[3208,0],[2952,0],]]
[3081,11,0,[[3082,0],[3080,0],[3209,0],[3208,0],[2953,0],]]
[3082,11,0,[[3081,0],[3083,0],[3210,0],[2954,0],]]
[3083,12,0,[[3084,0],[3082,0],[3211,0],[3210,0],[2955,0],]]
[3084,8,0,[[3083,0],[3085,0],[3212,0],[2956,0],]]
[3085,6,0,[[3086,0],[3084,0],[3213,0],[3212,0],[2957,0],]]
[3086,6,0,[[3085,0],[3087,0],[3214,0],[2958,0],]]
[3087,9,0,[[3088,0],[3086,0],[3215,0],[3214,0],[2959,0],]]
[3088,4,0,[[3087,0],[3089,0],[3216,0],[2960,0],]]
[3089,1,0,[[3090,0],[3088,0],[3217,0],[3216,0],[2961,0],]]
[3090,7,0,[[3089,0],[3091,0],[3218,0],[2962,0],]]
[3091,15,0,[[3092,0],[3090,0],[3219,0],[3218,0],[2963,0],]]
[3092,16,0,[[3091,0],[3093,0],[3220,0],[2964,0],]]
[3093,11,0,[[3094,0],[3092,0],[3221,0],[3220,0],[2965,0],]]
[3094,12,0,[[3093,0],[3095,0],[3222,0],[2966,0],]]
[3095,3,0,[[3096,0],[3094,0],[3223,0],[3222,0],[2967,0],]]
[3096,15,0,[[3095,0],[3097,0],[3224,0],[2968,0],]]
[3097,1,0,[[3098,0],[3096,0],[3225,0],[3224,0],[2969,0],]]
[3098,6,0,[[3097,0],[3099,0],[3226,0],[2970,0],]]
[3099,9,0,[[3100,0],[3098,0],[3227,0],[3226,0],[2971,0],]]
[3100,12,0,[[3099,0],[3101,0],[3228,0],[2972,0],]]
[3101,4,0,[[3102,0],[3100,0],[3229,0],[3228,0],[2973,0],]]
[3102,13,0,[[3101,0],[3103,0],[3230,0],[2974,0],]]
[3103,4,0,[[3104,0],[3102,0],[3231,0],[3230,0],[2975,0],]]
[3104,9,1,[[3103,0],[3105,0],[3232,0],[2976,0],]]
[3105,16,1,[[3106,0],[3104,0],[3233,0],[3232,0],[2977,0],]]
[3106,13,1,[[3105,0],[3107,0],[3234,0],[2978,0],]]
[3107,15,1,[[3108,0],[3106,0],[3235,0],[3234,0],[2979,0],]]
[3108,6,1,[[3107,0],[3109,0],[3236,0],[2980,0],]]
[3109,14,1,[[3110,0],[3108,0],[3237,0],[3236,0],[2981,0],]]
[3110,7,1,[[3109,0],[3111,0],[3238,0],[2982,0],]]
[3111,4,1,[[3112,0],[3110,0],[3239,0],[3238,0],[2983,0],]]
