[1802,14,0,[[1801,0],[1803,0],[1930,0],[1674,0],]]
[1803,18,0,[[1804,0],[1802,0],[1931,0],[1930,0],[1675,0],]]
[1804,5,0,[[1803,0],[1805,0],[1932,0],[1676,0],]]
[1805,3,0,[[1806,0],[1804,0],[1933,0],[1932,0],[1677,0],]]
[1806,11,0,[[1805,0],[1807,0],[1934,0],[1678,0],]]
[1807,1,0,[[1808,0],[1806,0],[1935,0],[1934,0],[1679,0],]]
[1808,9,0,[[1807,0],[1809,0],[1936,0],[1680,0],]]
[1809,14,0,[[1810,0],[1808,0],[1937,0],[1936,0],[1681,0],]]
[1810,10,0,[[1809,0],[1811,0],[1938,0],[1682,0],]]
[1811,10,0,[[1812,0],[1810,0],[1939,0],[1938,0],[1683,0],]]
[1812,17,0,[[1811,0],[1813,0],[1940,0],[1684,0],]]
[1813,11,0,[[1814,0],[1812,0],[1941,0],[1940,0],[1685,0],]]
[1814,15,0,[[1813,0],[1815,0],[1942,0],[1686,0],]]
[1815,10,0,[[1816,0],[1814,0],[1943,0],[1942,0],[1687,0],]]
[1816,11,0,[[1815,0],[1817,0],[1944,0],[1688,0],]]
[1817,15,0,[[1818,0],[1816,0],[1945,0],[1944,0],[1689,0],]]
[1818,10,0,[[1817,0],[1819,0],[1946,0],[1690,0],]]
[1819,18,0,[[1820,0],[1818,0],[1947,0],[1946,0],[1691,0],]]
[1820,17,0,[[1819,0],[1821,0],[1948,0],[1692,0],]]
[1821,15,0,[[1822,0],[1820,0],[1949,0],[1948,0],[1693,0],]]
[1822,4,0,[[1821,0],[1823,0],[1950,0],[1694,0],]]
[1823,18,0,[[1824,0],[1822,0],[1951,0],[1950,0],[1695,0],]]
[1824,4,1,[[1823,0],[1825,0],[1952,0],[1696,0],]]
[1825,17,1,[[1826,0],[1824,0],[1953,0],[1952,0],[1697,0],]]
[1826,5,1,[[1825,0],[1827,0],[1954,0],[1698,0],]]
[1827,1,1,[[1828,0],[1826,0],[1955,0],[1954,0],[1699,0],]]
[1828,18,1,[[1827,0],[1829,0],[1956,0],[1700,0],]]
[1829,19,1,[[1830,0],[1828,0],[1957,0],[1956,0],[1701,0],]]
[1830,11,1,[[1829,0],[1831,0],[1958,0],[1702,0],]]
[1831,8,1,[[1832,0],[1830,0],[1959,0],[1958,0],[1703,0],]]
[1832,3,1,[[1831,0],[1833,0],[1960,0],[1704,0],]]
[1833,9,1,[[1834,0],[1832,0],[1961,0],[1960,0],[1705,0],]]
[1834,2,1,[[1833,0],[1835,0],[1962,0],[1706,0],]]
[1835,10,1,[[1836,0],[1834,0],[1963,0],[1962,0],[1707,0],]]
[1836,5,1,[[1835,0],[1837,0],[1964,0],[1708,0],]]
[1837,13,1,[[1838,0],[1836,0],[1965,0],[1964,0],[1709,0],]]
[1838,16,1,[[1837,0],[1839,0],[1966,0],[1710,0],]]
[1839,12,1,[[1840,0],[1838,0],[1967,0],[1966,0],[1711,0],]]
[1840,3,1,[[1839,0],[1841,0],[1968,0],[1712,0],]]
[1841,2,1,[[1842,0],[1840,0],[1969,0],[1968,0],[1713,0],]]
[1842,6,1,[[1841,0],[1843,0],[1970,0],[1714,0],]]
[1843,12,1,[[1844,0],[1842,0],[1971,0],[1970,0],[1715,0],]]
[1844,5,1,[[1843,0],[1845,0],[1972,0],[1716,0],]]
[1845,4,1,[[1846,0],[1844,0],[1973,0],[1972,0],[1717,0],]]
[1846,14,1,[[1845,0],[1847,0],[1974,0],[1718,0],]]
[1847,1,1,[[1848,0],[1846,0],[1975,0],[1974,0],[1719,0],]]
[1848,5,1,[[1847,0],[1849,0],[1976,0],[1720,0],]]
[1849,3,1,[[1850,0],[1848,0],[1977,0],[1976,0],[1721,0],]]
[1850,1,1,[[1849,0],[1851,0],[1978,0],[1722,0],]]
[1851,16,1,[[1852,0],[1850,0],[1979,0],[1978,0],[1723,0],]]
[1852,2,1,[[1851,0],[1853,0],[1980,0],[1724,0],]]
[1853,4,1,[[1854,0],[1852,0],[1981,0],[1980,0],[1725,0],]]
[1854,4,1,[[1853,0],[1855,0],[1982,0],[1726,0],]]
[1855,4,1,[[1856,0],[1854,0],[1983,0],[1982,0],[1727,0],]]
[1856,12,2,[[1855,0],[1857,0],[1984,0],[1728,0],]]
[1857,1,2,[[1858,0],[1856,0],[1985,0],[1984,0],[1729,0],]]
[1858,7,2,[[1857,0],[1859,0],[1986,0],[1730,0],]]
[1859,14,2,[[1860,0],[1858,0],[1987,0],[1986,0],[1731,0],]]
[1860,7,2,[[1859,0],[1861,0],[1988,0],[1732,0],]]
[1861,7,2,[[1862,0],[1860,0],[1989,0],[1988,0],[1733,0],]]
[1862,2,2,[[1861,0],[1863,0],[1990,0],[1734,0],]]
[1863,18,2,[[1864,0],[1862,0],[1991,0],[1990,0],[1735,0],]]
[1864,14,2,[[1863,0],[1865,0],[1992,0],[1736,0],]]
[1865,11,2,[[1866,0],[1864,0],[1993,0],[1992,0],[1737,0],]]
[1866,15,2,[[1865,0],[1867,0],[1994,0],[1738,0],]]
[1867,7,2,[[1868,0],[1866,0],[1995,0],[1994,0],[1739,0],]]
[1868,18,2,[[1867,0],[1869,0],[1996,0],[1740,0],]]
[1869,1,2,[[1870,0],[1868,0],[1997,0],[1996,0],[1741,0],]]
[1870,5,2,[[1869,0],[1871,0],[1998,0],[1742,0],]]
[1871,12,2,[[1872,0],[1870,0],[1999,0],[1998,0],[1743,0],]]
[1872,19,2,[[1871,0],[1873,0],[2000,0],[1744,0],]]
[1873,7,2,[[1874,0],[1872,0],[2001,0],[2000,0],[1745,0],]]
[1874,18,2,[[1873,0],[1875,0],[2002,0],[1746,0],]]
[1875,11,2,[[1876,0],[1874,0],[2003,0],[2002,0],[1747,0],]]
[1876,16,2,[[1875,0],[1877,0],[2004,0],[1748,0],]]
[1877,19,2,[[1878,0],[1876,0],[2005,0],[2004,0],[1749,0],]]
[1878,15,2,[[1877,0],[1879,0],[2006,0],[1750,0],]]
[1879,1,2,[[1880,0],[1878,0],[2007,0],[2006,0],[1751,0],]]
[1880,7,2,[[1879,0],[1881,0],[2008,0],[1752,0],]]
[1881,11,2,[[1882,0],[1880,0],[2009,0],[2008,0],[1753,0],]]
[1882,16,2,[[1881,0],[1883,0],[2010,0],[1754,0],]]
[1883,4,2,[[1884,0],[1882,0],[2011,0],[2010,0],[1755,0],]]
[1884,4,2,[[1883,0],[1885,0],[2012,0],[1756,0],]]
[1885,13,2,[[1886,0],[1884,0],[2013,0],[2012,0],[1757,0],]]
[1886,10,2,[[1885,0],[1887,0],[2014,0],[1758,0],]]
[1887,18,2,[[1888,0],[1886,0],[2015,0],[2014,0],[1759,0],]]
[1888,2,3,[[1887,0],[1889,0],[2016,0],[1760,0],]]
[1889,7,3,[[1890,0],[1888,0],[2017,0],[2016,0],[1761,0],]]
[1890,5,3,[[1889,0],[1891,0],[2018,0],[1762,0],]]
[1891,13,3,[[1892,0],[1890,0],[2019,0],[2018,0],[1763,0],]]
[1892,16,3,[[1891,0],[1893,0],[2020,0],[1764,0],]]
[1893,17,3,[[1894,0],[1892,0],[2021,0],[2020,0],[1765,0],]]
[1894,6,3,[[1893,0],[1895,0],[2022,0],[1766,0],]]
[1895,3,3,[[1896,0],[1894,0],[2023,0],[2022,0],[1767,0],]]
[1896,3,3,[[1895,0],[1897,0],[2024,0],[1768,0],]]
[1897,10,3,[[1898,0],[1896,0],[2025,0],[2024,0],[1769,0],]]
[1898,6,3,[[1897,0],[1899,0],[2026,0],[1770,0],]]
[1899,7,3,[[1900,0],[1898,0],[2027,0],[2026,0],[1771,0],]]
[1900,13,3,[[1899,0],[1901,0],[2028,0],[1772,0],]]
[1901,8,3,[[1902,0],[1900,0],[2029,0],[2028,0],[1773,0],]]
[1902,15,3,[[1901,0],[1903,0],[2030,0],[1774,0],]]
[1903,19,3,[[1904,0],[1902,0],[2031,0],[2030,0],[1775,0],]]
[1904,12,3,[[1903,0],[1905,0],[2032,0],[1776,0],]]
[1905,2,3,[[1906,0],[1904,0],[2033,0],[2032,0],[1777,0],]]
[1906,10,3,[[1905,0],[1907,0],[2034,0],[1778,0],]]
[1907,8,3,[[1908,0],[1906,0],[2035,0],[2034,0],[1779,0],]]
[1908,5,3,[[1907,0],[1909,0],[2036,0],[1780,0],]]
[1909,6,3,[[1910,0],[1908,0],[2037,0],[2036,0],[1781,0],]]
[1910,1,3,[[1909,0],[1911,0],[2038,0],[1782,0],]]
[1911,12,3,[[1912,0],[1910,0],[2039,0],[2038,0],[1783,0],]]
[1912,9,3,[[1911,0],[1913,0],[2040,0],[1784,0],]]
[1913,13,3,[[1914,0],[1912,0],[2041,0],[2040,0],[1785,0],]]
[1914,18,3,[[1913,0],[1915,0],[2042,0],[1786,0],]]
[1915,8,3,[[1916,0],[1914,0],[2043,0],[2042,0],[1787,0],]]
[1916,11,3,[[1915,0],[1917,0],[2044,0],[1788,0],]]
[1917,4,3,[[1918,0],[1916,0],[2045,0],[2044,0],[1789,0],]]
[1918,9,3,[[1917,0],[1919,0],[2046,0],[1790,0],]]
[1919,10,3,[[1918,0],[2047,0],[2046,0],[1791,0],]]
[1920,7,0,[[1921,0],[1792,0],[1793,0],[2048,0],]]
[1921,8,0,[[1922,0],[1920,0],[1793,0],[2049,0],]]
[1922,11,0,[[1921,0],[1923,0],[1794,0],[1795,0],[2050,0],]]
[1923,7,0,[[1924,0],[1922,0],[1795,0],[2051,0],]]
[1924,5,0,[[1923,0],[1925,0],[1796,0],[1797,0],[2052,0],]]
[1925,14,0,[[1926,0],[1924,0],[1797,0],[2053,0],]]
[1926,4,0,[[1925,0],[1927,0],[1798,0],[1799,0],[2054,0],]]
[1927,9,0,[[1928,0],[1926,0],[1799,0],[2055,0],]]
[1928,3,0,[[1927,0],[1929,0],[1800,0],[1801,0],[2056,0],]]
[1929,1,0,[[1930,0],[1928,0],[1801,0],[2057,0],]]
[1930,10,0,[[1929,0],[1931,0],[1802,0],[1803,0],[2058,0],]]
[1931,16,0,[[1932,0],[1930,0],[1803,0],[2059,0],]]
[1932,18,0,[[1931,0],[1933,0],[1804,0],[1805,0],[2060,0],]]
[1933,8,0,[[1934,0],[1932,0],[1805,0],[2061,0],]]
[1934,12,0,[[1933,0],[1935,0],[1806,0],[1807,0],[2062,0],]]
[1935,18,0,[[1936,0],[1934,0],[1807,0],[2063,0],]]
[1936,9,0,[[1935,0],[1937,0],[1808,0],[1809,0],[2064,0],]]
[1937,14,0,[[1938,0],[1936,0],[1809,0],[2065,0],]]
[1938,3,0,[[1937,0],[1939,0],[1810,0],[1811,0],[2066,0],]]
[1939,4,0,[[1940,0],[1938,0],[1811,0],[2067,0],]]
[1940,10,0,[[1939,0],[1941,0],[1812,0],[1813,0],[2068,0],]]
[1941,6,0,[[1942,0],[1940,0],[1813,0],[2069,0],]]
[1942,14,0,[[1941,0],[1943,0],[1814,0],[1815,0],[2070,0],]]
[1943,18,0,[[1944,0],[1942,0],[1815,0],[2071,0],]]
[1944,8,0,[[1943,0],[1945,0],[1816,0],[1817,0],[2072,0],]]
[1945,11,0,[[1946,0],[1944,0],[1817,0],[2073,0],]]
[1946,4,0,[[1945,0],[1947,0],[1818,0],[1819,0],[2074,0],]]
[1947,2,0,[[1948,0],[1946,0],[1819,0],[2075,0],]]
[1948,5,0,[[1947,0],[1949,0],[1820,0],[1821,0],[2076,0],]]
[1949,13,0,[[1950,0],[1948,0],[1821,0],[2077,0],]]
[1950,19,0,[[1949,0],[1951,0],[1822,0],[1823,0],[2078,0],]]
[1951,8,0,[[1952,0],[1950,0],[1823,0],[2079,0],]]
[1952,9,1,[[1951,0],[1953,0],[1824,0],[1825,0],[2080,0],]]
[1953,2,1,[[1954,0],[1952,0],[1825,0],[2081,0],]]
[1954,3,1,[[1953,0],[1955,0],[1826,0],[1827,0],[2082,0],]]
[1955,6,1,[[1956,0],[1954,0],[1827,0],[2083,0],]]
[1956,14,1,[[1955,0],[1957,0],[1828,0],[1829,0],[2084,0],]]
[1957,1,1,[[1958,0],[1956,0],[1829,0],[2085,0],]]
[1958,16,1,[[1957,0],[1959,0],[1830,0],[1831,0],[2086,0],]]
[1959,8,1,[[1960,0],[1958,0],[1831,0],[2087,0],]]
[1960,11,1,[[1959,0],[1961,0],[1832,0],[1833,0],[2088,0],]]
[1961,16,1,[[1962,0],[1960,0],[1833,0],[2089,0],]]
[1962,14,1,[[1961,0],[1963,0],[1834,0],[1835,0],[2090,0],]]
[1963,11,1,[[1964,0],[1962,0],[1835,0],[2091,0],]]
[1964,12,1,[[1963,0],[1965,0],[1836,0],[1837,0],[2092,0],]]
[1965,18,1,[[1966,0],[1964,0],[1837,0],[2093,0],]]
