[3604,19,0,[[3603,0],[3605,0],[3732,0],[3476,0],]]
[3605,4,0,[[3606,0],[3604,0],[3733,0],[3732,0],[3477,0],]]
[3606,16,0,[[3605,0],[3607,0],[3734,0],[3478,0],]]
[3607,1,0,[[3608,0],[3606,0],[3735,0],[3734,0],[3479,0],]]
[3608,17,0,[[3607,0],[3609,0],[3736,0],[3480,0],]]
[3609,2,0,[[3610,0],[3608,0],[3737,0],[3736,0],[3481,0],]]
[3610,5,0,[[3609,0],[3611,0],[3738,0],[3482,0],]]
[3611,11,0,[[3612,0],[3610,0],[3739,0],[3738,0],[3483,0],]]
[3612,13,0,[[3611,0],[3613,0],[3740,0],[3484,0],]]
[3613,17,0,[[3614,0],[3612,0],[3741,0],[3740,0],[3485,0],]]
[3614,6,0,[[3613,0],[3615,0],[3742,0],[3486,0],]]
[3615,9,0,[[3616,0],[3614,0],[3743,0],[3742,0],[3487,0],]]
[3616,6,1,[[3615,0],[3617,0],[3744,0],[3488,0],]]
[3617,11,1,[[3618,0],[3616,0],[3745,0],[3744,0],[3489,0],]]
[3618,2,1,[[3617,0],[3619,0],[3746,0],[3490,0],]]
[3619,7,1,[[3620,0],[3618,0],[3747,0],[3746,0],[3491,0],]]
[3620,9,1,[[3619,0],[3621,0],[3748,0],[3492,0],]]
[3621,11,1,[[3622,0],[3620,0],[3749,0],[3748,0],[3493,0],]]
[3622,3,1,[[3621,0],[3623,0],[3750,0],[3494,0],]]
[3623,11,1,[[3624,0],[3622,0],[3751,0],[3750,0],[3495,0],]]
[3624,14,1,[[3623,0],[3625,0],[3752,0],[3496,0],]]
[3625,9,1,[[3626,0],[3624,0],[3753,0],[3752,0],[3497,0],]]
[3626,6,1,[[3625,0],[3627,0],[3754,0],[3498,0],]]
[3627,14,1,[[3628,0],[3626,0],[3755,0],[3754,0],[3499,0],]]
[3628,14,1,[[3627,0],[3629,0],[3756,0],[3500,0],]]
[3629,2,1,[[3630,0],[3628,0],[3757,0],[3756,0],[3501,0],]]
[3630,7,1,[[3629,0],[3631,0],[3758,0],[3502,0],]]
[3631,5,1,[[3632,0],[3630,0],[3759,0],[3758,0],[3503,0],]]
[3632,2,1,[[3631,0],[3633,0],[3760,0],[3504,0],]]
[3633,18,1,[[3634,0],[3632,0],[3761,0],[3760,0],[3505,0],]]
[3634,3,1,[[3633,0],[3635,0],[3762,0],[3506,0],]]
[3635,12,1,[[3636,0],[3634,0],[3763,0],[3762,0],[3507,0],]]
[3636,4,1,[[3635,0],[3637,0],[3764,0],[3508,0],]]
[3637,3,1,[[3638,0],[3636,0],[3765,0],[3764,0],[3509,0],]]
[3638,16,1,[[3637,0],[3639,0],[3766,0],[3510,0],]]
[3639,2,1,[[3640,0],[3638,0],[3767,0],[3766,0],[3511,0],]]
[3640,9,1,[[3639,0],[3641,0],[3768,0],[3512,0],]]
[3641,18,1,[[3642,0],[3640,0],[3769,0],[3768,0],[3513,0],]]
[3642,3,1,[[3641,0],[3643,0],[3770,0],[3514,0],]]
[3643,16,1,[[3644,0],[3642,0],[3771,0],[3770,0],[3515,0],]]
[3644,12,1,[[3643,0],[3645,0],[3772,0],[3516,0],]]
[3645,10,1,[[3646,0],[3644,0],[3773,0],[3772,0],[3517,0],]]
[3646,5,1,[[3645,0],[3647,0],[3774,0],[3518,0],]]
[3647,7,1,[[3648,0],[3646,0],[3775,0],[3774,0],[3519,0],]]
[3648,14,2,[[3647,0],[3649,0],[3776,0],[3520,0],]]
[3649,11,2,[[3650,0],[3648,0],[3777,0],[3776,0],[3521,0],]]
[3650,14,2,[[3649,0],[3651,0],[3778,0],[3522,0],]]
[3651,12,2,[[3652,0],[3650,0],[3779,0],[3778,0],[3523,0],]]
[3652,4,2,[[3651,0],[3653,0],[3780,0],[3524,0],]]
[3653,13,2,[[3654,0],[3652,0],[3781,0],[3780,0],[3525,0],]]
[3654,6,2,[[3653,0],[3655,0],[3782,0],[3526,0],]]
[3655,12,2,[[3656,0],[3654,0],[3783,0],[3782,0],[3527,0],]]
[3656,15,2,[[3655,0],[3657,0],[3784,0],[3528,0],]]
[3657,17,2,[[3658,0],[3656,0],[3785,0],[3784,0],[3529,0],]]
[3658,5,2,[[3657,0],[3659,0],[3786,0],[3530,0],]]
[3659,4,2,[[3660,0],[3658,0],[3787,0],[3786,0],[3531,0],]]
[3660,17,2,[[3659,0],[3661,0],[3788,0],[3532,0],]]
[3661,5,2,[[3662,0],[3660,0],[3789,0],[3788,0],[3533,0],]]
[3662,3,2,[[3661,0],[3663,0],[3790,0],[3534,0],]]
[3663,5,2,[[3664,0],[3662,0],[3791,0],[3790,0],[3535,0],]]
[3664,6,2,[[3663,0],[3665,0],[3792,0],[3536,0],]]
[3665,6,2,[[3666,0],[3664,0],[3793,0],[3792,0],[3537,0],]]
[3666,18,2,[[3665,0],[3667,0],[3794,0],[3538,0],]]
[3667,13,2,[[3668,0],[3666,0],[3795,0],[3794,0],[3539,0],]]
[3668,12,2,[[3667,0],[3669,0],[3796,0],[3540,0],]]
[3669,7,2,[[3670,0],[3668,0],[3797,0],[3796,0],[3541,0],]]
[3670,11,2,[[3669,0],[3671,0],[3798,0],[3542,0],]]
[3671,13,2,[[3672,0],[3670,0],[3799,0],[3798,0],[3543,0],]]
[3672,12,2,[[3671,0],[3673,0],[3800,0],[3544,0],]]
[3673,12,2,[[3674,0],[3672,0],[3801,0],[3800,0],[3545,0],]]
[3674,4,2,[[3673,0],[3675,0],[3802,0],[3546,0],]]
[3675,3,2,[[3676,0],[3674,0],[3803,0],[3802,0],[3547,0],]]
[3676,4,2,[[3675,0],[3677,0],[3804,0],[3548,0],]]
[3677,19,2,[[3678,0],[3676,0],[3805,0],[3804,0],[3549,0],]]
[3678,3,2,[[3677,0],[3679,0],[3806,0],[3550,0],]]
[3679,15,2,[[3680,0],[3678,0],[3807,0],[3806,0],[3551,0],]]
[3680,4,3,[[3679,0],[3681,0],[3808,0],[3552,0],]]
[3681,7,3,[[3682,0],[3680,0],[3809,0],[3808,0],[3553,0],]]
[3682,2,3,[[3681,0],[3683,0],[3810,0],[3554,0],]]
[3683,4,3,[[3684,0],[3682,0],[3811,0],[3810,0],[3555,0],]]
[3684,11,3,[[3683,0],[3685,0],[3812,0],[3556,0],]]
[3685,19,3,[[3686,0],[3684,0],[3813,0],[3812,0],[3557,0],]]
[3686,16,3,[[3685,0],[3687,0],[3814,0],[3558,0],]]
[3687,2,3,[[3688,0],[3686,0],[3815,0],[3814,0],[3559,0],]]
[3688,13,3,[[3687,0],[3689,0],[3816,0],[3560,0],]]
[3689,8,3,[[3690,0],[3688,0],[3817,0],[3816,0],[3561,0],]]
[3690,4,3,[[3689,0],[3691,0],[3818,0],[3562,0],]]
[3691,14,3,[[3692,0],[3690,0],[3819,0],[3818,0],[3563,0],]]
[3692,19,3,[[3691,0],[3693,0],[3820,0],[3564,0],]]
[3693,5,3,[[3694,0],[3692,0],[3821,0],[3820,0],[3565,0],]]
[3694,18,3,[[3693,0],[3695,0],[3822,0],[3566,0],]]
[3695,11,3,[[3696,0],[3694,0],[3823,0],[3822,0],[3567,0],]]
[3696,16,3,[[3695,0],[3697,0],[3824,0],[3568,0],]]
[3697,4,3,[[3698,0],[3696,0],[3825,0],[3824,0],[3569,0],]]
[3698,3,3,[[3697,0],[3699,0],[3826,0],[3570,0],]]
[3699,17,3,[[3700,0],[3698,0],[3827,0],[3826,0],[3571,0],]]
[3700,12,3,[[3699,0],[3701,0],[3828,0],[3572,0],]]
[3701,18,3,[[3702,0],[3700,0],[3829,0],[3828,0],[3573,0],]]
[3702,15,3,[[3701,0],[3703,0],[3830,0],[3574,0],]]
[3703,8,3,[[3704,0],[3702,0],[3831,0],[3830,0],[3575,0],]]
[3704,3,3,[[3703,0],[3705,0],[3832,0],[3576,0],]]
[3705,19,3,[[3706,0],[3704,0],[3833,0],[3832,0],[3577,0],]]
[3706,13,3,[[3705,0],[3707,0],[3834,0],[3578,0],]]
[3707,3,3,[[3708,0],[3706,0],[3835,0],[3834,0],[3579,0],]]
[3708,5,3,[[3707,0],[3709,0],[3836,0],[3580,0],]]
[3709,8,3,[[3710,0],[3708,0],[3837,0],[3836,0],[3581,0],]]
[3710,16,3,[[3709,0],[3711,0],[3838,0],[3582,0],]]
[3711,8,3,[[3710,0],[3839,0],[3838,0],[3583,0],]]
[3712,16,0,[[3713,0],[3584,0],[3585,0],[3840,0],]]
[3713,2,0,[[3714,0],[3712,0],[3585,0],[3841,0],]]
[3714,8,0,[[3713,0],[3715,0],[3586,0],[3587,0],[3842,0],]]
[3715,17,0,[[3716,0],[3714,0],[3587,0],[3843,0],]]
[3716,12,0,[[3715,0],[3717,0],[3588,0],[3589,0],[3844,0],]]
[3717,5,0,[[3718,0],[3716,0],[3589,0],[3845,0],]]
[3718,7,0,[[3717,0],[3719,0],[3590,0],[3591,0],[3846,0],]]
[3719,19,0,[[3720,0],[3718,0],[3591,0],[3847,0],]]
[3720,6,0,[[3719,0],[3721,0],[3592,0],[3593,0],[3848,0],]]
[3721,2,0,[[3722,0],[3720,0],[3593,0],[3849,0],]]
[3722,2,0,[[3721,0],[3723,0],[3594,0],[3595,0],[3850,0],]]
[3723,9,0,[[3724,0],[3722,0],[3595,0],[3851,0],]]
[3724,5,0,[[3723,0],[3725,0],[3596,0],[3597,0],[3852,0],]]
[3725,11,0,[[3726,0],[3724,0],[3597,0],[3853,0],]]
[3726,12,0,[[3725,0],[3727,0],[3598,0],[3599,0],[3854,0],]]
[3727,4,0,[[3728,0],[3726,0],[3599,0],[3855,0],]]
[3728,14,0,[[3727,0],[3729,0],[3600,0],[3601,0],[3856,0],]]
[3729,19,0,[[3730,0],[3728,0],[3601,0],[3857,0],]]
[3730,4,0,[[3729,0],[3731,0],[3602,0],[3603,0],[3858,0],]]
[3731,11,0,[[3732,0],[3730,0],[3603,0],[3859,0],]]
[3732,5,0,[[3731,0],[3733,0],[3604,0],[3605,0],[3860,0],]]
[3733,12,0,[[3734,0],[3732,0],[3605,0],[3861,0],]]
[3734,13,0,[[3733,0],[3735,0],[3606,0],[3607,0],[3862,0],]]
[3735,11,0,[[3736,0],[3734,0],[3607,0],[3863,0],]]
[3736,14,0,[[3735,0],[3737,0],[3608,0],[3609,0],[3864,0],]]
[3737,18,0,[[3738,0],[3736,0],[3609,0],[3865,0],]]
[3738,7,0,[[3737,0],[3739,0],[3610,0],[3611,0],[3866,0],]]
[3739,3,0,[[3740,0],[3738,0],[3611,0],[3867,0],]]
[3740,8,0,[[3739,0],[3741,0],[3612,0],[3613,0],[3868,0],]]
[3741,3,0,[[3742,0],[3740,0],[3613,0],[3869,0],]]
[3742,4,0,[[3741,0],[3743,0],[3614,0],[3615,0],[3870,0],]]
[3743,17,0,[[3744,0],[3742,0],[3615,0],[3871,0],]]
[3744,9,1,[[3743,0],[3745,0],[3616,0],[3617,0],[3872,0],]]
[3745,5,1,[[3746,0],[3744,0],[3617,0],[3873,0],]]
[3746,1,1,[[3745,0],[3747,0],[3618,0],[3619,0],[3874,0],]]
[3747,7,1,[[3748,0],[3746,0],[3619,0],[3875,0],]]
[3748,9,1,[[3747,0],[3749,0],[3620,0],[3621,0],[3876,0],]]
[3749,17,1,[[3750,0],[3748,0],[3621,0],[3877,0],]]
[3750,6,1,[[3749,0],[3751,0],[3622,0],[3623,0],[3878,0],]]
[3751,19,1,[[3752,0],[3750,0],[3623,0],[3879,0],]]
[3752,3,1,[[3751,0],[3753,0],[3624,0],[3625,0],[3880,0],]]
[3753,5,1,[[3754,0],[3752,0],[3625,0],[3881,0],]]
[3754,1,1,[[3753,0],[3755,0],[3626,0],[3627,0],[3882,0],]]
[3755,13,1,[[3756,0],[3754,0],[3627,0],[3883,0],]]
[3756,16,1,[[3755,0],[3757,0],[3628,0],[3629,0],[3884,0],]]
[3757,1,1,[[3758,0],[3756,0],[3629,0],[3885,0],]]
[3758,5,1,[[3757,0],[3759,0],[3630,0],[3631,0],[3886,0],]]
[3759,12,1,[[3760,0],[3758,0],[3631,0],[3887,0],]]
[3760,16,1,[[3759,0],[3761,0],[3632,0],[3633,0],[3888,0],]]
[3761,3,1,[[3762,0],[3760,0],[3633,0],[3889,0],]]
[3762,2,1,[[3761,0],[3763,0],[3634,0],[3635,0],[3890,0],]]
[3763,13,1,[[3764,0],[3762,0],[3635,0],[3891,0],]]
[3764,15,1,[[3763,0],[3765,0],[3636,0],[3637,0],[3892,0],]]
[3765,3,1,[[3766,0],[3764,0],[3637,0],[3893,0],]]
[3766,19,1,[[3765,0],[3767,0],[3638,0],[3639,0],[3894,0],]]
[3767,17,1,[[3768,0],[3766,0],[3639,0],[3895,0],]]
