[3440,15,3,[[3439,0],[3441,0],[3568,0],[3312,0],]]
[3441,1,3,[[3442,0],[3440,0],[3569,0],[3568,0],[3313,0],]]
[3442,2,3,[[3441,0],[3443,0],[3570,0],[3314,0],]]
[3443,10,3,[[3444,0],[3442,0],[3571,0],[3570,0],[3315,0],]]
[3444,3,3,[[3443,0],[3445,0],[3572,0],[3316,0],]]
[3445,16,3,[[3446,0],[3444,0],[3573,0],[3572,0],[3317,0],]]
[3446,1,3,[[3445,0],[3447,0],[3574,0],[3318,0],]]
[3447,18,3,[[3448,0],[3446,0],[3575,0],[3574,0],[3319,0],]]
[3448,4,3,[[3447,0],[3449,0],[3576,0],[3320,0],]]
[3449,11,3,[[3450,0],[3448,0],[3577,0],[3576,0],[3321,0],]]
[3450,4,3,[[3449,0],[3451,0],[3578,0],[3322,0],]]
[3451,18,3,[[3452,0],[3450,0],[3579,0],[3578,0],[3323,0],]]
[3452,17,3,[[3451,0],[3453,0],[3580,0],[3324,0],]]
[3453,4,3,[[3454,0],[3452,0],[3581,0],[3580,0],[3325,0],]]
[3454,14,3,[[3453,0],[3455,0],[3582,0],[3326,0],]]
[3455,7,3,[[3454,0],[3583,0],[3582,0],[3327,0],]]
[3456,18,0,[[3457,0],[3328,0],[3329,0],[3584,0],]]
[3457,12,0,[[3458,0],[3456,0],[3329,0],[3585,0],]]
[3458,17,0,[[3457,0],[3459,0],[3330,0],[3331,0],[3586,0],]]
[3459,9,0,[[3460,0],[3458,0],[3331,0],[3587,0],]]
[3460,12,0,[[3459,0],[3461,0],[3332,0],[3333,0],[3588,0],]]
[3461,8,0,[[3462,0],[3460,0],[3333,0],[3589,0],]]
[3462,16,0,[[3461,0],[3463,0],[3334,0],[3335,0],[3590,0],]]
[3463,10,0,[[3464,0],[3462,0],[3335,0],[3591,0],]]
[3464,7,0,[[3463,0],[3465,0],[3336,0],[3337,0],[3592,0],]]
[3465,11,0,[[3466,0],[3464,0],[3337,0],[3593,0],]]
[3466,8,0,[[3465,0],[3467,0],[3338,0],[3339,0],[3594,0],]]
[3467,16,0,[[3468,0],[3466,0],[3339,0],[3595,0],]]
[3468,13,0,[[3467,0],[3469,0],[3340,0],[3341,0],[3596,0],]]
[3469,3,0,[[3470,0],[3468,0],[3341,0],[3597,0],]]
[3470,14,0,[[3469,0],[3471,0],[3342,0],[3343,0],[3598,0],]]
[3471,7,0,[[3472,0],[3470,0],[3343,0],[3599,0],]]
[3472,6,0,[[3471,0],[3473,0],[3344,0],[3345,0],[3600,0],]]
[3473,11,0,[[3474,0],[3472,0],[3345,0],[3601,0],]]
[3474,1,0,[[3473,0],[3475,0],[3346,0],[3347,0],[3602,0],]]
[3475,14,0,[[3476,0],[3474,0],[3347,0],[3603,0],]]
[3476,11,0,[[3475,0],[3477,0],[3348,0],[3349,0],[3604,0],]]
[3477,3,0,[[3478,0],[3476,0],[3349,0],[3605,0],]]
[3478,9,0,[[3477,0],[3479,0],[3350,0],[3351,0],[3606,0],]]
[3479,19,0,[[3480,0],[3478,0],[3351,0],[3607,0],]]
[3480,2,0,[[3479,0],[3481,0],[3352,0],[3353,0],[3608,0],]]
[3481,1,0,[[3482,0],[3480,0],[3353,0],[3609,0],]]
[3482,12,0,[[3481,0],[3483,0],[3354,0],[3355,0],[3610,0],]]
[3483,12,0,[[3484,0],[3482,0],[3355,0],[3611,0],]]
[3484,13,0,[[3483,0],[3485,0],[3356,0],[3357,0],[3612,0],]]
[3485,9,0,[[3486,0],[3484,0],[3357,0],[3613,0],]]
[3486,5,0,[[3485,0],[3487,0],[3358,0],[3359,0],[3614,0],]]
[3487,3,0,[[3488,0],[3486,0],[3359,0],[3615,0],]]
[3488,17,1,[[3487,0],[3489,0],[3360,0],[3361,0],[3616,0],]]
[3489,7,1,[[3490,0],[3488,0],[3361,0],[3617,0],]]
[3490,6,1,[[3489,0],[3491,0],[3362,0],[3363,0],[3618,0],]]
[3491,13,1,[[3492,0],[3490,0],[3363,0],[3619,0],]]
[3492,14,1,[[3491,0],[3493,0],[3364,0],[3365,0],[3620,0],]]
[3493,7,1,[[3494,0],[3492,0],[3365,0],[3621,0],]]
[3494,19,1,[[3493,0],[3495,0],[3366,0],[3367,0],[3622,0],]]
[3495,4,1,[[3496,0],[3494,0],[3367,0],[3623,0],]]
[3496,12,1,[[3495,0],[3497,0],[3368,0],[3369,0],[3624,0],]]
[3497,8,1,[[3498,0],[3496,0],[3369,0],[3625,0],]]
[3498,15,1,[[3497,0],[3499,0],[3370,0],[3371,0],[3626,0],]]
[3499,14,1,[[3500,0],[3498,0],[3371,0],[3627,0],]]
[3500,1,1,[[3499,0],[3501,0],[3372,0],[3373,0],[3628,0],]]
[3501,17,1,[[3502,0],[3500,0],[3373,0],[3629,0],]]
[3502,10,1,[[3501,0],[3503,0],[3374,0],[3375,0],[3630,0],]]
[3503,8,1,[[3504,0],[3502,0],[3375,0],[3631,0],]]
[3504,7,1,[[3503,0],[3505,0],[3376,0],[3377,0],[3632,0],]]
[3505,6,1,[[3506,0],[3504,0],[3377,0],[3633,0],]]
[3506,16,1,[[3505,0],[3507,0],[3378,0],[3379,0],[3634,0],]]
[3507,9,1,[[3508,0],[3506,0],[3379,0],[3635,0],]]
[3508,11,1,[[3507,0],[3509,0],[3380,0],[3381,0],[3636,0],]]
[3509,2,1,[[3510,0],[3508,0],[3381,0],[3637,0],]]
[3510,7,1,[[3509,0],[3511,0],[3382,0],[3383,0],[3638,0],]]
[3511,3,1,[[3512,0],[3510,0],[3383,0],[3639,0],]]
[3512,9,1,[[3511,0],[3513,0],[3384,0],[3385,0],[3640,0],]]
[3513,6,1,[[3514,0],[3512,0],[3385,0],[3641,0],]]
[3514,17,1,[[3513,0],[3515,0],[3386,0],[3387,0],[3642,0],]]
[3515,3,1,[[3516,0],[3514,0],[3387,0],[3643,0],]]
[3516,17,1,[[3515,0],[3517,0],[3388,0],[3389,0],[3644,0],]]
[3517,11,1,[[3518,0],[3516,0],[3389,0],[3645,0],]]
[3518,7,1,[[3517,0],[3519,0],[3390,0],[3391,0],[3646,0],]]
[3519,13,1,[[3520,0],[3518,0],[3391,0],[3647,0],]]
[3520,7,2,[[3519,0],[3521,0],[3392,0],[3393,0],[3648,0],]]
[3521,5,2,[[3522,0],[3520,0],[3393,0],[3649,0],]]
[3522,18,2,[[3521,0],[3523,0],[3394,0],[3395,0],[3650,0],]]
[3523,19,2,[[3524,0],[3522,0],[3395,0],[3651,0],]]
[3524,4,2,[[3523,0],[3525,0],[3396,0],[3397,0],[3652,0],]]
[3525,3,2,[[3526,0],[3524,0],[3397,0],[3653,0],]]
[3526,4,2,[[3525,0],[3527,0],[3398,0],[3399,0],[3654,0],]]
[3527,18,2,[[3528,0],[3526,0],[3399,0],[3655,0],]]
[3528,3,2,[[3527,0],[3529,0],[3400,0],[3401,0],[3656,0],]]
[3529,16,2,[[3530,0],[3528,0],[3401,0],[3657,0],]]
[3530,18,2,[[3529,0],[3531,0],[3402,0],[3403,0],[3658,0],]]
[3531,13,2,[[3532,0],[3530,0],[3403,0],[3659,0],]]
[3532,4,2,[[3531,0],[3533,0],[3404,0],[3405,0],[3660,0],]]
[3533,7,2,[[3534,0],[3532,0],[3405,0],[3661,0],]]
[3534,16,2,[[3533,0],[3535,0],[3406,0],[3407,0],[3662,0],]]
[3535,12,2,[[3536,0],[3534,0],[3407,0],[3663,0],]]
[3536,14,2,[[3535,0],[3537,0],[3408,0],[3409,0],[3664,0],]]
[3537,19,2,[[3538,0],[3536,0],[3409,0],[3665,0],]]
[3538,1,2,[[3537,0],[3539,0],[3410,0],[3411,0],[3666,0],]]
[3539,2,2,[[3540,0],[3538,0],[3411,0],[3667,0],]]
[3540,9,2,[[3539,0],[3541,0],[3412,0],[3413,0],[3668,0],]]
[3541,2,2,[[3542,0],[3540,0],[3413,0],[3669,0],]]
[3542,5,2,[[3541,0],[3543,0],[3414,0],[3415,0],[3670,0],]]
[3543,7,2,[[3544,0],[3542,0],[3415,0],[3671,0],]]
[3544,12,2,[[3543,0],[3545,0],[3416,0],[3417,0],[3672,0],]]
[3545,3,2,[[3546,0],[3544,0],[3417,0],[3673,0],]]
[3546,12,2,[[3545,0],[3547,0],[3418,0],[3419,0],[3674,0],]]
[3547,11,2,[[3548,0],[3546,0],[3419,0],[3675,0],]]
[3548,13,2,[[3547,0],[3549,0],[3420,0],[3421,0],[3676,0],]]
[3549,9,2,[[3550,0],[3548,0],[3421,0],[3677,0],]]
[3550,9,2,[[3549,0],[3551,0],[3422,0],[3423,0],[3678,0],]]
[3551,17,2,[[3552,0],[3550,0],[3423,0],[3679,0],]]
[3552,8,3,[[3551,0],[3553,0],[3424,0],[3425,0],[3680,0],]]
[3553,18,3,[[3554,0],[3552,0],[3425,0],[3681,0],]]
[3554,1,3,[[3553,0],[3555,0],[3426,0],[3427,0],[3682,0],]]
[3555,16,3,[[3556,0],[3554,0],[3427,0],[3683,0],]]
[3556,8,3,[[3555,0],[3557,0],[3428,0],[3429,0],[3684,0],]]
[3557,1,3,[[3558,0],[3556,0],[3429,0],[3685,0],]]
[3558,6,3,[[3557,0],[3559,0],[3430,0],[3431,0],[3686,0],]]
[3559,1,3,[[3560,0],[3558,0],[3431,0],[3687,0],]]
[3560,10,3,[[3559,0],[3561,0],[3432,0],[3433,0],[3688,0],]]
[3561,8,3,[[3562,0],[3560,0],[3433,0],[3689,0],]]
[3562,10,3,[[3561,0],[3563,0],[3434,0],[3435,0],[3690,0],]]
[3563,13,3,[[3564,0],[3562,0],[3435,0],[3691,0],]]
[3564,17,3,[[3563,0],[3565,0],[3436,0],[3437,0],[3692,0],]]
[3565,11,3,[[3566,0],[3564,0],[3437,0],[3693,0],]]
[3566,1,3,[[3565,0],[3567,0],[3438,0],[3439,0],[3694,0],]]
[3567,1,3,[[3568,0],[3566,0],[3439,0],[3695,0],]]
[3568,9,3,[[3567,0],[3569,0],[3440,0],[3441,0],[3696,0],]]
[3569,3,3,[[3570,0],[3568,0],[3441,0],[3697,0],]]
[3570,8,3,[[3569,0],[3571,0],[3442,0],[3443,0],[3698,0],]]
[3571,10,3,[[3572,0],[3570,0],[3443,0],[3699,0],]]
[3572,1,3,[[3571,0],[3573,0],[3444,0],[3445,0],[3700,0],]]
[3573,6,3,[[3574,0],[3572,0],[3445,0],[3701,0],]]
[3574,15,3,[[3573,0],[3575,0],[3446,0],[3447,0],[3702,0],]]
[3575,11,3,[[3576,0],[3574,0],[3447,0],[3703,0],]]
[3576,11,3,[[3575,0],[3577,0],[3448,0],[3449,0],[3704,0],]]
[3577,2,3,[[3578,0],[3576,0],[3449,0],[3705,0],]]
[3578,10,3,[[3577,0],[3579,0],[3450,0],[3451,0],[3706,0],]]
[3579,8,3,[[3580,0],[3578,0],[3451,0],[3707,0],]]
[3580,10,3,[[3579,0],[3581,0],[3452,0],[3453,0],[3708,0],]]
[3581,4,3,[[3582,0],[3580,0],[3453,0],[3709,0],]]
[3582,9,3,[[3581,0],[3583,0],[3454,0],[3455,0],[3710,0],]]
[3583,18,3,[[3582,0],[3455,0],[3711,0],]]
[3584,14,0,[[3585,0],[3712,0],[3456,0],]]
[3585,11,0,[[3586,0],[3584,0],[3713,0],[3712,0],[3457,0],]]
[3586,19,0,[[3585,0],[3587,0],[3714,0],[3458,0],]]
[3587,17,0,[[3588,0],[3586,0],[3715,0],[3714,0],[3459,0],]]
[3588,4,0,[[3587,0],[3589,0],[3716,0],[3460,0],]]
[3589,12,0,[[3590,0],[3588,0],[3717,0],[3716,0],[3461,0],]]
[3590,9,0,[[3589,0],[3591,0],[3718,0],[3462,0],]]
[3591,3,0,[[3592,0],[3590,0],[3719,0],[3718,0],[3463,0],]]
[3592,16,0,[[3591,0],[3593,0],[3720,0],[3464,0],]]
[3593,14,0,[[3594,0],[3592,0],[3721,0],[3720,0],[3465,0],]]
[3594,8,0,[[3593,0],[3595,0],[3722,0],[3466,0],]]
[3595,1,0,[[3596,0],[3594,0],[3723,0],[3722,0],[3467,0],]]
[3596,18,0,[[3595,0],[3597,0],[3724,0],[3468,0],]]
[3597,17,0,[[3598,0],[3596,0],[3725,0],[3724,0],[3469,0],]]
[3598,16,0,[[3597,0],[3599,0],[3726,0],[3470,0],]]
[3599,12,0,[[3600,0],[3598,0],[3727,0],[3726,0],[3471,0],]]
[3600,4,0,[[3599,0],[3601,0],[3728,0],[3472,0],]]
[3601,17,0,[[3602,0],[3600,0],[3729,0],[3728,0],[3473,0],]]
[3602,13,0,[[3601,0],[3603,0],[3730,0],[3474,0],]]
[3603,1,0,[[3604,0],[3602,0],[3731,0],[3730,0],[3475,0],]]
