[4423,4,6,[[4424,0],[4422,0],[4551,0],[4550,0],[4295,0],]]
[4424,1,6,[[4423,0],[4425,0],[4552,0],[4296,0],]]
[4425,4,6,[[4426,0],[4424,0],[4553,0],[4552,0],[4297,0],]]
[4426,2,6,[[4425,0],[4427,0],[4554,0],[4298,0],]]
[4427,11,6,[[4428,0],[4426,0],[4555,0],[4554,0],[4299,0],]]
[4428,3,6,[[4427,0],[4429,0],[4556,0],[4300,0],]]
[4429,13,6,[[4430,0],[4428,0],[4557,0],[4556,0],[4301,0],]]
[4430,6,6,[[4429,0],[4431,0],[4558,0],[4302,0],]]
[4431,5,6,[[4432,0],[4430,0],[4559,0],[4558,0],[4303,0],]]
[4432,12,6,[[4431,0],[4433,0],[4560,0],[4304,0],]]
[4433,14,6,[[4434,0],[4432,0],[4561,0],[4560,0],[4305,0],]]
[4434,12,6,[[4433,0],[4435,0],[4562,0],[4306,0],]]
[4435,18,6,[[4436,0],[4434,0],[4563,0],[4562,0],[4307,0],]]
[4436,8,6,[[4435,0],[4437,0],[4564,0],[4308,0],]]
[4437,3,6,[[4438,0],[4436,0],[4565,0],[4564,0],[4309,0],]]
[4438,13,6,[[4437,0],[4439,0],[4566,0],[4310,0],]]
[4439,13,6,[[4440,0],[4438,0],[4567,0],[4566,0],[4311,0],]]
[4440,15,6,[[4439,0],[4441,0],[4568,0],[4312,0],]]
[4441,7,6,[[4442,0],[4440,0],[4569,0],[4568,0],[4313,0],]]
[4442,2,6,[[4441,0],[4443,0],[4570,0],[4314,0],]]
[4443,2,6,[[4444,0],[4442,0],[4571,0],[4570,0],[4315,0],]]
[4444,5,6,[[4443,0],[4445,0],[4572,0],[4316,0],]]
[4445,11,6,[[4446,0],[4444,0],[4573,0],[4572,0],[4317,0],]]
[4446,13,6,[[4445,0],[4447,0],[4574,0],[4318,0],]]
[4447,9,6,[[4448,0],[4446,0],[4575,0],[4574,0],[4319,0],]]
[4448,9,7,[[4447,0],[4449,0],[4576,0],[4320,0],]]
[4449,12,7,[[4450,0],[4448,0],[4577,0],[4576,0],[4321,0],]]
[4450,1,7,[[4449,0],[4451,0],[4578,0],[4322,0],]]
[4451,3,7,[[4452,0],[4450,0],[4579,0],[4578,0],[4323,0],]]
[4452,6,7,[[4451,0],[4453,0],[4580,0],[4324,0],]]
[4453,5,7,[[4454,0],[4452,0],[4581,0],[4580,0],[4325,0],]]
[4454,6,7,[[4453,0],[4455,0],[4582,0],[4326,0],]]
[4455,5,7,[[4456,0],[4454,0],[4583,0],[4582,0],[4327,0],]]
[4456,7,7,[[4455,0],[4457,0],[4584,0],[4328,0],]]
[4457,9,7,[[4458,0],[4456,0],[4585,0],[4584,0],[4329,0],]]
[4458,15,7,[[4457,0],[4459,0],[4586,0],[4330,0],]]
[4459,13,7,[[4460,0],[4458,0],[4587,0],[4586,0],[4331,0],]]
[4460,1,7,[[4459,0],[4461,0],[4588,0],[4332,0],]]
[4461,3,7,[[4462,0],[4460,0],[4589,0],[4588,0],[4333,0],]]
[4462,15,7,[[4461,0],[4463,0],[4590,0],[4334,0],]]
[4463,15,7,[[4464,0],[4462,0],[4591,0],[4590,0],[4335,0],]]
[4464,1,7,[[4463,0],[4465,0],[4592,0],[4336,0],]]
[4465,19,7,[[4466,0],[4464,0],[4593,0],[4592,0],[4337,0],]]
[4466,7,7,[[4465,0],[4467,0],[4594,0],[4338,0],]]
[4467,7,7,[[4468,0],[4466,0],[4595,0],[4594,0],[4339,0],]]
[4468,19,7,[[4467,0],[4469,0],[4596,0],[4340,0],]]
[4469,11,7,[[4470,0],[4468,0],[4597,0],[4596,0],[4341,0],]]
[4470,11,7,[[4469,0],[4471,0],[4598,0],[4342,0],]]
[4471,8,7,[[4472,0],[4470,0],[4599,0],[4598,0],[4343,0],]]
[4472,3,7,[[4471,0],[4473,0],[4600,0],[4344,0],]]
[4473,19,7,[[4474,0],[4472,0],[4601,0],[4600,0],[4345,0],]]
[4474,18,7,[[4473,0],[4475,0],[4602,0],[4346,0],]]
[4475,11,7,[[4476,0],[4474,0],[4603,0],[4602,0],[4347,0],]]
[4476,7,7,[[4475,0],[4477,0],[4604,0],[4348,0],]]
[4477,14,7,[[4478,0],[4476,0],[4605,0],[4604,0],[4349,0],]]
[4478,19,7,[[4477,0],[4479,0],[4606,0],[4350,0],]]
[4479,6,7,[[4478,0],[4607,0],[4606,0],[4351,0],]]
[4480,19,4,[[4481,0],[4352,0],[4353,0],[4608,0],]]
[4481,2,4,[[4482,0],[4480,0],[4353,0],[4609,0],]]
[4482,1,4,[[4481,0],[4483,0],[4354,0],[4355,0],[4610,0],]]
[4483,11,4,[[4484,0],[4482,0],[4355,0],[4611,0],]]
[4484,13,4,[[4483,0],[4485,0],[4356,0],[4357,0],[4612,0],]]
[4485,11,4,[[4486,0],[4484,0],[4357,0],[4613,0],]]
[4486,10,4,[[4485,0],[4487,0],[4358,0],[4359,0],[4614,0],]]
[4487,14,4,[[4488,0],[4486,0],[4359,0],[4615,0],]]
[4488,10,4,[[4487,0],[4489,0],[4360,0],[4361,0],[4616,0],]]
[4489,2,4,[[4490,0],[4488,0],[4361,0],[4617,0],]]
[4490,3,4,[[4489,0],[4491,0],[4362,0],[4363,0],[4618,0],]]
[4491,10,4,[[4492,0],[4490,0],[4363,0],[4619,0],]]
[4492,2,4,[[4491,0],[4493,0],[4364,0],[4365,0],[4620,0],]]
[4493,17,4,[[4494,0],[4492,0],[4365,0],[4621,0],]]
[4494,16,4,[[4493,0],[4495,0],[4366,0],[4367,0],[4622,0],]]
[4495,3,4,[[4496,0],[4494,0],[4367,0],[4623,0],]]
[4496,11,4,[[4495,0],[4497,0],[4368,0],[4369,0],[4624,0],]]
[4497,7,4,[[4498,0],[4496,0],[4369,0],[4625,0],]]
[4498,18,4,[[4497,0],[4499,0],[4370,0],[4371,0],[4626,0],]]
[4499,10,4,[[4500,0],[4498,0],[4371,0],[4627,0],]]
[4500,3,4,[[4499,0],[4501,0],[4372,0],[4373,0],[4628,0],]]
[4501,5,4,[[4502,0],[4500,0],[4373,0],[4629,0],]]
[4502,3,4,[[4501,0],[4503,0],[4374,0],[4375,0],[4630,0],]]
[4503,7,4,[[4504,0],[4502,0],[4375,0],[4631,0],]]
[4504,5,4,[[4503,0],[4505,0],[4376,0],[4377,0],[4632,0],]]
[4505,11,4,[[4506,0],[4504,0],[4377,0],[4633,0],]]
[4506,6,4,[[4505,0],[4507,0],[4378,0],[4379,0],[4634,0],]]
[4507,17,4,[[4508,0],[4506,0],[4379,0],[4635,0],]]
[4508,11,4,[[4507,0],[4509,0],[4380,0],[4381,0],[4636,0],]]
[4509,6,4,[[4510,0],[4508,0],[4381,0],[4637,0],]]
[4510,18,4,[[4509,0],[4511,0],[4382,0],[4383,0],[4638,0],]]
[4511,8,4,[[4512,0],[4510,0],[4383,0],[4639,0],]]
[4512,2,5,[[4511,0],[4513,0],[4384,0],[4385,0],[4640,0],]]
[4513,3,5,[[4514,0],[4512,0],[4385,0],[4641,0],]]
[4514,3,5,[[4513,0],[4515,0],[4386,0],[4387,0],[4642,0],]]
[4515,14,5,[[4516,0],[4514,0],[4387,0],[4643,0],]]
[4516,19,5,[[4515,0],[4517,0],[4388,0],[4389,0],[4644,0],]]
[4517,16,5,[[4518,0],[4516,0],[4389,0],[4645,0],]]
[4518,6,5,[[4517,0],[4519,0],[4390,0],[4391,0],[4646,0],]]
[4519,12,5,[[4520,0],[4518,0],[4391,0],[4647,0],]]
[4520,16,5,[[4519,0],[4521,0],[4392,0],[4393,0],[4648,0],]]
[4521,13,5,[[4522,0],[4520,0],[4393,0],[4649,0],]]
[4522,16,5,[[4521,0],[4523,0],[4394,0],[4395,0],[4650,0],]]
[4523,8,5,[[4524,0],[4522,0],[4395,0],[4651,0],]]
[4524,6,5,[[4523,0],[4525,0],[4396,0],[4397,0],[4652,0],]]
[4525,13,5,[[4526,0],[4524,0],[4397,0],[4653,0],]]
[4526,19,5,[[4525,0],[4527,0],[4398,0],[4399,0],[4654,0],]]
[4527,8,5,[[4528,0],[4526,0],[4399,0],[4655,0],]]
[4528,14,5,[[4527,0],[4529,0],[4400,0],[4401,0],[4656,0],]]
[4529,7,5,[[4530,0],[4528,0],[4401,0],[4657,0],]]
[4530,12,5,[[4529,0],[4531,0],[4402,0],[4403,0],[4658,0],]]
[4531,17,5,[[4532,0],[4530,0],[4403,0],[4659,0],]]
[4532,17,5,[[4531,0],[4533,0],[4404,0],[4405,0],[4660,0],]]
[4533,15,5,[[4534,0],[4532,0],[4405,0],[4661,0],]]
[4534,4,5,[[4533,0],[4535,0],[4406,0],[4407,0],[4662,0],]]
[4535,8,5,[[4536,0],[4534,0],[4407,0],[4663,0],]]
[4536,8,5,[[4535,0],[4537,0],[4408,0],[4409,0],[4664,0],]]
[4537,8,5,[[4538,0],[4536,0],[4409,0],[4665,0],]]
[4538,5,5,[[4537,0],[4539,0],[4410,0],[4411,0],[4666,0],]]
[4539,9,5,[[4540,0],[4538,0],[4411,0],[4667,0],]]
[4540,5,5,[[4539,0],[4541,0],[4412,0],[4413,0],[4668,0],]]
[4541,3,5,[[4542,0],[4540,0],[4413,0],[4669,0],]]
[4542,19,5,[[4541,0],[4543,0],[4414,0],[4415,0],[4670,0],]]
[4543,16,5,[[4544,0],[4542,0],[4415,0],[4671,0],]]
[4544,6,6,[[4543,0],[4545,0],[4416,0],[4417,0],[4672,0],]]
[4545,3,6,[[4546,0],[4544,0],[4417,0],[4673,0],]]
[4546,17,6,[[4545,0],[4547,0],[4418,0],[4419,0],[4674,0],]]
[4547,9,6,[[4548,0],[4546,0],[4419,0],[4675,0],]]
[4548,17,6,[[4547,0],[4549,0],[4420,0],[4421,0],[4676,0],]]
[4549,17,6,[[4550,0],[4548,0],[4421,0],[4677,0],]]
[4550,19,6,[[4549,0],[4551,0],[4422,0],[4423,0],[4678,0],]]
[4551,17,6,[[4552,0],[4550,0],[4423,0],[4679,0],]]
[4552,11,6,[[4551,0],[4553,0],[4424,0],[4425,0],[4680,0],]]
[4553,7,6,[[4554,0],[4552,0],[4425,0],[4681,0],]]
[4554,18,6,[[4553,0],[4555,0],[4426,0],[4427,0],[4682,0],]]
[4555,11,6,[[4556,0],[4554,0],[4427,0],[4683,0],]]
[4556,1,6,[[4555,0],[4557,0],[4428,0],[4429,0],[4684,0],]]
[4557,3,6,[[4558,0],[4556,0],[4429,0],[4685,0],]]
[4558,7,6,[[4557,0],[4559,0],[4430,0],[4431,0],[4686,0],]]
[4559,8,6,[[4560,0],[4558,0],[4431,0],[4687,0],]]
[4560,19,6,[[4559,0],[4561,0],[4432,0],[4433,0],[4688,0],]]
[4561,9,6,[[4562,0],[4560,0],[4433,0],[4689,0],]]
[4562,9,6,[[4561,0],[4563,0],[4434,0],[4435,0],[4690,0],]]
[4563,19,6,[[4564,0],[4562,0],[4435,0],[4691,0],]]
[4564,1,6,[[4563,0],[4565,0],[4436,0],[4437,0],[4692,0],]]
[4565,14,6,[[4566,0],[4564,0],[4437,0],[4693,0],]]
[4566,13,6,[[4565,0],[4567,0],[4438,0],[4439,0],[4694,0],]]
[4567,2,6,[[4568,0],[4566,0],[4439,0],[4695,0],]]
[4568,8,6,[[4567,0],[4569,0],[4440,0],[4441,0],[4696,0],]]
[4569,19,6,[[4570,0],[4568,0],[4441,0],[4697,0],]]
[4570,1,6,[[4569,0],[4571,0],[4442,0],[4443,0],[4698,0],]]
[4571,1,6,[[4572,0],[4570,0],[4443,0],[4699,0],]]
[4572,18,6,[[4571,0],[4573,0],[4444,0],[4445,0],[4700,0],]]
[4573,5,6,[[4574,0],[4572,0],[4445,0],[4701,0],]]
[4574,2,6,[[4573,0],[4575,0],[4446,0],[4447,0],[4702,0],]]
[4575,8,6,[[4576,0],[4574,0],[4447,0],[4703,0],]]
[4576,17,7,[[4575,0],[4577,0],[4448,0],[4449,0],[4704,0],]]
[4577,15,7,[[4578,0],[4576,0],[4449,0],[4705,0],]]
[4578,7,7,[[4577,0],[4579,0],[4450,0],[4451,0],[4706,0],]]
[4579,7,7,[[4580,0],[4578,0],[4451,0],[4707,0],]]
[4580,11,7,[[4579,0],[4581,0],[4452,0],[4453,0],[4708,0],]]
[4581,2,7,[[4582,0],[4580,0],[4453,0],[4709,0],]]
[4582,4,7,[[4581,0],[4583,0],[4454,0],[4455,0],[4710,0],]]
[4583,1,7,[[4584,0],[4582,0],[4455,0],[4711,0],]]
[4584,12,7,[[4583,0],[4585,0],[4456,0],[4457,0],[4712,0],]]
[4585,8,7,[[4586,0],[4584,0],[4457,0],[4713,0],]]
[4586,17,7,[[4585,0],[4587,0],[4458,0],[4459,0],[4714,0],]]
