[4259,18,5,[[4260,0],[4258,0],[4131,0],[4387,0],]]
[4260,2,5,[[4259,0],[4261,0],[4132,0],[4133,0],[4388,0],]]
[4261,1,5,[[4262,0],[4260,0],[4133,0],[4389,0],]]
[4262,17,5,[[4261,0],[4263,0],[4134,0],[4135,0],[4390,0],]]
[4263,10,5,[[4264,0],[4262,0],[4135,0],[4391,0],]]
[4264,6,5,[[4263,0],[4265,0],[4136,0],[4137,0],[4392,0],]]
[4265,17,5,[[4266,0],[4264,0],[4137,0],[4393,0],]]
[4266,12,5,[[4265,0],[4267,0],[4138,0],[4139,0],[4394,0],]]
[4267,13,5,[[4268,0],[4266,0],[4139,0],[4395,0],]]
[4268,10,5,[[4267,0],[4269,0],[4140,0],[4141,0],[4396,0],]]
[4269,4,5,[[4270,0],[4268,0],[4141,0],[4397,0],]]
[4270,12,5,[[4269,0],[4271,0],[4142,0],[4143,0],[4398,0],]]
[4271,10,5,[[4272,0],[4270,0],[4143,0],[4399,0],]]
[4272,10,5,[[4271,0],[4273,0],[4144,0],[4145,0],[4400,0],]]
[4273,14,5,[[4274,0],[4272,0],[4145,0],[4401,0],]]
[4274,12,5,[[4273,0],[4275,0],[4146,0],[4147,0],[4402,0],]]
[4275,14,5,[[4276,0],[4274,0],[4147,0],[4403,0],]]
[4276,12,5,[[4275,0],[4277,0],[4148,0],[4149,0],[4404,0],]]
[4277,14,5,[[4278,0],[4276,0],[4149,0],[4405,0],]]
[4278,1,5,[[4277,0],[4279,0],[4150,0],[4151,0],[4406,0],]]
[4279,8,5,[[4280,0],[4278,0],[4151,0],[4407,0],]]
[4280,16,5,[[4279,0],[4281,0],[4152,0],[4153,0],[4408,0],]]
[4281,5,5,[[4282,0],[4280,0],[4153,0],[4409,0],]]
[4282,18,5,[[4281,0],[4283,0],[4154,0],[4155,0],[4410,0],]]
[4283,9,5,[[4284,0],[4282,0],[4155,0],[4411,0],]]
[4284,6,5,[[4283,0],[4285,0],[4156,0],[4157,0],[4412,0],]]
[4285,17,5,[[4286,0],[4284,0],[4157,0],[4413,0],]]
[4286,1,5,[[4285,0],[4287,0],[4158,0],[4159,0],[4414,0],]]
[4287,13,5,[[4288,0],[4286,0],[4159,0],[4415,0],]]
[4288,13,6,[[4287,0],[4289,0],[4160,0],[4161,0],[4416,0],]]
[4289,16,6,[[4290,0],[4288,0],[4161,0],[4417,0],]]
[4290,11,6,[[4289,0],[4291,0],[4162,0],[4163,0],[4418,0],]]
[4291,8,6,[[4292,0],[4290,0],[4163,0],[4419,0],]]
[4292,1,6,[[4291,0],[4293,0],[4164,0],[4165,0],[4420,0],]]
[4293,4,6,[[4294,0],[4292,0],[4165,0],[4421,0],]]
[4294,13,6,[[4293,0],[4295,0],[4166,0],[4167,0],[4422,0],]]
[4295,16,6,[[4296,0],[4294,0],[4167,0],[4423,0],]]
[4296,15,6,[[4295,0],[4297,0],[4168,0],[4169,0],[4424,0],]]
[4297,9,6,[[4298,0],[4296,0],[4169,0],[4425,0],]]
[4298,8,6,[[4297,0],[4299,0],[4170,0],[4171,0],[4426,0],]]
[4299,3,6,[[4300,0],[4298,0],[4171,0],[4427,0],]]
[4300,13,6,[[4299,0],[4301,0],[4172,0],[4173,0],[4428,0],]]
[4301,16,6,[[4302,0],[4300,0],[4173,0],[4429,0],]]
[4302,12,6,[[4301,0],[4303,0],[4174,0],[4175,0],[4430,0],]]
[4303,1,6,[[4304,0],[4302,0],[4175,0],[4431,0],]]
[4304,2,6,[[4303,0],[4305,0],[4176,0],[4177,0],[4432,0],]]
[4305,3,6,[[4306,0],[4304,0],[4177,0],[4433,0],]]
[4306,18,6,[[4305,0],[4307,0],[4178,0],[4179,0],[4434,0],]]
[4307,19,6,[[4308,0],[4306,0],[4179,0],[4435,0],]]
[4308,6,6,[[4307,0],[4309,0],[4180,0],[4181,0],[4436,0],]]
[4309,17,6,[[4310,0],[4308,0],[4181,0],[4437,0],]]
[4310,2,6,[[4309,0],[4311,0],[4182,0],[4183,0],[4438,0],]]
[4311,11,6,[[4312,0],[4310,0],[4183,0],[4439,0],]]
[4312,5,6,[[4311,0],[4313,0],[4184,0],[4185,0],[4440,0],]]
[4313,7,6,[[4314,0],[4312,0],[4185,0],[4441,0],]]
[4314,11,6,[[4313,0],[4315,0],[4186,0],[4187,0],[4442,0],]]
[4315,8,6,[[4316,0],[4314,0],[4187,0],[4443,0],]]
[4316,2,6,[[4315,0],[4317,0],[4188,0],[4189,0],[4444,0],]]
[4317,16,6,[[4318,0],[4316,0],[4189,0],[4445,0],]]
[4318,10,6,[[4317,0],[4319,0],[4190,0],[4191,0],[4446,0],]]
[4319,12,6,[[4320,0],[4318,0],[4191,0],[4447,0],]]
[4320,10,7,[[4319,0],[4321,0],[4192,0],[4193,0],[4448,0],]]
[4321,9,7,[[4322,0],[4320,0],[4193,0],[4449,0],]]
[4322,15,7,[[4321,0],[4323,0],[4194,0],[4195,0],[4450,0],]]
[4323,7,7,[[4324,0],[4322,0],[4195,0],[4451,0],]]
[4324,18,7,[[4323,0],[4325,0],[4196,0],[4197,0],[4452,0],]]
[4325,17,7,[[4326,0],[4324,0],[4197,0],[4453,0],]]
[4326,5,7,[[4325,0],[4327,0],[4198,0],[4199,0],[4454,0],]]
[4327,10,7,[[4328,0],[4326,0],[4199,0],[4455,0],]]
[4328,4,7,[[4327,0],[4329,0],[4200,0],[4201,0],[4456,0],]]
[4329,12,7,[[4330,0],[4328,0],[4201,0],[4457,0],]]
[4330,10,7,[[4329,0],[4331,0],[4202,0],[4203,0],[4458,0],]]
[4331,2,7,[[4332,0],[4330,0],[4203,0],[4459,0],]]
[4332,19,7,[[4331,0],[4333,0],[4204,0],[4205,0],[4460,0],]]
[4333,3,7,[[4334,0],[4332,0],[4205,0],[4461,0],]]
[4334,7,7,[[4333,0],[4335,0],[4206,0],[4207,0],[4462,0],]]
[4335,10,7,[[4336,0],[4334,0],[4207,0],[4463,0],]]
[4336,19,7,[[4335,0],[4337,0],[4208,0],[4209,0],[4464,0],]]
[4337,3,7,[[4338,0],[4336,0],[4209,0],[4465,0],]]
[4338,9,7,[[4337,0],[4339,0],[4210,0],[4211,0],[4466,0],]]
[4339,3,7,[[4340,0],[4338,0],[4211,0],[4467,0],]]
[4340,1,7,[[4339,0],[4341,0],[4212,0],[4213,0],[4468,0],]]
[4341,5,7,[[4342,0],[4340,0],[4213,0],[4469,0],]]
[4342,12,7,[[4341,0],[4343,0],[4214,0],[4215,0],[4470,0],]]
[4343,12,7,[[4344,0],[4342,0],[4215,0],[4471,0],]]
[4344,2,7,[[4343,0],[4345,0],[4216,0],[4217,0],[4472,0],]]
[4345,7,7,[[4346,0],[4344,0],[4217,0],[4473,0],]]
[4346,10,7,[[4345,0],[4347,0],[4218,0],[4219,0],[4474,0],]]
[4347,14,7,[[4348,0],[4346,0],[4219,0],[4475,0],]]
[4348,10,7,[[4347,0],[4349,0],[4220,0],[4221,0],[4476,0],]]
[4349,5,7,[[4350,0],[4348,0],[4221,0],[4477,0],]]
[4350,16,7,[[4349,0],[4351,0],[4222,0],[4223,0],[4478,0],]]
[4351,15,7,[[4350,0],[4223,0],[4479,0],]]
[4352,12,4,[[4353,0],[4480,0],[4224,0],]]
[4353,11,4,[[4354,0],[4352,0],[4481,0],[4480,0],[4225,0],]]
[4354,15,4,[[4353,0],[4355,0],[4482,0],[4226,0],]]
[4355,13,4,[[4356,0],[4354,0],[4483,0],[4482,0],[4227,0],]]
[4356,11,4,[[4355,0],[4357,0],[4484,0],[4228,0],]]
[4357,11,4,[[4358,0],[4356,0],[4485,0],[4484,0],[4229,0],]]
[4358,4,4,[[4357,0],[4359,0],[4486,0],[4230,0],]]
[4359,5,4,[[4360,0],[4358,0],[4487,0],[4486,0],[4231,0],]]
[4360,19,4,[[4359,0],[4361,0],[4488,0],[4232,0],]]
[4361,12,4,[[4362,0],[4360,0],[4489,0],[4488,0],[4233,0],]]
[4362,8,4,[[4361,0],[4363,0],[4490,0],[4234,0],]]
[4363,14,4,[[4364,0],[4362,0],[4491,0],[4490,0],[4235,0],]]
[4364,16,4,[[4363,0],[4365,0],[4492,0],[4236,0],]]
[4365,10,4,[[4366,0],[4364,0],[4493,0],[4492,0],[4237,0],]]
[4366,8,4,[[4365,0],[4367,0],[4494,0],[4238,0],]]
[4367,7,4,[[4368,0],[4366,0],[4495,0],[4494,0],[4239,0],]]
[4368,15,4,[[4367,0],[4369,0],[4496,0],[4240,0],]]
[4369,3,4,[[4370,0],[4368,0],[4497,0],[4496,0],[4241,0],]]
[4370,9,4,[[4369,0],[4371,0],[4498,0],[4242,0],]]
[4371,2,4,[[4372,0],[4370,0],[4499,0],[4498,0],[4243,0],]]
[4372,1,4,[[4371,0],[4373,0],[4500,0],[4244,0],]]
[4373,10,4,[[4374,0],[4372,0],[4501,0],[4500,0],[4245,0],]]
[4374,3,4,[[4373,0],[4375,0],[4502,0],[4246,0],]]
[4375,12,4,[[4376,0],[4374,0],[4503,0],[4502,0],[4247,0],]]
[4376,11,4,[[4375,0],[4377,0],[4504,0],[4248,0],]]
[4377,1,4,[[4378,0],[4376,0],[4505,0],[4504,0],[4249,0],]]
[4378,1,4,[[4377,0],[4379,0],[4506,0],[4250,0],]]
[4379,8,4,[[4380,0],[4378,0],[4507,0],[4506,0],[4251,0],]]
[4380,17,4,[[4379,0],[4381,0],[4508,0],[4252,0],]]
[4381,14,4,[[4382,0],[4380,0],[4509,0],[4508,0],[4253,0],]]
[4382,19,4,[[4381,0],[4383,0],[4510,0],[4254,0],]]
[4383,4,4,[[4384,0],[4382,0],[4511,0],[4510,0],[4255,0],]]
[4384,1,5,[[4383,0],[4385,0],[4512,0],[4256,0],]]
[4385,1,5,[[4386,0],[4384,0],[4513,0],[4512,0],[4257,0],]]
[4386,3,5,[[4385,0],[4387,0],[4514,0],[4258,0],]]
[4387,11,5,[[4388,0],[4386,0],[4515,0],[4514,0],[4259,0],]]
[4388,1,5,[[4387,0],[4389,0],[4516,0],[4260,0],]]
[4389,19,5,[[4390,0],[4388,0],[4517,0],[4516,0],[4261,0],]]
[4390,16,5,[[4389,0],[4391,0],[4518,0],[4262,0],]]
[4391,4,5,[[4392,0],[4390,0],[4519,0],[4518,0],[4263,0],]]
[4392,12,5,[[4391,0],[4393,0],[4520,0],[4264,0],]]
[4393,9,5,[[4394,0],[4392,0],[4521,0],[4520,0],[4265,0],]]
[4394,16,5,[[4393,0],[4395,0],[4522,0],[4266,0],]]
[4395,7,5,[[4396,0],[4394,0],[4523,0],[4522,0],[4267,0],]]
[4396,9,5,[[4395,0],[4397,0],[4524,0],[4268,0],]]
[4397,18,5,[[4398,0],[4396,0],[4525,0],[4524,0],[4269,0],]]
[4398,7,5,[[4397,0],[4399,0],[4526,0],[4270,0],]]
[4399,7,5,[[4400,0],[4398,0],[4527,0],[4526,0],[4271,0],]]
[4400,8,5,[[4399,0],[4401,0],[4528,0],[4272,0],]]
[4401,4,5,[[4402,0],[4400,0],[4529,0],[4528,0],[4273,0],]]
[4402,16,5,[[4401,0],[4403,0],[4530,0],[4274,0],]]
[4403,9,5,[[4404,0],[4402,0],[4531,0],[4530,0],[4275,0],]]
[4404,12,5,[[4403,0],[4405,0],[4532,0],[4276,0],]]
[4405,18,5,[[4406,0],[4404,0],[4533,0],[4532,0],[4277,0],]]
[4406,4,5,[[4405,0],[4407,0],[4534,0],[4278,0],]]
[4407,6,5,[[4408,0],[4406,0],[4535,0],[4534,0],[4279,0],]]
[4408,3,5,[[4407,0],[4409,0],[4536,0],[4280,0],]]
[4409,15,5,[[4410,0],[4408,0],[4537,0],[4536,0],[4281,0],]]
[4410,11,5,[[4409,0],[4411,0],[4538,0],[4282,0],]]
[4411,16,5,[[4412,0],[4410,0],[4539,0],[4538,0],[4283,0],]]
[4412,4,5,[[4411,0],[4413,0],[4540,0],[4284,0],]]
[4413,18,5,[[4414,0],[4412,0],[4541,0],[4540,0],[4285,0],]]
[4414,7,5,[[4413,0],[4415,0],[4542,0],[4286,0],]]
[4415,2,5,[[4416,0],[4414,0],[4543,0],[4542,0],[4287,0],]]
[4416,6,6,[[4415,0],[4417,0],[4544,0],[4288,0],]]
[4417,9,6,[[4418,0],[4416,0],[4545,0],[4544,0],[4289,0],]]
[4418,11,6,[[4417,0],[4419,0],[4546,0],[4290,0],]]
[4419,18,6,[[4420,0],[4418,0],[4547,0],[4546,0],[4291,0],]]
[4420,9,6,[[4419,0],[4421,0],[4548,0],[4292,0],]]
[4421,16,6,[[4422,0],[4420,0],[4549,0],[4548,0],[4293,0],]]
[4422,8,6,[[4421,0],[4423,0],[4550,0],[4294,0],]]
