[4587,3,7,[[4588,0],[4586,0],[4459,0],[4715,0],]]
[4588,19,7,[[4587,0],[4589,0],[4460,0],[4461,0],[4716,0],]]
[4589,7,7,[[4590,0],[4588,0],[4461,0],[4717,0],]]
[4590,7,7,[[4589,0],[4591,0],[4462,0],[4463,0],[4718,0],]]
[4591,11,7,[[4592,0],[4590,0],[4463,0],[4719,0],]]
[4592,15,7,[[4591,0],[4593,0],[4464,0],[4465,0],[4720,0],]]
[4593,11,7,[[4594,0],[4592,0],[4465,0],[4721,0],]]
[4594,10,7,[[4593,0],[4595,0],[4466,0],[4467,0],[4722,0],]]
[4595,8,7,[[4596,0],[4594,0],[4467,0],[4723,0],]]
[4596,13,7,[[4595,0],[4597,0],[4468,0],[4469,0],[4724,0],]]
[4597,8,7,[[4598,0],[4596,0],[4469,0],[4725,0],]]
[4598,8,7,[[4597,0],[4599,0],[4470,0],[4471,0],[4726,0],]]
[4599,9,7,[[4600,0],[4598,0],[4471,0],[4727,0],]]
[4600,12,7,[[4599,0],[4601,0],[4472,0],[4473,0],[4728,0],]]
[4601,17,7,[[4602,0],[4600,0],[4473,0],[4729,0],]]
[4602,8,7,[[4601,0],[4603,0],[4474,0],[4475,0],[4730,0],]]
[4603,5,7,[[4604,0],[4602,0],[4475,0],[4731,0],]]
[4604,16,7,[[4603,0],[4605,0],[4476,0],[4477,0],[4732,0],]]
[4605,7,7,[[4606,0],[4604,0],[4477,0],[4733,0],]]
[4606,8,7,[[4605,0],[4607,0],[4478,0],[4479,0],[4734,0],]]
[4607,19,7,[[4606,0],[4479,0],[4735,0],]]
[4608,18,4,[[4609,0],[4736,0],[4480,0],]]
[4609,14,4,[[4610,0],[4608,0],[4737,0],[4736,0],[4481,0],]]
[4610,7,4,[[4609,0],[4611,0],[4738,0],[4482,0],]]
[4611,10,4,[[4612,0],[4610,0],[4739,0],[4738,0],[4483,0],]]
[4612,16,4,[[4611,0],[4613,0],[4740,0],[4484,0],]]
[4613,18,4,[[4614,0],[4612,0],[4741,0],[4740,0],[4485,0],]]
[4614,9,4,[[4613,0],[4615,0],[4742,0],[4486,0],]]
[4615,19,4,[[4616,0],[4614,0],[4743,0],[4742,0],[4487,0],]]
[4616,16,4,[[4615,0],[4617,0],[4744,0],[4488,0],]]
[4617,18,4,[[4618,0],[4616,0],[4745,0],[4744,0],[4489,0],]]
[4618,16,4,[[4617,0],[4619,0],[4746,0],[4490,0],]]
[4619,11,4,[[4620,0],[4618,0],[4747,0],[4746,0],[4491,0],]]
[4620,18,4,[[4619,0],[4621,0],[4748,0],[4492,0],]]
[4621,12,4,[[4622,0],[4620,0],[4749,0],[4748,0],[4493,0],]]
[4622,14,4,[[4621,0],[4623,0],[4750,0],[4494,0],]]
[4623,11,4,[[4624,0],[4622,0],[4751,0],[4750,0],[4495,0],]]
[4624,16,4,[[4623,0],[4625,0],[4752,0],[4496,0],]]
[4625,3,4,[[4626,0],[4624,0],[4753,0],[4752,0],[4497,0],]]
[4626,19,4,[[4625,0],[4627,0],[4754,0],[4498,0],]]
[4627,17,4,[[4628,0],[4626,0],[4755,0],[4754,0],[4499,0],]]
[4628,12,4,[[4627,0],[4629,0],[4756,0],[4500,0],]]
[4629,8,4,[[4630,0],[4628,0],[4757,0],[4756,0],[4501,0],]]
[4630,1,4,[[4629,0],[4631,0],[4758,0],[4502,0],]]
[4631,13,4,[[4632,0],[4630,0],[4759,0],[4758,0],[4503,0],]]
[4632,7,4,[[4631,0],[4633,0],[4760,0],[4504,0],]]
[4633,5,4,[[4634,0],[4632,0],[4761,0],[4760,0],[4505,0],]]
[4634,6,4,[[4633,0],[4635,0],[4762,0],[4506,0],]]
[4635,9,4,[[4636,0],[4634,0],[4763,0],[4762,0],[4507,0],]]
[4636,3,4,[[4635,0],[4637,0],[4764,0],[4508,0],]]
[4637,16,4,[[4638,0],[4636,0],[4765,0],[4764,0],[4509,0],]]
[4638,11,4,[[4637,0],[4639,0],[4766,0],[4510,0],]]
[4639,15,4,[[4640,0],[4638,0],[4767,0],[4766,0],[4511,0],]]
[4640,17,5,[[4639,0],[4641,0],[4768,0],[4512,0],]]
[4641,9,5,[[4642,0],[4640,0],[4769,0],[4768,0],[4513,0],]]
[4642,1,5,[[4641,0],[4643,0],[4770,0],[4514,0],]]
[4643,11,5,[[4644,0],[4642,0],[4771,0],[4770,0],[4515,0],]]
[4644,19,5,[[4643,0],[4645,0],[4772,0],[4516,0],]]
[4645,8,5,[[4646,0],[4644,0],[4773,0],[4772,0],[4517,0],]]
[4646,11,5,[[4645,0],[4647,0],[4774,0],[4518,0],]]
[4647,12,5,[[4648,0],[4646,0],[4775,0],[4774,0],[4519,0],]]
[4648,19,5,[[4647,0],[4649,0],[4776,0],[4520,0],]]
[4649,5,5,[[4650,0],[4648,0],[4777,0],[4776,0],[4521,0],]]
[4650,8,5,[[4649,0],[4651,0],[4778,0],[4522,0],]]
[4651,6,5,[[4652,0],[4650,0],[4779,0],[4778,0],[4523,0],]]
[4652,13,5,[[4651,0],[4653,0],[4780,0],[4524,0],]]
[4653,1,5,[[4654,0],[4652,0],[4781,0],[4780,0],[4525,0],]]
[4654,7,5,[[4653,0],[4655,0],[4782,0],[4526,0],]]
[4655,10,5,[[4656,0],[4654,0],[4783,0],[4782,0],[4527,0],]]
[4656,17,5,[[4655,0],[4657,0],[4784,0],[4528,0],]]
[4657,16,5,[[4658,0],[4656,0],[4785,0],[4784,0],[4529,0],]]
[4658,2,5,[[4657,0],[4659,0],[4786,0],[4530,0],]]
[4659,6,5,[[4660,0],[4658,0],[4787,0],[4786,0],[4531,0],]]
[4660,3,5,[[4659,0],[4661,0],[4788,0],[4532,0],]]
[4661,4,5,[[4662,0],[4660,0],[4789,0],[4788,0],[4533,0],]]
[4662,16,5,[[4661,0],[4663,0],[4790,0],[4534,0],]]
[4663,4,5,[[4664,0],[4662,0],[4791,0],[4790,0],[4535,0],]]
[4664,19,5,[[4663,0],[4665,0],[4792,0],[4536,0],]]
[4665,8,5,[[4666,0],[4664,0],[4793,0],[4792,0],[4537,0],]]
[4666,14,5,[[4665,0],[4667,0],[4794,0],[4538,0],]]
[4667,15,5,[[4668,0],[4666,0],[4795,0],[4794,0],[4539,0],]]
[4668,9,5,[[4667,0],[4669,0],[4796,0],[4540,0],]]
[4669,11,5,[[4670,0],[4668,0],[4797,0],[4796,0],[4541,0],]]
[4670,9,5,[[4669,0],[4671,0],[4798,0],[4542,0],]]
[4671,14,5,[[4672,0],[4670,0],[4799,0],[4798,0],[4543,0],]]
[4672,18,6,[[4671,0],[4673,0],[4800,0],[4544,0],]]
[4673,7,6,[[4674,0],[4672,0],[4801,0],[4800,0],[4545,0],]]
[4674,12,6,[[4673,0],[4675,0],[4802,0],[4546,0],]]
[4675,19,6,[[4676,0],[4674,0],[4803,0],[4802,0],[4547,0],]]
[4676,19,6,[[4675,0],[4677,0],[4804,0],[4548,0],]]
[4677,8,6,[[4678,0],[4676,0],[4805,0],[4804,0],[4549,0],]]
[4678,12,6,[[4677,0],[4679,0],[4806,0],[4550,0],]]
[4679,16,6,[[4680,0],[4678,0],[4807,0],[4806,0],[4551,0],]]
[4680,19,6,[[4679,0],[4681,0],[4808,0],[4552,0],]]
[4681,9,6,[[4682,0],[4680,0],[4809,0],[4808,0],[4553,0],]]
[4682,17,6,[[4681,0],[4683,0],[4810,0],[4554,0],]]
[4683,2,6,[[4684,0],[4682,0],[4811,0],[4810,0],[4555,0],]]
[4684,7,6,[[4683,0],[4685,0],[4812,0],[4556,0],]]
[4685,2,6,[[4686,0],[4684,0],[4813,0],[4812,0],[4557,0],]]
[4686,6,6,[[4685,0],[4687,0],[4814,0],[4558,0],]]
[4687,16,6,[[4688,0],[4686,0],[4815,0],[4814,0],[4559,0],]]
[4688,15,6,[[4687,0],[4689,0],[4816,0],[4560,0],]]
[4689,11,6,[[4690,0],[4688,0],[4817,0],[4816,0],[4561,0],]]
[4690,12,6,[[4689,0],[4691,0],[4818,0],[4562,0],]]
[4691,13,6,[[4692,0],[4690,0],[4819,0],[4818,0],[4563,0],]]
[4692,17,6,[[4691,0],[4693,0],[4820,0],[4564,0],]]
[4693,4,6,[[4694,0],[4692,0],[4821,0],[4820,0],[4565,0],]]
[4694,3,6,[[4693,0],[4695,0],[4822,0],[4566,0],]]
[4695,1,6,[[4696,0],[4694,0],[4823,0],[4822,0],[4567,0],]]
[4696,2,6,[[4695,0],[4697,0],[4824,0],[4568,0],]]
[4697,9,6,[[4698,0],[4696,0],[4825,0],[4824,0],[4569,0],]]
[4698,9,6,[[4697,0],[4699,0],[4826,0],[4570,0],]]
[4699,7,6,[[4700,0],[4698,0],[4827,0],[4826,0],[4571,0],]]
[4700,18,6,[[4699,0],[4701,0],[4828,0],[4572,0],]]
[4701,17,6,[[4702,0],[4700,0],[4829,0],[4828,0],[4573,0],]]
[4702,6,6,[[4701,0],[4703,0],[4830,0],[4574,0],]]
[4703,15,6,[[4704,0],[4702,0],[4831,0],[4830,0],[4575,0],]]
[4704,7,7,[[4703,0],[4705,0],[4832,0],[4576,0],]]
[4705,8,7,[[4706,0],[4704,0],[4833,0],[4832,0],[4577,0],]]
[4706,15,7,[[4705,0],[4707,0],[4834,0],[4578,0],]]
[4707,2,7,[[4708,0],[4706,0],[4835,0],[4834,0],[4579,0],]]
[4708,18,7,[[4707,0],[4709,0],[4836,0],[4580,0],]]
[4709,4,7,[[4710,0],[4708,0],[4837,0],[4836,0],[4581,0],]]
[4710,10,7,[[4709,0],[4711,0],[4838,0],[4582,0],]]
[4711,5,7,[[4712,0],[4710,0],[4839,0],[4838,0],[4583,0],]]
[4712,5,7,[[4711,0],[4713,0],[4840,0],[4584,0],]]
[4713,13,7,[[4714,0],[4712,0],[4841,0],[4840,0],[4585,0],]]
[4714,15,7,[[4713,0],[4715,0],[4842,0],[4586,0],]]
[4715,9,7,[[4716,0],[4714,0],[4843,0],[4842,0],[4587,0],]]
[4716,5,7,[[4715,0],[4717,0],[4844,0],[4588,0],]]
[4717,6,7,[[4718,0],[4716,0],[4845,0],[4844,0],[4589,0],]]
[4718,5,7,[[4717,0],[4719,0],[4846,0],[4590,0],]]
[4719,4,7,[[4720,0],[4718,0],[4847,0],[4846,0],[4591,0],]]
[4720,1,7,[[4719,0],[4721,0],[4848,0],[4592,0],]]
[4721,14,7,[[4722,0],[4720,0],[4849,0],[4848,0],[4593,0],]]
[4722,4,7,[[4721,0],[4723,0],[4850,0],[4594,0],]]
[4723,7,7,[[4724,0],[4722,0],[4851,0],[4850,0],[4595,0],]]
[4724,16,7,[[4723,0],[4725,0],[4852,0],[4596,0],]]
[4725,3,7,[[4726,0],[4724,0],[4853,0],[4852,0],[4597,0],]]
[4726,9,7,[[4725,0],[4727,0],[4854,0],[4598,0],]]
[4727,10,7,[[4728,0],[4726,0],[4855,0],[4854,0],[4599,0],]]
[4728,16,7,[[4727,0],[4729,0],[4856,0],[4600,0],]]
[4729,16,7,[[4730,0],[4728,0],[4857,0],[4856,0],[4601,0],]]
[4730,6,7,[[4729,0],[4731,0],[4858,0],[4602,0],]]
[4731,19,7,[[4732,0],[4730,0],[4859,0],[4858,0],[4603,0],]]
[4732,14,7,[[4731,0],[4733,0],[4860,0],[4604,0],]]
[4733,9,7,[[4734,0],[4732,0],[4861,0],[4860,0],[4605,0],]]
[4734,19,7,[[4733,0],[4735,0],[4862,0],[4606,0],]]
[4735,7,7,[[4734,0],[4863,0],[4862,0],[4607,0],]]
[4736,15,4,[[4737,0],[4608,0],[4609,0],[4864,0],]]
[4737,3,4,[[4738,0],[4736,0],[4609,0],[4865,0],]]
[4738,5,4,[[4737,0],[4739,0],[4610,0],[4611,0],[4866,0],]]
[4739,11,4,[[4740,0],[4738,0],[4611,0],[4867,0],]]
[4740,10,4,[[4739,0],[4741,0],[4612,0],[4613,0],[4868,0],]]
[4741,8,4,[[4742,0],[4740,0],[4613,0],[4869,0],]]
[4742,6,4,[[4741,0],[4743,0],[4614,0],[4615,0],[4870,0],]]
[4743,5,4,[[4744,0],[4742,0],[4615,0],[4871,0],]]
[4744,12,4,[[4743,0],[4745,0],[4616,0],[4617,0],[4872,0],]]
[4745,12,4,[[4746,0],[4744,0],[4617,0],[4873,0],]]
[4746,18,4,[[4745,0],[4747,0],[4618,0],[4619,0],[4874,0],]]
[4747,16,4,[[4748,0],[4746,0],[4619,0],[4875,0],]]
[4748,2,4,[[4747,0],[4749,0],[4620,0],[4621,0],[4876,0],]]
[4749,6,4,[[4750,0],[4748,0],[4621,0],[4877,0],]]
[4750,15,4,[[4749,0],[4751,0],[4622,0],[4623,0],[4878,0],]]
