[3276,19,2,[[3275,0],[3277,0],[3148,0],[3149,0],[3404,0],]]
[3277,16,2,[[3278,0],[3276,0],[3149,0],[3405,0],]]
[3278,3,2,[[3277,0],[3279,0],[3150,0],[3151,0],[3406,0],]]
[3279,17,2,[[3280,0],[3278,0],[3151,0],[3407,0],]]
[3280,9,2,[[3279,0],[3281,0],[3152,0],[3153,0],[3408,0],]]
[3281,9,2,[[3282,0],[3280,0],[3153,0],[3409,0],]]
[3282,16,2,[[3281,0],[3283,0],[3154,0],[3155,0],[3410,0],]]
[3283,3,2,[[3284,0],[3282,0],[3155,0],[3411,0],]]
[3284,17,2,[[3283,0],[3285,0],[3156,0],[3157,0],[3412,0],]]
[3285,9,2,[[3286,0],[3284,0],[3157,0],[3413,0],]]
[3286,12,2,[[3285,0],[3287,0],[3158,0],[3159,0],[3414,0],]]
[3287,12,2,[[3288,0],[3286,0],[3159,0],[3415,0],]]
[3288,19,2,[[3287,0],[3289,0],[3160,0],[3161,0],[3416,0],]]
[3289,13,2,[[3290,0],[3288,0],[3161,0],[3417,0],]]
[3290,15,2,[[3289,0],[3291,0],[3162,0],[3163,0],[3418,0],]]
[3291,4,2,[[3292,0],[3290,0],[3163,0],[3419,0],]]
[3292,4,2,[[3291,0],[3293,0],[3164,0],[3165,0],[3420,0],]]
[3293,1,2,[[3294,0],[3292,0],[3165,0],[3421,0],]]
[3294,3,2,[[3293,0],[3295,0],[3166,0],[3167,0],[3422,0],]]
[3295,18,2,[[3296,0],[3294,0],[3167,0],[3423,0],]]
[3296,1,3,[[3295,0],[3297,0],[3168,0],[3169,0],[3424,0],]]
[3297,5,3,[[3298,0],[3296,0],[3169,0],[3425,0],]]
[3298,9,3,[[3297,0],[3299,0],[3170,0],[3171,0],[3426,0],]]
[3299,5,3,[[3300,0],[3298,0],[3171,0],[3427,0],]]
[3300,5,3,[[3299,0],[3301,0],[3172,0],[3173,0],[3428,0],]]
[3301,16,3,[[3302,0],[3300,0],[3173,0],[3429,0],]]
[3302,17,3,[[3301,0],[3303,0],[3174,0],[3175,0],[3430,0],]]
[3303,7,3,[[3304,0],[3302,0],[3175,0],[3431,0],]]
[3304,2,3,[[3303,0],[3305,0],[3176,0],[3177,0],[3432,0],]]
[3305,14,3,[[3306,0],[3304,0],[3177,0],[3433,0],]]
[3306,6,3,[[3305,0],[3307,0],[3178,0],[3179,0],[3434,0],]]
[3307,7,3,[[3308,0],[3306,0],[3179,0],[3435,0],]]
[3308,15,3,[[3307,0],[3309,0],[3180,0],[3181,0],[3436,0],]]
[3309,12,3,[[3310,0],[3308,0],[3181,0],[3437,0],]]
[3310,18,3,[[3309,0],[3311,0],[3182,0],[3183,0],[3438,0],]]
[3311,3,3,[[3312,0],[3310,0],[3183,0],[3439,0],]]
[3312,12,3,[[3311,0],[3313,0],[3184,0],[3185,0],[3440,0],]]
[3313,1,3,[[3314,0],[3312,0],[3185,0],[3441,0],]]
[3314,15,3,[[3313,0],[3315,0],[3186,0],[3187,0],[3442,0],]]
[3315,7,3,[[3316,0],[3314,0],[3187,0],[3443,0],]]
[3316,10,3,[[3315,0],[3317,0],[3188,0],[3189,0],[3444,0],]]
[3317,12,3,[[3318,0],[3316,0],[3189,0],[3445,0],]]
[3318,18,3,[[3317,0],[3319,0],[3190,0],[3191,0],[3446,0],]]
[3319,15,3,[[3320,0],[3318,0],[3191,0],[3447,0],]]
[3320,12,3,[[3319,0],[3321,0],[3192,0],[3193,0],[3448,0],]]
[3321,9,3,[[3322,0],[3320,0],[3193,0],[3449,0],]]
[3322,8,3,[[3321,0],[3323,0],[3194,0],[3195,0],[3450,0],]]
[3323,12,3,[[3324,0],[3322,0],[3195,0],[3451,0],]]
[3324,8,3,[[3323,0],[3325,0],[3196,0],[3197,0],[3452,0],]]
[3325,8,3,[[3326,0],[3324,0],[3197,0],[3453,0],]]
[3326,4,3,[[3325,0],[3327,0],[3198,0],[3199,0],[3454,0],]]
[3327,13,3,[[3326,0],[3199,0],[3455,0],]]
[3328,7,0,[[3329,0],[3456,0],[3200,0],]]
[3329,19,0,[[3330,0],[3328,0],[3457,0],[3456,0],[3201,0],]]
[3330,18,0,[[3329,0],[3331,0],[3458,0],[3202,0],]]
[3331,3,0,[[3332,0],[3330,0],[3459,0],[3458,0],[3203,0],]]
[3332,17,0,[[3331,0],[3333,0],[3460,0],[3204,0],]]
[3333,17,0,[[3334,0],[3332,0],[3461,0],[3460,0],[3205,0],]]
[3334,1,0,[[3333,0],[3335,0],[3462,0],[3206,0],]]
[3335,17,0,[[3336,0],[3334,0],[3463,0],[3462,0],[3207,0],]]
[3336,18,0,[[3335,0],[3337,0],[3464,0],[3208,0],]]
[3337,15,0,[[3338,0],[3336,0],[3465,0],[3464,0],[3209,0],]]
[3338,1,0,[[3337,0],[3339,0],[3466,0],[3210,0],]]
[3339,8,0,[[3340,0],[3338,0],[3467,0],[3466,0],[3211,0],]]
[3340,17,0,[[3339,0],[3341,0],[3468,0],[3212,0],]]
[3341,7,0,[[3342,0],[3340,0],[3469,0],[3468,0],[3213,0],]]
[3342,3,0,[[3341,0],[3343,0],[3470,0],[3214,0],]]
[3343,4,0,[[3344,0],[3342,0],[3471,0],[3470,0],[3215,0],]]
[3344,12,0,[[3343,0],[3345,0],[3472,0],[3216,0],]]
[3345,18,0,[[3346,0],[3344,0],[3473,0],[3472,0],[3217,0],]]
[3346,6,0,[[3345,0],[3347,0],[3474,0],[3218,0],]]
[3347,16,0,[[3348,0],[3346,0],[3475,0],[3474,0],[3219,0],]]
[3348,13,0,[[3347,0],[3349,0],[3476,0],[3220,0],]]
[3349,10,0,[[3350,0],[3348,0],[3477,0],[3476,0],[3221,0],]]
[3350,18,0,[[3349,0],[3351,0],[3478,0],[3222,0],]]
[3351,12,0,[[3352,0],[3350,0],[3479,0],[3478,0],[3223,0],]]
[3352,10,0,[[3351,0],[3353,0],[3480,0],[3224,0],]]
[3353,15,0,[[3354,0],[3352,0],[3481,0],[3480,0],[3225,0],]]
[3354,1,0,[[3353,0],[3355,0],[3482,0],[3226,0],]]
[3355,15,0,[[3356,0],[3354,0],[3483,0],[3482,0],[3227,0],]]
[3356,2,0,[[3355,0],[3357,0],[3484,0],[3228,0],]]
[3357,17,0,[[3358,0],[3356,0],[3485,0],[3484,0],[3229,0],]]
[3358,12,0,[[3357,0],[3359,0],[3486,0],[3230,0],]]
[3359,12,0,[[3360,0],[3358,0],[3487,0],[3486,0],[3231,0],]]
[3360,6,1,[[3359,0],[3361,0],[3488,0],[3232,0],]]
[3361,18,1,[[3362,0],[3360,0],[3489,0],[3488,0],[3233,0],]]
[3362,5,1,[[3361,0],[3363,0],[3490,0],[3234,0],]]
[3363,4,1,[[3364,0],[3362,0],[3491,0],[3490,0],[3235,0],]]
[3364,6,1,[[3363,0],[3365,0],[3492,0],[3236,0],]]
[3365,1,1,[[3366,0],[3364,0],[3493,0],[3492,0],[3237,0],]]
[3366,13,1,[[3365,0],[3367,0],[3494,0],[3238,0],]]
[3367,16,1,[[3368,0],[3366,0],[3495,0],[3494,0],[3239,0],]]
[3368,18,1,[[3367,0],[3369,0],[3496,0],[3240,0],]]
[3369,5,1,[[3370,0],[3368,0],[3497,0],[3496,0],[3241,0],]]
[3370,17,1,[[3369,0],[3371,0],[3498,0],[3242,0],]]
[3371,19,1,[[3372,0],[3370,0],[3499,0],[3498,0],[3243,0],]]
[3372,9,1,[[3371,0],[3373,0],[3500,0],[3244,0],]]
[3373,9,1,[[3374,0],[3372,0],[3501,0],[3500,0],[3245,0],]]
[3374,18,1,[[3373,0],[3375,0],[3502,0],[3246,0],]]
[3375,3,1,[[3376,0],[3374,0],[3503,0],[3502,0],[3247,0],]]
[3376,8,1,[[3375,0],[3377,0],[3504,0],[3248,0],]]
[3377,2,1,[[3378,0],[3376,0],[3505,0],[3504,0],[3249,0],]]
[3378,9,1,[[3377,0],[3379,0],[3506,0],[3250,0],]]
[3379,14,1,[[3380,0],[3378,0],[3507,0],[3506,0],[3251,0],]]
[3380,1,1,[[3379,0],[3381,0],[3508,0],[3252,0],]]
[3381,12,1,[[3382,0],[3380,0],[3509,0],[3508,0],[3253,0],]]
[3382,13,1,[[3381,0],[3383,0],[3510,0],[3254,0],]]
[3383,13,1,[[3384,0],[3382,0],[3511,0],[3510,0],[3255,0],]]
[3384,14,1,[[3383,0],[3385,0],[3512,0],[3256,0],]]
[3385,18,1,[[3386,0],[3384,0],[3513,0],[3512,0],[3257,0],]]
[3386,11,1,[[3385,0],[3387,0],[3514,0],[3258,0],]]
[3387,7,1,[[3388,0],[3386,0],[3515,0],[3514,0],[3259,0],]]
[3388,6,1,[[3387,0],[3389,0],[3516,0],[3260,0],]]
[3389,3,1,[[3390,0],[3388,0],[3517,0],[3516,0],[3261,0],]]
[3390,4,1,[[3389,0],[3391,0],[3518,0],[3262,0],]]
[3391,8,1,[[3392,0],[3390,0],[3519,0],[3518,0],[3263,0],]]
[3392,5,2,[[3391,0],[3393,0],[3520,0],[3264,0],]]
[3393,14,2,[[3394,0],[3392,0],[3521,0],[3520,0],[3265,0],]]
[3394,16,2,[[3393,0],[3395,0],[3522,0],[3266,0],]]
[3395,16,2,[[3396,0],[3394,0],[3523,0],[3522,0],[3267,0],]]
[3396,12,2,[[3395,0],[3397,0],[3524,0],[3268,0],]]
[3397,9,2,[[3398,0],[3396,0],[3525,0],[3524,0],[3269,0],]]
[3398,17,2,[[3397,0],[3399,0],[3526,0],[3270,0],]]
[3399,5,2,[[3400,0],[3398,0],[3527,0],[3526,0],[3271,0],]]
[3400,12,2,[[3399,0],[3401,0],[3528,0],[3272,0],]]
[3401,3,2,[[3402,0],[3400,0],[3529,0],[3528,0],[3273,0],]]
[3402,12,2,[[3401,0],[3403,0],[3530,0],[3274,0],]]
[3403,18,2,[[3404,0],[3402,0],[3531,0],[3530,0],[3275,0],]]
[3404,11,2,[[3403,0],[3405,0],[3532,0],[3276,0],]]
[3405,18,2,[[3406,0],[3404,0],[3533,0],[3532,0],[3277,0],]]
[3406,10,2,[[3405,0],[3407,0],[3534,0],[3278,0],]]
[3407,18,2,[[3408,0],[3406,0],[3535,0],[3534,0],[3279,0],]]
[3408,19,2,[[3407,0],[3409,0],[3536,0],[3280,0],]]
[3409,6,2,[[3410,0],[3408,0],[3537,0],[3536,0],[3281,0],]]
[3410,15,2,[[3409,0],[3411,0],[3538,0],[3282,0],]]
[3411,4,2,[[3412,0],[3410,0],[3539,0],[3538,0],[3283,0],]]
[3412,19,2,[[3411,0],[3413,0],[3540,0],[3284,0],]]
[3413,13,2,[[3414,0],[3412,0],[3541,0],[3540,0],[3285,0],]]
[3414,12,2,[[3413,0],[3415,0],[3542,0],[3286,0],]]
[3415,11,2,[[3416,0],[3414,0],[3543,0],[3542,0],[3287,0],]]
[3416,12,2,[[3415,0],[3417,0],[3544,0],[3288,0],]]
[3417,4,2,[[3418,0],[3416,0],[3545,0],[3544,0],[3289,0],]]
[3418,18,2,[[3417,0],[3419,0],[3546,0],[3290,0],]]
[3419,7,2,[[3420,0],[3418,0],[3547,0],[3546,0],[3291,0],]]
[3420,12,2,[[3419,0],[3421,0],[3548,0],[3292,0],]]
[3421,15,2,[[3422,0],[3420,0],[3549,0],[3548,0],[3293,0],]]
[3422,12,2,[[3421,0],[3423,0],[3550,0],[3294,0],]]
[3423,18,2,[[3424,0],[3422,0],[3551,0],[3550,0],[3295,0],]]
[3424,10,3,[[3423,0],[3425,0],[3552,0],[3296,0],]]
[3425,10,3,[[3426,0],[3424,0],[3553,0],[3552,0],[3297,0],]]
[3426,5,3,[[3425,0],[3427,0],[3554,0],[3298,0],]]
[3427,18,3,[[3428,0],[3426,0],[3555,0],[3554,0],[3299,0],]]
[3428,11,3,[[3427,0],[3429,0],[3556,0],[3300,0],]]
[3429,13,3,[[3430,0],[3428,0],[3557,0],[3556,0],[3301,0],]]
[3430,8,3,[[3429,0],[3431,0],[3558,0],[3302,0],]]
[3431,6,3,[[3432,0],[3430,0],[3559,0],[3558,0],[3303,0],]]
[3432,2,3,[[3431,0],[3433,0],[3560,0],[3304,0],]]
[3433,6,3,[[3434,0],[3432,0],[3561,0],[3560,0],[3305,0],]]
[3434,12,3,[[3433,0],[3435,0],[3562,0],[3306,0],]]
[3435,15,3,[[3436,0],[3434,0],[3563,0],[3562,0],[3307,0],]]
[3436,6,3,[[3435,0],[3437,0],[3564,0],[3308,0],]]
[3437,10,3,[[3438,0],[3436,0],[3565,0],[3564,0],[3309,0],]]
[3438,2,3,[[3437,0],[3439,0],[3566,0],[3310,0],]]
[3439,10,3,[[3440,0],[3438,0],[3567,0],[3566,0],[3311,0],]]
