[327,4,2,[[328,0],[326,0],[455,0],[454,0],[199,0],]]
[328,13,2,[[327,0],[329,0],[456,0],[200,0],]]
[329,3,2,[[330,0],[328,0],[457,0],[456,0],[201,0],]]
[330,14,2,[[329,0],[331,0],[458,0],[202,0],]]
[331,17,2,[[332,0],[330,0],[459,0],[458,0],[203,0],]]
[332,11,2,[[331,0],[333,0],[460,0],[204,0],]]
[333,7,2,[[334,0],[332,0],[461,0],[460,0],[205,0],]]
[334,16,2,[[333,0],[335,0],[462,0],[206,0],]]
[335,11,2,[[336,0],[334,0],[463,0],[462,0],[207,0],]]
[336,7,2,[[335,0],[337,0],[464,0],[208,0],]]
[337,3,2,[[338,0],[336,0],[465,0],[464,0],[209,0],]]
[338,6,2,[[337,0],[339,0],[466,0],[210,0],]]
[339,18,2,[[340,0],[338,0],[467,0],[466,0],[211,0],]]
[340,11,2,[[339,0],[341,0],[468,0],[212,0],]]
[341,10,2,[[342,0],[340,0],[469,0],[468,0],[213,0],]]
[342,19,2,[[341,0],[343,0],[470,0],[214,0],]]
[343,1,2,[[344,0],[342,0],[471,0],[470,0],[215,0],]]
[344,11,2,[[343,0],[345,0],[472,0],[216,0],]]
[345,11,2,[[346,0],[344,0],[473,0],[472,0],[217,0],]]
[346,10,2,[[345,0],[347,0],[474,0],[218,0],]]
[347,5,2,[[348,0],[346,0],[475,0],[474,0],[219,0],]]
[348,14,2,[[347,0],[349,0],[476,0],[220,0],]]
[349,11,2,[[350,0],[348,0],[477,0],[476,0],[221,0],]]
[350,11,2,[[349,0],[351,0],[478,0],[222,0],]]
[351,16,2,[[352,0],[350,0],[479,0],[478,0],[223,0],]]
[352,3,3,[[351,0],[353,0],[480,0],[224,0],]]
[353,18,3,[[354,0],[352,0],[481,0],[480,0],[225,0],]]
[354,16,3,[[353,0],[355,0],[482,0],[226,0],]]
[355,16,3,[[356,0],[354,0],[483,0],[482,0],[227,0],]]
[356,6,3,[[355,0],[357,0],[484,0],[228,0],]]
[357,13,3,[[358,0],[356,0],[485,0],[484,0],[229,0],]]
[358,11,3,[[357,0],[359,0],[486,0],[230,0],]]
[359,4,3,[[360,0],[358,0],[487,0],[486,0],[231,0],]]
[360,11,3,[[359,0],[361,0],[488,0],[232,0],]]
[361,10,3,[[362,0],[360,0],[489,0],[488,0],[233,0],]]
[362,13,3,[[361,0],[363,0],[490,0],[234,0],]]
[363,1,3,[[364,0],[362,0],[491,0],[490,0],[235,0],]]
[364,10,3,[[363,0],[365,0],[492,0],[236,0],]]
[365,17,3,[[366,0],[364,0],[493,0],[492,0],[237,0],]]
[366,8,3,[[365,0],[367,0],[494,0],[238,0],]]
[367,14,3,[[368,0],[366,0],[495,0],[494,0],[239,0],]]
[368,8,3,[[367,0],[369,0],[496,0],[240,0],]]
[369,2,3,[[370,0],[368,0],[497,0],[496,0],[241,0],]]
[370,7,3,[[369,0],[371,0],[498,0],[242,0],]]
[371,17,3,[[372,0],[370,0],[499,0],[498,0],[243,0],]]
[372,13,3,[[371,0],[373,0],[500,0],[244,0],]]
[373,14,3,[[374,0],[372,0],[501,0],[500,0],[245,0],]]
[374,15,3,[[373,0],[375,0],[502,0],[246,0],]]
[375,11,3,[[376,0],[374,0],[503,0],[502,0],[247,0],]]
[376,4,3,[[375,0],[377,0],[504,0],[248,0],]]
[377,8,3,[[378,0],[376,0],[505,0],[504,0],[249,0],]]
[378,4,3,[[377,0],[379,0],[506,0],[250,0],]]
[379,1,3,[[380,0],[378,0],[507,0],[506,0],[251,0],]]
[380,12,3,[[379,0],[381,0],[508,0],[252,0],]]
[381,7,3,[[382,0],[380,0],[509,0],[508,0],[253,0],]]
[382,11,3,[[381,0],[383,0],[510,0],[254,0],]]
[383,10,3,[[382,0],[511,0],[510,0],[255,0],]]
[384,13,0,[[385,0],[256,0],[257,0],[512,0],]]
[385,17,0,[[386,0],[384,0],[257,0],[513,0],]]
[386,11,0,[[385,0],[387,0],[258,0],[259,0],[514,0],]]
[387,4,0,[[388,0],[386,0],[259,0],[515,0],]]
[388,15,0,[[387,0],[389,0],[260,0],[261,0],[516,0],]]
[389,7,0,[[390,0],[388,0],[261,0],[517,0],]]
[390,13,0,[[389,0],[391,0],[262,0],[263,0],[518,0],]]
[391,17,0,[[392,0],[390,0],[263,0],[519,0],]]
[392,2,0,[[391,0],[393,0],[264,0],[265,0],[520,0],]]
[393,17,0,[[394,0],[392,0],[265,0],[521,0],]]
[394,10,0,[[393,0],[395,0],[266,0],[267,0],[522,0],]]
[395,13,0,[[396,0],[394,0],[267,0],[523,0],]]
[396,19,0,[[395,0],[397,0],[268,0],[269,0],[524,0],]]
[397,17,0,[[398,0],[396,0],[269,0],[525,0],]]
[398,14,0,[[397,0],[399,0],[270,0],[271,0],[526,0],]]
[399,13,0,[[400,0],[398,0],[271,0],[527,0],]]
[400,10,0,[[399,0],[401,0],[272,0],[273,0],[528,0],]]
[401,7,0,[[402,0],[400,0],[273,0],[529,0],]]
[402,1,0,[[401,0],[403,0],[274,0],[275,0],[530,0],]]
[403,3,0,[[404,0],[402,0],[275,0],[531,0],]]
[404,19,0,[[403,0],[405,0],[276,0],[277,0],[532,0],]]
[405,13,0,[[406,0],[404,0],[277,0],[533,0],]]
[406,11,0,[[405,0],[407,0],[278,0],[279,0],[534,0],]]
[407,19,0,[[408,0],[406,0],[279,0],[535,0],]]
[408,15,0,[[407,0],[409,0],[280,0],[281,0],[536,0],]]
[409,14,0,[[410,0],[408,0],[281,0],[537,0],]]
[410,1,0,[[409,0],[411,0],[282,0],[283,0],[538,0],]]
[411,11,0,[[412,0],[410,0],[283,0],[539,0],]]
[412,2,0,[[411,0],[413,0],[284,0],[285,0],[540,0],]]
[413,10,0,[[414,0],[412,0],[285,0],[541,0],]]
[414,10,0,[[413,0],[415,0],[286,0],[287,0],[542,0],]]
[415,9,0,[[416,0],[414,0],[287,0],[543,0],]]
[416,19,1,[[415,0],[417,0],[288,0],[289,0],[544,0],]]
[417,11,1,[[418,0],[416,0],[289,0],[545,0],]]
[418,7,1,[[417,0],[419,0],[290,0],[291,0],[546,0],]]
[419,15,1,[[420,0],[418,0],[291,0],[547,0],]]
[420,17,1,[[419,0],[421,0],[292,0],[293,0],[548,0],]]
[421,16,1,[[422,0],[420,0],[293,0],[549,0],]]
[422,17,1,[[421,0],[423,0],[294,0],[295,0],[550,0],]]
[423,3,1,[[424,0],[422,0],[295,0],[551,0],]]
[424,7,1,[[423,0],[425,0],[296,0],[297,0],[552,0],]]
[425,9,1,[[426,0],[424,0],[297,0],[553,0],]]
[426,1,1,[[425,0],[427,0],[298,0],[299,0],[554,0],]]
[427,16,1,[[428,0],[426,0],[299,0],[555,0],]]
[428,4,1,[[427,0],[429,0],[300,0],[301,0],[556,0],]]
[429,1,1,[[430,0],[428,0],[301,0],[557,0],]]
[430,4,1,[[429,0],[431,0],[302,0],[303,0],[558,0],]]
[431,10,1,[[432,0],[430,0],[303,0],[559,0],]]
[432,6,1,[[431,0],[433,0],[304,0],[305,0],[560,0],]]
[433,14,1,[[434,0],[432,0],[305,0],[561,0],]]
[434,19,1,[[433,0],[435,0],[306,0],[307,0],[562,0],]]
[435,2,1,[[436,0],[434,0],[307,0],[563,0],]]
[436,1,1,[[435,0],[437,0],[308,0],[309,0],[564,0],]]
[437,3,1,[[438,0],[436,0],[309,0],[565,0],]]
[438,9,1,[[437,0],[439,0],[310,0],[311,0],[566,0],]]
[439,6,1,[[440,0],[438,0],[311,0],[567,0],]]
[440,2,1,[[439,0],[441,0],[312,0],[313,0],[568,0],]]
[441,2,1,[[442,0],[440,0],[313,0],[569,0],]]
[442,18,1,[[441,0],[443,0],[314,0],[315,0],[570,0],]]
[443,13,1,[[444,0],[442,0],[315,0],[571,0],]]
[444,16,1,[[443,0],[445,0],[316,0],[317,0],[572,0],]]
[445,16,1,[[446,0],[444,0],[317,0],[573,0],]]
[446,12,1,[[445,0],[447,0],[318,0],[319,0],[574,0],]]
[447,8,1,[[448,0],[446,0],[319,0],[575,0],]]
[448,12,2,[[447,0],[449,0],[320,0],[321,0],[576,0],]]
[449,9,2,[[450,0],[448,0],[321,0],[577,0],]]
[450,4,2,[[449,0],[451,0],[322,0],[323,0],[578,0],]]
[451,8,2,[[452,0],[450,0],[323,0],[579,0],]]
[452,3,2,[[451,0],[453,0],[324,0],[325,0],[580,0],]]
[453,11,2,[[454,0],[452,0],[325,0],[581,0],]]
[454,6,2,[[453,0],[455,0],[326,0],[327,0],[582,0],]]
[455,8,2,[[456,0],[454,0],[327,0],[583,0],]]
[456,1,2,[[455,0],[457,0],[328,0],[329,0],[584,0],]]
[457,9,2,[[458,0],[456,0],[329,0],[585,0],]]
[458,6,2,[[457,0],[459,0],[330,0],[331,0],[586,0],]]
[459,6,2,[[460,0],[458,0],[331,0],[587,0],]]
[460,5,2,[[459,0],[461,0],[332,0],[333,0],[588,0],]]
[461,12,2,[[462,0],[460,0],[333,0],[589,0],]]
[462,11,2,[[461,0],[463,0],[334,0],[335,0],[590,0],]]
[463,19,2,[[464,0],[462,0],[335,0],[591,0],]]
[464,7,2,[[463,0],[465,0],[336,0],[337,0],[592,0],]]
[465,3,2,[[466,0],[464,0],[337,0],[593,0],]]
[466,13,2,[[465,0],[467,0],[338,0],[339,0],[594,0],]]
[467,4,2,[[468,0],[466,0],[339,0],[595,0],]]
[468,9,2,[[467,0],[469,0],[340,0],[341,0],[596,0],]]
[469,9,2,[[470,0],[468,0],[341,0],[597,0],]]
[470,18,2,[[469,0],[471,0],[342,0],[343,0],[598,0],]]
[471,14,2,[[472,0],[470,0],[343,0],[599,0],]]
[472,7,2,[[471,0],[473,0],[344,0],[345,0],[600,0],]]
[473,6,2,[[474,0],[472,0],[345,0],[601,0],]]
[474,7,2,[[473,0],[475,0],[346,0],[347,0],[602,0],]]
[475,18,2,[[476,0],[474,0],[347,0],[603,0],]]
[476,10,2,[[475,0],[477,0],[348,0],[349,0],[604,0],]]
[477,18,2,[[478,0],[476,0],[349,0],[605,0],]]
[478,19,2,[[477,0],[479,0],[350,0],[351,0],[606,0],]]
[479,13,2,[[480,0],[478,0],[351,0],[607,0],]]
[480,3,3,[[479,0],[481,0],[352,0],[353,0],[608,0],]]
[481,19,3,[[482,0],[480,0],[353,0],[609,0],]]
[482,1,3,[[481,0],[483,0],[354,0],[355,0],[610,0],]]
[483,9,3,[[484,0],[482,0],[355,0],[611,0],]]
[484,17,3,[[483,0],[485,0],[356,0],[357,0],[612,0],]]
[485,12,3,[[486,0],[484,0],[357,0],[613,0],]]
[486,2,3,[[485,0],[487,0],[358,0],[359,0],[614,0],]]
[487,15,3,[[488,0],[486,0],[359,0],[615,0],]]
[488,8,3,[[487,0],[489,0],[360,0],[361,0],[616,0],]]
[489,18,3,[[490,0],[488,0],[361,0],[617,0],]]
[490,14,3,[[489,0],[491,0],[362,0],[363,0],[618,0],]]
