[5406,1,4,[[5405,0],[5407,0],[5534,0],[5278,0],]]
[5407,13,4,[[5408,0],[5406,0],[5535,0],[5534,0],[5279,0],]]
[5408,4,5,[[5407,0],[5409,0],[5536,0],[5280,0],]]
[5409,19,5,[[5410,0],[5408,0],[5537,0],[5536,0],[5281,0],]]
[5410,9,5,[[5409,0],[5411,0],[5538,0],[5282,0],]]
[5411,12,5,[[5412,0],[5410,0],[5539,0],[5538,0],[5283,0],]]
[5412,10,5,[[5411,0],[5413,0],[5540,0],[5284,0],]]
[5413,10,5,[[5414,0],[5412,0],[5541,0],[5540,0],[5285,0],]]
[5414,17,5,[[5413,0],[5415,0],[5542,0],[5286,0],]]
[5415,10,5,[[5416,0],[5414,0],[5543,0],[5542,0],[5287,0],]]
[5416,12,5,[[5415,0],[5417,0],[5544,0],[5288,0],]]
[5417,16,5,[[5418,0],[5416,0],[5545,0],[5544,0],[5289,0],]]
[5418,2,5,[[5417,0],[5419,0],[5546,0],[5290,0],]]
[5419,12,5,[[5420,0],[5418,0],[5547,0],[5546,0],[5291,0],]]
[5420,6,5,[[5419,0],[5421,0],[5548,0],[5292,0],]]
[5421,19,5,[[5422,0],[5420,0],[5549,0],[5548,0],[5293,0],]]
[5422,9,5,[[5421,0],[5423,0],[5550,0],[5294,0],]]
[5423,13,5,[[5424,0],[5422,0],[5551,0],[5550,0],[5295,0],]]
[5424,13,5,[[5423,0],[5425,0],[5552,0],[5296,0],]]
[5425,16,5,[[5426,0],[5424,0],[5553,0],[5552,0],[5297,0],]]
[5426,7,5,[[5425,0],[5427,0],[5554,0],[5298,0],]]
[5427,12,5,[[5428,0],[5426,0],[5555,0],[5554,0],[5299,0],]]
[5428,8,5,[[5427,0],[5429,0],[5556,0],[5300,0],]]
[5429,3,5,[[5430,0],[5428,0],[5557,0],[5556,0],[5301,0],]]
[5430,13,5,[[5429,0],[5431,0],[5558,0],[5302,0],]]
[5431,5,5,[[5432,0],[5430,0],[5559,0],[5558,0],[5303,0],]]
[5432,16,5,[[5431,0],[5433,0],[5560,0],[5304,0],]]
[5433,19,5,[[5434,0],[5432,0],[5561,0],[5560,0],[5305,0],]]
[5434,13,5,[[5433,0],[5435,0],[5562,0],[5306,0],]]
[5435,16,5,[[5436,0],[5434,0],[5563,0],[5562,0],[5307,0],]]
[5436,14,5,[[5435,0],[5437,0],[5564,0],[5308,0],]]
[5437,5,5,[[5438,0],[5436,0],[5565,0],[5564,0],[5309,0],]]
[5438,13,5,[[5437,0],[5439,0],[5566,0],[5310,0],]]
[5439,8,5,[[5440,0],[5438,0],[5567,0],[5566,0],[5311,0],]]
[5440,19,6,[[5439,0],[5441,0],[5568,0],[5312,0],]]
[5441,7,6,[[5442,0],[5440,0],[5569,0],[5568,0],[5313,0],]]
[5442,17,6,[[5441,0],[5443,0],[5570,0],[5314,0],]]
[5443,14,6,[[5444,0],[5442,0],[5571,0],[5570,0],[5315,0],]]
[5444,11,6,[[5443,0],[5445,0],[5572,0],[5316,0],]]
[5445,7,6,[[5446,0],[5444,0],[5573,0],[5572,0],[5317,0],]]
[5446,15,6,[[5445,0],[5447,0],[5574,0],[5318,0],]]
[5447,6,6,[[5448,0],[5446,0],[5575,0],[5574,0],[5319,0],]]
[5448,1,6,[[5447,0],[5449,0],[5576,0],[5320,0],]]
[5449,1,6,[[5450,0],[5448,0],[5577,0],[5576,0],[5321,0],]]
[5450,3,6,[[5449,0],[5451,0],[5578,0],[5322,0],]]
[5451,13,6,[[5452,0],[5450,0],[5579,0],[5578,0],[5323,0],]]
[5452,10,6,[[5451,0],[5453,0],[5580,0],[5324,0],]]
[5453,12,6,[[5454,0],[5452,0],[5581,0],[5580,0],[5325,0],]]
[5454,9,6,[[5453,0],[5455,0],[5582,0],[5326,0],]]
[5455,5,6,[[5456,0],[5454,0],[5583,0],[5582,0],[5327,0],]]
[5456,5,6,[[5455,0],[5457,0],[5584,0],[5328,0],]]
[5457,18,6,[[5458,0],[5456,0],[5585,0],[5584,0],[5329,0],]]
[5458,3,6,[[5457,0],[5459,0],[5586,0],[5330,0],]]
[5459,5,6,[[5460,0],[5458,0],[5587,0],[5586,0],[5331,0],]]
[5460,15,6,[[5459,0],[5461,0],[5588,0],[5332,0],]]
[5461,13,6,[[5462,0],[5460,0],[5589,0],[5588,0],[5333,0],]]
[5462,9,6,[[5461,0],[5463,0],[5590,0],[5334,0],]]
[5463,10,6,[[5464,0],[5462,0],[5591,0],[5590,0],[5335,0],]]
[5464,12,6,[[5463,0],[5465,0],[5592,0],[5336,0],]]
[5465,2,6,[[5466,0],[5464,0],[5593,0],[5592,0],[5337,0],]]
[5466,9,6,[[5465,0],[5467,0],[5594,0],[5338,0],]]
[5467,11,6,[[5468,0],[5466,0],[5595,0],[5594,0],[5339,0],]]
[5468,17,6,[[5467,0],[5469,0],[5596,0],[5340,0],]]
[5469,10,6,[[5470,0],[5468,0],[5597,0],[5596,0],[5341,0],]]
[5470,2,6,[[5469,0],[5471,0],[5598,0],[5342,0],]]
[5471,3,6,[[5472,0],[5470,0],[5599,0],[5598,0],[5343,0],]]
[5472,14,7,[[5471,0],[5473,0],[5600,0],[5344,0],]]
[5473,15,7,[[5474,0],[5472,0],[5601,0],[5600,0],[5345,0],]]
[5474,13,7,[[5473,0],[5475,0],[5602,0],[5346,0],]]
[5475,2,7,[[5476,0],[5474,0],[5603,0],[5602,0],[5347,0],]]
[5476,6,7,[[5475,0],[5477,0],[5604,0],[5348,0],]]
[5477,1,7,[[5478,0],[5476,0],[5605,0],[5604,0],[5349,0],]]
[5478,19,7,[[5477,0],[5479,0],[5606,0],[5350,0],]]
[5479,13,7,[[5480,0],[5478,0],[5607,0],[5606,0],[5351,0],]]
[5480,14,7,[[5479,0],[5481,0],[5608,0],[5352,0],]]
[5481,12,7,[[5482,0],[5480,0],[5609,0],[5608,0],[5353,0],]]
[5482,3,7,[[5481,0],[5483,0],[5610,0],[5354,0],]]
[5483,19,7,[[5484,0],[5482,0],[5611,0],[5610,0],[5355,0],]]
[5484,11,7,[[5483,0],[5485,0],[5612,0],[5356,0],]]
[5485,7,7,[[5486,0],[5484,0],[5613,0],[5612,0],[5357,0],]]
[5486,9,7,[[5485,0],[5487,0],[5614,0],[5358,0],]]
[5487,18,7,[[5488,0],[5486,0],[5615,0],[5614,0],[5359,0],]]
[5488,1,7,[[5487,0],[5489,0],[5616,0],[5360,0],]]
[5489,2,7,[[5490,0],[5488,0],[5617,0],[5616,0],[5361,0],]]
[5490,3,7,[[5489,0],[5491,0],[5618,0],[5362,0],]]
[5491,2,7,[[5492,0],[5490,0],[5619,0],[5618,0],[5363,0],]]
[5492,14,7,[[5491,0],[5493,0],[5620,0],[5364,0],]]
[5493,14,7,[[5494,0],[5492,0],[5621,0],[5620,0],[5365,0],]]
[5494,1,7,[[5493,0],[5495,0],[5622,0],[5366,0],]]
[5495,12,7,[[5496,0],[5494,0],[5623,0],[5622,0],[5367,0],]]
[5496,18,7,[[5495,0],[5497,0],[5624,0],[5368,0],]]
[5497,7,7,[[5498,0],[5496,0],[5625,0],[5624,0],[5369,0],]]
[5498,7,7,[[5497,0],[5499,0],[5626,0],[5370,0],]]
[5499,15,7,[[5500,0],[5498,0],[5627,0],[5626,0],[5371,0],]]
[5500,4,7,[[5499,0],[5501,0],[5628,0],[5372,0],]]
[5501,7,7,[[5502,0],[5500,0],[5629,0],[5628,0],[5373,0],]]
[5502,13,7,[[5501,0],[5503,0],[5630,0],[5374,0],]]
[5503,19,7,[[5502,0],[5631,0],[5630,0],[5375,0],]]
[5504,19,4,[[5505,0],[5376,0],[5377,0],[5632,0],]]
[5505,10,4,[[5506,0],[5504,0],[5377,0],[5633,0],]]
[5506,16,4,[[5505,0],[5507,0],[5378,0],[5379,0],[5634,0],]]
[5507,4,4,[[5508,0],[5506,0],[5379,0],[5635,0],]]
[5508,8,4,[[5507,0],[5509,0],[5380,0],[5381,0],[5636,0],]]
[5509,18,4,[[5510,0],[5508,0],[5381,0],[5637,0],]]
[5510,11,4,[[5509,0],[5511,0],[5382,0],[5383,0],[5638,0],]]
[5511,5,4,[[5512,0],[5510,0],[5383,0],[5639,0],]]
[5512,3,4,[[5511,0],[5513,0],[5384,0],[5385,0],[5640,0],]]
[5513,13,4,[[5514,0],[5512,0],[5385,0],[5641,0],]]
[5514,2,4,[[5513,0],[5515,0],[5386,0],[5387,0],[5642,0],]]
[5515,15,4,[[5516,0],[5514,0],[5387,0],[5643,0],]]
[5516,6,4,[[5515,0],[5517,0],[5388,0],[5389,0],[5644,0],]]
[5517,10,4,[[5518,0],[5516,0],[5389,0],[5645,0],]]
[5518,19,4,[[5517,0],[5519,0],[5390,0],[5391,0],[5646,0],]]
[5519,9,4,[[5520,0],[5518,0],[5391,0],[5647,0],]]
[5520,14,4,[[5519,0],[5521,0],[5392,0],[5393,0],[5648,0],]]
[5521,9,4,[[5522,0],[5520,0],[5393,0],[5649,0],]]
[5522,9,4,[[5521,0],[5523,0],[5394,0],[5395,0],[5650,0],]]
[5523,6,4,[[5524,0],[5522,0],[5395,0],[5651,0],]]
[5524,1,4,[[5523,0],[5525,0],[5396,0],[5397,0],[5652,0],]]
[5525,16,4,[[5526,0],[5524,0],[5397,0],[5653,0],]]
[5526,14,4,[[5525,0],[5527,0],[5398,0],[5399,0],[5654,0],]]
[5527,17,4,[[5528,0],[5526,0],[5399,0],[5655,0],]]
[5528,11,4,[[5527,0],[5529,0],[5400,0],[5401,0],[5656,0],]]
[5529,9,4,[[5530,0],[5528,0],[5401,0],[5657,0],]]
[5530,15,4,[[5529,0],[5531,0],[5402,0],[5403,0],[5658,0],]]
[5531,14,4,[[5532,0],[5530,0],[5403,0],[5659,0],]]
[5532,18,4,[[5531,0],[5533,0],[5404,0],[5405,0],[5660,0],]]
[5533,2,4,[[5534,0],[5532,0],[5405,0],[5661,0],]]
[5534,4,4,[[5533,0],[5535,0],[5406,0],[5407,0],[5662,0],]]
[5535,5,4,[[5536,0],[5534,0],[5407,0],[5663,0],]]
[5536,7,5,[[5535,0],[5537,0],[5408,0],[5409,0],[5664,0],]]
[5537,16,5,[[5538,0],[5536,0],[5409,0],[5665,0],]]
[5538,6,5,[[5537,0],[5539,0],[5410,0],[5411,0],[5666,0],]]
[5539,13,5,[[5540,0],[5538,0],[5411,0],[5667,0],]]
[5540,6,5,[[5539,0],[5541,0],[5412,0],[5413,0],[5668,0],]]
[5541,17,5,[[5542,0],[5540,0],[5413,0],[5669,0],]]
[5542,13,5,[[5541,0],[5543,0],[5414,0],[5415,0],[5670,0],]]
[5543,5,5,[[5544,0],[5542,0],[5415,0],[5671,0],]]
[5544,13,5,[[5543,0],[5545,0],[5416,0],[5417,0],[5672,0],]]
[5545,17,5,[[5546,0],[5544,0],[5417,0],[5673,0],]]
[5546,8,5,[[5545,0],[5547,0],[5418,0],[5419,0],[5674,0],]]
[5547,18,5,[[5548,0],[5546,0],[5419,0],[5675,0],]]
[5548,7,5,[[5547,0],[5549,0],[5420,0],[5421,0],[5676,0],]]
[5549,7,5,[[5550,0],[5548,0],[5421,0],[5677,0],]]
[5550,12,5,[[5549,0],[5551,0],[5422,0],[5423,0],[5678,0],]]
[5551,15,5,[[5552,0],[5550,0],[5423,0],[5679,0],]]
[5552,19,5,[[5551,0],[5553,0],[5424,0],[5425,0],[5680,0],]]
[5553,7,5,[[5554,0],[5552,0],[5425,0],[5681,0],]]
[5554,15,5,[[5553,0],[5555,0],[5426,0],[5427,0],[5682,0],]]
[5555,8,5,[[5556,0],[5554,0],[5427,0],[5683,0],]]
[5556,14,5,[[5555,0],[5557,0],[5428,0],[5429,0],[5684,0],]]
[5557,1,5,[[5558,0],[5556,0],[5429,0],[5685,0],]]
[5558,11,5,[[5557,0],[5559,0],[5430,0],[5431,0],[5686,0],]]
[5559,6,5,[[5560,0],[5558,0],[5431,0],[5687,0],]]
[5560,3,5,[[5559,0],[5561,0],[5432,0],[5433,0],[5688,0],]]
[5561,19,5,[[5562,0],[5560,0],[5433,0],[5689,0],]]
[5562,13,5,[[5561,0],[5563,0],[5434,0],[5435,0],[5690,0],]]
[5563,9,5,[[5564,0],[5562,0],[5435,0],[5691,0],]]
[5564,8,5,[[5563,0],[5565,0],[5436,0],[5437,0],[5692,0],]]
[5565,3,5,[[5566,0],[5564,0],[5437,0],[5693,0],]]
[5566,4,5,[[5565,0],[5567,0],[5438,0],[5439,0],[5694,0],]]
[5567,11,5,[[5568,0],[5566,0],[5439,0],[5695,0],]]
[5568,16,6,[[5567,0],[5569,0],[5440,0],[5441,0],[5696,0],]]
[5569,7,6,[[5570,0],[5568,0],[5441,0],[5697,0],]]
