[6225,3,6,[[6226,0],[6224,0],[6353,0],[6352,0],[6097,0],]]
[6226,19,6,[[6225,0],[6227,0],[6354,0],[6098,0],]]
[6227,8,6,[[6228,0],[6226,0],[6355,0],[6354,0],[6099,0],]]
[6228,19,6,[[6227,0],[6229,0],[6356,0],[6100,0],]]
[6229,15,6,[[6230,0],[6228,0],[6357,0],[6356,0],[6101,0],]]
[6230,19,6,[[6229,0],[6231,0],[6358,0],[6102,0],]]
[6231,10,6,[[6232,0],[6230,0],[6359,0],[6358,0],[6103,0],]]
[6232,10,6,[[6231,0],[6233,0],[6360,0],[6104,0],]]
[6233,10,6,[[6234,0],[6232,0],[6361,0],[6360,0],[6105,0],]]
[6234,17,6,[[6233,0],[6235,0],[6362,0],[6106,0],]]
[6235,6,6,[[6236,0],[6234,0],[6363,0],[6362,0],[6107,0],]]
[6236,7,6,[[6235,0],[6237,0],[6364,0],[6108,0],]]
[6237,1,6,[[6238,0],[6236,0],[6365,0],[6364,0],[6109,0],]]
[6238,3,6,[[6237,0],[6239,0],[6366,0],[6110,0],]]
[6239,16,6,[[6240,0],[6238,0],[6367,0],[6366,0],[6111,0],]]
[6240,5,7,[[6239,0],[6241,0],[6368,0],[6112,0],]]
[6241,7,7,[[6242,0],[6240,0],[6369,0],[6368,0],[6113,0],]]
[6242,6,7,[[6241,0],[6243,0],[6370,0],[6114,0],]]
[6243,16,7,[[6244,0],[6242,0],[6371,0],[6370,0],[6115,0],]]
[6244,3,7,[[6243,0],[6245,0],[6372,0],[6116,0],]]
[6245,12,7,[[6246,0],[6244,0],[6373,0],[6372,0],[6117,0],]]
[6246,15,7,[[6245,0],[6247,0],[6374,0],[6118,0],]]
[6247,10,7,[[6248,0],[6246,0],[6375,0],[6374,0],[6119,0],]]
[6248,1,7,[[6247,0],[6249,0],[6376,0],[6120,0],]]
[6249,11,7,[[6250,0],[6248,0],[6377,0],[6376,0],[6121,0],]]
[6250,14,7,[[6249,0],[6251,0],[6378,0],[6122,0],]]
[6251,6,7,[[6252,0],[6250,0],[6379,0],[6378,0],[6123,0],]]
[6252,18,7,[[6251,0],[6253,0],[6380,0],[6124,0],]]
[6253,14,7,[[6254,0],[6252,0],[6381,0],[6380,0],[6125,0],]]
[6254,16,7,[[6253,0],[6255,0],[6382,0],[6126,0],]]
[6255,19,7,[[6256,0],[6254,0],[6383,0],[6382,0],[6127,0],]]
[6256,6,7,[[6255,0],[6257,0],[6384,0],[6128,0],]]
[6257,13,7,[[6258,0],[6256,0],[6385,0],[6384,0],[6129,0],]]
[6258,18,7,[[6257,0],[6259,0],[6386,0],[6130,0],]]
[6259,12,7,[[6260,0],[6258,0],[6387,0],[6386,0],[6131,0],]]
[6260,17,7,[[6259,0],[6261,0],[6388,0],[6132,0],]]
[6261,1,7,[[6262,0],[6260,0],[6389,0],[6388,0],[6133,0],]]
[6262,18,7,[[6261,0],[6263,0],[6390,0],[6134,0],]]
[6263,10,7,[[6264,0],[6262,0],[6391,0],[6390,0],[6135,0],]]
[6264,9,7,[[6263,0],[6265,0],[6392,0],[6136,0],]]
[6265,4,7,[[6266,0],[6264,0],[6393,0],[6392,0],[6137,0],]]
[6266,7,7,[[6265,0],[6267,0],[6394,0],[6138,0],]]
[6267,6,7,[[6268,0],[6266,0],[6395,0],[6394,0],[6139,0],]]
[6268,2,7,[[6267,0],[6269,0],[6396,0],[6140,0],]]
[6269,1,7,[[6270,0],[6268,0],[6397,0],[6396,0],[6141,0],]]
[6270,4,7,[[6269,0],[6271,0],[6398,0],[6142,0],]]
[6271,15,7,[[6270,0],[6399,0],[6398,0],[6143,0],]]
[6272,3,4,[[6273,0],[6144,0],[6145,0],[6400,0],]]
[6273,13,4,[[6274,0],[6272,0],[6145,0],[6401,0],]]
[6274,5,4,[[6273,0],[6275,0],[6146,0],[6147,0],[6402,0],]]
[6275,13,4,[[6276,0],[6274,0],[6147,0],[6403,0],]]
[6276,2,4,[[6275,0],[6277,0],[6148,0],[6149,0],[6404,0],]]
[6277,9,4,[[6278,0],[6276,0],[6149,0],[6405,0],]]
[6278,16,4,[[6277,0],[6279,0],[6150,0],[6151,0],[6406,0],]]
[6279,5,4,[[6280,0],[6278,0],[6151,0],[6407,0],]]
[6280,5,4,[[6279,0],[6281,0],[6152,0],[6153,0],[6408,0],]]
[6281,9,4,[[6282,0],[6280,0],[6153,0],[6409,0],]]
[6282,8,4,[[6281,0],[6283,0],[6154,0],[6155,0],[6410,0],]]
[6283,6,4,[[6284,0],[6282,0],[6155,0],[6411,0],]]
[6284,4,4,[[6283,0],[6285,0],[6156,0],[6157,0],[6412,0],]]
[6285,13,4,[[6286,0],[6284,0],[6157,0],[6413,0],]]
[6286,18,4,[[6285,0],[6287,0],[6158,0],[6159,0],[6414,0],]]
[6287,3,4,[[6288,0],[6286,0],[6159,0],[6415,0],]]
[6288,17,4,[[6287,0],[6289,0],[6160,0],[6161,0],[6416,0],]]
[6289,10,4,[[6290,0],[6288,0],[6161,0],[6417,0],]]
[6290,19,4,[[6289,0],[6291,0],[6162,0],[6163,0],[6418,0],]]
[6291,4,4,[[6292,0],[6290,0],[6163,0],[6419,0],]]
[6292,13,4,[[6291,0],[6293,0],[6164,0],[6165,0],[6420,0],]]
[6293,12,4,[[6294,0],[6292,0],[6165,0],[6421,0],]]
[6294,15,4,[[6293,0],[6295,0],[6166,0],[6167,0],[6422,0],]]
[6295,1,4,[[6296,0],[6294,0],[6167,0],[6423,0],]]
[6296,6,4,[[6295,0],[6297,0],[6168,0],[6169,0],[6424,0],]]
[6297,6,4,[[6298,0],[6296,0],[6169,0],[6425,0],]]
[6298,9,4,[[6297,0],[6299,0],[6170,0],[6171,0],[6426,0],]]
[6299,17,4,[[6300,0],[6298,0],[6171,0],[6427,0],]]
[6300,8,4,[[6299,0],[6301,0],[6172,0],[6173,0],[6428,0],]]
[6301,15,4,[[6302,0],[6300,0],[6173,0],[6429,0],]]
[6302,7,4,[[6301,0],[6303,0],[6174,0],[6175,0],[6430,0],]]
[6303,13,4,[[6304,0],[6302,0],[6175,0],[6431,0],]]
[6304,4,5,[[6303,0],[6305,0],[6176,0],[6177,0],[6432,0],]]
[6305,15,5,[[6306,0],[6304,0],[6177,0],[6433,0],]]
[6306,12,5,[[6305,0],[6307,0],[6178,0],[6179,0],[6434,0],]]
[6307,9,5,[[6308,0],[6306,0],[6179,0],[6435,0],]]
[6308,18,5,[[6307,0],[6309,0],[6180,0],[6181,0],[6436,0],]]
[6309,6,5,[[6310,0],[6308,0],[6181,0],[6437,0],]]
[6310,19,5,[[6309,0],[6311,0],[6182,0],[6183,0],[6438,0],]]
[6311,2,5,[[6312,0],[6310,0],[6183,0],[6439,0],]]
[6312,9,5,[[6311,0],[6313,0],[6184,0],[6185,0],[6440,0],]]
[6313,5,5,[[6314,0],[6312,0],[6185,0],[6441,0],]]
[6314,16,5,[[6313,0],[6315,0],[6186,0],[6187,0],[6442,0],]]
[6315,17,5,[[6316,0],[6314,0],[6187,0],[6443,0],]]
[6316,3,5,[[6315,0],[6317,0],[6188,0],[6189,0],[6444,0],]]
[6317,9,5,[[6318,0],[6316,0],[6189,0],[6445,0],]]
[6318,16,5,[[6317,0],[6319,0],[6190,0],[6191,0],[6446,0],]]
[6319,7,5,[[6320,0],[6318,0],[6191,0],[6447,0],]]
[6320,13,5,[[6319,0],[6321,0],[6192,0],[6193,0],[6448,0],]]
[6321,11,5,[[6322,0],[6320,0],[6193,0],[6449,0],]]
[6322,2,5,[[6321,0],[6323,0],[6194,0],[6195,0],[6450,0],]]
[6323,7,5,[[6324,0],[6322,0],[6195,0],[6451,0],]]
[6324,7,5,[[6323,0],[6325,0],[6196,0],[6197,0],[6452,0],]]
[6325,5,5,[[6326,0],[6324,0],[6197,0],[6453,0],]]
[6326,14,5,[[6325,0],[6327,0],[6198,0],[6199,0],[6454,0],]]
[6327,1,5,[[6328,0],[6326,0],[6199,0],[6455,0],]]
[6328,10,5,[[6327,0],[6329,0],[6200,0],[6201,0],[6456,0],]]
[6329,12,5,[[6330,0],[6328,0],[6201,0],[6457,0],]]
[6330,2,5,[[6329,0],[6331,0],[6202,0],[6203,0],[6458,0],]]
[6331,17,5,[[6332,0],[6330,0],[6203,0],[6459,0],]]
[6332,12,5,[[6331,0],[6333,0],[6204,0],[6205,0],[6460,0],]]
[6333,15,5,[[6334,0],[6332,0],[6205,0],[6461,0],]]
[6334,9,5,[[6333,0],[6335,0],[6206,0],[6207,0],[6462,0],]]
[6335,17,5,[[6336,0],[6334,0],[6207,0],[6463,0],]]
[6336,15,6,[[6335,0],[6337,0],[6208,0],[6209,0],[6464,0],]]
[6337,18,6,[[6338,0],[6336,0],[6209,0],[6465,0],]]
[6338,14,6,[[6337,0],[6339,0],[6210,0],[6211,0],[6466,0],]]
[6339,6,6,[[6340,0],[6338,0],[6211,0],[6467,0],]]
[6340,15,6,[[6339,0],[6341,0],[6212,0],[6213,0],[6468,0],]]
[6341,2,6,[[6342,0],[6340,0],[6213,0],[6469,0],]]
[6342,11,6,[[6341,0],[6343,0],[6214,0],[6215,0],[6470,0],]]
[6343,1,6,[[6344,0],[6342,0],[6215,0],[6471,0],]]
[6344,9,6,[[6343,0],[6345,0],[6216,0],[6217,0],[6472,0],]]
[6345,14,6,[[6346,0],[6344,0],[6217,0],[6473,0],]]
[6346,12,6,[[6345,0],[6347,0],[6218,0],[6219,0],[6474,0],]]
[6347,9,6,[[6348,0],[6346,0],[6219,0],[6475,0],]]
[6348,1,6,[[6347,0],[6349,0],[6220,0],[6221,0],[6476,0],]]
[6349,4,6,[[6350,0],[6348,0],[6221,0],[6477,0],]]
[6350,14,6,[[6349,0],[6351,0],[6222,0],[6223,0],[6478,0],]]
[6351,14,6,[[6352,0],[6350,0],[6223,0],[6479,0],]]
[6352,5,6,[[6351,0],[6353,0],[6224,0],[6225,0],[6480,0],]]
[6353,3,6,[[6354,0],[6352,0],[6225,0],[6481,0],]]
[6354,18,6,[[6353,0],[6355,0],[6226,0],[6227,0],[6482,0],]]
[6355,16,6,[[6356,0],[6354,0],[6227,0],[6483,0],]]
[6356,15,6,[[6355,0],[6357,0],[6228,0],[6229,0],[6484,0],]]
[6357,10,6,[[6358,0],[6356,0],[6229,0],[6485,0],]]
[6358,1,6,[[6357,0],[6359,0],[6230,0],[6231,0],[6486,0],]]
[6359,1,6,[[6360,0],[6358,0],[6231,0],[6487,0],]]
[6360,10,6,[[6359,0],[6361,0],[6232,0],[6233,0],[6488,0],]]
[6361,1,6,[[6362,0],[6360,0],[6233,0],[6489,0],]]
[6362,4,6,[[6361,0],[6363,0],[6234,0],[6235,0],[6490,0],]]
[6363,6,6,[[6364,0],[6362,0],[6235,0],[6491,0],]]
[6364,5,6,[[6363,0],[6365,0],[6236,0],[6237,0],[6492,0],]]
[6365,1,6,[[6366,0],[6364,0],[6237,0],[6493,0],]]
[6366,4,6,[[6365,0],[6367,0],[6238,0],[6239,0],[6494,0],]]
[6367,4,6,[[6368,0],[6366,0],[6239,0],[6495,0],]]
[6368,15,7,[[6367,0],[6369,0],[6240,0],[6241,0],[6496,0],]]
[6369,12,7,[[6370,0],[6368,0],[6241,0],[6497,0],]]
[6370,4,7,[[6369,0],[6371,0],[6242,0],[6243,0],[6498,0],]]
[6371,4,7,[[6372,0],[6370,0],[6243,0],[6499,0],]]
[6372,5,7,[[6371,0],[6373,0],[6244,0],[6245,0],[6500,0],]]
[6373,10,7,[[6374,0],[6372,0],[6245,0],[6501,0],]]
[6374,11,7,[[6373,0],[6375,0],[6246,0],[6247,0],[6502,0],]]
[6375,3,7,[[6376,0],[6374,0],[6247,0],[6503,0],]]
[6376,14,7,[[6375,0],[6377,0],[6248,0],[6249,0],[6504,0],]]
[6377,5,7,[[6378,0],[6376,0],[6249,0],[6505,0],]]
[6378,2,7,[[6377,0],[6379,0],[6250,0],[6251,0],[6506,0],]]
[6379,6,7,[[6380,0],[6378,0],[6251,0],[6507,0],]]
[6380,17,7,[[6379,0],[6381,0],[6252,0],[6253,0],[6508,0],]]
[6381,19,7,[[6382,0],[6380,0],[6253,0],[6509,0],]]
[6382,18,7,[[6381,0],[6383,0],[6254,0],[6255,0],[6510,0],]]
[6383,8,7,[[6384,0],[6382,0],[6255,0],[6511,0],]]
[6384,4,7,[[6383,0],[6385,0],[6256,0],[6257,0],[6512,0],]]
[6385,11,7,[[6386,0],[6384,0],[6257,0],[6513,0],]]
[6386,15,7,[[6385,0],[6387,0],[6258,0],[6259,0],[6514,0],]]
[6387,2,7,[[6388,0],[6386,0],[6259,0],[6515,0],]]
[6388,7,7,[[6387,0],[6389,0],[6260,0],[6261,0],[6516,0],]]
