[4915,8,5,[[4916,0],[4914,0],[5043,0],[5042,0],[4787,0],]]
[4916,6,5,[[4915,0],[4917,0],[5044,0],[4788,0],]]
[4917,7,5,[[4918,0],[4916,0],[5045,0],[5044,0],[4789,0],]]
[4918,12,5,[[4917,0],[4919,0],[5046,0],[4790,0],]]
[4919,7,5,[[4920,0],[4918,0],[5047,0],[5046,0],[4791,0],]]
[4920,6,5,[[4919,0],[4921,0],[5048,0],[4792,0],]]
[4921,15,5,[[4922,0],[4920,0],[5049,0],[5048,0],[4793,0],]]
[4922,12,5,[[4921,0],[4923,0],[5050,0],[4794,0],]]
[4923,15,5,[[4924,0],[4922,0],[5051,0],[5050,0],[4795,0],]]
[4924,15,5,[[4923,0],[4925,0],[5052,0],[4796,0],]]
[4925,17,5,[[4926,0],[4924,0],[5053,0],[5052,0],[4797,0],]]
[4926,10,5,[[4925,0],[4927,0],[5054,0],[4798,0],]]
[4927,15,5,[[4928,0],[4926,0],[5055,0],[5054,0],[4799,0],]]
[4928,9,6,[[4927,0],[4929,0],[5056,0],[4800,0],]]
[4929,16,6,[[4930,0],[4928,0],[5057,0],[5056,0],[4801,0],]]
[4930,14,6,[[4929,0],[4931,0],[5058,0],[4802,0],]]
[4931,15,6,[[4932,0],[4930,0],[5059,0],[5058,0],[4803,0],]]
[4932,18,6,[[4931,0],[4933,0],[5060,0],[4804,0],]]
[4933,14,6,[[4934,0],[4932,0],[5061,0],[5060,0],[4805,0],]]
[4934,6,6,[[4933,0],[4935,0],[5062,0],[4806,0],]]
[4935,3,6,[[4936,0],[4934,0],[5063,0],[5062,0],[4807,0],]]
[4936,6,6,[[4935,0],[4937,0],[5064,0],[4808,0],]]
[4937,7,6,[[4938,0],[4936,0],[5065,0],[5064,0],[4809,0],]]
[4938,9,6,[[4937,0],[4939,0],[5066,0],[4810,0],]]
[4939,12,6,[[4940,0],[4938,0],[5067,0],[5066,0],[4811,0],]]
[4940,3,6,[[4939,0],[4941,0],[5068,0],[4812,0],]]
[4941,7,6,[[4942,0],[4940,0],[5069,0],[5068,0],[4813,0],]]
[4942,2,6,[[4941,0],[4943,0],[5070,0],[4814,0],]]
[4943,14,6,[[4944,0],[4942,0],[5071,0],[5070,0],[4815,0],]]
[4944,12,6,[[4943,0],[4945,0],[5072,0],[4816,0],]]
[4945,19,6,[[4946,0],[4944,0],[5073,0],[5072,0],[4817,0],]]
[4946,12,6,[[4945,0],[4947,0],[5074,0],[4818,0],]]
[4947,14,6,[[4948,0],[4946,0],[5075,0],[5074,0],[4819,0],]]
[4948,9,6,[[4947,0],[4949,0],[5076,0],[4820,0],]]
[4949,14,6,[[4950,0],[4948,0],[5077,0],[5076,0],[4821,0],]]
[4950,11,6,[[4949,0],[4951,0],[5078,0],[4822,0],]]
[4951,19,6,[[4952,0],[4950,0],[5079,0],[5078,0],[4823,0],]]
[4952,16,6,[[4951,0],[4953,0],[5080,0],[4824,0],]]
[4953,15,6,[[4954,0],[4952,0],[5081,0],[5080,0],[4825,0],]]
[4954,2,6,[[4953,0],[4955,0],[5082,0],[4826,0],]]
[4955,11,6,[[4956,0],[4954,0],[5083,0],[5082,0],[4827,0],]]
[4956,9,6,[[4955,0],[4957,0],[5084,0],[4828,0],]]
[4957,7,6,[[4958,0],[4956,0],[5085,0],[5084,0],[4829,0],]]
[4958,17,6,[[4957,0],[4959,0],[5086,0],[4830,0],]]
[4959,6,6,[[4960,0],[4958,0],[5087,0],[5086,0],[4831,0],]]
[4960,13,7,[[4959,0],[4961,0],[5088,0],[4832,0],]]
[4961,12,7,[[4962,0],[4960,0],[5089,0],[5088,0],[4833,0],]]
[4962,5,7,[[4961,0],[4963,0],[5090,0],[4834,0],]]
[4963,10,7,[[4964,0],[4962,0],[5091,0],[5090,0],[4835,0],]]
[4964,19,7,[[4963,0],[4965,0],[5092,0],[4836,0],]]
[4965,18,7,[[4966,0],[4964,0],[5093,0],[5092,0],[4837,0],]]
[4966,12,7,[[4965,0],[4967,0],[5094,0],[4838,0],]]
[4967,17,7,[[4968,0],[4966,0],[5095,0],[5094,0],[4839,0],]]
[4968,1,7,[[4967,0],[4969,0],[5096,0],[4840,0],]]
[4969,1,7,[[4970,0],[4968,0],[5097,0],[5096,0],[4841,0],]]
[4970,5,7,[[4969,0],[4971,0],[5098,0],[4842,0],]]
[4971,14,7,[[4972,0],[4970,0],[5099,0],[5098,0],[4843,0],]]
[4972,2,7,[[4971,0],[4973,0],[5100,0],[4844,0],]]
[4973,4,7,[[4974,0],[4972,0],[5101,0],[5100,0],[4845,0],]]
[4974,1,7,[[4973,0],[4975,0],[5102,0],[4846,0],]]
[4975,6,7,[[4976,0],[4974,0],[5103,0],[5102,0],[4847,0],]]
[4976,9,7,[[4975,0],[4977,0],[5104,0],[4848,0],]]
[4977,2,7,[[4978,0],[4976,0],[5105,0],[5104,0],[4849,0],]]
[4978,5,7,[[4977,0],[4979,0],[5106,0],[4850,0],]]
[4979,5,7,[[4980,0],[4978,0],[5107,0],[5106,0],[4851,0],]]
[4980,7,7,[[4979,0],[4981,0],[5108,0],[4852,0],]]
[4981,3,7,[[4982,0],[4980,0],[5109,0],[5108,0],[4853,0],]]
[4982,17,7,[[4981,0],[4983,0],[5110,0],[4854,0],]]
[4983,6,7,[[4984,0],[4982,0],[5111,0],[5110,0],[4855,0],]]
[4984,6,7,[[4983,0],[4985,0],[5112,0],[4856,0],]]
[4985,8,7,[[4986,0],[4984,0],[5113,0],[5112,0],[4857,0],]]
[4986,11,7,[[4985,0],[4987,0],[5114,0],[4858,0],]]
[4987,13,7,[[4988,0],[4986,0],[5115,0],[5114,0],[4859,0],]]
[4988,5,7,[[4987,0],[4989,0],[5116,0],[4860,0],]]
[4989,3,7,[[4990,0],[4988,0],[5117,0],[5116,0],[4861,0],]]
[4990,2,7,[[4989,0],[4991,0],[5118,0],[4862,0],]]
[4991,16,7,[[4990,0],[5119,0],[5118,0],[4863,0],]]
[4992,18,4,[[4993,0],[4864,0],[4865,0],[5120,0],]]
[4993,15,4,[[4994,0],[4992,0],[4865,0],[5121,0],]]
[4994,11,4,[[4993,0],[4995,0],[4866,0],[4867,0],[5122,0],]]
[4995,9,4,[[4996,0],[4994,0],[4867,0],[5123,0],]]
[4996,6,4,[[4995,0],[4997,0],[4868,0],[4869,0],[5124,0],]]
[4997,19,4,[[4998,0],[4996,0],[4869,0],[5125,0],]]
[4998,5,4,[[4997,0],[4999,0],[4870,0],[4871,0],[5126,0],]]
[4999,13,4,[[5000,0],[4998,0],[4871,0],[5127,0],]]
[5000,11,4,[[4999,0],[5001,0],[4872,0],[4873,0],[5128,0],]]
[5001,2,4,[[5002,0],[5000,0],[4873,0],[5129,0],]]
[5002,3,4,[[5001,0],[5003,0],[4874,0],[4875,0],[5130,0],]]
[5003,12,4,[[5004,0],[5002,0],[4875,0],[5131,0],]]
[5004,8,4,[[5003,0],[5005,0],[4876,0],[4877,0],[5132,0],]]
[5005,18,4,[[5006,0],[5004,0],[4877,0],[5133,0],]]
[5006,6,4,[[5005,0],[5007,0],[4878,0],[4879,0],[5134,0],]]
[5007,15,4,[[5008,0],[5006,0],[4879,0],[5135,0],]]
[5008,5,4,[[5007,0],[5009,0],[4880,0],[4881,0],[5136,0],]]
[5009,13,4,[[5010,0],[5008,0],[4881,0],[5137,0],]]
[5010,13,4,[[5009,0],[5011,0],[4882,0],[4883,0],[5138,0],]]
[5011,12,4,[[5012,0],[5010,0],[4883,0],[5139,0],]]
[5012,14,4,[[5011,0],[5013,0],[4884,0],[4885,0],[5140,0],]]
[5013,2,4,[[5014,0],[5012,0],[4885,0],[5141,0],]]
[5014,14,4,[[5013,0],[5015,0],[4886,0],[4887,0],[5142,0],]]
[5015,3,4,[[5016,0],[5014,0],[4887,0],[5143,0],]]
[5016,4,4,[[5015,0],[5017,0],[4888,0],[4889,0],[5144,0],]]
[5017,7,4,[[5018,0],[5016,0],[4889,0],[5145,0],]]
[5018,8,4,[[5017,0],[5019,0],[4890,0],[4891,0],[5146,0],]]
[5019,16,4,[[5020,0],[5018,0],[4891,0],[5147,0],]]
[5020,17,4,[[5019,0],[5021,0],[4892,0],[4893,0],[5148,0],]]
[5021,6,4,[[5022,0],[5020,0],[4893,0],[5149,0],]]
[5022,19,4,[[5021,0],[5023,0],[4894,0],[4895,0],[5150,0],]]
[5023,18,4,[[5024,0],[5022,0],[4895,0],[5151,0],]]
[5024,18,5,[[5023,0],[5025,0],[4896,0],[4897,0],[5152,0],]]
[5025,17,5,[[5026,0],[5024,0],[4897,0],[5153,0],]]
[5026,2,5,[[5025,0],[5027,0],[4898,0],[4899,0],[5154,0],]]
[5027,2,5,[[5028,0],[5026,0],[4899,0],[5155,0],]]
[5028,9,5,[[5027,0],[5029,0],[4900,0],[4901,0],[5156,0],]]
[5029,11,5,[[5030,0],[5028,0],[4901,0],[5157,0],]]
[5030,16,5,[[5029,0],[5031,0],[4902,0],[4903,0],[5158,0],]]
[5031,12,5,[[5032,0],[5030,0],[4903,0],[5159,0],]]
[5032,19,5,[[5031,0],[5033,0],[4904,0],[4905,0],[5160,0],]]
[5033,19,5,[[5034,0],[5032,0],[4905,0],[5161,0],]]
[5034,4,5,[[5033,0],[5035,0],[4906,0],[4907,0],[5162,0],]]
[5035,4,5,[[5036,0],[5034,0],[4907,0],[5163,0],]]
[5036,14,5,[[5035,0],[5037,0],[4908,0],[4909,0],[5164,0],]]
[5037,5,5,[[5038,0],[5036,0],[4909,0],[5165,0],]]
[5038,5,5,[[5037,0],[5039,0],[4910,0],[4911,0],[5166,0],]]
[5039,19,5,[[5040,0],[5038,0],[4911,0],[5167,0],]]
[5040,2,5,[[5039,0],[5041,0],[4912,0],[4913,0],[5168,0],]]
[5041,5,5,[[5042,0],[5040,0],[4913,0],[5169,0],]]
[5042,13,5,[[5041,0],[5043,0],[4914,0],[4915,0],[5170,0],]]
[5043,12,5,[[5044,0],[5042,0],[4915,0],[5171,0],]]
[5044,9,5,[[5043,0],[5045,0],[4916,0],[4917,0],[5172,0],]]
[5045,15,5,[[5046,0],[5044,0],[4917,0],[5173,0],]]
[5046,6,5,[[5045,0],[5047,0],[4918,0],[4919,0],[5174,0],]]
[5047,5,5,[[5048,0],[5046,0],[4919,0],[5175,0],]]
[5048,17,5,[[5047,0],[5049,0],[4920,0],[4921,0],[5176,0],]]
[5049,18,5,[[5050,0],[5048,0],[4921,0],[5177,0],]]
[5050,4,5,[[5049,0],[5051,0],[4922,0],[4923,0],[5178,0],]]
[5051,8,5,[[5052,0],[5050,0],[4923,0],[5179,0],]]
[5052,10,5,[[5051,0],[5053,0],[4924,0],[4925,0],[5180,0],]]
[5053,8,5,[[5054,0],[5052,0],[4925,0],[5181,0],]]
[5054,4,5,[[5053,0],[5055,0],[4926,0],[4927,0],[5182,0],]]
[5055,9,5,[[5056,0],[5054,0],[4927,0],[5183,0],]]
[5056,3,6,[[5055,0],[5057,0],[4928,0],[4929,0],[5184,0],]]
[5057,18,6,[[5058,0],[5056,0],[4929,0],[5185,0],]]
[5058,10,6,[[5057,0],[5059,0],[4930,0],[4931,0],[5186,0],]]
[5059,3,6,[[5060,0],[5058,0],[4931,0],[5187,0],]]
[5060,7,6,[[5059,0],[5061,0],[4932,0],[4933,0],[5188,0],]]
[5061,3,6,[[5062,0],[5060,0],[4933,0],[5189,0],]]
[5062,11,6,[[5061,0],[5063,0],[4934,0],[4935,0],[5190,0],]]
[5063,19,6,[[5064,0],[5062,0],[4935,0],[5191,0],]]
[5064,1,6,[[5063,0],[5065,0],[4936,0],[4937,0],[5192,0],]]
[5065,19,6,[[5066,0],[5064,0],[4937,0],[5193,0],]]
[5066,3,6,[[5065,0],[5067,0],[4938,0],[4939,0],[5194,0],]]
[5067,18,6,[[5068,0],[5066,0],[4939,0],[5195,0],]]
[5068,19,6,[[5067,0],[5069,0],[4940,0],[4941,0],[5196,0],]]
[5069,6,6,[[5070,0],[5068,0],[4941,0],[5197,0],]]
[5070,11,6,[[5069,0],[5071,0],[4942,0],[4943,0],[5198,0],]]
[5071,2,6,[[5072,0],[5070,0],[4943,0],[5199,0],]]
[5072,17,6,[[5071,0],[5073,0],[4944,0],[4945,0],[5200,0],]]
[5073,14,6,[[5074,0],[5072,0],[4945,0],[5201,0],]]
[5074,8,6,[[5073,0],[5075,0],[4946,0],[4947,0],[5202,0],]]
[5075,4,6,[[5076,0],[5074,0],[4947,0],[5203,0],]]
[5076,9,6,[[5075,0],[5077,0],[4948,0],[4949,0],[5204,0],]]
[5077,5,6,[[5078,0],[5076,0],[4949,0],[5205,0],]]
[5078,14,6,[[5077,0],[5079,0],[4950,0],[4951,0],[5206,0],]]
