[491,1,3,[[492,0],[490,0],[363,0],[619,0],]]
[492,19,3,[[491,0],[493,0],[364,0],[365,0],[620,0],]]
[493,1,3,[[494,0],[492,0],[365,0],[621,0],]]
[494,17,3,[[493,0],[495,0],[366,0],[367,0],[622,0],]]
[495,10,3,[[496,0],[494,0],[367,0],[623,0],]]
[496,1,3,[[495,0],[497,0],[368,0],[369,0],[624,0],]]
[497,18,3,[[498,0],[496,0],[369,0],[625,0],]]
[498,3,3,[[497,0],[499,0],[370,0],[371,0],[626,0],]]
[499,9,3,[[500,0],[498,0],[371,0],[627,0],]]
[500,19,3,[[499,0],[501,0],[372,0],[373,0],[628,0],]]
[501,2,3,[[502,0],[500,0],[373,0],[629,0],]]
[502,6,3,[[501,0],[503,0],[374,0],[375,0],[630,0],]]
[503,12,3,[[504,0],[502,0],[375,0],[631,0],]]
[504,8,3,[[503,0],[505,0],[376,0],[377,0],[632,0],]]
[505,3,3,[[506,0],[504,0],[377,0],[633,0],]]
[506,3,3,[[505,0],[507,0],[378,0],[379,0],[634,0],]]
[507,6,3,[[508,0],[506,0],[379,0],[635,0],]]
[508,7,3,[[507,0],[509,0],[380,0],[381,0],[636,0],]]
[509,6,3,[[510,0],[508,0],[381,0],[637,0],]]
[510,4,3,[[509,0],[511,0],[382,0],[383,0],[638,0],]]
[511,16,3,[[510,0],[383,0],[639,0],]]
[512,5,0,[[513,0],[640,0],[384,0],]]
[513,8,0,[[514,0],[512,0],[641,0],[640,0],[385,0],]]
[514,5,0,[[513,0],[515,0],[642,0],[386,0],]]
[515,7,0,[[516,0],[514,0],[643,0],[642,0],[387,0],]]
[516,11,0,[[515,0],[517,0],[644,0],[388,0],]]
[517,1,0,[[518,0],[516,0],[645,0],[644,0],[389,0],]]
[518,11,0,[[517,0],[519,0],[646,0],[390,0],]]
[519,9,0,[[520,0],[518,0],[647,0],[646,0],[391,0],]]
[520,6,0,[[519,0],[521,0],[648,0],[392,0],]]
[521,5,0,[[522,0],[520,0],[649,0],[648,0],[393,0],]]
[522,13,0,[[521,0],[523,0],[650,0],[394,0],]]
[523,6,0,[[524,0],[522,0],[651,0],[650,0],[395,0],]]
[524,9,0,[[523,0],[525,0],[652,0],[396,0],]]
[525,13,0,[[526,0],[524,0],[653,0],[652,0],[397,0],]]
[526,15,0,[[525,0],[527,0],[654,0],[398,0],]]
[527,15,0,[[528,0],[526,0],[655,0],[654,0],[399,0],]]
[528,6,0,[[527,0],[529,0],[656,0],[400,0],]]
[529,15,0,[[530,0],[528,0],[657,0],[656,0],[401,0],]]
[530,6,0,[[529,0],[531,0],[658,0],[402,0],]]
[531,14,0,[[532,0],[530,0],[659,0],[658,0],[403,0],]]
[532,18,0,[[531,0],[533,0],[660,0],[404,0],]]
[533,18,0,[[534,0],[532,0],[661,0],[660,0],[405,0],]]
[534,5,0,[[533,0],[535,0],[662,0],[406,0],]]
[535,16,0,[[536,0],[534,0],[663,0],[662,0],[407,0],]]
[536,16,0,[[535,0],[537,0],[664,0],[408,0],]]
[537,11,0,[[538,0],[536,0],[665,0],[664,0],[409,0],]]
[538,10,0,[[537,0],[539,0],[666,0],[410,0],]]
[539,19,0,[[540,0],[538,0],[667,0],[666,0],[411,0],]]
[540,10,0,[[539,0],[541,0],[668,0],[412,0],]]
[541,15,0,[[542,0],[540,0],[669,0],[668,0],[413,0],]]
[542,13,0,[[541,0],[543,0],[670,0],[414,0],]]
[543,13,0,[[544,0],[542,0],[671,0],[670,0],[415,0],]]
[544,17,1,[[543,0],[545,0],[672,0],[416,0],]]
[545,13,1,[[546,0],[544,0],[673,0],[672,0],[417,0],]]
[546,10,1,[[545,0],[547,0],[674,0],[418,0],]]
[547,16,1,[[548,0],[546,0],[675,0],[674,0],[419,0],]]
[548,5,1,[[547,0],[549,0],[676,0],[420,0],]]
[549,13,1,[[550,0],[548,0],[677,0],[676,0],[421,0],]]
[550,6,1,[[549,0],[551,0],[678,0],[422,0],]]
[551,5,1,[[552,0],[550,0],[679,0],[678,0],[423,0],]]
[552,2,1,[[551,0],[553,0],[680,0],[424,0],]]
[553,9,1,[[554,0],[552,0],[681,0],[680,0],[425,0],]]
[554,17,1,[[553,0],[555,0],[682,0],[426,0],]]
[555,4,1,[[556,0],[554,0],[683,0],[682,0],[427,0],]]
[556,5,1,[[555,0],[557,0],[684,0],[428,0],]]
[557,10,1,[[558,0],[556,0],[685,0],[684,0],[429,0],]]
[558,1,1,[[557,0],[559,0],[686,0],[430,0],]]
[559,7,1,[[560,0],[558,0],[687,0],[686,0],[431,0],]]
[560,4,1,[[559,0],[561,0],[688,0],[432,0],]]
[561,4,1,[[562,0],[560,0],[689,0],[688,0],[433,0],]]
[562,17,1,[[561,0],[563,0],[690,0],[434,0],]]
[563,7,1,[[564,0],[562,0],[691,0],[690,0],[435,0],]]
[564,15,1,[[563,0],[565,0],[692,0],[436,0],]]
[565,13,1,[[566,0],[564,0],[693,0],[692,0],[437,0],]]
[566,19,1,[[565,0],[567,0],[694,0],[438,0],]]
[567,13,1,[[568,0],[566,0],[695,0],[694,0],[439,0],]]
[568,4,1,[[567,0],[569,0],[696,0],[440,0],]]
[569,17,1,[[570,0],[568,0],[697,0],[696,0],[441,0],]]
[570,9,1,[[569,0],[571,0],[698,0],[442,0],]]
[571,19,1,[[572,0],[570,0],[699,0],[698,0],[443,0],]]
[572,6,1,[[571,0],[573,0],[700,0],[444,0],]]
[573,2,1,[[574,0],[572,0],[701,0],[700,0],[445,0],]]
[574,8,1,[[573,0],[575,0],[702,0],[446,0],]]
[575,13,1,[[576,0],[574,0],[703,0],[702,0],[447,0],]]
[576,3,2,[[575,0],[577,0],[704,0],[448,0],]]
[577,11,2,[[578,0],[576,0],[705,0],[704,0],[449,0],]]
[578,3,2,[[577,0],[579,0],[706,0],[450,0],]]
[579,17,2,[[580,0],[578,0],[707,0],[706,0],[451,0],]]
[580,8,2,[[579,0],[581,0],[708,0],[452,0],]]
[581,14,2,[[582,0],[580,0],[709,0],[708,0],[453,0],]]
[582,15,2,[[581,0],[583,0],[710,0],[454,0],]]
[583,4,2,[[584,0],[582,0],[711,0],[710,0],[455,0],]]
[584,15,2,[[583,0],[585,0],[712,0],[456,0],]]
[585,17,2,[[586,0],[584,0],[713,0],[712,0],[457,0],]]
[586,1,2,[[585,0],[587,0],[714,0],[458,0],]]
[587,7,2,[[588,0],[586,0],[715,0],[714,0],[459,0],]]
[588,15,2,[[587,0],[589,0],[716,0],[460,0],]]
[589,10,2,[[590,0],[588,0],[717,0],[716,0],[461,0],]]
[590,1,2,[[589,0],[591,0],[718,0],[462,0],]]
[591,16,2,[[592,0],[590,0],[719,0],[718,0],[463,0],]]
[592,6,2,[[591,0],[593,0],[720,0],[464,0],]]
[593,18,2,[[594,0],[592,0],[721,0],[720,0],[465,0],]]
[594,5,2,[[593,0],[595,0],[722,0],[466,0],]]
[595,11,2,[[596,0],[594,0],[723,0],[722,0],[467,0],]]
[596,19,2,[[595,0],[597,0],[724,0],[468,0],]]
[597,15,2,[[598,0],[596,0],[725,0],[724,0],[469,0],]]
[598,10,2,[[597,0],[599,0],[726,0],[470,0],]]
[599,14,2,[[600,0],[598,0],[727,0],[726,0],[471,0],]]
[600,11,2,[[599,0],[601,0],[728,0],[472,0],]]
[601,11,2,[[602,0],[600,0],[729,0],[728,0],[473,0],]]
[602,17,2,[[601,0],[603,0],[730,0],[474,0],]]
[603,6,2,[[604,0],[602,0],[731,0],[730,0],[475,0],]]
[604,14,2,[[603,0],[605,0],[732,0],[476,0],]]
[605,18,2,[[606,0],[604,0],[733,0],[732,0],[477,0],]]
[606,5,2,[[605,0],[607,0],[734,0],[478,0],]]
[607,15,2,[[608,0],[606,0],[735,0],[734,0],[479,0],]]
[608,1,3,[[607,0],[609,0],[736,0],[480,0],]]
[609,19,3,[[610,0],[608,0],[737,0],[736,0],[481,0],]]
[610,11,3,[[609,0],[611,0],[738,0],[482,0],]]
[611,14,3,[[612,0],[610,0],[739,0],[738,0],[483,0],]]
[612,15,3,[[611,0],[613,0],[740,0],[484,0],]]
[613,18,3,[[614,0],[612,0],[741,0],[740,0],[485,0],]]
[614,6,3,[[613,0],[615,0],[742,0],[486,0],]]
[615,5,3,[[616,0],[614,0],[743,0],[742,0],[487,0],]]
[616,16,3,[[615,0],[617,0],[744,0],[488,0],]]
[617,3,3,[[618,0],[616,0],[745,0],[744,0],[489,0],]]
[618,15,3,[[617,0],[619,0],[746,0],[490,0],]]
[619,19,3,[[620,0],[618,0],[747,0],[746,0],[491,0],]]
[620,13,3,[[619,0],[621,0],[748,0],[492,0],]]
[621,12,3,[[622,0],[620,0],[749,0],[748,0],[493,0],]]
[622,7,3,[[621,0],[623,0],[750,0],[494,0],]]
[623,8,3,[[624,0],[622,0],[751,0],[750,0],[495,0],]]
[624,8,3,[[623,0],[625,0],[752,0],[496,0],]]
[625,10,3,[[626,0],[624,0],[753,0],[752,0],[497,0],]]
[626,9,3,[[625,0],[627,0],[754,0],[498,0],]]
[627,7,3,[[628,0],[626,0],[755,0],[754,0],[499,0],]]
[628,1,3,[[627,0],[629,0],[756,0],[500,0],]]
[629,13,3,[[630,0],[628,0],[757,0],[756,0],[501,0],]]
[630,12,3,[[629,0],[631,0],[758,0],[502,0],]]
[631,15,3,[[632,0],[630,0],[759,0],[758,0],[503,0],]]
[632,10,3,[[631,0],[633,0],[760,0],[504,0],]]
[633,17,3,[[634,0],[632,0],[761,0],[760,0],[505,0],]]
[634,15,3,[[633,0],[635,0],[762,0],[506,0],]]
[635,12,3,[[636,0],[634,0],[763,0],[762,0],[507,0],]]
[636,3,3,[[635,0],[637,0],[764,0],[508,0],]]
[637,11,3,[[638,0],[636,0],[765,0],[764,0],[509,0],]]
[638,17,3,[[637,0],[639,0],[766,0],[510,0],]]
[639,7,3,[[638,0],[767,0],[766,0],[511,0],]]
[640,9,0,[[641,0],[512,0],[513,0],[768,0],]]
[641,11,0,[[642,0],[640,0],[513,0],[769,0],]]
[642,2,0,[[641,0],[643,0],[514,0],[515,0],[770,0],]]
[643,5,0,[[644,0],[642,0],[515,0],[771,0],]]
[644,15,0,[[643,0],[645,0],[516,0],[517,0],[772,0],]]
[645,15,0,[[646,0],[644,0],[517,0],[773,0],]]
[646,17,0,[[645,0],[647,0],[518,0],[519,0],[774,0],]]
[647,5,0,[[648,0],[646,0],[519,0],[775,0],]]
[648,6,0,[[647,0],[649,0],[520,0],[521,0],[776,0],]]
[649,9,0,[[650,0],[648,0],[521,0],[777,0],]]
[650,17,0,[[649,0],[651,0],[522,0],[523,0],[778,0],]]
[651,11,0,[[652,0],[650,0],[523,0],[779,0],]]
[652,4,0,[[651,0],[653,0],[524,0],[525,0],[780,0],]]
[653,12,0,[[654,0],[652,0],[525,0],[781,0],]]
[654,1,0,[[653,0],[655,0],[526,0],[527,0],[782,0],]]
