[5734,2,7,[[5733,0],[5735,0],[5862,0],[5606,0],]]
[5735,17,7,[[5736,0],[5734,0],[5863,0],[5862,0],[5607,0],]]
[5736,12,7,[[5735,0],[5737,0],[5864,0],[5608,0],]]
[5737,4,7,[[5738,0],[5736,0],[5865,0],[5864,0],[5609,0],]]
[5738,3,7,[[5737,0],[5739,0],[5866,0],[5610,0],]]
[5739,4,7,[[5740,0],[5738,0],[5867,0],[5866,0],[5611,0],]]
[5740,7,7,[[5739,0],[5741,0],[5868,0],[5612,0],]]
[5741,5,7,[[5742,0],[5740,0],[5869,0],[5868,0],[5613,0],]]
[5742,13,7,[[5741,0],[5743,0],[5870,0],[5614,0],]]
[5743,2,7,[[5744,0],[5742,0],[5871,0],[5870,0],[5615,0],]]
[5744,6,7,[[5743,0],[5745,0],[5872,0],[5616,0],]]
[5745,14,7,[[5746,0],[5744,0],[5873,0],[5872,0],[5617,0],]]
[5746,8,7,[[5745,0],[5747,0],[5874,0],[5618,0],]]
[5747,2,7,[[5748,0],[5746,0],[5875,0],[5874,0],[5619,0],]]
[5748,4,7,[[5747,0],[5749,0],[5876,0],[5620,0],]]
[5749,7,7,[[5750,0],[5748,0],[5877,0],[5876,0],[5621,0],]]
[5750,19,7,[[5749,0],[5751,0],[5878,0],[5622,0],]]
[5751,8,7,[[5752,0],[5750,0],[5879,0],[5878,0],[5623,0],]]
[5752,16,7,[[5751,0],[5753,0],[5880,0],[5624,0],]]
[5753,11,7,[[5754,0],[5752,0],[5881,0],[5880,0],[5625,0],]]
[5754,4,7,[[5753,0],[5755,0],[5882,0],[5626,0],]]
[5755,11,7,[[5756,0],[5754,0],[5883,0],[5882,0],[5627,0],]]
[5756,19,7,[[5755,0],[5757,0],[5884,0],[5628,0],]]
[5757,8,7,[[5758,0],[5756,0],[5885,0],[5884,0],[5629,0],]]
[5758,18,7,[[5757,0],[5759,0],[5886,0],[5630,0],]]
[5759,17,7,[[5758,0],[5887,0],[5886,0],[5631,0],]]
[5760,6,4,[[5761,0],[5632,0],[5633,0],[5888,0],]]
[5761,11,4,[[5762,0],[5760,0],[5633,0],[5889,0],]]
[5762,9,4,[[5761,0],[5763,0],[5634,0],[5635,0],[5890,0],]]
[5763,13,4,[[5764,0],[5762,0],[5635,0],[5891,0],]]
[5764,10,4,[[5763,0],[5765,0],[5636,0],[5637,0],[5892,0],]]
[5765,7,4,[[5766,0],[5764,0],[5637,0],[5893,0],]]
[5766,17,4,[[5765,0],[5767,0],[5638,0],[5639,0],[5894,0],]]
[5767,5,4,[[5768,0],[5766,0],[5639,0],[5895,0],]]
[5768,10,4,[[5767,0],[5769,0],[5640,0],[5641,0],[5896,0],]]
[5769,1,4,[[5770,0],[5768,0],[5641,0],[5897,0],]]
[5770,8,4,[[5769,0],[5771,0],[5642,0],[5643,0],[5898,0],]]
[5771,4,4,[[5772,0],[5770,0],[5643,0],[5899,0],]]
[5772,8,4,[[5771,0],[5773,0],[5644,0],[5645,0],[5900,0],]]
[5773,11,4,[[5774,0],[5772,0],[5645,0],[5901,0],]]
[5774,6,4,[[5773,0],[5775,0],[5646,0],[5647,0],[5902,0],]]
[5775,17,4,[[5776,0],[5774,0],[5647,0],[5903,0],]]
[5776,15,4,[[5775,0],[5777,0],[5648,0],[5649,0],[5904,0],]]
[5777,13,4,[[5778,0],[5776,0],[5649,0],[5905,0],]]
[5778,2,4,[[5777,0],[5779,0],[5650,0],[5651,0],[5906,0],]]
[5779,16,4,[[5780,0],[5778,0],[5651,0],[5907,0],]]
[5780,13,4,[[5779,0],[5781,0],[5652,0],[5653,0],[5908,0],]]
[5781,17,4,[[5782,0],[5780,0],[5653,0],[5909,0],]]
[5782,12,4,[[5781,0],[5783,0],[5654,0],[5655,0],[5910,0],]]
[5783,14,4,[[5784,0],[5782,0],[5655,0],[5911,0],]]
[5784,2,4,[[5783,0],[5785,0],[5656,0],[5657,0],[5912,0],]]
[5785,6,4,[[5786,0],[5784,0],[5657,0],[5913,0],]]
[5786,8,4,[[5785,0],[5787,0],[5658,0],[5659,0],[5914,0],]]
[5787,13,4,[[5788,0],[5786,0],[5659,0],[5915,0],]]
[5788,16,4,[[5787,0],[5789,0],[5660,0],[5661,0],[5916,0],]]
[5789,8,4,[[5790,0],[5788,0],[5661,0],[5917,0],]]
[5790,13,4,[[5789,0],[5791,0],[5662,0],[5663,0],[5918,0],]]
[5791,14,4,[[5792,0],[5790,0],[5663,0],[5919,0],]]
[5792,12,5,[[5791,0],[5793,0],[5664,0],[5665,0],[5920,0],]]
[5793,9,5,[[5794,0],[5792,0],[5665,0],[5921,0],]]
[5794,7,5,[[5793,0],[5795,0],[5666,0],[5667,0],[5922,0],]]
[5795,18,5,[[5796,0],[5794,0],[5667,0],[5923,0],]]
[5796,1,5,[[5795,0],[5797,0],[5668,0],[5669,0],[5924,0],]]
[5797,6,5,[[5798,0],[5796,0],[5669,0],[5925,0],]]
[5798,4,5,[[5797,0],[5799,0],[5670,0],[5671,0],[5926,0],]]
[5799,16,5,[[5800,0],[5798,0],[5671,0],[5927,0],]]
[5800,2,5,[[5799,0],[5801,0],[5672,0],[5673,0],[5928,0],]]
[5801,13,5,[[5802,0],[5800,0],[5673,0],[5929,0],]]
[5802,3,5,[[5801,0],[5803,0],[5674,0],[5675,0],[5930,0],]]
[5803,14,5,[[5804,0],[5802,0],[5675,0],[5931,0],]]
[5804,2,5,[[5803,0],[5805,0],[5676,0],[5677,0],[5932,0],]]
[5805,10,5,[[5806,0],[5804,0],[5677,0],[5933,0],]]
[5806,14,5,[[5805,0],[5807,0],[5678,0],[5679,0],[5934,0],]]
[5807,6,5,[[5808,0],[5806,0],[5679,0],[5935,0],]]
[5808,1,5,[[5807,0],[5809,0],[5680,0],[5681,0],[5936,0],]]
[5809,5,5,[[5810,0],[5808,0],[5681,0],[5937,0],]]
[5810,6,5,[[5809,0],[5811,0],[5682,0],[5683,0],[5938,0],]]
[5811,3,5,[[5812,0],[5810,0],[5683,0],[5939,0],]]
[5812,9,5,[[5811,0],[5813,0],[5684,0],[5685,0],[5940,0],]]
[5813,13,5,[[5814,0],[5812,0],[5685,0],[5941,0],]]
[5814,11,5,[[5813,0],[5815,0],[5686,0],[5687,0],[5942,0],]]
[5815,1,5,[[5816,0],[5814,0],[5687,0],[5943,0],]]
[5816,19,5,[[5815,0],[5817,0],[5688,0],[5689,0],[5944,0],]]
[5817,18,5,[[5818,0],[5816,0],[5689,0],[5945,0],]]
[5818,9,5,[[5817,0],[5819,0],[5690,0],[5691,0],[5946,0],]]
[5819,19,5,[[5820,0],[5818,0],[5691,0],[5947,0],]]
[5820,5,5,[[5819,0],[5821,0],[5692,0],[5693,0],[5948,0],]]
[5821,6,5,[[5822,0],[5820,0],[5693,0],[5949,0],]]
[5822,2,5,[[5821,0],[5823,0],[5694,0],[5695,0],[5950,0],]]
[5823,3,5,[[5824,0],[5822,0],[5695,0],[5951,0],]]
[5824,8,6,[[5823,0],[5825,0],[5696,0],[5697,0],[5952,0],]]
[5825,15,6,[[5826,0],[5824,0],[5697,0],[5953,0],]]
[5826,12,6,[[5825,0],[5827,0],[5698,0],[5699,0],[5954,0],]]
[5827,17,6,[[5828,0],[5826,0],[5699,0],[5955,0],]]
[5828,10,6,[[5827,0],[5829,0],[5700,0],[5701,0],[5956,0],]]
[5829,10,6,[[5830,0],[5828,0],[5701,0],[5957,0],]]
[5830,11,6,[[5829,0],[5831,0],[5702,0],[5703,0],[5958,0],]]
[5831,17,6,[[5832,0],[5830,0],[5703,0],[5959,0],]]
[5832,13,6,[[5831,0],[5833,0],[5704,0],[5705,0],[5960,0],]]
[5833,12,6,[[5834,0],[5832,0],[5705,0],[5961,0],]]
[5834,9,6,[[5833,0],[5835,0],[5706,0],[5707,0],[5962,0],]]
[5835,11,6,[[5836,0],[5834,0],[5707,0],[5963,0],]]
[5836,6,6,[[5835,0],[5837,0],[5708,0],[5709,0],[5964,0],]]
[5837,18,6,[[5838,0],[5836,0],[5709,0],[5965,0],]]
[5838,18,6,[[5837,0],[5839,0],[5710,0],[5711,0],[5966,0],]]
[5839,12,6,[[5840,0],[5838,0],[5711,0],[5967,0],]]
[5840,19,6,[[5839,0],[5841,0],[5712,0],[5713,0],[5968,0],]]
[5841,18,6,[[5842,0],[5840,0],[5713,0],[5969,0],]]
[5842,9,6,[[5841,0],[5843,0],[5714,0],[5715,0],[5970,0],]]
[5843,14,6,[[5844,0],[5842,0],[5715,0],[5971,0],]]
[5844,3,6,[[5843,0],[5845,0],[5716,0],[5717,0],[5972,0],]]
[5845,1,6,[[5846,0],[5844,0],[5717,0],[5973,0],]]
[5846,13,6,[[5845,0],[5847,0],[5718,0],[5719,0],[5974,0],]]
[5847,7,6,[[5848,0],[5846,0],[5719,0],[5975,0],]]
[5848,19,6,[[5847,0],[5849,0],[5720,0],[5721,0],[5976,0],]]
[5849,2,6,[[5850,0],[5848,0],[5721,0],[5977,0],]]
[5850,19,6,[[5849,0],[5851,0],[5722,0],[5723,0],[5978,0],]]
[5851,3,6,[[5852,0],[5850,0],[5723,0],[5979,0],]]
[5852,9,6,[[5851,0],[5853,0],[5724,0],[5725,0],[5980,0],]]
[5853,13,6,[[5854,0],[5852,0],[5725,0],[5981,0],]]
[5854,14,6,[[5853,0],[5855,0],[5726,0],[5727,0],[5982,0],]]
[5855,13,6,[[5856,0],[5854,0],[5727,0],[5983,0],]]
[5856,3,7,[[5855,0],[5857,0],[5728,0],[5729,0],[5984,0],]]
[5857,16,7,[[5858,0],[5856,0],[5729,0],[5985,0],]]
[5858,4,7,[[5857,0],[5859,0],[5730,0],[5731,0],[5986,0],]]
[5859,3,7,[[5860,0],[5858,0],[5731,0],[5987,0],]]
[5860,17,7,[[5859,0],[5861,0],[5732,0],[5733,0],[5988,0],]]
[5861,2,7,[[5862,0],[5860,0],[5733,0],[5989,0],]]
[5862,4,7,[[5861,0],[5863,0],[5734,0],[5735,0],[5990,0],]]
[5863,16,7,[[5864,0],[5862,0],[5735,0],[5991,0],]]
[5864,15,7,[[5863,0],[5865,0],[5736,0],[5737,0],[5992,0],]]
[5865,12,7,[[5866,0],[5864,0],[5737,0],[5993,0],]]
[5866,2,7,[[5865,0],[5867,0],[5738,0],[5739,0],[5994,0],]]
[5867,4,7,[[5868,0],[5866,0],[5739,0],[5995,0],]]
[5868,14,7,[[5867,0],[5869,0],[5740,0],[5741,0],[5996,0],]]
[5869,1,7,[[5870,0],[5868,0],[5741,0],[5997,0],]]
[5870,11,7,[[5869,0],[5871,0],[5742,0],[5743,0],[5998,0],]]
[5871,1,7,[[5872,0],[5870,0],[5743,0],[5999,0],]]
[5872,7,7,[[5871,0],[5873,0],[5744,0],[5745,0],[6000,0],]]
[5873,3,7,[[5874,0],[5872,0],[5745,0],[6001,0],]]
[5874,2,7,[[5873,0],[5875,0],[5746,0],[5747,0],[6002,0],]]
[5875,1,7,[[5876,0],[5874,0],[5747,0],[6003,0],]]
[5876,18,7,[[5875,0],[5877,0],[5748,0],[5749,0],[6004,0],]]
[5877,19,7,[[5878,0],[5876,0],[5749,0],[6005,0],]]
[5878,3,7,[[5877,0],[5879,0],[5750,0],[5751,0],[6006,0],]]
[5879,15,7,[[5880,0],[5878,0],[5751,0],[6007,0],]]
[5880,5,7,[[5879,0],[5881,0],[5752,0],[5753,0],[6008,0],]]
[5881,13,7,[[5882,0],[5880,0],[5753,0],[6009,0],]]
[5882,11,7,[[5881,0],[5883,0],[5754,0],[5755,0],[6010,0],]]
[5883,9,7,[[5884,0],[5882,0],[5755,0],[6011,0],]]
[5884,9,7,[[5883,0],[5885,0],[5756,0],[5757,0],[6012,0],]]
[5885,1,7,[[5886,0],[5884,0],[5757,0],[6013,0],]]
[5886,14,7,[[5885,0],[5887,0],[5758,0],[5759,0],[6014,0],]]
[5887,6,7,[[5886,0],[5759,0],[6015,0],]]
[5888,13,4,[[5889,0],[6016,0],[5760,0],]]
[5889,6,4,[[5890,0],[5888,0],[6017,0],[6016,0],[5761,0],]]
[5890,17,4,[[5889,0],[5891,0],[6018,0],[5762,0],]]
[5891,8,4,[[5892,0],[5890,0],[6019,0],[6018,0],[5763,0],]]
[5892,6,4,[[5891,0],[5893,0],[6020,0],[5764,0],]]
[5893,14,4,[[5894,0],[5892,0],[6021,0],[6020,0],[5765,0],]]
[5894,18,4,[[5893,0],[5895,0],[6022,0],[5766,0],]]
[5895,18,4,[[5896,0],[5894,0],[6023,0],[6022,0],[5767,0],]]
[5896,5,4,[[5895,0],[5897,0],[6024,0],[5768,0],]]
[5897,19,4,[[5898,0],[5896,0],[6025,0],[6024,0],[5769,0],]]
