[5898,11,4,[[5897,0],[5899,0],[6026,0],[5770,0],]]
[5899,4,4,[[5900,0],[5898,0],[6027,0],[6026,0],[5771,0],]]
[5900,15,4,[[5899,0],[5901,0],[6028,0],[5772,0],]]
[5901,14,4,[[5902,0],[5900,0],[6029,0],[6028,0],[5773,0],]]
[5902,14,4,[[5901,0],[5903,0],[6030,0],[5774,0],]]
[5903,12,4,[[5904,0],[5902,0],[6031,0],[6030,0],[5775,0],]]
[5904,5,4,[[5903,0],[5905,0],[6032,0],[5776,0],]]
[5905,14,4,[[5906,0],[5904,0],[6033,0],[6032,0],[5777,0],]]
[5906,5,4,[[5905,0],[5907,0],[6034,0],[5778,0],]]
[5907,14,4,[[5908,0],[5906,0],[6035,0],[6034,0],[5779,0],]]
[5908,9,4,[[5907,0],[5909,0],[6036,0],[5780,0],]]
[5909,9,4,[[5910,0],[5908,0],[6037,0],[6036,0],[5781,0],]]
[5910,18,4,[[5909,0],[5911,0],[6038,0],[5782,0],]]
[5911,4,4,[[5912,0],[5910,0],[6039,0],[6038,0],[5783,0],]]
[5912,14,4,[[5911,0],[5913,0],[6040,0],[5784,0],]]
[5913,19,4,[[5914,0],[5912,0],[6041,0],[6040,0],[5785,0],]]
[5914,18,4,[[5913,0],[5915,0],[6042,0],[5786,0],]]
[5915,2,4,[[5916,0],[5914,0],[6043,0],[6042,0],[5787,0],]]
[5916,13,4,[[5915,0],[5917,0],[6044,0],[5788,0],]]
[5917,14,4,[[5918,0],[5916,0],[6045,0],[6044,0],[5789,0],]]
[5918,10,4,[[5917,0],[5919,0],[6046,0],[5790,0],]]
[5919,17,4,[[5920,0],[5918,0],[6047,0],[6046,0],[5791,0],]]
[5920,19,5,[[5919,0],[5921,0],[6048,0],[5792,0],]]
[5921,13,5,[[5922,0],[5920,0],[6049,0],[6048,0],[5793,0],]]
[5922,15,5,[[5921,0],[5923,0],[6050,0],[5794,0],]]
[5923,10,5,[[5924,0],[5922,0],[6051,0],[6050,0],[5795,0],]]
[5924,19,5,[[5923,0],[5925,0],[6052,0],[5796,0],]]
[5925,8,5,[[5926,0],[5924,0],[6053,0],[6052,0],[5797,0],]]
[5926,1,5,[[5925,0],[5927,0],[6054,0],[5798,0],]]
[5927,4,5,[[5928,0],[5926,0],[6055,0],[6054,0],[5799,0],]]
[5928,8,5,[[5927,0],[5929,0],[6056,0],[5800,0],]]
[5929,17,5,[[5930,0],[5928,0],[6057,0],[6056,0],[5801,0],]]
[5930,5,5,[[5929,0],[5931,0],[6058,0],[5802,0],]]
[5931,7,5,[[5932,0],[5930,0],[6059,0],[6058,0],[5803,0],]]
[5932,12,5,[[5931,0],[5933,0],[6060,0],[5804,0],]]
[5933,9,5,[[5934,0],[5932,0],[6061,0],[6060,0],[5805,0],]]
[5934,4,5,[[5933,0],[5935,0],[6062,0],[5806,0],]]
[5935,6,5,[[5936,0],[5934,0],[6063,0],[6062,0],[5807,0],]]
[5936,13,5,[[5935,0],[5937,0],[6064,0],[5808,0],]]
[5937,2,5,[[5938,0],[5936,0],[6065,0],[6064,0],[5809,0],]]
[5938,1,5,[[5937,0],[5939,0],[6066,0],[5810,0],]]
[5939,18,5,[[5940,0],[5938,0],[6067,0],[6066,0],[5811,0],]]
[5940,3,5,[[5939,0],[5941,0],[6068,0],[5812,0],]]
[5941,14,5,[[5942,0],[5940,0],[6069,0],[6068,0],[5813,0],]]
[5942,16,5,[[5941,0],[5943,0],[6070,0],[5814,0],]]
[5943,2,5,[[5944,0],[5942,0],[6071,0],[6070,0],[5815,0],]]
[5944,1,5,[[5943,0],[5945,0],[6072,0],[5816,0],]]
[5945,17,5,[[5946,0],[5944,0],[6073,0],[6072,0],[5817,0],]]
[5946,1,5,[[5945,0],[5947,0],[6074,0],[5818,0],]]
[5947,4,5,[[5948,0],[5946,0],[6075,0],[6074,0],[5819,0],]]
[5948,18,5,[[5947,0],[5949,0],[6076,0],[5820,0],]]
[5949,9,5,[[5950,0],[5948,0],[6077,0],[6076,0],[5821,0],]]
[5950,2,5,[[5949,0],[5951,0],[6078,0],[5822,0],]]
[5951,16,5,[[5952,0],[5950,0],[6079,0],[6078,0],[5823,0],]]
[5952,1,6,[[5951,0],[5953,0],[6080,0],[5824,0],]]
[5953,9,6,[[5954,0],[5952,0],[6081,0],[6080,0],[5825,0],]]
[5954,16,6,[[5953,0],[5955,0],[6082,0],[5826,0],]]
[5955,8,6,[[5956,0],[5954,0],[6083,0],[6082,0],[5827,0],]]
[5956,2,6,[[5955,0],[5957,0],[6084,0],[5828,0],]]
[5957,19,6,[[5958,0],[5956,0],[6085,0],[6084,0],[5829,0],]]
[5958,3,6,[[5957,0],[5959,0],[6086,0],[5830,0],]]
[5959,6,6,[[5960,0],[5958,0],[6087,0],[6086,0],[5831,0],]]
[5960,16,6,[[5959,0],[5961,0],[6088,0],[5832,0],]]
[5961,13,6,[[5962,0],[5960,0],[6089,0],[6088,0],[5833,0],]]
[5962,13,6,[[5961,0],[5963,0],[6090,0],[5834,0],]]
[5963,17,6,[[5964,0],[5962,0],[6091,0],[6090,0],[5835,0],]]
[5964,1,6,[[5963,0],[5965,0],[6092,0],[5836,0],]]
[5965,6,6,[[5966,0],[5964,0],[6093,0],[6092,0],[5837,0],]]
[5966,3,6,[[5965,0],[5967,0],[6094,0],[5838,0],]]
[5967,13,6,[[5968,0],[5966,0],[6095,0],[6094,0],[5839,0],]]
[5968,18,6,[[5967,0],[5969,0],[6096,0],[5840,0],]]
[5969,11,6,[[5970,0],[5968,0],[6097,0],[6096,0],[5841,0],]]
[5970,11,6,[[5969,0],[5971,0],[6098,0],[5842,0],]]
[5971,17,6,[[5972,0],[5970,0],[6099,0],[6098,0],[5843,0],]]
[5972,2,6,[[5971,0],[5973,0],[6100,0],[5844,0],]]
[5973,10,6,[[5974,0],[5972,0],[6101,0],[6100,0],[5845,0],]]
[5974,13,6,[[5973,0],[5975,0],[6102,0],[5846,0],]]
[5975,10,6,[[5976,0],[5974,0],[6103,0],[6102,0],[5847,0],]]
[5976,3,6,[[5975,0],[5977,0],[6104,0],[5848,0],]]
[5977,2,6,[[5978,0],[5976,0],[6105,0],[6104,0],[5849,0],]]
[5978,16,6,[[5977,0],[5979,0],[6106,0],[5850,0],]]
[5979,3,6,[[5980,0],[5978,0],[6107,0],[6106,0],[5851,0],]]
[5980,5,6,[[5979,0],[5981,0],[6108,0],[5852,0],]]
[5981,4,6,[[5982,0],[5980,0],[6109,0],[6108,0],[5853,0],]]
[5982,2,6,[[5981,0],[5983,0],[6110,0],[5854,0],]]
[5983,17,6,[[5984,0],[5982,0],[6111,0],[6110,0],[5855,0],]]
[5984,10,7,[[5983,0],[5985,0],[6112,0],[5856,0],]]
[5985,5,7,[[5986,0],[5984,0],[6113,0],[6112,0],[5857,0],]]
[5986,7,7,[[5985,0],[5987,0],[6114,0],[5858,0],]]
[5987,19,7,[[5988,0],[5986,0],[6115,0],[6114,0],[5859,0],]]
[5988,2,7,[[5987,0],[5989,0],[6116,0],[5860,0],]]
[5989,14,7,[[5990,0],[5988,0],[6117,0],[6116,0],[5861,0],]]
[5990,9,7,[[5989,0],[5991,0],[6118,0],[5862,0],]]
[5991,10,7,[[5992,0],[5990,0],[6119,0],[6118,0],[5863,0],]]
[5992,17,7,[[5991,0],[5993,0],[6120,0],[5864,0],]]
[5993,13,7,[[5994,0],[5992,0],[6121,0],[6120,0],[5865,0],]]
[5994,1,7,[[5993,0],[5995,0],[6122,0],[5866,0],]]
[5995,14,7,[[5996,0],[5994,0],[6123,0],[6122,0],[5867,0],]]
[5996,9,7,[[5995,0],[5997,0],[6124,0],[5868,0],]]
[5997,8,7,[[5998,0],[5996,0],[6125,0],[6124,0],[5869,0],]]
[5998,9,7,[[5997,0],[5999,0],[6126,0],[5870,0],]]
[5999,6,7,[[6000,0],[5998,0],[6127,0],[6126,0],[5871,0],]]
[6000,10,7,[[5999,0],[6001,0],[6128,0],[5872,0],]]
[6001,7,7,[[6002,0],[6000,0],[6129,0],[6128,0],[5873,0],]]
[6002,8,7,[[6001,0],[6003,0],[6130,0],[5874,0],]]
[6003,3,7,[[6004,0],[6002,0],[6131,0],[6130,0],[5875,0],]]
[6004,15,7,[[6003,0],[6005,0],[6132,0],[5876,0],]]
[6005,10,7,[[6006,0],[6004,0],[6133,0],[6132,0],[5877,0],]]
[6006,2,7,[[6005,0],[6007,0],[6134,0],[5878,0],]]
[6007,18,7,[[6008,0],[6006,0],[6135,0],[6134,0],[5879,0],]]
[6008,11,7,[[6007,0],[6009,0],[6136,0],[5880,0],]]
[6009,16,7,[[6010,0],[6008,0],[6137,0],[6136,0],[5881,0],]]
[6010,18,7,[[6009,0],[6011,0],[6138,0],[5882,0],]]
[6011,15,7,[[6012,0],[6010,0],[6139,0],[6138,0],[5883,0],]]
[6012,17,7,[[6011,0],[6013,0],[6140,0],[5884,0],]]
[6013,13,7,[[6014,0],[6012,0],[6141,0],[6140,0],[5885,0],]]
[6014,17,7,[[6013,0],[6015,0],[6142,0],[5886,0],]]
[6015,16,7,[[6014,0],[6143,0],[6142,0],[5887,0],]]
[6016,5,4,[[6017,0],[5888,0],[5889,0],[6144,0],]]
[6017,2,4,[[6018,0],[6016,0],[5889,0],[6145,0],]]
[6018,15,4,[[6017,0],[6019,0],[5890,0],[5891,0],[6146,0],]]
[6019,3,4,[[6020,0],[6018,0],[5891,0],[6147,0],]]
[6020,9,4,[[6019,0],[6021,0],[5892,0],[5893,0],[6148,0],]]
[6021,6,4,[[6022,0],[6020,0],[5893,0],[6149,0],]]
[6022,16,4,[[6021,0],[6023,0],[5894,0],[5895,0],[6150,0],]]
[6023,10,4,[[6024,0],[6022,0],[5895,0],[6151,0],]]
[6024,16,4,[[6023,0],[6025,0],[5896,0],[5897,0],[6152,0],]]
[6025,15,4,[[6026,0],[6024,0],[5897,0],[6153,0],]]
[6026,3,4,[[6025,0],[6027,0],[5898,0],[5899,0],[6154,0],]]
[6027,14,4,[[6028,0],[6026,0],[5899,0],[6155,0],]]
[6028,2,4,[[6027,0],[6029,0],[5900,0],[5901,0],[6156,0],]]
[6029,5,4,[[6030,0],[6028,0],[5901,0],[6157,0],]]
[6030,13,4,[[6029,0],[6031,0],[5902,0],[5903,0],[6158,0],]]
[6031,18,4,[[6032,0],[6030,0],[5903,0],[6159,0],]]
[6032,18,4,[[6031,0],[6033,0],[5904,0],[5905,0],[6160,0],]]
[6033,9,4,[[6034,0],[6032,0],[5905,0],[6161,0],]]
[6034,7,4,[[6033,0],[6035,0],[5906,0],[5907,0],[6162,0],]]
[6035,15,4,[[6036,0],[6034,0],[5907,0],[6163,0],]]
[6036,6,4,[[6035,0],[6037,0],[5908,0],[5909,0],[6164,0],]]
[6037,12,4,[[6038,0],[6036,0],[5909,0],[6165,0],]]
[6038,10,4,[[6037,0],[6039,0],[5910,0],[5911,0],[6166,0],]]
[6039,5,4,[[6040,0],[6038,0],[5911,0],[6167,0],]]
[6040,2,4,[[6039,0],[6041,0],[5912,0],[5913,0],[6168,0],]]
[6041,1,4,[[6042,0],[6040,0],[5913,0],[6169,0],]]
[6042,3,4,[[6041,0],[6043,0],[5914,0],[5915,0],[6170,0],]]
[6043,9,4,[[6044,0],[6042,0],[5915,0],[6171,0],]]
[6044,17,4,[[6043,0],[6045,0],[5916,0],[5917,0],[6172,0],]]
[6045,13,4,[[6046,0],[6044,0],[5917,0],[6173,0],]]
[6046,12,4,[[6045,0],[6047,0],[5918,0],[5919,0],[6174,0],]]
[6047,15,4,[[6048,0],[6046,0],[5919,0],[6175,0],]]
[6048,17,5,[[6047,0],[6049,0],[5920,0],[5921,0],[6176,0],]]
[6049,19,5,[[6050,0],[6048,0],[5921,0],[6177,0],]]
[6050,11,5,[[6049,0],[6051,0],[5922,0],[5923,0],[6178,0],]]
[6051,4,5,[[6052,0],[6050,0],[5923,0],[6179,0],]]
[6052,2,5,[[6051,0],[6053,0],[5924,0],[5925,0],[6180,0],]]
[6053,14,5,[[6054,0],[6052,0],[5925,0],[6181,0],]]
[6054,5,5,[[6053,0],[6055,0],[5926,0],[5927,0],[6182,0],]]
[6055,7,5,[[6056,0],[6054,0],[5927,0],[6183,0],]]
[6056,13,5,[[6055,0],[6057,0],[5928,0],[5929,0],[6184,0],]]
[6057,16,5,[[6058,0],[6056,0],[5929,0],[6185,0],]]
[6058,17,5,[[6057,0],[6059,0],[5930,0],[5931,0],[6186,0],]]
[6059,8,5,[[6060,0],[6058,0],[5931,0],[6187,0],]]
[6060,7,5,[[6059,0],[6061,0],[5932,0],[5933,0],[6188,0],]]
[6061,18,5,[[6062,0],[6060,0],[5933,0],[6189,0],]]
