[6062,12,5,[[6061,0],[6063,0],[5934,0],[5935,0],[6190,0],]]
[6063,3,5,[[6064,0],[6062,0],[5935,0],[6191,0],]]
[6064,13,5,[[6063,0],[6065,0],[5936,0],[5937,0],[6192,0],]]
[6065,3,5,[[6066,0],[6064,0],[5937,0],[6193,0],]]
[6066,14,5,[[6065,0],[6067,0],[5938,0],[5939,0],[6194,0],]]
[6067,16,5,[[6068,0],[6066,0],[5939,0],[6195,0],]]
[6068,4,5,[[6067,0],[6069,0],[5940,0],[5941,0],[6196,0],]]
[6069,13,5,[[6070,0],[6068,0],[5941,0],[6197,0],]]
[6070,9,5,[[6069,0],[6071,0],[5942,0],[5943,0],[6198,0],]]
[6071,19,5,[[6072,0],[6070,0],[5943,0],[6199,0],]]
[6072,3,5,[[6071,0],[6073,0],[5944,0],[5945,0],[6200,0],]]
[6073,19,5,[[6074,0],[6072,0],[5945,0],[6201,0],]]
[6074,4,5,[[6073,0],[6075,0],[5946,0],[5947,0],[6202,0],]]
[6075,9,5,[[6076,0],[6074,0],[5947,0],[6203,0],]]
[6076,17,5,[[6075,0],[6077,0],[5948,0],[5949,0],[6204,0],]]
[6077,19,5,[[6078,0],[6076,0],[5949,0],[6205,0],]]
[6078,3,5,[[6077,0],[6079,0],[5950,0],[5951,0],[6206,0],]]
[6079,15,5,[[6080,0],[6078,0],[5951,0],[6207,0],]]
[6080,6,6,[[6079,0],[6081,0],[5952,0],[5953,0],[6208,0],]]
[6081,6,6,[[6082,0],[6080,0],[5953,0],[6209,0],]]
[6082,12,6,[[6081,0],[6083,0],[5954,0],[5955,0],[6210,0],]]
[6083,7,6,[[6084,0],[6082,0],[5955,0],[6211,0],]]
[6084,14,6,[[6083,0],[6085,0],[5956,0],[5957,0],[6212,0],]]
[6085,13,6,[[6086,0],[6084,0],[5957,0],[6213,0],]]
[6086,5,6,[[6085,0],[6087,0],[5958,0],[5959,0],[6214,0],]]
[6087,6,6,[[6088,0],[6086,0],[5959,0],[6215,0],]]
[6088,16,6,[[6087,0],[6089,0],[5960,0],[5961,0],[6216,0],]]
[6089,19,6,[[6090,0],[6088,0],[5961,0],[6217,0],]]
[6090,13,6,[[6089,0],[6091,0],[5962,0],[5963,0],[6218,0],]]
[6091,14,6,[[6092,0],[6090,0],[5963,0],[6219,0],]]
[6092,2,6,[[6091,0],[6093,0],[5964,0],[5965,0],[6220,0],]]
[6093,7,6,[[6094,0],[6092,0],[5965,0],[6221,0],]]
[6094,16,6,[[6093,0],[6095,0],[5966,0],[5967,0],[6222,0],]]
[6095,5,6,[[6096,0],[6094,0],[5967,0],[6223,0],]]
[6096,11,6,[[6095,0],[6097,0],[5968,0],[5969,0],[6224,0],]]
[6097,1,6,[[6098,0],[6096,0],[5969,0],[6225,0],]]
[6098,1,6,[[6097,0],[6099,0],[5970,0],[5971,0],[6226,0],]]
[6099,14,6,[[6100,0],[6098,0],[5971,0],[6227,0],]]
[6100,19,6,[[6099,0],[6101,0],[5972,0],[5973,0],[6228,0],]]
[6101,9,6,[[6102,0],[6100,0],[5973,0],[6229,0],]]
[6102,10,6,[[6101,0],[6103,0],[5974,0],[5975,0],[6230,0],]]
[6103,6,6,[[6104,0],[6102,0],[5975,0],[6231,0],]]
[6104,6,6,[[6103,0],[6105,0],[5976,0],[5977,0],[6232,0],]]
[6105,9,6,[[6106,0],[6104,0],[5977,0],[6233,0],]]
[6106,6,6,[[6105,0],[6107,0],[5978,0],[5979,0],[6234,0],]]
[6107,4,6,[[6108,0],[6106,0],[5979,0],[6235,0],]]
[6108,1,6,[[6107,0],[6109,0],[5980,0],[5981,0],[6236,0],]]
[6109,14,6,[[6110,0],[6108,0],[5981,0],[6237,0],]]
[6110,18,6,[[6109,0],[6111,0],[5982,0],[5983,0],[6238,0],]]
[6111,2,6,[[6112,0],[6110,0],[5983,0],[6239,0],]]
[6112,14,7,[[6111,0],[6113,0],[5984,0],[5985,0],[6240,0],]]
[6113,6,7,[[6114,0],[6112,0],[5985,0],[6241,0],]]
[6114,12,7,[[6113,0],[6115,0],[5986,0],[5987,0],[6242,0],]]
[6115,6,7,[[6116,0],[6114,0],[5987,0],[6243,0],]]
[6116,3,7,[[6115,0],[6117,0],[5988,0],[5989,0],[6244,0],]]
[6117,6,7,[[6118,0],[6116,0],[5989,0],[6245,0],]]
[6118,11,7,[[6117,0],[6119,0],[5990,0],[5991,0],[6246,0],]]
[6119,12,7,[[6120,0],[6118,0],[5991,0],[6247,0],]]
[6120,8,7,[[6119,0],[6121,0],[5992,0],[5993,0],[6248,0],]]
[6121,8,7,[[6122,0],[6120,0],[5993,0],[6249,0],]]
[6122,2,7,[[6121,0],[6123,0],[5994,0],[5995,0],[6250,0],]]
[6123,15,7,[[6124,0],[6122,0],[5995,0],[6251,0],]]
[6124,15,7,[[6123,0],[6125,0],[5996,0],[5997,0],[6252,0],]]
[6125,16,7,[[6126,0],[6124,0],[5997,0],[6253,0],]]
[6126,3,7,[[6125,0],[6127,0],[5998,0],[5999,0],[6254,0],]]
[6127,4,7,[[6128,0],[6126,0],[5999,0],[6255,0],]]
[6128,16,7,[[6127,0],[6129,0],[6000,0],[6001,0],[6256,0],]]
[6129,12,7,[[6130,0],[6128,0],[6001,0],[6257,0],]]
[6130,7,7,[[6129,0],[6131,0],[6002,0],[6003,0],[6258,0],]]
[6131,6,7,[[6132,0],[6130,0],[6003,0],[6259,0],]]
[6132,1,7,[[6131,0],[6133,0],[6004,0],[6005,0],[6260,0],]]
[6133,7,7,[[6134,0],[6132,0],[6005,0],[6261,0],]]
[6134,6,7,[[6133,0],[6135,0],[6006,0],[6007,0],[6262,0],]]
[6135,7,7,[[6136,0],[6134,0],[6007,0],[6263,0],]]
[6136,8,7,[[6135,0],[6137,0],[6008,0],[6009,0],[6264,0],]]
[6137,3,7,[[6138,0],[6136,0],[6009,0],[6265,0],]]
[6138,19,7,[[6137,0],[6139,0],[6010,0],[6011,0],[6266,0],]]
[6139,19,7,[[6140,0],[6138,0],[6011,0],[6267,0],]]
[6140,16,7,[[6139,0],[6141,0],[6012,0],[6013,0],[6268,0],]]
[6141,10,7,[[6142,0],[6140,0],[6013,0],[6269,0],]]
[6142,15,7,[[6141,0],[6143,0],[6014,0],[6015,0],[6270,0],]]
[6143,17,7,[[6142,0],[6015,0],[6271,0],]]
[6144,7,4,[[6145,0],[6272,0],[6016,0],]]
[6145,2,4,[[6146,0],[6144,0],[6273,0],[6272,0],[6017,0],]]
[6146,12,4,[[6145,0],[6147,0],[6274,0],[6018,0],]]
[6147,12,4,[[6148,0],[6146,0],[6275,0],[6274,0],[6019,0],]]
[6148,9,4,[[6147,0],[6149,0],[6276,0],[6020,0],]]
[6149,15,4,[[6150,0],[6148,0],[6277,0],[6276,0],[6021,0],]]
[6150,5,4,[[6149,0],[6151,0],[6278,0],[6022,0],]]
[6151,4,4,[[6152,0],[6150,0],[6279,0],[6278,0],[6023,0],]]
[6152,15,4,[[6151,0],[6153,0],[6280,0],[6024,0],]]
[6153,14,4,[[6154,0],[6152,0],[6281,0],[6280,0],[6025,0],]]
[6154,1,4,[[6153,0],[6155,0],[6282,0],[6026,0],]]
[6155,6,4,[[6156,0],[6154,0],[6283,0],[6282,0],[6027,0],]]
[6156,6,4,[[6155,0],[6157,0],[6284,0],[6028,0],]]
[6157,8,4,[[6158,0],[6156,0],[6285,0],[6284,0],[6029,0],]]
[6158,4,4,[[6157,0],[6159,0],[6286,0],[6030,0],]]
[6159,17,4,[[6160,0],[6158,0],[6287,0],[6286,0],[6031,0],]]
[6160,1,4,[[6159,0],[6161,0],[6288,0],[6032,0],]]
[6161,13,4,[[6162,0],[6160,0],[6289,0],[6288,0],[6033,0],]]
[6162,6,4,[[6161,0],[6163,0],[6290,0],[6034,0],]]
[6163,5,4,[[6164,0],[6162,0],[6291,0],[6290,0],[6035,0],]]
[6164,10,4,[[6163,0],[6165,0],[6292,0],[6036,0],]]
[6165,1,4,[[6166,0],[6164,0],[6293,0],[6292,0],[6037,0],]]
[6166,15,4,[[6165,0],[6167,0],[6294,0],[6038,0],]]
[6167,18,4,[[6168,0],[6166,0],[6295,0],[6294,0],[6039,0],]]
[6168,4,4,[[6167,0],[6169,0],[6296,0],[6040,0],]]
[6169,10,4,[[6170,0],[6168,0],[6297,0],[6296,0],[6041,0],]]
[6170,14,4,[[6169,0],[6171,0],[6298,0],[6042,0],]]
[6171,17,4,[[6172,0],[6170,0],[6299,0],[6298,0],[6043,0],]]
[6172,11,4,[[6171,0],[6173,0],[6300,0],[6044,0],]]
[6173,5,4,[[6174,0],[6172,0],[6301,0],[6300,0],[6045,0],]]
[6174,19,4,[[6173,0],[6175,0],[6302,0],[6046,0],]]
[6175,18,4,[[6176,0],[6174,0],[6303,0],[6302,0],[6047,0],]]
[6176,7,5,[[6175,0],[6177,0],[6304,0],[6048,0],]]
[6177,11,5,[[6178,0],[6176,0],[6305,0],[6304,0],[6049,0],]]
[6178,14,5,[[6177,0],[6179,0],[6306,0],[6050,0],]]
[6179,9,5,[[6180,0],[6178,0],[6307,0],[6306,0],[6051,0],]]
[6180,8,5,[[6179,0],[6181,0],[6308,0],[6052,0],]]
[6181,5,5,[[6182,0],[6180,0],[6309,0],[6308,0],[6053,0],]]
[6182,17,5,[[6181,0],[6183,0],[6310,0],[6054,0],]]
[6183,3,5,[[6184,0],[6182,0],[6311,0],[6310,0],[6055,0],]]
[6184,15,5,[[6183,0],[6185,0],[6312,0],[6056,0],]]
[6185,19,5,[[6186,0],[6184,0],[6313,0],[6312,0],[6057,0],]]
[6186,2,5,[[6185,0],[6187,0],[6314,0],[6058,0],]]
[6187,14,5,[[6188,0],[6186,0],[6315,0],[6314,0],[6059,0],]]
[6188,1,5,[[6187,0],[6189,0],[6316,0],[6060,0],]]
[6189,15,5,[[6190,0],[6188,0],[6317,0],[6316,0],[6061,0],]]
[6190,19,5,[[6189,0],[6191,0],[6318,0],[6062,0],]]
[6191,12,5,[[6192,0],[6190,0],[6319,0],[6318,0],[6063,0],]]
[6192,11,5,[[6191,0],[6193,0],[6320,0],[6064,0],]]
[6193,15,5,[[6194,0],[6192,0],[6321,0],[6320,0],[6065,0],]]
[6194,14,5,[[6193,0],[6195,0],[6322,0],[6066,0],]]
[6195,9,5,[[6196,0],[6194,0],[6323,0],[6322,0],[6067,0],]]
[6196,5,5,[[6195,0],[6197,0],[6324,0],[6068,0],]]
[6197,18,5,[[6198,0],[6196,0],[6325,0],[6324,0],[6069,0],]]
[6198,11,5,[[6197,0],[6199,0],[6326,0],[6070,0],]]
[6199,6,5,[[6200,0],[6198,0],[6327,0],[6326,0],[6071,0],]]
[6200,10,5,[[6199,0],[6201,0],[6328,0],[6072,0],]]
[6201,18,5,[[6202,0],[6200,0],[6329,0],[6328,0],[6073,0],]]
[6202,7,5,[[6201,0],[6203,0],[6330,0],[6074,0],]]
[6203,16,5,[[6204,0],[6202,0],[6331,0],[6330,0],[6075,0],]]
[6204,3,5,[[6203,0],[6205,0],[6332,0],[6076,0],]]
[6205,4,5,[[6206,0],[6204,0],[6333,0],[6332,0],[6077,0],]]
[6206,4,5,[[6205,0],[6207,0],[6334,0],[6078,0],]]
[6207,18,5,[[6208,0],[6206,0],[6335,0],[6334,0],[6079,0],]]
[6208,16,6,[[6207,0],[6209,0],[6336,0],[6080,0],]]
[6209,3,6,[[6210,0],[6208,0],[6337,0],[6336,0],[6081,0],]]
[6210,16,6,[[6209,0],[6211,0],[6338,0],[6082,0],]]
[6211,2,6,[[6212,0],[6210,0],[6339,0],[6338,0],[6083,0],]]
[6212,18,6,[[6211,0],[6213,0],[6340,0],[6084,0],]]
[6213,17,6,[[6214,0],[6212,0],[6341,0],[6340,0],[6085,0],]]
[6214,16,6,[[6213,0],[6215,0],[6342,0],[6086,0],]]
[6215,19,6,[[6216,0],[6214,0],[6343,0],[6342,0],[6087,0],]]
[6216,2,6,[[6215,0],[6217,0],[6344,0],[6088,0],]]
[6217,15,6,[[6218,0],[6216,0],[6345,0],[6344,0],[6089,0],]]
[6218,17,6,[[6217,0],[6219,0],[6346,0],[6090,0],]]
[6219,2,6,[[6220,0],[6218,0],[6347,0],[6346,0],[6091,0],]]
[6220,14,6,[[6219,0],[6221,0],[6348,0],[6092,0],]]
[6221,16,6,[[6222,0],[6220,0],[6349,0],[6348,0],[6093,0],]]
[6222,3,6,[[6221,0],[6223,0],[6350,0],[6094,0],]]
[6223,5,6,[[6224,0],[6222,0],[6351,0],[6350,0],[6095,0],]]
[6224,13,6,[[6223,0],[6225,0],[6352,0],[6096,0],]]
