[6389,12,7,[[6390,0],[6388,0],[6261,0],[6517,0],]]
[6390,4,7,[[6389,0],[6391,0],[6262,0],[6263,0],[6518,0],]]
[6391,15,7,[[6392,0],[6390,0],[6263,0],[6519,0],]]
[6392,10,7,[[6391,0],[6393,0],[6264,0],[6265,0],[6520,0],]]
[6393,7,7,[[6394,0],[6392,0],[6265,0],[6521,0],]]
[6394,16,7,[[6393,0],[6395,0],[6266,0],[6267,0],[6522,0],]]
[6395,18,7,[[6396,0],[6394,0],[6267,0],[6523,0],]]
[6396,15,7,[[6395,0],[6397,0],[6268,0],[6269,0],[6524,0],]]
[6397,4,7,[[6398,0],[6396,0],[6269,0],[6525,0],]]
[6398,5,7,[[6397,0],[6399,0],[6270,0],[6271,0],[6526,0],]]
[6399,14,7,[[6398,0],[6271,0],[6527,0],]]
[6400,11,4,[[6401,0],[6528,0],[6272,0],]]
[6401,5,4,[[6402,0],[6400,0],[6529,0],[6528,0],[6273,0],]]
[6402,6,4,[[6401,0],[6403,0],[6530,0],[6274,0],]]
[6403,6,4,[[6404,0],[6402,0],[6531,0],[6530,0],[6275,0],]]
[6404,14,4,[[6403,0],[6405,0],[6532,0],[6276,0],]]
[6405,7,4,[[6406,0],[6404,0],[6533,0],[6532,0],[6277,0],]]
[6406,8,4,[[6405,0],[6407,0],[6534,0],[6278,0],]]
[6407,6,4,[[6408,0],[6406,0],[6535,0],[6534,0],[6279,0],]]
[6408,3,4,[[6407,0],[6409,0],[6536,0],[6280,0],]]
[6409,14,4,[[6410,0],[6408,0],[6537,0],[6536,0],[6281,0],]]
[6410,16,4,[[6409,0],[6411,0],[6538,0],[6282,0],]]
[6411,8,4,[[6412,0],[6410,0],[6539,0],[6538,0],[6283,0],]]
[6412,13,4,[[6411,0],[6413,0],[6540,0],[6284,0],]]
[6413,7,4,[[6414,0],[6412,0],[6541,0],[6540,0],[6285,0],]]
[6414,4,4,[[6413,0],[6415,0],[6542,0],[6286,0],]]
[6415,1,4,[[6416,0],[6414,0],[6543,0],[6542,0],[6287,0],]]
[6416,12,4,[[6415,0],[6417,0],[6544,0],[6288,0],]]
[6417,14,4,[[6418,0],[6416,0],[6545,0],[6544,0],[6289,0],]]
[6418,10,4,[[6417,0],[6419,0],[6546,0],[6290,0],]]
[6419,9,4,[[6420,0],[6418,0],[6547,0],[6546,0],[6291,0],]]
[6420,15,4,[[6419,0],[6421,0],[6548,0],[6292,0],]]
[6421,2,4,[[6422,0],[6420,0],[6549,0],[6548,0],[6293,0],]]
[6422,12,4,[[6421,0],[6423,0],[6550,0],[6294,0],]]
[6423,12,4,[[6424,0],[6422,0],[6551,0],[6550,0],[6295,0],]]
[6424,17,4,[[6423,0],[6425,0],[6552,0],[6296,0],]]
[6425,11,4,[[6426,0],[6424,0],[6553,0],[6552,0],[6297,0],]]
[6426,14,4,[[6425,0],[6427,0],[6554,0],[6298,0],]]
[6427,15,4,[[6428,0],[6426,0],[6555,0],[6554,0],[6299,0],]]
[6428,19,4,[[6427,0],[6429,0],[6556,0],[6300,0],]]
[6429,15,4,[[6430,0],[6428,0],[6557,0],[6556,0],[6301,0],]]
[6430,2,4,[[6429,0],[6431,0],[6558,0],[6302,0],]]
[6431,6,4,[[6432,0],[6430,0],[6559,0],[6558,0],[6303,0],]]
[6432,19,5,[[6431,0],[6433,0],[6560,0],[6304,0],]]
[6433,19,5,[[6434,0],[6432,0],[6561,0],[6560,0],[6305,0],]]
[6434,5,5,[[6433,0],[6435,0],[6562,0],[6306,0],]]
[6435,19,5,[[6436,0],[6434,0],[6563,0],[6562,0],[6307,0],]]
[6436,11,5,[[6435,0],[6437,0],[6564,0],[6308,0],]]
[6437,16,5,[[6438,0],[6436,0],[6565,0],[6564,0],[6309,0],]]
[6438,6,5,[[6437,0],[6439,0],[6566,0],[6310,0],]]
[6439,9,5,[[6440,0],[6438,0],[6567,0],[6566,0],[6311,0],]]
[6440,14,5,[[6439,0],[6441,0],[6568,0],[6312,0],]]
[6441,11,5,[[6442,0],[6440,0],[6569,0],[6568,0],[6313,0],]]
[6442,4,5,[[6441,0],[6443,0],[6570,0],[6314,0],]]
[6443,16,5,[[6444,0],[6442,0],[6571,0],[6570,0],[6315,0],]]
[6444,16,5,[[6443,0],[6445,0],[6572,0],[6316,0],]]
[6445,9,5,[[6446,0],[6444,0],[6573,0],[6572,0],[6317,0],]]
[6446,10,5,[[6445,0],[6447,0],[6574,0],[6318,0],]]
[6447,14,5,[[6448,0],[6446,0],[6575,0],[6574,0],[6319,0],]]
[6448,7,5,[[6447,0],[6449,0],[6576,0],[6320,0],]]
[6449,14,5,[[6450,0],[6448,0],[6577,0],[6576,0],[6321,0],]]
[6450,7,5,[[6449,0],[6451,0],[6578,0],[6322,0],]]
[6451,17,5,[[6452,0],[6450,0],[6579,0],[6578,0],[6323,0],]]
[6452,14,5,[[6451,0],[6453,0],[6580,0],[6324,0],]]
[6453,7,5,[[6454,0],[6452,0],[6581,0],[6580,0],[6325,0],]]
[6454,13,5,[[6453,0],[6455,0],[6582,0],[6326,0],]]
[6455,15,5,[[6456,0],[6454,0],[6583,0],[6582,0],[6327,0],]]
[6456,5,5,[[6455,0],[6457,0],[6584,0],[6328,0],]]
[6457,14,5,[[6458,0],[6456,0],[6585,0],[6584,0],[6329,0],]]
[6458,13,5,[[6457,0],[6459,0],[6586,0],[6330,0],]]
[6459,6,5,[[6460,0],[6458,0],[6587,0],[6586,0],[6331,0],]]
[6460,7,5,[[6459,0],[6461,0],[6588,0],[6332,0],]]
[6461,15,5,[[6462,0],[6460,0],[6589,0],[6588,0],[6333,0],]]
[6462,10,5,[[6461,0],[6463,0],[6590,0],[6334,0],]]
[6463,16,5,[[6464,0],[6462,0],[6591,0],[6590,0],[6335,0],]]
[6464,7,6,[[6463,0],[6465,0],[6592,0],[6336,0],]]
[6465,11,6,[[6466,0],[6464,0],[6593,0],[6592,0],[6337,0],]]
[6466,9,6,[[6465,0],[6467,0],[6594,0],[6338,0],]]
[6467,12,6,[[6468,0],[6466,0],[6595,0],[6594,0],[6339,0],]]
[6468,2,6,[[6467,0],[6469,0],[6596,0],[6340,0],]]
[6469,1,6,[[6470,0],[6468,0],[6597,0],[6596,0],[6341,0],]]
[6470,19,6,[[6469,0],[6471,0],[6598,0],[6342,0],]]
[6471,16,6,[[6472,0],[6470,0],[6599,0],[6598,0],[6343,0],]]
[6472,7,6,[[6471,0],[6473,0],[6600,0],[6344,0],]]
[6473,1,6,[[6474,0],[6472,0],[6601,0],[6600,0],[6345,0],]]
[6474,11,6,[[6473,0],[6475,0],[6602,0],[6346,0],]]
[6475,11,6,[[6476,0],[6474,0],[6603,0],[6602,0],[6347,0],]]
[6476,8,6,[[6475,0],[6477,0],[6604,0],[6348,0],]]
[6477,3,6,[[6478,0],[6476,0],[6605,0],[6604,0],[6349,0],]]
[6478,6,6,[[6477,0],[6479,0],[6606,0],[6350,0],]]
[6479,16,6,[[6480,0],[6478,0],[6607,0],[6606,0],[6351,0],]]
[6480,17,6,[[6479,0],[6481,0],[6608,0],[6352,0],]]
[6481,7,6,[[6482,0],[6480,0],[6609,0],[6608,0],[6353,0],]]
[6482,11,6,[[6481,0],[6483,0],[6610,0],[6354,0],]]
[6483,4,6,[[6484,0],[6482,0],[6611,0],[6610,0],[6355,0],]]
[6484,11,6,[[6483,0],[6485,0],[6612,0],[6356,0],]]
[6485,18,6,[[6486,0],[6484,0],[6613,0],[6612,0],[6357,0],]]
[6486,9,6,[[6485,0],[6487,0],[6614,0],[6358,0],]]
[6487,18,6,[[6488,0],[6486,0],[6615,0],[6614,0],[6359,0],]]
[6488,12,6,[[6487,0],[6489,0],[6616,0],[6360,0],]]
[6489,3,6,[[6490,0],[6488,0],[6617,0],[6616,0],[6361,0],]]
[6490,18,6,[[6489,0],[6491,0],[6618,0],[6362,0],]]
[6491,18,6,[[6492,0],[6490,0],[6619,0],[6618,0],[6363,0],]]
[6492,13,6,[[6491,0],[6493,0],[6620,0],[6364,0],]]
[6493,9,6,[[6494,0],[6492,0],[6621,0],[6620,0],[6365,0],]]
[6494,7,6,[[6493,0],[6495,0],[6622,0],[6366,0],]]
[6495,2,6,[[6496,0],[6494,0],[6623,0],[6622,0],[6367,0],]]
[6496,9,7,[[6495,0],[6497,0],[6624,0],[6368,0],]]
[6497,2,7,[[6498,0],[6496,0],[6625,0],[6624,0],[6369,0],]]
[6498,18,7,[[6497,0],[6499,0],[6626,0],[6370,0],]]
[6499,15,7,[[6500,0],[6498,0],[6627,0],[6626,0],[6371,0],]]
[6500,6,7,[[6499,0],[6501,0],[6628,0],[6372,0],]]
[6501,11,7,[[6502,0],[6500,0],[6629,0],[6628,0],[6373,0],]]
[6502,13,7,[[6501,0],[6503,0],[6630,0],[6374,0],]]
[6503,16,7,[[6504,0],[6502,0],[6631,0],[6630,0],[6375,0],]]
[6504,7,7,[[6503,0],[6505,0],[6632,0],[6376,0],]]
[6505,14,7,[[6506,0],[6504,0],[6633,0],[6632,0],[6377,0],]]
[6506,15,7,[[6505,0],[6507,0],[6634,0],[6378,0],]]
[6507,12,7,[[6508,0],[6506,0],[6635,0],[6634,0],[6379,0],]]
[6508,17,7,[[6507,0],[6509,0],[6636,0],[6380,0],]]
[6509,4,7,[[6510,0],[6508,0],[6637,0],[6636,0],[6381,0],]]
[6510,5,7,[[6509,0],[6511,0],[6638,0],[6382,0],]]
[6511,11,7,[[6512,0],[6510,0],[6639,0],[6638,0],[6383,0],]]
[6512,2,7,[[6511,0],[6513,0],[6640,0],[6384,0],]]
[6513,17,7,[[6514,0],[6512,0],[6641,0],[6640,0],[6385,0],]]
[6514,5,7,[[6513,0],[6515,0],[6642,0],[6386,0],]]
[6515,17,7,[[6516,0],[6514,0],[6643,0],[6642,0],[6387,0],]]
[6516,13,7,[[6515,0],[6517,0],[6644,0],[6388,0],]]
[6517,5,7,[[6518,0],[6516,0],[6645,0],[6644,0],[6389,0],]]
[6518,5,7,[[6517,0],[6519,0],[6646,0],[6390,0],]]
[6519,2,7,[[6520,0],[6518,0],[6647,0],[6646,0],[6391,0],]]
[6520,5,7,[[6519,0],[6521,0],[6648,0],[6392,0],]]
[6521,19,7,[[6522,0],[6520,0],[6649,0],[6648,0],[6393,0],]]
[6522,3,7,[[6521,0],[6523,0],[6650,0],[6394,0],]]
[6523,5,7,[[6524,0],[6522,0],[6651,0],[6650,0],[6395,0],]]
[6524,9,7,[[6523,0],[6525,0],[6652,0],[6396,0],]]
[6525,2,7,[[6526,0],[6524,0],[6653,0],[6652,0],[6397,0],]]
[6526,19,7,[[6525,0],[6527,0],[6654,0],[6398,0],]]
[6527,1,7,[[6526,0],[6655,0],[6654,0],[6399,0],]]
[6528,19,4,[[6529,0],[6400,0],[6401,0],[6656,0],]]
[6529,17,4,[[6530,0],[6528,0],[6401,0],[6657,0],]]
[6530,8,4,[[6529,0],[6531,0],[6402,0],[6403,0],[6658,0],]]
[6531,6,4,[[6532,0],[6530,0],[6403,0],[6659,0],]]
[6532,14,4,[[6531,0],[6533,0],[6404,0],[6405,0],[6660,0],]]
[6533,8,4,[[6534,0],[6532,0],[6405,0],[6661,0],]]
[6534,3,4,[[6533,0],[6535,0],[6406,0],[6407,0],[6662,0],]]
[6535,19,4,[[6536,0],[6534,0],[6407,0],[6663,0],]]
[6536,9,4,[[6535,0],[6537,0],[6408,0],[6409,0],[6664,0],]]
[6537,5,4,[[6538,0],[6536,0],[6409,0],[6665,0],]]
[6538,7,4,[[6537,0],[6539,0],[6410,0],[6411,0],[6666,0],]]
[6539,7,4,[[6540,0],[6538,0],[6411,0],[6667,0],]]
[6540,4,4,[[6539,0],[6541,0],[6412,0],[6413,0],[6668,0],]]
[6541,17,4,[[6542,0],[6540,0],[6413,0],[6669,0],]]
[6542,14,4,[[6541,0],[6543,0],[6414,0],[6415,0],[6670,0],]]
[6543,1,4,[[6544,0],[6542,0],[6415,0],[6671,0],]]
[6544,15,4,[[6543,0],[6545,0],[6416,0],[6417,0],[6672,0],]]
[6545,18,4,[[6546,0],[6544,0],[6417,0],[6673,0],]]
[6546,19,4,[[6545,0],[6547,0],[6418,0],[6419,0],[6674,0],]]
[6547,15,4,[[6548,0],[6546,0],[6419,0],[6675,0],]]
[6548,2,4,[[6547,0],[6549,0],[6420,0],[6421,0],[6676,0],]]
[6549,8,4,[[6550,0],[6548,0],[6421,0],[6677,0],]]
[6550,17,4,[[6549,0],[6551,0],[6422,0],[6423,0],[6678,0],]]
[6551,3,4,[[6552,0],[6550,0],[6423,0],[6679,0],]]
[6552,16,4,[[6551,0],[6553,0],[6424,0],[6425,0],[6680,0],]]
