[5242,13,7,[[5241,0],[5243,0],[5370,0],[5114,0],]]
[5243,13,7,[[5244,0],[5242,0],[5371,0],[5370,0],[5115,0],]]
[5244,8,7,[[5243,0],[5245,0],[5372,0],[5116,0],]]
[5245,5,7,[[5246,0],[5244,0],[5373,0],[5372,0],[5117,0],]]
[5246,17,7,[[5245,0],[5247,0],[5374,0],[5118,0],]]
[5247,3,7,[[5246,0],[5375,0],[5374,0],[5119,0],]]
[5248,3,4,[[5249,0],[5120,0],[5121,0],[5376,0],]]
[5249,12,4,[[5250,0],[5248,0],[5121,0],[5377,0],]]
[5250,6,4,[[5249,0],[5251,0],[5122,0],[5123,0],[5378,0],]]
[5251,17,4,[[5252,0],[5250,0],[5123,0],[5379,0],]]
[5252,3,4,[[5251,0],[5253,0],[5124,0],[5125,0],[5380,0],]]
[5253,2,4,[[5254,0],[5252,0],[5125,0],[5381,0],]]
[5254,7,4,[[5253,0],[5255,0],[5126,0],[5127,0],[5382,0],]]
[5255,9,4,[[5256,0],[5254,0],[5127,0],[5383,0],]]
[5256,13,4,[[5255,0],[5257,0],[5128,0],[5129,0],[5384,0],]]
[5257,13,4,[[5258,0],[5256,0],[5129,0],[5385,0],]]
[5258,16,4,[[5257,0],[5259,0],[5130,0],[5131,0],[5386,0],]]
[5259,18,4,[[5260,0],[5258,0],[5131,0],[5387,0],]]
[5260,8,4,[[5259,0],[5261,0],[5132,0],[5133,0],[5388,0],]]
[5261,17,4,[[5262,0],[5260,0],[5133,0],[5389,0],]]
[5262,3,4,[[5261,0],[5263,0],[5134,0],[5135,0],[5390,0],]]
[5263,15,4,[[5264,0],[5262,0],[5135,0],[5391,0],]]
[5264,18,4,[[5263,0],[5265,0],[5136,0],[5137,0],[5392,0],]]
[5265,3,4,[[5266,0],[5264,0],[5137,0],[5393,0],]]
[5266,8,4,[[5265,0],[5267,0],[5138,0],[5139,0],[5394,0],]]
[5267,6,4,[[5268,0],[5266,0],[5139,0],[5395,0],]]
[5268,1,4,[[5267,0],[5269,0],[5140,0],[5141,0],[5396,0],]]
[5269,5,4,[[5270,0],[5268,0],[5141,0],[5397,0],]]
[5270,14,4,[[5269,0],[5271,0],[5142,0],[5143,0],[5398,0],]]
[5271,16,4,[[5272,0],[5270,0],[5143,0],[5399,0],]]
[5272,14,4,[[5271,0],[5273,0],[5144,0],[5145,0],[5400,0],]]
[5273,4,4,[[5274,0],[5272,0],[5145,0],[5401,0],]]
[5274,19,4,[[5273,0],[5275,0],[5146,0],[5147,0],[5402,0],]]
[5275,8,4,[[5276,0],[5274,0],[5147,0],[5403,0],]]
[5276,3,4,[[5275,0],[5277,0],[5148,0],[5149,0],[5404,0],]]
[5277,16,4,[[5278,0],[5276,0],[5149,0],[5405,0],]]
[5278,16,4,[[5277,0],[5279,0],[5150,0],[5151,0],[5406,0],]]
[5279,17,4,[[5280,0],[5278,0],[5151,0],[5407,0],]]
[5280,19,5,[[5279,0],[5281,0],[5152,0],[5153,0],[5408,0],]]
[5281,8,5,[[5282,0],[5280,0],[5153,0],[5409,0],]]
[5282,12,5,[[5281,0],[5283,0],[5154,0],[5155,0],[5410,0],]]
[5283,6,5,[[5284,0],[5282,0],[5155,0],[5411,0],]]
[5284,13,5,[[5283,0],[5285,0],[5156,0],[5157,0],[5412,0],]]
[5285,8,5,[[5286,0],[5284,0],[5157,0],[5413,0],]]
[5286,16,5,[[5285,0],[5287,0],[5158,0],[5159,0],[5414,0],]]
[5287,10,5,[[5288,0],[5286,0],[5159,0],[5415,0],]]
[5288,9,5,[[5287,0],[5289,0],[5160,0],[5161,0],[5416,0],]]
[5289,16,5,[[5290,0],[5288,0],[5161,0],[5417,0],]]
[5290,4,5,[[5289,0],[5291,0],[5162,0],[5163,0],[5418,0],]]
[5291,9,5,[[5292,0],[5290,0],[5163,0],[5419,0],]]
[5292,12,5,[[5291,0],[5293,0],[5164,0],[5165,0],[5420,0],]]
[5293,8,5,[[5294,0],[5292,0],[5165,0],[5421,0],]]
[5294,9,5,[[5293,0],[5295,0],[5166,0],[5167,0],[5422,0],]]
[5295,6,5,[[5296,0],[5294,0],[5167,0],[5423,0],]]
[5296,3,5,[[5295,0],[5297,0],[5168,0],[5169,0],[5424,0],]]
[5297,4,5,[[5298,0],[5296,0],[5169,0],[5425,0],]]
[5298,17,5,[[5297,0],[5299,0],[5170,0],[5171,0],[5426,0],]]
[5299,11,5,[[5300,0],[5298,0],[5171,0],[5427,0],]]
[5300,7,5,[[5299,0],[5301,0],[5172,0],[5173,0],[5428,0],]]
[5301,4,5,[[5302,0],[5300,0],[5173,0],[5429,0],]]
[5302,8,5,[[5301,0],[5303,0],[5174,0],[5175,0],[5430,0],]]
[5303,4,5,[[5304,0],[5302,0],[5175,0],[5431,0],]]
[5304,11,5,[[5303,0],[5305,0],[5176,0],[5177,0],[5432,0],]]
[5305,7,5,[[5306,0],[5304,0],[5177,0],[5433,0],]]
[5306,5,5,[[5305,0],[5307,0],[5178,0],[5179,0],[5434,0],]]
[5307,4,5,[[5308,0],[5306,0],[5179,0],[5435,0],]]
[5308,19,5,[[5307,0],[5309,0],[5180,0],[5181,0],[5436,0],]]
[5309,13,5,[[5310,0],[5308,0],[5181,0],[5437,0],]]
[5310,13,5,[[5309,0],[5311,0],[5182,0],[5183,0],[5438,0],]]
[5311,7,5,[[5312,0],[5310,0],[5183,0],[5439,0],]]
[5312,3,6,[[5311,0],[5313,0],[5184,0],[5185,0],[5440,0],]]
[5313,15,6,[[5314,0],[5312,0],[5185,0],[5441,0],]]
[5314,10,6,[[5313,0],[5315,0],[5186,0],[5187,0],[5442,0],]]
[5315,17,6,[[5316,0],[5314,0],[5187,0],[5443,0],]]
[5316,9,6,[[5315,0],[5317,0],[5188,0],[5189,0],[5444,0],]]
[5317,19,6,[[5318,0],[5316,0],[5189,0],[5445,0],]]
[5318,9,6,[[5317,0],[5319,0],[5190,0],[5191,0],[5446,0],]]
[5319,3,6,[[5320,0],[5318,0],[5191,0],[5447,0],]]
[5320,4,6,[[5319,0],[5321,0],[5192,0],[5193,0],[5448,0],]]
[5321,5,6,[[5322,0],[5320,0],[5193,0],[5449,0],]]
[5322,16,6,[[5321,0],[5323,0],[5194,0],[5195,0],[5450,0],]]
[5323,17,6,[[5324,0],[5322,0],[5195,0],[5451,0],]]
[5324,15,6,[[5323,0],[5325,0],[5196,0],[5197,0],[5452,0],]]
[5325,5,6,[[5326,0],[5324,0],[5197,0],[5453,0],]]
[5326,12,6,[[5325,0],[5327,0],[5198,0],[5199,0],[5454,0],]]
[5327,15,6,[[5328,0],[5326,0],[5199,0],[5455,0],]]
[5328,7,6,[[5327,0],[5329,0],[5200,0],[5201,0],[5456,0],]]
[5329,14,6,[[5330,0],[5328,0],[5201,0],[5457,0],]]
[5330,5,6,[[5329,0],[5331,0],[5202,0],[5203,0],[5458,0],]]
[5331,8,6,[[5332,0],[5330,0],[5203,0],[5459,0],]]
[5332,4,6,[[5331,0],[5333,0],[5204,0],[5205,0],[5460,0],]]
[5333,4,6,[[5334,0],[5332,0],[5205,0],[5461,0],]]
[5334,5,6,[[5333,0],[5335,0],[5206,0],[5207,0],[5462,0],]]
[5335,19,6,[[5336,0],[5334,0],[5207,0],[5463,0],]]
[5336,14,6,[[5335,0],[5337,0],[5208,0],[5209,0],[5464,0],]]
[5337,7,6,[[5338,0],[5336,0],[5209,0],[5465,0],]]
[5338,9,6,[[5337,0],[5339,0],[5210,0],[5211,0],[5466,0],]]
[5339,6,6,[[5340,0],[5338,0],[5211,0],[5467,0],]]
[5340,1,6,[[5339,0],[5341,0],[5212,0],[5213,0],[5468,0],]]
[5341,11,6,[[5342,0],[5340,0],[5213,0],[5469,0],]]
[5342,3,6,[[5341,0],[5343,0],[5214,0],[5215,0],[5470,0],]]
[5343,8,6,[[5344,0],[5342,0],[5215,0],[5471,0],]]
[5344,9,7,[[5343,0],[5345,0],[5216,0],[5217,0],[5472,0],]]
[5345,9,7,[[5346,0],[5344,0],[5217,0],[5473,0],]]
[5346,18,7,[[5345,0],[5347,0],[5218,0],[5219,0],[5474,0],]]
[5347,17,7,[[5348,0],[5346,0],[5219,0],[5475,0],]]
[5348,3,7,[[5347,0],[5349,0],[5220,0],[5221,0],[5476,0],]]
[5349,15,7,[[5350,0],[5348,0],[5221,0],[5477,0],]]
[5350,17,7,[[5349,0],[5351,0],[5222,0],[5223,0],[5478,0],]]
[5351,10,7,[[5352,0],[5350,0],[5223,0],[5479,0],]]
[5352,17,7,[[5351,0],[5353,0],[5224,0],[5225,0],[5480,0],]]
[5353,14,7,[[5354,0],[5352,0],[5225,0],[5481,0],]]
[5354,14,7,[[5353,0],[5355,0],[5226,0],[5227,0],[5482,0],]]
[5355,3,7,[[5356,0],[5354,0],[5227,0],[5483,0],]]
[5356,16,7,[[5355,0],[5357,0],[5228,0],[5229,0],[5484,0],]]
[5357,16,7,[[5358,0],[5356,0],[5229,0],[5485,0],]]
[5358,17,7,[[5357,0],[5359,0],[5230,0],[5231,0],[5486,0],]]
[5359,7,7,[[5360,0],[5358,0],[5231,0],[5487,0],]]
[5360,16,7,[[5359,0],[5361,0],[5232,0],[5233,0],[5488,0],]]
[5361,5,7,[[5362,0],[5360,0],[5233,0],[5489,0],]]
[5362,10,7,[[5361,0],[5363,0],[5234,0],[5235,0],[5490,0],]]
[5363,18,7,[[5364,0],[5362,0],[5235,0],[5491,0],]]
[5364,4,7,[[5363,0],[5365,0],[5236,0],[5237,0],[5492,0],]]
[5365,10,7,[[5366,0],[5364,0],[5237,0],[5493,0],]]
[5366,7,7,[[5365,0],[5367,0],[5238,0],[5239,0],[5494,0],]]
[5367,7,7,[[5368,0],[5366,0],[5239,0],[5495,0],]]
[5368,17,7,[[5367,0],[5369,0],[5240,0],[5241,0],[5496,0],]]
[5369,5,7,[[5370,0],[5368,0],[5241,0],[5497,0],]]
[5370,19,7,[[5369,0],[5371,0],[5242,0],[5243,0],[5498,0],]]
[5371,1,7,[[5372,0],[5370,0],[5243,0],[5499,0],]]
[5372,19,7,[[5371,0],[5373,0],[5244,0],[5245,0],[5500,0],]]
[5373,10,7,[[5374,0],[5372,0],[5245,0],[5501,0],]]
[5374,2,7,[[5373,0],[5375,0],[5246,0],[5247,0],[5502,0],]]
[5375,8,7,[[5374,0],[5247,0],[5503,0],]]
[5376,2,4,[[5377,0],[5504,0],[5248,0],]]
[5377,6,4,[[5378,0],[5376,0],[5505,0],[5504,0],[5249,0],]]
[5378,19,4,[[5377,0],[5379,0],[5506,0],[5250,0],]]
[5379,9,4,[[5380,0],[5378,0],[5507,0],[5506,0],[5251,0],]]
[5380,19,4,[[5379,0],[5381,0],[5508,0],[5252,0],]]
[5381,9,4,[[5382,0],[5380,0],[5509,0],[5508,0],[5253,0],]]
[5382,12,4,[[5381,0],[5383,0],[5510,0],[5254,0],]]
[5383,19,4,[[5384,0],[5382,0],[5511,0],[5510,0],[5255,0],]]
[5384,16,4,[[5383,0],[5385,0],[5512,0],[5256,0],]]
[5385,19,4,[[5386,0],[5384,0],[5513,0],[5512,0],[5257,0],]]
[5386,13,4,[[5385,0],[5387,0],[5514,0],[5258,0],]]
[5387,6,4,[[5388,0],[5386,0],[5515,0],[5514,0],[5259,0],]]
[5388,15,4,[[5387,0],[5389,0],[5516,0],[5260,0],]]
[5389,8,4,[[5390,0],[5388,0],[5517,0],[5516,0],[5261,0],]]
[5390,12,4,[[5389,0],[5391,0],[5518,0],[5262,0],]]
[5391,15,4,[[5392,0],[5390,0],[5519,0],[5518,0],[5263,0],]]
[5392,6,4,[[5391,0],[5393,0],[5520,0],[5264,0],]]
[5393,6,4,[[5394,0],[5392,0],[5521,0],[5520,0],[5265,0],]]
[5394,15,4,[[5393,0],[5395,0],[5522,0],[5266,0],]]
[5395,19,4,[[5396,0],[5394,0],[5523,0],[5522,0],[5267,0],]]
[5396,14,4,[[5395,0],[5397,0],[5524,0],[5268,0],]]
[5397,13,4,[[5398,0],[5396,0],[5525,0],[5524,0],[5269,0],]]
[5398,7,4,[[5397,0],[5399,0],[5526,0],[5270,0],]]
[5399,19,4,[[5400,0],[5398,0],[5527,0],[5526,0],[5271,0],]]
[5400,13,4,[[5399,0],[5401,0],[5528,0],[5272,0],]]
[5401,11,4,[[5402,0],[5400,0],[5529,0],[5528,0],[5273,0],]]
[5402,19,4,[[5401,0],[5403,0],[5530,0],[5274,0],]]
[5403,5,4,[[5404,0],[5402,0],[5531,0],[5530,0],[5275,0],]]
[5404,4,4,[[5403,0],[5405,0],[5532,0],[5276,0],]]
[5405,10,4,[[5406,0],[5404,0],[5533,0],[5532,0],[5277,0],]]
