[6553,1,4,[[6554,0],[6552,0],[6425,0],[6681,0],]]
[6554,10,4,[[6553,0],[6555,0],[6426,0],[6427,0],[6682,0],]]
[6555,5,4,[[6556,0],[6554,0],[6427,0],[6683,0],]]
[6556,18,4,[[6555,0],[6557,0],[6428,0],[6429,0],[6684,0],]]
[6557,19,4,[[6558,0],[6556,0],[6429,0],[6685,0],]]
[6558,10,4,[[6557,0],[6559,0],[6430,0],[6431,0],[6686,0],]]
[6559,6,4,[[6560,0],[6558,0],[6431,0],[6687,0],]]
[6560,3,5,[[6559,0],[6561,0],[6432,0],[6433,0],[6688,0],]]
[6561,18,5,[[6562,0],[6560,0],[6433,0],[6689,0],]]
[6562,11,5,[[6561,0],[6563,0],[6434,0],[6435,0],[6690,0],]]
[6563,5,5,[[6564,0],[6562,0],[6435,0],[6691,0],]]
[6564,14,5,[[6563,0],[6565,0],[6436,0],[6437,0],[6692,0],]]
[6565,12,5,[[6566,0],[6564,0],[6437,0],[6693,0],]]
[6566,13,5,[[6565,0],[6567,0],[6438,0],[6439,0],[6694,0],]]
[6567,19,5,[[6568,0],[6566,0],[6439,0],[6695,0],]]
[6568,4,5,[[6567,0],[6569,0],[6440,0],[6441,0],[6696,0],]]
[6569,17,5,[[6570,0],[6568,0],[6441,0],[6697,0],]]
[6570,17,5,[[6569,0],[6571,0],[6442,0],[6443,0],[6698,0],]]
[6571,17,5,[[6572,0],[6570,0],[6443,0],[6699,0],]]
[6572,4,5,[[6571,0],[6573,0],[6444,0],[6445,0],[6700,0],]]
[6573,10,5,[[6574,0],[6572,0],[6445,0],[6701,0],]]
[6574,11,5,[[6573,0],[6575,0],[6446,0],[6447,0],[6702,0],]]
[6575,2,5,[[6576,0],[6574,0],[6447,0],[6703,0],]]
[6576,5,5,[[6575,0],[6577,0],[6448,0],[6449,0],[6704,0],]]
[6577,14,5,[[6578,0],[6576,0],[6449,0],[6705,0],]]
[6578,4,5,[[6577,0],[6579,0],[6450,0],[6451,0],[6706,0],]]
[6579,15,5,[[6580,0],[6578,0],[6451,0],[6707,0],]]
[6580,15,5,[[6579,0],[6581,0],[6452,0],[6453,0],[6708,0],]]
[6581,15,5,[[6582,0],[6580,0],[6453,0],[6709,0],]]
[6582,13,5,[[6581,0],[6583,0],[6454,0],[6455,0],[6710,0],]]
[6583,2,5,[[6584,0],[6582,0],[6455,0],[6711,0],]]
[6584,16,5,[[6583,0],[6585,0],[6456,0],[6457,0],[6712,0],]]
[6585,4,5,[[6586,0],[6584,0],[6457,0],[6713,0],]]
[6586,19,5,[[6585,0],[6587,0],[6458,0],[6459,0],[6714,0],]]
[6587,3,5,[[6588,0],[6586,0],[6459,0],[6715,0],]]
[6588,1,5,[[6587,0],[6589,0],[6460,0],[6461,0],[6716,0],]]
[6589,19,5,[[6590,0],[6588,0],[6461,0],[6717,0],]]
[6590,13,5,[[6589,0],[6591,0],[6462,0],[6463,0],[6718,0],]]
[6591,18,5,[[6592,0],[6590,0],[6463,0],[6719,0],]]
[6592,18,6,[[6591,0],[6593,0],[6464,0],[6465,0],[6720,0],]]
[6593,2,6,[[6594,0],[6592,0],[6465,0],[6721,0],]]
[6594,7,6,[[6593,0],[6595,0],[6466,0],[6467,0],[6722,0],]]
[6595,10,6,[[6596,0],[6594,0],[6467,0],[6723,0],]]
[6596,13,6,[[6595,0],[6597,0],[6468,0],[6469,0],[6724,0],]]
[6597,16,6,[[6598,0],[6596,0],[6469,0],[6725,0],]]
[6598,12,6,[[6597,0],[6599,0],[6470,0],[6471,0],[6726,0],]]
[6599,15,6,[[6600,0],[6598,0],[6471,0],[6727,0],]]
[6600,2,6,[[6599,0],[6601,0],[6472,0],[6473,0],[6728,0],]]
[6601,17,6,[[6602,0],[6600,0],[6473,0],[6729,0],]]
[6602,13,6,[[6601,0],[6603,0],[6474,0],[6475,0],[6730,0],]]
[6603,6,6,[[6604,0],[6602,0],[6475,0],[6731,0],]]
[6604,6,6,[[6603,0],[6605,0],[6476,0],[6477,0],[6732,0],]]
[6605,15,6,[[6606,0],[6604,0],[6477,0],[6733,0],]]
[6606,1,6,[[6605,0],[6607,0],[6478,0],[6479,0],[6734,0],]]
[6607,3,6,[[6608,0],[6606,0],[6479,0],[6735,0],]]
[6608,18,6,[[6607,0],[6609,0],[6480,0],[6481,0],[6736,0],]]
[6609,3,6,[[6610,0],[6608,0],[6481,0],[6737,0],]]
[6610,1,6,[[6609,0],[6611,0],[6482,0],[6483,0],[6738,0],]]
[6611,4,6,[[6612,0],[6610,0],[6483,0],[6739,0],]]
[6612,10,6,[[6611,0],[6613,0],[6484,0],[6485,0],[6740,0],]]
[6613,2,6,[[6614,0],[6612,0],[6485,0],[6741,0],]]
[6614,1,6,[[6613,0],[6615,0],[6486,0],[6487,0],[6742,0],]]
[6615,2,6,[[6616,0],[6614,0],[6487,0],[6743,0],]]
[6616,11,6,[[6615,0],[6617,0],[6488,0],[6489,0],[6744,0],]]
[6617,8,6,[[6618,0],[6616,0],[6489,0],[6745,0],]]
[6618,10,6,[[6617,0],[6619,0],[6490,0],[6491,0],[6746,0],]]
[6619,19,6,[[6620,0],[6618,0],[6491,0],[6747,0],]]
[6620,19,6,[[6619,0],[6621,0],[6492,0],[6493,0],[6748,0],]]
[6621,2,6,[[6622,0],[6620,0],[6493,0],[6749,0],]]
[6622,15,6,[[6621,0],[6623,0],[6494,0],[6495,0],[6750,0],]]
[6623,19,6,[[6624,0],[6622,0],[6495,0],[6751,0],]]
[6624,2,7,[[6623,0],[6625,0],[6496,0],[6497,0],[6752,0],]]
[6625,19,7,[[6626,0],[6624,0],[6497,0],[6753,0],]]
[6626,11,7,[[6625,0],[6627,0],[6498,0],[6499,0],[6754,0],]]
[6627,16,7,[[6628,0],[6626,0],[6499,0],[6755,0],]]
[6628,10,7,[[6627,0],[6629,0],[6500,0],[6501,0],[6756,0],]]
[6629,6,7,[[6630,0],[6628,0],[6501,0],[6757,0],]]
[6630,12,7,[[6629,0],[6631,0],[6502,0],[6503,0],[6758,0],]]
[6631,14,7,[[6632,0],[6630,0],[6503,0],[6759,0],]]
[6632,11,7,[[6631,0],[6633,0],[6504,0],[6505,0],[6760,0],]]
[6633,12,7,[[6634,0],[6632,0],[6505,0],[6761,0],]]
[6634,19,7,[[6633,0],[6635,0],[6506,0],[6507,0],[6762,0],]]
[6635,3,7,[[6636,0],[6634,0],[6507,0],[6763,0],]]
[6636,18,7,[[6635,0],[6637,0],[6508,0],[6509,0],[6764,0],]]
[6637,16,7,[[6638,0],[6636,0],[6509,0],[6765,0],]]
[6638,6,7,[[6637,0],[6639,0],[6510,0],[6511,0],[6766,0],]]
[6639,5,7,[[6640,0],[6638,0],[6511,0],[6767,0],]]
[6640,6,7,[[6639,0],[6641,0],[6512,0],[6513,0],[6768,0],]]
[6641,2,7,[[6642,0],[6640,0],[6513,0],[6769,0],]]
[6642,7,7,[[6641,0],[6643,0],[6514,0],[6515,0],[6770,0],]]
[6643,1,7,[[6644,0],[6642,0],[6515,0],[6771,0],]]
[6644,18,7,[[6643,0],[6645,0],[6516,0],[6517,0],[6772,0],]]
[6645,1,7,[[6646,0],[6644,0],[6517,0],[6773,0],]]
[6646,14,7,[[6645,0],[6647,0],[6518,0],[6519,0],[6774,0],]]
[6647,19,7,[[6648,0],[6646,0],[6519,0],[6775,0],]]
[6648,6,7,[[6647,0],[6649,0],[6520,0],[6521,0],[6776,0],]]
[6649,19,7,[[6650,0],[6648,0],[6521,0],[6777,0],]]
[6650,9,7,[[6649,0],[6651,0],[6522,0],[6523,0],[6778,0],]]
[6651,2,7,[[6652,0],[6650,0],[6523,0],[6779,0],]]
[6652,12,7,[[6651,0],[6653,0],[6524,0],[6525,0],[6780,0],]]
[6653,19,7,[[6654,0],[6652,0],[6525,0],[6781,0],]]
[6654,4,7,[[6653,0],[6655,0],[6526,0],[6527,0],[6782,0],]]
[6655,7,7,[[6654,0],[6527,0],[6783,0],]]
[6656,3,4,[[6657,0],[6784,0],[6528,0],]]
[6657,14,4,[[6658,0],[6656,0],[6785,0],[6784,0],[6529,0],]]
[6658,11,4,[[6657,0],[6659,0],[6786,0],[6530,0],]]
[6659,4,4,[[6660,0],[6658,0],[6787,0],[6786,0],[6531,0],]]
[6660,12,4,[[6659,0],[6661,0],[6788,0],[6532,0],]]
[6661,17,4,[[6662,0],[6660,0],[6789,0],[6788,0],[6533,0],]]
[6662,5,4,[[6661,0],[6663,0],[6790,0],[6534,0],]]
[6663,5,4,[[6664,0],[6662,0],[6791,0],[6790,0],[6535,0],]]
[6664,19,4,[[6663,0],[6665,0],[6792,0],[6536,0],]]
[6665,16,4,[[6666,0],[6664,0],[6793,0],[6792,0],[6537,0],]]
[6666,5,4,[[6665,0],[6667,0],[6794,0],[6538,0],]]
[6667,6,4,[[6668,0],[6666,0],[6795,0],[6794,0],[6539,0],]]
[6668,19,4,[[6667,0],[6669,0],[6796,0],[6540,0],]]
[6669,6,4,[[6670,0],[6668,0],[6797,0],[6796,0],[6541,0],]]
[6670,3,4,[[6669,0],[6671,0],[6798,0],[6542,0],]]
[6671,11,4,[[6672,0],[6670,0],[6799,0],[6798,0],[6543,0],]]
[6672,10,4,[[6671,0],[6673,0],[6800,0],[6544,0],]]
[6673,6,4,[[6674,0],[6672,0],[6801,0],[6800,0],[6545,0],]]
[6674,10,4,[[6673,0],[6675,0],[6802,0],[6546,0],]]
[6675,9,4,[[6676,0],[6674,0],[6803,0],[6802,0],[6547,0],]]
[6676,8,4,[[6675,0],[6677,0],[6804,0],[6548,0],]]
[6677,18,4,[[6678,0],[6676,0],[6805,0],[6804,0],[6549,0],]]
[6678,7,4,[[6677,0],[6679,0],[6806,0],[6550,0],]]
[6679,19,4,[[6680,0],[6678,0],[6807,0],[6806,0],[6551,0],]]
[6680,18,4,[[6679,0],[6681,0],[6808,0],[6552,0],]]
[6681,19,4,[[6682,0],[6680,0],[6809,0],[6808,0],[6553,0],]]
[6682,9,4,[[6681,0],[6683,0],[6810,0],[6554,0],]]
[6683,13,4,[[6684,0],[6682,0],[6811,0],[6810,0],[6555,0],]]
[6684,3,4,[[6683,0],[6685,0],[6812,0],[6556,0],]]
[6685,5,4,[[6686,0],[6684,0],[6813,0],[6812,0],[6557,0],]]
[6686,4,4,[[6685,0],[6687,0],[6814,0],[6558,0],]]
[6687,19,4,[[6688,0],[6686,0],[6815,0],[6814,0],[6559,0],]]
[6688,13,5,[[6687,0],[6689,0],[6816,0],[6560,0],]]
[6689,15,5,[[6690,0],[6688,0],[6817,0],[6816,0],[6561,0],]]
[6690,12,5,[[6689,0],[6691,0],[6818,0],[6562,0],]]
[6691,14,5,[[6692,0],[6690,0],[6819,0],[6818,0],[6563,0],]]
[6692,17,5,[[6691,0],[6693,0],[6820,0],[6564,0],]]
[6693,7,5,[[6694,0],[6692,0],[6821,0],[6820,0],[6565,0],]]
[6694,10,5,[[6693,0],[6695,0],[6822,0],[6566,0],]]
[6695,9,5,[[6696,0],[6694,0],[6823,0],[6822,0],[6567,0],]]
[6696,14,5,[[6695,0],[6697,0],[6824,0],[6568,0],]]
[6697,16,5,[[6698,0],[6696,0],[6825,0],[6824,0],[6569,0],]]
[6698,18,5,[[6697,0],[6699,0],[6826,0],[6570,0],]]
[6699,17,5,[[6700,0],[6698,0],[6827,0],[6826,0],[6571,0],]]
[6700,11,5,[[6699,0],[6701,0],[6828,0],[6572,0],]]
[6701,15,5,[[6702,0],[6700,0],[6829,0],[6828,0],[6573,0],]]
[6702,2,5,[[6701,0],[6703,0],[6830,0],[6574,0],]]
[6703,4,5,[[6704,0],[6702,0],[6831,0],[6830,0],[6575,0],]]
[6704,19,5,[[6703,0],[6705,0],[6832,0],[6576,0],]]
[6705,5,5,[[6706,0],[6704,0],[6833,0],[6832,0],[6577,0],]]
[6706,11,5,[[6705,0],[6707,0],[6834,0],[6578,0],]]
[6707,1,5,[[6708,0],[6706,0],[6835,0],[6834,0],[6579,0],]]
[6708,18,5,[[6707,0],[6709,0],[6836,0],[6580,0],]]
[6709,7,5,[[6710,0],[6708,0],[6837,0],[6836,0],[6581,0],]]
[6710,1,5,[[6709,0],[6711,0],[6838,0],[6582,0],]]
[6711,19,5,[[6712,0],[6710,0],[6839,0],[6838,0],[6583,0],]]
[6712,13,5,[[6711,0],[6713,0],[6840,0],[6584,0],]]
[6713,14,5,[[6714,0],[6712,0],[6841,0],[6840,0],[6585,0],]]
[6714,18,5,[[6713,0],[6715,0],[6842,0],[6586,0],]]
[6715,19,5,[[6716,0],[6714,0],[6843,0],[6842,0],[6587,0],]]
[6716,17,5,[[6715,0],[6717,0],[6844,0],[6588,0],]]
