[6881,14,7,[[6882,0],[6880,0],[6753,0],[7009,0],]]
[6882,10,7,[[6881,0],[6883,0],[6754,0],[6755,0],[7010,0],]]
[6883,11,7,[[6884,0],[6882,0],[6755,0],[7011,0],]]
[6884,11,7,[[6883,0],[6885,0],[6756,0],[6757,0],[7012,0],]]
[6885,13,7,[[6886,0],[6884,0],[6757,0],[7013,0],]]
[6886,9,7,[[6885,0],[6887,0],[6758,0],[6759,0],[7014,0],]]
[6887,14,7,[[6888,0],[6886,0],[6759,0],[7015,0],]]
[6888,18,7,[[6887,0],[6889,0],[6760,0],[6761,0],[7016,0],]]
[6889,18,7,[[6890,0],[6888,0],[6761,0],[7017,0],]]
[6890,9,7,[[6889,0],[6891,0],[6762,0],[6763,0],[7018,0],]]
[6891,1,7,[[6892,0],[6890,0],[6763,0],[7019,0],]]
[6892,4,7,[[6891,0],[6893,0],[6764,0],[6765,0],[7020,0],]]
[6893,3,7,[[6894,0],[6892,0],[6765,0],[7021,0],]]
[6894,12,7,[[6893,0],[6895,0],[6766,0],[6767,0],[7022,0],]]
[6895,8,7,[[6896,0],[6894,0],[6767,0],[7023,0],]]
[6896,4,7,[[6895,0],[6897,0],[6768,0],[6769,0],[7024,0],]]
[6897,16,7,[[6898,0],[6896,0],[6769,0],[7025,0],]]
[6898,1,7,[[6897,0],[6899,0],[6770,0],[6771,0],[7026,0],]]
[6899,19,7,[[6900,0],[6898,0],[6771,0],[7027,0],]]
[6900,16,7,[[6899,0],[6901,0],[6772,0],[6773,0],[7028,0],]]
[6901,11,7,[[6902,0],[6900,0],[6773,0],[7029,0],]]
[6902,3,7,[[6901,0],[6903,0],[6774,0],[6775,0],[7030,0],]]
[6903,2,7,[[6904,0],[6902,0],[6775,0],[7031,0],]]
[6904,10,7,[[6903,0],[6905,0],[6776,0],[6777,0],[7032,0],]]
[6905,6,7,[[6906,0],[6904,0],[6777,0],[7033,0],]]
[6906,1,7,[[6905,0],[6907,0],[6778,0],[6779,0],[7034,0],]]
[6907,13,7,[[6908,0],[6906,0],[6779,0],[7035,0],]]
[6908,17,7,[[6907,0],[6909,0],[6780,0],[6781,0],[7036,0],]]
[6909,5,7,[[6910,0],[6908,0],[6781,0],[7037,0],]]
[6910,1,7,[[6909,0],[6911,0],[6782,0],[6783,0],[7038,0],]]
[6911,11,7,[[6910,0],[6783,0],[7039,0],]]
[6912,18,4,[[6913,0],[7040,0],[6784,0],]]
[6913,17,4,[[6914,0],[6912,0],[7041,0],[7040,0],[6785,0],]]
[6914,19,4,[[6913,0],[6915,0],[7042,0],[6786,0],]]
[6915,2,4,[[6916,0],[6914,0],[7043,0],[7042,0],[6787,0],]]
[6916,8,4,[[6915,0],[6917,0],[7044,0],[6788,0],]]
[6917,9,4,[[6918,0],[6916,0],[7045,0],[7044,0],[6789,0],]]
[6918,8,4,[[6917,0],[6919,0],[7046,0],[6790,0],]]
[6919,12,4,[[6920,0],[6918,0],[7047,0],[7046,0],[6791,0],]]
[6920,7,4,[[6919,0],[6921,0],[7048,0],[6792,0],]]
[6921,11,4,[[6922,0],[6920,0],[7049,0],[7048,0],[6793,0],]]
[6922,15,4,[[6921,0],[6923,0],[7050,0],[6794,0],]]
[6923,5,4,[[6924,0],[6922,0],[7051,0],[7050,0],[6795,0],]]
[6924,9,4,[[6923,0],[6925,0],[7052,0],[6796,0],]]
[6925,15,4,[[6926,0],[6924,0],[7053,0],[7052,0],[6797,0],]]
[6926,1,4,[[6925,0],[6927,0],[7054,0],[6798,0],]]
[6927,3,4,[[6928,0],[6926,0],[7055,0],[7054,0],[6799,0],]]
[6928,2,4,[[6927,0],[6929,0],[7056,0],[6800,0],]]
[6929,4,4,[[6930,0],[6928,0],[7057,0],[7056,0],[6801,0],]]
[6930,6,4,[[6929,0],[6931,0],[7058,0],[6802,0],]]
[6931,16,4,[[6932,0],[6930,0],[7059,0],[7058,0],[6803,0],]]
[6932,5,4,[[6931,0],[6933,0],[7060,0],[6804,0],]]
[6933,1,4,[[6934,0],[6932,0],[7061,0],[7060,0],[6805,0],]]
[6934,3,4,[[6933,0],[6935,0],[7062,0],[6806,0],]]
[6935,8,4,[[6936,0],[6934,0],[7063,0],[7062,0],[6807,0],]]
[6936,14,4,[[6935,0],[6937,0],[7064,0],[6808,0],]]
[6937,5,4,[[6938,0],[6936,0],[7065,0],[7064,0],[6809,0],]]
[6938,11,4,[[6937,0],[6939,0],[7066,0],[6810,0],]]
[6939,3,4,[[6940,0],[6938,0],[7067,0],[7066,0],[6811,0],]]
[6940,9,4,[[6939,0],[6941,0],[7068,0],[6812,0],]]
[6941,13,4,[[6942,0],[6940,0],[7069,0],[7068,0],[6813,0],]]
[6942,14,4,[[6941,0],[6943,0],[7070,0],[6814,0],]]
[6943,16,4,[[6944,0],[6942,0],[7071,0],[7070,0],[6815,0],]]
[6944,1,5,[[6943,0],[6945,0],[7072,0],[6816,0],]]
[6945,7,5,[[6946,0],[6944,0],[7073,0],[7072,0],[6817,0],]]
[6946,15,5,[[6945,0],[6947,0],[7074,0],[6818,0],]]
[6947,6,5,[[6948,0],[6946,0],[7075,0],[7074,0],[6819,0],]]
[6948,18,5,[[6947,0],[6949,0],[7076,0],[6820,0],]]
[6949,12,5,[[6950,0],[6948,0],[7077,0],[7076,0],[6821,0],]]
[6950,3,5,[[6949,0],[6951,0],[7078,0],[6822,0],]]
[6951,12,5,[[6952,0],[6950,0],[7079,0],[7078,0],[6823,0],]]
[6952,5,5,[[6951,0],[6953,0],[7080,0],[6824,0],]]
[6953,1,5,[[6954,0],[6952,0],[7081,0],[7080,0],[6825,0],]]
[6954,6,5,[[6953,0],[6955,0],[7082,0],[6826,0],]]
[6955,7,5,[[6956,0],[6954,0],[7083,0],[7082,0],[6827,0],]]
[6956,18,5,[[6955,0],[6957,0],[7084,0],[6828,0],]]
[6957,8,5,[[6958,0],[6956,0],[7085,0],[7084,0],[6829,0],]]
[6958,6,5,[[6957,0],[6959,0],[7086,0],[6830,0],]]
[6959,12,5,[[6960,0],[6958,0],[7087,0],[7086,0],[6831,0],]]
[6960,6,5,[[6959,0],[6961,0],[7088,0],[6832,0],]]
[6961,8,5,[[6962,0],[6960,0],[7089,0],[7088,0],[6833,0],]]
[6962,4,5,[[6961,0],[6963,0],[7090,0],[6834,0],]]
[6963,15,5,[[6964,0],[6962,0],[7091,0],[7090,0],[6835,0],]]
[6964,3,5,[[6963,0],[6965,0],[7092,0],[6836,0],]]
[6965,8,5,[[6966,0],[6964,0],[7093,0],[7092,0],[6837,0],]]
[6966,16,5,[[6965,0],[6967,0],[7094,0],[6838,0],]]
[6967,12,5,[[6968,0],[6966,0],[7095,0],[7094,0],[6839,0],]]
[6968,17,5,[[6967,0],[6969,0],[7096,0],[6840,0],]]
[6969,6,5,[[6970,0],[6968,0],[7097,0],[7096,0],[6841,0],]]
[6970,1,5,[[6969,0],[6971,0],[7098,0],[6842,0],]]
[6971,7,5,[[6972,0],[6970,0],[7099,0],[7098,0],[6843,0],]]
[6972,1,5,[[6971,0],[6973,0],[7100,0],[6844,0],]]
[6973,11,5,[[6974,0],[6972,0],[7101,0],[7100,0],[6845,0],]]
[6974,19,5,[[6973,0],[6975,0],[7102,0],[6846,0],]]
[6975,10,5,[[6976,0],[6974,0],[7103,0],[7102,0],[6847,0],]]
[6976,5,6,[[6975,0],[6977,0],[7104,0],[6848,0],]]
[6977,9,6,[[6978,0],[6976,0],[7105,0],[7104,0],[6849,0],]]
[6978,14,6,[[6977,0],[6979,0],[7106,0],[6850,0],]]
[6979,8,6,[[6980,0],[6978,0],[7107,0],[7106,0],[6851,0],]]
[6980,9,6,[[6979,0],[6981,0],[7108,0],[6852,0],]]
[6981,18,6,[[6982,0],[6980,0],[7109,0],[7108,0],[6853,0],]]
[6982,3,6,[[6981,0],[6983,0],[7110,0],[6854,0],]]
[6983,12,6,[[6984,0],[6982,0],[7111,0],[7110,0],[6855,0],]]
[6984,3,6,[[6983,0],[6985,0],[7112,0],[6856,0],]]
[6985,4,6,[[6986,0],[6984,0],[7113,0],[7112,0],[6857,0],]]
[6986,10,6,[[6985,0],[6987,0],[7114,0],[6858,0],]]
[6987,17,6,[[6988,0],[6986,0],[7115,0],[7114,0],[6859,0],]]
[6988,5,6,[[6987,0],[6989,0],[7116,0],[6860,0],]]
[6989,15,6,[[6990,0],[6988,0],[7117,0],[7116,0],[6861,0],]]
[6990,14,6,[[6989,0],[6991,0],[7118,0],[6862,0],]]
[6991,4,6,[[6992,0],[6990,0],[7119,0],[7118,0],[6863,0],]]
[6992,2,6,[[6991,0],[6993,0],[7120,0],[6864,0],]]
[6993,10,6,[[6994,0],[6992,0],[7121,0],[7120,0],[6865,0],]]
[6994,4,6,[[6993,0],[6995,0],[7122,0],[6866,0],]]
[6995,16,6,[[6996,0],[6994,0],[7123,0],[7122,0],[6867,0],]]
[6996,3,6,[[6995,0],[6997,0],[7124,0],[6868,0],]]
[6997,9,6,[[6998,0],[6996,0],[7125,0],[7124,0],[6869,0],]]
[6998,16,6,[[6997,0],[6999,0],[7126,0],[6870,0],]]
[6999,12,6,[[7000,0],[6998,0],[7127,0],[7126,0],[6871,0],]]
[7000,2,6,[[6999,0],[7001,0],[7128,0],[6872,0],]]
[7001,17,6,[[7002,0],[7000,0],[7129,0],[7128,0],[6873,0],]]
[7002,18,6,[[7001,0],[7003,0],[7130,0],[6874,0],]]
[7003,12,6,[[7004,0],[7002,0],[7131,0],[7130,0],[6875,0],]]
[7004,7,6,[[7003,0],[7005,0],[7132,0],[6876,0],]]
[7005,7,6,[[7006,0],[7004,0],[7133,0],[7132,0],[6877,0],]]
[7006,13,6,[[7005,0],[7007,0],[7134,0],[6878,0],]]
[7007,1,6,[[7008,0],[7006,0],[7135,0],[7134,0],[6879,0],]]
[7008,4,7,[[7007,0],[7009,0],[7136,0],[6880,0],]]
[7009,2,7,[[7010,0],[7008,0],[7137,0],[7136,0],[6881,0],]]
[7010,14,7,[[7009,0],[7011,0],[7138,0],[6882,0],]]
[7011,17,7,[[7012,0],[7010,0],[7139,0],[7138,0],[6883,0],]]
[7012,15,7,[[7011,0],[7013,0],[7140,0],[6884,0],]]
[7013,1,7,[[7014,0],[7012,0],[7141,0],[7140,0],[6885,0],]]
[7014,8,7,[[7013,0],[7015,0],[7142,0],[6886,0],]]
[7015,19,7,[[7016,0],[7014,0],[7143,0],[7142,0],[6887,0],]]
[7016,3,7,[[7015,0],[7017,0],[7144,0],[6888,0],]]
[7017,4,7,[[7018,0],[7016,0],[7145,0],[7144,0],[6889,0],]]
[7018,14,7,[[7017,0],[7019,0],[7146,0],[6890,0],]]
[7019,2,7,[[7020,0],[7018,0],[7147,0],[7146,0],[6891,0],]]
[7020,9,7,[[7019,0],[7021,0],[7148,0],[6892,0],]]
[7021,11,7,[[7022,0],[7020,0],[7149,0],[7148,0],[6893,0],]]
[7022,18,7,[[7021,0],[7023,0],[7150,0],[6894,0],]]
[7023,2,7,[[7024,0],[7022,0],[7151,0],[7150,0],[6895,0],]]
[7024,9,7,[[7023,0],[7025,0],[7152,0],[6896,0],]]
[7025,10,7,[[7026,0],[7024,0],[7153,0],[7152,0],[6897,0],]]
[7026,2,7,[[7025,0],[7027,0],[7154,0],[6898,0],]]
[7027,15,7,[[7028,0],[7026,0],[7155,0],[7154,0],[6899,0],]]
[7028,15,7,[[7027,0],[7029,0],[7156,0],[6900,0],]]
[7029,4,7,[[7030,0],[7028,0],[7157,0],[7156,0],[6901,0],]]
[7030,16,7,[[7029,0],[7031,0],[7158,0],[6902,0],]]
[7031,4,7,[[7032,0],[7030,0],[7159,0],[7158,0],[6903,0],]]
[7032,13,7,[[7031,0],[7033,0],[7160,0],[6904,0],]]
[7033,18,7,[[7034,0],[7032,0],[7161,0],[7160,0],[6905,0],]]
[7034,19,7,[[7033,0],[7035,0],[7162,0],[6906,0],]]
[7035,9,7,[[7036,0],[7034,0],[7163,0],[7162,0],[6907,0],]]
[7036,2,7,[[7035,0],[7037,0],[7164,0],[6908,0],]]
[7037,16,7,[[7038,0],[7036,0],[7165,0],[7164,0],[6909,0],]]
[7038,17,7,[[7037,0],[7039,0],[7166,0],[6910,0],]]
[7039,18,7,[[7038,0],[7167,0],[7166,0],[6911,0],]]
[7040,4,4,[[7041,0],[6912,0],[6913,0],[7168,0],]]
[7041,17,4,[[7042,0],[7040,0],[6913,0],[7169,0],]]
[7042,4,4,[[7041,0],[7043,0],[6914,0],[6915,0],[7170,0],]]
[7043,13,4,[[7044,0],[7042,0],[6915,0],[7171,0],]]
[7044,2,4,[[7043,0],[7045,0],[6916,0],[6917,0],[7172,0],]]
