[6717,8,5,[[6718,0],[6716,0],[6845,0],[6844,0],[6589,0],]]
[6718,6,5,[[6717,0],[6719,0],[6846,0],[6590,0],]]
[6719,15,5,[[6720,0],[6718,0],[6847,0],[6846,0],[6591,0],]]
[6720,16,6,[[6719,0],[6721,0],[6848,0],[6592,0],]]
[6721,15,6,[[6722,0],[6720,0],[6849,0],[6848,0],[6593,0],]]
[6722,3,6,[[6721,0],[6723,0],[6850,0],[6594,0],]]
[6723,14,6,[[6724,0],[6722,0],[6851,0],[6850,0],[6595,0],]]
[6724,19,6,[[6723,0],[6725,0],[6852,0],[6596,0],]]
[6725,2,6,[[6726,0],[6724,0],[6853,0],[6852,0],[6597,0],]]
[6726,19,6,[[6725,0],[6727,0],[6854,0],[6598,0],]]
[6727,16,6,[[6728,0],[6726,0],[6855,0],[6854,0],[6599,0],]]
[6728,17,6,[[6727,0],[6729,0],[6856,0],[6600,0],]]
[6729,1,6,[[6730,0],[6728,0],[6857,0],[6856,0],[6601,0],]]
[6730,19,6,[[6729,0],[6731,0],[6858,0],[6602,0],]]
[6731,19,6,[[6732,0],[6730,0],[6859,0],[6858,0],[6603,0],]]
[6732,1,6,[[6731,0],[6733,0],[6860,0],[6604,0],]]
[6733,16,6,[[6734,0],[6732,0],[6861,0],[6860,0],[6605,0],]]
[6734,10,6,[[6733,0],[6735,0],[6862,0],[6606,0],]]
[6735,14,6,[[6736,0],[6734,0],[6863,0],[6862,0],[6607,0],]]
[6736,15,6,[[6735,0],[6737,0],[6864,0],[6608,0],]]
[6737,10,6,[[6738,0],[6736,0],[6865,0],[6864,0],[6609,0],]]
[6738,1,6,[[6737,0],[6739,0],[6866,0],[6610,0],]]
[6739,19,6,[[6740,0],[6738,0],[6867,0],[6866,0],[6611,0],]]
[6740,16,6,[[6739,0],[6741,0],[6868,0],[6612,0],]]
[6741,4,6,[[6742,0],[6740,0],[6869,0],[6868,0],[6613,0],]]
[6742,7,6,[[6741,0],[6743,0],[6870,0],[6614,0],]]
[6743,1,6,[[6744,0],[6742,0],[6871,0],[6870,0],[6615,0],]]
[6744,5,6,[[6743,0],[6745,0],[6872,0],[6616,0],]]
[6745,18,6,[[6746,0],[6744,0],[6873,0],[6872,0],[6617,0],]]
[6746,1,6,[[6745,0],[6747,0],[6874,0],[6618,0],]]
[6747,2,6,[[6748,0],[6746,0],[6875,0],[6874,0],[6619,0],]]
[6748,15,6,[[6747,0],[6749,0],[6876,0],[6620,0],]]
[6749,18,6,[[6750,0],[6748,0],[6877,0],[6876,0],[6621,0],]]
[6750,1,6,[[6749,0],[6751,0],[6878,0],[6622,0],]]
[6751,14,6,[[6752,0],[6750,0],[6879,0],[6878,0],[6623,0],]]
[6752,10,7,[[6751,0],[6753,0],[6880,0],[6624,0],]]
[6753,5,7,[[6754,0],[6752,0],[6881,0],[6880,0],[6625,0],]]
[6754,14,7,[[6753,0],[6755,0],[6882,0],[6626,0],]]
[6755,17,7,[[6756,0],[6754,0],[6883,0],[6882,0],[6627,0],]]
[6756,4,7,[[6755,0],[6757,0],[6884,0],[6628,0],]]
[6757,3,7,[[6758,0],[6756,0],[6885,0],[6884,0],[6629,0],]]
[6758,12,7,[[6757,0],[6759,0],[6886,0],[6630,0],]]
[6759,8,7,[[6760,0],[6758,0],[6887,0],[6886,0],[6631,0],]]
[6760,17,7,[[6759,0],[6761,0],[6888,0],[6632,0],]]
[6761,5,7,[[6762,0],[6760,0],[6889,0],[6888,0],[6633,0],]]
[6762,19,7,[[6761,0],[6763,0],[6890,0],[6634,0],]]
[6763,3,7,[[6764,0],[6762,0],[6891,0],[6890,0],[6635,0],]]
[6764,11,7,[[6763,0],[6765,0],[6892,0],[6636,0],]]
[6765,14,7,[[6766,0],[6764,0],[6893,0],[6892,0],[6637,0],]]
[6766,10,7,[[6765,0],[6767,0],[6894,0],[6638,0],]]
[6767,17,7,[[6768,0],[6766,0],[6895,0],[6894,0],[6639,0],]]
[6768,18,7,[[6767,0],[6769,0],[6896,0],[6640,0],]]
[6769,1,7,[[6770,0],[6768,0],[6897,0],[6896,0],[6641,0],]]
[6770,2,7,[[6769,0],[6771,0],[6898,0],[6642,0],]]
[6771,4,7,[[6772,0],[6770,0],[6899,0],[6898,0],[6643,0],]]
[6772,19,7,[[6771,0],[6773,0],[6900,0],[6644,0],]]
[6773,3,7,[[6774,0],[6772,0],[6901,0],[6900,0],[6645,0],]]
[6774,6,7,[[6773,0],[6775,0],[6902,0],[6646,0],]]
[6775,3,7,[[6776,0],[6774,0],[6903,0],[6902,0],[6647,0],]]
[6776,17,7,[[6775,0],[6777,0],[6904,0],[6648,0],]]
[6777,10,7,[[6778,0],[6776,0],[6905,0],[6904,0],[6649,0],]]
[6778,16,7,[[6777,0],[6779,0],[6906,0],[6650,0],]]
[6779,17,7,[[6780,0],[6778,0],[6907,0],[6906,0],[6651,0],]]
[6780,4,7,[[6779,0],[6781,0],[6908,0],[6652,0],]]
[6781,15,7,[[6782,0],[6780,0],[6909,0],[6908,0],[6653,0],]]
[6782,8,7,[[6781,0],[6783,0],[6910,0],[6654,0],]]
[6783,14,7,[[6782,0],[6911,0],[6910,0],[6655,0],]]
[6784,1,4,[[6785,0],[6656,0],[6657,0],[6912,0],]]
[6785,15,4,[[6786,0],[6784,0],[6657,0],[6913,0],]]
[6786,11,4,[[6785,0],[6787,0],[6658,0],[6659,0],[6914,0],]]
[6787,14,4,[[6788,0],[6786,0],[6659,0],[6915,0],]]
[6788,12,4,[[6787,0],[6789,0],[6660,0],[6661,0],[6916,0],]]
[6789,15,4,[[6790,0],[6788,0],[6661,0],[6917,0],]]
[6790,12,4,[[6789,0],[6791,0],[6662,0],[6663,0],[6918,0],]]
[6791,1,4,[[6792,0],[6790,0],[6663,0],[6919,0],]]
[6792,10,4,[[6791,0],[6793,0],[6664,0],[6665,0],[6920,0],]]
[6793,5,4,[[6794,0],[6792,0],[6665,0],[6921,0],]]
[6794,17,4,[[6793,0],[6795,0],[6666,0],[6667,0],[6922,0],]]
[6795,3,4,[[6796,0],[6794,0],[6667,0],[6923,0],]]
[6796,11,4,[[6795,0],[6797,0],[6668,0],[6669,0],[6924,0],]]
[6797,3,4,[[6798,0],[6796,0],[6669,0],[6925,0],]]
[6798,4,4,[[6797,0],[6799,0],[6670,0],[6671,0],[6926,0],]]
[6799,12,4,[[6800,0],[6798,0],[6671,0],[6927,0],]]
[6800,4,4,[[6799,0],[6801,0],[6672,0],[6673,0],[6928,0],]]
[6801,16,4,[[6802,0],[6800,0],[6673,0],[6929,0],]]
[6802,13,4,[[6801,0],[6803,0],[6674,0],[6675,0],[6930,0],]]
[6803,16,4,[[6804,0],[6802,0],[6675,0],[6931,0],]]
[6804,7,4,[[6803,0],[6805,0],[6676,0],[6677,0],[6932,0],]]
[6805,7,4,[[6806,0],[6804,0],[6677,0],[6933,0],]]
[6806,17,4,[[6805,0],[6807,0],[6678,0],[6679,0],[6934,0],]]
[6807,18,4,[[6808,0],[6806,0],[6679,0],[6935,0],]]
[6808,18,4,[[6807,0],[6809,0],[6680,0],[6681,0],[6936,0],]]
[6809,12,4,[[6810,0],[6808,0],[6681,0],[6937,0],]]
[6810,3,4,[[6809,0],[6811,0],[6682,0],[6683,0],[6938,0],]]
[6811,3,4,[[6812,0],[6810,0],[6683,0],[6939,0],]]
[6812,12,4,[[6811,0],[6813,0],[6684,0],[6685,0],[6940,0],]]
[6813,4,4,[[6814,0],[6812,0],[6685,0],[6941,0],]]
[6814,17,4,[[6813,0],[6815,0],[6686,0],[6687,0],[6942,0],]]
[6815,5,4,[[6816,0],[6814,0],[6687,0],[6943,0],]]
[6816,2,5,[[6815,0],[6817,0],[6688,0],[6689,0],[6944,0],]]
[6817,13,5,[[6818,0],[6816,0],[6689,0],[6945,0],]]
[6818,18,5,[[6817,0],[6819,0],[6690,0],[6691,0],[6946,0],]]
[6819,8,5,[[6820,0],[6818,0],[6691,0],[6947,0],]]
[6820,12,5,[[6819,0],[6821,0],[6692,0],[6693,0],[6948,0],]]
[6821,6,5,[[6822,0],[6820,0],[6693,0],[6949,0],]]
[6822,10,5,[[6821,0],[6823,0],[6694,0],[6695,0],[6950,0],]]
[6823,11,5,[[6824,0],[6822,0],[6695,0],[6951,0],]]
[6824,10,5,[[6823,0],[6825,0],[6696,0],[6697,0],[6952,0],]]
[6825,12,5,[[6826,0],[6824,0],[6697,0],[6953,0],]]
[6826,12,5,[[6825,0],[6827,0],[6698,0],[6699,0],[6954,0],]]
[6827,10,5,[[6828,0],[6826,0],[6699,0],[6955,0],]]
[6828,14,5,[[6827,0],[6829,0],[6700,0],[6701,0],[6956,0],]]
[6829,19,5,[[6830,0],[6828,0],[6701,0],[6957,0],]]
[6830,8,5,[[6829,0],[6831,0],[6702,0],[6703,0],[6958,0],]]
[6831,10,5,[[6832,0],[6830,0],[6703,0],[6959,0],]]
[6832,16,5,[[6831,0],[6833,0],[6704,0],[6705,0],[6960,0],]]
[6833,8,5,[[6834,0],[6832,0],[6705,0],[6961,0],]]
[6834,6,5,[[6833,0],[6835,0],[6706,0],[6707,0],[6962,0],]]
[6835,3,5,[[6836,0],[6834,0],[6707,0],[6963,0],]]
[6836,12,5,[[6835,0],[6837,0],[6708,0],[6709,0],[6964,0],]]
[6837,2,5,[[6838,0],[6836,0],[6709,0],[6965,0],]]
[6838,7,5,[[6837,0],[6839,0],[6710,0],[6711,0],[6966,0],]]
[6839,19,5,[[6840,0],[6838,0],[6711,0],[6967,0],]]
[6840,12,5,[[6839,0],[6841,0],[6712,0],[6713,0],[6968,0],]]
[6841,11,5,[[6842,0],[6840,0],[6713,0],[6969,0],]]
[6842,4,5,[[6841,0],[6843,0],[6714,0],[6715,0],[6970,0],]]
[6843,16,5,[[6844,0],[6842,0],[6715,0],[6971,0],]]
[6844,1,5,[[6843,0],[6845,0],[6716,0],[6717,0],[6972,0],]]
[6845,15,5,[[6846,0],[6844,0],[6717,0],[6973,0],]]
[6846,19,5,[[6845,0],[6847,0],[6718,0],[6719,0],[6974,0],]]
[6847,11,5,[[6848,0],[6846,0],[6719,0],[6975,0],]]
[6848,4,6,[[6847,0],[6849,0],[6720,0],[6721,0],[6976,0],]]
[6849,10,6,[[6850,0],[6848,0],[6721,0],[6977,0],]]
[6850,4,6,[[6849,0],[6851,0],[6722,0],[6723,0],[6978,0],]]
[6851,3,6,[[6852,0],[6850,0],[6723,0],[6979,0],]]
[6852,17,6,[[6851,0],[6853,0],[6724,0],[6725,0],[6980,0],]]
[6853,12,6,[[6854,0],[6852,0],[6725,0],[6981,0],]]
[6854,14,6,[[6853,0],[6855,0],[6726,0],[6727,0],[6982,0],]]
[6855,11,6,[[6856,0],[6854,0],[6727,0],[6983,0],]]
[6856,14,6,[[6855,0],[6857,0],[6728,0],[6729,0],[6984,0],]]
[6857,18,6,[[6858,0],[6856,0],[6729,0],[6985,0],]]
[6858,4,6,[[6857,0],[6859,0],[6730,0],[6731,0],[6986,0],]]
[6859,5,6,[[6860,0],[6858,0],[6731,0],[6987,0],]]
[6860,14,6,[[6859,0],[6861,0],[6732,0],[6733,0],[6988,0],]]
[6861,9,6,[[6862,0],[6860,0],[6733,0],[6989,0],]]
[6862,2,6,[[6861,0],[6863,0],[6734,0],[6735,0],[6990,0],]]
[6863,11,6,[[6864,0],[6862,0],[6735,0],[6991,0],]]
[6864,10,6,[[6863,0],[6865,0],[6736,0],[6737,0],[6992,0],]]
[6865,17,6,[[6866,0],[6864,0],[6737,0],[6993,0],]]
[6866,7,6,[[6865,0],[6867,0],[6738,0],[6739,0],[6994,0],]]
[6867,18,6,[[6868,0],[6866,0],[6739,0],[6995,0],]]
[6868,7,6,[[6867,0],[6869,0],[6740,0],[6741,0],[6996,0],]]
[6869,15,6,[[6870,0],[6868,0],[6741,0],[6997,0],]]
[6870,5,6,[[6869,0],[6871,0],[6742,0],[6743,0],[6998,0],]]
[6871,17,6,[[6872,0],[6870,0],[6743,0],[6999,0],]]
[6872,9,6,[[6871,0],[6873,0],[6744,0],[6745,0],[7000,0],]]
[6873,3,6,[[6874,0],[6872,0],[6745,0],[7001,0],]]
[6874,8,6,[[6873,0],[6875,0],[6746,0],[6747,0],[7002,0],]]
[6875,2,6,[[6876,0],[6874,0],[6747,0],[7003,0],]]
[6876,3,6,[[6875,0],[6877,0],[6748,0],[6749,0],[7004,0],]]
[6877,16,6,[[6878,0],[6876,0],[6749,0],[7005,0],]]
[6878,4,6,[[6877,0],[6879,0],[6750,0],[6751,0],[7006,0],]]
[6879,4,6,[[6880,0],[6878,0],[6751,0],[7007,0],]]
[6880,9,7,[[6879,0],[6881,0],[6752,0],[6753,0],[7008,0],]]
