[8028,1,6,[[8027,0],[8029,0],[8156,0],[7900,0],]]
[8029,16,6,[[8030,0],[8028,0],[8157,0],[8156,0],[7901,0],]]
[8030,8,6,[[8029,0],[8031,0],[8158,0],[7902,0],]]
[8031,1,6,[[8032,0],[8030,0],[8159,0],[8158,0],[7903,0],]]
[8032,6,7,[[8031,0],[8033,0],[8160,0],[7904,0],]]
[8033,10,7,[[8034,0],[8032,0],[8161,0],[8160,0],[7905,0],]]
[8034,10,7,[[8033,0],[8035,0],[8162,0],[7906,0],]]
[8035,4,7,[[8036,0],[8034,0],[8163,0],[8162,0],[7907,0],]]
[8036,2,7,[[8035,0],[8037,0],[8164,0],[7908,0],]]
[8037,15,7,[[8038,0],[8036,0],[8165,0],[8164,0],[7909,0],]]
[8038,5,7,[[8037,0],[8039,0],[8166,0],[7910,0],]]
[8039,7,7,[[8040,0],[8038,0],[8167,0],[8166,0],[7911,0],]]
[8040,13,7,[[8039,0],[8041,0],[8168,0],[7912,0],]]
[8041,6,7,[[8042,0],[8040,0],[8169,0],[8168,0],[7913,0],]]
[8042,4,7,[[8041,0],[8043,0],[8170,0],[7914,0],]]
[8043,5,7,[[8044,0],[8042,0],[8171,0],[8170,0],[7915,0],]]
[8044,10,7,[[8043,0],[8045,0],[8172,0],[7916,0],]]
[8045,18,7,[[8046,0],[8044,0],[8173,0],[8172,0],[7917,0],]]
[8046,5,7,[[8045,0],[8047,0],[8174,0],[7918,0],]]
[8047,1,7,[[8048,0],[8046,0],[8175,0],[8174,0],[7919,0],]]
[8048,2,7,[[8047,0],[8049,0],[8176,0],[7920,0],]]
[8049,2,7,[[8050,0],[8048,0],[8177,0],[8176,0],[7921,0],]]
[8050,4,7,[[8049,0],[8051,0],[8178,0],[7922,0],]]
[8051,3,7,[[8052,0],[8050,0],[8179,0],[8178,0],[7923,0],]]
[8052,7,7,[[8051,0],[8053,0],[8180,0],[7924,0],]]
[8053,5,7,[[8054,0],[8052,0],[8181,0],[8180,0],[7925,0],]]
[8054,3,7,[[8053,0],[8055,0],[8182,0],[7926,0],]]
[8055,9,7,[[8056,0],[8054,0],[8183,0],[8182,0],[7927,0],]]
[8056,2,7,[[8055,0],[8057,0],[8184,0],[7928,0],]]
[8057,15,7,[[8058,0],[8056,0],[8185,0],[8184,0],[7929,0],]]
[8058,17,7,[[8057,0],[8059,0],[8186,0],[7930,0],]]
[8059,14,7,[[8060,0],[8058,0],[8187,0],[8186,0],[7931,0],]]
[8060,9,7,[[8059,0],[8061,0],[8188,0],[7932,0],]]
[8061,19,7,[[8062,0],[8060,0],[8189,0],[8188,0],[7933,0],]]
[8062,3,7,[[8061,0],[8063,0],[8190,0],[7934,0],]]
[8063,15,7,[[8062,0],[8191,0],[8190,0],[7935,0],]]
[8064,9,4,[[8065,0],[7936,0],[7937,0],[8192,0],]]
[8065,2,4,[[8066,0],[8064,0],[7937,0],[8193,0],]]
[8066,10,4,[[8065,0],[8067,0],[7938,0],[7939,0],[8194,0],]]
[8067,11,4,[[8068,0],[8066,0],[7939,0],[8195,0],]]
[8068,9,4,[[8067,0],[8069,0],[7940,0],[7941,0],[8196,0],]]
[8069,12,4,[[8070,0],[8068,0],[7941,0],[8197,0],]]
[8070,10,4,[[8069,0],[8071,0],[7942,0],[7943,0],[8198,0],]]
[8071,11,4,[[8072,0],[8070,0],[7943,0],[8199,0],]]
[8072,6,4,[[8071,0],[8073,0],[7944,0],[7945,0],[8200,0],]]
[8073,8,4,[[8074,0],[8072,0],[7945,0],[8201,0],]]
[8074,14,4,[[8073,0],[8075,0],[7946,0],[7947,0],[8202,0],]]
[8075,12,4,[[8076,0],[8074,0],[7947,0],[8203,0],]]
[8076,8,4,[[8075,0],[8077,0],[7948,0],[7949,0],[8204,0],]]
[8077,5,4,[[8078,0],[8076,0],[7949,0],[8205,0],]]
[8078,1,4,[[8077,0],[8079,0],[7950,0],[7951,0],[8206,0],]]
[8079,19,4,[[8080,0],[8078,0],[7951,0],[8207,0],]]
[8080,17,4,[[8079,0],[8081,0],[7952,0],[7953,0],[8208,0],]]
[8081,12,4,[[8082,0],[8080,0],[7953,0],[8209,0],]]
[8082,8,4,[[8081,0],[8083,0],[7954,0],[7955,0],[8210,0],]]
[8083,16,4,[[8084,0],[8082,0],[7955,0],[8211,0],]]
[8084,4,4,[[8083,0],[8085,0],[7956,0],[7957,0],[8212,0],]]
[8085,17,4,[[8086,0],[8084,0],[7957,0],[8213,0],]]
[8086,14,4,[[8085,0],[8087,0],[7958,0],[7959,0],[8214,0],]]
[8087,18,4,[[8088,0],[8086,0],[7959,0],[8215,0],]]
[8088,1,4,[[8087,0],[8089,0],[7960,0],[7961,0],[8216,0],]]
[8089,8,4,[[8090,0],[8088,0],[7961,0],[8217,0],]]
[8090,12,4,[[8089,0],[8091,0],[7962,0],[7963,0],[8218,0],]]
[8091,12,4,[[8092,0],[8090,0],[7963,0],[8219,0],]]
[8092,1,4,[[8091,0],[8093,0],[7964,0],[7965,0],[8220,0],]]
[8093,4,4,[[8094,0],[8092,0],[7965,0],[8221,0],]]
[8094,1,4,[[8093,0],[8095,0],[7966,0],[7967,0],[8222,0],]]
[8095,3,4,[[8096,0],[8094,0],[7967,0],[8223,0],]]
[8096,17,5,[[8095,0],[8097,0],[7968,0],[7969,0],[8224,0],]]
[8097,7,5,[[8098,0],[8096,0],[7969,0],[8225,0],]]
[8098,11,5,[[8097,0],[8099,0],[7970,0],[7971,0],[8226,0],]]
[8099,10,5,[[8100,0],[8098,0],[7971,0],[8227,0],]]
[8100,14,5,[[8099,0],[8101,0],[7972,0],[7973,0],[8228,0],]]
[8101,3,5,[[8102,0],[8100,0],[7973,0],[8229,0],]]
[8102,19,5,[[8101,0],[8103,0],[7974,0],[7975,0],[8230,0],]]
[8103,1,5,[[8104,0],[8102,0],[7975,0],[8231,0],]]
[8104,1,5,[[8103,0],[8105,0],[7976,0],[7977,0],[8232,0],]]
[8105,14,5,[[8106,0],[8104,0],[7977,0],[8233,0],]]
[8106,13,5,[[8105,0],[8107,0],[7978,0],[7979,0],[8234,0],]]
[8107,3,5,[[8108,0],[8106,0],[7979,0],[8235,0],]]
[8108,10,5,[[8107,0],[8109,0],[7980,0],[7981,0],[8236,0],]]
[8109,16,5,[[8110,0],[8108,0],[7981,0],[8237,0],]]
[8110,1,5,[[8109,0],[8111,0],[7982,0],[7983,0],[8238,0],]]
[8111,18,5,[[8112,0],[8110,0],[7983,0],[8239,0],]]
[8112,10,5,[[8111,0],[8113,0],[7984,0],[7985,0],[8240,0],]]
[8113,16,5,[[8114,0],[8112,0],[7985,0],[8241,0],]]
[8114,14,5,[[8113,0],[8115,0],[7986,0],[7987,0],[8242,0],]]
[8115,14,5,[[8116,0],[8114,0],[7987,0],[8243,0],]]
[8116,6,5,[[8115,0],[8117,0],[7988,0],[7989,0],[8244,0],]]
[8117,19,5,[[8118,0],[8116,0],[7989,0],[8245,0],]]
[8118,13,5,[[8117,0],[8119,0],[7990,0],[7991,0],[8246,0],]]
[8119,1,5,[[8120,0],[8118,0],[7991,0],[8247,0],]]
[8120,18,5,[[8119,0],[8121,0],[7992,0],[7993,0],[8248,0],]]
[8121,10,5,[[8122,0],[8120,0],[7993,0],[8249,0],]]
[8122,16,5,[[8121,0],[8123,0],[7994,0],[7995,0],[8250,0],]]
[8123,5,5,[[8124,0],[8122,0],[7995,0],[8251,0],]]
[8124,10,5,[[8123,0],[8125,0],[7996,0],[7997,0],[8252,0],]]
[8125,19,5,[[8126,0],[8124,0],[7997,0],[8253,0],]]
[8126,10,5,[[8125,0],[8127,0],[7998,0],[7999,0],[8254,0],]]
[8127,6,5,[[8128,0],[8126,0],[7999,0],[8255,0],]]
[8128,12,6,[[8127,0],[8129,0],[8000,0],[8001,0],[8256,0],]]
[8129,18,6,[[8130,0],[8128,0],[8001,0],[8257,0],]]
[8130,19,6,[[8129,0],[8131,0],[8002,0],[8003,0],[8258,0],]]
[8131,10,6,[[8132,0],[8130,0],[8003,0],[8259,0],]]
[8132,2,6,[[8131,0],[8133,0],[8004,0],[8005,0],[8260,0],]]
[8133,14,6,[[8134,0],[8132,0],[8005,0],[8261,0],]]
[8134,14,6,[[8133,0],[8135,0],[8006,0],[8007,0],[8262,0],]]
[8135,14,6,[[8136,0],[8134,0],[8007,0],[8263,0],]]
[8136,19,6,[[8135,0],[8137,0],[8008,0],[8009,0],[8264,0],]]
[8137,10,6,[[8138,0],[8136,0],[8009,0],[8265,0],]]
[8138,7,6,[[8137,0],[8139,0],[8010,0],[8011,0],[8266,0],]]
[8139,7,6,[[8140,0],[8138,0],[8011,0],[8267,0],]]
[8140,6,6,[[8139,0],[8141,0],[8012,0],[8013,0],[8268,0],]]
[8141,19,6,[[8142,0],[8140,0],[8013,0],[8269,0],]]
[8142,18,6,[[8141,0],[8143,0],[8014,0],[8015,0],[8270,0],]]
[8143,14,6,[[8144,0],[8142,0],[8015,0],[8271,0],]]
[8144,8,6,[[8143,0],[8145,0],[8016,0],[8017,0],[8272,0],]]
[8145,12,6,[[8146,0],[8144,0],[8017,0],[8273,0],]]
[8146,10,6,[[8145,0],[8147,0],[8018,0],[8019,0],[8274,0],]]
[8147,9,6,[[8148,0],[8146,0],[8019,0],[8275,0],]]
[8148,3,6,[[8147,0],[8149,0],[8020,0],[8021,0],[8276,0],]]
[8149,2,6,[[8150,0],[8148,0],[8021,0],[8277,0],]]
[8150,3,6,[[8149,0],[8151,0],[8022,0],[8023,0],[8278,0],]]
[8151,19,6,[[8152,0],[8150,0],[8023,0],[8279,0],]]
[8152,16,6,[[8151,0],[8153,0],[8024,0],[8025,0],[8280,0],]]
[8153,1,6,[[8154,0],[8152,0],[8025,0],[8281,0],]]
[8154,16,6,[[8153,0],[8155,0],[8026,0],[8027,0],[8282,0],]]
[8155,8,6,[[8156,0],[8154,0],[8027,0],[8283,0],]]
[8156,10,6,[[8155,0],[8157,0],[8028,0],[8029,0],[8284,0],]]
[8157,1,6,[[8158,0],[8156,0],[8029,0],[8285,0],]]
[8158,11,6,[[8157,0],[8159,0],[8030,0],[8031,0],[8286,0],]]
[8159,18,6,[[8160,0],[8158,0],[8031,0],[8287,0],]]
[8160,11,7,[[8159,0],[8161,0],[8032,0],[8033,0],[8288,0],]]
[8161,9,7,[[8162,0],[8160,0],[8033,0],[8289,0],]]
[8162,12,7,[[8161,0],[8163,0],[8034,0],[8035,0],[8290,0],]]
[8163,18,7,[[8164,0],[8162,0],[8035,0],[8291,0],]]
[8164,4,7,[[8163,0],[8165,0],[8036,0],[8037,0],[8292,0],]]
[8165,5,7,[[8166,0],[8164,0],[8037,0],[8293,0],]]
[8166,16,7,[[8165,0],[8167,0],[8038,0],[8039,0],[8294,0],]]
[8167,9,7,[[8168,0],[8166,0],[8039,0],[8295,0],]]
[8168,2,7,[[8167,0],[8169,0],[8040,0],[8041,0],[8296,0],]]
[8169,12,7,[[8170,0],[8168,0],[8041,0],[8297,0],]]
[8170,8,7,[[8169,0],[8171,0],[8042,0],[8043,0],[8298,0],]]
[8171,19,7,[[8172,0],[8170,0],[8043,0],[8299,0],]]
[8172,7,7,[[8171,0],[8173,0],[8044,0],[8045,0],[8300,0],]]
[8173,13,7,[[8174,0],[8172,0],[8045,0],[8301,0],]]
[8174,19,7,[[8173,0],[8175,0],[8046,0],[8047,0],[8302,0],]]
[8175,16,7,[[8176,0],[8174,0],[8047,0],[8303,0],]]
[8176,14,7,[[8175,0],[8177,0],[8048,0],[8049,0],[8304,0],]]
[8177,3,7,[[8178,0],[8176,0],[8049,0],[8305,0],]]
[8178,18,7,[[8177,0],[8179,0],[8050,0],[8051,0],[8306,0],]]
[8179,8,7,[[8180,0],[8178,0],[8051,0],[8307,0],]]
[8180,11,7,[[8179,0],[8181,0],[8052,0],[8053,0],[8308,0],]]
[8181,13,7,[[8182,0],[8180,0],[8053,0],[8309,0],]]
[8182,16,7,[[8181,0],[8183,0],[8054,0],[8055,0],[8310,0],]]
[8183,4,7,[[8184,0],[8182,0],[8055,0],[8311,0],]]
[8184,5,7,[[8183,0],[8185,0],[8056,0],[8057,0],[8312,0],]]
[8185,17,7,[[8186,0],[8184,0],[8057,0],[8313,0],]]
[8186,1,7,[[8185,0],[8187,0],[8058,0],[8059,0],[8314,0],]]
[8187,1,7,[[8188,0],[8186,0],[8059,0],[8315,0],]]
[8188,11,7,[[8187,0],[8189,0],[8060,0],[8061,0],[8316,0],]]
[8189,5,7,[[8190,0],[8188,0],[8061,0],[8317,0],]]
[8190,5,7,[[8189,0],[8191,0],[8062,0],[8063,0],[8318,0],]]
[8191,17,7,[[8190,0],[8063,0],[8319,0],]]
