[7208,18,5,[[7207,0],[7209,0],[7336,0],[7080,0],]]
[7209,15,5,[[7210,0],[7208,0],[7337,0],[7336,0],[7081,0],]]
[7210,17,5,[[7209,0],[7211,0],[7338,0],[7082,0],]]
[7211,6,5,[[7212,0],[7210,0],[7339,0],[7338,0],[7083,0],]]
[7212,2,5,[[7211,0],[7213,0],[7340,0],[7084,0],]]
[7213,6,5,[[7214,0],[7212,0],[7341,0],[7340,0],[7085,0],]]
[7214,13,5,[[7213,0],[7215,0],[7342,0],[7086,0],]]
[7215,17,5,[[7216,0],[7214,0],[7343,0],[7342,0],[7087,0],]]
[7216,10,5,[[7215,0],[7217,0],[7344,0],[7088,0],]]
[7217,16,5,[[7218,0],[7216,0],[7345,0],[7344,0],[7089,0],]]
[7218,17,5,[[7217,0],[7219,0],[7346,0],[7090,0],]]
[7219,12,5,[[7220,0],[7218,0],[7347,0],[7346,0],[7091,0],]]
[7220,3,5,[[7219,0],[7221,0],[7348,0],[7092,0],]]
[7221,2,5,[[7222,0],[7220,0],[7349,0],[7348,0],[7093,0],]]
[7222,15,5,[[7221,0],[7223,0],[7350,0],[7094,0],]]
[7223,4,5,[[7224,0],[7222,0],[7351,0],[7350,0],[7095,0],]]
[7224,4,5,[[7223,0],[7225,0],[7352,0],[7096,0],]]
[7225,1,5,[[7226,0],[7224,0],[7353,0],[7352,0],[7097,0],]]
[7226,10,5,[[7225,0],[7227,0],[7354,0],[7098,0],]]
[7227,7,5,[[7228,0],[7226,0],[7355,0],[7354,0],[7099,0],]]
[7228,6,5,[[7227,0],[7229,0],[7356,0],[7100,0],]]
[7229,15,5,[[7230,0],[7228,0],[7357,0],[7356,0],[7101,0],]]
[7230,3,5,[[7229,0],[7231,0],[7358,0],[7102,0],]]
[7231,4,5,[[7232,0],[7230,0],[7359,0],[7358,0],[7103,0],]]
[7232,5,6,[[7231,0],[7233,0],[7360,0],[7104,0],]]
[7233,16,6,[[7234,0],[7232,0],[7361,0],[7360,0],[7105,0],]]
[7234,13,6,[[7233,0],[7235,0],[7362,0],[7106,0],]]
[7235,15,6,[[7236,0],[7234,0],[7363,0],[7362,0],[7107,0],]]
[7236,5,6,[[7235,0],[7237,0],[7364,0],[7108,0],]]
[7237,1,6,[[7238,0],[7236,0],[7365,0],[7364,0],[7109,0],]]
[7238,7,6,[[7237,0],[7239,0],[7366,0],[7110,0],]]
[7239,9,6,[[7240,0],[7238,0],[7367,0],[7366,0],[7111,0],]]
[7240,3,6,[[7239,0],[7241,0],[7368,0],[7112,0],]]
[7241,2,6,[[7242,0],[7240,0],[7369,0],[7368,0],[7113,0],]]
[7242,3,6,[[7241,0],[7243,0],[7370,0],[7114,0],]]
[7243,1,6,[[7244,0],[7242,0],[7371,0],[7370,0],[7115,0],]]
[7244,7,6,[[7243,0],[7245,0],[7372,0],[7116,0],]]
[7245,9,6,[[7246,0],[7244,0],[7373,0],[7372,0],[7117,0],]]
[7246,4,6,[[7245,0],[7247,0],[7374,0],[7118,0],]]
[7247,13,6,[[7248,0],[7246,0],[7375,0],[7374,0],[7119,0],]]
[7248,1,6,[[7247,0],[7249,0],[7376,0],[7120,0],]]
[7249,3,6,[[7250,0],[7248,0],[7377,0],[7376,0],[7121,0],]]
[7250,8,6,[[7249,0],[7251,0],[7378,0],[7122,0],]]
[7251,11,6,[[7252,0],[7250,0],[7379,0],[7378,0],[7123,0],]]
[7252,17,6,[[7251,0],[7253,0],[7380,0],[7124,0],]]
[7253,4,6,[[7254,0],[7252,0],[7381,0],[7380,0],[7125,0],]]
[7254,17,6,[[7253,0],[7255,0],[7382,0],[7126,0],]]
[7255,7,6,[[7256,0],[7254,0],[7383,0],[7382,0],[7127,0],]]
[7256,9,6,[[7255,0],[7257,0],[7384,0],[7128,0],]]
[7257,16,6,[[7258,0],[7256,0],[7385,0],[7384,0],[7129,0],]]
[7258,2,6,[[7257,0],[7259,0],[7386,0],[7130,0],]]
[7259,3,6,[[7260,0],[7258,0],[7387,0],[7386,0],[7131,0],]]
[7260,14,6,[[7259,0],[7261,0],[7388,0],[7132,0],]]
[7261,15,6,[[7262,0],[7260,0],[7389,0],[7388,0],[7133,0],]]
[7262,16,6,[[7261,0],[7263,0],[7390,0],[7134,0],]]
[7263,16,6,[[7264,0],[7262,0],[7391,0],[7390,0],[7135,0],]]
[7264,10,7,[[7263,0],[7265,0],[7392,0],[7136,0],]]
[7265,3,7,[[7266,0],[7264,0],[7393,0],[7392,0],[7137,0],]]
[7266,11,7,[[7265,0],[7267,0],[7394,0],[7138,0],]]
[7267,16,7,[[7268,0],[7266,0],[7395,0],[7394,0],[7139,0],]]
[7268,8,7,[[7267,0],[7269,0],[7396,0],[7140,0],]]
[7269,12,7,[[7270,0],[7268,0],[7397,0],[7396,0],[7141,0],]]
[7270,13,7,[[7269,0],[7271,0],[7398,0],[7142,0],]]
[7271,8,7,[[7272,0],[7270,0],[7399,0],[7398,0],[7143,0],]]
[7272,15,7,[[7271,0],[7273,0],[7400,0],[7144,0],]]
[7273,9,7,[[7274,0],[7272,0],[7401,0],[7400,0],[7145,0],]]
[7274,12,7,[[7273,0],[7275,0],[7402,0],[7146,0],]]
[7275,6,7,[[7276,0],[7274,0],[7403,0],[7402,0],[7147,0],]]
[7276,16,7,[[7275,0],[7277,0],[7404,0],[7148,0],]]
[7277,12,7,[[7278,0],[7276,0],[7405,0],[7404,0],[7149,0],]]
[7278,2,7,[[7277,0],[7279,0],[7406,0],[7150,0],]]
[7279,16,7,[[7280,0],[7278,0],[7407,0],[7406,0],[7151,0],]]
[7280,6,7,[[7279,0],[7281,0],[7408,0],[7152,0],]]
[7281,18,7,[[7282,0],[7280,0],[7409,0],[7408,0],[7153,0],]]
[7282,7,7,[[7281,0],[7283,0],[7410,0],[7154,0],]]
[7283,10,7,[[7284,0],[7282,0],[7411,0],[7410,0],[7155,0],]]
[7284,15,7,[[7283,0],[7285,0],[7412,0],[7156,0],]]
[7285,15,7,[[7286,0],[7284,0],[7413,0],[7412,0],[7157,0],]]
[7286,16,7,[[7285,0],[7287,0],[7414,0],[7158,0],]]
[7287,16,7,[[7288,0],[7286,0],[7415,0],[7414,0],[7159,0],]]
[7288,9,7,[[7287,0],[7289,0],[7416,0],[7160,0],]]
[7289,2,7,[[7290,0],[7288,0],[7417,0],[7416,0],[7161,0],]]
[7290,16,7,[[7289,0],[7291,0],[7418,0],[7162,0],]]
[7291,8,7,[[7292,0],[7290,0],[7419,0],[7418,0],[7163,0],]]
[7292,14,7,[[7291,0],[7293,0],[7420,0],[7164,0],]]
[7293,5,7,[[7294,0],[7292,0],[7421,0],[7420,0],[7165,0],]]
[7294,10,7,[[7293,0],[7295,0],[7422,0],[7166,0],]]
[7295,9,7,[[7294,0],[7423,0],[7422,0],[7167,0],]]
[7296,13,4,[[7297,0],[7168,0],[7169,0],[7424,0],]]
[7297,6,4,[[7298,0],[7296,0],[7169,0],[7425,0],]]
[7298,14,4,[[7297,0],[7299,0],[7170,0],[7171,0],[7426,0],]]
[7299,8,4,[[7300,0],[7298,0],[7171,0],[7427,0],]]
[7300,13,4,[[7299,0],[7301,0],[7172,0],[7173,0],[7428,0],]]
[7301,10,4,[[7302,0],[7300,0],[7173,0],[7429,0],]]
[7302,11,4,[[7301,0],[7303,0],[7174,0],[7175,0],[7430,0],]]
[7303,4,4,[[7304,0],[7302,0],[7175,0],[7431,0],]]
[7304,11,4,[[7303,0],[7305,0],[7176,0],[7177,0],[7432,0],]]
[7305,9,4,[[7306,0],[7304,0],[7177,0],[7433,0],]]
[7306,10,4,[[7305,0],[7307,0],[7178,0],[7179,0],[7434,0],]]
[7307,13,4,[[7308,0],[7306,0],[7179,0],[7435,0],]]
[7308,12,4,[[7307,0],[7309,0],[7180,0],[7181,0],[7436,0],]]
[7309,16,4,[[7310,0],[7308,0],[7181,0],[7437,0],]]
[7310,1,4,[[7309,0],[7311,0],[7182,0],[7183,0],[7438,0],]]
[7311,8,4,[[7312,0],[7310,0],[7183,0],[7439,0],]]
[7312,16,4,[[7311,0],[7313,0],[7184,0],[7185,0],[7440,0],]]
[7313,5,4,[[7314,0],[7312,0],[7185,0],[7441,0],]]
[7314,16,4,[[7313,0],[7315,0],[7186,0],[7187,0],[7442,0],]]
[7315,10,4,[[7316,0],[7314,0],[7187,0],[7443,0],]]
[7316,1,4,[[7315,0],[7317,0],[7188,0],[7189,0],[7444,0],]]
[7317,8,4,[[7318,0],[7316,0],[7189,0],[7445,0],]]
[7318,9,4,[[7317,0],[7319,0],[7190,0],[7191,0],[7446,0],]]
[7319,5,4,[[7320,0],[7318,0],[7191,0],[7447,0],]]
[7320,18,4,[[7319,0],[7321,0],[7192,0],[7193,0],[7448,0],]]
[7321,3,4,[[7322,0],[7320,0],[7193,0],[7449,0],]]
[7322,12,4,[[7321,0],[7323,0],[7194,0],[7195,0],[7450,0],]]
[7323,18,4,[[7324,0],[7322,0],[7195,0],[7451,0],]]
[7324,6,4,[[7323,0],[7325,0],[7196,0],[7197,0],[7452,0],]]
[7325,14,4,[[7326,0],[7324,0],[7197,0],[7453,0],]]
[7326,14,4,[[7325,0],[7327,0],[7198,0],[7199,0],[7454,0],]]
[7327,19,4,[[7328,0],[7326,0],[7199,0],[7455,0],]]
[7328,18,5,[[7327,0],[7329,0],[7200,0],[7201,0],[7456,0],]]
[7329,16,5,[[7330,0],[7328,0],[7201,0],[7457,0],]]
[7330,5,5,[[7329,0],[7331,0],[7202,0],[7203,0],[7458,0],]]
[7331,10,5,[[7332,0],[7330,0],[7203,0],[7459,0],]]
[7332,2,5,[[7331,0],[7333,0],[7204,0],[7205,0],[7460,0],]]
[7333,11,5,[[7334,0],[7332,0],[7205,0],[7461,0],]]
[7334,9,5,[[7333,0],[7335,0],[7206,0],[7207,0],[7462,0],]]
[7335,1,5,[[7336,0],[7334,0],[7207,0],[7463,0],]]
[7336,18,5,[[7335,0],[7337,0],[7208,0],[7209,0],[7464,0],]]
[7337,4,5,[[7338,0],[7336,0],[7209,0],[7465,0],]]
[7338,2,5,[[7337,0],[7339,0],[7210,0],[7211,0],[7466,0],]]
[7339,14,5,[[7340,0],[7338,0],[7211,0],[7467,0],]]
[7340,8,5,[[7339,0],[7341,0],[7212,0],[7213,0],[7468,0],]]
[7341,6,5,[[7342,0],[7340,0],[7213,0],[7469,0],]]
[7342,14,5,[[7341,0],[7343,0],[7214,0],[7215,0],[7470,0],]]
[7343,14,5,[[7344,0],[7342,0],[7215,0],[7471,0],]]
[7344,3,5,[[7343,0],[7345,0],[7216,0],[7217,0],[7472,0],]]
[7345,14,5,[[7346,0],[7344,0],[7217,0],[7473,0],]]
[7346,10,5,[[7345,0],[7347,0],[7218,0],[7219,0],[7474,0],]]
[7347,3,5,[[7348,0],[7346,0],[7219,0],[7475,0],]]
[7348,11,5,[[7347,0],[7349,0],[7220,0],[7221,0],[7476,0],]]
[7349,16,5,[[7350,0],[7348,0],[7221,0],[7477,0],]]
[7350,16,5,[[7349,0],[7351,0],[7222,0],[7223,0],[7478,0],]]
[7351,4,5,[[7352,0],[7350,0],[7223,0],[7479,0],]]
[7352,1,5,[[7351,0],[7353,0],[7224,0],[7225,0],[7480,0],]]
[7353,7,5,[[7354,0],[7352,0],[7225,0],[7481,0],]]
[7354,19,5,[[7353,0],[7355,0],[7226,0],[7227,0],[7482,0],]]
[7355,2,5,[[7356,0],[7354,0],[7227,0],[7483,0],]]
[7356,17,5,[[7355,0],[7357,0],[7228,0],[7229,0],[7484,0],]]
[7357,17,5,[[7358,0],[7356,0],[7229,0],[7485,0],]]
[7358,17,5,[[7357,0],[7359,0],[7230,0],[7231,0],[7486,0],]]
[7359,18,5,[[7360,0],[7358,0],[7231,0],[7487,0],]]
[7360,4,6,[[7359,0],[7361,0],[7232,0],[7233,0],[7488,0],]]
[7361,19,6,[[7362,0],[7360,0],[7233,0],[7489,0],]]
[7362,7,6,[[7361,0],[7363,0],[7234,0],[7235,0],[7490,0],]]
[7363,9,6,[[7364,0],[7362,0],[7235,0],[7491,0],]]
[7364,13,6,[[7363,0],[7365,0],[7236,0],[7237,0],[7492,0],]]
[7365,9,6,[[7366,0],[7364,0],[7237,0],[7493,0],]]
[7366,5,6,[[7365,0],[7367,0],[7238,0],[7239,0],[7494,0],]]
[7367,3,6,[[7368,0],[7366,0],[7239,0],[7495,0],]]
[7368,4,6,[[7367,0],[7369,0],[7240,0],[7241,0],[7496,0],]]
[7369,9,6,[[7370,0],[7368,0],[7241,0],[7497,0],]]
[7370,16,6,[[7369,0],[7371,0],[7242,0],[7243,0],[7498,0],]]
[7371,11,6,[[7372,0],[7370,0],[7243,0],[7499,0],]]
