[9175,3,10,[[9176,0],[9174,0],[9047,0],[9303,0],]]
[9176,15,10,[[9175,0],[9177,0],[9048,0],[9049,0],[9304,0],]]
[9177,17,10,[[9178,0],[9176,0],[9049,0],[9305,0],]]
[9178,18,10,[[9177,0],[9179,0],[9050,0],[9051,0],[9306,0],]]
[9179,16,10,[[9180,0],[9178,0],[9051,0],[9307,0],]]
[9180,11,10,[[9179,0],[9181,0],[9052,0],[9053,0],[9308,0],]]
[9181,15,10,[[9182,0],[9180,0],[9053,0],[9309,0],]]
[9182,9,10,[[9181,0],[9183,0],[9054,0],[9055,0],[9310,0],]]
[9183,4,10,[[9184,0],[9182,0],[9055,0],[9311,0],]]
[9184,5,11,[[9183,0],[9185,0],[9056,0],[9057,0],[9312,0],]]
[9185,1,11,[[9186,0],[9184,0],[9057,0],[9313,0],]]
[9186,11,11,[[9185,0],[9187,0],[9058,0],[9059,0],[9314,0],]]
[9187,3,11,[[9188,0],[9186,0],[9059,0],[9315,0],]]
[9188,3,11,[[9187,0],[9189,0],[9060,0],[9061,0],[9316,0],]]
[9189,9,11,[[9190,0],[9188,0],[9061,0],[9317,0],]]
[9190,19,11,[[9189,0],[9191,0],[9062,0],[9063,0],[9318,0],]]
[9191,12,11,[[9192,0],[9190,0],[9063,0],[9319,0],]]
[9192,16,11,[[9191,0],[9193,0],[9064,0],[9065,0],[9320,0],]]
[9193,12,11,[[9194,0],[9192,0],[9065,0],[9321,0],]]
[9194,15,11,[[9193,0],[9195,0],[9066,0],[9067,0],[9322,0],]]
[9195,2,11,[[9196,0],[9194,0],[9067,0],[9323,0],]]
[9196,4,11,[[9195,0],[9197,0],[9068,0],[9069,0],[9324,0],]]
[9197,12,11,[[9198,0],[9196,0],[9069,0],[9325,0],]]
[9198,11,11,[[9197,0],[9199,0],[9070,0],[9071,0],[9326,0],]]
[9199,1,11,[[9200,0],[9198,0],[9071,0],[9327,0],]]
[9200,7,11,[[9199,0],[9201,0],[9072,0],[9073,0],[9328,0],]]
[9201,19,11,[[9202,0],[9200,0],[9073,0],[9329,0],]]
[9202,12,11,[[9201,0],[9203,0],[9074,0],[9075,0],[9330,0],]]
[9203,14,11,[[9204,0],[9202,0],[9075,0],[9331,0],]]
[9204,5,11,[[9203,0],[9205,0],[9076,0],[9077,0],[9332,0],]]
[9205,11,11,[[9206,0],[9204,0],[9077,0],[9333,0],]]
[9206,11,11,[[9205,0],[9207,0],[9078,0],[9079,0],[9334,0],]]
[9207,14,11,[[9208,0],[9206,0],[9079,0],[9335,0],]]
[9208,8,11,[[9207,0],[9209,0],[9080,0],[9081,0],[9336,0],]]
[9209,13,11,[[9210,0],[9208,0],[9081,0],[9337,0],]]
[9210,5,11,[[9209,0],[9211,0],[9082,0],[9083,0],[9338,0],]]
[9211,13,11,[[9212,0],[9210,0],[9083,0],[9339,0],]]
[9212,12,11,[[9211,0],[9213,0],[9084,0],[9085,0],[9340,0],]]
[9213,4,11,[[9214,0],[9212,0],[9085,0],[9341,0],]]
[9214,4,11,[[9213,0],[9215,0],[9086,0],[9087,0],[9342,0],]]
[9215,1,11,[[9214,0],[9087,0],[9343,0],]]
[9216,4,8,[[9217,0],[9344,0],[9088,0],]]
[9217,15,8,[[9218,0],[9216,0],[9345,0],[9344,0],[9089,0],]]
[9218,2,8,[[9217,0],[9219,0],[9346,0],[9090,0],]]
[9219,17,8,[[9220,0],[9218,0],[9347,0],[9346,0],[9091,0],]]
[9220,14,8,[[9219,0],[9221,0],[9348,0],[9092,0],]]
[9221,15,8,[[9222,0],[9220,0],[9349,0],[9348,0],[9093,0],]]
[9222,10,8,[[9221,0],[9223,0],[9350,0],[9094,0],]]
[9223,13,8,[[9224,0],[9222,0],[9351,0],[9350,0],[9095,0],]]
[9224,15,8,[[9223,0],[9225,0],[9352,0],[9096,0],]]
[9225,18,8,[[9226,0],[9224,0],[9353,0],[9352,0],[9097,0],]]
[9226,16,8,[[9225,0],[9227,0],[9354,0],[9098,0],]]
[9227,18,8,[[9228,0],[9226,0],[9355,0],[9354,0],[9099,0],]]
[9228,9,8,[[9227,0],[9229,0],[9356,0],[9100,0],]]
[9229,3,8,[[9230,0],[9228,0],[9357,0],[9356,0],[9101,0],]]
[9230,11,8,[[9229,0],[9231,0],[9358,0],[9102,0],]]
[9231,11,8,[[9232,0],[9230,0],[9359,0],[9358,0],[9103,0],]]
[9232,16,8,[[9231,0],[9233,0],[9360,0],[9104,0],]]
[9233,17,8,[[9234,0],[9232,0],[9361,0],[9360,0],[9105,0],]]
[9234,10,8,[[9233,0],[9235,0],[9362,0],[9106,0],]]
[9235,19,8,[[9236,0],[9234,0],[9363,0],[9362,0],[9107,0],]]
[9236,14,8,[[9235,0],[9237,0],[9364,0],[9108,0],]]
[9237,9,8,[[9238,0],[9236,0],[9365,0],[9364,0],[9109,0],]]
[9238,13,8,[[9237,0],[9239,0],[9366,0],[9110,0],]]
[9239,9,8,[[9240,0],[9238,0],[9367,0],[9366,0],[9111,0],]]
[9240,9,8,[[9239,0],[9241,0],[9368,0],[9112,0],]]
[9241,8,8,[[9242,0],[9240,0],[9369,0],[9368,0],[9113,0],]]
[9242,10,8,[[9241,0],[9243,0],[9370,0],[9114,0],]]
[9243,3,8,[[9244,0],[9242,0],[9371,0],[9370,0],[9115,0],]]
[9244,5,8,[[9243,0],[9245,0],[9372,0],[9116,0],]]
[9245,19,8,[[9246,0],[9244,0],[9373,0],[9372,0],[9117,0],]]
[9246,5,8,[[9245,0],[9247,0],[9374,0],[9118,0],]]
[9247,12,8,[[9248,0],[9246,0],[9375,0],[9374,0],[9119,0],]]
[9248,3,9,[[9247,0],[9249,0],[9376,0],[9120,0],]]
[9249,17,9,[[9250,0],[9248,0],[9377,0],[9376,0],[9121,0],]]
[9250,8,9,[[9249,0],[9251,0],[9378,0],[9122,0],]]
[9251,3,9,[[9252,0],[9250,0],[9379,0],[9378,0],[9123,0],]]
[9252,19,9,[[9251,0],[9253,0],[9380,0],[9124,0],]]
[9253,16,9,[[9254,0],[9252,0],[9381,0],[9380,0],[9125,0],]]
[9254,5,9,[[9253,0],[9255,0],[9382,0],[9126,0],]]
[9255,16,9,[[9256,0],[9254,0],[9383,0],[9382,0],[9127,0],]]
[9256,11,9,[[9255,0],[9257,0],[9384,0],[9128,0],]]
[9257,13,9,[[9258,0],[9256,0],[9385,0],[9384,0],[9129,0],]]
[9258,11,9,[[9257,0],[9259,0],[9386,0],[9130,0],]]
[9259,13,9,[[9260,0],[9258,0],[9387,0],[9386,0],[9131,0],]]
[9260,3,9,[[9259,0],[9261,0],[9388,0],[9132,0],]]
[9261,15,9,[[9262,0],[9260,0],[9389,0],[9388,0],[9133,0],]]
[9262,4,9,[[9261,0],[9263,0],[9390,0],[9134,0],]]
[9263,6,9,[[9264,0],[9262,0],[9391,0],[9390,0],[9135,0],]]
[9264,13,9,[[9263,0],[9265,0],[9392,0],[9136,0],]]
[9265,9,9,[[9266,0],[9264,0],[9393,0],[9392,0],[9137,0],]]
[9266,10,9,[[9265,0],[9267,0],[9394,0],[9138,0],]]
[9267,2,9,[[9268,0],[9266,0],[9395,0],[9394,0],[9139,0],]]
[9268,12,9,[[9267,0],[9269,0],[9396,0],[9140,0],]]
[9269,15,9,[[9270,0],[9268,0],[9397,0],[9396,0],[9141,0],]]
[9270,17,9,[[9269,0],[9271,0],[9398,0],[9142,0],]]
[9271,3,9,[[9272,0],[9270,0],[9399,0],[9398,0],[9143,0],]]
[9272,11,9,[[9271,0],[9273,0],[9400,0],[9144,0],]]
[9273,2,9,[[9274,0],[9272,0],[9401,0],[9400,0],[9145,0],]]
[9274,7,9,[[9273,0],[9275,0],[9402,0],[9146,0],]]
[9275,3,9,[[9276,0],[9274,0],[9403,0],[9402,0],[9147,0],]]
[9276,15,9,[[9275,0],[9277,0],[9404,0],[9148,0],]]
[9277,5,9,[[9278,0],[9276,0],[9405,0],[9404,0],[9149,0],]]
[9278,7,9,[[9277,0],[9279,0],[9406,0],[9150,0],]]
[9279,7,9,[[9280,0],[9278,0],[9407,0],[9406,0],[9151,0],]]
[9280,10,10,[[9279,0],[9281,0],[9408,0],[9152,0],]]
[9281,9,10,[[9282,0],[9280,0],[9409,0],[9408,0],[9153,0],]]
[9282,13,10,[[9281,0],[9283,0],[9410,0],[9154,0],]]
[9283,4,10,[[9284,0],[9282,0],[9411,0],[9410,0],[9155,0],]]
[9284,15,10,[[9283,0],[9285,0],[9412,0],[9156,0],]]
[9285,7,10,[[9286,0],[9284,0],[9413,0],[9412,0],[9157,0],]]
[9286,8,10,[[9285,0],[9287,0],[9414,0],[9158,0],]]
[9287,15,10,[[9288,0],[9286,0],[9415,0],[9414,0],[9159,0],]]
[9288,10,10,[[9287,0],[9289,0],[9416,0],[9160,0],]]
[9289,3,10,[[9290,0],[9288,0],[9417,0],[9416,0],[9161,0],]]
[9290,11,10,[[9289,0],[9291,0],[9418,0],[9162,0],]]
[9291,4,10,[[9292,0],[9290,0],[9419,0],[9418,0],[9163,0],]]
[9292,3,10,[[9291,0],[9293,0],[9420,0],[9164,0],]]
[9293,18,10,[[9294,0],[9292,0],[9421,0],[9420,0],[9165,0],]]
[9294,10,10,[[9293,0],[9295,0],[9422,0],[9166,0],]]
[9295,9,10,[[9296,0],[9294,0],[9423,0],[9422,0],[9167,0],]]
[9296,7,10,[[9295,0],[9297,0],[9424,0],[9168,0],]]
[9297,11,10,[[9298,0],[9296,0],[9425,0],[9424,0],[9169,0],]]
[9298,11,10,[[9297,0],[9299,0],[9426,0],[9170,0],]]
[9299,8,10,[[9300,0],[9298,0],[9427,0],[9426,0],[9171,0],]]
[9300,12,10,[[9299,0],[9301,0],[9428,0],[9172,0],]]
[9301,13,10,[[9302,0],[9300,0],[9429,0],[9428,0],[9173,0],]]
[9302,19,10,[[9301,0],[9303,0],[9430,0],[9174,0],]]
[9303,15,10,[[9304,0],[9302,0],[9431,0],[9430,0],[9175,0],]]
[9304,10,10,[[9303,0],[9305,0],[9432,0],[9176,0],]]
[9305,18,10,[[9306,0],[9304,0],[9433,0],[9432,0],[9177,0],]]
[9306,9,10,[[9305,0],[9307,0],[9434,0],[9178,0],]]
[9307,2,10,[[9308,0],[9306,0],[9435,0],[9434,0],[9179,0],]]
[9308,18,10,[[9307,0],[9309,0],[9436,0],[9180,0],]]
[9309,8,10,[[9310,0],[9308,0],[9437,0],[9436,0],[9181,0],]]
[9310,5,10,[[9309,0],[9311,0],[9438,0],[9182,0],]]
[9311,14,10,[[9312,0],[9310,0],[9439,0],[9438,0],[9183,0],]]
[9312,13,11,[[9311,0],[9313,0],[9440,0],[9184,0],]]
[9313,6,11,[[9314,0],[9312,0],[9441,0],[9440,0],[9185,0],]]
[9314,9,11,[[9313,0],[9315,0],[9442,0],[9186,0],]]
[9315,10,11,[[9316,0],[9314,0],[9443,0],[9442,0],[9187,0],]]
[9316,16,11,[[9315,0],[9317,0],[9444,0],[9188,0],]]
[9317,9,11,[[9318,0],[9316,0],[9445,0],[9444,0],[9189,0],]]
[9318,10,11,[[9317,0],[9319,0],[9446,0],[9190,0],]]
[9319,14,11,[[9320,0],[9318,0],[9447,0],[9446,0],[9191,0],]]
[9320,6,11,[[9319,0],[9321,0],[9448,0],[9192,0],]]
[9321,18,11,[[9322,0],[9320,0],[9449,0],[9448,0],[9193,0],]]
[9322,10,11,[[9321,0],[9323,0],[9450,0],[9194,0],]]
[9323,12,11,[[9324,0],[9322,0],[9451,0],[9450,0],[9195,0],]]
[9324,14,11,[[9323,0],[9325,0],[9452,0],[9196,0],]]
[9325,14,11,[[9326,0],[9324,0],[9453,0],[9452,0],[9197,0],]]
[9326,6,11,[[9325,0],[9327,0],[9454,0],[9198,0],]]
[9327,10,11,[[9328,0],[9326,0],[9455,0],[9454,0],[9199,0],]]
[9328,4,11,[[9327,0],[9329,0],[9456,0],[9200,0],]]
[9329,3,11,[[9330,0],[9328,0],[9457,0],[9456,0],[9201,0],]]
[9330,3,11,[[9329,0],[9331,0],[9458,0],[9202,0],]]
[9331,9,11,[[9332,0],[9330,0],[9459,0],[9458,0],[9203,0],]]
[9332,9,11,[[9331,0],[9333,0],[9460,0],[9204,0],]]
[9333,4,11,[[9334,0],[9332,0],[9461,0],[9460,0],[9205,0],]]
[9334,8,11,[[9333,0],[9335,0],[9462,0],[9206,0],]]
[9335,9,11,[[9336,0],[9334,0],[9463,0],[9462,0],[9207,0],]]
[9336,14,11,[[9335,0],[9337,0],[9464,0],[9208,0],]]
[9337,8,11,[[9338,0],[9336,0],[9465,0],[9464,0],[9209,0],]]
