[819,1,1,[[820,0],[818,0],[947,0],[946,0],[691,0],]]
[820,2,1,[[819,0],[821,0],[948,0],[692,0],]]
[821,16,1,[[822,0],[820,0],[949,0],[948,0],[693,0],]]
[822,18,1,[[821,0],[823,0],[950,0],[694,0],]]
[823,8,1,[[824,0],[822,0],[951,0],[950,0],[695,0],]]
[824,2,1,[[823,0],[825,0],[952,0],[696,0],]]
[825,10,1,[[826,0],[824,0],[953,0],[952,0],[697,0],]]
[826,3,1,[[825,0],[827,0],[954,0],[698,0],]]
[827,5,1,[[828,0],[826,0],[955,0],[954,0],[699,0],]]
[828,9,1,[[827,0],[829,0],[956,0],[700,0],]]
[829,10,1,[[830,0],[828,0],[957,0],[956,0],[701,0],]]
[830,8,1,[[829,0],[831,0],[958,0],[702,0],]]
[831,2,1,[[832,0],[830,0],[959,0],[958,0],[703,0],]]
[832,9,2,[[831,0],[833,0],[960,0],[704,0],]]
[833,8,2,[[834,0],[832,0],[961,0],[960,0],[705,0],]]
[834,18,2,[[833,0],[835,0],[962,0],[706,0],]]
[835,6,2,[[836,0],[834,0],[963,0],[962,0],[707,0],]]
[836,8,2,[[835,0],[837,0],[964,0],[708,0],]]
[837,10,2,[[838,0],[836,0],[965,0],[964,0],[709,0],]]
[838,4,2,[[837,0],[839,0],[966,0],[710,0],]]
[839,12,2,[[840,0],[838,0],[967,0],[966,0],[711,0],]]
[840,9,2,[[839,0],[841,0],[968,0],[712,0],]]
[841,6,2,[[842,0],[840,0],[969,0],[968,0],[713,0],]]
[842,10,2,[[841,0],[843,0],[970,0],[714,0],]]
[843,16,2,[[844,0],[842,0],[971,0],[970,0],[715,0],]]
[844,19,2,[[843,0],[845,0],[972,0],[716,0],]]
[845,12,2,[[846,0],[844,0],[973,0],[972,0],[717,0],]]
[846,19,2,[[845,0],[847,0],[974,0],[718,0],]]
[847,7,2,[[848,0],[846,0],[975,0],[974,0],[719,0],]]
[848,16,2,[[847,0],[849,0],[976,0],[720,0],]]
[849,12,2,[[850,0],[848,0],[977,0],[976,0],[721,0],]]
[850,11,2,[[849,0],[851,0],[978,0],[722,0],]]
[851,3,2,[[852,0],[850,0],[979,0],[978,0],[723,0],]]
[852,6,2,[[851,0],[853,0],[980,0],[724,0],]]
[853,4,2,[[854,0],[852,0],[981,0],[980,0],[725,0],]]
[854,14,2,[[853,0],[855,0],[982,0],[726,0],]]
[855,11,2,[[856,0],[854,0],[983,0],[982,0],[727,0],]]
[856,6,2,[[855,0],[857,0],[984,0],[728,0],]]
[857,5,2,[[858,0],[856,0],[985,0],[984,0],[729,0],]]
[858,7,2,[[857,0],[859,0],[986,0],[730,0],]]
[859,1,2,[[860,0],[858,0],[987,0],[986,0],[731,0],]]
[860,8,2,[[859,0],[861,0],[988,0],[732,0],]]
[861,17,2,[[862,0],[860,0],[989,0],[988,0],[733,0],]]
[862,17,2,[[861,0],[863,0],[990,0],[734,0],]]
[863,19,2,[[864,0],[862,0],[991,0],[990,0],[735,0],]]
[864,5,3,[[863,0],[865,0],[992,0],[736,0],]]
[865,10,3,[[866,0],[864,0],[993,0],[992,0],[737,0],]]
[866,1,3,[[865,0],[867,0],[994,0],[738,0],]]
[867,11,3,[[868,0],[866,0],[995,0],[994,0],[739,0],]]
[868,19,3,[[867,0],[869,0],[996,0],[740,0],]]
[869,3,3,[[870,0],[868,0],[997,0],[996,0],[741,0],]]
[870,10,3,[[869,0],[871,0],[998,0],[742,0],]]
[871,13,3,[[872,0],[870,0],[999,0],[998,0],[743,0],]]
[872,15,3,[[871,0],[873,0],[1000,0],[744,0],]]
[873,12,3,[[874,0],[872,0],[1001,0],[1000,0],[745,0],]]
[874,17,3,[[873,0],[875,0],[1002,0],[746,0],]]
[875,19,3,[[876,0],[874,0],[1003,0],[1002,0],[747,0],]]
[876,14,3,[[875,0],[877,0],[1004,0],[748,0],]]
[877,10,3,[[878,0],[876,0],[1005,0],[1004,0],[749,0],]]
[878,18,3,[[877,0],[879,0],[1006,0],[750,0],]]
[879,13,3,[[880,0],[878,0],[1007,0],[1006,0],[751,0],]]
[880,4,3,[[879,0],[881,0],[1008,0],[752,0],]]
[881,17,3,[[882,0],[880,0],[1009,0],[1008,0],[753,0],]]
[882,14,3,[[881,0],[883,0],[1010,0],[754,0],]]
[883,15,3,[[884,0],[882,0],[1011,0],[1010,0],[755,0],]]
[884,7,3,[[883,0],[885,0],[1012,0],[756,0],]]
[885,13,3,[[886,0],[884,0],[1013,0],[1012,0],[757,0],]]
[886,16,3,[[885,0],[887,0],[1014,0],[758,0],]]
[887,15,3,[[888,0],[886,0],[1015,0],[1014,0],[759,0],]]
[888,3,3,[[887,0],[889,0],[1016,0],[760,0],]]
[889,15,3,[[890,0],[888,0],[1017,0],[1016,0],[761,0],]]
[890,6,3,[[889,0],[891,0],[1018,0],[762,0],]]
[891,4,3,[[892,0],[890,0],[1019,0],[1018,0],[763,0],]]
[892,17,3,[[891,0],[893,0],[1020,0],[764,0],]]
[893,15,3,[[894,0],[892,0],[1021,0],[1020,0],[765,0],]]
[894,13,3,[[893,0],[895,0],[1022,0],[766,0],]]
[895,18,3,[[894,0],[1023,0],[1022,0],[767,0],]]
[896,8,0,[[897,0],[768,0],[769,0],[1024,0],]]
[897,19,0,[[898,0],[896,0],[769,0],[1025,0],]]
[898,14,0,[[897,0],[899,0],[770,0],[771,0],[1026,0],]]
[899,10,0,[[900,0],[898,0],[771,0],[1027,0],]]
[900,2,0,[[899,0],[901,0],[772,0],[773,0],[1028,0],]]
[901,1,0,[[902,0],[900,0],[773,0],[1029,0],]]
[902,13,0,[[901,0],[903,0],[774,0],[775,0],[1030,0],]]
[903,1,0,[[904,0],[902,0],[775,0],[1031,0],]]
[904,3,0,[[903,0],[905,0],[776,0],[777,0],[1032,0],]]
[905,3,0,[[906,0],[904,0],[777,0],[1033,0],]]
[906,13,0,[[905,0],[907,0],[778,0],[779,0],[1034,0],]]
[907,2,0,[[908,0],[906,0],[779,0],[1035,0],]]
[908,13,0,[[907,0],[909,0],[780,0],[781,0],[1036,0],]]
[909,4,0,[[910,0],[908,0],[781,0],[1037,0],]]
[910,3,0,[[909,0],[911,0],[782,0],[783,0],[1038,0],]]
[911,4,0,[[912,0],[910,0],[783,0],[1039,0],]]
[912,11,0,[[911,0],[913,0],[784,0],[785,0],[1040,0],]]
[913,14,0,[[914,0],[912,0],[785,0],[1041,0],]]
[914,2,0,[[913,0],[915,0],[786,0],[787,0],[1042,0],]]
[915,18,0,[[916,0],[914,0],[787,0],[1043,0],]]
[916,10,0,[[915,0],[917,0],[788,0],[789,0],[1044,0],]]
[917,6,0,[[918,0],[916,0],[789,0],[1045,0],]]
[918,12,0,[[917,0],[919,0],[790,0],[791,0],[1046,0],]]
[919,17,0,[[920,0],[918,0],[791,0],[1047,0],]]
[920,16,0,[[919,0],[921,0],[792,0],[793,0],[1048,0],]]
[921,1,0,[[922,0],[920,0],[793,0],[1049,0],]]
[922,14,0,[[921,0],[923,0],[794,0],[795,0],[1050,0],]]
[923,5,0,[[924,0],[922,0],[795,0],[1051,0],]]
[924,17,0,[[923,0],[925,0],[796,0],[797,0],[1052,0],]]
[925,1,0,[[926,0],[924,0],[797,0],[1053,0],]]
[926,1,0,[[925,0],[927,0],[798,0],[799,0],[1054,0],]]
[927,11,0,[[928,0],[926,0],[799,0],[1055,0],]]
[928,6,1,[[927,0],[929,0],[800,0],[801,0],[1056,0],]]
[929,12,1,[[930,0],[928,0],[801,0],[1057,0],]]
[930,4,1,[[929,0],[931,0],[802,0],[803,0],[1058,0],]]
[931,5,1,[[932,0],[930,0],[803,0],[1059,0],]]
[932,16,1,[[931,0],[933,0],[804,0],[805,0],[1060,0],]]
[933,12,1,[[934,0],[932,0],[805,0],[1061,0],]]
[934,18,1,[[933,0],[935,0],[806,0],[807,0],[1062,0],]]
[935,11,1,[[936,0],[934,0],[807,0],[1063,0],]]
[936,4,1,[[935,0],[937,0],[808,0],[809,0],[1064,0],]]
[937,1,1,[[938,0],[936,0],[809,0],[1065,0],]]
[938,18,1,[[937,0],[939,0],[810,0],[811,0],[1066,0],]]
[939,5,1,[[940,0],[938,0],[811,0],[1067,0],]]
[940,5,1,[[939,0],[941,0],[812,0],[813,0],[1068,0],]]
[941,8,1,[[942,0],[940,0],[813,0],[1069,0],]]
[942,10,1,[[941,0],[943,0],[814,0],[815,0],[1070,0],]]
[943,3,1,[[944,0],[942,0],[815,0],[1071,0],]]
[944,11,1,[[943,0],[945,0],[816,0],[817,0],[1072,0],]]
[945,3,1,[[946,0],[944,0],[817,0],[1073,0],]]
[946,12,1,[[945,0],[947,0],[818,0],[819,0],[1074,0],]]
[947,9,1,[[948,0],[946,0],[819,0],[1075,0],]]
[948,1,1,[[947,0],[949,0],[820,0],[821,0],[1076,0],]]
[949,15,1,[[950,0],[948,0],[821,0],[1077,0],]]
[950,13,1,[[949,0],[951,0],[822,0],[823,0],[1078,0],]]
[951,10,1,[[952,0],[950,0],[823,0],[1079,0],]]
[952,19,1,[[951,0],[953,0],[824,0],[825,0],[1080,0],]]
[953,18,1,[[954,0],[952,0],[825,0],[1081,0],]]
[954,16,1,[[953,0],[955,0],[826,0],[827,0],[1082,0],]]
[955,8,1,[[956,0],[954,0],[827,0],[1083,0],]]
[956,14,1,[[955,0],[957,0],[828,0],[829,0],[1084,0],]]
[957,5,1,[[958,0],[956,0],[829,0],[1085,0],]]
[958,2,1,[[957,0],[959,0],[830,0],[831,0],[1086,0],]]
[959,4,1,[[960,0],[958,0],[831,0],[1087,0],]]
[960,18,2,[[959,0],[961,0],[832,0],[833,0],[1088,0],]]
[961,18,2,[[962,0],[960,0],[833,0],[1089,0],]]
[962,1,2,[[961,0],[963,0],[834,0],[835,0],[1090,0],]]
[963,3,2,[[964,0],[962,0],[835,0],[1091,0],]]
[964,5,2,[[963,0],[965,0],[836,0],[837,0],[1092,0],]]
[965,11,2,[[966,0],[964,0],[837,0],[1093,0],]]
[966,14,2,[[965,0],[967,0],[838,0],[839,0],[1094,0],]]
[967,6,2,[[968,0],[966,0],[839,0],[1095,0],]]
[968,7,2,[[967,0],[969,0],[840,0],[841,0],[1096,0],]]
[969,4,2,[[970,0],[968,0],[841,0],[1097,0],]]
[970,5,2,[[969,0],[971,0],[842,0],[843,0],[1098,0],]]
[971,13,2,[[972,0],[970,0],[843,0],[1099,0],]]
[972,15,2,[[971,0],[973,0],[844,0],[845,0],[1100,0],]]
[973,6,2,[[974,0],[972,0],[845,0],[1101,0],]]
[974,7,2,[[973,0],[975,0],[846,0],[847,0],[1102,0],]]
[975,17,2,[[976,0],[974,0],[847,0],[1103,0],]]
[976,8,2,[[975,0],[977,0],[848,0],[849,0],[1104,0],]]
[977,16,2,[[978,0],[976,0],[849,0],[1105,0],]]
[978,17,2,[[977,0],[979,0],[850,0],[851,0],[1106,0],]]
[979,9,2,[[980,0],[978,0],[851,0],[1107,0],]]
[980,14,2,[[979,0],[981,0],[852,0],[853,0],[1108,0],]]
[981,3,2,[[982,0],[980,0],[853,0],[1109,0],]]
[982,4,2,[[981,0],[983,0],[854,0],[855,0],[1110,0],]]
