[8355,5,9,[[8356,0],[8354,0],[8227,0],[8483,0],]]
[8356,18,9,[[8355,0],[8357,0],[8228,0],[8229,0],[8484,0],]]
[8357,10,9,[[8358,0],[8356,0],[8229,0],[8485,0],]]
[8358,13,9,[[8357,0],[8359,0],[8230,0],[8231,0],[8486,0],]]
[8359,7,9,[[8360,0],[8358,0],[8231,0],[8487,0],]]
[8360,9,9,[[8359,0],[8361,0],[8232,0],[8233,0],[8488,0],]]
[8361,10,9,[[8362,0],[8360,0],[8233,0],[8489,0],]]
[8362,1,9,[[8361,0],[8363,0],[8234,0],[8235,0],[8490,0],]]
[8363,14,9,[[8364,0],[8362,0],[8235,0],[8491,0],]]
[8364,18,9,[[8363,0],[8365,0],[8236,0],[8237,0],[8492,0],]]
[8365,9,9,[[8366,0],[8364,0],[8237,0],[8493,0],]]
[8366,13,9,[[8365,0],[8367,0],[8238,0],[8239,0],[8494,0],]]
[8367,5,9,[[8368,0],[8366,0],[8239,0],[8495,0],]]
[8368,10,9,[[8367,0],[8369,0],[8240,0],[8241,0],[8496,0],]]
[8369,17,9,[[8370,0],[8368,0],[8241,0],[8497,0],]]
[8370,12,9,[[8369,0],[8371,0],[8242,0],[8243,0],[8498,0],]]
[8371,1,9,[[8372,0],[8370,0],[8243,0],[8499,0],]]
[8372,6,9,[[8371,0],[8373,0],[8244,0],[8245,0],[8500,0],]]
[8373,11,9,[[8374,0],[8372,0],[8245,0],[8501,0],]]
[8374,5,9,[[8373,0],[8375,0],[8246,0],[8247,0],[8502,0],]]
[8375,1,9,[[8376,0],[8374,0],[8247,0],[8503,0],]]
[8376,7,9,[[8375,0],[8377,0],[8248,0],[8249,0],[8504,0],]]
[8377,11,9,[[8378,0],[8376,0],[8249,0],[8505,0],]]
[8378,19,9,[[8377,0],[8379,0],[8250,0],[8251,0],[8506,0],]]
[8379,13,9,[[8380,0],[8378,0],[8251,0],[8507,0],]]
[8380,15,9,[[8379,0],[8381,0],[8252,0],[8253,0],[8508,0],]]
[8381,6,9,[[8382,0],[8380,0],[8253,0],[8509,0],]]
[8382,15,9,[[8381,0],[8383,0],[8254,0],[8255,0],[8510,0],]]
[8383,18,9,[[8384,0],[8382,0],[8255,0],[8511,0],]]
[8384,17,10,[[8383,0],[8385,0],[8256,0],[8257,0],[8512,0],]]
[8385,11,10,[[8386,0],[8384,0],[8257,0],[8513,0],]]
[8386,5,10,[[8385,0],[8387,0],[8258,0],[8259,0],[8514,0],]]
[8387,18,10,[[8388,0],[8386,0],[8259,0],[8515,0],]]
[8388,9,10,[[8387,0],[8389,0],[8260,0],[8261,0],[8516,0],]]
[8389,3,10,[[8390,0],[8388,0],[8261,0],[8517,0],]]
[8390,17,10,[[8389,0],[8391,0],[8262,0],[8263,0],[8518,0],]]
[8391,10,10,[[8392,0],[8390,0],[8263,0],[8519,0],]]
[8392,5,10,[[8391,0],[8393,0],[8264,0],[8265,0],[8520,0],]]
[8393,16,10,[[8394,0],[8392,0],[8265,0],[8521,0],]]
[8394,17,10,[[8393,0],[8395,0],[8266,0],[8267,0],[8522,0],]]
[8395,12,10,[[8396,0],[8394,0],[8267,0],[8523,0],]]
[8396,3,10,[[8395,0],[8397,0],[8268,0],[8269,0],[8524,0],]]
[8397,17,10,[[8398,0],[8396,0],[8269,0],[8525,0],]]
[8398,14,10,[[8397,0],[8399,0],[8270,0],[8271,0],[8526,0],]]
[8399,19,10,[[8400,0],[8398,0],[8271,0],[8527,0],]]
[8400,12,10,[[8399,0],[8401,0],[8272,0],[8273,0],[8528,0],]]
[8401,16,10,[[8402,0],[8400,0],[8273,0],[8529,0],]]
[8402,12,10,[[8401,0],[8403,0],[8274,0],[8275,0],[8530,0],]]
[8403,16,10,[[8404,0],[8402,0],[8275,0],[8531,0],]]
[8404,2,10,[[8403,0],[8405,0],[8276,0],[8277,0],[8532,0],]]
[8405,6,10,[[8406,0],[8404,0],[8277,0],[8533,0],]]
[8406,13,10,[[8405,0],[8407,0],[8278,0],[8279,0],[8534,0],]]
[8407,18,10,[[8408,0],[8406,0],[8279,0],[8535,0],]]
[8408,11,10,[[8407,0],[8409,0],[8280,0],[8281,0],[8536,0],]]
[8409,4,10,[[8410,0],[8408,0],[8281,0],[8537,0],]]
[8410,2,10,[[8409,0],[8411,0],[8282,0],[8283,0],[8538,0],]]
[8411,19,10,[[8412,0],[8410,0],[8283,0],[8539,0],]]
[8412,2,10,[[8411,0],[8413,0],[8284,0],[8285,0],[8540,0],]]
[8413,11,10,[[8414,0],[8412,0],[8285,0],[8541,0],]]
[8414,3,10,[[8413,0],[8415,0],[8286,0],[8287,0],[8542,0],]]
[8415,17,10,[[8416,0],[8414,0],[8287,0],[8543,0],]]
[8416,14,11,[[8415,0],[8417,0],[8288,0],[8289,0],[8544,0],]]
[8417,9,11,[[8418,0],[8416,0],[8289,0],[8545,0],]]
[8418,13,11,[[8417,0],[8419,0],[8290,0],[8291,0],[8546,0],]]
[8419,12,11,[[8420,0],[8418,0],[8291,0],[8547,0],]]
[8420,8,11,[[8419,0],[8421,0],[8292,0],[8293,0],[8548,0],]]
[8421,2,11,[[8422,0],[8420,0],[8293,0],[8549,0],]]
[8422,10,11,[[8421,0],[8423,0],[8294,0],[8295,0],[8550,0],]]
[8423,6,11,[[8424,0],[8422,0],[8295,0],[8551,0],]]
[8424,13,11,[[8423,0],[8425,0],[8296,0],[8297,0],[8552,0],]]
[8425,18,11,[[8426,0],[8424,0],[8297,0],[8553,0],]]
[8426,17,11,[[8425,0],[8427,0],[8298,0],[8299,0],[8554,0],]]
[8427,12,11,[[8428,0],[8426,0],[8299,0],[8555,0],]]
[8428,12,11,[[8427,0],[8429,0],[8300,0],[8301,0],[8556,0],]]
[8429,9,11,[[8430,0],[8428,0],[8301,0],[8557,0],]]
[8430,16,11,[[8429,0],[8431,0],[8302,0],[8303,0],[8558,0],]]
[8431,6,11,[[8432,0],[8430,0],[8303,0],[8559,0],]]
[8432,8,11,[[8431,0],[8433,0],[8304,0],[8305,0],[8560,0],]]
[8433,5,11,[[8434,0],[8432,0],[8305,0],[8561,0],]]
[8434,8,11,[[8433,0],[8435,0],[8306,0],[8307,0],[8562,0],]]
[8435,3,11,[[8436,0],[8434,0],[8307,0],[8563,0],]]
[8436,11,11,[[8435,0],[8437,0],[8308,0],[8309,0],[8564,0],]]
[8437,3,11,[[8438,0],[8436,0],[8309,0],[8565,0],]]
[8438,8,11,[[8437,0],[8439,0],[8310,0],[8311,0],[8566,0],]]
[8439,6,11,[[8440,0],[8438,0],[8311,0],[8567,0],]]
[8440,11,11,[[8439,0],[8441,0],[8312,0],[8313,0],[8568,0],]]
[8441,1,11,[[8442,0],[8440,0],[8313,0],[8569,0],]]
[8442,16,11,[[8441,0],[8443,0],[8314,0],[8315,0],[8570,0],]]
[8443,13,11,[[8444,0],[8442,0],[8315,0],[8571,0],]]
[8444,4,11,[[8443,0],[8445,0],[8316,0],[8317,0],[8572,0],]]
[8445,15,11,[[8446,0],[8444,0],[8317,0],[8573,0],]]
[8446,2,11,[[8445,0],[8447,0],[8318,0],[8319,0],[8574,0],]]
[8447,9,11,[[8446,0],[8319,0],[8575,0],]]
[8448,12,8,[[8449,0],[8576,0],[8320,0],]]
[8449,6,8,[[8450,0],[8448,0],[8577,0],[8576,0],[8321,0],]]
[8450,14,8,[[8449,0],[8451,0],[8578,0],[8322,0],]]
[8451,17,8,[[8452,0],[8450,0],[8579,0],[8578,0],[8323,0],]]
[8452,10,8,[[8451,0],[8453,0],[8580,0],[8324,0],]]
[8453,3,8,[[8454,0],[8452,0],[8581,0],[8580,0],[8325,0],]]
[8454,10,8,[[8453,0],[8455,0],[8582,0],[8326,0],]]
[8455,11,8,[[8456,0],[8454,0],[8583,0],[8582,0],[8327,0],]]
[8456,11,8,[[8455,0],[8457,0],[8584,0],[8328,0],]]
[8457,10,8,[[8458,0],[8456,0],[8585,0],[8584,0],[8329,0],]]
[8458,12,8,[[8457,0],[8459,0],[8586,0],[8330,0],]]
[8459,18,8,[[8460,0],[8458,0],[8587,0],[8586,0],[8331,0],]]
[8460,1,8,[[8459,0],[8461,0],[8588,0],[8332,0],]]
[8461,11,8,[[8462,0],[8460,0],[8589,0],[8588,0],[8333,0],]]
[8462,10,8,[[8461,0],[8463,0],[8590,0],[8334,0],]]
[8463,17,8,[[8464,0],[8462,0],[8591,0],[8590,0],[8335,0],]]
[8464,8,8,[[8463,0],[8465,0],[8592,0],[8336,0],]]
[8465,16,8,[[8466,0],[8464,0],[8593,0],[8592,0],[8337,0],]]
[8466,5,8,[[8465,0],[8467,0],[8594,0],[8338,0],]]
[8467,10,8,[[8468,0],[8466,0],[8595,0],[8594,0],[8339,0],]]
[8468,5,8,[[8467,0],[8469,0],[8596,0],[8340,0],]]
[8469,12,8,[[8470,0],[8468,0],[8597,0],[8596,0],[8341,0],]]
[8470,9,8,[[8469,0],[8471,0],[8598,0],[8342,0],]]
[8471,3,8,[[8472,0],[8470,0],[8599,0],[8598,0],[8343,0],]]
[8472,7,8,[[8471,0],[8473,0],[8600,0],[8344,0],]]
[8473,16,8,[[8474,0],[8472,0],[8601,0],[8600,0],[8345,0],]]
[8474,9,8,[[8473,0],[8475,0],[8602,0],[8346,0],]]
[8475,6,8,[[8476,0],[8474,0],[8603,0],[8602,0],[8347,0],]]
[8476,12,8,[[8475,0],[8477,0],[8604,0],[8348,0],]]
[8477,6,8,[[8478,0],[8476,0],[8605,0],[8604,0],[8349,0],]]
[8478,16,8,[[8477,0],[8479,0],[8606,0],[8350,0],]]
[8479,4,8,[[8480,0],[8478,0],[8607,0],[8606,0],[8351,0],]]
[8480,7,9,[[8479,0],[8481,0],[8608,0],[8352,0],]]
[8481,16,9,[[8482,0],[8480,0],[8609,0],[8608,0],[8353,0],]]
[8482,18,9,[[8481,0],[8483,0],[8610,0],[8354,0],]]
[8483,16,9,[[8484,0],[8482,0],[8611,0],[8610,0],[8355,0],]]
[8484,1,9,[[8483,0],[8485,0],[8612,0],[8356,0],]]
[8485,4,9,[[8486,0],[8484,0],[8613,0],[8612,0],[8357,0],]]
[8486,4,9,[[8485,0],[8487,0],[8614,0],[8358,0],]]
[8487,10,9,[[8488,0],[8486,0],[8615,0],[8614,0],[8359,0],]]
[8488,4,9,[[8487,0],[8489,0],[8616,0],[8360,0],]]
[8489,2,9,[[8490,0],[8488,0],[8617,0],[8616,0],[8361,0],]]
[8490,1,9,[[8489,0],[8491,0],[8618,0],[8362,0],]]
[8491,10,9,[[8492,0],[8490,0],[8619,0],[8618,0],[8363,0],]]
[8492,3,9,[[8491,0],[8493,0],[8620,0],[8364,0],]]
[8493,9,9,[[8494,0],[8492,0],[8621,0],[8620,0],[8365,0],]]
[8494,16,9,[[8493,0],[8495,0],[8622,0],[8366,0],]]
[8495,13,9,[[8496,0],[8494,0],[8623,0],[8622,0],[8367,0],]]
[8496,12,9,[[8495,0],[8497,0],[8624,0],[8368,0],]]
[8497,10,9,[[8498,0],[8496,0],[8625,0],[8624,0],[8369,0],]]
[8498,2,9,[[8497,0],[8499,0],[8626,0],[8370,0],]]
[8499,15,9,[[8500,0],[8498,0],[8627,0],[8626,0],[8371,0],]]
[8500,13,9,[[8499,0],[8501,0],[8628,0],[8372,0],]]
[8501,6,9,[[8502,0],[8500,0],[8629,0],[8628,0],[8373,0],]]
[8502,8,9,[[8501,0],[8503,0],[8630,0],[8374,0],]]
[8503,14,9,[[8504,0],[8502,0],[8631,0],[8630,0],[8375,0],]]
[8504,7,9,[[8503,0],[8505,0],[8632,0],[8376,0],]]
[8505,10,9,[[8506,0],[8504,0],[8633,0],[8632,0],[8377,0],]]
[8506,16,9,[[8505,0],[8507,0],[8634,0],[8378,0],]]
[8507,8,9,[[8508,0],[8506,0],[8635,0],[8634,0],[8379,0],]]
[8508,19,9,[[8507,0],[8509,0],[8636,0],[8380,0],]]
[8509,15,9,[[8510,0],[8508,0],[8637,0],[8636,0],[8381,0],]]
[8510,1,9,[[8509,0],[8511,0],[8638,0],[8382,0],]]
[8511,13,9,[[8512,0],[8510,0],[8639,0],[8638,0],[8383,0],]]
[8512,15,10,[[8511,0],[8513,0],[8640,0],[8384,0],]]
[8513,5,10,[[8514,0],[8512,0],[8641,0],[8640,0],[8385,0],]]
[8514,5,10,[[8513,0],[8515,0],[8642,0],[8386,0],]]
[8515,19,10,[[8516,0],[8514,0],[8643,0],[8642,0],[8387,0],]]
[8516,11,10,[[8515,0],[8517,0],[8644,0],[8388,0],]]
[8517,8,10,[[8518,0],[8516,0],[8645,0],[8644,0],[8389,0],]]
[8518,14,10,[[8517,0],[8519,0],[8646,0],[8390,0],]]
