[9338,9,11,[[9337,0],[9339,0],[9466,0],[9210,0],]]
[9339,4,11,[[9340,0],[9338,0],[9467,0],[9466,0],[9211,0],]]
[9340,9,11,[[9339,0],[9341,0],[9468,0],[9212,0],]]
[9341,13,11,[[9342,0],[9340,0],[9469,0],[9468,0],[9213,0],]]
[9342,6,11,[[9341,0],[9343,0],[9470,0],[9214,0],]]
[9343,1,11,[[9342,0],[9471,0],[9470,0],[9215,0],]]
[9344,6,8,[[9345,0],[9216,0],[9217,0],[9472,0],]]
[9345,17,8,[[9346,0],[9344,0],[9217,0],[9473,0],]]
[9346,15,8,[[9345,0],[9347,0],[9218,0],[9219,0],[9474,0],]]
[9347,15,8,[[9348,0],[9346,0],[9219,0],[9475,0],]]
[9348,4,8,[[9347,0],[9349,0],[9220,0],[9221,0],[9476,0],]]
[9349,18,8,[[9350,0],[9348,0],[9221,0],[9477,0],]]
[9350,9,8,[[9349,0],[9351,0],[9222,0],[9223,0],[9478,0],]]
[9351,10,8,[[9352,0],[9350,0],[9223,0],[9479,0],]]
[9352,13,8,[[9351,0],[9353,0],[9224,0],[9225,0],[9480,0],]]
[9353,8,8,[[9354,0],[9352,0],[9225,0],[9481,0],]]
[9354,7,8,[[9353,0],[9355,0],[9226,0],[9227,0],[9482,0],]]
[9355,6,8,[[9356,0],[9354,0],[9227,0],[9483,0],]]
[9356,11,8,[[9355,0],[9357,0],[9228,0],[9229,0],[9484,0],]]
[9357,3,8,[[9358,0],[9356,0],[9229,0],[9485,0],]]
[9358,4,8,[[9357,0],[9359,0],[9230,0],[9231,0],[9486,0],]]
[9359,9,8,[[9360,0],[9358,0],[9231,0],[9487,0],]]
[9360,10,8,[[9359,0],[9361,0],[9232,0],[9233,0],[9488,0],]]
[9361,10,8,[[9362,0],[9360,0],[9233,0],[9489,0],]]
[9362,10,8,[[9361,0],[9363,0],[9234,0],[9235,0],[9490,0],]]
[9363,14,8,[[9364,0],[9362,0],[9235,0],[9491,0],]]
[9364,19,8,[[9363,0],[9365,0],[9236,0],[9237,0],[9492,0],]]
[9365,18,8,[[9366,0],[9364,0],[9237,0],[9493,0],]]
[9366,6,8,[[9365,0],[9367,0],[9238,0],[9239,0],[9494,0],]]
[9367,15,8,[[9368,0],[9366,0],[9239,0],[9495,0],]]
[9368,3,8,[[9367,0],[9369,0],[9240,0],[9241,0],[9496,0],]]
[9369,1,8,[[9370,0],[9368,0],[9241,0],[9497,0],]]
[9370,3,8,[[9369,0],[9371,0],[9242,0],[9243,0],[9498,0],]]
[9371,6,8,[[9372,0],[9370,0],[9243,0],[9499,0],]]
[9372,15,8,[[9371,0],[9373,0],[9244,0],[9245,0],[9500,0],]]
[9373,10,8,[[9374,0],[9372,0],[9245,0],[9501,0],]]
[9374,7,8,[[9373,0],[9375,0],[9246,0],[9247,0],[9502,0],]]
[9375,1,8,[[9376,0],[9374,0],[9247,0],[9503,0],]]
[9376,19,9,[[9375,0],[9377,0],[9248,0],[9249,0],[9504,0],]]
[9377,7,9,[[9378,0],[9376,0],[9249,0],[9505,0],]]
[9378,19,9,[[9377,0],[9379,0],[9250,0],[9251,0],[9506,0],]]
[9379,11,9,[[9380,0],[9378,0],[9251,0],[9507,0],]]
[9380,4,9,[[9379,0],[9381,0],[9252,0],[9253,0],[9508,0],]]
[9381,19,9,[[9382,0],[9380,0],[9253,0],[9509,0],]]
[9382,1,9,[[9381,0],[9383,0],[9254,0],[9255,0],[9510,0],]]
[9383,1,9,[[9384,0],[9382,0],[9255,0],[9511,0],]]
[9384,15,9,[[9383,0],[9385,0],[9256,0],[9257,0],[9512,0],]]
[9385,13,9,[[9386,0],[9384,0],[9257,0],[9513,0],]]
[9386,2,9,[[9385,0],[9387,0],[9258,0],[9259,0],[9514,0],]]
[9387,16,9,[[9388,0],[9386,0],[9259,0],[9515,0],]]
[9388,15,9,[[9387,0],[9389,0],[9260,0],[9261,0],[9516,0],]]
[9389,10,9,[[9390,0],[9388,0],[9261,0],[9517,0],]]
[9390,17,9,[[9389,0],[9391,0],[9262,0],[9263,0],[9518,0],]]
[9391,18,9,[[9392,0],[9390,0],[9263,0],[9519,0],]]
[9392,10,9,[[9391,0],[9393,0],[9264,0],[9265,0],[9520,0],]]
[9393,9,9,[[9394,0],[9392,0],[9265,0],[9521,0],]]
[9394,10,9,[[9393,0],[9395,0],[9266,0],[9267,0],[9522,0],]]
[9395,18,9,[[9396,0],[9394,0],[9267,0],[9523,0],]]
[9396,8,9,[[9395,0],[9397,0],[9268,0],[9269,0],[9524,0],]]
[9397,19,9,[[9398,0],[9396,0],[9269,0],[9525,0],]]
[9398,17,9,[[9397,0],[9399,0],[9270,0],[9271,0],[9526,0],]]
[9399,13,9,[[9400,0],[9398,0],[9271,0],[9527,0],]]
[9400,4,9,[[9399,0],[9401,0],[9272,0],[9273,0],[9528,0],]]
[9401,1,9,[[9402,0],[9400,0],[9273,0],[9529,0],]]
[9402,2,9,[[9401,0],[9403,0],[9274,0],[9275,0],[9530,0],]]
[9403,6,9,[[9404,0],[9402,0],[9275,0],[9531,0],]]
[9404,17,9,[[9403,0],[9405,0],[9276,0],[9277,0],[9532,0],]]
[9405,9,9,[[9406,0],[9404,0],[9277,0],[9533,0],]]
[9406,18,9,[[9405,0],[9407,0],[9278,0],[9279,0],[9534,0],]]
[9407,17,9,[[9408,0],[9406,0],[9279,0],[9535,0],]]
[9408,17,10,[[9407,0],[9409,0],[9280,0],[9281,0],[9536,0],]]
[9409,18,10,[[9410,0],[9408,0],[9281,0],[9537,0],]]
[9410,5,10,[[9409,0],[9411,0],[9282,0],[9283,0],[9538,0],]]
[9411,15,10,[[9412,0],[9410,0],[9283,0],[9539,0],]]
[9412,5,10,[[9411,0],[9413,0],[9284,0],[9285,0],[9540,0],]]
[9413,3,10,[[9414,0],[9412,0],[9285,0],[9541,0],]]
[9414,14,10,[[9413,0],[9415,0],[9286,0],[9287,0],[9542,0],]]
[9415,6,10,[[9416,0],[9414,0],[9287,0],[9543,0],]]
[9416,17,10,[[9415,0],[9417,0],[9288,0],[9289,0],[9544,0],]]
[9417,4,10,[[9418,0],[9416,0],[9289,0],[9545,0],]]
[9418,8,10,[[9417,0],[9419,0],[9290,0],[9291,0],[9546,0],]]
[9419,12,10,[[9420,0],[9418,0],[9291,0],[9547,0],]]
[9420,8,10,[[9419,0],[9421,0],[9292,0],[9293,0],[9548,0],]]
[9421,15,10,[[9422,0],[9420,0],[9293,0],[9549,0],]]
[9422,16,10,[[9421,0],[9423,0],[9294,0],[9295,0],[9550,0],]]
[9423,3,10,[[9424,0],[9422,0],[9295,0],[9551,0],]]
[9424,2,10,[[9423,0],[9425,0],[9296,0],[9297,0],[9552,0],]]
[9425,19,10,[[9426,0],[9424,0],[9297,0],[9553,0],]]
[9426,14,10,[[9425,0],[9427,0],[9298,0],[9299,0],[9554,0],]]
[9427,4,10,[[9428,0],[9426,0],[9299,0],[9555,0],]]
[9428,17,10,[[9427,0],[9429,0],[9300,0],[9301,0],[9556,0],]]
[9429,12,10,[[9430,0],[9428,0],[9301,0],[9557,0],]]
[9430,10,10,[[9429,0],[9431,0],[9302,0],[9303,0],[9558,0],]]
[9431,3,10,[[9432,0],[9430,0],[9303,0],[9559,0],]]
[9432,9,10,[[9431,0],[9433,0],[9304,0],[9305,0],[9560,0],]]
[9433,4,10,[[9434,0],[9432,0],[9305,0],[9561,0],]]
[9434,8,10,[[9433,0],[9435,0],[9306,0],[9307,0],[9562,0],]]
[9435,12,10,[[9436,0],[9434,0],[9307,0],[9563,0],]]
[9436,5,10,[[9435,0],[9437,0],[9308,0],[9309,0],[9564,0],]]
[9437,3,10,[[9438,0],[9436,0],[9309,0],[9565,0],]]
[9438,15,10,[[9437,0],[9439,0],[9310,0],[9311,0],[9566,0],]]
[9439,15,10,[[9440,0],[9438,0],[9311,0],[9567,0],]]
[9440,12,11,[[9439,0],[9441,0],[9312,0],[9313,0],[9568,0],]]
[9441,2,11,[[9442,0],[9440,0],[9313,0],[9569,0],]]
[9442,4,11,[[9441,0],[9443,0],[9314,0],[9315,0],[9570,0],]]
[9443,12,11,[[9444,0],[9442,0],[9315,0],[9571,0],]]
[9444,6,11,[[9443,0],[9445,0],[9316,0],[9317,0],[9572,0],]]
[9445,1,11,[[9446,0],[9444,0],[9317,0],[9573,0],]]
[9446,5,11,[[9445,0],[9447,0],[9318,0],[9319,0],[9574,0],]]
[9447,9,11,[[9448,0],[9446,0],[9319,0],[9575,0],]]
[9448,15,11,[[9447,0],[9449,0],[9320,0],[9321,0],[9576,0],]]
[9449,5,11,[[9450,0],[9448,0],[9321,0],[9577,0],]]
[9450,18,11,[[9449,0],[9451,0],[9322,0],[9323,0],[9578,0],]]
[9451,6,11,[[9452,0],[9450,0],[9323,0],[9579,0],]]
[9452,9,11,[[9451,0],[9453,0],[9324,0],[9325,0],[9580,0],]]
[9453,15,11,[[9454,0],[9452,0],[9325,0],[9581,0],]]
[9454,19,11,[[9453,0],[9455,0],[9326,0],[9327,0],[9582,0],]]
[9455,10,11,[[9456,0],[9454,0],[9327,0],[9583,0],]]
[9456,14,11,[[9455,0],[9457,0],[9328,0],[9329,0],[9584,0],]]
[9457,1,11,[[9458,0],[9456,0],[9329,0],[9585,0],]]
[9458,3,11,[[9457,0],[9459,0],[9330,0],[9331,0],[9586,0],]]
[9459,5,11,[[9460,0],[9458,0],[9331,0],[9587,0],]]
[9460,3,11,[[9459,0],[9461,0],[9332,0],[9333,0],[9588,0],]]
[9461,10,11,[[9462,0],[9460,0],[9333,0],[9589,0],]]
[9462,18,11,[[9461,0],[9463,0],[9334,0],[9335,0],[9590,0],]]
[9463,10,11,[[9464,0],[9462,0],[9335,0],[9591,0],]]
[9464,11,11,[[9463,0],[9465,0],[9336,0],[9337,0],[9592,0],]]
[9465,14,11,[[9466,0],[9464,0],[9337,0],[9593,0],]]
[9466,17,11,[[9465,0],[9467,0],[9338,0],[9339,0],[9594,0],]]
[9467,3,11,[[9468,0],[9466,0],[9339,0],[9595,0],]]
[9468,3,11,[[9467,0],[9469,0],[9340,0],[9341,0],[9596,0],]]
[9469,15,11,[[9470,0],[9468,0],[9341,0],[9597,0],]]
[9470,9,11,[[9469,0],[9471,0],[9342,0],[9343,0],[9598,0],]]
[9471,19,11,[[9470,0],[9343,0],[9599,0],]]
[9472,14,8,[[9473,0],[9600,0],[9344,0],]]
[9473,17,8,[[9474,0],[9472,0],[9601,0],[9600,0],[9345,0],]]
[9474,12,8,[[9473,0],[9475,0],[9602,0],[9346,0],]]
[9475,15,8,[[9476,0],[9474,0],[9603,0],[9602,0],[9347,0],]]
[9476,2,8,[[9475,0],[9477,0],[9604,0],[9348,0],]]
[9477,18,8,[[9478,0],[9476,0],[9605,0],[9604,0],[9349,0],]]
[9478,18,8,[[9477,0],[9479,0],[9606,0],[9350,0],]]
[9479,7,8,[[9480,0],[9478,0],[9607,0],[9606,0],[9351,0],]]
[9480,12,8,[[9479,0],[9481,0],[9608,0],[9352,0],]]
[9481,7,8,[[9482,0],[9480,0],[9609,0],[9608,0],[9353,0],]]
[9482,12,8,[[9481,0],[9483,0],[9610,0],[9354,0],]]
[9483,9,8,[[9484,0],[9482,0],[9611,0],[9610,0],[9355,0],]]
[9484,7,8,[[9483,0],[9485,0],[9612,0],[9356,0],]]
[9485,9,8,[[9486,0],[9484,0],[9613,0],[9612,0],[9357,0],]]
[9486,19,8,[[9485,0],[9487,0],[9614,0],[9358,0],]]
[9487,5,8,[[9488,0],[9486,0],[9615,0],[9614,0],[9359,0],]]
[9488,17,8,[[9487,0],[9489,0],[9616,0],[9360,0],]]
[9489,18,8,[[9490,0],[9488,0],[9617,0],[9616,0],[9361,0],]]
[9490,9,8,[[9489,0],[9491,0],[9618,0],[9362,0],]]
[9491,14,8,[[9492,0],[9490,0],[9619,0],[9618,0],[9363,0],]]
[9492,13,8,[[9491,0],[9493,0],[9620,0],[9364,0],]]
[9493,12,8,[[9494,0],[9492,0],[9621,0],[9620,0],[9365,0],]]
[9494,2,8,[[9493,0],[9495,0],[9622,0],[9366,0],]]
[9495,11,8,[[9496,0],[9494,0],[9623,0],[9622,0],[9367,0],]]
[9496,1,8,[[9495,0],[9497,0],[9624,0],[9368,0],]]
[9497,14,8,[[9498,0],[9496,0],[9625,0],[9624,0],[9369,0],]]
[9498,6,8,[[9497,0],[9499,0],[9626,0],[9370,0],]]
[9499,17,8,[[9500,0],[9498,0],[9627,0],[9626,0],[9371,0],]]
[9500,1,8,[[9499,0],[9501,0],[9628,0],[9372,0],]]
[9501,5,8,[[9502,0],[9500,0],[9629,0],[9628,0],[9373,0],]]
