[8519,3,10,[[8520,0],[8518,0],[8647,0],[8646,0],[8391,0],]]
[8520,12,10,[[8519,0],[8521,0],[8648,0],[8392,0],]]
[8521,11,10,[[8522,0],[8520,0],[8649,0],[8648,0],[8393,0],]]
[8522,14,10,[[8521,0],[8523,0],[8650,0],[8394,0],]]
[8523,3,10,[[8524,0],[8522,0],[8651,0],[8650,0],[8395,0],]]
[8524,15,10,[[8523,0],[8525,0],[8652,0],[8396,0],]]
[8525,17,10,[[8526,0],[8524,0],[8653,0],[8652,0],[8397,0],]]
[8526,12,10,[[8525,0],[8527,0],[8654,0],[8398,0],]]
[8527,2,10,[[8528,0],[8526,0],[8655,0],[8654,0],[8399,0],]]
[8528,11,10,[[8527,0],[8529,0],[8656,0],[8400,0],]]
[8529,18,10,[[8530,0],[8528,0],[8657,0],[8656,0],[8401,0],]]
[8530,8,10,[[8529,0],[8531,0],[8658,0],[8402,0],]]
[8531,18,10,[[8532,0],[8530,0],[8659,0],[8658,0],[8403,0],]]
[8532,15,10,[[8531,0],[8533,0],[8660,0],[8404,0],]]
[8533,13,10,[[8534,0],[8532,0],[8661,0],[8660,0],[8405,0],]]
[8534,5,10,[[8533,0],[8535,0],[8662,0],[8406,0],]]
[8535,8,10,[[8536,0],[8534,0],[8663,0],[8662,0],[8407,0],]]
[8536,19,10,[[8535,0],[8537,0],[8664,0],[8408,0],]]
[8537,19,10,[[8538,0],[8536,0],[8665,0],[8664,0],[8409,0],]]
[8538,10,10,[[8537,0],[8539,0],[8666,0],[8410,0],]]
[8539,11,10,[[8540,0],[8538,0],[8667,0],[8666,0],[8411,0],]]
[8540,10,10,[[8539,0],[8541,0],[8668,0],[8412,0],]]
[8541,17,10,[[8542,0],[8540,0],[8669,0],[8668,0],[8413,0],]]
[8542,12,10,[[8541,0],[8543,0],[8670,0],[8414,0],]]
[8543,12,10,[[8544,0],[8542,0],[8671,0],[8670,0],[8415,0],]]
[8544,13,11,[[8543,0],[8545,0],[8672,0],[8416,0],]]
[8545,14,11,[[8546,0],[8544,0],[8673,0],[8672,0],[8417,0],]]
[8546,10,11,[[8545,0],[8547,0],[8674,0],[8418,0],]]
[8547,4,11,[[8548,0],[8546,0],[8675,0],[8674,0],[8419,0],]]
[8548,11,11,[[8547,0],[8549,0],[8676,0],[8420,0],]]
[8549,15,11,[[8550,0],[8548,0],[8677,0],[8676,0],[8421,0],]]
[8550,1,11,[[8549,0],[8551,0],[8678,0],[8422,0],]]
[8551,8,11,[[8552,0],[8550,0],[8679,0],[8678,0],[8423,0],]]
[8552,1,11,[[8551,0],[8553,0],[8680,0],[8424,0],]]
[8553,16,11,[[8554,0],[8552,0],[8681,0],[8680,0],[8425,0],]]
[8554,16,11,[[8553,0],[8555,0],[8682,0],[8426,0],]]
[8555,15,11,[[8556,0],[8554,0],[8683,0],[8682,0],[8427,0],]]
[8556,14,11,[[8555,0],[8557,0],[8684,0],[8428,0],]]
[8557,5,11,[[8558,0],[8556,0],[8685,0],[8684,0],[8429,0],]]
[8558,17,11,[[8557,0],[8559,0],[8686,0],[8430,0],]]
[8559,10,11,[[8560,0],[8558,0],[8687,0],[8686,0],[8431,0],]]
[8560,3,11,[[8559,0],[8561,0],[8688,0],[8432,0],]]
[8561,14,11,[[8562,0],[8560,0],[8689,0],[8688,0],[8433,0],]]
[8562,10,11,[[8561,0],[8563,0],[8690,0],[8434,0],]]
[8563,1,11,[[8564,0],[8562,0],[8691,0],[8690,0],[8435,0],]]
[8564,14,11,[[8563,0],[8565,0],[8692,0],[8436,0],]]
[8565,14,11,[[8566,0],[8564,0],[8693,0],[8692,0],[8437,0],]]
[8566,12,11,[[8565,0],[8567,0],[8694,0],[8438,0],]]
[8567,1,11,[[8568,0],[8566,0],[8695,0],[8694,0],[8439,0],]]
[8568,17,11,[[8567,0],[8569,0],[8696,0],[8440,0],]]
[8569,6,11,[[8570,0],[8568,0],[8697,0],[8696,0],[8441,0],]]
[8570,3,11,[[8569,0],[8571,0],[8698,0],[8442,0],]]
[8571,7,11,[[8572,0],[8570,0],[8699,0],[8698,0],[8443,0],]]
[8572,2,11,[[8571,0],[8573,0],[8700,0],[8444,0],]]
[8573,17,11,[[8574,0],[8572,0],[8701,0],[8700,0],[8445,0],]]
[8574,18,11,[[8573,0],[8575,0],[8702,0],[8446,0],]]
[8575,6,11,[[8574,0],[8703,0],[8702,0],[8447,0],]]
[8576,5,8,[[8577,0],[8448,0],[8449,0],[8704,0],]]
[8577,14,8,[[8578,0],[8576,0],[8449,0],[8705,0],]]
[8578,12,8,[[8577,0],[8579,0],[8450,0],[8451,0],[8706,0],]]
[8579,3,8,[[8580,0],[8578,0],[8451,0],[8707,0],]]
[8580,19,8,[[8579,0],[8581,0],[8452,0],[8453,0],[8708,0],]]
[8581,3,8,[[8582,0],[8580,0],[8453,0],[8709,0],]]
[8582,19,8,[[8581,0],[8583,0],[8454,0],[8455,0],[8710,0],]]
[8583,19,8,[[8584,0],[8582,0],[8455,0],[8711,0],]]
[8584,19,8,[[8583,0],[8585,0],[8456,0],[8457,0],[8712,0],]]
[8585,4,8,[[8586,0],[8584,0],[8457,0],[8713,0],]]
[8586,3,8,[[8585,0],[8587,0],[8458,0],[8459,0],[8714,0],]]
[8587,11,8,[[8588,0],[8586,0],[8459,0],[8715,0],]]
[8588,11,8,[[8587,0],[8589,0],[8460,0],[8461,0],[8716,0],]]
[8589,1,8,[[8590,0],[8588,0],[8461,0],[8717,0],]]
[8590,3,8,[[8589,0],[8591,0],[8462,0],[8463,0],[8718,0],]]
[8591,13,8,[[8592,0],[8590,0],[8463,0],[8719,0],]]
[8592,16,8,[[8591,0],[8593,0],[8464,0],[8465,0],[8720,0],]]
[8593,4,8,[[8594,0],[8592,0],[8465,0],[8721,0],]]
[8594,4,8,[[8593,0],[8595,0],[8466,0],[8467,0],[8722,0],]]
[8595,15,8,[[8596,0],[8594,0],[8467,0],[8723,0],]]
[8596,11,8,[[8595,0],[8597,0],[8468,0],[8469,0],[8724,0],]]
[8597,9,8,[[8598,0],[8596,0],[8469,0],[8725,0],]]
[8598,5,8,[[8597,0],[8599,0],[8470,0],[8471,0],[8726,0],]]
[8599,5,8,[[8600,0],[8598,0],[8471,0],[8727,0],]]
[8600,6,8,[[8599,0],[8601,0],[8472,0],[8473,0],[8728,0],]]
[8601,16,8,[[8602,0],[8600,0],[8473,0],[8729,0],]]
[8602,11,8,[[8601,0],[8603,0],[8474,0],[8475,0],[8730,0],]]
[8603,2,8,[[8604,0],[8602,0],[8475,0],[8731,0],]]
[8604,7,8,[[8603,0],[8605,0],[8476,0],[8477,0],[8732,0],]]
[8605,9,8,[[8606,0],[8604,0],[8477,0],[8733,0],]]
[8606,12,8,[[8605,0],[8607,0],[8478,0],[8479,0],[8734,0],]]
[8607,5,8,[[8608,0],[8606,0],[8479,0],[8735,0],]]
[8608,2,9,[[8607,0],[8609,0],[8480,0],[8481,0],[8736,0],]]
[8609,12,9,[[8610,0],[8608,0],[8481,0],[8737,0],]]
[8610,5,9,[[8609,0],[8611,0],[8482,0],[8483,0],[8738,0],]]
[8611,11,9,[[8612,0],[8610,0],[8483,0],[8739,0],]]
[8612,15,9,[[8611,0],[8613,0],[8484,0],[8485,0],[8740,0],]]
[8613,5,9,[[8614,0],[8612,0],[8485,0],[8741,0],]]
[8614,16,9,[[8613,0],[8615,0],[8486,0],[8487,0],[8742,0],]]
[8615,10,9,[[8616,0],[8614,0],[8487,0],[8743,0],]]
[8616,11,9,[[8615,0],[8617,0],[8488,0],[8489,0],[8744,0],]]
[8617,7,9,[[8618,0],[8616,0],[8489,0],[8745,0],]]
[8618,17,9,[[8617,0],[8619,0],[8490,0],[8491,0],[8746,0],]]
[8619,15,9,[[8620,0],[8618,0],[8491,0],[8747,0],]]
[8620,19,9,[[8619,0],[8621,0],[8492,0],[8493,0],[8748,0],]]
[8621,13,9,[[8622,0],[8620,0],[8493,0],[8749,0],]]
[8622,3,9,[[8621,0],[8623,0],[8494,0],[8495,0],[8750,0],]]
[8623,9,9,[[8624,0],[8622,0],[8495,0],[8751,0],]]
[8624,2,9,[[8623,0],[8625,0],[8496,0],[8497,0],[8752,0],]]
[8625,3,9,[[8626,0],[8624,0],[8497,0],[8753,0],]]
[8626,14,9,[[8625,0],[8627,0],[8498,0],[8499,0],[8754,0],]]
[8627,14,9,[[8628,0],[8626,0],[8499,0],[8755,0],]]
[8628,8,9,[[8627,0],[8629,0],[8500,0],[8501,0],[8756,0],]]
[8629,10,9,[[8630,0],[8628,0],[8501,0],[8757,0],]]
[8630,3,9,[[8629,0],[8631,0],[8502,0],[8503,0],[8758,0],]]
[8631,13,9,[[8632,0],[8630,0],[8503,0],[8759,0],]]
[8632,19,9,[[8631,0],[8633,0],[8504,0],[8505,0],[8760,0],]]
[8633,4,9,[[8634,0],[8632,0],[8505,0],[8761,0],]]
[8634,8,9,[[8633,0],[8635,0],[8506,0],[8507,0],[8762,0],]]
[8635,15,9,[[8636,0],[8634,0],[8507,0],[8763,0],]]
[8636,7,9,[[8635,0],[8637,0],[8508,0],[8509,0],[8764,0],]]
[8637,7,9,[[8638,0],[8636,0],[8509,0],[8765,0],]]
[8638,16,9,[[8637,0],[8639,0],[8510,0],[8511,0],[8766,0],]]
[8639,15,9,[[8640,0],[8638,0],[8511,0],[8767,0],]]
[8640,18,10,[[8639,0],[8641,0],[8512,0],[8513,0],[8768,0],]]
[8641,14,10,[[8642,0],[8640,0],[8513,0],[8769,0],]]
[8642,9,10,[[8641,0],[8643,0],[8514,0],[8515,0],[8770,0],]]
[8643,8,10,[[8644,0],[8642,0],[8515,0],[8771,0],]]
[8644,17,10,[[8643,0],[8645,0],[8516,0],[8517,0],[8772,0],]]
[8645,14,10,[[8646,0],[8644,0],[8517,0],[8773,0],]]
[8646,7,10,[[8645,0],[8647,0],[8518,0],[8519,0],[8774,0],]]
[8647,15,10,[[8648,0],[8646,0],[8519,0],[8775,0],]]
[8648,7,10,[[8647,0],[8649,0],[8520,0],[8521,0],[8776,0],]]
[8649,11,10,[[8650,0],[8648,0],[8521,0],[8777,0],]]
[8650,5,10,[[8649,0],[8651,0],[8522,0],[8523,0],[8778,0],]]
[8651,4,10,[[8652,0],[8650,0],[8523,0],[8779,0],]]
[8652,12,10,[[8651,0],[8653,0],[8524,0],[8525,0],[8780,0],]]
[8653,14,10,[[8654,0],[8652,0],[8525,0],[8781,0],]]
[8654,19,10,[[8653,0],[8655,0],[8526,0],[8527,0],[8782,0],]]
[8655,18,10,[[8656,0],[8654,0],[8527,0],[8783,0],]]
[8656,17,10,[[8655,0],[8657,0],[8528,0],[8529,0],[8784,0],]]
[8657,1,10,[[8658,0],[8656,0],[8529,0],[8785,0],]]
[8658,18,10,[[8657,0],[8659,0],[8530,0],[8531,0],[8786,0],]]
[8659,10,10,[[8660,0],[8658,0],[8531,0],[8787,0],]]
[8660,7,10,[[8659,0],[8661,0],[8532,0],[8533,0],[8788,0],]]
[8661,2,10,[[8662,0],[8660,0],[8533,0],[8789,0],]]
[8662,7,10,[[8661,0],[8663,0],[8534,0],[8535,0],[8790,0],]]
[8663,6,10,[[8664,0],[8662,0],[8535,0],[8791,0],]]
[8664,16,10,[[8663,0],[8665,0],[8536,0],[8537,0],[8792,0],]]
[8665,1,10,[[8666,0],[8664,0],[8537,0],[8793,0],]]
[8666,12,10,[[8665,0],[8667,0],[8538,0],[8539,0],[8794,0],]]
[8667,10,10,[[8668,0],[8666,0],[8539,0],[8795,0],]]
[8668,3,10,[[8667,0],[8669,0],[8540,0],[8541,0],[8796,0],]]
[8669,18,10,[[8670,0],[8668,0],[8541,0],[8797,0],]]
[8670,6,10,[[8669,0],[8671,0],[8542,0],[8543,0],[8798,0],]]
[8671,7,10,[[8672,0],[8670,0],[8543,0],[8799,0],]]
[8672,2,11,[[8671,0],[8673,0],[8544,0],[8545,0],[8800,0],]]
[8673,19,11,[[8674,0],[8672,0],[8545,0],[8801,0],]]
[8674,15,11,[[8673,0],[8675,0],[8546,0],[8547,0],[8802,0],]]
[8675,7,11,[[8676,0],[8674,0],[8547,0],[8803,0],]]
[8676,12,11,[[8675,0],[8677,0],[8548,0],[8549,0],[8804,0],]]
[8677,19,11,[[8678,0],[8676,0],[8549,0],[8805,0],]]
[8678,6,11,[[8677,0],[8679,0],[8550,0],[8551,0],[8806,0],]]
[8679,10,11,[[8680,0],[8678,0],[8551,0],[8807,0],]]
[8680,5,11,[[8679,0],[8681,0],[8552,0],[8553,0],[8808,0],]]
[8681,9,11,[[8682,0],[8680,0],[8553,0],[8809,0],]]
[8682,15,11,[[8681,0],[8683,0],[8554,0],[8555,0],[8810,0],]]
