[9666,7,10,[[9665,0],[9667,0],[9538,0],[9539,0],[9794,0],]]
[9667,13,10,[[9668,0],[9666,0],[9539,0],[9795,0],]]
[9668,9,10,[[9667,0],[9669,0],[9540,0],[9541,0],[9796,0],]]
[9669,4,10,[[9670,0],[9668,0],[9541,0],[9797,0],]]
[9670,7,10,[[9669,0],[9671,0],[9542,0],[9543,0],[9798,0],]]
[9671,13,10,[[9672,0],[9670,0],[9543,0],[9799,0],]]
[9672,2,10,[[9671,0],[9673,0],[9544,0],[9545,0],[9800,0],]]
[9673,7,10,[[9674,0],[9672,0],[9545,0],[9801,0],]]
[9674,3,10,[[9673,0],[9675,0],[9546,0],[9547,0],[9802,0],]]
[9675,11,10,[[9676,0],[9674,0],[9547,0],[9803,0],]]
[9676,10,10,[[9675,0],[9677,0],[9548,0],[9549,0],[9804,0],]]
[9677,2,10,[[9678,0],[9676,0],[9549,0],[9805,0],]]
[9678,5,10,[[9677,0],[9679,0],[9550,0],[9551,0],[9806,0],]]
[9679,9,10,[[9680,0],[9678,0],[9551,0],[9807,0],]]
[9680,4,10,[[9679,0],[9681,0],[9552,0],[9553,0],[9808,0],]]
[9681,12,10,[[9682,0],[9680,0],[9553,0],[9809,0],]]
[9682,10,10,[[9681,0],[9683,0],[9554,0],[9555,0],[9810,0],]]
[9683,4,10,[[9684,0],[9682,0],[9555,0],[9811,0],]]
[9684,14,10,[[9683,0],[9685,0],[9556,0],[9557,0],[9812,0],]]
[9685,3,10,[[9686,0],[9684,0],[9557,0],[9813,0],]]
[9686,8,10,[[9685,0],[9687,0],[9558,0],[9559,0],[9814,0],]]
[9687,5,10,[[9688,0],[9686,0],[9559,0],[9815,0],]]
[9688,10,10,[[9687,0],[9689,0],[9560,0],[9561,0],[9816,0],]]
[9689,18,10,[[9690,0],[9688,0],[9561,0],[9817,0],]]
[9690,5,10,[[9689,0],[9691,0],[9562,0],[9563,0],[9818,0],]]
[9691,12,10,[[9692,0],[9690,0],[9563,0],[9819,0],]]
[9692,17,10,[[9691,0],[9693,0],[9564,0],[9565,0],[9820,0],]]
[9693,18,10,[[9694,0],[9692,0],[9565,0],[9821,0],]]
[9694,17,10,[[9693,0],[9695,0],[9566,0],[9567,0],[9822,0],]]
[9695,5,10,[[9696,0],[9694,0],[9567,0],[9823,0],]]
[9696,17,11,[[9695,0],[9697,0],[9568,0],[9569,0],[9824,0],]]
[9697,7,11,[[9698,0],[9696,0],[9569,0],[9825,0],]]
[9698,19,11,[[9697,0],[9699,0],[9570,0],[9571,0],[9826,0],]]
[9699,12,11,[[9700,0],[9698,0],[9571,0],[9827,0],]]
[9700,11,11,[[9699,0],[9701,0],[9572,0],[9573,0],[9828,0],]]
[9701,13,11,[[9702,0],[9700,0],[9573,0],[9829,0],]]
[9702,16,11,[[9701,0],[9703,0],[9574,0],[9575,0],[9830,0],]]
[9703,8,11,[[9704,0],[9702,0],[9575,0],[9831,0],]]
[9704,5,11,[[9703,0],[9705,0],[9576,0],[9577,0],[9832,0],]]
[9705,18,11,[[9706,0],[9704,0],[9577,0],[9833,0],]]
[9706,6,11,[[9705,0],[9707,0],[9578,0],[9579,0],[9834,0],]]
[9707,4,11,[[9708,0],[9706,0],[9579,0],[9835,0],]]
[9708,18,11,[[9707,0],[9709,0],[9580,0],[9581,0],[9836,0],]]
[9709,14,11,[[9710,0],[9708,0],[9581,0],[9837,0],]]
[9710,18,11,[[9709,0],[9711,0],[9582,0],[9583,0],[9838,0],]]
[9711,18,11,[[9712,0],[9710,0],[9583,0],[9839,0],]]
[9712,2,11,[[9711,0],[9713,0],[9584,0],[9585,0],[9840,0],]]
[9713,12,11,[[9714,0],[9712,0],[9585,0],[9841,0],]]
[9714,17,11,[[9713,0],[9715,0],[9586,0],[9587,0],[9842,0],]]
[9715,19,11,[[9716,0],[9714,0],[9587,0],[9843,0],]]
[9716,13,11,[[9715,0],[9717,0],[9588,0],[9589,0],[9844,0],]]
[9717,9,11,[[9718,0],[9716,0],[9589,0],[9845,0],]]
[9718,11,11,[[9717,0],[9719,0],[9590,0],[9591,0],[9846,0],]]
[9719,3,11,[[9720,0],[9718,0],[9591,0],[9847,0],]]
[9720,1,11,[[9719,0],[9721,0],[9592,0],[9593,0],[9848,0],]]
[9721,19,11,[[9722,0],[9720,0],[9593,0],[9849,0],]]
[9722,8,11,[[9721,0],[9723,0],[9594,0],[9595,0],[9850,0],]]
[9723,6,11,[[9724,0],[9722,0],[9595,0],[9851,0],]]
[9724,10,11,[[9723,0],[9725,0],[9596,0],[9597,0],[9852,0],]]
[9725,12,11,[[9726,0],[9724,0],[9597,0],[9853,0],]]
[9726,19,11,[[9725,0],[9727,0],[9598,0],[9599,0],[9854,0],]]
[9727,1,11,[[9726,0],[9599,0],[9855,0],]]
[9728,7,8,[[9729,0],[9856,0],[9600,0],]]
[9729,18,8,[[9730,0],[9728,0],[9857,0],[9856,0],[9601,0],]]
[9730,8,8,[[9729,0],[9731,0],[9858,0],[9602,0],]]
[9731,6,8,[[9732,0],[9730,0],[9859,0],[9858,0],[9603,0],]]
[9732,11,8,[[9731,0],[9733,0],[9860,0],[9604,0],]]
[9733,8,8,[[9734,0],[9732,0],[9861,0],[9860,0],[9605,0],]]
[9734,13,8,[[9733,0],[9735,0],[9862,0],[9606,0],]]
[9735,8,8,[[9736,0],[9734,0],[9863,0],[9862,0],[9607,0],]]
[9736,2,8,[[9735,0],[9737,0],[9864,0],[9608,0],]]
[9737,14,8,[[9738,0],[9736,0],[9865,0],[9864,0],[9609,0],]]
[9738,11,8,[[9737,0],[9739,0],[9866,0],[9610,0],]]
[9739,7,8,[[9740,0],[9738,0],[9867,0],[9866,0],[9611,0],]]
[9740,11,8,[[9739,0],[9741,0],[9868,0],[9612,0],]]
[9741,13,8,[[9742,0],[9740,0],[9869,0],[9868,0],[9613,0],]]
[9742,15,8,[[9741,0],[9743,0],[9870,0],[9614,0],]]
[9743,13,8,[[9744,0],[9742,0],[9871,0],[9870,0],[9615,0],]]
[9744,9,8,[[9743,0],[9745,0],[9872,0],[9616,0],]]
[9745,4,8,[[9746,0],[9744,0],[9873,0],[9872,0],[9617,0],]]
[9746,15,8,[[9745,0],[9747,0],[9874,0],[9618,0],]]
[9747,6,8,[[9748,0],[9746,0],[9875,0],[9874,0],[9619,0],]]
[9748,12,8,[[9747,0],[9749,0],[9876,0],[9620,0],]]
[9749,17,8,[[9750,0],[9748,0],[9877,0],[9876,0],[9621,0],]]
[9750,17,8,[[9749,0],[9751,0],[9878,0],[9622,0],]]
[9751,3,8,[[9752,0],[9750,0],[9879,0],[9878,0],[9623,0],]]
[9752,9,8,[[9751,0],[9753,0],[9880,0],[9624,0],]]
[9753,10,8,[[9754,0],[9752,0],[9881,0],[9880,0],[9625,0],]]
[9754,11,8,[[9753,0],[9755,0],[9882,0],[9626,0],]]
[9755,19,8,[[9756,0],[9754,0],[9883,0],[9882,0],[9627,0],]]
[9756,7,8,[[9755,0],[9757,0],[9884,0],[9628,0],]]
[9757,13,8,[[9758,0],[9756,0],[9885,0],[9884,0],[9629,0],]]
[9758,1,8,[[9757,0],[9759,0],[9886,0],[9630,0],]]
[9759,9,8,[[9760,0],[9758,0],[9887,0],[9886,0],[9631,0],]]
[9760,9,9,[[9759,0],[9761,0],[9888,0],[9632,0],]]
[9761,3,9,[[9762,0],[9760,0],[9889,0],[9888,0],[9633,0],]]
[9762,19,9,[[9761,0],[9763,0],[9890,0],[9634,0],]]
[9763,11,9,[[9764,0],[9762,0],[9891,0],[9890,0],[9635,0],]]
[9764,1,9,[[9763,0],[9765,0],[9892,0],[9636,0],]]
[9765,1,9,[[9766,0],[9764,0],[9893,0],[9892,0],[9637,0],]]
[9766,1,9,[[9765,0],[9767,0],[9894,0],[9638,0],]]
[9767,14,9,[[9768,0],[9766,0],[9895,0],[9894,0],[9639,0],]]
[9768,19,9,[[9767,0],[9769,0],[9896,0],[9640,0],]]
[9769,19,9,[[9770,0],[9768,0],[9897,0],[9896,0],[9641,0],]]
[9770,4,9,[[9769,0],[9771,0],[9898,0],[9642,0],]]
[9771,1,9,[[9772,0],[9770,0],[9899,0],[9898,0],[9643,0],]]
[9772,18,9,[[9771,0],[9773,0],[9900,0],[9644,0],]]
[9773,11,9,[[9774,0],[9772,0],[9901,0],[9900,0],[9645,0],]]
[9774,11,9,[[9773,0],[9775,0],[9902,0],[9646,0],]]
[9775,17,9,[[9776,0],[9774,0],[9903,0],[9902,0],[9647,0],]]
[9776,13,9,[[9775,0],[9777,0],[9904,0],[9648,0],]]
[9777,8,9,[[9778,0],[9776,0],[9905,0],[9904,0],[9649,0],]]
[9778,2,9,[[9777,0],[9779,0],[9906,0],[9650,0],]]
[9779,7,9,[[9780,0],[9778,0],[9907,0],[9906,0],[9651,0],]]
[9780,19,9,[[9779,0],[9781,0],[9908,0],[9652,0],]]
[9781,12,9,[[9782,0],[9780,0],[9909,0],[9908,0],[9653,0],]]
[9782,3,9,[[9781,0],[9783,0],[9910,0],[9654,0],]]
[9783,11,9,[[9784,0],[9782,0],[9911,0],[9910,0],[9655,0],]]
[9784,13,9,[[9783,0],[9785,0],[9912,0],[9656,0],]]
[9785,7,9,[[9786,0],[9784,0],[9913,0],[9912,0],[9657,0],]]
[9786,10,9,[[9785,0],[9787,0],[9914,0],[9658,0],]]
[9787,8,9,[[9788,0],[9786,0],[9915,0],[9914,0],[9659,0],]]
[9788,5,9,[[9787,0],[9789,0],[9916,0],[9660,0],]]
[9789,12,9,[[9790,0],[9788,0],[9917,0],[9916,0],[9661,0],]]
[9790,16,9,[[9789,0],[9791,0],[9918,0],[9662,0],]]
[9791,6,9,[[9792,0],[9790,0],[9919,0],[9918,0],[9663,0],]]
[9792,19,10,[[9791,0],[9793,0],[9920,0],[9664,0],]]
[9793,1,10,[[9794,0],[9792,0],[9921,0],[9920,0],[9665,0],]]
[9794,13,10,[[9793,0],[9795,0],[9922,0],[9666,0],]]
[9795,7,10,[[9796,0],[9794,0],[9923,0],[9922,0],[9667,0],]]
[9796,15,10,[[9795,0],[9797,0],[9924,0],[9668,0],]]
[9797,12,10,[[9798,0],[9796,0],[9925,0],[9924,0],[9669,0],]]
[9798,12,10,[[9797,0],[9799,0],[9926,0],[9670,0],]]
[9799,13,10,[[9800,0],[9798,0],[9927,0],[9926,0],[9671,0],]]
[9800,4,10,[[9799,0],[9801,0],[9928,0],[9672,0],]]
[9801,11,10,[[9802,0],[9800,0],[9929,0],[9928,0],[9673,0],]]
[9802,17,10,[[9801,0],[9803,0],[9930,0],[9674,0],]]
[9803,16,10,[[9804,0],[9802,0],[9931,0],[9930,0],[9675,0],]]
[9804,13,10,[[9803,0],[9805,0],[9932,0],[9676,0],]]
[9805,18,10,[[9806,0],[9804,0],[9933,0],[9932,0],[9677,0],]]
[9806,3,10,[[9805,0],[9807,0],[9934,0],[9678,0],]]
[9807,12,10,[[9808,0],[9806,0],[9935,0],[9934,0],[9679,0],]]
[9808,18,10,[[9807,0],[9809,0],[9936,0],[9680,0],]]
[9809,14,10,[[9810,0],[9808,0],[9937,0],[9936,0],[9681,0],]]
[9810,14,10,[[9809,0],[9811,0],[9938,0],[9682,0],]]
[9811,13,10,[[9812,0],[9810,0],[9939,0],[9938,0],[9683,0],]]
[9812,15,10,[[9811,0],[9813,0],[9940,0],[9684,0],]]
[9813,8,10,[[9814,0],[9812,0],[9941,0],[9940,0],[9685,0],]]
[9814,10,10,[[9813,0],[9815,0],[9942,0],[9686,0],]]
[9815,13,10,[[9816,0],[9814,0],[9943,0],[9942,0],[9687,0],]]
[9816,9,10,[[9815,0],[9817,0],[9944,0],[9688,0],]]
[9817,16,10,[[9818,0],[9816,0],[9945,0],[9944,0],[9689,0],]]
[9818,15,10,[[9817,0],[9819,0],[9946,0],[9690,0],]]
[9819,16,10,[[9820,0],[9818,0],[9947,0],[9946,0],[9691,0],]]
[9820,1,10,[[9819,0],[9821,0],[9948,0],[9692,0],]]
[9821,12,10,[[9822,0],[9820,0],[9949,0],[9948,0],[9693,0],]]
[9822,17,10,[[9821,0],[9823,0],[9950,0],[9694,0],]]
[9823,11,10,[[9824,0],[9822,0],[9951,0],[9950,0],[9695,0],]]
[9824,14,11,[[9823,0],[9825,0],[9952,0],[9696,0],]]
[9825,19,11,[[9826,0],[9824,0],[9953,0],[9952,0],[9697,0],]]
[9826,7,11,[[9825,0],[9827,0],[9954,0],[9698,0],]]
[9827,7,11,[[9828,0],[9826,0],[9955,0],[9954,0],[9699,0],]]
[9828,7,11,[[9827,0],[9829,0],[9956,0],[9700,0],]]
[9829,15,11,[[9830,0],[9828,0],[9957,0],[9956,0],[9701,0],]]
