[9011,11,9,[[9012,0],[9010,0],[9139,0],[9138,0],[8883,0],]]
[9012,4,9,[[9011,0],[9013,0],[9140,0],[8884,0],]]
[9013,19,9,[[9014,0],[9012,0],[9141,0],[9140,0],[8885,0],]]
[9014,3,9,[[9013,0],[9015,0],[9142,0],[8886,0],]]
[9015,18,9,[[9016,0],[9014,0],[9143,0],[9142,0],[8887,0],]]
[9016,10,9,[[9015,0],[9017,0],[9144,0],[8888,0],]]
[9017,19,9,[[9018,0],[9016,0],[9145,0],[9144,0],[8889,0],]]
[9018,15,9,[[9017,0],[9019,0],[9146,0],[8890,0],]]
[9019,4,9,[[9020,0],[9018,0],[9147,0],[9146,0],[8891,0],]]
[9020,9,9,[[9019,0],[9021,0],[9148,0],[8892,0],]]
[9021,19,9,[[9022,0],[9020,0],[9149,0],[9148,0],[8893,0],]]
[9022,14,9,[[9021,0],[9023,0],[9150,0],[8894,0],]]
[9023,15,9,[[9024,0],[9022,0],[9151,0],[9150,0],[8895,0],]]
[9024,17,10,[[9023,0],[9025,0],[9152,0],[8896,0],]]
[9025,1,10,[[9026,0],[9024,0],[9153,0],[9152,0],[8897,0],]]
[9026,7,10,[[9025,0],[9027,0],[9154,0],[8898,0],]]
[9027,7,10,[[9028,0],[9026,0],[9155,0],[9154,0],[8899,0],]]
[9028,8,10,[[9027,0],[9029,0],[9156,0],[8900,0],]]
[9029,9,10,[[9030,0],[9028,0],[9157,0],[9156,0],[8901,0],]]
[9030,17,10,[[9029,0],[9031,0],[9158,0],[8902,0],]]
[9031,17,10,[[9032,0],[9030,0],[9159,0],[9158,0],[8903,0],]]
[9032,17,10,[[9031,0],[9033,0],[9160,0],[8904,0],]]
[9033,9,10,[[9034,0],[9032,0],[9161,0],[9160,0],[8905,0],]]
[9034,19,10,[[9033,0],[9035,0],[9162,0],[8906,0],]]
[9035,6,10,[[9036,0],[9034,0],[9163,0],[9162,0],[8907,0],]]
[9036,6,10,[[9035,0],[9037,0],[9164,0],[8908,0],]]
[9037,9,10,[[9038,0],[9036,0],[9165,0],[9164,0],[8909,0],]]
[9038,10,10,[[9037,0],[9039,0],[9166,0],[8910,0],]]
[9039,9,10,[[9040,0],[9038,0],[9167,0],[9166,0],[8911,0],]]
[9040,7,10,[[9039,0],[9041,0],[9168,0],[8912,0],]]
[9041,7,10,[[9042,0],[9040,0],[9169,0],[9168,0],[8913,0],]]
[9042,3,10,[[9041,0],[9043,0],[9170,0],[8914,0],]]
[9043,16,10,[[9044,0],[9042,0],[9171,0],[9170,0],[8915,0],]]
[9044,2,10,[[9043,0],[9045,0],[9172,0],[8916,0],]]
[9045,18,10,[[9046,0],[9044,0],[9173,0],[9172,0],[8917,0],]]
[9046,13,10,[[9045,0],[9047,0],[9174,0],[8918,0],]]
[9047,14,10,[[9048,0],[9046,0],[9175,0],[9174,0],[8919,0],]]
[9048,16,10,[[9047,0],[9049,0],[9176,0],[8920,0],]]
[9049,4,10,[[9050,0],[9048,0],[9177,0],[9176,0],[8921,0],]]
[9050,17,10,[[9049,0],[9051,0],[9178,0],[8922,0],]]
[9051,5,10,[[9052,0],[9050,0],[9179,0],[9178,0],[8923,0],]]
[9052,2,10,[[9051,0],[9053,0],[9180,0],[8924,0],]]
[9053,7,10,[[9054,0],[9052,0],[9181,0],[9180,0],[8925,0],]]
[9054,4,10,[[9053,0],[9055,0],[9182,0],[8926,0],]]
[9055,14,10,[[9056,0],[9054,0],[9183,0],[9182,0],[8927,0],]]
[9056,10,11,[[9055,0],[9057,0],[9184,0],[8928,0],]]
[9057,1,11,[[9058,0],[9056,0],[9185,0],[9184,0],[8929,0],]]
[9058,18,11,[[9057,0],[9059,0],[9186,0],[8930,0],]]
[9059,5,11,[[9060,0],[9058,0],[9187,0],[9186,0],[8931,0],]]
[9060,2,11,[[9059,0],[9061,0],[9188,0],[8932,0],]]
[9061,17,11,[[9062,0],[9060,0],[9189,0],[9188,0],[8933,0],]]
[9062,14,11,[[9061,0],[9063,0],[9190,0],[8934,0],]]
[9063,10,11,[[9064,0],[9062,0],[9191,0],[9190,0],[8935,0],]]
[9064,2,11,[[9063,0],[9065,0],[9192,0],[8936,0],]]
[9065,6,11,[[9066,0],[9064,0],[9193,0],[9192,0],[8937,0],]]
[9066,2,11,[[9065,0],[9067,0],[9194,0],[8938,0],]]
[9067,14,11,[[9068,0],[9066,0],[9195,0],[9194,0],[8939,0],]]
[9068,8,11,[[9067,0],[9069,0],[9196,0],[8940,0],]]
[9069,2,11,[[9070,0],[9068,0],[9197,0],[9196,0],[8941,0],]]
[9070,3,11,[[9069,0],[9071,0],[9198,0],[8942,0],]]
[9071,7,11,[[9072,0],[9070,0],[9199,0],[9198,0],[8943,0],]]
[9072,9,11,[[9071,0],[9073,0],[9200,0],[8944,0],]]
[9073,18,11,[[9074,0],[9072,0],[9201,0],[9200,0],[8945,0],]]
[9074,12,11,[[9073,0],[9075,0],[9202,0],[8946,0],]]
[9075,17,11,[[9076,0],[9074,0],[9203,0],[9202,0],[8947,0],]]
[9076,10,11,[[9075,0],[9077,0],[9204,0],[8948,0],]]
[9077,19,11,[[9078,0],[9076,0],[9205,0],[9204,0],[8949,0],]]
[9078,4,11,[[9077,0],[9079,0],[9206,0],[8950,0],]]
[9079,14,11,[[9080,0],[9078,0],[9207,0],[9206,0],[8951,0],]]
[9080,13,11,[[9079,0],[9081,0],[9208,0],[8952,0],]]
[9081,10,11,[[9082,0],[9080,0],[9209,0],[9208,0],[8953,0],]]
[9082,9,11,[[9081,0],[9083,0],[9210,0],[8954,0],]]
[9083,3,11,[[9084,0],[9082,0],[9211,0],[9210,0],[8955,0],]]
[9084,16,11,[[9083,0],[9085,0],[9212,0],[8956,0],]]
[9085,4,11,[[9086,0],[9084,0],[9213,0],[9212,0],[8957,0],]]
[9086,10,11,[[9085,0],[9087,0],[9214,0],[8958,0],]]
[9087,1,11,[[9086,0],[9215,0],[9214,0],[8959,0],]]
[9088,3,8,[[9089,0],[8960,0],[8961,0],[9216,0],]]
[9089,14,8,[[9090,0],[9088,0],[8961,0],[9217,0],]]
[9090,19,8,[[9089,0],[9091,0],[8962,0],[8963,0],[9218,0],]]
[9091,4,8,[[9092,0],[9090,0],[8963,0],[9219,0],]]
[9092,5,8,[[9091,0],[9093,0],[8964,0],[8965,0],[9220,0],]]
[9093,11,8,[[9094,0],[9092,0],[8965,0],[9221,0],]]
[9094,3,8,[[9093,0],[9095,0],[8966,0],[8967,0],[9222,0],]]
[9095,8,8,[[9096,0],[9094,0],[8967,0],[9223,0],]]
[9096,16,8,[[9095,0],[9097,0],[8968,0],[8969,0],[9224,0],]]
[9097,14,8,[[9098,0],[9096,0],[8969,0],[9225,0],]]
[9098,14,8,[[9097,0],[9099,0],[8970,0],[8971,0],[9226,0],]]
[9099,17,8,[[9100,0],[9098,0],[8971,0],[9227,0],]]
[9100,10,8,[[9099,0],[9101,0],[8972,0],[8973,0],[9228,0],]]
[9101,2,8,[[9102,0],[9100,0],[8973,0],[9229,0],]]
[9102,19,8,[[9101,0],[9103,0],[8974,0],[8975,0],[9230,0],]]
[9103,5,8,[[9104,0],[9102,0],[8975,0],[9231,0],]]
[9104,15,8,[[9103,0],[9105,0],[8976,0],[8977,0],[9232,0],]]
[9105,11,8,[[9106,0],[9104,0],[8977,0],[9233,0],]]
[9106,19,8,[[9105,0],[9107,0],[8978,0],[8979,0],[9234,0],]]
[9107,9,8,[[9108,0],[9106,0],[8979,0],[9235,0],]]
[9108,15,8,[[9107,0],[9109,0],[8980,0],[8981,0],[9236,0],]]
[9109,7,8,[[9110,0],[9108,0],[8981,0],[9237,0],]]
[9110,17,8,[[9109,0],[9111,0],[8982,0],[8983,0],[9238,0],]]
[9111,5,8,[[9112,0],[9110,0],[8983,0],[9239,0],]]
[9112,18,8,[[9111,0],[9113,0],[8984,0],[8985,0],[9240,0],]]
[9113,3,8,[[9114,0],[9112,0],[8985,0],[9241,0],]]
[9114,3,8,[[9113,0],[9115,0],[8986,0],[8987,0],[9242,0],]]
[9115,13,8,[[9116,0],[9114,0],[8987,0],[9243,0],]]
[9116,10,8,[[9115,0],[9117,0],[8988,0],[8989,0],[9244,0],]]
[9117,16,8,[[9118,0],[9116,0],[8989,0],[9245,0],]]
[9118,4,8,[[9117,0],[9119,0],[8990,0],[8991,0],[9246,0],]]
[9119,12,8,[[9120,0],[9118,0],[8991,0],[9247,0],]]
[9120,12,9,[[9119,0],[9121,0],[8992,0],[8993,0],[9248,0],]]
[9121,19,9,[[9122,0],[9120,0],[8993,0],[9249,0],]]
[9122,1,9,[[9121,0],[9123,0],[8994,0],[8995,0],[9250,0],]]
[9123,12,9,[[9124,0],[9122,0],[8995,0],[9251,0],]]
[9124,4,9,[[9123,0],[9125,0],[8996,0],[8997,0],[9252,0],]]
[9125,18,9,[[9126,0],[9124,0],[8997,0],[9253,0],]]
[9126,10,9,[[9125,0],[9127,0],[8998,0],[8999,0],[9254,0],]]
[9127,13,9,[[9128,0],[9126,0],[8999,0],[9255,0],]]
[9128,11,9,[[9127,0],[9129,0],[9000,0],[9001,0],[9256,0],]]
[9129,5,9,[[9130,0],[9128,0],[9001,0],[9257,0],]]
[9130,18,9,[[9129,0],[9131,0],[9002,0],[9003,0],[9258,0],]]
[9131,17,9,[[9132,0],[9130,0],[9003,0],[9259,0],]]
[9132,9,9,[[9131,0],[9133,0],[9004,0],[9005,0],[9260,0],]]
[9133,18,9,[[9134,0],[9132,0],[9005,0],[9261,0],]]
[9134,11,9,[[9133,0],[9135,0],[9006,0],[9007,0],[9262,0],]]
[9135,13,9,[[9136,0],[9134,0],[9007,0],[9263,0],]]
[9136,6,9,[[9135,0],[9137,0],[9008,0],[9009,0],[9264,0],]]
[9137,14,9,[[9138,0],[9136,0],[9009,0],[9265,0],]]
[9138,12,9,[[9137,0],[9139,0],[9010,0],[9011,0],[9266,0],]]
[9139,3,9,[[9140,0],[9138,0],[9011,0],[9267,0],]]
[9140,4,9,[[9139,0],[9141,0],[9012,0],[9013,0],[9268,0],]]
[9141,19,9,[[9142,0],[9140,0],[9013,0],[9269,0],]]
[9142,4,9,[[9141,0],[9143,0],[9014,0],[9015,0],[9270,0],]]
[9143,8,9,[[9144,0],[9142,0],[9015,0],[9271,0],]]
[9144,7,9,[[9143,0],[9145,0],[9016,0],[9017,0],[9272,0],]]
[9145,15,9,[[9146,0],[9144,0],[9017,0],[9273,0],]]
[9146,2,9,[[9145,0],[9147,0],[9018,0],[9019,0],[9274,0],]]
[9147,9,9,[[9148,0],[9146,0],[9019,0],[9275,0],]]
[9148,11,9,[[9147,0],[9149,0],[9020,0],[9021,0],[9276,0],]]
[9149,7,9,[[9150,0],[9148,0],[9021,0],[9277,0],]]
[9150,1,9,[[9149,0],[9151,0],[9022,0],[9023,0],[9278,0],]]
[9151,3,9,[[9152,0],[9150,0],[9023,0],[9279,0],]]
[9152,6,10,[[9151,0],[9153,0],[9024,0],[9025,0],[9280,0],]]
[9153,19,10,[[9154,0],[9152,0],[9025,0],[9281,0],]]
[9154,19,10,[[9153,0],[9155,0],[9026,0],[9027,0],[9282,0],]]
[9155,14,10,[[9156,0],[9154,0],[9027,0],[9283,0],]]
[9156,9,10,[[9155,0],[9157,0],[9028,0],[9029,0],[9284,0],]]
[9157,17,10,[[9158,0],[9156,0],[9029,0],[9285,0],]]
[9158,16,10,[[9157,0],[9159,0],[9030,0],[9031,0],[9286,0],]]
[9159,3,10,[[9160,0],[9158,0],[9031,0],[9287,0],]]
[9160,16,10,[[9159,0],[9161,0],[9032,0],[9033,0],[9288,0],]]
[9161,3,10,[[9162,0],[9160,0],[9033,0],[9289,0],]]
[9162,3,10,[[9161,0],[9163,0],[9034,0],[9035,0],[9290,0],]]
[9163,16,10,[[9164,0],[9162,0],[9035,0],[9291,0],]]
[9164,16,10,[[9163,0],[9165,0],[9036,0],[9037,0],[9292,0],]]
[9165,7,10,[[9166,0],[9164,0],[9037,0],[9293,0],]]
[9166,16,10,[[9165,0],[9167,0],[9038,0],[9039,0],[9294,0],]]
[9167,8,10,[[9168,0],[9166,0],[9039,0],[9295,0],]]
[9168,2,10,[[9167,0],[9169,0],[9040,0],[9041,0],[9296,0],]]
[9169,3,10,[[9170,0],[9168,0],[9041,0],[9297,0],]]
[9170,10,10,[[9169,0],[9171,0],[9042,0],[9043,0],[9298,0],]]
[9171,11,10,[[9172,0],[9170,0],[9043,0],[9299,0],]]
[9172,2,10,[[9171,0],[9173,0],[9044,0],[9045,0],[9300,0],]]
[9173,17,10,[[9174,0],[9172,0],[9045,0],[9301,0],]]
[9174,4,10,[[9173,0],[9175,0],[9046,0],[9047,0],[9302,0],]]
