[8192,8,8,[[8193,0],[8320,0],[8064,0],]]
[8193,5,8,[[8194,0],[8192,0],[8321,0],[8320,0],[8065,0],]]
[8194,10,8,[[8193,0],[8195,0],[8322,0],[8066,0],]]
[8195,7,8,[[8196,0],[8194,0],[8323,0],[8322,0],[8067,0],]]
[8196,16,8,[[8195,0],[8197,0],[8324,0],[8068,0],]]
[8197,8,8,[[8198,0],[8196,0],[8325,0],[8324,0],[8069,0],]]
[8198,5,8,[[8197,0],[8199,0],[8326,0],[8070,0],]]
[8199,5,8,[[8200,0],[8198,0],[8327,0],[8326,0],[8071,0],]]
[8200,7,8,[[8199,0],[8201,0],[8328,0],[8072,0],]]
[8201,7,8,[[8202,0],[8200,0],[8329,0],[8328,0],[8073,0],]]
[8202,4,8,[[8201,0],[8203,0],[8330,0],[8074,0],]]
[8203,16,8,[[8204,0],[8202,0],[8331,0],[8330,0],[8075,0],]]
[8204,13,8,[[8203,0],[8205,0],[8332,0],[8076,0],]]
[8205,16,8,[[8206,0],[8204,0],[8333,0],[8332,0],[8077,0],]]
[8206,6,8,[[8205,0],[8207,0],[8334,0],[8078,0],]]
[8207,1,8,[[8208,0],[8206,0],[8335,0],[8334,0],[8079,0],]]
[8208,16,8,[[8207,0],[8209,0],[8336,0],[8080,0],]]
[8209,16,8,[[8210,0],[8208,0],[8337,0],[8336,0],[8081,0],]]
[8210,6,8,[[8209,0],[8211,0],[8338,0],[8082,0],]]
[8211,11,8,[[8212,0],[8210,0],[8339,0],[8338,0],[8083,0],]]
[8212,8,8,[[8211,0],[8213,0],[8340,0],[8084,0],]]
[8213,7,8,[[8214,0],[8212,0],[8341,0],[8340,0],[8085,0],]]
[8214,12,8,[[8213,0],[8215,0],[8342,0],[8086,0],]]
[8215,14,8,[[8216,0],[8214,0],[8343,0],[8342,0],[8087,0],]]
[8216,13,8,[[8215,0],[8217,0],[8344,0],[8088,0],]]
[8217,1,8,[[8218,0],[8216,0],[8345,0],[8344,0],[8089,0],]]
[8218,17,8,[[8217,0],[8219,0],[8346,0],[8090,0],]]
[8219,19,8,[[8220,0],[8218,0],[8347,0],[8346,0],[8091,0],]]
[8220,15,8,[[8219,0],[8221,0],[8348,0],[8092,0],]]
[8221,2,8,[[8222,0],[8220,0],[8349,0],[8348,0],[8093,0],]]
[8222,17,8,[[8221,0],[8223,0],[8350,0],[8094,0],]]
[8223,9,8,[[8224,0],[8222,0],[8351,0],[8350,0],[8095,0],]]
[8224,17,9,[[8223,0],[8225,0],[8352,0],[8096,0],]]
[8225,15,9,[[8226,0],[8224,0],[8353,0],[8352,0],[8097,0],]]
[8226,1,9,[[8225,0],[8227,0],[8354,0],[8098,0],]]
[8227,17,9,[[8228,0],[8226,0],[8355,0],[8354,0],[8099,0],]]
[8228,1,9,[[8227,0],[8229,0],[8356,0],[8100,0],]]
[8229,5,9,[[8230,0],[8228,0],[8357,0],[8356,0],[8101,0],]]
[8230,11,9,[[8229,0],[8231,0],[8358,0],[8102,0],]]
[8231,6,9,[[8232,0],[8230,0],[8359,0],[8358,0],[8103,0],]]
[8232,18,9,[[8231,0],[8233,0],[8360,0],[8104,0],]]
[8233,5,9,[[8234,0],[8232,0],[8361,0],[8360,0],[8105,0],]]
[8234,7,9,[[8233,0],[8235,0],[8362,0],[8106,0],]]
[8235,1,9,[[8236,0],[8234,0],[8363,0],[8362,0],[8107,0],]]
[8236,6,9,[[8235,0],[8237,0],[8364,0],[8108,0],]]
[8237,18,9,[[8238,0],[8236,0],[8365,0],[8364,0],[8109,0],]]
[8238,3,9,[[8237,0],[8239,0],[8366,0],[8110,0],]]
[8239,14,9,[[8240,0],[8238,0],[8367,0],[8366,0],[8111,0],]]
[8240,9,9,[[8239,0],[8241,0],[8368,0],[8112,0],]]
[8241,9,9,[[8242,0],[8240,0],[8369,0],[8368,0],[8113,0],]]
[8242,11,9,[[8241,0],[8243,0],[8370,0],[8114,0],]]
[8243,3,9,[[8244,0],[8242,0],[8371,0],[8370,0],[8115,0],]]
[8244,3,9,[[8243,0],[8245,0],[8372,0],[8116,0],]]
[8245,14,9,[[8246,0],[8244,0],[8373,0],[8372,0],[8117,0],]]
[8246,15,9,[[8245,0],[8247,0],[8374,0],[8118,0],]]
[8247,10,9,[[8248,0],[8246,0],[8375,0],[8374,0],[8119,0],]]
[8248,4,9,[[8247,0],[8249,0],[8376,0],[8120,0],]]
[8249,11,9,[[8250,0],[8248,0],[8377,0],[8376,0],[8121,0],]]
[8250,10,9,[[8249,0],[8251,0],[8378,0],[8122,0],]]
[8251,10,9,[[8252,0],[8250,0],[8379,0],[8378,0],[8123,0],]]
[8252,1,9,[[8251,0],[8253,0],[8380,0],[8124,0],]]
[8253,8,9,[[8254,0],[8252,0],[8381,0],[8380,0],[8125,0],]]
[8254,9,9,[[8253,0],[8255,0],[8382,0],[8126,0],]]
[8255,6,9,[[8256,0],[8254,0],[8383,0],[8382,0],[8127,0],]]
[8256,12,10,[[8255,0],[8257,0],[8384,0],[8128,0],]]
[8257,8,10,[[8258,0],[8256,0],[8385,0],[8384,0],[8129,0],]]
[8258,5,10,[[8257,0],[8259,0],[8386,0],[8130,0],]]
[8259,14,10,[[8260,0],[8258,0],[8387,0],[8386,0],[8131,0],]]
[8260,14,10,[[8259,0],[8261,0],[8388,0],[8132,0],]]
[8261,17,10,[[8262,0],[8260,0],[8389,0],[8388,0],[8133,0],]]
[8262,15,10,[[8261,0],[8263,0],[8390,0],[8134,0],]]
[8263,14,10,[[8264,0],[8262,0],[8391,0],[8390,0],[8135,0],]]
[8264,3,10,[[8263,0],[8265,0],[8392,0],[8136,0],]]
[8265,11,10,[[8266,0],[8264,0],[8393,0],[8392,0],[8137,0],]]
[8266,17,10,[[8265,0],[8267,0],[8394,0],[8138,0],]]
[8267,1,10,[[8268,0],[8266,0],[8395,0],[8394,0],[8139,0],]]
[8268,5,10,[[8267,0],[8269,0],[8396,0],[8140,0],]]
[8269,9,10,[[8270,0],[8268,0],[8397,0],[8396,0],[8141,0],]]
[8270,18,10,[[8269,0],[8271,0],[8398,0],[8142,0],]]
[8271,5,10,[[8272,0],[8270,0],[8399,0],[8398,0],[8143,0],]]
[8272,13,10,[[8271,0],[8273,0],[8400,0],[8144,0],]]
[8273,8,10,[[8274,0],[8272,0],[8401,0],[8400,0],[8145,0],]]
[8274,3,10,[[8273,0],[8275,0],[8402,0],[8146,0],]]
[8275,1,10,[[8276,0],[8274,0],[8403,0],[8402,0],[8147,0],]]
[8276,7,10,[[8275,0],[8277,0],[8404,0],[8148,0],]]
[8277,17,10,[[8278,0],[8276,0],[8405,0],[8404,0],[8149,0],]]
[8278,9,10,[[8277,0],[8279,0],[8406,0],[8150,0],]]
[8279,12,10,[[8280,0],[8278,0],[8407,0],[8406,0],[8151,0],]]
[8280,12,10,[[8279,0],[8281,0],[8408,0],[8152,0],]]
[8281,13,10,[[8282,0],[8280,0],[8409,0],[8408,0],[8153,0],]]
[8282,2,10,[[8281,0],[8283,0],[8410,0],[8154,0],]]
[8283,1,10,[[8284,0],[8282,0],[8411,0],[8410,0],[8155,0],]]
[8284,9,10,[[8283,0],[8285,0],[8412,0],[8156,0],]]
[8285,14,10,[[8286,0],[8284,0],[8413,0],[8412,0],[8157,0],]]
[8286,2,10,[[8285,0],[8287,0],[8414,0],[8158,0],]]
[8287,8,10,[[8288,0],[8286,0],[8415,0],[8414,0],[8159,0],]]
[8288,6,11,[[8287,0],[8289,0],[8416,0],[8160,0],]]
[8289,1,11,[[8290,0],[8288,0],[8417,0],[8416,0],[8161,0],]]
[8290,8,11,[[8289,0],[8291,0],[8418,0],[8162,0],]]
[8291,16,11,[[8292,0],[8290,0],[8419,0],[8418,0],[8163,0],]]
[8292,16,11,[[8291,0],[8293,0],[8420,0],[8164,0],]]
[8293,15,11,[[8294,0],[8292,0],[8421,0],[8420,0],[8165,0],]]
[8294,15,11,[[8293,0],[8295,0],[8422,0],[8166,0],]]
[8295,15,11,[[8296,0],[8294,0],[8423,0],[8422,0],[8167,0],]]
[8296,17,11,[[8295,0],[8297,0],[8424,0],[8168,0],]]
[8297,4,11,[[8298,0],[8296,0],[8425,0],[8424,0],[8169,0],]]
[8298,7,11,[[8297,0],[8299,0],[8426,0],[8170,0],]]
[8299,19,11,[[8300,0],[8298,0],[8427,0],[8426,0],[8171,0],]]
[8300,18,11,[[8299,0],[8301,0],[8428,0],[8172,0],]]
[8301,2,11,[[8302,0],[8300,0],[8429,0],[8428,0],[8173,0],]]
[8302,4,11,[[8301,0],[8303,0],[8430,0],[8174,0],]]
[8303,7,11,[[8304,0],[8302,0],[8431,0],[8430,0],[8175,0],]]
[8304,5,11,[[8303,0],[8305,0],[8432,0],[8176,0],]]
[8305,5,11,[[8306,0],[8304,0],[8433,0],[8432,0],[8177,0],]]
[8306,10,11,[[8305,0],[8307,0],[8434,0],[8178,0],]]
[8307,6,11,[[8308,0],[8306,0],[8435,0],[8434,0],[8179,0],]]
[8308,15,11,[[8307,0],[8309,0],[8436,0],[8180,0],]]
[8309,7,11,[[8310,0],[8308,0],[8437,0],[8436,0],[8181,0],]]
[8310,11,11,[[8309,0],[8311,0],[8438,0],[8182,0],]]
[8311,13,11,[[8312,0],[8310,0],[8439,0],[8438,0],[8183,0],]]
[8312,15,11,[[8311,0],[8313,0],[8440,0],[8184,0],]]
[8313,1,11,[[8314,0],[8312,0],[8441,0],[8440,0],[8185,0],]]
[8314,11,11,[[8313,0],[8315,0],[8442,0],[8186,0],]]
[8315,3,11,[[8316,0],[8314,0],[8443,0],[8442,0],[8187,0],]]
[8316,5,11,[[8315,0],[8317,0],[8444,0],[8188,0],]]
[8317,8,11,[[8318,0],[8316,0],[8445,0],[8444,0],[8189,0],]]
[8318,15,11,[[8317,0],[8319,0],[8446,0],[8190,0],]]
[8319,3,11,[[8318,0],[8447,0],[8446,0],[8191,0],]]
[8320,16,8,[[8321,0],[8192,0],[8193,0],[8448,0],]]
[8321,11,8,[[8322,0],[8320,0],[8193,0],[8449,0],]]
[8322,9,8,[[8321,0],[8323,0],[8194,0],[8195,0],[8450,0],]]
[8323,1,8,[[8324,0],[8322,0],[8195,0],[8451,0],]]
[8324,6,8,[[8323,0],[8325,0],[8196,0],[8197,0],[8452,0],]]
[8325,14,8,[[8326,0],[8324,0],[8197,0],[8453,0],]]
[8326,3,8,[[8325,0],[8327,0],[8198,0],[8199,0],[8454,0],]]
[8327,6,8,[[8328,0],[8326,0],[8199,0],[8455,0],]]
[8328,8,8,[[8327,0],[8329,0],[8200,0],[8201,0],[8456,0],]]
[8329,5,8,[[8330,0],[8328,0],[8201,0],[8457,0],]]
[8330,13,8,[[8329,0],[8331,0],[8202,0],[8203,0],[8458,0],]]
[8331,8,8,[[8332,0],[8330,0],[8203,0],[8459,0],]]
[8332,18,8,[[8331,0],[8333,0],[8204,0],[8205,0],[8460,0],]]
[8333,8,8,[[8334,0],[8332,0],[8205,0],[8461,0],]]
[8334,6,8,[[8333,0],[8335,0],[8206,0],[8207,0],[8462,0],]]
[8335,3,8,[[8336,0],[8334,0],[8207,0],[8463,0],]]
[8336,17,8,[[8335,0],[8337,0],[8208,0],[8209,0],[8464,0],]]
[8337,15,8,[[8338,0],[8336,0],[8209,0],[8465,0],]]
[8338,2,8,[[8337,0],[8339,0],[8210,0],[8211,0],[8466,0],]]
[8339,12,8,[[8340,0],[8338,0],[8211,0],[8467,0],]]
[8340,2,8,[[8339,0],[8341,0],[8212,0],[8213,0],[8468,0],]]
[8341,10,8,[[8342,0],[8340,0],[8213,0],[8469,0],]]
[8342,12,8,[[8341,0],[8343,0],[8214,0],[8215,0],[8470,0],]]
[8343,18,8,[[8344,0],[8342,0],[8215,0],[8471,0],]]
[8344,9,8,[[8343,0],[8345,0],[8216,0],[8217,0],[8472,0],]]
[8345,8,8,[[8346,0],[8344,0],[8217,0],[8473,0],]]
[8346,11,8,[[8345,0],[8347,0],[8218,0],[8219,0],[8474,0],]]
[8347,19,8,[[8348,0],[8346,0],[8219,0],[8475,0],]]
[8348,7,8,[[8347,0],[8349,0],[8220,0],[8221,0],[8476,0],]]
[8349,16,8,[[8350,0],[8348,0],[8221,0],[8477,0],]]
[8350,11,8,[[8349,0],[8351,0],[8222,0],[8223,0],[8478,0],]]
[8351,4,8,[[8352,0],[8350,0],[8223,0],[8479,0],]]
[8352,2,9,[[8351,0],[8353,0],[8224,0],[8225,0],[8480,0],]]
[8353,14,9,[[8354,0],[8352,0],[8225,0],[8481,0],]]
[8354,2,9,[[8353,0],[8355,0],[8226,0],[8227,0],[8482,0],]]
