[10977,11,11,[[10978,0],[10976,0],[10849,0],[11105,0],]]
[10978,3,11,[[10977,0],[10979,0],[10850,0],[10851,0],[11106,0],]]
[10979,11,11,[[10980,0],[10978,0],[10851,0],[11107,0],]]
[10980,5,11,[[10979,0],[10981,0],[10852,0],[10853,0],[11108,0],]]
[10981,13,11,[[10982,0],[10980,0],[10853,0],[11109,0],]]
[10982,8,11,[[10981,0],[10983,0],[10854,0],[10855,0],[11110,0],]]
[10983,11,11,[[10984,0],[10982,0],[10855,0],[11111,0],]]
[10984,15,11,[[10983,0],[10985,0],[10856,0],[10857,0],[11112,0],]]
[10985,18,11,[[10986,0],[10984,0],[10857,0],[11113,0],]]
[10986,6,11,[[10985,0],[10987,0],[10858,0],[10859,0],[11114,0],]]
[10987,14,11,[[10988,0],[10986,0],[10859,0],[11115,0],]]
[10988,16,11,[[10987,0],[10989,0],[10860,0],[10861,0],[11116,0],]]
[10989,18,11,[[10990,0],[10988,0],[10861,0],[11117,0],]]
[10990,19,11,[[10989,0],[10991,0],[10862,0],[10863,0],[11118,0],]]
[10991,5,11,[[10992,0],[10990,0],[10863,0],[11119,0],]]
[10992,1,11,[[10991,0],[10993,0],[10864,0],[10865,0],[11120,0],]]
[10993,7,11,[[10994,0],[10992,0],[10865,0],[11121,0],]]
[10994,19,11,[[10993,0],[10995,0],[10866,0],[10867,0],[11122,0],]]
[10995,13,11,[[10996,0],[10994,0],[10867,0],[11123,0],]]
[10996,12,11,[[10995,0],[10997,0],[10868,0],[10869,0],[11124,0],]]
[10997,2,11,[[10998,0],[10996,0],[10869,0],[11125,0],]]
[10998,14,11,[[10997,0],[10999,0],[10870,0],[10871,0],[11126,0],]]
[10999,19,11,[[11000,0],[10998,0],[10871,0],[11127,0],]]
[11000,1,11,[[10999,0],[11001,0],[10872,0],[10873,0],[11128,0],]]
[11001,17,11,[[11002,0],[11000,0],[10873,0],[11129,0],]]
[11002,9,11,[[11001,0],[11003,0],[10874,0],[10875,0],[11130,0],]]
[11003,3,11,[[11004,0],[11002,0],[10875,0],[11131,0],]]
[11004,8,11,[[11003,0],[11005,0],[10876,0],[10877,0],[11132,0],]]
[11005,7,11,[[11006,0],[11004,0],[10877,0],[11133,0],]]
[11006,1,11,[[11005,0],[11007,0],[10878,0],[10879,0],[11134,0],]]
[11007,11,11,[[11006,0],[10879,0],[11135,0],]]
[11008,3,8,[[11009,0],[11136,0],[10880,0],]]
[11009,10,8,[[11010,0],[11008,0],[11137,0],[11136,0],[10881,0],]]
[11010,18,8,[[11009,0],[11011,0],[11138,0],[10882,0],]]
[11011,9,8,[[11012,0],[11010,0],[11139,0],[11138,0],[10883,0],]]
[11012,9,8,[[11011,0],[11013,0],[11140,0],[10884,0],]]
[11013,14,8,[[11014,0],[11012,0],[11141,0],[11140,0],[10885,0],]]
[11014,10,8,[[11013,0],[11015,0],[11142,0],[10886,0],]]
[11015,9,8,[[11016,0],[11014,0],[11143,0],[11142,0],[10887,0],]]
[11016,10,8,[[11015,0],[11017,0],[11144,0],[10888,0],]]
[11017,9,8,[[11018,0],[11016,0],[11145,0],[11144,0],[10889,0],]]
[11018,14,8,[[11017,0],[11019,0],[11146,0],[10890,0],]]
[11019,7,8,[[11020,0],[11018,0],[11147,0],[11146,0],[10891,0],]]
[11020,8,8,[[11019,0],[11021,0],[11148,0],[10892,0],]]
[11021,13,8,[[11022,0],[11020,0],[11149,0],[11148,0],[10893,0],]]
[11022,7,8,[[11021,0],[11023,0],[11150,0],[10894,0],]]
[11023,3,8,[[11024,0],[11022,0],[11151,0],[11150,0],[10895,0],]]
[11024,7,8,[[11023,0],[11025,0],[11152,0],[10896,0],]]
[11025,16,8,[[11026,0],[11024,0],[11153,0],[11152,0],[10897,0],]]
[11026,1,8,[[11025,0],[11027,0],[11154,0],[10898,0],]]
[11027,3,8,[[11028,0],[11026,0],[11155,0],[11154,0],[10899,0],]]
[11028,19,8,[[11027,0],[11029,0],[11156,0],[10900,0],]]
[11029,10,8,[[11030,0],[11028,0],[11157,0],[11156,0],[10901,0],]]
[11030,4,8,[[11029,0],[11031,0],[11158,0],[10902,0],]]
[11031,4,8,[[11032,0],[11030,0],[11159,0],[11158,0],[10903,0],]]
[11032,15,8,[[11031,0],[11033,0],[11160,0],[10904,0],]]
[11033,17,8,[[11034,0],[11032,0],[11161,0],[11160,0],[10905,0],]]
[11034,1,8,[[11033,0],[11035,0],[11162,0],[10906,0],]]
[11035,16,8,[[11036,0],[11034,0],[11163,0],[11162,0],[10907,0],]]
[11036,3,8,[[11035,0],[11037,0],[11164,0],[10908,0],]]
[11037,12,8,[[11038,0],[11036,0],[11165,0],[11164,0],[10909,0],]]
[11038,8,8,[[11037,0],[11039,0],[11166,0],[10910,0],]]
[11039,15,8,[[11040,0],[11038,0],[11167,0],[11166,0],[10911,0],]]
[11040,3,9,[[11039,0],[11041,0],[11168,0],[10912,0],]]
[11041,4,9,[[11042,0],[11040,0],[11169,0],[11168,0],[10913,0],]]
[11042,5,9,[[11041,0],[11043,0],[11170,0],[10914,0],]]
[11043,9,9,[[11044,0],[11042,0],[11171,0],[11170,0],[10915,0],]]
[11044,10,9,[[11043,0],[11045,0],[11172,0],[10916,0],]]
[11045,15,9,[[11046,0],[11044,0],[11173,0],[11172,0],[10917,0],]]
[11046,7,9,[[11045,0],[11047,0],[11174,0],[10918,0],]]
[11047,19,9,[[11048,0],[11046,0],[11175,0],[11174,0],[10919,0],]]
[11048,2,9,[[11047,0],[11049,0],[11176,0],[10920,0],]]
[11049,3,9,[[11050,0],[11048,0],[11177,0],[11176,0],[10921,0],]]
[11050,18,9,[[11049,0],[11051,0],[11178,0],[10922,0],]]
[11051,2,9,[[11052,0],[11050,0],[11179,0],[11178,0],[10923,0],]]
[11052,1,9,[[11051,0],[11053,0],[11180,0],[10924,0],]]
[11053,16,9,[[11054,0],[11052,0],[11181,0],[11180,0],[10925,0],]]
[11054,18,9,[[11053,0],[11055,0],[11182,0],[10926,0],]]
[11055,13,9,[[11056,0],[11054,0],[11183,0],[11182,0],[10927,0],]]
[11056,18,9,[[11055,0],[11057,0],[11184,0],[10928,0],]]
[11057,9,9,[[11058,0],[11056,0],[11185,0],[11184,0],[10929,0],]]
[11058,16,9,[[11057,0],[11059,0],[11186,0],[10930,0],]]
[11059,6,9,[[11060,0],[11058,0],[11187,0],[11186,0],[10931,0],]]
[11060,14,9,[[11059,0],[11061,0],[11188,0],[10932,0],]]
[11061,11,9,[[11062,0],[11060,0],[11189,0],[11188,0],[10933,0],]]
[11062,11,9,[[11061,0],[11063,0],[11190,0],[10934,0],]]
[11063,18,9,[[11064,0],[11062,0],[11191,0],[11190,0],[10935,0],]]
[11064,1,9,[[11063,0],[11065,0],[11192,0],[10936,0],]]
[11065,10,9,[[11066,0],[11064,0],[11193,0],[11192,0],[10937,0],]]
[11066,6,9,[[11065,0],[11067,0],[11194,0],[10938,0],]]
[11067,9,9,[[11068,0],[11066,0],[11195,0],[11194,0],[10939,0],]]
[11068,18,9,[[11067,0],[11069,0],[11196,0],[10940,0],]]
[11069,17,9,[[11070,0],[11068,0],[11197,0],[11196,0],[10941,0],]]
[11070,18,9,[[11069,0],[11071,0],[11198,0],[10942,0],]]
[11071,14,9,[[11072,0],[11070,0],[11199,0],[11198,0],[10943,0],]]
[11072,8,10,[[11071,0],[11073,0],[11200,0],[10944,0],]]
[11073,14,10,[[11074,0],[11072,0],[11201,0],[11200,0],[10945,0],]]
[11074,3,10,[[11073,0],[11075,0],[11202,0],[10946,0],]]
[11075,1,10,[[11076,0],[11074,0],[11203,0],[11202,0],[10947,0],]]
[11076,16,10,[[11075,0],[11077,0],[11204,0],[10948,0],]]
[11077,15,10,[[11078,0],[11076,0],[11205,0],[11204,0],[10949,0],]]
[11078,4,10,[[11077,0],[11079,0],[11206,0],[10950,0],]]
[11079,18,10,[[11080,0],[11078,0],[11207,0],[11206,0],[10951,0],]]
[11080,15,10,[[11079,0],[11081,0],[11208,0],[10952,0],]]
[11081,3,10,[[11082,0],[11080,0],[11209,0],[11208,0],[10953,0],]]
[11082,6,10,[[11081,0],[11083,0],[11210,0],[10954,0],]]
[11083,19,10,[[11084,0],[11082,0],[11211,0],[11210,0],[10955,0],]]
[11084,11,10,[[11083,0],[11085,0],[11212,0],[10956,0],]]
[11085,16,10,[[11086,0],[11084,0],[11213,0],[11212,0],[10957,0],]]
[11086,4,10,[[11085,0],[11087,0],[11214,0],[10958,0],]]
[11087,19,10,[[11088,0],[11086,0],[11215,0],[11214,0],[10959,0],]]
[11088,17,10,[[11087,0],[11089,0],[11216,0],[10960,0],]]
[11089,3,10,[[11090,0],[11088,0],[11217,0],[11216,0],[10961,0],]]
[11090,17,10,[[11089,0],[11091,0],[11218,0],[10962,0],]]
[11091,4,10,[[11092,0],[11090,0],[11219,0],[11218,0],[10963,0],]]
[11092,5,10,[[11091,0],[11093,0],[11220,0],[10964,0],]]
[11093,15,10,[[11094,0],[11092,0],[11221,0],[11220,0],[10965,0],]]
[11094,8,10,[[11093,0],[11095,0],[11222,0],[10966,0],]]
[11095,19,10,[[11096,0],[11094,0],[11223,0],[11222,0],[10967,0],]]
[11096,16,10,[[11095,0],[11097,0],[11224,0],[10968,0],]]
[11097,14,10,[[11098,0],[11096,0],[11225,0],[11224,0],[10969,0],]]
[11098,2,10,[[11097,0],[11099,0],[11226,0],[10970,0],]]
[11099,17,10,[[11100,0],[11098,0],[11227,0],[11226,0],[10971,0],]]
[11100,18,10,[[11099,0],[11101,0],[11228,0],[10972,0],]]
[11101,5,10,[[11102,0],[11100,0],[11229,0],[11228,0],[10973,0],]]
[11102,11,10,[[11101,0],[11103,0],[11230,0],[10974,0],]]
[11103,4,10,[[11104,0],[11102,0],[11231,0],[11230,0],[10975,0],]]
[11104,17,11,[[11103,0],[11105,0],[11232,0],[10976,0],]]
[11105,6,11,[[11106,0],[11104,0],[11233,0],[11232,0],[10977,0],]]
[11106,16,11,[[11105,0],[11107,0],[11234,0],[10978,0],]]
[11107,3,11,[[11108,0],[11106,0],[11235,0],[11234,0],[10979,0],]]
[11108,6,11,[[11107,0],[11109,0],[11236,0],[10980,0],]]
[11109,13,11,[[11110,0],[11108,0],[11237,0],[11236,0],[10981,0],]]
[11110,8,11,[[11109,0],[11111,0],[11238,0],[10982,0],]]
[11111,13,11,[[11112,0],[11110,0],[11239,0],[11238,0],[10983,0],]]
[11112,14,11,[[11111,0],[11113,0],[11240,0],[10984,0],]]
[11113,6,11,[[11114,0],[11112,0],[11241,0],[11240,0],[10985,0],]]
[11114,1,11,[[11113,0],[11115,0],[11242,0],[10986,0],]]
[11115,9,11,[[11116,0],[11114,0],[11243,0],[11242,0],[10987,0],]]
[11116,4,11,[[11115,0],[11117,0],[11244,0],[10988,0],]]
[11117,16,11,[[11118,0],[11116,0],[11245,0],[11244,0],[10989,0],]]
[11118,6,11,[[11117,0],[11119,0],[11246,0],[10990,0],]]
[11119,10,11,[[11120,0],[11118,0],[11247,0],[11246,0],[10991,0],]]
[11120,9,11,[[11119,0],[11121,0],[11248,0],[10992,0],]]
[11121,19,11,[[11122,0],[11120,0],[11249,0],[11248,0],[10993,0],]]
[11122,7,11,[[11121,0],[11123,0],[11250,0],[10994,0],]]
[11123,5,11,[[11124,0],[11122,0],[11251,0],[11250,0],[10995,0],]]
[11124,17,11,[[11123,0],[11125,0],[11252,0],[10996,0],]]
[11125,18,11,[[11126,0],[11124,0],[11253,0],[11252,0],[10997,0],]]
[11126,3,11,[[11125,0],[11127,0],[11254,0],[10998,0],]]
[11127,14,11,[[11128,0],[11126,0],[11255,0],[11254,0],[10999,0],]]
[11128,2,11,[[11127,0],[11129,0],[11256,0],[11000,0],]]
[11129,10,11,[[11130,0],[11128,0],[11257,0],[11256,0],[11001,0],]]
[11130,12,11,[[11129,0],[11131,0],[11258,0],[11002,0],]]
[11131,7,11,[[11132,0],[11130,0],[11259,0],[11258,0],[11003,0],]]
[11132,1,11,[[11131,0],[11133,0],[11260,0],[11004,0],]]
[11133,12,11,[[11134,0],[11132,0],[11261,0],[11260,0],[11005,0],]]
[11134,17,11,[[11133,0],[11135,0],[11262,0],[11006,0],]]
[11135,12,11,[[11134,0],[11263,0],[11262,0],[11007,0],]]
[11136,12,8,[[11137,0],[11008,0],[11009,0],[11264,0],]]
[11137,13,8,[[11138,0],[11136,0],[11009,0],[11265,0],]]
[11138,6,8,[[11137,0],[11139,0],[11010,0],[11011,0],[11266,0],]]
[11139,17,8,[[11140,0],[11138,0],[11011,0],[11267,0],]]
[11140,2,8,[[11139,0],[11141,0],[11012,0],[11013,0],[11268,0],]]
