[10485,12,11,[[10486,0],[10484,0],[10357,0],[10613,0],]]
[10486,5,11,[[10485,0],[10487,0],[10358,0],[10359,0],[10614,0],]]
[10487,8,11,[[10488,0],[10486,0],[10359,0],[10615,0],]]
[10488,11,11,[[10487,0],[10489,0],[10360,0],[10361,0],[10616,0],]]
[10489,10,11,[[10490,0],[10488,0],[10361,0],[10617,0],]]
[10490,3,11,[[10489,0],[10491,0],[10362,0],[10363,0],[10618,0],]]
[10491,10,11,[[10492,0],[10490,0],[10363,0],[10619,0],]]
[10492,14,11,[[10491,0],[10493,0],[10364,0],[10365,0],[10620,0],]]
[10493,2,11,[[10494,0],[10492,0],[10365,0],[10621,0],]]
[10494,3,11,[[10493,0],[10495,0],[10366,0],[10367,0],[10622,0],]]
[10495,15,11,[[10494,0],[10367,0],[10623,0],]]
[10496,9,8,[[10497,0],[10624,0],[10368,0],]]
[10497,11,8,[[10498,0],[10496,0],[10625,0],[10624,0],[10369,0],]]
[10498,14,8,[[10497,0],[10499,0],[10626,0],[10370,0],]]
[10499,18,8,[[10500,0],[10498,0],[10627,0],[10626,0],[10371,0],]]
[10500,1,8,[[10499,0],[10501,0],[10628,0],[10372,0],]]
[10501,18,8,[[10502,0],[10500,0],[10629,0],[10628,0],[10373,0],]]
[10502,13,8,[[10501,0],[10503,0],[10630,0],[10374,0],]]
[10503,18,8,[[10504,0],[10502,0],[10631,0],[10630,0],[10375,0],]]
[10504,13,8,[[10503,0],[10505,0],[10632,0],[10376,0],]]
[10505,19,8,[[10506,0],[10504,0],[10633,0],[10632,0],[10377,0],]]
[10506,3,8,[[10505,0],[10507,0],[10634,0],[10378,0],]]
[10507,18,8,[[10508,0],[10506,0],[10635,0],[10634,0],[10379,0],]]
[10508,6,8,[[10507,0],[10509,0],[10636,0],[10380,0],]]
[10509,7,8,[[10510,0],[10508,0],[10637,0],[10636,0],[10381,0],]]
[10510,12,8,[[10509,0],[10511,0],[10638,0],[10382,0],]]
[10511,15,8,[[10512,0],[10510,0],[10639,0],[10638,0],[10383,0],]]
[10512,13,8,[[10511,0],[10513,0],[10640,0],[10384,0],]]
[10513,19,8,[[10514,0],[10512,0],[10641,0],[10640,0],[10385,0],]]
[10514,17,8,[[10513,0],[10515,0],[10642,0],[10386,0],]]
[10515,12,8,[[10516,0],[10514,0],[10643,0],[10642,0],[10387,0],]]
[10516,14,8,[[10515,0],[10517,0],[10644,0],[10388,0],]]
[10517,19,8,[[10518,0],[10516,0],[10645,0],[10644,0],[10389,0],]]
[10518,18,8,[[10517,0],[10519,0],[10646,0],[10390,0],]]
[10519,4,8,[[10520,0],[10518,0],[10647,0],[10646,0],[10391,0],]]
[10520,9,8,[[10519,0],[10521,0],[10648,0],[10392,0],]]
[10521,8,8,[[10522,0],[10520,0],[10649,0],[10648,0],[10393,0],]]
[10522,1,8,[[10521,0],[10523,0],[10650,0],[10394,0],]]
[10523,16,8,[[10524,0],[10522,0],[10651,0],[10650,0],[10395,0],]]
[10524,8,8,[[10523,0],[10525,0],[10652,0],[10396,0],]]
[10525,6,8,[[10526,0],[10524,0],[10653,0],[10652,0],[10397,0],]]
[10526,19,8,[[10525,0],[10527,0],[10654,0],[10398,0],]]
[10527,16,8,[[10528,0],[10526,0],[10655,0],[10654,0],[10399,0],]]
[10528,15,9,[[10527,0],[10529,0],[10656,0],[10400,0],]]
[10529,6,9,[[10530,0],[10528,0],[10657,0],[10656,0],[10401,0],]]
[10530,3,9,[[10529,0],[10531,0],[10658,0],[10402,0],]]
[10531,18,9,[[10532,0],[10530,0],[10659,0],[10658,0],[10403,0],]]
[10532,16,9,[[10531,0],[10533,0],[10660,0],[10404,0],]]
[10533,4,9,[[10534,0],[10532,0],[10661,0],[10660,0],[10405,0],]]
[10534,8,9,[[10533,0],[10535,0],[10662,0],[10406,0],]]
[10535,6,9,[[10536,0],[10534,0],[10663,0],[10662,0],[10407,0],]]
[10536,13,9,[[10535,0],[10537,0],[10664,0],[10408,0],]]
[10537,18,9,[[10538,0],[10536,0],[10665,0],[10664,0],[10409,0],]]
[10538,18,9,[[10537,0],[10539,0],[10666,0],[10410,0],]]
[10539,19,9,[[10540,0],[10538,0],[10667,0],[10666,0],[10411,0],]]
[10540,11,9,[[10539,0],[10541,0],[10668,0],[10412,0],]]
[10541,3,9,[[10542,0],[10540,0],[10669,0],[10668,0],[10413,0],]]
[10542,16,9,[[10541,0],[10543,0],[10670,0],[10414,0],]]
[10543,3,9,[[10544,0],[10542,0],[10671,0],[10670,0],[10415,0],]]
[10544,6,9,[[10543,0],[10545,0],[10672,0],[10416,0],]]
[10545,17,9,[[10546,0],[10544,0],[10673,0],[10672,0],[10417,0],]]
[10546,9,9,[[10545,0],[10547,0],[10674,0],[10418,0],]]
[10547,7,9,[[10548,0],[10546,0],[10675,0],[10674,0],[10419,0],]]
[10548,19,9,[[10547,0],[10549,0],[10676,0],[10420,0],]]
[10549,19,9,[[10550,0],[10548,0],[10677,0],[10676,0],[10421,0],]]
[10550,1,9,[[10549,0],[10551,0],[10678,0],[10422,0],]]
[10551,3,9,[[10552,0],[10550,0],[10679,0],[10678,0],[10423,0],]]
[10552,3,9,[[10551,0],[10553,0],[10680,0],[10424,0],]]
[10553,12,9,[[10554,0],[10552,0],[10681,0],[10680,0],[10425,0],]]
[10554,9,9,[[10553,0],[10555,0],[10682,0],[10426,0],]]
[10555,4,9,[[10556,0],[10554,0],[10683,0],[10682,0],[10427,0],]]
[10556,19,9,[[10555,0],[10557,0],[10684,0],[10428,0],]]
[10557,10,9,[[10558,0],[10556,0],[10685,0],[10684,0],[10429,0],]]
[10558,5,9,[[10557,0],[10559,0],[10686,0],[10430,0],]]
[10559,19,9,[[10560,0],[10558,0],[10687,0],[10686,0],[10431,0],]]
[10560,8,10,[[10559,0],[10561,0],[10688,0],[10432,0],]]
[10561,19,10,[[10562,0],[10560,0],[10689,0],[10688,0],[10433,0],]]
[10562,14,10,[[10561,0],[10563,0],[10690,0],[10434,0],]]
[10563,9,10,[[10564,0],[10562,0],[10691,0],[10690,0],[10435,0],]]
[10564,13,10,[[10563,0],[10565,0],[10692,0],[10436,0],]]
[10565,5,10,[[10566,0],[10564,0],[10693,0],[10692,0],[10437,0],]]
[10566,19,10,[[10565,0],[10567,0],[10694,0],[10438,0],]]
[10567,5,10,[[10568,0],[10566,0],[10695,0],[10694,0],[10439,0],]]
[10568,15,10,[[10567,0],[10569,0],[10696,0],[10440,0],]]
[10569,15,10,[[10570,0],[10568,0],[10697,0],[10696,0],[10441,0],]]
[10570,19,10,[[10569,0],[10571,0],[10698,0],[10442,0],]]
[10571,10,10,[[10572,0],[10570,0],[10699,0],[10698,0],[10443,0],]]
[10572,4,10,[[10571,0],[10573,0],[10700,0],[10444,0],]]
[10573,12,10,[[10574,0],[10572,0],[10701,0],[10700,0],[10445,0],]]
[10574,6,10,[[10573,0],[10575,0],[10702,0],[10446,0],]]
[10575,14,10,[[10576,0],[10574,0],[10703,0],[10702,0],[10447,0],]]
[10576,1,10,[[10575,0],[10577,0],[10704,0],[10448,0],]]
[10577,11,10,[[10578,0],[10576,0],[10705,0],[10704,0],[10449,0],]]
[10578,2,10,[[10577,0],[10579,0],[10706,0],[10450,0],]]
[10579,12,10,[[10580,0],[10578,0],[10707,0],[10706,0],[10451,0],]]
[10580,4,10,[[10579,0],[10581,0],[10708,0],[10452,0],]]
[10581,19,10,[[10582,0],[10580,0],[10709,0],[10708,0],[10453,0],]]
[10582,17,10,[[10581,0],[10583,0],[10710,0],[10454,0],]]
[10583,15,10,[[10584,0],[10582,0],[10711,0],[10710,0],[10455,0],]]
[10584,2,10,[[10583,0],[10585,0],[10712,0],[10456,0],]]
[10585,2,10,[[10586,0],[10584,0],[10713,0],[10712,0],[10457,0],]]
[10586,13,10,[[10585,0],[10587,0],[10714,0],[10458,0],]]
[10587,15,10,[[10588,0],[10586,0],[10715,0],[10714,0],[10459,0],]]
[10588,7,10,[[10587,0],[10589,0],[10716,0],[10460,0],]]
[10589,3,10,[[10590,0],[10588,0],[10717,0],[10716,0],[10461,0],]]
[10590,5,10,[[10589,0],[10591,0],[10718,0],[10462,0],]]
[10591,6,10,[[10592,0],[10590,0],[10719,0],[10718,0],[10463,0],]]
[10592,5,11,[[10591,0],[10593,0],[10720,0],[10464,0],]]
[10593,9,11,[[10594,0],[10592,0],[10721,0],[10720,0],[10465,0],]]
[10594,1,11,[[10593,0],[10595,0],[10722,0],[10466,0],]]
[10595,4,11,[[10596,0],[10594,0],[10723,0],[10722,0],[10467,0],]]
[10596,8,11,[[10595,0],[10597,0],[10724,0],[10468,0],]]
[10597,11,11,[[10598,0],[10596,0],[10725,0],[10724,0],[10469,0],]]
[10598,6,11,[[10597,0],[10599,0],[10726,0],[10470,0],]]
[10599,9,11,[[10600,0],[10598,0],[10727,0],[10726,0],[10471,0],]]
[10600,11,11,[[10599,0],[10601,0],[10728,0],[10472,0],]]
[10601,14,11,[[10602,0],[10600,0],[10729,0],[10728,0],[10473,0],]]
[10602,17,11,[[10601,0],[10603,0],[10730,0],[10474,0],]]
[10603,7,11,[[10604,0],[10602,0],[10731,0],[10730,0],[10475,0],]]
[10604,17,11,[[10603,0],[10605,0],[10732,0],[10476,0],]]
[10605,2,11,[[10606,0],[10604,0],[10733,0],[10732,0],[10477,0],]]
[10606,3,11,[[10605,0],[10607,0],[10734,0],[10478,0],]]
[10607,4,11,[[10608,0],[10606,0],[10735,0],[10734,0],[10479,0],]]
[10608,6,11,[[10607,0],[10609,0],[10736,0],[10480,0],]]
[10609,13,11,[[10610,0],[10608,0],[10737,0],[10736,0],[10481,0],]]
[10610,17,11,[[10609,0],[10611,0],[10738,0],[10482,0],]]
[10611,7,11,[[10612,0],[10610,0],[10739,0],[10738,0],[10483,0],]]
[10612,15,11,[[10611,0],[10613,0],[10740,0],[10484,0],]]
[10613,5,11,[[10614,0],[10612,0],[10741,0],[10740,0],[10485,0],]]
[10614,1,11,[[10613,0],[10615,0],[10742,0],[10486,0],]]
[10615,17,11,[[10616,0],[10614,0],[10743,0],[10742,0],[10487,0],]]
[10616,1,11,[[10615,0],[10617,0],[10744,0],[10488,0],]]
[10617,12,11,[[10618,0],[10616,0],[10745,0],[10744,0],[10489,0],]]
[10618,17,11,[[10617,0],[10619,0],[10746,0],[10490,0],]]
[10619,2,11,[[10620,0],[10618,0],[10747,0],[10746,0],[10491,0],]]
[10620,2,11,[[10619,0],[10621,0],[10748,0],[10492,0],]]
[10621,14,11,[[10622,0],[10620,0],[10749,0],[10748,0],[10493,0],]]
[10622,9,11,[[10621,0],[10623,0],[10750,0],[10494,0],]]
[10623,12,11,[[10622,0],[10751,0],[10750,0],[10495,0],]]
[10624,4,8,[[10625,0],[10496,0],[10497,0],[10752,0],]]
[10625,15,8,[[10626,0],[10624,0],[10497,0],[10753,0],]]
[10626,8,8,[[10625,0],[10627,0],[10498,0],[10499,0],[10754,0],]]
[10627,13,8,[[10628,0],[10626,0],[10499,0],[10755,0],]]
[10628,3,8,[[10627,0],[10629,0],[10500,0],[10501,0],[10756,0],]]
[10629,16,8,[[10630,0],[10628,0],[10501,0],[10757,0],]]
[10630,9,8,[[10629,0],[10631,0],[10502,0],[10503,0],[10758,0],]]
[10631,19,8,[[10632,0],[10630,0],[10503,0],[10759,0],]]
[10632,1,8,[[10631,0],[10633,0],[10504,0],[10505,0],[10760,0],]]
[10633,16,8,[[10634,0],[10632,0],[10505,0],[10761,0],]]
[10634,2,8,[[10633,0],[10635,0],[10506,0],[10507,0],[10762,0],]]
[10635,8,8,[[10636,0],[10634,0],[10507,0],[10763,0],]]
[10636,2,8,[[10635,0],[10637,0],[10508,0],[10509,0],[10764,0],]]
[10637,11,8,[[10638,0],[10636,0],[10509,0],[10765,0],]]
[10638,16,8,[[10637,0],[10639,0],[10510,0],[10511,0],[10766,0],]]
[10639,6,8,[[10640,0],[10638,0],[10511,0],[10767,0],]]
[10640,13,8,[[10639,0],[10641,0],[10512,0],[10513,0],[10768,0],]]
[10641,3,8,[[10642,0],[10640,0],[10513,0],[10769,0],]]
[10642,19,8,[[10641,0],[10643,0],[10514,0],[10515,0],[10770,0],]]
[10643,17,8,[[10644,0],[10642,0],[10515,0],[10771,0],]]
[10644,5,8,[[10643,0],[10645,0],[10516,0],[10517,0],[10772,0],]]
[10645,9,8,[[10646,0],[10644,0],[10517,0],[10773,0],]]
[10646,16,8,[[10645,0],[10647,0],[10518,0],[10519,0],[10774,0],]]
[10647,12,8,[[10648,0],[10646,0],[10519,0],[10775,0],]]
[10648,12,8,[[10647,0],[10649,0],[10520,0],[10521,0],[10776,0],]]
