[10649,18,8,[[10650,0],[10648,0],[10521,0],[10777,0],]]
[10650,12,8,[[10649,0],[10651,0],[10522,0],[10523,0],[10778,0],]]
[10651,14,8,[[10652,0],[10650,0],[10523,0],[10779,0],]]
[10652,17,8,[[10651,0],[10653,0],[10524,0],[10525,0],[10780,0],]]
[10653,14,8,[[10654,0],[10652,0],[10525,0],[10781,0],]]
[10654,19,8,[[10653,0],[10655,0],[10526,0],[10527,0],[10782,0],]]
[10655,4,8,[[10656,0],[10654,0],[10527,0],[10783,0],]]
[10656,5,9,[[10655,0],[10657,0],[10528,0],[10529,0],[10784,0],]]
[10657,7,9,[[10658,0],[10656,0],[10529,0],[10785,0],]]
[10658,11,9,[[10657,0],[10659,0],[10530,0],[10531,0],[10786,0],]]
[10659,16,9,[[10660,0],[10658,0],[10531,0],[10787,0],]]
[10660,8,9,[[10659,0],[10661,0],[10532,0],[10533,0],[10788,0],]]
[10661,3,9,[[10662,0],[10660,0],[10533,0],[10789,0],]]
[10662,9,9,[[10661,0],[10663,0],[10534,0],[10535,0],[10790,0],]]
[10663,11,9,[[10664,0],[10662,0],[10535,0],[10791,0],]]
[10664,10,9,[[10663,0],[10665,0],[10536,0],[10537,0],[10792,0],]]
[10665,18,9,[[10666,0],[10664,0],[10537,0],[10793,0],]]
[10666,19,9,[[10665,0],[10667,0],[10538,0],[10539,0],[10794,0],]]
[10667,2,9,[[10668,0],[10666,0],[10539,0],[10795,0],]]
[10668,15,9,[[10667,0],[10669,0],[10540,0],[10541,0],[10796,0],]]
[10669,12,9,[[10670,0],[10668,0],[10541,0],[10797,0],]]
[10670,14,9,[[10669,0],[10671,0],[10542,0],[10543,0],[10798,0],]]
[10671,17,9,[[10672,0],[10670,0],[10543,0],[10799,0],]]
[10672,4,9,[[10671,0],[10673,0],[10544,0],[10545,0],[10800,0],]]
[10673,8,9,[[10674,0],[10672,0],[10545,0],[10801,0],]]
[10674,17,9,[[10673,0],[10675,0],[10546,0],[10547,0],[10802,0],]]
[10675,3,9,[[10676,0],[10674,0],[10547,0],[10803,0],]]
[10676,6,9,[[10675,0],[10677,0],[10548,0],[10549,0],[10804,0],]]
[10677,8,9,[[10678,0],[10676,0],[10549,0],[10805,0],]]
[10678,4,9,[[10677,0],[10679,0],[10550,0],[10551,0],[10806,0],]]
[10679,5,9,[[10680,0],[10678,0],[10551,0],[10807,0],]]
[10680,3,9,[[10679,0],[10681,0],[10552,0],[10553,0],[10808,0],]]
[10681,2,9,[[10682,0],[10680,0],[10553,0],[10809,0],]]
[10682,3,9,[[10681,0],[10683,0],[10554,0],[10555,0],[10810,0],]]
[10683,18,9,[[10684,0],[10682,0],[10555,0],[10811,0],]]
[10684,8,9,[[10683,0],[10685,0],[10556,0],[10557,0],[10812,0],]]
[10685,9,9,[[10686,0],[10684,0],[10557,0],[10813,0],]]
[10686,5,9,[[10685,0],[10687,0],[10558,0],[10559,0],[10814,0],]]
[10687,4,9,[[10688,0],[10686,0],[10559,0],[10815,0],]]
[10688,8,10,[[10687,0],[10689,0],[10560,0],[10561,0],[10816,0],]]
[10689,6,10,[[10690,0],[10688,0],[10561,0],[10817,0],]]
[10690,9,10,[[10689,0],[10691,0],[10562,0],[10563,0],[10818,0],]]
[10691,2,10,[[10692,0],[10690,0],[10563,0],[10819,0],]]
[10692,16,10,[[10691,0],[10693,0],[10564,0],[10565,0],[10820,0],]]
[10693,16,10,[[10694,0],[10692,0],[10565,0],[10821,0],]]
[10694,6,10,[[10693,0],[10695,0],[10566,0],[10567,0],[10822,0],]]
[10695,7,10,[[10696,0],[10694,0],[10567,0],[10823,0],]]
[10696,7,10,[[10695,0],[10697,0],[10568,0],[10569,0],[10824,0],]]
[10697,9,10,[[10698,0],[10696,0],[10569,0],[10825,0],]]
[10698,1,10,[[10697,0],[10699,0],[10570,0],[10571,0],[10826,0],]]
[10699,12,10,[[10700,0],[10698,0],[10571,0],[10827,0],]]
[10700,17,10,[[10699,0],[10701,0],[10572,0],[10573,0],[10828,0],]]
[10701,6,10,[[10702,0],[10700,0],[10573,0],[10829,0],]]
[10702,12,10,[[10701,0],[10703,0],[10574,0],[10575,0],[10830,0],]]
[10703,15,10,[[10704,0],[10702,0],[10575,0],[10831,0],]]
[10704,14,10,[[10703,0],[10705,0],[10576,0],[10577,0],[10832,0],]]
[10705,7,10,[[10706,0],[10704,0],[10577,0],[10833,0],]]
[10706,2,10,[[10705,0],[10707,0],[10578,0],[10579,0],[10834,0],]]
[10707,2,10,[[10708,0],[10706,0],[10579,0],[10835,0],]]
[10708,1,10,[[10707,0],[10709,0],[10580,0],[10581,0],[10836,0],]]
[10709,16,10,[[10710,0],[10708,0],[10581,0],[10837,0],]]
[10710,3,10,[[10709,0],[10711,0],[10582,0],[10583,0],[10838,0],]]
[10711,17,10,[[10712,0],[10710,0],[10583,0],[10839,0],]]
[10712,11,10,[[10711,0],[10713,0],[10584,0],[10585,0],[10840,0],]]
[10713,17,10,[[10714,0],[10712,0],[10585,0],[10841,0],]]
[10714,3,10,[[10713,0],[10715,0],[10586,0],[10587,0],[10842,0],]]
[10715,10,10,[[10716,0],[10714,0],[10587,0],[10843,0],]]
[10716,14,10,[[10715,0],[10717,0],[10588,0],[10589,0],[10844,0],]]
[10717,2,10,[[10718,0],[10716,0],[10589,0],[10845,0],]]
[10718,16,10,[[10717,0],[10719,0],[10590,0],[10591,0],[10846,0],]]
[10719,16,10,[[10720,0],[10718,0],[10591,0],[10847,0],]]
[10720,16,11,[[10719,0],[10721,0],[10592,0],[10593,0],[10848,0],]]
[10721,19,11,[[10722,0],[10720,0],[10593,0],[10849,0],]]
[10722,14,11,[[10721,0],[10723,0],[10594,0],[10595,0],[10850,0],]]
[10723,15,11,[[10724,0],[10722,0],[10595,0],[10851,0],]]
[10724,16,11,[[10723,0],[10725,0],[10596,0],[10597,0],[10852,0],]]
[10725,5,11,[[10726,0],[10724,0],[10597,0],[10853,0],]]
[10726,15,11,[[10725,0],[10727,0],[10598,0],[10599,0],[10854,0],]]
[10727,12,11,[[10728,0],[10726,0],[10599,0],[10855,0],]]
[10728,8,11,[[10727,0],[10729,0],[10600,0],[10601,0],[10856,0],]]
[10729,14,11,[[10730,0],[10728,0],[10601,0],[10857,0],]]
[10730,11,11,[[10729,0],[10731,0],[10602,0],[10603,0],[10858,0],]]
[10731,5,11,[[10732,0],[10730,0],[10603,0],[10859,0],]]
[10732,10,11,[[10731,0],[10733,0],[10604,0],[10605,0],[10860,0],]]
[10733,9,11,[[10734,0],[10732,0],[10605,0],[10861,0],]]
[10734,2,11,[[10733,0],[10735,0],[10606,0],[10607,0],[10862,0],]]
[10735,18,11,[[10736,0],[10734,0],[10607,0],[10863,0],]]
[10736,15,11,[[10735,0],[10737,0],[10608,0],[10609,0],[10864,0],]]
[10737,15,11,[[10738,0],[10736,0],[10609,0],[10865,0],]]
[10738,8,11,[[10737,0],[10739,0],[10610,0],[10611,0],[10866,0],]]
[10739,5,11,[[10740,0],[10738,0],[10611,0],[10867,0],]]
[10740,3,11,[[10739,0],[10741,0],[10612,0],[10613,0],[10868,0],]]
[10741,9,11,[[10742,0],[10740,0],[10613,0],[10869,0],]]
[10742,7,11,[[10741,0],[10743,0],[10614,0],[10615,0],[10870,0],]]
[10743,9,11,[[10744,0],[10742,0],[10615,0],[10871,0],]]
[10744,7,11,[[10743,0],[10745,0],[10616,0],[10617,0],[10872,0],]]
[10745,17,11,[[10746,0],[10744,0],[10617,0],[10873,0],]]
[10746,3,11,[[10745,0],[10747,0],[10618,0],[10619,0],[10874,0],]]
[10747,19,11,[[10748,0],[10746,0],[10619,0],[10875,0],]]
[10748,13,11,[[10747,0],[10749,0],[10620,0],[10621,0],[10876,0],]]
[10749,19,11,[[10750,0],[10748,0],[10621,0],[10877,0],]]
[10750,16,11,[[10749,0],[10751,0],[10622,0],[10623,0],[10878,0],]]
[10751,12,11,[[10750,0],[10623,0],[10879,0],]]
[10752,17,8,[[10753,0],[10880,0],[10624,0],]]
[10753,10,8,[[10754,0],[10752,0],[10881,0],[10880,0],[10625,0],]]
[10754,8,8,[[10753,0],[10755,0],[10882,0],[10626,0],]]
[10755,7,8,[[10756,0],[10754,0],[10883,0],[10882,0],[10627,0],]]
[10756,13,8,[[10755,0],[10757,0],[10884,0],[10628,0],]]
[10757,12,8,[[10758,0],[10756,0],[10885,0],[10884,0],[10629,0],]]
[10758,18,8,[[10757,0],[10759,0],[10886,0],[10630,0],]]
[10759,18,8,[[10760,0],[10758,0],[10887,0],[10886,0],[10631,0],]]
[10760,18,8,[[10759,0],[10761,0],[10888,0],[10632,0],]]
[10761,11,8,[[10762,0],[10760,0],[10889,0],[10888,0],[10633,0],]]
[10762,15,8,[[10761,0],[10763,0],[10890,0],[10634,0],]]
[10763,19,8,[[10764,0],[10762,0],[10891,0],[10890,0],[10635,0],]]
[10764,16,8,[[10763,0],[10765,0],[10892,0],[10636,0],]]
[10765,8,8,[[10766,0],[10764,0],[10893,0],[10892,0],[10637,0],]]
[10766,15,8,[[10765,0],[10767,0],[10894,0],[10638,0],]]
[10767,4,8,[[10768,0],[10766,0],[10895,0],[10894,0],[10639,0],]]
[10768,5,8,[[10767,0],[10769,0],[10896,0],[10640,0],]]
[10769,12,8,[[10770,0],[10768,0],[10897,0],[10896,0],[10641,0],]]
[10770,11,8,[[10769,0],[10771,0],[10898,0],[10642,0],]]
[10771,15,8,[[10772,0],[10770,0],[10899,0],[10898,0],[10643,0],]]
[10772,10,8,[[10771,0],[10773,0],[10900,0],[10644,0],]]
[10773,17,8,[[10774,0],[10772,0],[10901,0],[10900,0],[10645,0],]]
[10774,3,8,[[10773,0],[10775,0],[10902,0],[10646,0],]]
[10775,13,8,[[10776,0],[10774,0],[10903,0],[10902,0],[10647,0],]]
[10776,9,8,[[10775,0],[10777,0],[10904,0],[10648,0],]]
[10777,3,8,[[10778,0],[10776,0],[10905,0],[10904,0],[10649,0],]]
[10778,13,8,[[10777,0],[10779,0],[10906,0],[10650,0],]]
[10779,10,8,[[10780,0],[10778,0],[10907,0],[10906,0],[10651,0],]]
[10780,1,8,[[10779,0],[10781,0],[10908,0],[10652,0],]]
[10781,16,8,[[10782,0],[10780,0],[10909,0],[10908,0],[10653,0],]]
[10782,3,8,[[10781,0],[10783,0],[10910,0],[10654,0],]]
[10783,8,8,[[10784,0],[10782,0],[10911,0],[10910,0],[10655,0],]]
[10784,6,9,[[10783,0],[10785,0],[10912,0],[10656,0],]]
[10785,2,9,[[10786,0],[10784,0],[10913,0],[10912,0],[10657,0],]]
[10786,3,9,[[10785,0],[10787,0],[10914,0],[10658,0],]]
[10787,4,9,[[10788,0],[10786,0],[10915,0],[10914,0],[10659,0],]]
[10788,3,9,[[10787,0],[10789,0],[10916,0],[10660,0],]]
[10789,11,9,[[10790,0],[10788,0],[10917,0],[10916,0],[10661,0],]]
[10790,18,9,[[10789,0],[10791,0],[10918,0],[10662,0],]]
[10791,1,9,[[10792,0],[10790,0],[10919,0],[10918,0],[10663,0],]]
[10792,5,9,[[10791,0],[10793,0],[10920,0],[10664,0],]]
[10793,8,9,[[10794,0],[10792,0],[10921,0],[10920,0],[10665,0],]]
[10794,7,9,[[10793,0],[10795,0],[10922,0],[10666,0],]]
[10795,18,9,[[10796,0],[10794,0],[10923,0],[10922,0],[10667,0],]]
[10796,4,9,[[10795,0],[10797,0],[10924,0],[10668,0],]]
[10797,11,9,[[10798,0],[10796,0],[10925,0],[10924,0],[10669,0],]]
[10798,14,9,[[10797,0],[10799,0],[10926,0],[10670,0],]]
[10799,18,9,[[10800,0],[10798,0],[10927,0],[10926,0],[10671,0],]]
[10800,6,9,[[10799,0],[10801,0],[10928,0],[10672,0],]]
[10801,4,9,[[10802,0],[10800,0],[10929,0],[10928,0],[10673,0],]]
[10802,1,9,[[10801,0],[10803,0],[10930,0],[10674,0],]]
[10803,9,9,[[10804,0],[10802,0],[10931,0],[10930,0],[10675,0],]]
[10804,4,9,[[10803,0],[10805,0],[10932,0],[10676,0],]]
[10805,5,9,[[10806,0],[10804,0],[10933,0],[10932,0],[10677,0],]]
[10806,1,9,[[10805,0],[10807,0],[10934,0],[10678,0],]]
[10807,12,9,[[10808,0],[10806,0],[10935,0],[10934,0],[10679,0],]]
[10808,4,9,[[10807,0],[10809,0],[10936,0],[10680,0],]]
[10809,19,9,[[10810,0],[10808,0],[10937,0],[10936,0],[10681,0],]]
[10810,11,9,[[10809,0],[10811,0],[10938,0],[10682,0],]]
[10811,8,9,[[10812,0],[10810,0],[10939,0],[10938,0],[10683,0],]]
[10812,8,9,[[10811,0],[10813,0],[10940,0],[10684,0],]]
