[12124,6,10,[[12123,0],[12125,0],[12252,0],[11996,0],]]
[12125,2,10,[[12126,0],[12124,0],[12253,0],[12252,0],[11997,0],]]
[12126,6,10,[[12125,0],[12127,0],[12254,0],[11998,0],]]
[12127,4,10,[[12128,0],[12126,0],[12255,0],[12254,0],[11999,0],]]
[12128,13,11,[[12127,0],[12129,0],[12256,0],[12000,0],]]
[12129,19,11,[[12130,0],[12128,0],[12257,0],[12256,0],[12001,0],]]
[12130,8,11,[[12129,0],[12131,0],[12258,0],[12002,0],]]
[12131,1,11,[[12132,0],[12130,0],[12259,0],[12258,0],[12003,0],]]
[12132,1,11,[[12131,0],[12133,0],[12260,0],[12004,0],]]
[12133,7,11,[[12134,0],[12132,0],[12261,0],[12260,0],[12005,0],]]
[12134,2,11,[[12133,0],[12135,0],[12262,0],[12006,0],]]
[12135,6,11,[[12136,0],[12134,0],[12263,0],[12262,0],[12007,0],]]
[12136,4,11,[[12135,0],[12137,0],[12264,0],[12008,0],]]
[12137,11,11,[[12138,0],[12136,0],[12265,0],[12264,0],[12009,0],]]
[12138,3,11,[[12137,0],[12139,0],[12266,0],[12010,0],]]
[12139,7,11,[[12140,0],[12138,0],[12267,0],[12266,0],[12011,0],]]
[12140,10,11,[[12139,0],[12141,0],[12268,0],[12012,0],]]
[12141,5,11,[[12142,0],[12140,0],[12269,0],[12268,0],[12013,0],]]
[12142,18,11,[[12141,0],[12143,0],[12270,0],[12014,0],]]
[12143,18,11,[[12144,0],[12142,0],[12271,0],[12270,0],[12015,0],]]
[12144,4,11,[[12143,0],[12145,0],[12272,0],[12016,0],]]
[12145,5,11,[[12146,0],[12144,0],[12273,0],[12272,0],[12017,0],]]
[12146,3,11,[[12145,0],[12147,0],[12274,0],[12018,0],]]
[12147,14,11,[[12148,0],[12146,0],[12275,0],[12274,0],[12019,0],]]
[12148,17,11,[[12147,0],[12149,0],[12276,0],[12020,0],]]
[12149,8,11,[[12150,0],[12148,0],[12277,0],[12276,0],[12021,0],]]
[12150,14,11,[[12149,0],[12151,0],[12278,0],[12022,0],]]
[12151,2,11,[[12152,0],[12150,0],[12279,0],[12278,0],[12023,0],]]
[12152,4,11,[[12151,0],[12153,0],[12280,0],[12024,0],]]
[12153,13,11,[[12154,0],[12152,0],[12281,0],[12280,0],[12025,0],]]
[12154,5,11,[[12153,0],[12155,0],[12282,0],[12026,0],]]
[12155,19,11,[[12156,0],[12154,0],[12283,0],[12282,0],[12027,0],]]
[12156,1,11,[[12155,0],[12157,0],[12284,0],[12028,0],]]
[12157,1,11,[[12158,0],[12156,0],[12285,0],[12284,0],[12029,0],]]
[12158,16,11,[[12157,0],[12159,0],[12286,0],[12030,0],]]
[12159,19,11,[[12158,0],[12287,0],[12286,0],[12031,0],]]
[12160,13,8,[[12161,0],[12032,0],[12033,0],[12288,0],]]
[12161,18,8,[[12162,0],[12160,0],[12033,0],[12289,0],]]
[12162,12,8,[[12161,0],[12163,0],[12034,0],[12035,0],[12290,0],]]
[12163,2,8,[[12164,0],[12162,0],[12035,0],[12291,0],]]
[12164,17,8,[[12163,0],[12165,0],[12036,0],[12037,0],[12292,0],]]
[12165,6,8,[[12166,0],[12164,0],[12037,0],[12293,0],]]
[12166,7,8,[[12165,0],[12167,0],[12038,0],[12039,0],[12294,0],]]
[12167,17,8,[[12168,0],[12166,0],[12039,0],[12295,0],]]
[12168,18,8,[[12167,0],[12169,0],[12040,0],[12041,0],[12296,0],]]
[12169,9,8,[[12170,0],[12168,0],[12041,0],[12297,0],]]
[12170,6,8,[[12169,0],[12171,0],[12042,0],[12043,0],[12298,0],]]
[12171,9,8,[[12172,0],[12170,0],[12043,0],[12299,0],]]
[12172,2,8,[[12171,0],[12173,0],[12044,0],[12045,0],[12300,0],]]
[12173,12,8,[[12174,0],[12172,0],[12045,0],[12301,0],]]
[12174,4,8,[[12173,0],[12175,0],[12046,0],[12047,0],[12302,0],]]
[12175,12,8,[[12176,0],[12174,0],[12047,0],[12303,0],]]
[12176,9,8,[[12175,0],[12177,0],[12048,0],[12049,0],[12304,0],]]
[12177,6,8,[[12178,0],[12176,0],[12049,0],[12305,0],]]
[12178,11,8,[[12177,0],[12179,0],[12050,0],[12051,0],[12306,0],]]
[12179,8,8,[[12180,0],[12178,0],[12051,0],[12307,0],]]
[12180,6,8,[[12179,0],[12181,0],[12052,0],[12053,0],[12308,0],]]
[12181,6,8,[[12182,0],[12180,0],[12053,0],[12309,0],]]
[12182,2,8,[[12181,0],[12183,0],[12054,0],[12055,0],[12310,0],]]
[12183,7,8,[[12184,0],[12182,0],[12055,0],[12311,0],]]
[12184,19,8,[[12183,0],[12185,0],[12056,0],[12057,0],[12312,0],]]
[12185,16,8,[[12186,0],[12184,0],[12057,0],[12313,0],]]
[12186,3,8,[[12185,0],[12187,0],[12058,0],[12059,0],[12314,0],]]
[12187,1,8,[[12188,0],[12186,0],[12059,0],[12315,0],]]
[12188,7,8,[[12187,0],[12189,0],[12060,0],[12061,0],[12316,0],]]
[12189,18,8,[[12190,0],[12188,0],[12061,0],[12317,0],]]
[12190,15,8,[[12189,0],[12191,0],[12062,0],[12063,0],[12318,0],]]
[12191,17,8,[[12192,0],[12190,0],[12063,0],[12319,0],]]
[12192,10,9,[[12191,0],[12193,0],[12064,0],[12065,0],[12320,0],]]
[12193,16,9,[[12194,0],[12192,0],[12065,0],[12321,0],]]
[12194,17,9,[[12193,0],[12195,0],[12066,0],[12067,0],[12322,0],]]
[12195,6,9,[[12196,0],[12194,0],[12067,0],[12323,0],]]
[12196,14,9,[[12195,0],[12197,0],[12068,0],[12069,0],[12324,0],]]
[12197,7,9,[[12198,0],[12196,0],[12069,0],[12325,0],]]
[12198,15,9,[[12197,0],[12199,0],[12070,0],[12071,0],[12326,0],]]
[12199,19,9,[[12200,0],[12198,0],[12071,0],[12327,0],]]
[12200,2,9,[[12199,0],[12201,0],[12072,0],[12073,0],[12328,0],]]
[12201,12,9,[[12202,0],[12200,0],[12073,0],[12329,0],]]
[12202,8,9,[[12201,0],[12203,0],[12074,0],[12075,0],[12330,0],]]
[12203,18,9,[[12204,0],[12202,0],[12075,0],[12331,0],]]
[12204,4,9,[[12203,0],[12205,0],[12076,0],[12077,0],[12332,0],]]
[12205,9,9,[[12206,0],[12204,0],[12077,0],[12333,0],]]
[12206,14,9,[[12205,0],[12207,0],[12078,0],[12079,0],[12334,0],]]
[12207,19,9,[[12208,0],[12206,0],[12079,0],[12335,0],]]
[12208,6,9,[[12207,0],[12209,0],[12080,0],[12081,0],[12336,0],]]
[12209,10,9,[[12210,0],[12208,0],[12081,0],[12337,0],]]
[12210,16,9,[[12209,0],[12211,0],[12082,0],[12083,0],[12338,0],]]
[12211,3,9,[[12212,0],[12210,0],[12083,0],[12339,0],]]
[12212,3,9,[[12211,0],[12213,0],[12084,0],[12085,0],[12340,0],]]
[12213,19,9,[[12214,0],[12212,0],[12085,0],[12341,0],]]
[12214,11,9,[[12213,0],[12215,0],[12086,0],[12087,0],[12342,0],]]
[12215,13,9,[[12216,0],[12214,0],[12087,0],[12343,0],]]
[12216,3,9,[[12215,0],[12217,0],[12088,0],[12089,0],[12344,0],]]
[12217,7,9,[[12218,0],[12216,0],[12089,0],[12345,0],]]
[12218,6,9,[[12217,0],[12219,0],[12090,0],[12091,0],[12346,0],]]
[12219,4,9,[[12220,0],[12218,0],[12091,0],[12347,0],]]
[12220,8,9,[[12219,0],[12221,0],[12092,0],[12093,0],[12348,0],]]
[12221,6,9,[[12222,0],[12220,0],[12093,0],[12349,0],]]
[12222,14,9,[[12221,0],[12223,0],[12094,0],[12095,0],[12350,0],]]
[12223,13,9,[[12224,0],[12222,0],[12095,0],[12351,0],]]
[12224,1,10,[[12223,0],[12225,0],[12096,0],[12097,0],[12352,0],]]
[12225,19,10,[[12226,0],[12224,0],[12097,0],[12353,0],]]
[12226,6,10,[[12225,0],[12227,0],[12098,0],[12099,0],[12354,0],]]
[12227,1,10,[[12228,0],[12226,0],[12099,0],[12355,0],]]
[12228,11,10,[[12227,0],[12229,0],[12100,0],[12101,0],[12356,0],]]
[12229,18,10,[[12230,0],[12228,0],[12101,0],[12357,0],]]
[12230,16,10,[[12229,0],[12231,0],[12102,0],[12103,0],[12358,0],]]
[12231,9,10,[[12232,0],[12230,0],[12103,0],[12359,0],]]
[12232,12,10,[[12231,0],[12233,0],[12104,0],[12105,0],[12360,0],]]
[12233,17,10,[[12234,0],[12232,0],[12105,0],[12361,0],]]
[12234,9,10,[[12233,0],[12235,0],[12106,0],[12107,0],[12362,0],]]
[12235,10,10,[[12236,0],[12234,0],[12107,0],[12363,0],]]
[12236,5,10,[[12235,0],[12237,0],[12108,0],[12109,0],[12364,0],]]
[12237,8,10,[[12238,0],[12236,0],[12109,0],[12365,0],]]
[12238,7,10,[[12237,0],[12239,0],[12110,0],[12111,0],[12366,0],]]
[12239,1,10,[[12240,0],[12238,0],[12111,0],[12367,0],]]
[12240,10,10,[[12239,0],[12241,0],[12112,0],[12113,0],[12368,0],]]
[12241,2,10,[[12242,0],[12240,0],[12113,0],[12369,0],]]
[12242,18,10,[[12241,0],[12243,0],[12114,0],[12115,0],[12370,0],]]
[12243,7,10,[[12244,0],[12242,0],[12115,0],[12371,0],]]
[12244,8,10,[[12243,0],[12245,0],[12116,0],[12117,0],[12372,0],]]
[12245,7,10,[[12246,0],[12244,0],[12117,0],[12373,0],]]
[12246,10,10,[[12245,0],[12247,0],[12118,0],[12119,0],[12374,0],]]
[12247,8,10,[[12248,0],[12246,0],[12119,0],[12375,0],]]
[12248,8,10,[[12247,0],[12249,0],[12120,0],[12121,0],[12376,0],]]
[12249,12,10,[[12250,0],[12248,0],[12121,0],[12377,0],]]
[12250,6,10,[[12249,0],[12251,0],[12122,0],[12123,0],[12378,0],]]
[12251,1,10,[[12252,0],[12250,0],[12123,0],[12379,0],]]
[12252,6,10,[[12251,0],[12253,0],[12124,0],[12125,0],[12380,0],]]
[12253,9,10,[[12254,0],[12252,0],[12125,0],[12381,0],]]
[12254,6,10,[[12253,0],[12255,0],[12126,0],[12127,0],[12382,0],]]
[12255,15,10,[[12256,0],[12254,0],[12127,0],[12383,0],]]
[12256,9,11,[[12255,0],[12257,0],[12128,0],[12129,0],[12384,0],]]
[12257,8,11,[[12258,0],[12256,0],[12129,0],[12385,0],]]
[12258,14,11,[[12257,0],[12259,0],[12130,0],[12131,0],[12386,0],]]
[12259,13,11,[[12260,0],[12258,0],[12131,0],[12387,0],]]
[12260,6,11,[[12259,0],[12261,0],[12132,0],[12133,0],[12388,0],]]
[12261,3,11,[[12262,0],[12260,0],[12133,0],[12389,0],]]
[12262,15,11,[[12261,0],[12263,0],[12134,0],[12135,0],[12390,0],]]
[12263,4,11,[[12264,0],[12262,0],[12135,0],[12391,0],]]
[12264,3,11,[[12263,0],[12265,0],[12136,0],[12137,0],[12392,0],]]
[12265,16,11,[[12266,0],[12264,0],[12137,0],[12393,0],]]
[12266,5,11,[[12265,0],[12267,0],[12138,0],[12139,0],[12394,0],]]
[12267,17,11,[[12268,0],[12266,0],[12139,0],[12395,0],]]
[12268,6,11,[[12267,0],[12269,0],[12140,0],[12141,0],[12396,0],]]
[12269,3,11,[[12270,0],[12268,0],[12141,0],[12397,0],]]
[12270,3,11,[[12269,0],[12271,0],[12142,0],[12143,0],[12398,0],]]
[12271,18,11,[[12272,0],[12270,0],[12143,0],[12399,0],]]
[12272,1,11,[[12271,0],[12273,0],[12144,0],[12145,0],[12400,0],]]
[12273,1,11,[[12274,0],[12272,0],[12145,0],[12401,0],]]
[12274,8,11,[[12273,0],[12275,0],[12146,0],[12147,0],[12402,0],]]
[12275,5,11,[[12276,0],[12274,0],[12147,0],[12403,0],]]
[12276,9,11,[[12275,0],[12277,0],[12148,0],[12149,0],[12404,0],]]
[12277,8,11,[[12278,0],[12276,0],[12149,0],[12405,0],]]
[12278,13,11,[[12277,0],[12279,0],[12150,0],[12151,0],[12406,0],]]
[12279,4,11,[[12280,0],[12278,0],[12151,0],[12407,0],]]
[12280,3,11,[[12279,0],[12281,0],[12152,0],[12153,0],[12408,0],]]
[12281,11,11,[[12282,0],[12280,0],[12153,0],[12409,0],]]
[12282,14,11,[[12281,0],[12283,0],[12154,0],[12155,0],[12410,0],]]
[12283,2,11,[[12284,0],[12282,0],[12155,0],[12411,0],]]
[12284,9,11,[[12283,0],[12285,0],[12156,0],[12157,0],[12412,0],]]
[12285,17,11,[[12286,0],[12284,0],[12157,0],[12413,0],]]
[12286,16,11,[[12285,0],[12287,0],[12158,0],[12159,0],[12414,0],]]
[12287,6,11,[[12286,0],[12159,0],[12415,0],]]
