[12288,4,12,[[12289,0],[12416,0],[12160,0],]]
[12289,19,12,[[12290,0],[12288,0],[12417,0],[12416,0],[12161,0],]]
[12290,2,12,[[12289,0],[12291,0],[12418,0],[12162,0],]]
[12291,10,12,[[12292,0],[12290,0],[12419,0],[12418,0],[12163,0],]]
[12292,19,12,[[12291,0],[12293,0],[12420,0],[12164,0],]]
[12293,5,12,[[12294,0],[12292,0],[12421,0],[12420,0],[12165,0],]]
[12294,17,12,[[12293,0],[12295,0],[12422,0],[12166,0],]]
[12295,15,12,[[12296,0],[12294,0],[12423,0],[12422,0],[12167,0],]]
[12296,19,12,[[12295,0],[12297,0],[12424,0],[12168,0],]]
[12297,12,12,[[12298,0],[12296,0],[12425,0],[12424,0],[12169,0],]]
[12298,12,12,[[12297,0],[12299,0],[12426,0],[12170,0],]]
[12299,15,12,[[12300,0],[12298,0],[12427,0],[12426,0],[12171,0],]]
[12300,14,12,[[12299,0],[12301,0],[12428,0],[12172,0],]]
[12301,9,12,[[12302,0],[12300,0],[12429,0],[12428,0],[12173,0],]]
[12302,13,12,[[12301,0],[12303,0],[12430,0],[12174,0],]]
[12303,15,12,[[12304,0],[12302,0],[12431,0],[12430,0],[12175,0],]]
[12304,19,12,[[12303,0],[12305,0],[12432,0],[12176,0],]]
[12305,7,12,[[12306,0],[12304,0],[12433,0],[12432,0],[12177,0],]]
[12306,17,12,[[12305,0],[12307,0],[12434,0],[12178,0],]]
[12307,15,12,[[12308,0],[12306,0],[12435,0],[12434,0],[12179,0],]]
[12308,18,12,[[12307,0],[12309,0],[12436,0],[12180,0],]]
[12309,9,12,[[12310,0],[12308,0],[12437,0],[12436,0],[12181,0],]]
[12310,14,12,[[12309,0],[12311,0],[12438,0],[12182,0],]]
[12311,10,12,[[12312,0],[12310,0],[12439,0],[12438,0],[12183,0],]]
[12312,18,12,[[12311,0],[12313,0],[12440,0],[12184,0],]]
[12313,9,12,[[12314,0],[12312,0],[12441,0],[12440,0],[12185,0],]]
[12314,9,12,[[12313,0],[12315,0],[12442,0],[12186,0],]]
[12315,1,12,[[12316,0],[12314,0],[12443,0],[12442,0],[12187,0],]]
[12316,1,12,[[12315,0],[12317,0],[12444,0],[12188,0],]]
[12317,5,12,[[12318,0],[12316,0],[12445,0],[12444,0],[12189,0],]]
[12318,6,12,[[12317,0],[12319,0],[12446,0],[12190,0],]]
[12319,16,12,[[12320,0],[12318,0],[12447,0],[12446,0],[12191,0],]]
[12320,11,13,[[12319,0],[12321,0],[12448,0],[12192,0],]]
[12321,9,13,[[12322,0],[12320,0],[12449,0],[12448,0],[12193,0],]]
[12322,13,13,[[12321,0],[12323,0],[12450,0],[12194,0],]]
[12323,6,13,[[12324,0],[12322,0],[12451,0],[12450,0],[12195,0],]]
[12324,6,13,[[12323,0],[12325,0],[12452,0],[12196,0],]]
[12325,2,13,[[12326,0],[12324,0],[12453,0],[12452,0],[12197,0],]]
[12326,13,13,[[12325,0],[12327,0],[12454,0],[12198,0],]]
[12327,7,13,[[12328,0],[12326,0],[12455,0],[12454,0],[12199,0],]]
[12328,11,13,[[12327,0],[12329,0],[12456,0],[12200,0],]]
[12329,2,13,[[12330,0],[12328,0],[12457,0],[12456,0],[12201,0],]]
[12330,9,13,[[12329,0],[12331,0],[12458,0],[12202,0],]]
[12331,8,13,[[12332,0],[12330,0],[12459,0],[12458,0],[12203,0],]]
[12332,12,13,[[12331,0],[12333,0],[12460,0],[12204,0],]]
[12333,18,13,[[12334,0],[12332,0],[12461,0],[12460,0],[12205,0],]]
[12334,7,13,[[12333,0],[12335,0],[12462,0],[12206,0],]]
[12335,19,13,[[12336,0],[12334,0],[12463,0],[12462,0],[12207,0],]]
[12336,1,13,[[12335,0],[12337,0],[12464,0],[12208,0],]]
[12337,1,13,[[12338,0],[12336,0],[12465,0],[12464,0],[12209,0],]]
[12338,10,13,[[12337,0],[12339,0],[12466,0],[12210,0],]]
[12339,18,13,[[12340,0],[12338,0],[12467,0],[12466,0],[12211,0],]]
[12340,10,13,[[12339,0],[12341,0],[12468,0],[12212,0],]]
[12341,13,13,[[12342,0],[12340,0],[12469,0],[12468,0],[12213,0],]]
[12342,11,13,[[12341,0],[12343,0],[12470,0],[12214,0],]]
[12343,16,13,[[12344,0],[12342,0],[12471,0],[12470,0],[12215,0],]]
[12344,9,13,[[12343,0],[12345,0],[12472,0],[12216,0],]]
[12345,11,13,[[12346,0],[12344,0],[12473,0],[12472,0],[12217,0],]]
[12346,9,13,[[12345,0],[12347,0],[12474,0],[12218,0],]]
[12347,4,13,[[12348,0],[12346,0],[12475,0],[12474,0],[12219,0],]]
[12348,18,13,[[12347,0],[12349,0],[12476,0],[12220,0],]]
[12349,1,13,[[12350,0],[12348,0],[12477,0],[12476,0],[12221,0],]]
[12350,18,13,[[12349,0],[12351,0],[12478,0],[12222,0],]]
[12351,10,13,[[12352,0],[12350,0],[12479,0],[12478,0],[12223,0],]]
[12352,17,14,[[12351,0],[12353,0],[12480,0],[12224,0],]]
[12353,18,14,[[12354,0],[12352,0],[12481,0],[12480,0],[12225,0],]]
[12354,1,14,[[12353,0],[12355,0],[12482,0],[12226,0],]]
[12355,7,14,[[12356,0],[12354,0],[12483,0],[12482,0],[12227,0],]]
[12356,7,14,[[12355,0],[12357,0],[12484,0],[12228,0],]]
[12357,10,14,[[12358,0],[12356,0],[12485,0],[12484,0],[12229,0],]]
[12358,19,14,[[12357,0],[12359,0],[12486,0],[12230,0],]]
[12359,18,14,[[12360,0],[12358,0],[12487,0],[12486,0],[12231,0],]]
[12360,2,14,[[12359,0],[12361,0],[12488,0],[12232,0],]]
[12361,1,14,[[12362,0],[12360,0],[12489,0],[12488,0],[12233,0],]]
[12362,4,14,[[12361,0],[12363,0],[12490,0],[12234,0],]]
[12363,18,14,[[12364,0],[12362,0],[12491,0],[12490,0],[12235,0],]]
[12364,6,14,[[12363,0],[12365,0],[12492,0],[12236,0],]]
[12365,4,14,[[12366,0],[12364,0],[12493,0],[12492,0],[12237,0],]]
[12366,12,14,[[12365,0],[12367,0],[12494,0],[12238,0],]]
[12367,6,14,[[12368,0],[12366,0],[12495,0],[12494,0],[12239,0],]]
[12368,15,14,[[12367,0],[12369,0],[12496,0],[12240,0],]]
[12369,7,14,[[12370,0],[12368,0],[12497,0],[12496,0],[12241,0],]]
[12370,15,14,[[12369,0],[12371,0],[12498,0],[12242,0],]]
[12371,17,14,[[12372,0],[12370,0],[12499,0],[12498,0],[12243,0],]]
[12372,9,14,[[12371,0],[12373,0],[12500,0],[12244,0],]]
[12373,4,14,[[12374,0],[12372,0],[12501,0],[12500,0],[12245,0],]]
[12374,2,14,[[12373,0],[12375,0],[12502,0],[12246,0],]]
[12375,4,14,[[12376,0],[12374,0],[12503,0],[12502,0],[12247,0],]]
[12376,16,14,[[12375,0],[12377,0],[12504,0],[12248,0],]]
[12377,8,14,[[12378,0],[12376,0],[12505,0],[12504,0],[12249,0],]]
[12378,9,14,[[12377,0],[12379,0],[12506,0],[12250,0],]]
[12379,1,14,[[12380,0],[12378,0],[12507,0],[12506,0],[12251,0],]]
[12380,1,14,[[12379,0],[12381,0],[12508,0],[12252,0],]]
[12381,15,14,[[12382,0],[12380,0],[12509,0],[12508,0],[12253,0],]]
[12382,5,14,[[12381,0],[12383,0],[12510,0],[12254,0],]]
[12383,13,14,[[12384,0],[12382,0],[12511,0],[12510,0],[12255,0],]]
[12384,15,15,[[12383,0],[12385,0],[12512,0],[12256,0],]]
[12385,4,15,[[12386,0],[12384,0],[12513,0],[12512,0],[12257,0],]]
[12386,18,15,[[12385,0],[12387,0],[12514,0],[12258,0],]]
[12387,10,15,[[12388,0],[12386,0],[12515,0],[12514,0],[12259,0],]]
[12388,9,15,[[12387,0],[12389,0],[12516,0],[12260,0],]]
[12389,3,15,[[12390,0],[12388,0],[12517,0],[12516,0],[12261,0],]]
[12390,8,15,[[12389,0],[12391,0],[12518,0],[12262,0],]]
[12391,2,15,[[12392,0],[12390,0],[12519,0],[12518,0],[12263,0],]]
[12392,2,15,[[12391,0],[12393,0],[12520,0],[12264,0],]]
[12393,18,15,[[12394,0],[12392,0],[12521,0],[12520,0],[12265,0],]]
[12394,4,15,[[12393,0],[12395,0],[12522,0],[12266,0],]]
[12395,12,15,[[12396,0],[12394,0],[12523,0],[12522,0],[12267,0],]]
[12396,11,15,[[12395,0],[12397,0],[12524,0],[12268,0],]]
[12397,14,15,[[12398,0],[12396,0],[12525,0],[12524,0],[12269,0],]]
[12398,9,15,[[12397,0],[12399,0],[12526,0],[12270,0],]]
[12399,8,15,[[12400,0],[12398,0],[12527,0],[12526,0],[12271,0],]]
[12400,10,15,[[12399,0],[12401,0],[12528,0],[12272,0],]]
[12401,16,15,[[12402,0],[12400,0],[12529,0],[12528,0],[12273,0],]]
[12402,6,15,[[12401,0],[12403,0],[12530,0],[12274,0],]]
[12403,12,15,[[12404,0],[12402,0],[12531,0],[12530,0],[12275,0],]]
[12404,18,15,[[12403,0],[12405,0],[12532,0],[12276,0],]]
[12405,4,15,[[12406,0],[12404,0],[12533,0],[12532,0],[12277,0],]]
[12406,11,15,[[12405,0],[12407,0],[12534,0],[12278,0],]]
[12407,17,15,[[12408,0],[12406,0],[12535,0],[12534,0],[12279,0],]]
[12408,9,15,[[12407,0],[12409,0],[12536,0],[12280,0],]]
[12409,6,15,[[12410,0],[12408,0],[12537,0],[12536,0],[12281,0],]]
[12410,18,15,[[12409,0],[12411,0],[12538,0],[12282,0],]]
[12411,6,15,[[12412,0],[12410,0],[12539,0],[12538,0],[12283,0],]]
[12412,9,15,[[12411,0],[12413,0],[12540,0],[12284,0],]]
[12413,6,15,[[12414,0],[12412,0],[12541,0],[12540,0],[12285,0],]]
[12414,14,15,[[12413,0],[12415,0],[12542,0],[12286,0],]]
[12415,9,15,[[12414,0],[12543,0],[12542,0],[12287,0],]]
[12416,11,12,[[12417,0],[12288,0],[12289,0],[12544,0],]]
[12417,16,12,[[12418,0],[12416,0],[12289,0],[12545,0],]]
[12418,5,12,[[12417,0],[12419,0],[12290,0],[12291,0],[12546,0],]]
[12419,19,12,[[12420,0],[12418,0],[12291,0],[12547,0],]]
[12420,7,12,[[12419,0],[12421,0],[12292,0],[12293,0],[12548,0],]]
[12421,16,12,[[12422,0],[12420,0],[12293,0],[12549,0],]]
[12422,11,12,[[12421,0],[12423,0],[12294,0],[12295,0],[12550,0],]]
[12423,12,12,[[12424,0],[12422,0],[12295,0],[12551,0],]]
[12424,3,12,[[12423,0],[12425,0],[12296,0],[12297,0],[12552,0],]]
[12425,18,12,[[12426,0],[12424,0],[12297,0],[12553,0],]]
[12426,11,12,[[12425,0],[12427,0],[12298,0],[12299,0],[12554,0],]]
[12427,12,12,[[12428,0],[12426,0],[12299,0],[12555,0],]]
[12428,8,12,[[12427,0],[12429,0],[12300,0],[12301,0],[12556,0],]]
[12429,19,12,[[12430,0],[12428,0],[12301,0],[12557,0],]]
[12430,15,12,[[12429,0],[12431,0],[12302,0],[12303,0],[12558,0],]]
[12431,15,12,[[12432,0],[12430,0],[12303,0],[12559,0],]]
[12432,19,12,[[12431,0],[12433,0],[12304,0],[12305,0],[12560,0],]]
[12433,17,12,[[12434,0],[12432,0],[12305,0],[12561,0],]]
[12434,18,12,[[12433,0],[12435,0],[12306,0],[12307,0],[12562,0],]]
[12435,7,12,[[12436,0],[12434,0],[12307,0],[12563,0],]]
[12436,11,12,[[12435,0],[12437,0],[12308,0],[12309,0],[12564,0],]]
[12437,13,12,[[12438,0],[12436,0],[12309,0],[12565,0],]]
[12438,10,12,[[12437,0],[12439,0],[12310,0],[12311,0],[12566,0],]]
[12439,6,12,[[12440,0],[12438,0],[12311,0],[12567,0],]]
[12440,11,12,[[12439,0],[12441,0],[12312,0],[12313,0],[12568,0],]]
[12441,6,12,[[12442,0],[12440,0],[12313,0],[12569,0],]]
[12442,16,12,[[12441,0],[12443,0],[12314,0],[12315,0],[12570,0],]]
[12443,10,12,[[12444,0],[12442,0],[12315,0],[12571,0],]]
[12444,4,12,[[12443,0],[12445,0],[12316,0],[12317,0],[12572,0],]]
[12445,6,12,[[12446,0],[12444,0],[12317,0],[12573,0],]]
[12446,10,12,[[12445,0],[12447,0],[12318,0],[12319,0],[12574,0],]]
[12447,15,12,[[12448,0],[12446,0],[12319,0],[12575,0],]]
[12448,2,13,[[12447,0],[12449,0],[12320,0],[12321,0],[12576,0],]]
[12449,5,13,[[12450,0],[12448,0],[12321,0],[12577,0],]]
[12450,15,13,[[12449,0],[12451,0],[12322,0],[12323,0],[12578,0],]]
