[1146,19,3,[[1145,0],[1147,0],[1274,0],[1018,0],]]
[1147,4,3,[[1148,0],[1146,0],[1275,0],[1274,0],[1019,0],]]
[1148,2,3,[[1147,0],[1149,0],[1276,0],[1020,0],]]
[1149,10,3,[[1150,0],[1148,0],[1277,0],[1276,0],[1021,0],]]
[1150,4,3,[[1149,0],[1151,0],[1278,0],[1022,0],]]
[1151,10,3,[[1150,0],[1279,0],[1278,0],[1023,0],]]
[1152,1,0,[[1153,0],[1024,0],[1025,0],[1280,0],]]
[1153,9,0,[[1154,0],[1152,0],[1025,0],[1281,0],]]
[1154,11,0,[[1153,0],[1155,0],[1026,0],[1027,0],[1282,0],]]
[1155,19,0,[[1156,0],[1154,0],[1027,0],[1283,0],]]
[1156,13,0,[[1155,0],[1157,0],[1028,0],[1029,0],[1284,0],]]
[1157,7,0,[[1158,0],[1156,0],[1029,0],[1285,0],]]
[1158,19,0,[[1157,0],[1159,0],[1030,0],[1031,0],[1286,0],]]
[1159,4,0,[[1160,0],[1158,0],[1031,0],[1287,0],]]
[1160,16,0,[[1159,0],[1161,0],[1032,0],[1033,0],[1288,0],]]
[1161,12,0,[[1162,0],[1160,0],[1033,0],[1289,0],]]
[1162,14,0,[[1161,0],[1163,0],[1034,0],[1035,0],[1290,0],]]
[1163,12,0,[[1164,0],[1162,0],[1035,0],[1291,0],]]
[1164,9,0,[[1163,0],[1165,0],[1036,0],[1037,0],[1292,0],]]
[1165,16,0,[[1166,0],[1164,0],[1037,0],[1293,0],]]
[1166,1,0,[[1165,0],[1167,0],[1038,0],[1039,0],[1294,0],]]
[1167,8,0,[[1168,0],[1166,0],[1039,0],[1295,0],]]
[1168,11,0,[[1167,0],[1169,0],[1040,0],[1041,0],[1296,0],]]
[1169,8,0,[[1170,0],[1168,0],[1041,0],[1297,0],]]
[1170,10,0,[[1169,0],[1171,0],[1042,0],[1043,0],[1298,0],]]
[1171,2,0,[[1172,0],[1170,0],[1043,0],[1299,0],]]
[1172,19,0,[[1171,0],[1173,0],[1044,0],[1045,0],[1300,0],]]
[1173,19,0,[[1174,0],[1172,0],[1045,0],[1301,0],]]
[1174,13,0,[[1173,0],[1175,0],[1046,0],[1047,0],[1302,0],]]
[1175,14,0,[[1176,0],[1174,0],[1047,0],[1303,0],]]
[1176,6,0,[[1175,0],[1177,0],[1048,0],[1049,0],[1304,0],]]
[1177,12,0,[[1178,0],[1176,0],[1049,0],[1305,0],]]
[1178,12,0,[[1177,0],[1179,0],[1050,0],[1051,0],[1306,0],]]
[1179,7,0,[[1180,0],[1178,0],[1051,0],[1307,0],]]
[1180,5,0,[[1179,0],[1181,0],[1052,0],[1053,0],[1308,0],]]
[1181,12,0,[[1182,0],[1180,0],[1053,0],[1309,0],]]
[1182,15,0,[[1181,0],[1183,0],[1054,0],[1055,0],[1310,0],]]
[1183,11,0,[[1184,0],[1182,0],[1055,0],[1311,0],]]
[1184,19,1,[[1183,0],[1185,0],[1056,0],[1057,0],[1312,0],]]
[1185,12,1,[[1186,0],[1184,0],[1057,0],[1313,0],]]
[1186,9,1,[[1185,0],[1187,0],[1058,0],[1059,0],[1314,0],]]
[1187,8,1,[[1188,0],[1186,0],[1059,0],[1315,0],]]
[1188,9,1,[[1187,0],[1189,0],[1060,0],[1061,0],[1316,0],]]
[1189,3,1,[[1190,0],[1188,0],[1061,0],[1317,0],]]
[1190,6,1,[[1189,0],[1191,0],[1062,0],[1063,0],[1318,0],]]
[1191,1,1,[[1192,0],[1190,0],[1063,0],[1319,0],]]
[1192,3,1,[[1191,0],[1193,0],[1064,0],[1065,0],[1320,0],]]
[1193,18,1,[[1194,0],[1192,0],[1065,0],[1321,0],]]
[1194,12,1,[[1193,0],[1195,0],[1066,0],[1067,0],[1322,0],]]
[1195,7,1,[[1196,0],[1194,0],[1067,0],[1323,0],]]
[1196,17,1,[[1195,0],[1197,0],[1068,0],[1069,0],[1324,0],]]
[1197,1,1,[[1198,0],[1196,0],[1069,0],[1325,0],]]
[1198,13,1,[[1197,0],[1199,0],[1070,0],[1071,0],[1326,0],]]
[1199,19,1,[[1200,0],[1198,0],[1071,0],[1327,0],]]
[1200,16,1,[[1199,0],[1201,0],[1072,0],[1073,0],[1328,0],]]
[1201,18,1,[[1202,0],[1200,0],[1073,0],[1329,0],]]
[1202,15,1,[[1201,0],[1203,0],[1074,0],[1075,0],[1330,0],]]
[1203,1,1,[[1204,0],[1202,0],[1075,0],[1331,0],]]
[1204,9,1,[[1203,0],[1205,0],[1076,0],[1077,0],[1332,0],]]
[1205,7,1,[[1206,0],[1204,0],[1077,0],[1333,0],]]
[1206,17,1,[[1205,0],[1207,0],[1078,0],[1079,0],[1334,0],]]
[1207,6,1,[[1208,0],[1206,0],[1079,0],[1335,0],]]
[1208,8,1,[[1207,0],[1209,0],[1080,0],[1081,0],[1336,0],]]
[1209,8,1,[[1210,0],[1208,0],[1081,0],[1337,0],]]
[1210,12,1,[[1209,0],[1211,0],[1082,0],[1083,0],[1338,0],]]
[1211,1,1,[[1212,0],[1210,0],[1083,0],[1339,0],]]
[1212,15,1,[[1211,0],[1213,0],[1084,0],[1085,0],[1340,0],]]
[1213,5,1,[[1214,0],[1212,0],[1085,0],[1341,0],]]
[1214,19,1,[[1213,0],[1215,0],[1086,0],[1087,0],[1342,0],]]
[1215,13,1,[[1216,0],[1214,0],[1087,0],[1343,0],]]
[1216,17,2,[[1215,0],[1217,0],[1088,0],[1089,0],[1344,0],]]
[1217,8,2,[[1218,0],[1216,0],[1089,0],[1345,0],]]
[1218,10,2,[[1217,0],[1219,0],[1090,0],[1091,0],[1346,0],]]
[1219,19,2,[[1220,0],[1218,0],[1091,0],[1347,0],]]
[1220,16,2,[[1219,0],[1221,0],[1092,0],[1093,0],[1348,0],]]
[1221,15,2,[[1222,0],[1220,0],[1093,0],[1349,0],]]
[1222,11,2,[[1221,0],[1223,0],[1094,0],[1095,0],[1350,0],]]
[1223,19,2,[[1224,0],[1222,0],[1095,0],[1351,0],]]
[1224,10,2,[[1223,0],[1225,0],[1096,0],[1097,0],[1352,0],]]
[1225,15,2,[[1226,0],[1224,0],[1097,0],[1353,0],]]
[1226,12,2,[[1225,0],[1227,0],[1098,0],[1099,0],[1354,0],]]
[1227,19,2,[[1228,0],[1226,0],[1099,0],[1355,0],]]
[1228,1,2,[[1227,0],[1229,0],[1100,0],[1101,0],[1356,0],]]
[1229,6,2,[[1230,0],[1228,0],[1101,0],[1357,0],]]
[1230,14,2,[[1229,0],[1231,0],[1102,0],[1103,0],[1358,0],]]
[1231,6,2,[[1232,0],[1230,0],[1103,0],[1359,0],]]
[1232,14,2,[[1231,0],[1233,0],[1104,0],[1105,0],[1360,0],]]
[1233,7,2,[[1234,0],[1232,0],[1105,0],[1361,0],]]
[1234,19,2,[[1233,0],[1235,0],[1106,0],[1107,0],[1362,0],]]
[1235,11,2,[[1236,0],[1234,0],[1107,0],[1363,0],]]
[1236,7,2,[[1235,0],[1237,0],[1108,0],[1109,0],[1364,0],]]
[1237,10,2,[[1238,0],[1236,0],[1109,0],[1365,0],]]
[1238,14,2,[[1237,0],[1239,0],[1110,0],[1111,0],[1366,0],]]
[1239,1,2,[[1240,0],[1238,0],[1111,0],[1367,0],]]
[1240,2,2,[[1239,0],[1241,0],[1112,0],[1113,0],[1368,0],]]
[1241,4,2,[[1242,0],[1240,0],[1113,0],[1369,0],]]
[1242,2,2,[[1241,0],[1243,0],[1114,0],[1115,0],[1370,0],]]
[1243,15,2,[[1244,0],[1242,0],[1115,0],[1371,0],]]
[1244,15,2,[[1243,0],[1245,0],[1116,0],[1117,0],[1372,0],]]
[1245,2,2,[[1246,0],[1244,0],[1117,0],[1373,0],]]
[1246,2,2,[[1245,0],[1247,0],[1118,0],[1119,0],[1374,0],]]
[1247,2,2,[[1248,0],[1246,0],[1119,0],[1375,0],]]
[1248,16,3,[[1247,0],[1249,0],[1120,0],[1121,0],[1376,0],]]
[1249,4,3,[[1250,0],[1248,0],[1121,0],[1377,0],]]
[1250,19,3,[[1249,0],[1251,0],[1122,0],[1123,0],[1378,0],]]
[1251,6,3,[[1252,0],[1250,0],[1123,0],[1379,0],]]
[1252,3,3,[[1251,0],[1253,0],[1124,0],[1125,0],[1380,0],]]
[1253,19,3,[[1254,0],[1252,0],[1125,0],[1381,0],]]
[1254,15,3,[[1253,0],[1255,0],[1126,0],[1127,0],[1382,0],]]
[1255,3,3,[[1256,0],[1254,0],[1127,0],[1383,0],]]
[1256,8,3,[[1255,0],[1257,0],[1128,0],[1129,0],[1384,0],]]
[1257,9,3,[[1258,0],[1256,0],[1129,0],[1385,0],]]
[1258,17,3,[[1257,0],[1259,0],[1130,0],[1131,0],[1386,0],]]
[1259,10,3,[[1260,0],[1258,0],[1131,0],[1387,0],]]
[1260,12,3,[[1259,0],[1261,0],[1132,0],[1133,0],[1388,0],]]
[1261,12,3,[[1262,0],[1260,0],[1133,0],[1389,0],]]
[1262,18,3,[[1261,0],[1263,0],[1134,0],[1135,0],[1390,0],]]
[1263,3,3,[[1264,0],[1262,0],[1135,0],[1391,0],]]
[1264,14,3,[[1263,0],[1265,0],[1136,0],[1137,0],[1392,0],]]
[1265,5,3,[[1266,0],[1264,0],[1137,0],[1393,0],]]
[1266,16,3,[[1265,0],[1267,0],[1138,0],[1139,0],[1394,0],]]
[1267,13,3,[[1268,0],[1266,0],[1139,0],[1395,0],]]
[1268,5,3,[[1267,0],[1269,0],[1140,0],[1141,0],[1396,0],]]
[1269,15,3,[[1270,0],[1268,0],[1141,0],[1397,0],]]
[1270,18,3,[[1269,0],[1271,0],[1142,0],[1143,0],[1398,0],]]
[1271,11,3,[[1272,0],[1270,0],[1143,0],[1399,0],]]
[1272,9,3,[[1271,0],[1273,0],[1144,0],[1145,0],[1400,0],]]
[1273,11,3,[[1274,0],[1272,0],[1145,0],[1401,0],]]
[1274,15,3,[[1273,0],[1275,0],[1146,0],[1147,0],[1402,0],]]
[1275,12,3,[[1276,0],[1274,0],[1147,0],[1403,0],]]
[1276,3,3,[[1275,0],[1277,0],[1148,0],[1149,0],[1404,0],]]
[1277,18,3,[[1278,0],[1276,0],[1149,0],[1405,0],]]
[1278,8,3,[[1277,0],[1279,0],[1150,0],[1151,0],[1406,0],]]
[1279,12,3,[[1278,0],[1151,0],[1407,0],]]
[1280,11,0,[[1281,0],[1408,0],[1152,0],]]
[1281,10,0,[[1282,0],[1280,0],[1409,0],[1408,0],[1153,0],]]
[1282,6,0,[[1281,0],[1283,0],[1410,0],[1154,0],]]
[1283,11,0,[[1284,0],[1282,0],[1411,0],[1410,0],[1155,0],]]
[1284,7,0,[[1283,0],[1285,0],[1412,0],[1156,0],]]
[1285,1,0,[[1286,0],[1284,0],[1413,0],[1412,0],[1157,0],]]
[1286,15,0,[[1285,0],[1287,0],[1414,0],[1158,0],]]
[1287,5,0,[[1288,0],[1286,0],[1415,0],[1414,0],[1159,0],]]
[1288,17,0,[[1287,0],[1289,0],[1416,0],[1160,0],]]
[1289,12,0,[[1290,0],[1288,0],[1417,0],[1416,0],[1161,0],]]
[1290,7,0,[[1289,0],[1291,0],[1418,0],[1162,0],]]
[1291,17,0,[[1292,0],[1290,0],[1419,0],[1418,0],[1163,0],]]
[1292,16,0,[[1291,0],[1293,0],[1420,0],[1164,0],]]
[1293,19,0,[[1294,0],[1292,0],[1421,0],[1420,0],[1165,0],]]
[1294,12,0,[[1293,0],[1295,0],[1422,0],[1166,0],]]
[1295,4,0,[[1296,0],[1294,0],[1423,0],[1422,0],[1167,0],]]
[1296,8,0,[[1295,0],[1297,0],[1424,0],[1168,0],]]
[1297,11,0,[[1298,0],[1296,0],[1425,0],[1424,0],[1169,0],]]
[1298,3,0,[[1297,0],[1299,0],[1426,0],[1170,0],]]
[1299,14,0,[[1300,0],[1298,0],[1427,0],[1426,0],[1171,0],]]
[1300,10,0,[[1299,0],[1301,0],[1428,0],[1172,0],]]
[1301,17,0,[[1302,0],[1300,0],[1429,0],[1428,0],[1173,0],]]
[1302,1,0,[[1301,0],[1303,0],[1430,0],[1174,0],]]
[1303,17,0,[[1304,0],[1302,0],[1431,0],[1430,0],[1175,0],]]
[1304,9,0,[[1303,0],[1305,0],[1432,0],[1176,0],]]
[1305,5,0,[[1306,0],[1304,0],[1433,0],[1432,0],[1177,0],]]
[1306,16,0,[[1305,0],[1307,0],[1434,0],[1178,0],]]
[1307,19,0,[[1308,0],[1306,0],[1435,0],[1434,0],[1179,0],]]
[1308,16,0,[[1307,0],[1309,0],[1436,0],[1180,0],]]
[1309,10,0,[[1310,0],[1308,0],[1437,0],[1436,0],[1181,0],]]
