[12615,17,14,[[12616,0],[12614,0],[12743,0],[12742,0],[12487,0],]]
[12616,4,14,[[12615,0],[12617,0],[12744,0],[12488,0],]]
[12617,11,14,[[12618,0],[12616,0],[12745,0],[12744,0],[12489,0],]]
[12618,1,14,[[12617,0],[12619,0],[12746,0],[12490,0],]]
[12619,18,14,[[12620,0],[12618,0],[12747,0],[12746,0],[12491,0],]]
[12620,8,14,[[12619,0],[12621,0],[12748,0],[12492,0],]]
[12621,8,14,[[12622,0],[12620,0],[12749,0],[12748,0],[12493,0],]]
[12622,2,14,[[12621,0],[12623,0],[12750,0],[12494,0],]]
[12623,17,14,[[12624,0],[12622,0],[12751,0],[12750,0],[12495,0],]]
[12624,9,14,[[12623,0],[12625,0],[12752,0],[12496,0],]]
[12625,14,14,[[12626,0],[12624,0],[12753,0],[12752,0],[12497,0],]]
[12626,16,14,[[12625,0],[12627,0],[12754,0],[12498,0],]]
[12627,10,14,[[12628,0],[12626,0],[12755,0],[12754,0],[12499,0],]]
[12628,4,14,[[12627,0],[12629,0],[12756,0],[12500,0],]]
[12629,14,14,[[12630,0],[12628,0],[12757,0],[12756,0],[12501,0],]]
[12630,3,14,[[12629,0],[12631,0],[12758,0],[12502,0],]]
[12631,19,14,[[12632,0],[12630,0],[12759,0],[12758,0],[12503,0],]]
[12632,12,14,[[12631,0],[12633,0],[12760,0],[12504,0],]]
[12633,17,14,[[12634,0],[12632,0],[12761,0],[12760,0],[12505,0],]]
[12634,14,14,[[12633,0],[12635,0],[12762,0],[12506,0],]]
[12635,13,14,[[12636,0],[12634,0],[12763,0],[12762,0],[12507,0],]]
[12636,15,14,[[12635,0],[12637,0],[12764,0],[12508,0],]]
[12637,1,14,[[12638,0],[12636,0],[12765,0],[12764,0],[12509,0],]]
[12638,15,14,[[12637,0],[12639,0],[12766,0],[12510,0],]]
[12639,16,14,[[12640,0],[12638,0],[12767,0],[12766,0],[12511,0],]]
[12640,2,15,[[12639,0],[12641,0],[12768,0],[12512,0],]]
[12641,9,15,[[12642,0],[12640,0],[12769,0],[12768,0],[12513,0],]]
[12642,1,15,[[12641,0],[12643,0],[12770,0],[12514,0],]]
[12643,10,15,[[12644,0],[12642,0],[12771,0],[12770,0],[12515,0],]]
[12644,14,15,[[12643,0],[12645,0],[12772,0],[12516,0],]]
[12645,3,15,[[12646,0],[12644,0],[12773,0],[12772,0],[12517,0],]]
[12646,13,15,[[12645,0],[12647,0],[12774,0],[12518,0],]]
[12647,11,15,[[12648,0],[12646,0],[12775,0],[12774,0],[12519,0],]]
[12648,3,15,[[12647,0],[12649,0],[12776,0],[12520,0],]]
[12649,12,15,[[12650,0],[12648,0],[12777,0],[12776,0],[12521,0],]]
[12650,10,15,[[12649,0],[12651,0],[12778,0],[12522,0],]]
[12651,14,15,[[12652,0],[12650,0],[12779,0],[12778,0],[12523,0],]]
[12652,8,15,[[12651,0],[12653,0],[12780,0],[12524,0],]]
[12653,4,15,[[12654,0],[12652,0],[12781,0],[12780,0],[12525,0],]]
[12654,17,15,[[12653,0],[12655,0],[12782,0],[12526,0],]]
[12655,3,15,[[12656,0],[12654,0],[12783,0],[12782,0],[12527,0],]]
[12656,1,15,[[12655,0],[12657,0],[12784,0],[12528,0],]]
[12657,8,15,[[12658,0],[12656,0],[12785,0],[12784,0],[12529,0],]]
[12658,16,15,[[12657,0],[12659,0],[12786,0],[12530,0],]]
[12659,19,15,[[12660,0],[12658,0],[12787,0],[12786,0],[12531,0],]]
[12660,19,15,[[12659,0],[12661,0],[12788,0],[12532,0],]]
[12661,5,15,[[12662,0],[12660,0],[12789,0],[12788,0],[12533,0],]]
[12662,16,15,[[12661,0],[12663,0],[12790,0],[12534,0],]]
[12663,3,15,[[12664,0],[12662,0],[12791,0],[12790,0],[12535,0],]]
[12664,15,15,[[12663,0],[12665,0],[12792,0],[12536,0],]]
[12665,11,15,[[12666,0],[12664,0],[12793,0],[12792,0],[12537,0],]]
[12666,9,15,[[12665,0],[12667,0],[12794,0],[12538,0],]]
[12667,11,15,[[12668,0],[12666,0],[12795,0],[12794,0],[12539,0],]]
[12668,8,15,[[12667,0],[12669,0],[12796,0],[12540,0],]]
[12669,12,15,[[12670,0],[12668,0],[12797,0],[12796,0],[12541,0],]]
[12670,7,15,[[12669,0],[12671,0],[12798,0],[12542,0],]]
[12671,1,15,[[12670,0],[12799,0],[12798,0],[12543,0],]]
[12672,16,12,[[12673,0],[12544,0],[12545,0],[12800,0],]]
[12673,3,12,[[12674,0],[12672,0],[12545,0],[12801,0],]]
[12674,13,12,[[12673,0],[12675,0],[12546,0],[12547,0],[12802,0],]]
[12675,11,12,[[12676,0],[12674,0],[12547,0],[12803,0],]]
[12676,13,12,[[12675,0],[12677,0],[12548,0],[12549,0],[12804,0],]]
[12677,9,12,[[12678,0],[12676,0],[12549,0],[12805,0],]]
[12678,15,12,[[12677,0],[12679,0],[12550,0],[12551,0],[12806,0],]]
[12679,1,12,[[12680,0],[12678,0],[12551,0],[12807,0],]]
[12680,19,12,[[12679,0],[12681,0],[12552,0],[12553,0],[12808,0],]]
[12681,7,12,[[12682,0],[12680,0],[12553,0],[12809,0],]]
[12682,13,12,[[12681,0],[12683,0],[12554,0],[12555,0],[12810,0],]]
[12683,16,12,[[12684,0],[12682,0],[12555,0],[12811,0],]]
[12684,16,12,[[12683,0],[12685,0],[12556,0],[12557,0],[12812,0],]]
[12685,12,12,[[12686,0],[12684,0],[12557,0],[12813,0],]]
[12686,12,12,[[12685,0],[12687,0],[12558,0],[12559,0],[12814,0],]]
[12687,9,12,[[12688,0],[12686,0],[12559,0],[12815,0],]]
[12688,14,12,[[12687,0],[12689,0],[12560,0],[12561,0],[12816,0],]]
[12689,4,12,[[12690,0],[12688,0],[12561,0],[12817,0],]]
[12690,10,12,[[12689,0],[12691,0],[12562,0],[12563,0],[12818,0],]]
[12691,9,12,[[12692,0],[12690,0],[12563,0],[12819,0],]]
[12692,18,12,[[12691,0],[12693,0],[12564,0],[12565,0],[12820,0],]]
[12693,13,12,[[12694,0],[12692,0],[12565,0],[12821,0],]]
[12694,2,12,[[12693,0],[12695,0],[12566,0],[12567,0],[12822,0],]]
[12695,6,12,[[12696,0],[12694,0],[12567,0],[12823,0],]]
[12696,2,12,[[12695,0],[12697,0],[12568,0],[12569,0],[12824,0],]]
[12697,2,12,[[12698,0],[12696,0],[12569,0],[12825,0],]]
[12698,8,12,[[12697,0],[12699,0],[12570,0],[12571,0],[12826,0],]]
[12699,17,12,[[12700,0],[12698,0],[12571,0],[12827,0],]]
[12700,15,12,[[12699,0],[12701,0],[12572,0],[12573,0],[12828,0],]]
[12701,11,12,[[12702,0],[12700,0],[12573,0],[12829,0],]]
[12702,3,12,[[12701,0],[12703,0],[12574,0],[12575,0],[12830,0],]]
[12703,16,12,[[12704,0],[12702,0],[12575,0],[12831,0],]]
[12704,5,13,[[12703,0],[12705,0],[12576,0],[12577,0],[12832,0],]]
[12705,11,13,[[12706,0],[12704,0],[12577,0],[12833,0],]]
[12706,6,13,[[12705,0],[12707,0],[12578,0],[12579,0],[12834,0],]]
[12707,4,13,[[12708,0],[12706,0],[12579,0],[12835,0],]]
[12708,17,13,[[12707,0],[12709,0],[12580,0],[12581,0],[12836,0],]]
[12709,6,13,[[12710,0],[12708,0],[12581,0],[12837,0],]]
[12710,11,13,[[12709,0],[12711,0],[12582,0],[12583,0],[12838,0],]]
[12711,4,13,[[12712,0],[12710,0],[12583,0],[12839,0],]]
[12712,19,13,[[12711,0],[12713,0],[12584,0],[12585,0],[12840,0],]]
[12713,19,13,[[12714,0],[12712,0],[12585,0],[12841,0],]]
[12714,8,13,[[12713,0],[12715,0],[12586,0],[12587,0],[12842,0],]]
[12715,17,13,[[12716,0],[12714,0],[12587,0],[12843,0],]]
[12716,3,13,[[12715,0],[12717,0],[12588,0],[12589,0],[12844,0],]]
[12717,12,13,[[12718,0],[12716,0],[12589,0],[12845,0],]]
[12718,14,13,[[12717,0],[12719,0],[12590,0],[12591,0],[12846,0],]]
[12719,19,13,[[12720,0],[12718,0],[12591,0],[12847,0],]]
[12720,16,13,[[12719,0],[12721,0],[12592,0],[12593,0],[12848,0],]]
[12721,8,13,[[12722,0],[12720,0],[12593,0],[12849,0],]]
[12722,7,13,[[12721,0],[12723,0],[12594,0],[12595,0],[12850,0],]]
[12723,14,13,[[12724,0],[12722,0],[12595,0],[12851,0],]]
[12724,7,13,[[12723,0],[12725,0],[12596,0],[12597,0],[12852,0],]]
[12725,11,13,[[12726,0],[12724,0],[12597,0],[12853,0],]]
[12726,4,13,[[12725,0],[12727,0],[12598,0],[12599,0],[12854,0],]]
[12727,17,13,[[12728,0],[12726,0],[12599,0],[12855,0],]]
[12728,10,13,[[12727,0],[12729,0],[12600,0],[12601,0],[12856,0],]]
[12729,12,13,[[12730,0],[12728,0],[12601,0],[12857,0],]]
[12730,13,13,[[12729,0],[12731,0],[12602,0],[12603,0],[12858,0],]]
[12731,11,13,[[12732,0],[12730,0],[12603,0],[12859,0],]]
[12732,6,13,[[12731,0],[12733,0],[12604,0],[12605,0],[12860,0],]]
[12733,14,13,[[12734,0],[12732,0],[12605,0],[12861,0],]]
[12734,18,13,[[12733,0],[12735,0],[12606,0],[12607,0],[12862,0],]]
[12735,18,13,[[12736,0],[12734,0],[12607,0],[12863,0],]]
[12736,2,14,[[12735,0],[12737,0],[12608,0],[12609,0],[12864,0],]]
[12737,18,14,[[12738,0],[12736,0],[12609,0],[12865,0],]]
[12738,14,14,[[12737,0],[12739,0],[12610,0],[12611,0],[12866,0],]]
[12739,18,14,[[12740,0],[12738,0],[12611,0],[12867,0],]]
[12740,11,14,[[12739,0],[12741,0],[12612,0],[12613,0],[12868,0],]]
[12741,7,14,[[12742,0],[12740,0],[12613,0],[12869,0],]]
[12742,15,14,[[12741,0],[12743,0],[12614,0],[12615,0],[12870,0],]]
[12743,16,14,[[12744,0],[12742,0],[12615,0],[12871,0],]]
[12744,8,14,[[12743,0],[12745,0],[12616,0],[12617,0],[12872,0],]]
[12745,12,14,[[12746,0],[12744,0],[12617,0],[12873,0],]]
[12746,7,14,[[12745,0],[12747,0],[12618,0],[12619,0],[12874,0],]]
[12747,1,14,[[12748,0],[12746,0],[12619,0],[12875,0],]]
[12748,9,14,[[12747,0],[12749,0],[12620,0],[12621,0],[12876,0],]]
[12749,19,14,[[12750,0],[12748,0],[12621,0],[12877,0],]]
[12750,17,14,[[12749,0],[12751,0],[12622,0],[12623,0],[12878,0],]]
[12751,1,14,[[12752,0],[12750,0],[12623,0],[12879,0],]]
[12752,4,14,[[12751,0],[12753,0],[12624,0],[12625,0],[12880,0],]]
[12753,13,14,[[12754,0],[12752,0],[12625,0],[12881,0],]]
[12754,4,14,[[12753,0],[12755,0],[12626,0],[12627,0],[12882,0],]]
[12755,13,14,[[12756,0],[12754,0],[12627,0],[12883,0],]]
[12756,18,14,[[12755,0],[12757,0],[12628,0],[12629,0],[12884,0],]]
[12757,19,14,[[12758,0],[12756,0],[12629,0],[12885,0],]]
[12758,4,14,[[12757,0],[12759,0],[12630,0],[12631,0],[12886,0],]]
[12759,6,14,[[12760,0],[12758,0],[12631,0],[12887,0],]]
[12760,15,14,[[12759,0],[12761,0],[12632,0],[12633,0],[12888,0],]]
[12761,16,14,[[12762,0],[12760,0],[12633,0],[12889,0],]]
[12762,19,14,[[12761,0],[12763,0],[12634,0],[12635,0],[12890,0],]]
[12763,9,14,[[12764,0],[12762,0],[12635,0],[12891,0],]]
[12764,1,14,[[12763,0],[12765,0],[12636,0],[12637,0],[12892,0],]]
[12765,10,14,[[12766,0],[12764,0],[12637,0],[12893,0],]]
[12766,3,14,[[12765,0],[12767,0],[12638,0],[12639,0],[12894,0],]]
[12767,3,14,[[12768,0],[12766,0],[12639,0],[12895,0],]]
[12768,13,15,[[12767,0],[12769,0],[12640,0],[12641,0],[12896,0],]]
[12769,2,15,[[12770,0],[12768,0],[12641,0],[12897,0],]]
[12770,13,15,[[12769,0],[12771,0],[12642,0],[12643,0],[12898,0],]]
[12771,5,15,[[12772,0],[12770,0],[12643,0],[12899,0],]]
[12772,17,15,[[12771,0],[12773,0],[12644,0],[12645,0],[12900,0],]]
[12773,5,15,[[12774,0],[12772,0],[12645,0],[12901,0],]]
[12774,12,15,[[12773,0],[12775,0],[12646,0],[12647,0],[12902,0],]]
[12775,13,15,[[12776,0],[12774,0],[12647,0],[12903,0],]]
[12776,3,15,[[12775,0],[12777,0],[12648,0],[12649,0],[12904,0],]]
[12777,14,15,[[12778,0],[12776,0],[12649,0],[12905,0],]]
[12778,6,15,[[12777,0],[12779,0],[12650,0],[12651,0],[12906,0],]]
