[11796,10,8,[[11795,0],[11797,0],[11924,0],[11668,0],]]
[11797,17,8,[[11798,0],[11796,0],[11925,0],[11924,0],[11669,0],]]
[11798,17,8,[[11797,0],[11799,0],[11926,0],[11670,0],]]
[11799,14,8,[[11800,0],[11798,0],[11927,0],[11926,0],[11671,0],]]
[11800,7,8,[[11799,0],[11801,0],[11928,0],[11672,0],]]
[11801,9,8,[[11802,0],[11800,0],[11929,0],[11928,0],[11673,0],]]
[11802,1,8,[[11801,0],[11803,0],[11930,0],[11674,0],]]
[11803,17,8,[[11804,0],[11802,0],[11931,0],[11930,0],[11675,0],]]
[11804,17,8,[[11803,0],[11805,0],[11932,0],[11676,0],]]
[11805,4,8,[[11806,0],[11804,0],[11933,0],[11932,0],[11677,0],]]
[11806,15,8,[[11805,0],[11807,0],[11934,0],[11678,0],]]
[11807,13,8,[[11808,0],[11806,0],[11935,0],[11934,0],[11679,0],]]
[11808,11,9,[[11807,0],[11809,0],[11936,0],[11680,0],]]
[11809,12,9,[[11810,0],[11808,0],[11937,0],[11936,0],[11681,0],]]
[11810,2,9,[[11809,0],[11811,0],[11938,0],[11682,0],]]
[11811,14,9,[[11812,0],[11810,0],[11939,0],[11938,0],[11683,0],]]
[11812,4,9,[[11811,0],[11813,0],[11940,0],[11684,0],]]
[11813,12,9,[[11814,0],[11812,0],[11941,0],[11940,0],[11685,0],]]
[11814,8,9,[[11813,0],[11815,0],[11942,0],[11686,0],]]
[11815,4,9,[[11816,0],[11814,0],[11943,0],[11942,0],[11687,0],]]
[11816,4,9,[[11815,0],[11817,0],[11944,0],[11688,0],]]
[11817,9,9,[[11818,0],[11816,0],[11945,0],[11944,0],[11689,0],]]
[11818,13,9,[[11817,0],[11819,0],[11946,0],[11690,0],]]
[11819,1,9,[[11820,0],[11818,0],[11947,0],[11946,0],[11691,0],]]
[11820,4,9,[[11819,0],[11821,0],[11948,0],[11692,0],]]
[11821,16,9,[[11822,0],[11820,0],[11949,0],[11948,0],[11693,0],]]
[11822,3,9,[[11821,0],[11823,0],[11950,0],[11694,0],]]
[11823,16,9,[[11824,0],[11822,0],[11951,0],[11950,0],[11695,0],]]
[11824,1,9,[[11823,0],[11825,0],[11952,0],[11696,0],]]
[11825,7,9,[[11826,0],[11824,0],[11953,0],[11952,0],[11697,0],]]
[11826,11,9,[[11825,0],[11827,0],[11954,0],[11698,0],]]
[11827,18,9,[[11828,0],[11826,0],[11955,0],[11954,0],[11699,0],]]
[11828,7,9,[[11827,0],[11829,0],[11956,0],[11700,0],]]
[11829,4,9,[[11830,0],[11828,0],[11957,0],[11956,0],[11701,0],]]
[11830,7,9,[[11829,0],[11831,0],[11958,0],[11702,0],]]
[11831,13,9,[[11832,0],[11830,0],[11959,0],[11958,0],[11703,0],]]
[11832,16,9,[[11831,0],[11833,0],[11960,0],[11704,0],]]
[11833,8,9,[[11834,0],[11832,0],[11961,0],[11960,0],[11705,0],]]
[11834,19,9,[[11833,0],[11835,0],[11962,0],[11706,0],]]
[11835,6,9,[[11836,0],[11834,0],[11963,0],[11962,0],[11707,0],]]
[11836,5,9,[[11835,0],[11837,0],[11964,0],[11708,0],]]
[11837,7,9,[[11838,0],[11836,0],[11965,0],[11964,0],[11709,0],]]
[11838,13,9,[[11837,0],[11839,0],[11966,0],[11710,0],]]
[11839,10,9,[[11840,0],[11838,0],[11967,0],[11966,0],[11711,0],]]
[11840,18,10,[[11839,0],[11841,0],[11968,0],[11712,0],]]
[11841,7,10,[[11842,0],[11840,0],[11969,0],[11968,0],[11713,0],]]
[11842,9,10,[[11841,0],[11843,0],[11970,0],[11714,0],]]
[11843,3,10,[[11844,0],[11842,0],[11971,0],[11970,0],[11715,0],]]
[11844,6,10,[[11843,0],[11845,0],[11972,0],[11716,0],]]
[11845,14,10,[[11846,0],[11844,0],[11973,0],[11972,0],[11717,0],]]
[11846,18,10,[[11845,0],[11847,0],[11974,0],[11718,0],]]
[11847,1,10,[[11848,0],[11846,0],[11975,0],[11974,0],[11719,0],]]
[11848,13,10,[[11847,0],[11849,0],[11976,0],[11720,0],]]
[11849,18,10,[[11850,0],[11848,0],[11977,0],[11976,0],[11721,0],]]
[11850,6,10,[[11849,0],[11851,0],[11978,0],[11722,0],]]
[11851,18,10,[[11852,0],[11850,0],[11979,0],[11978,0],[11723,0],]]
[11852,17,10,[[11851,0],[11853,0],[11980,0],[11724,0],]]
[11853,14,10,[[11854,0],[11852,0],[11981,0],[11980,0],[11725,0],]]
[11854,3,10,[[11853,0],[11855,0],[11982,0],[11726,0],]]
[11855,6,10,[[11856,0],[11854,0],[11983,0],[11982,0],[11727,0],]]
[11856,1,10,[[11855,0],[11857,0],[11984,0],[11728,0],]]
[11857,4,10,[[11858,0],[11856,0],[11985,0],[11984,0],[11729,0],]]
[11858,9,10,[[11857,0],[11859,0],[11986,0],[11730,0],]]
[11859,12,10,[[11860,0],[11858,0],[11987,0],[11986,0],[11731,0],]]
[11860,18,10,[[11859,0],[11861,0],[11988,0],[11732,0],]]
[11861,19,10,[[11862,0],[11860,0],[11989,0],[11988,0],[11733,0],]]
[11862,15,10,[[11861,0],[11863,0],[11990,0],[11734,0],]]
[11863,3,10,[[11864,0],[11862,0],[11991,0],[11990,0],[11735,0],]]
[11864,7,10,[[11863,0],[11865,0],[11992,0],[11736,0],]]
[11865,3,10,[[11866,0],[11864,0],[11993,0],[11992,0],[11737,0],]]
[11866,13,10,[[11865,0],[11867,0],[11994,0],[11738,0],]]
[11867,11,10,[[11868,0],[11866,0],[11995,0],[11994,0],[11739,0],]]
[11868,14,10,[[11867,0],[11869,0],[11996,0],[11740,0],]]
[11869,1,10,[[11870,0],[11868,0],[11997,0],[11996,0],[11741,0],]]
[11870,17,10,[[11869,0],[11871,0],[11998,0],[11742,0],]]
[11871,8,10,[[11872,0],[11870,0],[11999,0],[11998,0],[11743,0],]]
[11872,18,11,[[11871,0],[11873,0],[12000,0],[11744,0],]]
[11873,10,11,[[11874,0],[11872,0],[12001,0],[12000,0],[11745,0],]]
[11874,2,11,[[11873,0],[11875,0],[12002,0],[11746,0],]]
[11875,5,11,[[11876,0],[11874,0],[12003,0],[12002,0],[11747,0],]]
[11876,16,11,[[11875,0],[11877,0],[12004,0],[11748,0],]]
[11877,16,11,[[11878,0],[11876,0],[12005,0],[12004,0],[11749,0],]]
[11878,10,11,[[11877,0],[11879,0],[12006,0],[11750,0],]]
[11879,7,11,[[11880,0],[11878,0],[12007,0],[12006,0],[11751,0],]]
[11880,3,11,[[11879,0],[11881,0],[12008,0],[11752,0],]]
[11881,19,11,[[11882,0],[11880,0],[12009,0],[12008,0],[11753,0],]]
[11882,13,11,[[11881,0],[11883,0],[12010,0],[11754,0],]]
[11883,6,11,[[11884,0],[11882,0],[12011,0],[12010,0],[11755,0],]]
[11884,18,11,[[11883,0],[11885,0],[12012,0],[11756,0],]]
[11885,17,11,[[11886,0],[11884,0],[12013,0],[12012,0],[11757,0],]]
[11886,7,11,[[11885,0],[11887,0],[12014,0],[11758,0],]]
[11887,4,11,[[11888,0],[11886,0],[12015,0],[12014,0],[11759,0],]]
[11888,4,11,[[11887,0],[11889,0],[12016,0],[11760,0],]]
[11889,7,11,[[11890,0],[11888,0],[12017,0],[12016,0],[11761,0],]]
[11890,8,11,[[11889,0],[11891,0],[12018,0],[11762,0],]]
[11891,4,11,[[11892,0],[11890,0],[12019,0],[12018,0],[11763,0],]]
[11892,11,11,[[11891,0],[11893,0],[12020,0],[11764,0],]]
[11893,1,11,[[11894,0],[11892,0],[12021,0],[12020,0],[11765,0],]]
[11894,9,11,[[11893,0],[11895,0],[12022,0],[11766,0],]]
[11895,19,11,[[11896,0],[11894,0],[12023,0],[12022,0],[11767,0],]]
[11896,12,11,[[11895,0],[11897,0],[12024,0],[11768,0],]]
[11897,13,11,[[11898,0],[11896,0],[12025,0],[12024,0],[11769,0],]]
[11898,9,11,[[11897,0],[11899,0],[12026,0],[11770,0],]]
[11899,11,11,[[11900,0],[11898,0],[12027,0],[12026,0],[11771,0],]]
[11900,3,11,[[11899,0],[11901,0],[12028,0],[11772,0],]]
[11901,10,11,[[11902,0],[11900,0],[12029,0],[12028,0],[11773,0],]]
[11902,17,11,[[11901,0],[11903,0],[12030,0],[11774,0],]]
[11903,15,11,[[11902,0],[12031,0],[12030,0],[11775,0],]]
[11904,5,8,[[11905,0],[11776,0],[11777,0],[12032,0],]]
[11905,18,8,[[11906,0],[11904,0],[11777,0],[12033,0],]]
[11906,3,8,[[11905,0],[11907,0],[11778,0],[11779,0],[12034,0],]]
[11907,14,8,[[11908,0],[11906,0],[11779,0],[12035,0],]]
[11908,9,8,[[11907,0],[11909,0],[11780,0],[11781,0],[12036,0],]]
[11909,8,8,[[11910,0],[11908,0],[11781,0],[12037,0],]]
[11910,10,8,[[11909,0],[11911,0],[11782,0],[11783,0],[12038,0],]]
[11911,1,8,[[11912,0],[11910,0],[11783,0],[12039,0],]]
[11912,4,8,[[11911,0],[11913,0],[11784,0],[11785,0],[12040,0],]]
[11913,9,8,[[11914,0],[11912,0],[11785,0],[12041,0],]]
[11914,11,8,[[11913,0],[11915,0],[11786,0],[11787,0],[12042,0],]]
[11915,5,8,[[11916,0],[11914,0],[11787,0],[12043,0],]]
[11916,6,8,[[11915,0],[11917,0],[11788,0],[11789,0],[12044,0],]]
[11917,13,8,[[11918,0],[11916,0],[11789,0],[12045,0],]]
[11918,17,8,[[11917,0],[11919,0],[11790,0],[11791,0],[12046,0],]]
[11919,17,8,[[11920,0],[11918,0],[11791,0],[12047,0],]]
[11920,3,8,[[11919,0],[11921,0],[11792,0],[11793,0],[12048,0],]]
[11921,9,8,[[11922,0],[11920,0],[11793,0],[12049,0],]]
[11922,10,8,[[11921,0],[11923,0],[11794,0],[11795,0],[12050,0],]]
[11923,10,8,[[11924,0],[11922,0],[11795,0],[12051,0],]]
[11924,17,8,[[11923,0],[11925,0],[11796,0],[11797,0],[12052,0],]]
[11925,8,8,[[11926,0],[11924,0],[11797,0],[12053,0],]]
[11926,16,8,[[11925,0],[11927,0],[11798,0],[11799,0],[12054,0],]]
[11927,3,8,[[11928,0],[11926,0],[11799,0],[12055,0],]]
[11928,18,8,[[11927,0],[11929,0],[11800,0],[11801,0],[12056,0],]]
[11929,12,8,[[11930,0],[11928,0],[11801,0],[12057,0],]]
[11930,8,8,[[11929,0],[11931,0],[11802,0],[11803,0],[12058,0],]]
[11931,1,8,[[11932,0],[11930,0],[11803,0],[12059,0],]]
[11932,12,8,[[11931,0],[11933,0],[11804,0],[11805,0],[12060,0],]]
[11933,5,8,[[11934,0],[11932,0],[11805,0],[12061,0],]]
[11934,15,8,[[11933,0],[11935,0],[11806,0],[11807,0],[12062,0],]]
[11935,3,8,[[11936,0],[11934,0],[11807,0],[12063,0],]]
[11936,6,9,[[11935,0],[11937,0],[11808,0],[11809,0],[12064,0],]]
[11937,2,9,[[11938,0],[11936,0],[11809,0],[12065,0],]]
[11938,5,9,[[11937,0],[11939,0],[11810,0],[11811,0],[12066,0],]]
[11939,15,9,[[11940,0],[11938,0],[11811,0],[12067,0],]]
[11940,16,9,[[11939,0],[11941,0],[11812,0],[11813,0],[12068,0],]]
[11941,18,9,[[11942,0],[11940,0],[11813,0],[12069,0],]]
[11942,10,9,[[11941,0],[11943,0],[11814,0],[11815,0],[12070,0],]]
[11943,4,9,[[11944,0],[11942,0],[11815,0],[12071,0],]]
[11944,5,9,[[11943,0],[11945,0],[11816,0],[11817,0],[12072,0],]]
[11945,13,9,[[11946,0],[11944,0],[11817,0],[12073,0],]]
[11946,1,9,[[11945,0],[11947,0],[11818,0],[11819,0],[12074,0],]]
[11947,14,9,[[11948,0],[11946,0],[11819,0],[12075,0],]]
[11948,19,9,[[11947,0],[11949,0],[11820,0],[11821,0],[12076,0],]]
[11949,13,9,[[11950,0],[11948,0],[11821,0],[12077,0],]]
[11950,3,9,[[11949,0],[11951,0],[11822,0],[11823,0],[12078,0],]]
[11951,14,9,[[11952,0],[11950,0],[11823,0],[12079,0],]]
[11952,17,9,[[11951,0],[11953,0],[11824,0],[11825,0],[12080,0],]]
[11953,10,9,[[11954,0],[11952,0],[11825,0],[12081,0],]]
[11954,14,9,[[11953,0],[11955,0],[11826,0],[11827,0],[12082,0],]]
[11955,2,9,[[11956,0],[11954,0],[11827,0],[12083,0],]]
[11956,15,9,[[11955,0],[11957,0],[11828,0],[11829,0],[12084,0],]]
[11957,17,9,[[11958,0],[11956,0],[11829,0],[12085,0],]]
[11958,11,9,[[11957,0],[11959,0],[11830,0],[11831,0],[12086,0],]]
[11959,17,9,[[11960,0],[11958,0],[11831,0],[12087,0],]]
