[11632,5,11,[[11631,0],[11633,0],[11760,0],[11504,0],]]
[11633,10,11,[[11634,0],[11632,0],[11761,0],[11760,0],[11505,0],]]
[11634,8,11,[[11633,0],[11635,0],[11762,0],[11506,0],]]
[11635,6,11,[[11636,0],[11634,0],[11763,0],[11762,0],[11507,0],]]
[11636,4,11,[[11635,0],[11637,0],[11764,0],[11508,0],]]
[11637,11,11,[[11638,0],[11636,0],[11765,0],[11764,0],[11509,0],]]
[11638,7,11,[[11637,0],[11639,0],[11766,0],[11510,0],]]
[11639,9,11,[[11640,0],[11638,0],[11767,0],[11766,0],[11511,0],]]
[11640,15,11,[[11639,0],[11641,0],[11768,0],[11512,0],]]
[11641,11,11,[[11642,0],[11640,0],[11769,0],[11768,0],[11513,0],]]
[11642,7,11,[[11641,0],[11643,0],[11770,0],[11514,0],]]
[11643,4,11,[[11644,0],[11642,0],[11771,0],[11770,0],[11515,0],]]
[11644,12,11,[[11643,0],[11645,0],[11772,0],[11516,0],]]
[11645,4,11,[[11646,0],[11644,0],[11773,0],[11772,0],[11517,0],]]
[11646,4,11,[[11645,0],[11647,0],[11774,0],[11518,0],]]
[11647,10,11,[[11646,0],[11775,0],[11774,0],[11519,0],]]
[11648,5,8,[[11649,0],[11520,0],[11521,0],[11776,0],]]
[11649,13,8,[[11650,0],[11648,0],[11521,0],[11777,0],]]
[11650,14,8,[[11649,0],[11651,0],[11522,0],[11523,0],[11778,0],]]
[11651,13,8,[[11652,0],[11650,0],[11523,0],[11779,0],]]
[11652,1,8,[[11651,0],[11653,0],[11524,0],[11525,0],[11780,0],]]
[11653,17,8,[[11654,0],[11652,0],[11525,0],[11781,0],]]
[11654,13,8,[[11653,0],[11655,0],[11526,0],[11527,0],[11782,0],]]
[11655,15,8,[[11656,0],[11654,0],[11527,0],[11783,0],]]
[11656,4,8,[[11655,0],[11657,0],[11528,0],[11529,0],[11784,0],]]
[11657,7,8,[[11658,0],[11656,0],[11529,0],[11785,0],]]
[11658,1,8,[[11657,0],[11659,0],[11530,0],[11531,0],[11786,0],]]
[11659,14,8,[[11660,0],[11658,0],[11531,0],[11787,0],]]
[11660,1,8,[[11659,0],[11661,0],[11532,0],[11533,0],[11788,0],]]
[11661,5,8,[[11662,0],[11660,0],[11533,0],[11789,0],]]
[11662,9,8,[[11661,0],[11663,0],[11534,0],[11535,0],[11790,0],]]
[11663,18,8,[[11664,0],[11662,0],[11535,0],[11791,0],]]
[11664,6,8,[[11663,0],[11665,0],[11536,0],[11537,0],[11792,0],]]
[11665,10,8,[[11666,0],[11664,0],[11537,0],[11793,0],]]
[11666,9,8,[[11665,0],[11667,0],[11538,0],[11539,0],[11794,0],]]
[11667,3,8,[[11668,0],[11666,0],[11539,0],[11795,0],]]
[11668,7,8,[[11667,0],[11669,0],[11540,0],[11541,0],[11796,0],]]
[11669,1,8,[[11670,0],[11668,0],[11541,0],[11797,0],]]
[11670,15,8,[[11669,0],[11671,0],[11542,0],[11543,0],[11798,0],]]
[11671,10,8,[[11672,0],[11670,0],[11543,0],[11799,0],]]
[11672,6,8,[[11671,0],[11673,0],[11544,0],[11545,0],[11800,0],]]
[11673,17,8,[[11674,0],[11672,0],[11545,0],[11801,0],]]
[11674,10,8,[[11673,0],[11675,0],[11546,0],[11547,0],[11802,0],]]
[11675,9,8,[[11676,0],[11674,0],[11547,0],[11803,0],]]
[11676,7,8,[[11675,0],[11677,0],[11548,0],[11549,0],[11804,0],]]
[11677,7,8,[[11678,0],[11676,0],[11549,0],[11805,0],]]
[11678,11,8,[[11677,0],[11679,0],[11550,0],[11551,0],[11806,0],]]
[11679,15,8,[[11680,0],[11678,0],[11551,0],[11807,0],]]
[11680,1,9,[[11679,0],[11681,0],[11552,0],[11553,0],[11808,0],]]
[11681,4,9,[[11682,0],[11680,0],[11553,0],[11809,0],]]
[11682,3,9,[[11681,0],[11683,0],[11554,0],[11555,0],[11810,0],]]
[11683,8,9,[[11684,0],[11682,0],[11555,0],[11811,0],]]
[11684,8,9,[[11683,0],[11685,0],[11556,0],[11557,0],[11812,0],]]
[11685,17,9,[[11686,0],[11684,0],[11557,0],[11813,0],]]
[11686,8,9,[[11685,0],[11687,0],[11558,0],[11559,0],[11814,0],]]
[11687,16,9,[[11688,0],[11686,0],[11559,0],[11815,0],]]
[11688,5,9,[[11687,0],[11689,0],[11560,0],[11561,0],[11816,0],]]
[11689,15,9,[[11690,0],[11688,0],[11561,0],[11817,0],]]
[11690,3,9,[[11689,0],[11691,0],[11562,0],[11563,0],[11818,0],]]
[11691,15,9,[[11692,0],[11690,0],[11563,0],[11819,0],]]
[11692,2,9,[[11691,0],[11693,0],[11564,0],[11565,0],[11820,0],]]
[11693,6,9,[[11694,0],[11692,0],[11565,0],[11821,0],]]
[11694,9,9,[[11693,0],[11695,0],[11566,0],[11567,0],[11822,0],]]
[11695,8,9,[[11696,0],[11694,0],[11567,0],[11823,0],]]
[11696,5,9,[[11695,0],[11697,0],[11568,0],[11569,0],[11824,0],]]
[11697,6,9,[[11698,0],[11696,0],[11569,0],[11825,0],]]
[11698,19,9,[[11697,0],[11699,0],[11570,0],[11571,0],[11826,0],]]
[11699,2,9,[[11700,0],[11698,0],[11571,0],[11827,0],]]
[11700,7,9,[[11699,0],[11701,0],[11572,0],[11573,0],[11828,0],]]
[11701,13,9,[[11702,0],[11700,0],[11573,0],[11829,0],]]
[11702,10,9,[[11701,0],[11703,0],[11574,0],[11575,0],[11830,0],]]
[11703,16,9,[[11704,0],[11702,0],[11575,0],[11831,0],]]
[11704,4,9,[[11703,0],[11705,0],[11576,0],[11577,0],[11832,0],]]
[11705,10,9,[[11706,0],[11704,0],[11577,0],[11833,0],]]
[11706,2,9,[[11705,0],[11707,0],[11578,0],[11579,0],[11834,0],]]
[11707,6,9,[[11708,0],[11706,0],[11579,0],[11835,0],]]
[11708,17,9,[[11707,0],[11709,0],[11580,0],[11581,0],[11836,0],]]
[11709,1,9,[[11710,0],[11708,0],[11581,0],[11837,0],]]
[11710,9,9,[[11709,0],[11711,0],[11582,0],[11583,0],[11838,0],]]
[11711,3,9,[[11712,0],[11710,0],[11583,0],[11839,0],]]
[11712,10,10,[[11711,0],[11713,0],[11584,0],[11585,0],[11840,0],]]
[11713,3,10,[[11714,0],[11712,0],[11585,0],[11841,0],]]
[11714,4,10,[[11713,0],[11715,0],[11586,0],[11587,0],[11842,0],]]
[11715,12,10,[[11716,0],[11714,0],[11587,0],[11843,0],]]
[11716,5,10,[[11715,0],[11717,0],[11588,0],[11589,0],[11844,0],]]
[11717,19,10,[[11718,0],[11716,0],[11589,0],[11845,0],]]
[11718,16,10,[[11717,0],[11719,0],[11590,0],[11591,0],[11846,0],]]
[11719,5,10,[[11720,0],[11718,0],[11591,0],[11847,0],]]
[11720,10,10,[[11719,0],[11721,0],[11592,0],[11593,0],[11848,0],]]
[11721,9,10,[[11722,0],[11720,0],[11593,0],[11849,0],]]
[11722,1,10,[[11721,0],[11723,0],[11594,0],[11595,0],[11850,0],]]
[11723,10,10,[[11724,0],[11722,0],[11595,0],[11851,0],]]
[11724,13,10,[[11723,0],[11725,0],[11596,0],[11597,0],[11852,0],]]
[11725,8,10,[[11726,0],[11724,0],[11597,0],[11853,0],]]
[11726,14,10,[[11725,0],[11727,0],[11598,0],[11599,0],[11854,0],]]
[11727,17,10,[[11728,0],[11726,0],[11599,0],[11855,0],]]
[11728,4,10,[[11727,0],[11729,0],[11600,0],[11601,0],[11856,0],]]
[11729,10,10,[[11730,0],[11728,0],[11601,0],[11857,0],]]
[11730,17,10,[[11729,0],[11731,0],[11602,0],[11603,0],[11858,0],]]
[11731,6,10,[[11732,0],[11730,0],[11603,0],[11859,0],]]
[11732,19,10,[[11731,0],[11733,0],[11604,0],[11605,0],[11860,0],]]
[11733,12,10,[[11734,0],[11732,0],[11605,0],[11861,0],]]
[11734,5,10,[[11733,0],[11735,0],[11606,0],[11607,0],[11862,0],]]
[11735,15,10,[[11736,0],[11734,0],[11607,0],[11863,0],]]
[11736,14,10,[[11735,0],[11737,0],[11608,0],[11609,0],[11864,0],]]
[11737,17,10,[[11738,0],[11736,0],[11609,0],[11865,0],]]
[11738,4,10,[[11737,0],[11739,0],[11610,0],[11611,0],[11866,0],]]
[11739,8,10,[[11740,0],[11738,0],[11611,0],[11867,0],]]
[11740,16,10,[[11739,0],[11741,0],[11612,0],[11613,0],[11868,0],]]
[11741,11,10,[[11742,0],[11740,0],[11613,0],[11869,0],]]
[11742,19,10,[[11741,0],[11743,0],[11614,0],[11615,0],[11870,0],]]
[11743,2,10,[[11744,0],[11742,0],[11615,0],[11871,0],]]
[11744,12,11,[[11743,0],[11745,0],[11616,0],[11617,0],[11872,0],]]
[11745,16,11,[[11746,0],[11744,0],[11617,0],[11873,0],]]
[11746,7,11,[[11745,0],[11747,0],[11618,0],[11619,0],[11874,0],]]
[11747,13,11,[[11748,0],[11746,0],[11619,0],[11875,0],]]
[11748,4,11,[[11747,0],[11749,0],[11620,0],[11621,0],[11876,0],]]
[11749,6,11,[[11750,0],[11748,0],[11621,0],[11877,0],]]
[11750,17,11,[[11749,0],[11751,0],[11622,0],[11623,0],[11878,0],]]
[11751,11,11,[[11752,0],[11750,0],[11623,0],[11879,0],]]
[11752,16,11,[[11751,0],[11753,0],[11624,0],[11625,0],[11880,0],]]
[11753,8,11,[[11754,0],[11752,0],[11625,0],[11881,0],]]
[11754,4,11,[[11753,0],[11755,0],[11626,0],[11627,0],[11882,0],]]
[11755,4,11,[[11756,0],[11754,0],[11627,0],[11883,0],]]
[11756,14,11,[[11755,0],[11757,0],[11628,0],[11629,0],[11884,0],]]
[11757,1,11,[[11758,0],[11756,0],[11629,0],[11885,0],]]
[11758,12,11,[[11757,0],[11759,0],[11630,0],[11631,0],[11886,0],]]
[11759,17,11,[[11760,0],[11758,0],[11631,0],[11887,0],]]
[11760,7,11,[[11759,0],[11761,0],[11632,0],[11633,0],[11888,0],]]
[11761,4,11,[[11762,0],[11760,0],[11633,0],[11889,0],]]
[11762,9,11,[[11761,0],[11763,0],[11634,0],[11635,0],[11890,0],]]
[11763,16,11,[[11764,0],[11762,0],[11635,0],[11891,0],]]
[11764,19,11,[[11763,0],[11765,0],[11636,0],[11637,0],[11892,0],]]
[11765,2,11,[[11766,0],[11764,0],[11637,0],[11893,0],]]
[11766,15,11,[[11765,0],[11767,0],[11638,0],[11639,0],[11894,0],]]
[11767,8,11,[[11768,0],[11766,0],[11639,0],[11895,0],]]
[11768,7,11,[[11767,0],[11769,0],[11640,0],[11641,0],[11896,0],]]
[11769,18,11,[[11770,0],[11768,0],[11641,0],[11897,0],]]
[11770,7,11,[[11769,0],[11771,0],[11642,0],[11643,0],[11898,0],]]
[11771,9,11,[[11772,0],[11770,0],[11643,0],[11899,0],]]
[11772,16,11,[[11771,0],[11773,0],[11644,0],[11645,0],[11900,0],]]
[11773,10,11,[[11774,0],[11772,0],[11645,0],[11901,0],]]
[11774,17,11,[[11773,0],[11775,0],[11646,0],[11647,0],[11902,0],]]
[11775,10,11,[[11774,0],[11647,0],[11903,0],]]
[11776,12,8,[[11777,0],[11904,0],[11648,0],]]
[11777,5,8,[[11778,0],[11776,0],[11905,0],[11904,0],[11649,0],]]
[11778,8,8,[[11777,0],[11779,0],[11906,0],[11650,0],]]
[11779,16,8,[[11780,0],[11778,0],[11907,0],[11906,0],[11651,0],]]
[11780,7,8,[[11779,0],[11781,0],[11908,0],[11652,0],]]
[11781,18,8,[[11782,0],[11780,0],[11909,0],[11908,0],[11653,0],]]
[11782,6,8,[[11781,0],[11783,0],[11910,0],[11654,0],]]
[11783,3,8,[[11784,0],[11782,0],[11911,0],[11910,0],[11655,0],]]
[11784,16,8,[[11783,0],[11785,0],[11912,0],[11656,0],]]
[11785,7,8,[[11786,0],[11784,0],[11913,0],[11912,0],[11657,0],]]
[11786,1,8,[[11785,0],[11787,0],[11914,0],[11658,0],]]
[11787,18,8,[[11788,0],[11786,0],[11915,0],[11914,0],[11659,0],]]
[11788,10,8,[[11787,0],[11789,0],[11916,0],[11660,0],]]
[11789,5,8,[[11790,0],[11788,0],[11917,0],[11916,0],[11661,0],]]
[11790,8,8,[[11789,0],[11791,0],[11918,0],[11662,0],]]
[11791,4,8,[[11792,0],[11790,0],[11919,0],[11918,0],[11663,0],]]
[11792,18,8,[[11791,0],[11793,0],[11920,0],[11664,0],]]
[11793,4,8,[[11794,0],[11792,0],[11921,0],[11920,0],[11665,0],]]
[11794,5,8,[[11793,0],[11795,0],[11922,0],[11666,0],]]
[11795,5,8,[[11796,0],[11794,0],[11923,0],[11922,0],[11667,0],]]
