[12451,8,13,[[12452,0],[12450,0],[12323,0],[12579,0],]]
[12452,14,13,[[12451,0],[12453,0],[12324,0],[12325,0],[12580,0],]]
[12453,13,13,[[12454,0],[12452,0],[12325,0],[12581,0],]]
[12454,9,13,[[12453,0],[12455,0],[12326,0],[12327,0],[12582,0],]]
[12455,7,13,[[12456,0],[12454,0],[12327,0],[12583,0],]]
[12456,12,13,[[12455,0],[12457,0],[12328,0],[12329,0],[12584,0],]]
[12457,1,13,[[12458,0],[12456,0],[12329,0],[12585,0],]]
[12458,9,13,[[12457,0],[12459,0],[12330,0],[12331,0],[12586,0],]]
[12459,6,13,[[12460,0],[12458,0],[12331,0],[12587,0],]]
[12460,14,13,[[12459,0],[12461,0],[12332,0],[12333,0],[12588,0],]]
[12461,19,13,[[12462,0],[12460,0],[12333,0],[12589,0],]]
[12462,8,13,[[12461,0],[12463,0],[12334,0],[12335,0],[12590,0],]]
[12463,14,13,[[12464,0],[12462,0],[12335,0],[12591,0],]]
[12464,16,13,[[12463,0],[12465,0],[12336,0],[12337,0],[12592,0],]]
[12465,10,13,[[12466,0],[12464,0],[12337,0],[12593,0],]]
[12466,9,13,[[12465,0],[12467,0],[12338,0],[12339,0],[12594,0],]]
[12467,11,13,[[12468,0],[12466,0],[12339,0],[12595,0],]]
[12468,14,13,[[12467,0],[12469,0],[12340,0],[12341,0],[12596,0],]]
[12469,10,13,[[12470,0],[12468,0],[12341,0],[12597,0],]]
[12470,17,13,[[12469,0],[12471,0],[12342,0],[12343,0],[12598,0],]]
[12471,15,13,[[12472,0],[12470,0],[12343,0],[12599,0],]]
[12472,5,13,[[12471,0],[12473,0],[12344,0],[12345,0],[12600,0],]]
[12473,16,13,[[12474,0],[12472,0],[12345,0],[12601,0],]]
[12474,9,13,[[12473,0],[12475,0],[12346,0],[12347,0],[12602,0],]]
[12475,7,13,[[12476,0],[12474,0],[12347,0],[12603,0],]]
[12476,4,13,[[12475,0],[12477,0],[12348,0],[12349,0],[12604,0],]]
[12477,9,13,[[12478,0],[12476,0],[12349,0],[12605,0],]]
[12478,3,13,[[12477,0],[12479,0],[12350,0],[12351,0],[12606,0],]]
[12479,12,13,[[12480,0],[12478,0],[12351,0],[12607,0],]]
[12480,1,14,[[12479,0],[12481,0],[12352,0],[12353,0],[12608,0],]]
[12481,5,14,[[12482,0],[12480,0],[12353,0],[12609,0],]]
[12482,13,14,[[12481,0],[12483,0],[12354,0],[12355,0],[12610,0],]]
[12483,2,14,[[12484,0],[12482,0],[12355,0],[12611,0],]]
[12484,19,14,[[12483,0],[12485,0],[12356,0],[12357,0],[12612,0],]]
[12485,11,14,[[12486,0],[12484,0],[12357,0],[12613,0],]]
[12486,19,14,[[12485,0],[12487,0],[12358,0],[12359,0],[12614,0],]]
[12487,12,14,[[12488,0],[12486,0],[12359,0],[12615,0],]]
[12488,15,14,[[12487,0],[12489,0],[12360,0],[12361,0],[12616,0],]]
[12489,18,14,[[12490,0],[12488,0],[12361,0],[12617,0],]]
[12490,13,14,[[12489,0],[12491,0],[12362,0],[12363,0],[12618,0],]]
[12491,12,14,[[12492,0],[12490,0],[12363,0],[12619,0],]]
[12492,15,14,[[12491,0],[12493,0],[12364,0],[12365,0],[12620,0],]]
[12493,18,14,[[12494,0],[12492,0],[12365,0],[12621,0],]]
[12494,9,14,[[12493,0],[12495,0],[12366,0],[12367,0],[12622,0],]]
[12495,10,14,[[12496,0],[12494,0],[12367,0],[12623,0],]]
[12496,19,14,[[12495,0],[12497,0],[12368,0],[12369,0],[12624,0],]]
[12497,19,14,[[12498,0],[12496,0],[12369,0],[12625,0],]]
[12498,6,14,[[12497,0],[12499,0],[12370,0],[12371,0],[12626,0],]]
[12499,12,14,[[12500,0],[12498,0],[12371,0],[12627,0],]]
[12500,6,14,[[12499,0],[12501,0],[12372,0],[12373,0],[12628,0],]]
[12501,9,14,[[12502,0],[12500,0],[12373,0],[12629,0],]]
[12502,16,14,[[12501,0],[12503,0],[12374,0],[12375,0],[12630,0],]]
[12503,6,14,[[12504,0],[12502,0],[12375,0],[12631,0],]]
[12504,12,14,[[12503,0],[12505,0],[12376,0],[12377,0],[12632,0],]]
[12505,18,14,[[12506,0],[12504,0],[12377,0],[12633,0],]]
[12506,10,14,[[12505,0],[12507,0],[12378,0],[12379,0],[12634,0],]]
[12507,8,14,[[12508,0],[12506,0],[12379,0],[12635,0],]]
[12508,5,14,[[12507,0],[12509,0],[12380,0],[12381,0],[12636,0],]]
[12509,12,14,[[12510,0],[12508,0],[12381,0],[12637,0],]]
[12510,13,14,[[12509,0],[12511,0],[12382,0],[12383,0],[12638,0],]]
[12511,16,14,[[12512,0],[12510,0],[12383,0],[12639,0],]]
[12512,5,15,[[12511,0],[12513,0],[12384,0],[12385,0],[12640,0],]]
[12513,5,15,[[12514,0],[12512,0],[12385,0],[12641,0],]]
[12514,17,15,[[12513,0],[12515,0],[12386,0],[12387,0],[12642,0],]]
[12515,16,15,[[12516,0],[12514,0],[12387,0],[12643,0],]]
[12516,10,15,[[12515,0],[12517,0],[12388,0],[12389,0],[12644,0],]]
[12517,19,15,[[12518,0],[12516,0],[12389,0],[12645,0],]]
[12518,18,15,[[12517,0],[12519,0],[12390,0],[12391,0],[12646,0],]]
[12519,5,15,[[12520,0],[12518,0],[12391,0],[12647,0],]]
[12520,2,15,[[12519,0],[12521,0],[12392,0],[12393,0],[12648,0],]]
[12521,5,15,[[12522,0],[12520,0],[12393,0],[12649,0],]]
[12522,19,15,[[12521,0],[12523,0],[12394,0],[12395,0],[12650,0],]]
[12523,16,15,[[12524,0],[12522,0],[12395,0],[12651,0],]]
[12524,12,15,[[12523,0],[12525,0],[12396,0],[12397,0],[12652,0],]]
[12525,7,15,[[12526,0],[12524,0],[12397,0],[12653,0],]]
[12526,8,15,[[12525,0],[12527,0],[12398,0],[12399,0],[12654,0],]]
[12527,6,15,[[12528,0],[12526,0],[12399,0],[12655,0],]]
[12528,9,15,[[12527,0],[12529,0],[12400,0],[12401,0],[12656,0],]]
[12529,1,15,[[12530,0],[12528,0],[12401,0],[12657,0],]]
[12530,7,15,[[12529,0],[12531,0],[12402,0],[12403,0],[12658,0],]]
[12531,15,15,[[12532,0],[12530,0],[12403,0],[12659,0],]]
[12532,15,15,[[12531,0],[12533,0],[12404,0],[12405,0],[12660,0],]]
[12533,4,15,[[12534,0],[12532,0],[12405,0],[12661,0],]]
[12534,19,15,[[12533,0],[12535,0],[12406,0],[12407,0],[12662,0],]]
[12535,11,15,[[12536,0],[12534,0],[12407,0],[12663,0],]]
[12536,17,15,[[12535,0],[12537,0],[12408,0],[12409,0],[12664,0],]]
[12537,4,15,[[12538,0],[12536,0],[12409,0],[12665,0],]]
[12538,3,15,[[12537,0],[12539,0],[12410,0],[12411,0],[12666,0],]]
[12539,1,15,[[12540,0],[12538,0],[12411,0],[12667,0],]]
[12540,12,15,[[12539,0],[12541,0],[12412,0],[12413,0],[12668,0],]]
[12541,1,15,[[12542,0],[12540,0],[12413,0],[12669,0],]]
[12542,9,15,[[12541,0],[12543,0],[12414,0],[12415,0],[12670,0],]]
[12543,16,15,[[12542,0],[12415,0],[12671,0],]]
[12544,17,12,[[12545,0],[12672,0],[12416,0],]]
[12545,18,12,[[12546,0],[12544,0],[12673,0],[12672,0],[12417,0],]]
[12546,2,12,[[12545,0],[12547,0],[12674,0],[12418,0],]]
[12547,15,12,[[12548,0],[12546,0],[12675,0],[12674,0],[12419,0],]]
[12548,11,12,[[12547,0],[12549,0],[12676,0],[12420,0],]]
[12549,7,12,[[12550,0],[12548,0],[12677,0],[12676,0],[12421,0],]]
[12550,18,12,[[12549,0],[12551,0],[12678,0],[12422,0],]]
[12551,7,12,[[12552,0],[12550,0],[12679,0],[12678,0],[12423,0],]]
[12552,17,12,[[12551,0],[12553,0],[12680,0],[12424,0],]]
[12553,7,12,[[12554,0],[12552,0],[12681,0],[12680,0],[12425,0],]]
[12554,18,12,[[12553,0],[12555,0],[12682,0],[12426,0],]]
[12555,4,12,[[12556,0],[12554,0],[12683,0],[12682,0],[12427,0],]]
[12556,19,12,[[12555,0],[12557,0],[12684,0],[12428,0],]]
[12557,1,12,[[12558,0],[12556,0],[12685,0],[12684,0],[12429,0],]]
[12558,2,12,[[12557,0],[12559,0],[12686,0],[12430,0],]]
[12559,19,12,[[12560,0],[12558,0],[12687,0],[12686,0],[12431,0],]]
[12560,19,12,[[12559,0],[12561,0],[12688,0],[12432,0],]]
[12561,12,12,[[12562,0],[12560,0],[12689,0],[12688,0],[12433,0],]]
[12562,12,12,[[12561,0],[12563,0],[12690,0],[12434,0],]]
[12563,5,12,[[12564,0],[12562,0],[12691,0],[12690,0],[12435,0],]]
[12564,3,12,[[12563,0],[12565,0],[12692,0],[12436,0],]]
[12565,14,12,[[12566,0],[12564,0],[12693,0],[12692,0],[12437,0],]]
[12566,13,12,[[12565,0],[12567,0],[12694,0],[12438,0],]]
[12567,4,12,[[12568,0],[12566,0],[12695,0],[12694,0],[12439,0],]]
[12568,9,12,[[12567,0],[12569,0],[12696,0],[12440,0],]]
[12569,4,12,[[12570,0],[12568,0],[12697,0],[12696,0],[12441,0],]]
[12570,7,12,[[12569,0],[12571,0],[12698,0],[12442,0],]]
[12571,18,12,[[12572,0],[12570,0],[12699,0],[12698,0],[12443,0],]]
[12572,11,12,[[12571,0],[12573,0],[12700,0],[12444,0],]]
[12573,13,12,[[12574,0],[12572,0],[12701,0],[12700,0],[12445,0],]]
[12574,17,12,[[12573,0],[12575,0],[12702,0],[12446,0],]]
[12575,7,12,[[12576,0],[12574,0],[12703,0],[12702,0],[12447,0],]]
[12576,9,13,[[12575,0],[12577,0],[12704,0],[12448,0],]]
[12577,10,13,[[12578,0],[12576,0],[12705,0],[12704,0],[12449,0],]]
[12578,15,13,[[12577,0],[12579,0],[12706,0],[12450,0],]]
[12579,12,13,[[12580,0],[12578,0],[12707,0],[12706,0],[12451,0],]]
[12580,17,13,[[12579,0],[12581,0],[12708,0],[12452,0],]]
[12581,11,13,[[12582,0],[12580,0],[12709,0],[12708,0],[12453,0],]]
[12582,4,13,[[12581,0],[12583,0],[12710,0],[12454,0],]]
[12583,4,13,[[12584,0],[12582,0],[12711,0],[12710,0],[12455,0],]]
[12584,3,13,[[12583,0],[12585,0],[12712,0],[12456,0],]]
[12585,16,13,[[12586,0],[12584,0],[12713,0],[12712,0],[12457,0],]]
[12586,3,13,[[12585,0],[12587,0],[12714,0],[12458,0],]]
[12587,7,13,[[12588,0],[12586,0],[12715,0],[12714,0],[12459,0],]]
[12588,13,13,[[12587,0],[12589,0],[12716,0],[12460,0],]]
[12589,18,13,[[12590,0],[12588,0],[12717,0],[12716,0],[12461,0],]]
[12590,8,13,[[12589,0],[12591,0],[12718,0],[12462,0],]]
[12591,5,13,[[12592,0],[12590,0],[12719,0],[12718,0],[12463,0],]]
[12592,19,13,[[12591,0],[12593,0],[12720,0],[12464,0],]]
[12593,13,13,[[12594,0],[12592,0],[12721,0],[12720,0],[12465,0],]]
[12594,11,13,[[12593,0],[12595,0],[12722,0],[12466,0],]]
[12595,8,13,[[12596,0],[12594,0],[12723,0],[12722,0],[12467,0],]]
[12596,12,13,[[12595,0],[12597,0],[12724,0],[12468,0],]]
[12597,7,13,[[12598,0],[12596,0],[12725,0],[12724,0],[12469,0],]]
[12598,15,13,[[12597,0],[12599,0],[12726,0],[12470,0],]]
[12599,1,13,[[12600,0],[12598,0],[12727,0],[12726,0],[12471,0],]]
[12600,3,13,[[12599,0],[12601,0],[12728,0],[12472,0],]]
[12601,10,13,[[12602,0],[12600,0],[12729,0],[12728,0],[12473,0],]]
[12602,12,13,[[12601,0],[12603,0],[12730,0],[12474,0],]]
[12603,17,13,[[12604,0],[12602,0],[12731,0],[12730,0],[12475,0],]]
[12604,18,13,[[12603,0],[12605,0],[12732,0],[12476,0],]]
[12605,5,13,[[12606,0],[12604,0],[12733,0],[12732,0],[12477,0],]]
[12606,12,13,[[12605,0],[12607,0],[12734,0],[12478,0],]]
[12607,2,13,[[12608,0],[12606,0],[12735,0],[12734,0],[12479,0],]]
[12608,5,14,[[12607,0],[12609,0],[12736,0],[12480,0],]]
[12609,12,14,[[12610,0],[12608,0],[12737,0],[12736,0],[12481,0],]]
[12610,10,14,[[12609,0],[12611,0],[12738,0],[12482,0],]]
[12611,16,14,[[12612,0],[12610,0],[12739,0],[12738,0],[12483,0],]]
[12612,10,14,[[12611,0],[12613,0],[12740,0],[12484,0],]]
[12613,15,14,[[12614,0],[12612,0],[12741,0],[12740,0],[12485,0],]]
[12614,17,14,[[12613,0],[12615,0],[12742,0],[12486,0],]]
