[13598,10,12,[[13597,0],[13599,0],[13726,0],[13470,0],]]
[13599,18,12,[[13600,0],[13598,0],[13727,0],[13726,0],[13471,0],]]
[13600,12,13,[[13599,0],[13601,0],[13728,0],[13472,0],]]
[13601,4,13,[[13602,0],[13600,0],[13729,0],[13728,0],[13473,0],]]
[13602,6,13,[[13601,0],[13603,0],[13730,0],[13474,0],]]
[13603,2,13,[[13604,0],[13602,0],[13731,0],[13730,0],[13475,0],]]
[13604,11,13,[[13603,0],[13605,0],[13732,0],[13476,0],]]
[13605,11,13,[[13606,0],[13604,0],[13733,0],[13732,0],[13477,0],]]
[13606,5,13,[[13605,0],[13607,0],[13734,0],[13478,0],]]
[13607,7,13,[[13608,0],[13606,0],[13735,0],[13734,0],[13479,0],]]
[13608,13,13,[[13607,0],[13609,0],[13736,0],[13480,0],]]
[13609,14,13,[[13610,0],[13608,0],[13737,0],[13736,0],[13481,0],]]
[13610,2,13,[[13609,0],[13611,0],[13738,0],[13482,0],]]
[13611,14,13,[[13612,0],[13610,0],[13739,0],[13738,0],[13483,0],]]
[13612,6,13,[[13611,0],[13613,0],[13740,0],[13484,0],]]
[13613,15,13,[[13614,0],[13612,0],[13741,0],[13740,0],[13485,0],]]
[13614,16,13,[[13613,0],[13615,0],[13742,0],[13486,0],]]
[13615,15,13,[[13616,0],[13614,0],[13743,0],[13742,0],[13487,0],]]
[13616,11,13,[[13615,0],[13617,0],[13744,0],[13488,0],]]
[13617,6,13,[[13618,0],[13616,0],[13745,0],[13744,0],[13489,0],]]
[13618,9,13,[[13617,0],[13619,0],[13746,0],[13490,0],]]
[13619,15,13,[[13620,0],[13618,0],[13747,0],[13746,0],[13491,0],]]
[13620,16,13,[[13619,0],[13621,0],[13748,0],[13492,0],]]
[13621,19,13,[[13622,0],[13620,0],[13749,0],[13748,0],[13493,0],]]
[13622,15,13,[[13621,0],[13623,0],[13750,0],[13494,0],]]
[13623,13,13,[[13624,0],[13622,0],[13751,0],[13750,0],[13495,0],]]
[13624,17,13,[[13623,0],[13625,0],[13752,0],[13496,0],]]
[13625,1,13,[[13626,0],[13624,0],[13753,0],[13752,0],[13497,0],]]
[13626,19,13,[[13625,0],[13627,0],[13754,0],[13498,0],]]
[13627,3,13,[[13628,0],[13626,0],[13755,0],[13754,0],[13499,0],]]
[13628,10,13,[[13627,0],[13629,0],[13756,0],[13500,0],]]
[13629,8,13,[[13630,0],[13628,0],[13757,0],[13756,0],[13501,0],]]
[13630,13,13,[[13629,0],[13631,0],[13758,0],[13502,0],]]
[13631,4,13,[[13632,0],[13630,0],[13759,0],[13758,0],[13503,0],]]
[13632,9,14,[[13631,0],[13633,0],[13760,0],[13504,0],]]
[13633,7,14,[[13634,0],[13632,0],[13761,0],[13760,0],[13505,0],]]
[13634,9,14,[[13633,0],[13635,0],[13762,0],[13506,0],]]
[13635,15,14,[[13636,0],[13634,0],[13763,0],[13762,0],[13507,0],]]
[13636,1,14,[[13635,0],[13637,0],[13764,0],[13508,0],]]
[13637,18,14,[[13638,0],[13636,0],[13765,0],[13764,0],[13509,0],]]
[13638,10,14,[[13637,0],[13639,0],[13766,0],[13510,0],]]
[13639,5,14,[[13640,0],[13638,0],[13767,0],[13766,0],[13511,0],]]
[13640,14,14,[[13639,0],[13641,0],[13768,0],[13512,0],]]
[13641,13,14,[[13642,0],[13640,0],[13769,0],[13768,0],[13513,0],]]
[13642,7,14,[[13641,0],[13643,0],[13770,0],[13514,0],]]
[13643,6,14,[[13644,0],[13642,0],[13771,0],[13770,0],[13515,0],]]
[13644,7,14,[[13643,0],[13645,0],[13772,0],[13516,0],]]
[13645,3,14,[[13646,0],[13644,0],[13773,0],[13772,0],[13517,0],]]
[13646,8,14,[[13645,0],[13647,0],[13774,0],[13518,0],]]
[13647,7,14,[[13648,0],[13646,0],[13775,0],[13774,0],[13519,0],]]
[13648,11,14,[[13647,0],[13649,0],[13776,0],[13520,0],]]
[13649,5,14,[[13650,0],[13648,0],[13777,0],[13776,0],[13521,0],]]
[13650,4,14,[[13649,0],[13651,0],[13778,0],[13522,0],]]
[13651,1,14,[[13652,0],[13650,0],[13779,0],[13778,0],[13523,0],]]
[13652,15,14,[[13651,0],[13653,0],[13780,0],[13524,0],]]
[13653,18,14,[[13654,0],[13652,0],[13781,0],[13780,0],[13525,0],]]
[13654,16,14,[[13653,0],[13655,0],[13782,0],[13526,0],]]
[13655,12,14,[[13656,0],[13654,0],[13783,0],[13782,0],[13527,0],]]
[13656,17,14,[[13655,0],[13657,0],[13784,0],[13528,0],]]
[13657,8,14,[[13658,0],[13656,0],[13785,0],[13784,0],[13529,0],]]
[13658,18,14,[[13657,0],[13659,0],[13786,0],[13530,0],]]
[13659,3,14,[[13660,0],[13658,0],[13787,0],[13786,0],[13531,0],]]
[13660,8,14,[[13659,0],[13661,0],[13788,0],[13532,0],]]
[13661,17,14,[[13662,0],[13660,0],[13789,0],[13788,0],[13533,0],]]
[13662,4,14,[[13661,0],[13663,0],[13790,0],[13534,0],]]
[13663,9,14,[[13664,0],[13662,0],[13791,0],[13790,0],[13535,0],]]
[13664,11,15,[[13663,0],[13665,0],[13792,0],[13536,0],]]
[13665,8,15,[[13666,0],[13664,0],[13793,0],[13792,0],[13537,0],]]
[13666,13,15,[[13665,0],[13667,0],[13794,0],[13538,0],]]
[13667,9,15,[[13668,0],[13666,0],[13795,0],[13794,0],[13539,0],]]
[13668,7,15,[[13667,0],[13669,0],[13796,0],[13540,0],]]
[13669,9,15,[[13670,0],[13668,0],[13797,0],[13796,0],[13541,0],]]
[13670,15,15,[[13669,0],[13671,0],[13798,0],[13542,0],]]
[13671,19,15,[[13672,0],[13670,0],[13799,0],[13798,0],[13543,0],]]
[13672,1,15,[[13671,0],[13673,0],[13800,0],[13544,0],]]
[13673,2,15,[[13674,0],[13672,0],[13801,0],[13800,0],[13545,0],]]
[13674,8,15,[[13673,0],[13675,0],[13802,0],[13546,0],]]
[13675,12,15,[[13676,0],[13674,0],[13803,0],[13802,0],[13547,0],]]
[13676,1,15,[[13675,0],[13677,0],[13804,0],[13548,0],]]
[13677,19,15,[[13678,0],[13676,0],[13805,0],[13804,0],[13549,0],]]
[13678,18,15,[[13677,0],[13679,0],[13806,0],[13550,0],]]
[13679,11,15,[[13680,0],[13678,0],[13807,0],[13806,0],[13551,0],]]
[13680,17,15,[[13679,0],[13681,0],[13808,0],[13552,0],]]
[13681,11,15,[[13682,0],[13680,0],[13809,0],[13808,0],[13553,0],]]
[13682,2,15,[[13681,0],[13683,0],[13810,0],[13554,0],]]
[13683,2,15,[[13684,0],[13682,0],[13811,0],[13810,0],[13555,0],]]
[13684,11,15,[[13683,0],[13685,0],[13812,0],[13556,0],]]
[13685,3,15,[[13686,0],[13684,0],[13813,0],[13812,0],[13557,0],]]
[13686,5,15,[[13685,0],[13687,0],[13814,0],[13558,0],]]
[13687,6,15,[[13688,0],[13686,0],[13815,0],[13814,0],[13559,0],]]
[13688,14,15,[[13687,0],[13689,0],[13816,0],[13560,0],]]
[13689,1,15,[[13690,0],[13688,0],[13817,0],[13816,0],[13561,0],]]
[13690,19,15,[[13689,0],[13691,0],[13818,0],[13562,0],]]
[13691,17,15,[[13692,0],[13690,0],[13819,0],[13818,0],[13563,0],]]
[13692,8,15,[[13691,0],[13693,0],[13820,0],[13564,0],]]
[13693,7,15,[[13694,0],[13692,0],[13821,0],[13820,0],[13565,0],]]
[13694,14,15,[[13693,0],[13695,0],[13822,0],[13566,0],]]
[13695,10,15,[[13694,0],[13823,0],[13822,0],[13567,0],]]
[13696,3,12,[[13697,0],[13568,0],[13569,0],[13824,0],]]
[13697,3,12,[[13698,0],[13696,0],[13569,0],[13825,0],]]
[13698,1,12,[[13697,0],[13699,0],[13570,0],[13571,0],[13826,0],]]
[13699,14,12,[[13700,0],[13698,0],[13571,0],[13827,0],]]
[13700,15,12,[[13699,0],[13701,0],[13572,0],[13573,0],[13828,0],]]
[13701,10,12,[[13702,0],[13700,0],[13573,0],[13829,0],]]
[13702,18,12,[[13701,0],[13703,0],[13574,0],[13575,0],[13830,0],]]
[13703,5,12,[[13704,0],[13702,0],[13575,0],[13831,0],]]
[13704,5,12,[[13703,0],[13705,0],[13576,0],[13577,0],[13832,0],]]
[13705,12,12,[[13706,0],[13704,0],[13577,0],[13833,0],]]
[13706,17,12,[[13705,0],[13707,0],[13578,0],[13579,0],[13834,0],]]
[13707,14,12,[[13708,0],[13706,0],[13579,0],[13835,0],]]
[13708,3,12,[[13707,0],[13709,0],[13580,0],[13581,0],[13836,0],]]
[13709,8,12,[[13710,0],[13708,0],[13581,0],[13837,0],]]
[13710,10,12,[[13709,0],[13711,0],[13582,0],[13583,0],[13838,0],]]
[13711,13,12,[[13712,0],[13710,0],[13583,0],[13839,0],]]
[13712,12,12,[[13711,0],[13713,0],[13584,0],[13585,0],[13840,0],]]
[13713,8,12,[[13714,0],[13712,0],[13585,0],[13841,0],]]
[13714,10,12,[[13713,0],[13715,0],[13586,0],[13587,0],[13842,0],]]
[13715,15,12,[[13716,0],[13714,0],[13587,0],[13843,0],]]
[13716,4,12,[[13715,0],[13717,0],[13588,0],[13589,0],[13844,0],]]
[13717,8,12,[[13718,0],[13716,0],[13589,0],[13845,0],]]
[13718,14,12,[[13717,0],[13719,0],[13590,0],[13591,0],[13846,0],]]
[13719,10,12,[[13720,0],[13718,0],[13591,0],[13847,0],]]
[13720,13,12,[[13719,0],[13721,0],[13592,0],[13593,0],[13848,0],]]
[13721,6,12,[[13722,0],[13720,0],[13593,0],[13849,0],]]
[13722,14,12,[[13721,0],[13723,0],[13594,0],[13595,0],[13850,0],]]
[13723,13,12,[[13724,0],[13722,0],[13595,0],[13851,0],]]
[13724,4,12,[[13723,0],[13725,0],[13596,0],[13597,0],[13852,0],]]
[13725,5,12,[[13726,0],[13724,0],[13597,0],[13853,0],]]
[13726,2,12,[[13725,0],[13727,0],[13598,0],[13599,0],[13854,0],]]
[13727,1,12,[[13728,0],[13726,0],[13599,0],[13855,0],]]
[13728,6,13,[[13727,0],[13729,0],[13600,0],[13601,0],[13856,0],]]
[13729,17,13,[[13730,0],[13728,0],[13601,0],[13857,0],]]
[13730,19,13,[[13729,0],[13731,0],[13602,0],[13603,0],[13858,0],]]
[13731,15,13,[[13732,0],[13730,0],[13603,0],[13859,0],]]
[13732,6,13,[[13731,0],[13733,0],[13604,0],[13605,0],[13860,0],]]
[13733,11,13,[[13734,0],[13732,0],[13605,0],[13861,0],]]
[13734,19,13,[[13733,0],[13735,0],[13606,0],[13607,0],[13862,0],]]
[13735,15,13,[[13736,0],[13734,0],[13607,0],[13863,0],]]
[13736,7,13,[[13735,0],[13737,0],[13608,0],[13609,0],[13864,0],]]
[13737,13,13,[[13738,0],[13736,0],[13609,0],[13865,0],]]
[13738,16,13,[[13737,0],[13739,0],[13610,0],[13611,0],[13866,0],]]
[13739,1,13,[[13740,0],[13738,0],[13611,0],[13867,0],]]
[13740,10,13,[[13739,0],[13741,0],[13612,0],[13613,0],[13868,0],]]
[13741,9,13,[[13742,0],[13740,0],[13613,0],[13869,0],]]
[13742,5,13,[[13741,0],[13743,0],[13614,0],[13615,0],[13870,0],]]
[13743,9,13,[[13744,0],[13742,0],[13615,0],[13871,0],]]
[13744,17,13,[[13743,0],[13745,0],[13616,0],[13617,0],[13872,0],]]
[13745,8,13,[[13746,0],[13744,0],[13617,0],[13873,0],]]
[13746,6,13,[[13745,0],[13747,0],[13618,0],[13619,0],[13874,0],]]
[13747,4,13,[[13748,0],[13746,0],[13619,0],[13875,0],]]
[13748,17,13,[[13747,0],[13749,0],[13620,0],[13621,0],[13876,0],]]
[13749,10,13,[[13750,0],[13748,0],[13621,0],[13877,0],]]
[13750,18,13,[[13749,0],[13751,0],[13622,0],[13623,0],[13878,0],]]
[13751,14,13,[[13752,0],[13750,0],[13623,0],[13879,0],]]
[13752,7,13,[[13751,0],[13753,0],[13624,0],[13625,0],[13880,0],]]
[13753,9,13,[[13754,0],[13752,0],[13625,0],[13881,0],]]
[13754,2,13,[[13753,0],[13755,0],[13626,0],[13627,0],[13882,0],]]
[13755,11,13,[[13756,0],[13754,0],[13627,0],[13883,0],]]
[13756,11,13,[[13755,0],[13757,0],[13628,0],[13629,0],[13884,0],]]
[13757,17,13,[[13758,0],[13756,0],[13629,0],[13885,0],]]
[13758,16,13,[[13757,0],[13759,0],[13630,0],[13631,0],[13886,0],]]
[13759,4,13,[[13760,0],[13758,0],[13631,0],[13887,0],]]
[13760,7,14,[[13759,0],[13761,0],[13632,0],[13633,0],[13888,0],]]
[13761,17,14,[[13762,0],[13760,0],[13633,0],[13889,0],]]
