[13107,3,13,[[13108,0],[13106,0],[13235,0],[13234,0],[12979,0],]]
[13108,18,13,[[13107,0],[13109,0],[13236,0],[12980,0],]]
[13109,11,13,[[13110,0],[13108,0],[13237,0],[13236,0],[12981,0],]]
[13110,3,13,[[13109,0],[13111,0],[13238,0],[12982,0],]]
[13111,10,13,[[13112,0],[13110,0],[13239,0],[13238,0],[12983,0],]]
[13112,18,13,[[13111,0],[13113,0],[13240,0],[12984,0],]]
[13113,19,13,[[13114,0],[13112,0],[13241,0],[13240,0],[12985,0],]]
[13114,5,13,[[13113,0],[13115,0],[13242,0],[12986,0],]]
[13115,5,13,[[13116,0],[13114,0],[13243,0],[13242,0],[12987,0],]]
[13116,8,13,[[13115,0],[13117,0],[13244,0],[12988,0],]]
[13117,8,13,[[13118,0],[13116,0],[13245,0],[13244,0],[12989,0],]]
[13118,2,13,[[13117,0],[13119,0],[13246,0],[12990,0],]]
[13119,9,13,[[13120,0],[13118,0],[13247,0],[13246,0],[12991,0],]]
[13120,3,14,[[13119,0],[13121,0],[13248,0],[12992,0],]]
[13121,11,14,[[13122,0],[13120,0],[13249,0],[13248,0],[12993,0],]]
[13122,15,14,[[13121,0],[13123,0],[13250,0],[12994,0],]]
[13123,1,14,[[13124,0],[13122,0],[13251,0],[13250,0],[12995,0],]]
[13124,9,14,[[13123,0],[13125,0],[13252,0],[12996,0],]]
[13125,18,14,[[13126,0],[13124,0],[13253,0],[13252,0],[12997,0],]]
[13126,13,14,[[13125,0],[13127,0],[13254,0],[12998,0],]]
[13127,12,14,[[13128,0],[13126,0],[13255,0],[13254,0],[12999,0],]]
[13128,14,14,[[13127,0],[13129,0],[13256,0],[13000,0],]]
[13129,18,14,[[13130,0],[13128,0],[13257,0],[13256,0],[13001,0],]]
[13130,4,14,[[13129,0],[13131,0],[13258,0],[13002,0],]]
[13131,18,14,[[13132,0],[13130,0],[13259,0],[13258,0],[13003,0],]]
[13132,1,14,[[13131,0],[13133,0],[13260,0],[13004,0],]]
[13133,7,14,[[13134,0],[13132,0],[13261,0],[13260,0],[13005,0],]]
[13134,6,14,[[13133,0],[13135,0],[13262,0],[13006,0],]]
[13135,17,14,[[13136,0],[13134,0],[13263,0],[13262,0],[13007,0],]]
[13136,14,14,[[13135,0],[13137,0],[13264,0],[13008,0],]]
[13137,8,14,[[13138,0],[13136,0],[13265,0],[13264,0],[13009,0],]]
[13138,18,14,[[13137,0],[13139,0],[13266,0],[13010,0],]]
[13139,1,14,[[13140,0],[13138,0],[13267,0],[13266,0],[13011,0],]]
[13140,15,14,[[13139,0],[13141,0],[13268,0],[13012,0],]]
[13141,1,14,[[13142,0],[13140,0],[13269,0],[13268,0],[13013,0],]]
[13142,3,14,[[13141,0],[13143,0],[13270,0],[13014,0],]]
[13143,14,14,[[13144,0],[13142,0],[13271,0],[13270,0],[13015,0],]]
[13144,18,14,[[13143,0],[13145,0],[13272,0],[13016,0],]]
[13145,14,14,[[13146,0],[13144,0],[13273,0],[13272,0],[13017,0],]]
[13146,10,14,[[13145,0],[13147,0],[13274,0],[13018,0],]]
[13147,6,14,[[13148,0],[13146,0],[13275,0],[13274,0],[13019,0],]]
[13148,6,14,[[13147,0],[13149,0],[13276,0],[13020,0],]]
[13149,7,14,[[13150,0],[13148,0],[13277,0],[13276,0],[13021,0],]]
[13150,12,14,[[13149,0],[13151,0],[13278,0],[13022,0],]]
[13151,12,14,[[13152,0],[13150,0],[13279,0],[13278,0],[13023,0],]]
[13152,6,15,[[13151,0],[13153,0],[13280,0],[13024,0],]]
[13153,6,15,[[13154,0],[13152,0],[13281,0],[13280,0],[13025,0],]]
[13154,5,15,[[13153,0],[13155,0],[13282,0],[13026,0],]]
[13155,8,15,[[13156,0],[13154,0],[13283,0],[13282,0],[13027,0],]]
[13156,17,15,[[13155,0],[13157,0],[13284,0],[13028,0],]]
[13157,1,15,[[13158,0],[13156,0],[13285,0],[13284,0],[13029,0],]]
[13158,18,15,[[13157,0],[13159,0],[13286,0],[13030,0],]]
[13159,15,15,[[13160,0],[13158,0],[13287,0],[13286,0],[13031,0],]]
[13160,14,15,[[13159,0],[13161,0],[13288,0],[13032,0],]]
[13161,8,15,[[13162,0],[13160,0],[13289,0],[13288,0],[13033,0],]]
[13162,17,15,[[13161,0],[13163,0],[13290,0],[13034,0],]]
[13163,4,15,[[13164,0],[13162,0],[13291,0],[13290,0],[13035,0],]]
[13164,9,15,[[13163,0],[13165,0],[13292,0],[13036,0],]]
[13165,14,15,[[13166,0],[13164,0],[13293,0],[13292,0],[13037,0],]]
[13166,1,15,[[13165,0],[13167,0],[13294,0],[13038,0],]]
[13167,12,15,[[13168,0],[13166,0],[13295,0],[13294,0],[13039,0],]]
[13168,1,15,[[13167,0],[13169,0],[13296,0],[13040,0],]]
[13169,9,15,[[13170,0],[13168,0],[13297,0],[13296,0],[13041,0],]]
[13170,17,15,[[13169,0],[13171,0],[13298,0],[13042,0],]]
[13171,1,15,[[13172,0],[13170,0],[13299,0],[13298,0],[13043,0],]]
[13172,14,15,[[13171,0],[13173,0],[13300,0],[13044,0],]]
[13173,4,15,[[13174,0],[13172,0],[13301,0],[13300,0],[13045,0],]]
[13174,1,15,[[13173,0],[13175,0],[13302,0],[13046,0],]]
[13175,12,15,[[13176,0],[13174,0],[13303,0],[13302,0],[13047,0],]]
[13176,14,15,[[13175,0],[13177,0],[13304,0],[13048,0],]]
[13177,16,15,[[13178,0],[13176,0],[13305,0],[13304,0],[13049,0],]]
[13178,9,15,[[13177,0],[13179,0],[13306,0],[13050,0],]]
[13179,13,15,[[13180,0],[13178,0],[13307,0],[13306,0],[13051,0],]]
[13180,4,15,[[13179,0],[13181,0],[13308,0],[13052,0],]]
[13181,15,15,[[13182,0],[13180,0],[13309,0],[13308,0],[13053,0],]]
[13182,17,15,[[13181,0],[13183,0],[13310,0],[13054,0],]]
[13183,15,15,[[13182,0],[13311,0],[13310,0],[13055,0],]]
[13184,16,12,[[13185,0],[13056,0],[13057,0],[13312,0],]]
[13185,1,12,[[13186,0],[13184,0],[13057,0],[13313,0],]]
[13186,12,12,[[13185,0],[13187,0],[13058,0],[13059,0],[13314,0],]]
[13187,10,12,[[13188,0],[13186,0],[13059,0],[13315,0],]]
[13188,4,12,[[13187,0],[13189,0],[13060,0],[13061,0],[13316,0],]]
[13189,13,12,[[13190,0],[13188,0],[13061,0],[13317,0],]]
[13190,8,12,[[13189,0],[13191,0],[13062,0],[13063,0],[13318,0],]]
[13191,8,12,[[13192,0],[13190,0],[13063,0],[13319,0],]]
[13192,10,12,[[13191,0],[13193,0],[13064,0],[13065,0],[13320,0],]]
[13193,15,12,[[13194,0],[13192,0],[13065,0],[13321,0],]]
[13194,10,12,[[13193,0],[13195,0],[13066,0],[13067,0],[13322,0],]]
[13195,10,12,[[13196,0],[13194,0],[13067,0],[13323,0],]]
[13196,3,12,[[13195,0],[13197,0],[13068,0],[13069,0],[13324,0],]]
[13197,17,12,[[13198,0],[13196,0],[13069,0],[13325,0],]]
[13198,3,12,[[13197,0],[13199,0],[13070,0],[13071,0],[13326,0],]]
[13199,8,12,[[13200,0],[13198,0],[13071,0],[13327,0],]]
[13200,2,12,[[13199,0],[13201,0],[13072,0],[13073,0],[13328,0],]]
[13201,5,12,[[13202,0],[13200,0],[13073,0],[13329,0],]]
[13202,13,12,[[13201,0],[13203,0],[13074,0],[13075,0],[13330,0],]]
[13203,11,12,[[13204,0],[13202,0],[13075,0],[13331,0],]]
[13204,14,12,[[13203,0],[13205,0],[13076,0],[13077,0],[13332,0],]]
[13205,17,12,[[13206,0],[13204,0],[13077,0],[13333,0],]]
[13206,14,12,[[13205,0],[13207,0],[13078,0],[13079,0],[13334,0],]]
[13207,5,12,[[13208,0],[13206,0],[13079,0],[13335,0],]]
[13208,17,12,[[13207,0],[13209,0],[13080,0],[13081,0],[13336,0],]]
[13209,14,12,[[13210,0],[13208,0],[13081,0],[13337,0],]]
[13210,18,12,[[13209,0],[13211,0],[13082,0],[13083,0],[13338,0],]]
[13211,8,12,[[13212,0],[13210,0],[13083,0],[13339,0],]]
[13212,16,12,[[13211,0],[13213,0],[13084,0],[13085,0],[13340,0],]]
[13213,7,12,[[13214,0],[13212,0],[13085,0],[13341,0],]]
[13214,7,12,[[13213,0],[13215,0],[13086,0],[13087,0],[13342,0],]]
[13215,19,12,[[13216,0],[13214,0],[13087,0],[13343,0],]]
[13216,13,13,[[13215,0],[13217,0],[13088,0],[13089,0],[13344,0],]]
[13217,8,13,[[13218,0],[13216,0],[13089,0],[13345,0],]]
[13218,10,13,[[13217,0],[13219,0],[13090,0],[13091,0],[13346,0],]]
[13219,17,13,[[13220,0],[13218,0],[13091,0],[13347,0],]]
[13220,11,13,[[13219,0],[13221,0],[13092,0],[13093,0],[13348,0],]]
[13221,11,13,[[13222,0],[13220,0],[13093,0],[13349,0],]]
[13222,7,13,[[13221,0],[13223,0],[13094,0],[13095,0],[13350,0],]]
[13223,2,13,[[13224,0],[13222,0],[13095,0],[13351,0],]]
[13224,12,13,[[13223,0],[13225,0],[13096,0],[13097,0],[13352,0],]]
[13225,1,13,[[13226,0],[13224,0],[13097,0],[13353,0],]]
[13226,1,13,[[13225,0],[13227,0],[13098,0],[13099,0],[13354,0],]]
[13227,9,13,[[13228,0],[13226,0],[13099,0],[13355,0],]]
[13228,6,13,[[13227,0],[13229,0],[13100,0],[13101,0],[13356,0],]]
[13229,7,13,[[13230,0],[13228,0],[13101,0],[13357,0],]]
[13230,19,13,[[13229,0],[13231,0],[13102,0],[13103,0],[13358,0],]]
[13231,4,13,[[13232,0],[13230,0],[13103,0],[13359,0],]]
[13232,12,13,[[13231,0],[13233,0],[13104,0],[13105,0],[13360,0],]]
[13233,12,13,[[13234,0],[13232,0],[13105,0],[13361,0],]]
[13234,18,13,[[13233,0],[13235,0],[13106,0],[13107,0],[13362,0],]]
[13235,8,13,[[13236,0],[13234,0],[13107,0],[13363,0],]]
[13236,10,13,[[13235,0],[13237,0],[13108,0],[13109,0],[13364,0],]]
[13237,6,13,[[13238,0],[13236,0],[13109,0],[13365,0],]]
[13238,11,13,[[13237,0],[13239,0],[13110,0],[13111,0],[13366,0],]]
[13239,13,13,[[13240,0],[13238,0],[13111,0],[13367,0],]]
[13240,12,13,[[13239,0],[13241,0],[13112,0],[13113,0],[13368,0],]]
[13241,19,13,[[13242,0],[13240,0],[13113,0],[13369,0],]]
[13242,15,13,[[13241,0],[13243,0],[13114,0],[13115,0],[13370,0],]]
[13243,4,13,[[13244,0],[13242,0],[13115,0],[13371,0],]]
[13244,15,13,[[13243,0],[13245,0],[13116,0],[13117,0],[13372,0],]]
[13245,18,13,[[13246,0],[13244,0],[13117,0],[13373,0],]]
[13246,15,13,[[13245,0],[13247,0],[13118,0],[13119,0],[13374,0],]]
[13247,9,13,[[13248,0],[13246,0],[13119,0],[13375,0],]]
[13248,13,14,[[13247,0],[13249,0],[13120,0],[13121,0],[13376,0],]]
[13249,4,14,[[13250,0],[13248,0],[13121,0],[13377,0],]]
[13250,15,14,[[13249,0],[13251,0],[13122,0],[13123,0],[13378,0],]]
[13251,4,14,[[13252,0],[13250,0],[13123,0],[13379,0],]]
[13252,4,14,[[13251,0],[13253,0],[13124,0],[13125,0],[13380,0],]]
[13253,6,14,[[13254,0],[13252,0],[13125,0],[13381,0],]]
[13254,14,14,[[13253,0],[13255,0],[13126,0],[13127,0],[13382,0],]]
[13255,10,14,[[13256,0],[13254,0],[13127,0],[13383,0],]]
[13256,7,14,[[13255,0],[13257,0],[13128,0],[13129,0],[13384,0],]]
[13257,9,14,[[13258,0],[13256,0],[13129,0],[13385,0],]]
[13258,17,14,[[13257,0],[13259,0],[13130,0],[13131,0],[13386,0],]]
[13259,3,14,[[13260,0],[13258,0],[13131,0],[13387,0],]]
[13260,18,14,[[13259,0],[13261,0],[13132,0],[13133,0],[13388,0],]]
[13261,8,14,[[13262,0],[13260,0],[13133,0],[13389,0],]]
[13262,2,14,[[13261,0],[13263,0],[13134,0],[13135,0],[13390,0],]]
[13263,11,14,[[13264,0],[13262,0],[13135,0],[13391,0],]]
[13264,5,14,[[13263,0],[13265,0],[13136,0],[13137,0],[13392,0],]]
[13265,3,14,[[13266,0],[13264,0],[13137,0],[13393,0],]]
[13266,17,14,[[13265,0],[13267,0],[13138,0],[13139,0],[13394,0],]]
[13267,12,14,[[13268,0],[13266,0],[13139,0],[13395,0],]]
[13268,13,14,[[13267,0],[13269,0],[13140,0],[13141,0],[13396,0],]]
[13269,3,14,[[13270,0],[13268,0],[13141,0],[13397,0],]]
[13270,6,14,[[13269,0],[13271,0],[13142,0],[13143,0],[13398,0],]]
