[13271,15,14,[[13272,0],[13270,0],[13143,0],[13399,0],]]
[13272,17,14,[[13271,0],[13273,0],[13144,0],[13145,0],[13400,0],]]
[13273,16,14,[[13274,0],[13272,0],[13145,0],[13401,0],]]
[13274,13,14,[[13273,0],[13275,0],[13146,0],[13147,0],[13402,0],]]
[13275,18,14,[[13276,0],[13274,0],[13147,0],[13403,0],]]
[13276,19,14,[[13275,0],[13277,0],[13148,0],[13149,0],[13404,0],]]
[13277,10,14,[[13278,0],[13276,0],[13149,0],[13405,0],]]
[13278,2,14,[[13277,0],[13279,0],[13150,0],[13151,0],[13406,0],]]
[13279,12,14,[[13280,0],[13278,0],[13151,0],[13407,0],]]
[13280,11,15,[[13279,0],[13281,0],[13152,0],[13153,0],[13408,0],]]
[13281,9,15,[[13282,0],[13280,0],[13153,0],[13409,0],]]
[13282,13,15,[[13281,0],[13283,0],[13154,0],[13155,0],[13410,0],]]
[13283,7,15,[[13284,0],[13282,0],[13155,0],[13411,0],]]
[13284,1,15,[[13283,0],[13285,0],[13156,0],[13157,0],[13412,0],]]
[13285,11,15,[[13286,0],[13284,0],[13157,0],[13413,0],]]
[13286,8,15,[[13285,0],[13287,0],[13158,0],[13159,0],[13414,0],]]
[13287,18,15,[[13288,0],[13286,0],[13159,0],[13415,0],]]
[13288,2,15,[[13287,0],[13289,0],[13160,0],[13161,0],[13416,0],]]
[13289,15,15,[[13290,0],[13288,0],[13161,0],[13417,0],]]
[13290,1,15,[[13289,0],[13291,0],[13162,0],[13163,0],[13418,0],]]
[13291,4,15,[[13292,0],[13290,0],[13163,0],[13419,0],]]
[13292,19,15,[[13291,0],[13293,0],[13164,0],[13165,0],[13420,0],]]
[13293,19,15,[[13294,0],[13292,0],[13165,0],[13421,0],]]
[13294,6,15,[[13293,0],[13295,0],[13166,0],[13167,0],[13422,0],]]
[13295,15,15,[[13296,0],[13294,0],[13167,0],[13423,0],]]
[13296,16,15,[[13295,0],[13297,0],[13168,0],[13169,0],[13424,0],]]
[13297,13,15,[[13298,0],[13296,0],[13169,0],[13425,0],]]
[13298,4,15,[[13297,0],[13299,0],[13170,0],[13171,0],[13426,0],]]
[13299,15,15,[[13300,0],[13298,0],[13171,0],[13427,0],]]
[13300,6,15,[[13299,0],[13301,0],[13172,0],[13173,0],[13428,0],]]
[13301,7,15,[[13302,0],[13300,0],[13173,0],[13429,0],]]
[13302,19,15,[[13301,0],[13303,0],[13174,0],[13175,0],[13430,0],]]
[13303,3,15,[[13304,0],[13302,0],[13175,0],[13431,0],]]
[13304,2,15,[[13303,0],[13305,0],[13176,0],[13177,0],[13432,0],]]
[13305,11,15,[[13306,0],[13304,0],[13177,0],[13433,0],]]
[13306,16,15,[[13305,0],[13307,0],[13178,0],[13179,0],[13434,0],]]
[13307,7,15,[[13308,0],[13306,0],[13179,0],[13435,0],]]
[13308,3,15,[[13307,0],[13309,0],[13180,0],[13181,0],[13436,0],]]
[13309,15,15,[[13310,0],[13308,0],[13181,0],[13437,0],]]
[13310,6,15,[[13309,0],[13311,0],[13182,0],[13183,0],[13438,0],]]
[13311,5,15,[[13310,0],[13183,0],[13439,0],]]
[13312,7,12,[[13313,0],[13440,0],[13184,0],]]
[13313,10,12,[[13314,0],[13312,0],[13441,0],[13440,0],[13185,0],]]
[13314,19,12,[[13313,0],[13315,0],[13442,0],[13186,0],]]
[13315,17,12,[[13316,0],[13314,0],[13443,0],[13442,0],[13187,0],]]
[13316,13,12,[[13315,0],[13317,0],[13444,0],[13188,0],]]
[13317,15,12,[[13318,0],[13316,0],[13445,0],[13444,0],[13189,0],]]
[13318,2,12,[[13317,0],[13319,0],[13446,0],[13190,0],]]
[13319,14,12,[[13320,0],[13318,0],[13447,0],[13446,0],[13191,0],]]
[13320,19,12,[[13319,0],[13321,0],[13448,0],[13192,0],]]
[13321,8,12,[[13322,0],[13320,0],[13449,0],[13448,0],[13193,0],]]
[13322,18,12,[[13321,0],[13323,0],[13450,0],[13194,0],]]
[13323,5,12,[[13324,0],[13322,0],[13451,0],[13450,0],[13195,0],]]
[13324,9,12,[[13323,0],[13325,0],[13452,0],[13196,0],]]
[13325,13,12,[[13326,0],[13324,0],[13453,0],[13452,0],[13197,0],]]
[13326,16,12,[[13325,0],[13327,0],[13454,0],[13198,0],]]
[13327,15,12,[[13328,0],[13326,0],[13455,0],[13454,0],[13199,0],]]
[13328,6,12,[[13327,0],[13329,0],[13456,0],[13200,0],]]
[13329,16,12,[[13330,0],[13328,0],[13457,0],[13456,0],[13201,0],]]
[13330,3,12,[[13329,0],[13331,0],[13458,0],[13202,0],]]
[13331,10,12,[[13332,0],[13330,0],[13459,0],[13458,0],[13203,0],]]
[13332,8,12,[[13331,0],[13333,0],[13460,0],[13204,0],]]
[13333,18,12,[[13334,0],[13332,0],[13461,0],[13460,0],[13205,0],]]
[13334,15,12,[[13333,0],[13335,0],[13462,0],[13206,0],]]
[13335,12,12,[[13336,0],[13334,0],[13463,0],[13462,0],[13207,0],]]
[13336,16,12,[[13335,0],[13337,0],[13464,0],[13208,0],]]
[13337,12,12,[[13338,0],[13336,0],[13465,0],[13464,0],[13209,0],]]
[13338,7,12,[[13337,0],[13339,0],[13466,0],[13210,0],]]
[13339,9,12,[[13340,0],[13338,0],[13467,0],[13466,0],[13211,0],]]
[13340,5,12,[[13339,0],[13341,0],[13468,0],[13212,0],]]
[13341,1,12,[[13342,0],[13340,0],[13469,0],[13468,0],[13213,0],]]
[13342,16,12,[[13341,0],[13343,0],[13470,0],[13214,0],]]
[13343,4,12,[[13344,0],[13342,0],[13471,0],[13470,0],[13215,0],]]
[13344,3,13,[[13343,0],[13345,0],[13472,0],[13216,0],]]
[13345,10,13,[[13346,0],[13344,0],[13473,0],[13472,0],[13217,0],]]
[13346,5,13,[[13345,0],[13347,0],[13474,0],[13218,0],]]
[13347,19,13,[[13348,0],[13346,0],[13475,0],[13474,0],[13219,0],]]
[13348,19,13,[[13347,0],[13349,0],[13476,0],[13220,0],]]
[13349,14,13,[[13350,0],[13348,0],[13477,0],[13476,0],[13221,0],]]
[13350,7,13,[[13349,0],[13351,0],[13478,0],[13222,0],]]
[13351,12,13,[[13352,0],[13350,0],[13479,0],[13478,0],[13223,0],]]
[13352,5,13,[[13351,0],[13353,0],[13480,0],[13224,0],]]
[13353,14,13,[[13354,0],[13352,0],[13481,0],[13480,0],[13225,0],]]
[13354,1,13,[[13353,0],[13355,0],[13482,0],[13226,0],]]
[13355,9,13,[[13356,0],[13354,0],[13483,0],[13482,0],[13227,0],]]
[13356,8,13,[[13355,0],[13357,0],[13484,0],[13228,0],]]
[13357,4,13,[[13358,0],[13356,0],[13485,0],[13484,0],[13229,0],]]
[13358,18,13,[[13357,0],[13359,0],[13486,0],[13230,0],]]
[13359,16,13,[[13360,0],[13358,0],[13487,0],[13486,0],[13231,0],]]
[13360,8,13,[[13359,0],[13361,0],[13488,0],[13232,0],]]
[13361,16,13,[[13362,0],[13360,0],[13489,0],[13488,0],[13233,0],]]
[13362,13,13,[[13361,0],[13363,0],[13490,0],[13234,0],]]
[13363,9,13,[[13364,0],[13362,0],[13491,0],[13490,0],[13235,0],]]
[13364,7,13,[[13363,0],[13365,0],[13492,0],[13236,0],]]
[13365,13,13,[[13366,0],[13364,0],[13493,0],[13492,0],[13237,0],]]
[13366,2,13,[[13365,0],[13367,0],[13494,0],[13238,0],]]
[13367,18,13,[[13368,0],[13366,0],[13495,0],[13494,0],[13239,0],]]
[13368,12,13,[[13367,0],[13369,0],[13496,0],[13240,0],]]
[13369,3,13,[[13370,0],[13368,0],[13497,0],[13496,0],[13241,0],]]
[13370,14,13,[[13369,0],[13371,0],[13498,0],[13242,0],]]
[13371,9,13,[[13372,0],[13370,0],[13499,0],[13498,0],[13243,0],]]
[13372,16,13,[[13371,0],[13373,0],[13500,0],[13244,0],]]
[13373,3,13,[[13374,0],[13372,0],[13501,0],[13500,0],[13245,0],]]
[13374,9,13,[[13373,0],[13375,0],[13502,0],[13246,0],]]
[13375,3,13,[[13376,0],[13374,0],[13503,0],[13502,0],[13247,0],]]
[13376,9,14,[[13375,0],[13377,0],[13504,0],[13248,0],]]
[13377,10,14,[[13378,0],[13376,0],[13505,0],[13504,0],[13249,0],]]
[13378,10,14,[[13377,0],[13379,0],[13506,0],[13250,0],]]
[13379,15,14,[[13380,0],[13378,0],[13507,0],[13506,0],[13251,0],]]
[13380,10,14,[[13379,0],[13381,0],[13508,0],[13252,0],]]
[13381,3,14,[[13382,0],[13380,0],[13509,0],[13508,0],[13253,0],]]
[13382,19,14,[[13381,0],[13383,0],[13510,0],[13254,0],]]
[13383,10,14,[[13384,0],[13382,0],[13511,0],[13510,0],[13255,0],]]
[13384,10,14,[[13383,0],[13385,0],[13512,0],[13256,0],]]
[13385,18,14,[[13386,0],[13384,0],[13513,0],[13512,0],[13257,0],]]
[13386,9,14,[[13385,0],[13387,0],[13514,0],[13258,0],]]
[13387,4,14,[[13388,0],[13386,0],[13515,0],[13514,0],[13259,0],]]
[13388,9,14,[[13387,0],[13389,0],[13516,0],[13260,0],]]
[13389,9,14,[[13390,0],[13388,0],[13517,0],[13516,0],[13261,0],]]
[13390,16,14,[[13389,0],[13391,0],[13518,0],[13262,0],]]
[13391,13,14,[[13392,0],[13390,0],[13519,0],[13518,0],[13263,0],]]
[13392,16,14,[[13391,0],[13393,0],[13520,0],[13264,0],]]
[13393,10,14,[[13394,0],[13392,0],[13521,0],[13520,0],[13265,0],]]
[13394,16,14,[[13393,0],[13395,0],[13522,0],[13266,0],]]
[13395,16,14,[[13396,0],[13394,0],[13523,0],[13522,0],[13267,0],]]
[13396,8,14,[[13395,0],[13397,0],[13524,0],[13268,0],]]
[13397,3,14,[[13398,0],[13396,0],[13525,0],[13524,0],[13269,0],]]
[13398,13,14,[[13397,0],[13399,0],[13526,0],[13270,0],]]
[13399,1,14,[[13400,0],[13398,0],[13527,0],[13526,0],[13271,0],]]
[13400,9,14,[[13399,0],[13401,0],[13528,0],[13272,0],]]
[13401,14,14,[[13402,0],[13400,0],[13529,0],[13528,0],[13273,0],]]
[13402,9,14,[[13401,0],[13403,0],[13530,0],[13274,0],]]
[13403,18,14,[[13404,0],[13402,0],[13531,0],[13530,0],[13275,0],]]
[13404,17,14,[[13403,0],[13405,0],[13532,0],[13276,0],]]
[13405,8,14,[[13406,0],[13404,0],[13533,0],[13532,0],[13277,0],]]
[13406,18,14,[[13405,0],[13407,0],[13534,0],[13278,0],]]
[13407,5,14,[[13408,0],[13406,0],[13535,0],[13534,0],[13279,0],]]
[13408,8,15,[[13407,0],[13409,0],[13536,0],[13280,0],]]
[13409,11,15,[[13410,0],[13408,0],[13537,0],[13536,0],[13281,0],]]
[13410,15,15,[[13409,0],[13411,0],[13538,0],[13282,0],]]
[13411,5,15,[[13412,0],[13410,0],[13539,0],[13538,0],[13283,0],]]
[13412,6,15,[[13411,0],[13413,0],[13540,0],[13284,0],]]
[13413,9,15,[[13414,0],[13412,0],[13541,0],[13540,0],[13285,0],]]
[13414,9,15,[[13413,0],[13415,0],[13542,0],[13286,0],]]
[13415,17,15,[[13416,0],[13414,0],[13543,0],[13542,0],[13287,0],]]
[13416,3,15,[[13415,0],[13417,0],[13544,0],[13288,0],]]
[13417,3,15,[[13418,0],[13416,0],[13545,0],[13544,0],[13289,0],]]
[13418,2,15,[[13417,0],[13419,0],[13546,0],[13290,0],]]
[13419,6,15,[[13420,0],[13418,0],[13547,0],[13546,0],[13291,0],]]
[13420,2,15,[[13419,0],[13421,0],[13548,0],[13292,0],]]
[13421,8,15,[[13422,0],[13420,0],[13549,0],[13548,0],[13293,0],]]
[13422,18,15,[[13421,0],[13423,0],[13550,0],[13294,0],]]
[13423,11,15,[[13424,0],[13422,0],[13551,0],[13550,0],[13295,0],]]
[13424,14,15,[[13423,0],[13425,0],[13552,0],[13296,0],]]
[13425,13,15,[[13426,0],[13424,0],[13553,0],[13552,0],[13297,0],]]
[13426,5,15,[[13425,0],[13427,0],[13554,0],[13298,0],]]
[13427,12,15,[[13428,0],[13426,0],[13555,0],[13554,0],[13299,0],]]
[13428,3,15,[[13427,0],[13429,0],[13556,0],[13300,0],]]
[13429,6,15,[[13430,0],[13428,0],[13557,0],[13556,0],[13301,0],]]
[13430,8,15,[[13429,0],[13431,0],[13558,0],[13302,0],]]
[13431,13,15,[[13432,0],[13430,0],[13559,0],[13558,0],[13303,0],]]
[13432,15,15,[[13431,0],[13433,0],[13560,0],[13304,0],]]
[13433,1,15,[[13434,0],[13432,0],[13561,0],[13560,0],[13305,0],]]
