[13434,18,15,[[13433,0],[13435,0],[13562,0],[13306,0],]]
[13435,7,15,[[13436,0],[13434,0],[13563,0],[13562,0],[13307,0],]]
[13436,16,15,[[13435,0],[13437,0],[13564,0],[13308,0],]]
[13437,9,15,[[13438,0],[13436,0],[13565,0],[13564,0],[13309,0],]]
[13438,14,15,[[13437,0],[13439,0],[13566,0],[13310,0],]]
[13439,6,15,[[13438,0],[13567,0],[13566,0],[13311,0],]]
[13440,15,12,[[13441,0],[13312,0],[13313,0],[13568,0],]]
[13441,2,12,[[13442,0],[13440,0],[13313,0],[13569,0],]]
[13442,2,12,[[13441,0],[13443,0],[13314,0],[13315,0],[13570,0],]]
[13443,18,12,[[13444,0],[13442,0],[13315,0],[13571,0],]]
[13444,17,12,[[13443,0],[13445,0],[13316,0],[13317,0],[13572,0],]]
[13445,15,12,[[13446,0],[13444,0],[13317,0],[13573,0],]]
[13446,5,12,[[13445,0],[13447,0],[13318,0],[13319,0],[13574,0],]]
[13447,18,12,[[13448,0],[13446,0],[13319,0],[13575,0],]]
[13448,15,12,[[13447,0],[13449,0],[13320,0],[13321,0],[13576,0],]]
[13449,15,12,[[13450,0],[13448,0],[13321,0],[13577,0],]]
[13450,13,12,[[13449,0],[13451,0],[13322,0],[13323,0],[13578,0],]]
[13451,7,12,[[13452,0],[13450,0],[13323,0],[13579,0],]]
[13452,6,12,[[13451,0],[13453,0],[13324,0],[13325,0],[13580,0],]]
[13453,18,12,[[13454,0],[13452,0],[13325,0],[13581,0],]]
[13454,1,12,[[13453,0],[13455,0],[13326,0],[13327,0],[13582,0],]]
[13455,17,12,[[13456,0],[13454,0],[13327,0],[13583,0],]]
[13456,14,12,[[13455,0],[13457,0],[13328,0],[13329,0],[13584,0],]]
[13457,16,12,[[13458,0],[13456,0],[13329,0],[13585,0],]]
[13458,12,12,[[13457,0],[13459,0],[13330,0],[13331,0],[13586,0],]]
[13459,3,12,[[13460,0],[13458,0],[13331,0],[13587,0],]]
[13460,6,12,[[13459,0],[13461,0],[13332,0],[13333,0],[13588,0],]]
[13461,6,12,[[13462,0],[13460,0],[13333,0],[13589,0],]]
[13462,5,12,[[13461,0],[13463,0],[13334,0],[13335,0],[13590,0],]]
[13463,1,12,[[13464,0],[13462,0],[13335,0],[13591,0],]]
[13464,3,12,[[13463,0],[13465,0],[13336,0],[13337,0],[13592,0],]]
[13465,5,12,[[13466,0],[13464,0],[13337,0],[13593,0],]]
[13466,11,12,[[13465,0],[13467,0],[13338,0],[13339,0],[13594,0],]]
[13467,15,12,[[13468,0],[13466,0],[13339,0],[13595,0],]]
[13468,19,12,[[13467,0],[13469,0],[13340,0],[13341,0],[13596,0],]]
[13469,13,12,[[13470,0],[13468,0],[13341,0],[13597,0],]]
[13470,18,12,[[13469,0],[13471,0],[13342,0],[13343,0],[13598,0],]]
[13471,5,12,[[13472,0],[13470,0],[13343,0],[13599,0],]]
[13472,9,13,[[13471,0],[13473,0],[13344,0],[13345,0],[13600,0],]]
[13473,7,13,[[13474,0],[13472,0],[13345,0],[13601,0],]]
[13474,10,13,[[13473,0],[13475,0],[13346,0],[13347,0],[13602,0],]]
[13475,15,13,[[13476,0],[13474,0],[13347,0],[13603,0],]]
[13476,3,13,[[13475,0],[13477,0],[13348,0],[13349,0],[13604,0],]]
[13477,15,13,[[13478,0],[13476,0],[13349,0],[13605,0],]]
[13478,3,13,[[13477,0],[13479,0],[13350,0],[13351,0],[13606,0],]]
[13479,6,13,[[13480,0],[13478,0],[13351,0],[13607,0],]]
[13480,17,13,[[13479,0],[13481,0],[13352,0],[13353,0],[13608,0],]]
[13481,10,13,[[13482,0],[13480,0],[13353,0],[13609,0],]]
[13482,3,13,[[13481,0],[13483,0],[13354,0],[13355,0],[13610,0],]]
[13483,11,13,[[13484,0],[13482,0],[13355,0],[13611,0],]]
[13484,17,13,[[13483,0],[13485,0],[13356,0],[13357,0],[13612,0],]]
[13485,14,13,[[13486,0],[13484,0],[13357,0],[13613,0],]]
[13486,3,13,[[13485,0],[13487,0],[13358,0],[13359,0],[13614,0],]]
[13487,1,13,[[13488,0],[13486,0],[13359,0],[13615,0],]]
[13488,14,13,[[13487,0],[13489,0],[13360,0],[13361,0],[13616,0],]]
[13489,11,13,[[13490,0],[13488,0],[13361,0],[13617,0],]]
[13490,16,13,[[13489,0],[13491,0],[13362,0],[13363,0],[13618,0],]]
[13491,14,13,[[13492,0],[13490,0],[13363,0],[13619,0],]]
[13492,3,13,[[13491,0],[13493,0],[13364,0],[13365,0],[13620,0],]]
[13493,7,13,[[13494,0],[13492,0],[13365,0],[13621,0],]]
[13494,6,13,[[13493,0],[13495,0],[13366,0],[13367,0],[13622,0],]]
[13495,9,13,[[13496,0],[13494,0],[13367,0],[13623,0],]]
[13496,6,13,[[13495,0],[13497,0],[13368,0],[13369,0],[13624,0],]]
[13497,16,13,[[13498,0],[13496,0],[13369,0],[13625,0],]]
[13498,17,13,[[13497,0],[13499,0],[13370,0],[13371,0],[13626,0],]]
[13499,19,13,[[13500,0],[13498,0],[13371,0],[13627,0],]]
[13500,5,13,[[13499,0],[13501,0],[13372,0],[13373,0],[13628,0],]]
[13501,11,13,[[13502,0],[13500,0],[13373,0],[13629,0],]]
[13502,7,13,[[13501,0],[13503,0],[13374,0],[13375,0],[13630,0],]]
[13503,5,13,[[13504,0],[13502,0],[13375,0],[13631,0],]]
[13504,1,14,[[13503,0],[13505,0],[13376,0],[13377,0],[13632,0],]]
[13505,6,14,[[13506,0],[13504,0],[13377,0],[13633,0],]]
[13506,17,14,[[13505,0],[13507,0],[13378,0],[13379,0],[13634,0],]]
[13507,18,14,[[13508,0],[13506,0],[13379,0],[13635,0],]]
[13508,9,14,[[13507,0],[13509,0],[13380,0],[13381,0],[13636,0],]]
[13509,13,14,[[13510,0],[13508,0],[13381,0],[13637,0],]]
[13510,18,14,[[13509,0],[13511,0],[13382,0],[13383,0],[13638,0],]]
[13511,11,14,[[13512,0],[13510,0],[13383,0],[13639,0],]]
[13512,18,14,[[13511,0],[13513,0],[13384,0],[13385,0],[13640,0],]]
[13513,13,14,[[13514,0],[13512,0],[13385,0],[13641,0],]]
[13514,9,14,[[13513,0],[13515,0],[13386,0],[13387,0],[13642,0],]]
[13515,1,14,[[13516,0],[13514,0],[13387,0],[13643,0],]]
[13516,5,14,[[13515,0],[13517,0],[13388,0],[13389,0],[13644,0],]]
[13517,19,14,[[13518,0],[13516,0],[13389,0],[13645,0],]]
[13518,14,14,[[13517,0],[13519,0],[13390,0],[13391,0],[13646,0],]]
[13519,1,14,[[13520,0],[13518,0],[13391,0],[13647,0],]]
[13520,19,14,[[13519,0],[13521,0],[13392,0],[13393,0],[13648,0],]]
[13521,3,14,[[13522,0],[13520,0],[13393,0],[13649,0],]]
[13522,11,14,[[13521,0],[13523,0],[13394,0],[13395,0],[13650,0],]]
[13523,4,14,[[13524,0],[13522,0],[13395,0],[13651,0],]]
[13524,17,14,[[13523,0],[13525,0],[13396,0],[13397,0],[13652,0],]]
[13525,1,14,[[13526,0],[13524,0],[13397,0],[13653,0],]]
[13526,10,14,[[13525,0],[13527,0],[13398,0],[13399,0],[13654,0],]]
[13527,15,14,[[13528,0],[13526,0],[13399,0],[13655,0],]]
[13528,4,14,[[13527,0],[13529,0],[13400,0],[13401,0],[13656,0],]]
[13529,17,14,[[13530,0],[13528,0],[13401,0],[13657,0],]]
[13530,8,14,[[13529,0],[13531,0],[13402,0],[13403,0],[13658,0],]]
[13531,16,14,[[13532,0],[13530,0],[13403,0],[13659,0],]]
[13532,5,14,[[13531,0],[13533,0],[13404,0],[13405,0],[13660,0],]]
[13533,19,14,[[13534,0],[13532,0],[13405,0],[13661,0],]]
[13534,9,14,[[13533,0],[13535,0],[13406,0],[13407,0],[13662,0],]]
[13535,1,14,[[13536,0],[13534,0],[13407,0],[13663,0],]]
[13536,4,15,[[13535,0],[13537,0],[13408,0],[13409,0],[13664,0],]]
[13537,10,15,[[13538,0],[13536,0],[13409,0],[13665,0],]]
[13538,5,15,[[13537,0],[13539,0],[13410,0],[13411,0],[13666,0],]]
[13539,10,15,[[13540,0],[13538,0],[13411,0],[13667,0],]]
[13540,3,15,[[13539,0],[13541,0],[13412,0],[13413,0],[13668,0],]]
[13541,10,15,[[13542,0],[13540,0],[13413,0],[13669,0],]]
[13542,8,15,[[13541,0],[13543,0],[13414,0],[13415,0],[13670,0],]]
[13543,3,15,[[13544,0],[13542,0],[13415,0],[13671,0],]]
[13544,15,15,[[13543,0],[13545,0],[13416,0],[13417,0],[13672,0],]]
[13545,6,15,[[13546,0],[13544,0],[13417,0],[13673,0],]]
[13546,6,15,[[13545,0],[13547,0],[13418,0],[13419,0],[13674,0],]]
[13547,1,15,[[13548,0],[13546,0],[13419,0],[13675,0],]]
[13548,10,15,[[13547,0],[13549,0],[13420,0],[13421,0],[13676,0],]]
[13549,9,15,[[13550,0],[13548,0],[13421,0],[13677,0],]]
[13550,17,15,[[13549,0],[13551,0],[13422,0],[13423,0],[13678,0],]]
[13551,12,15,[[13552,0],[13550,0],[13423,0],[13679,0],]]
[13552,18,15,[[13551,0],[13553,0],[13424,0],[13425,0],[13680,0],]]
[13553,15,15,[[13554,0],[13552,0],[13425,0],[13681,0],]]
[13554,3,15,[[13553,0],[13555,0],[13426,0],[13427,0],[13682,0],]]
[13555,17,15,[[13556,0],[13554,0],[13427,0],[13683,0],]]
[13556,1,15,[[13555,0],[13557,0],[13428,0],[13429,0],[13684,0],]]
[13557,5,15,[[13558,0],[13556,0],[13429,0],[13685,0],]]
[13558,5,15,[[13557,0],[13559,0],[13430,0],[13431,0],[13686,0],]]
[13559,19,15,[[13560,0],[13558,0],[13431,0],[13687,0],]]
[13560,10,15,[[13559,0],[13561,0],[13432,0],[13433,0],[13688,0],]]
[13561,19,15,[[13562,0],[13560,0],[13433,0],[13689,0],]]
[13562,2,15,[[13561,0],[13563,0],[13434,0],[13435,0],[13690,0],]]
[13563,2,15,[[13564,0],[13562,0],[13435,0],[13691,0],]]
[13564,4,15,[[13563,0],[13565,0],[13436,0],[13437,0],[13692,0],]]
[13565,9,15,[[13566,0],[13564,0],[13437,0],[13693,0],]]
[13566,12,15,[[13565,0],[13567,0],[13438,0],[13439,0],[13694,0],]]
[13567,5,15,[[13566,0],[13439,0],[13695,0],]]
[13568,11,12,[[13569,0],[13696,0],[13440,0],]]
[13569,1,12,[[13570,0],[13568,0],[13697,0],[13696,0],[13441,0],]]
[13570,17,12,[[13569,0],[13571,0],[13698,0],[13442,0],]]
[13571,18,12,[[13572,0],[13570,0],[13699,0],[13698,0],[13443,0],]]
[13572,14,12,[[13571,0],[13573,0],[13700,0],[13444,0],]]
[13573,5,12,[[13574,0],[13572,0],[13701,0],[13700,0],[13445,0],]]
[13574,16,12,[[13573,0],[13575,0],[13702,0],[13446,0],]]
[13575,9,12,[[13576,0],[13574,0],[13703,0],[13702,0],[13447,0],]]
[13576,18,12,[[13575,0],[13577,0],[13704,0],[13448,0],]]
[13577,17,12,[[13578,0],[13576,0],[13705,0],[13704,0],[13449,0],]]
[13578,18,12,[[13577,0],[13579,0],[13706,0],[13450,0],]]
[13579,3,12,[[13580,0],[13578,0],[13707,0],[13706,0],[13451,0],]]
[13580,3,12,[[13579,0],[13581,0],[13708,0],[13452,0],]]
[13581,4,12,[[13582,0],[13580,0],[13709,0],[13708,0],[13453,0],]]
[13582,5,12,[[13581,0],[13583,0],[13710,0],[13454,0],]]
[13583,1,12,[[13584,0],[13582,0],[13711,0],[13710,0],[13455,0],]]
[13584,13,12,[[13583,0],[13585,0],[13712,0],[13456,0],]]
[13585,4,12,[[13586,0],[13584,0],[13713,0],[13712,0],[13457,0],]]
[13586,13,12,[[13585,0],[13587,0],[13714,0],[13458,0],]]
[13587,7,12,[[13588,0],[13586,0],[13715,0],[13714,0],[13459,0],]]
[13588,19,12,[[13587,0],[13589,0],[13716,0],[13460,0],]]
[13589,16,12,[[13590,0],[13588,0],[13717,0],[13716,0],[13461,0],]]
[13590,6,12,[[13589,0],[13591,0],[13718,0],[13462,0],]]
[13591,9,12,[[13592,0],[13590,0],[13719,0],[13718,0],[13463,0],]]
[13592,1,12,[[13591,0],[13593,0],[13720,0],[13464,0],]]
[13593,9,12,[[13594,0],[13592,0],[13721,0],[13720,0],[13465,0],]]
[13594,6,12,[[13593,0],[13595,0],[13722,0],[13466,0],]]
[13595,6,12,[[13596,0],[13594,0],[13723,0],[13722,0],[13467,0],]]
[13596,2,12,[[13595,0],[13597,0],[13724,0],[13468,0],]]
[13597,18,12,[[13598,0],[13596,0],[13725,0],[13724,0],[13469,0],]]
