[15237,1,12,[[15238,0],[15236,0],[15109,0],[15365,0],]]
[15238,15,12,[[15237,0],[15239,0],[15110,0],[15111,0],[15366,0],]]
[15239,12,12,[[15240,0],[15238,0],[15111,0],[15367,0],]]
[15240,5,12,[[15239,0],[15241,0],[15112,0],[15113,0],[15368,0],]]
[15241,4,12,[[15242,0],[15240,0],[15113,0],[15369,0],]]
[15242,15,12,[[15241,0],[15243,0],[15114,0],[15115,0],[15370,0],]]
[15243,14,12,[[15244,0],[15242,0],[15115,0],[15371,0],]]
[15244,2,12,[[15243,0],[15245,0],[15116,0],[15117,0],[15372,0],]]
[15245,17,12,[[15246,0],[15244,0],[15117,0],[15373,0],]]
[15246,4,12,[[15245,0],[15247,0],[15118,0],[15119,0],[15374,0],]]
[15247,4,12,[[15248,0],[15246,0],[15119,0],[15375,0],]]
[15248,18,12,[[15247,0],[15249,0],[15120,0],[15121,0],[15376,0],]]
[15249,10,12,[[15250,0],[15248,0],[15121,0],[15377,0],]]
[15250,5,12,[[15249,0],[15251,0],[15122,0],[15123,0],[15378,0],]]
[15251,10,12,[[15252,0],[15250,0],[15123,0],[15379,0],]]
[15252,19,12,[[15251,0],[15253,0],[15124,0],[15125,0],[15380,0],]]
[15253,18,12,[[15254,0],[15252,0],[15125,0],[15381,0],]]
[15254,3,12,[[15253,0],[15255,0],[15126,0],[15127,0],[15382,0],]]
[15255,14,12,[[15256,0],[15254,0],[15127,0],[15383,0],]]
[15256,1,12,[[15255,0],[15257,0],[15128,0],[15129,0],[15384,0],]]
[15257,7,12,[[15258,0],[15256,0],[15129,0],[15385,0],]]
[15258,10,12,[[15257,0],[15259,0],[15130,0],[15131,0],[15386,0],]]
[15259,7,12,[[15260,0],[15258,0],[15131,0],[15387,0],]]
[15260,3,12,[[15259,0],[15261,0],[15132,0],[15133,0],[15388,0],]]
[15261,16,12,[[15262,0],[15260,0],[15133,0],[15389,0],]]
[15262,6,12,[[15261,0],[15263,0],[15134,0],[15135,0],[15390,0],]]
[15263,9,12,[[15264,0],[15262,0],[15135,0],[15391,0],]]
[15264,5,13,[[15263,0],[15265,0],[15136,0],[15137,0],[15392,0],]]
[15265,14,13,[[15266,0],[15264,0],[15137,0],[15393,0],]]
[15266,8,13,[[15265,0],[15267,0],[15138,0],[15139,0],[15394,0],]]
[15267,8,13,[[15268,0],[15266,0],[15139,0],[15395,0],]]
[15268,9,13,[[15267,0],[15269,0],[15140,0],[15141,0],[15396,0],]]
[15269,4,13,[[15270,0],[15268,0],[15141,0],[15397,0],]]
[15270,10,13,[[15269,0],[15271,0],[15142,0],[15143,0],[15398,0],]]
[15271,15,13,[[15272,0],[15270,0],[15143,0],[15399,0],]]
[15272,14,13,[[15271,0],[15273,0],[15144,0],[15145,0],[15400,0],]]
[15273,9,13,[[15274,0],[15272,0],[15145,0],[15401,0],]]
[15274,18,13,[[15273,0],[15275,0],[15146,0],[15147,0],[15402,0],]]
[15275,14,13,[[15276,0],[15274,0],[15147,0],[15403,0],]]
[15276,4,13,[[15275,0],[15277,0],[15148,0],[15149,0],[15404,0],]]
[15277,18,13,[[15278,0],[15276,0],[15149,0],[15405,0],]]
[15278,2,13,[[15277,0],[15279,0],[15150,0],[15151,0],[15406,0],]]
[15279,15,13,[[15280,0],[15278,0],[15151,0],[15407,0],]]
[15280,1,13,[[15279,0],[15281,0],[15152,0],[15153,0],[15408,0],]]
[15281,14,13,[[15282,0],[15280,0],[15153,0],[15409,0],]]
[15282,9,13,[[15281,0],[15283,0],[15154,0],[15155,0],[15410,0],]]
[15283,3,13,[[15284,0],[15282,0],[15155,0],[15411,0],]]
[15284,3,13,[[15283,0],[15285,0],[15156,0],[15157,0],[15412,0],]]
[15285,11,13,[[15286,0],[15284,0],[15157,0],[15413,0],]]
[15286,4,13,[[15285,0],[15287,0],[15158,0],[15159,0],[15414,0],]]
[15287,6,13,[[15288,0],[15286,0],[15159,0],[15415,0],]]
[15288,17,13,[[15287,0],[15289,0],[15160,0],[15161,0],[15416,0],]]
[15289,19,13,[[15290,0],[15288,0],[15161,0],[15417,0],]]
[15290,9,13,[[15289,0],[15291,0],[15162,0],[15163,0],[15418,0],]]
[15291,19,13,[[15292,0],[15290,0],[15163,0],[15419,0],]]
[15292,17,13,[[15291,0],[15293,0],[15164,0],[15165,0],[15420,0],]]
[15293,19,13,[[15294,0],[15292,0],[15165,0],[15421,0],]]
[15294,18,13,[[15293,0],[15295,0],[15166,0],[15167,0],[15422,0],]]
[15295,4,13,[[15296,0],[15294,0],[15167,0],[15423,0],]]
[15296,13,14,[[15295,0],[15297,0],[15168,0],[15169,0],[15424,0],]]
[15297,11,14,[[15298,0],[15296,0],[15169,0],[15425,0],]]
[15298,10,14,[[15297,0],[15299,0],[15170,0],[15171,0],[15426,0],]]
[15299,18,14,[[15300,0],[15298,0],[15171,0],[15427,0],]]
[15300,6,14,[[15299,0],[15301,0],[15172,0],[15173,0],[15428,0],]]
[15301,17,14,[[15302,0],[15300,0],[15173,0],[15429,0],]]
[15302,17,14,[[15301,0],[15303,0],[15174,0],[15175,0],[15430,0],]]
[15303,13,14,[[15304,0],[15302,0],[15175,0],[15431,0],]]
[15304,8,14,[[15303,0],[15305,0],[15176,0],[15177,0],[15432,0],]]
[15305,11,14,[[15306,0],[15304,0],[15177,0],[15433,0],]]
[15306,19,14,[[15305,0],[15307,0],[15178,0],[15179,0],[15434,0],]]
[15307,18,14,[[15308,0],[15306,0],[15179,0],[15435,0],]]
[15308,1,14,[[15307,0],[15309,0],[15180,0],[15181,0],[15436,0],]]
[15309,14,14,[[15310,0],[15308,0],[15181,0],[15437,0],]]
[15310,1,14,[[15309,0],[15311,0],[15182,0],[15183,0],[15438,0],]]
[15311,1,14,[[15312,0],[15310,0],[15183,0],[15439,0],]]
[15312,1,14,[[15311,0],[15313,0],[15184,0],[15185,0],[15440,0],]]
[15313,18,14,[[15314,0],[15312,0],[15185,0],[15441,0],]]
[15314,8,14,[[15313,0],[15315,0],[15186,0],[15187,0],[15442,0],]]
[15315,8,14,[[15316,0],[15314,0],[15187,0],[15443,0],]]
[15316,2,14,[[15315,0],[15317,0],[15188,0],[15189,0],[15444,0],]]
[15317,17,14,[[15318,0],[15316,0],[15189,0],[15445,0],]]
[15318,15,14,[[15317,0],[15319,0],[15190,0],[15191,0],[15446,0],]]
[15319,12,14,[[15320,0],[15318,0],[15191,0],[15447,0],]]
[15320,18,14,[[15319,0],[15321,0],[15192,0],[15193,0],[15448,0],]]
[15321,2,14,[[15322,0],[15320,0],[15193,0],[15449,0],]]
[15322,19,14,[[15321,0],[15323,0],[15194,0],[15195,0],[15450,0],]]
[15323,12,14,[[15324,0],[15322,0],[15195,0],[15451,0],]]
[15324,1,14,[[15323,0],[15325,0],[15196,0],[15197,0],[15452,0],]]
[15325,16,14,[[15326,0],[15324,0],[15197,0],[15453,0],]]
[15326,14,14,[[15325,0],[15327,0],[15198,0],[15199,0],[15454,0],]]
[15327,3,14,[[15328,0],[15326,0],[15199,0],[15455,0],]]
[15328,4,15,[[15327,0],[15329,0],[15200,0],[15201,0],[15456,0],]]
[15329,7,15,[[15330,0],[15328,0],[15201,0],[15457,0],]]
[15330,13,15,[[15329,0],[15331,0],[15202,0],[15203,0],[15458,0],]]
[15331,16,15,[[15332,0],[15330,0],[15203,0],[15459,0],]]
[15332,18,15,[[15331,0],[15333,0],[15204,0],[15205,0],[15460,0],]]
[15333,15,15,[[15334,0],[15332,0],[15205,0],[15461,0],]]
[15334,7,15,[[15333,0],[15335,0],[15206,0],[15207,0],[15462,0],]]
[15335,18,15,[[15336,0],[15334,0],[15207,0],[15463,0],]]
[15336,10,15,[[15335,0],[15337,0],[15208,0],[15209,0],[15464,0],]]
[15337,15,15,[[15338,0],[15336,0],[15209,0],[15465,0],]]
[15338,14,15,[[15337,0],[15339,0],[15210,0],[15211,0],[15466,0],]]
[15339,11,15,[[15340,0],[15338,0],[15211,0],[15467,0],]]
[15340,13,15,[[15339,0],[15341,0],[15212,0],[15213,0],[15468,0],]]
[15341,9,15,[[15342,0],[15340,0],[15213,0],[15469,0],]]
[15342,4,15,[[15341,0],[15343,0],[15214,0],[15215,0],[15470,0],]]
[15343,19,15,[[15344,0],[15342,0],[15215,0],[15471,0],]]
[15344,18,15,[[15343,0],[15345,0],[15216,0],[15217,0],[15472,0],]]
[15345,5,15,[[15346,0],[15344,0],[15217,0],[15473,0],]]
[15346,8,15,[[15345,0],[15347,0],[15218,0],[15219,0],[15474,0],]]
[15347,1,15,[[15348,0],[15346,0],[15219,0],[15475,0],]]
[15348,10,15,[[15347,0],[15349,0],[15220,0],[15221,0],[15476,0],]]
[15349,4,15,[[15350,0],[15348,0],[15221,0],[15477,0],]]
[15350,6,15,[[15349,0],[15351,0],[15222,0],[15223,0],[15478,0],]]
[15351,11,15,[[15352,0],[15350,0],[15223,0],[15479,0],]]
[15352,10,15,[[15351,0],[15353,0],[15224,0],[15225,0],[15480,0],]]
[15353,10,15,[[15354,0],[15352,0],[15225,0],[15481,0],]]
[15354,8,15,[[15353,0],[15355,0],[15226,0],[15227,0],[15482,0],]]
[15355,15,15,[[15356,0],[15354,0],[15227,0],[15483,0],]]
[15356,15,15,[[15355,0],[15357,0],[15228,0],[15229,0],[15484,0],]]
[15357,19,15,[[15358,0],[15356,0],[15229,0],[15485,0],]]
[15358,5,15,[[15357,0],[15359,0],[15230,0],[15231,0],[15486,0],]]
[15359,17,15,[[15358,0],[15231,0],[15487,0],]]
[15360,16,12,[[15361,0],[15488,0],[15232,0],]]
[15361,14,12,[[15362,0],[15360,0],[15489,0],[15488,0],[15233,0],]]
[15362,5,12,[[15361,0],[15363,0],[15490,0],[15234,0],]]
[15363,17,12,[[15364,0],[15362,0],[15491,0],[15490,0],[15235,0],]]
[15364,1,12,[[15363,0],[15365,0],[15492,0],[15236,0],]]
[15365,6,12,[[15366,0],[15364,0],[15493,0],[15492,0],[15237,0],]]
[15366,2,12,[[15365,0],[15367,0],[15494,0],[15238,0],]]
[15367,8,12,[[15368,0],[15366,0],[15495,0],[15494,0],[15239,0],]]
[15368,4,12,[[15367,0],[15369,0],[15496,0],[15240,0],]]
[15369,1,12,[[15370,0],[15368,0],[15497,0],[15496,0],[15241,0],]]
[15370,12,12,[[15369,0],[15371,0],[15498,0],[15242,0],]]
[15371,8,12,[[15372,0],[15370,0],[15499,0],[15498,0],[15243,0],]]
[15372,11,12,[[15371,0],[15373,0],[15500,0],[15244,0],]]
[15373,9,12,[[15374,0],[15372,0],[15501,0],[15500,0],[15245,0],]]
[15374,5,12,[[15373,0],[15375,0],[15502,0],[15246,0],]]
[15375,11,12,[[15376,0],[15374,0],[15503,0],[15502,0],[15247,0],]]
[15376,2,12,[[15375,0],[15377,0],[15504,0],[15248,0],]]
[15377,3,12,[[15378,0],[15376,0],[15505,0],[15504,0],[15249,0],]]
[15378,8,12,[[15377,0],[15379,0],[15506,0],[15250,0],]]
[15379,6,12,[[15380,0],[15378,0],[15507,0],[15506,0],[15251,0],]]
[15380,1,12,[[15379,0],[15381,0],[15508,0],[15252,0],]]
[15381,4,12,[[15382,0],[15380,0],[15509,0],[15508,0],[15253,0],]]
[15382,12,12,[[15381,0],[15383,0],[15510,0],[15254,0],]]
[15383,1,12,[[15384,0],[15382,0],[15511,0],[15510,0],[15255,0],]]
[15384,12,12,[[15383,0],[15385,0],[15512,0],[15256,0],]]
[15385,7,12,[[15386,0],[15384,0],[15513,0],[15512,0],[15257,0],]]
[15386,17,12,[[15385,0],[15387,0],[15514,0],[15258,0],]]
[15387,15,12,[[15388,0],[15386,0],[15515,0],[15514,0],[15259,0],]]
[15388,16,12,[[15387,0],[15389,0],[15516,0],[15260,0],]]
[15389,15,12,[[15390,0],[15388,0],[15517,0],[15516,0],[15261,0],]]
[15390,17,12,[[15389,0],[15391,0],[15518,0],[15262,0],]]
[15391,16,12,[[15392,0],[15390,0],[15519,0],[15518,0],[15263,0],]]
[15392,12,13,[[15391,0],[15393,0],[15520,0],[15264,0],]]
[15393,2,13,[[15394,0],[15392,0],[15521,0],[15520,0],[15265,0],]]
[15394,2,13,[[15393,0],[15395,0],[15522,0],[15266,0],]]
[15395,16,13,[[15396,0],[15394,0],[15523,0],[15522,0],[15267,0],]]
[15396,17,13,[[15395,0],[15397,0],[15524,0],[15268,0],]]
[15397,1,13,[[15398,0],[15396,0],[15525,0],[15524,0],[15269,0],]]
[15398,19,13,[[15397,0],[15399,0],[15526,0],[15270,0],]]
[15399,8,13,[[15400,0],[15398,0],[15527,0],[15526,0],[15271,0],]]
