[15892,17,12,[[15891,0],[15893,0],[16020,0],[15764,0],]]
[15893,19,12,[[15894,0],[15892,0],[16021,0],[16020,0],[15765,0],]]
[15894,3,12,[[15893,0],[15895,0],[16022,0],[15766,0],]]
[15895,6,12,[[15896,0],[15894,0],[16023,0],[16022,0],[15767,0],]]
[15896,5,12,[[15895,0],[15897,0],[16024,0],[15768,0],]]
[15897,13,12,[[15898,0],[15896,0],[16025,0],[16024,0],[15769,0],]]
[15898,10,12,[[15897,0],[15899,0],[16026,0],[15770,0],]]
[15899,17,12,[[15900,0],[15898,0],[16027,0],[16026,0],[15771,0],]]
[15900,2,12,[[15899,0],[15901,0],[16028,0],[15772,0],]]
[15901,10,12,[[15902,0],[15900,0],[16029,0],[16028,0],[15773,0],]]
[15902,10,12,[[15901,0],[15903,0],[16030,0],[15774,0],]]
[15903,8,12,[[15904,0],[15902,0],[16031,0],[16030,0],[15775,0],]]
[15904,16,13,[[15903,0],[15905,0],[16032,0],[15776,0],]]
[15905,8,13,[[15906,0],[15904,0],[16033,0],[16032,0],[15777,0],]]
[15906,18,13,[[15905,0],[15907,0],[16034,0],[15778,0],]]
[15907,17,13,[[15908,0],[15906,0],[16035,0],[16034,0],[15779,0],]]
[15908,12,13,[[15907,0],[15909,0],[16036,0],[15780,0],]]
[15909,12,13,[[15910,0],[15908,0],[16037,0],[16036,0],[15781,0],]]
[15910,8,13,[[15909,0],[15911,0],[16038,0],[15782,0],]]
[15911,11,13,[[15912,0],[15910,0],[16039,0],[16038,0],[15783,0],]]
[15912,17,13,[[15911,0],[15913,0],[16040,0],[15784,0],]]
[15913,9,13,[[15914,0],[15912,0],[16041,0],[16040,0],[15785,0],]]
[15914,4,13,[[15913,0],[15915,0],[16042,0],[15786,0],]]
[15915,11,13,[[15916,0],[15914,0],[16043,0],[16042,0],[15787,0],]]
[15916,7,13,[[15915,0],[15917,0],[16044,0],[15788,0],]]
[15917,3,13,[[15918,0],[15916,0],[16045,0],[16044,0],[15789,0],]]
[15918,10,13,[[15917,0],[15919,0],[16046,0],[15790,0],]]
[15919,6,13,[[15920,0],[15918,0],[16047,0],[16046,0],[15791,0],]]
[15920,7,13,[[15919,0],[15921,0],[16048,0],[15792,0],]]
[15921,4,13,[[15922,0],[15920,0],[16049,0],[16048,0],[15793,0],]]
[15922,6,13,[[15921,0],[15923,0],[16050,0],[15794,0],]]
[15923,14,13,[[15924,0],[15922,0],[16051,0],[16050,0],[15795,0],]]
[15924,8,13,[[15923,0],[15925,0],[16052,0],[15796,0],]]
[15925,8,13,[[15926,0],[15924,0],[16053,0],[16052,0],[15797,0],]]
[15926,1,13,[[15925,0],[15927,0],[16054,0],[15798,0],]]
[15927,2,13,[[15928,0],[15926,0],[16055,0],[16054,0],[15799,0],]]
[15928,4,13,[[15927,0],[15929,0],[16056,0],[15800,0],]]
[15929,4,13,[[15930,0],[15928,0],[16057,0],[16056,0],[15801,0],]]
[15930,18,13,[[15929,0],[15931,0],[16058,0],[15802,0],]]
[15931,16,13,[[15932,0],[15930,0],[16059,0],[16058,0],[15803,0],]]
[15932,8,13,[[15931,0],[15933,0],[16060,0],[15804,0],]]
[15933,5,13,[[15934,0],[15932,0],[16061,0],[16060,0],[15805,0],]]
[15934,19,13,[[15933,0],[15935,0],[16062,0],[15806,0],]]
[15935,19,13,[[15936,0],[15934,0],[16063,0],[16062,0],[15807,0],]]
[15936,16,14,[[15935,0],[15937,0],[16064,0],[15808,0],]]
[15937,12,14,[[15938,0],[15936,0],[16065,0],[16064,0],[15809,0],]]
[15938,2,14,[[15937,0],[15939,0],[16066,0],[15810,0],]]
[15939,9,14,[[15940,0],[15938,0],[16067,0],[16066,0],[15811,0],]]
[15940,10,14,[[15939,0],[15941,0],[16068,0],[15812,0],]]
[15941,1,14,[[15942,0],[15940,0],[16069,0],[16068,0],[15813,0],]]
[15942,2,14,[[15941,0],[15943,0],[16070,0],[15814,0],]]
[15943,1,14,[[15944,0],[15942,0],[16071,0],[16070,0],[15815,0],]]
[15944,15,14,[[15943,0],[15945,0],[16072,0],[15816,0],]]
[15945,18,14,[[15946,0],[15944,0],[16073,0],[16072,0],[15817,0],]]
[15946,17,14,[[15945,0],[15947,0],[16074,0],[15818,0],]]
[15947,17,14,[[15948,0],[15946,0],[16075,0],[16074,0],[15819,0],]]
[15948,18,14,[[15947,0],[15949,0],[16076,0],[15820,0],]]
[15949,9,14,[[15950,0],[15948,0],[16077,0],[16076,0],[15821,0],]]
[15950,17,14,[[15949,0],[15951,0],[16078,0],[15822,0],]]
[15951,14,14,[[15952,0],[15950,0],[16079,0],[16078,0],[15823,0],]]
[15952,13,14,[[15951,0],[15953,0],[16080,0],[15824,0],]]
[15953,12,14,[[15954,0],[15952,0],[16081,0],[16080,0],[15825,0],]]
[15954,7,14,[[15953,0],[15955,0],[16082,0],[15826,0],]]
[15955,5,14,[[15956,0],[15954,0],[16083,0],[16082,0],[15827,0],]]
[15956,19,14,[[15955,0],[15957,0],[16084,0],[15828,0],]]
[15957,2,14,[[15958,0],[15956,0],[16085,0],[16084,0],[15829,0],]]
[15958,10,14,[[15957,0],[15959,0],[16086,0],[15830,0],]]
[15959,14,14,[[15960,0],[15958,0],[16087,0],[16086,0],[15831,0],]]
[15960,16,14,[[15959,0],[15961,0],[16088,0],[15832,0],]]
[15961,1,14,[[15962,0],[15960,0],[16089,0],[16088,0],[15833,0],]]
[15962,13,14,[[15961,0],[15963,0],[16090,0],[15834,0],]]
[15963,17,14,[[15964,0],[15962,0],[16091,0],[16090,0],[15835,0],]]
[15964,14,14,[[15963,0],[15965,0],[16092,0],[15836,0],]]
[15965,8,14,[[15966,0],[15964,0],[16093,0],[16092,0],[15837,0],]]
[15966,8,14,[[15965,0],[15967,0],[16094,0],[15838,0],]]
[15967,8,14,[[15968,0],[15966,0],[16095,0],[16094,0],[15839,0],]]
[15968,6,15,[[15967,0],[15969,0],[16096,0],[15840,0],]]
[15969,19,15,[[15970,0],[15968,0],[16097,0],[16096,0],[15841,0],]]
[15970,14,15,[[15969,0],[15971,0],[16098,0],[15842,0],]]
[15971,4,15,[[15972,0],[15970,0],[16099,0],[16098,0],[15843,0],]]
[15972,5,15,[[15971,0],[15973,0],[16100,0],[15844,0],]]
[15973,8,15,[[15974,0],[15972,0],[16101,0],[16100,0],[15845,0],]]
[15974,1,15,[[15973,0],[15975,0],[16102,0],[15846,0],]]
[15975,18,15,[[15976,0],[15974,0],[16103,0],[16102,0],[15847,0],]]
[15976,7,15,[[15975,0],[15977,0],[16104,0],[15848,0],]]
[15977,9,15,[[15978,0],[15976,0],[16105,0],[16104,0],[15849,0],]]
[15978,1,15,[[15977,0],[15979,0],[16106,0],[15850,0],]]
[15979,7,15,[[15980,0],[15978,0],[16107,0],[16106,0],[15851,0],]]
[15980,6,15,[[15979,0],[15981,0],[16108,0],[15852,0],]]
[15981,12,15,[[15982,0],[15980,0],[16109,0],[16108,0],[15853,0],]]
[15982,4,15,[[15981,0],[15983,0],[16110,0],[15854,0],]]
[15983,18,15,[[15984,0],[15982,0],[16111,0],[16110,0],[15855,0],]]
[15984,3,15,[[15983,0],[15985,0],[16112,0],[15856,0],]]
[15985,1,15,[[15986,0],[15984,0],[16113,0],[16112,0],[15857,0],]]
[15986,8,15,[[15985,0],[15987,0],[16114,0],[15858,0],]]
[15987,7,15,[[15988,0],[15986,0],[16115,0],[16114,0],[15859,0],]]
[15988,1,15,[[15987,0],[15989,0],[16116,0],[15860,0],]]
[15989,7,15,[[15990,0],[15988,0],[16117,0],[16116,0],[15861,0],]]
[15990,10,15,[[15989,0],[15991,0],[16118,0],[15862,0],]]
[15991,11,15,[[15992,0],[15990,0],[16119,0],[16118,0],[15863,0],]]
[15992,16,15,[[15991,0],[15993,0],[16120,0],[15864,0],]]
[15993,7,15,[[15994,0],[15992,0],[16121,0],[16120,0],[15865,0],]]
[15994,1,15,[[15993,0],[15995,0],[16122,0],[15866,0],]]
[15995,13,15,[[15996,0],[15994,0],[16123,0],[16122,0],[15867,0],]]
[15996,11,15,[[15995,0],[15997,0],[16124,0],[15868,0],]]
[15997,10,15,[[15998,0],[15996,0],[16125,0],[16124,0],[15869,0],]]
[15998,17,15,[[15997,0],[15999,0],[16126,0],[15870,0],]]
[15999,16,15,[[15998,0],[16127,0],[16126,0],[15871,0],]]
[16000,11,12,[[16001,0],[15872,0],[15873,0],[16128,0],]]
[16001,6,12,[[16002,0],[16000,0],[15873,0],[16129,0],]]
[16002,11,12,[[16001,0],[16003,0],[15874,0],[15875,0],[16130,0],]]
[16003,2,12,[[16004,0],[16002,0],[15875,0],[16131,0],]]
[16004,3,12,[[16003,0],[16005,0],[15876,0],[15877,0],[16132,0],]]
[16005,17,12,[[16006,0],[16004,0],[15877,0],[16133,0],]]
[16006,18,12,[[16005,0],[16007,0],[15878,0],[15879,0],[16134,0],]]
[16007,6,12,[[16008,0],[16006,0],[15879,0],[16135,0],]]
[16008,12,12,[[16007,0],[16009,0],[15880,0],[15881,0],[16136,0],]]
[16009,15,12,[[16010,0],[16008,0],[15881,0],[16137,0],]]
[16010,11,12,[[16009,0],[16011,0],[15882,0],[15883,0],[16138,0],]]
[16011,16,12,[[16012,0],[16010,0],[15883,0],[16139,0],]]
[16012,19,12,[[16011,0],[16013,0],[15884,0],[15885,0],[16140,0],]]
[16013,3,12,[[16014,0],[16012,0],[15885,0],[16141,0],]]
[16014,4,12,[[16013,0],[16015,0],[15886,0],[15887,0],[16142,0],]]
[16015,16,12,[[16016,0],[16014,0],[15887,0],[16143,0],]]
[16016,15,12,[[16015,0],[16017,0],[15888,0],[15889,0],[16144,0],]]
[16017,14,12,[[16018,0],[16016,0],[15889,0],[16145,0],]]
[16018,4,12,[[16017,0],[16019,0],[15890,0],[15891,0],[16146,0],]]
[16019,16,12,[[16020,0],[16018,0],[15891,0],[16147,0],]]
[16020,10,12,[[16019,0],[16021,0],[15892,0],[15893,0],[16148,0],]]
[16021,7,12,[[16022,0],[16020,0],[15893,0],[16149,0],]]
[16022,17,12,[[16021,0],[16023,0],[15894,0],[15895,0],[16150,0],]]
[16023,1,12,[[16024,0],[16022,0],[15895,0],[16151,0],]]
[16024,15,12,[[16023,0],[16025,0],[15896,0],[15897,0],[16152,0],]]
[16025,1,12,[[16026,0],[16024,0],[15897,0],[16153,0],]]
[16026,2,12,[[16025,0],[16027,0],[15898,0],[15899,0],[16154,0],]]
[16027,9,12,[[16028,0],[16026,0],[15899,0],[16155,0],]]
[16028,12,12,[[16027,0],[16029,0],[15900,0],[15901,0],[16156,0],]]
[16029,7,12,[[16030,0],[16028,0],[15901,0],[16157,0],]]
[16030,19,12,[[16029,0],[16031,0],[15902,0],[15903,0],[16158,0],]]
[16031,4,12,[[16032,0],[16030,0],[15903,0],[16159,0],]]
[16032,19,13,[[16031,0],[16033,0],[15904,0],[15905,0],[16160,0],]]
[16033,14,13,[[16034,0],[16032,0],[15905,0],[16161,0],]]
[16034,18,13,[[16033,0],[16035,0],[15906,0],[15907,0],[16162,0],]]
[16035,13,13,[[16036,0],[16034,0],[15907,0],[16163,0],]]
[16036,8,13,[[16035,0],[16037,0],[15908,0],[15909,0],[16164,0],]]
[16037,14,13,[[16038,0],[16036,0],[15909,0],[16165,0],]]
[16038,1,13,[[16037,0],[16039,0],[15910,0],[15911,0],[16166,0],]]
[16039,10,13,[[16040,0],[16038,0],[15911,0],[16167,0],]]
[16040,16,13,[[16039,0],[16041,0],[15912,0],[15913,0],[16168,0],]]
[16041,8,13,[[16042,0],[16040,0],[15913,0],[16169,0],]]
[16042,18,13,[[16041,0],[16043,0],[15914,0],[15915,0],[16170,0],]]
[16043,3,13,[[16044,0],[16042,0],[15915,0],[16171,0],]]
[16044,6,13,[[16043,0],[16045,0],[15916,0],[15917,0],[16172,0],]]
[16045,17,13,[[16046,0],[16044,0],[15917,0],[16173,0],]]
[16046,10,13,[[16045,0],[16047,0],[15918,0],[15919,0],[16174,0],]]
[16047,4,13,[[16048,0],[16046,0],[15919,0],[16175,0],]]
[16048,8,13,[[16047,0],[16049,0],[15920,0],[15921,0],[16176,0],]]
[16049,7,13,[[16050,0],[16048,0],[15921,0],[16177,0],]]
[16050,6,13,[[16049,0],[16051,0],[15922,0],[15923,0],[16178,0],]]
[16051,8,13,[[16052,0],[16050,0],[15923,0],[16179,0],]]
[16052,9,13,[[16051,0],[16053,0],[15924,0],[15925,0],[16180,0],]]
[16053,18,13,[[16054,0],[16052,0],[15925,0],[16181,0],]]
[16054,7,13,[[16053,0],[16055,0],[15926,0],[15927,0],[16182,0],]]
[16055,15,13,[[16056,0],[16054,0],[15927,0],[16183,0],]]
