[16056,9,13,[[16055,0],[16057,0],[15928,0],[15929,0],[16184,0],]]
[16057,13,13,[[16058,0],[16056,0],[15929,0],[16185,0],]]
[16058,4,13,[[16057,0],[16059,0],[15930,0],[15931,0],[16186,0],]]
[16059,15,13,[[16060,0],[16058,0],[15931,0],[16187,0],]]
[16060,16,13,[[16059,0],[16061,0],[15932,0],[15933,0],[16188,0],]]
[16061,12,13,[[16062,0],[16060,0],[15933,0],[16189,0],]]
[16062,17,13,[[16061,0],[16063,0],[15934,0],[15935,0],[16190,0],]]
[16063,11,13,[[16064,0],[16062,0],[15935,0],[16191,0],]]
[16064,14,14,[[16063,0],[16065,0],[15936,0],[15937,0],[16192,0],]]
[16065,10,14,[[16066,0],[16064,0],[15937,0],[16193,0],]]
[16066,5,14,[[16065,0],[16067,0],[15938,0],[15939,0],[16194,0],]]
[16067,1,14,[[16068,0],[16066,0],[15939,0],[16195,0],]]
[16068,15,14,[[16067,0],[16069,0],[15940,0],[15941,0],[16196,0],]]
[16069,8,14,[[16070,0],[16068,0],[15941,0],[16197,0],]]
[16070,2,14,[[16069,0],[16071,0],[15942,0],[15943,0],[16198,0],]]
[16071,15,14,[[16072,0],[16070,0],[15943,0],[16199,0],]]
[16072,6,14,[[16071,0],[16073,0],[15944,0],[15945,0],[16200,0],]]
[16073,6,14,[[16074,0],[16072,0],[15945,0],[16201,0],]]
[16074,10,14,[[16073,0],[16075,0],[15946,0],[15947,0],[16202,0],]]
[16075,19,14,[[16076,0],[16074,0],[15947,0],[16203,0],]]
[16076,6,14,[[16075,0],[16077,0],[15948,0],[15949,0],[16204,0],]]
[16077,13,14,[[16078,0],[16076,0],[15949,0],[16205,0],]]
[16078,11,14,[[16077,0],[16079,0],[15950,0],[15951,0],[16206,0],]]
[16079,13,14,[[16080,0],[16078,0],[15951,0],[16207,0],]]
[16080,11,14,[[16079,0],[16081,0],[15952,0],[15953,0],[16208,0],]]
[16081,12,14,[[16082,0],[16080,0],[15953,0],[16209,0],]]
[16082,19,14,[[16081,0],[16083,0],[15954,0],[15955,0],[16210,0],]]
[16083,4,14,[[16084,0],[16082,0],[15955,0],[16211,0],]]
[16084,17,14,[[16083,0],[16085,0],[15956,0],[15957,0],[16212,0],]]
[16085,11,14,[[16086,0],[16084,0],[15957,0],[16213,0],]]
[16086,11,14,[[16085,0],[16087,0],[15958,0],[15959,0],[16214,0],]]
[16087,13,14,[[16088,0],[16086,0],[15959,0],[16215,0],]]
[16088,2,14,[[16087,0],[16089,0],[15960,0],[15961,0],[16216,0],]]
[16089,18,14,[[16090,0],[16088,0],[15961,0],[16217,0],]]
[16090,15,14,[[16089,0],[16091,0],[15962,0],[15963,0],[16218,0],]]
[16091,16,14,[[16092,0],[16090,0],[15963,0],[16219,0],]]
[16092,6,14,[[16091,0],[16093,0],[15964,0],[15965,0],[16220,0],]]
[16093,11,14,[[16094,0],[16092,0],[15965,0],[16221,0],]]
[16094,16,14,[[16093,0],[16095,0],[15966,0],[15967,0],[16222,0],]]
[16095,8,14,[[16096,0],[16094,0],[15967,0],[16223,0],]]
[16096,18,15,[[16095,0],[16097,0],[15968,0],[15969,0],[16224,0],]]
[16097,2,15,[[16098,0],[16096,0],[15969,0],[16225,0],]]
[16098,5,15,[[16097,0],[16099,0],[15970,0],[15971,0],[16226,0],]]
[16099,18,15,[[16100,0],[16098,0],[15971,0],[16227,0],]]
[16100,5,15,[[16099,0],[16101,0],[15972,0],[15973,0],[16228,0],]]
[16101,4,15,[[16102,0],[16100,0],[15973,0],[16229,0],]]
[16102,11,15,[[16101,0],[16103,0],[15974,0],[15975,0],[16230,0],]]
[16103,14,15,[[16104,0],[16102,0],[15975,0],[16231,0],]]
[16104,1,15,[[16103,0],[16105,0],[15976,0],[15977,0],[16232,0],]]
[16105,19,15,[[16106,0],[16104,0],[15977,0],[16233,0],]]
[16106,16,15,[[16105,0],[16107,0],[15978,0],[15979,0],[16234,0],]]
[16107,3,15,[[16108,0],[16106,0],[15979,0],[16235,0],]]
[16108,16,15,[[16107,0],[16109,0],[15980,0],[15981,0],[16236,0],]]
[16109,13,15,[[16110,0],[16108,0],[15981,0],[16237,0],]]
[16110,9,15,[[16109,0],[16111,0],[15982,0],[15983,0],[16238,0],]]
[16111,19,15,[[16112,0],[16110,0],[15983,0],[16239,0],]]
[16112,7,15,[[16111,0],[16113,0],[15984,0],[15985,0],[16240,0],]]
[16113,9,15,[[16114,0],[16112,0],[15985,0],[16241,0],]]
[16114,15,15,[[16113,0],[16115,0],[15986,0],[15987,0],[16242,0],]]
[16115,4,15,[[16116,0],[16114,0],[15987,0],[16243,0],]]
[16116,6,15,[[16115,0],[16117,0],[15988,0],[15989,0],[16244,0],]]
[16117,3,15,[[16118,0],[16116,0],[15989,0],[16245,0],]]
[16118,12,15,[[16117,0],[16119,0],[15990,0],[15991,0],[16246,0],]]
[16119,7,15,[[16120,0],[16118,0],[15991,0],[16247,0],]]
[16120,4,15,[[16119,0],[16121,0],[15992,0],[15993,0],[16248,0],]]
[16121,3,15,[[16122,0],[16120,0],[15993,0],[16249,0],]]
[16122,13,15,[[16121,0],[16123,0],[15994,0],[15995,0],[16250,0],]]
[16123,4,15,[[16124,0],[16122,0],[15995,0],[16251,0],]]
[16124,18,15,[[16123,0],[16125,0],[15996,0],[15997,0],[16252,0],]]
[16125,4,15,[[16126,0],[16124,0],[15997,0],[16253,0],]]
[16126,5,15,[[16125,0],[16127,0],[15998,0],[15999,0],[16254,0],]]
[16127,11,15,[[16126,0],[15999,0],[16255,0],]]
[16128,8,12,[[16129,0],[16256,0],[16000,0],]]
[16129,13,12,[[16130,0],[16128,0],[16257,0],[16256,0],[16001,0],]]
[16130,5,12,[[16129,0],[16131,0],[16258,0],[16002,0],]]
[16131,14,12,[[16132,0],[16130,0],[16259,0],[16258,0],[16003,0],]]
[16132,14,12,[[16131,0],[16133,0],[16260,0],[16004,0],]]
[16133,13,12,[[16134,0],[16132,0],[16261,0],[16260,0],[16005,0],]]
[16134,10,12,[[16133,0],[16135,0],[16262,0],[16006,0],]]
[16135,12,12,[[16136,0],[16134,0],[16263,0],[16262,0],[16007,0],]]
[16136,18,12,[[16135,0],[16137,0],[16264,0],[16008,0],]]
[16137,10,12,[[16138,0],[16136,0],[16265,0],[16264,0],[16009,0],]]
[16138,8,12,[[16137,0],[16139,0],[16266,0],[16010,0],]]
[16139,19,12,[[16140,0],[16138,0],[16267,0],[16266,0],[16011,0],]]
[16140,2,12,[[16139,0],[16141,0],[16268,0],[16012,0],]]
[16141,6,12,[[16142,0],[16140,0],[16269,0],[16268,0],[16013,0],]]
[16142,5,12,[[16141,0],[16143,0],[16270,0],[16014,0],]]
[16143,19,12,[[16144,0],[16142,0],[16271,0],[16270,0],[16015,0],]]
[16144,9,12,[[16143,0],[16145,0],[16272,0],[16016,0],]]
[16145,6,12,[[16146,0],[16144,0],[16273,0],[16272,0],[16017,0],]]
[16146,11,12,[[16145,0],[16147,0],[16274,0],[16018,0],]]
[16147,18,12,[[16148,0],[16146,0],[16275,0],[16274,0],[16019,0],]]
[16148,6,12,[[16147,0],[16149,0],[16276,0],[16020,0],]]
[16149,17,12,[[16150,0],[16148,0],[16277,0],[16276,0],[16021,0],]]
[16150,7,12,[[16149,0],[16151,0],[16278,0],[16022,0],]]
[16151,14,12,[[16152,0],[16150,0],[16279,0],[16278,0],[16023,0],]]
[16152,12,12,[[16151,0],[16153,0],[16280,0],[16024,0],]]
[16153,7,12,[[16154,0],[16152,0],[16281,0],[16280,0],[16025,0],]]
[16154,14,12,[[16153,0],[16155,0],[16282,0],[16026,0],]]
[16155,1,12,[[16156,0],[16154,0],[16283,0],[16282,0],[16027,0],]]
[16156,18,12,[[16155,0],[16157,0],[16284,0],[16028,0],]]
[16157,19,12,[[16158,0],[16156,0],[16285,0],[16284,0],[16029,0],]]
[16158,14,12,[[16157,0],[16159,0],[16286,0],[16030,0],]]
[16159,18,12,[[16160,0],[16158,0],[16287,0],[16286,0],[16031,0],]]
[16160,12,13,[[16159,0],[16161,0],[16288,0],[16032,0],]]
[16161,2,13,[[16162,0],[16160,0],[16289,0],[16288,0],[16033,0],]]
[16162,6,13,[[16161,0],[16163,0],[16290,0],[16034,0],]]
[16163,4,13,[[16164,0],[16162,0],[16291,0],[16290,0],[16035,0],]]
[16164,18,13,[[16163,0],[16165,0],[16292,0],[16036,0],]]
[16165,12,13,[[16166,0],[16164,0],[16293,0],[16292,0],[16037,0],]]
[16166,1,13,[[16165,0],[16167,0],[16294,0],[16038,0],]]
[16167,19,13,[[16168,0],[16166,0],[16295,0],[16294,0],[16039,0],]]
[16168,19,13,[[16167,0],[16169,0],[16296,0],[16040,0],]]
[16169,1,13,[[16170,0],[16168,0],[16297,0],[16296,0],[16041,0],]]
[16170,19,13,[[16169,0],[16171,0],[16298,0],[16042,0],]]
[16171,8,13,[[16172,0],[16170,0],[16299,0],[16298,0],[16043,0],]]
[16172,10,13,[[16171,0],[16173,0],[16300,0],[16044,0],]]
[16173,11,13,[[16174,0],[16172,0],[16301,0],[16300,0],[16045,0],]]
[16174,7,13,[[16173,0],[16175,0],[16302,0],[16046,0],]]
[16175,10,13,[[16176,0],[16174,0],[16303,0],[16302,0],[16047,0],]]
[16176,16,13,[[16175,0],[16177,0],[16304,0],[16048,0],]]
[16177,9,13,[[16178,0],[16176,0],[16305,0],[16304,0],[16049,0],]]
[16178,7,13,[[16177,0],[16179,0],[16306,0],[16050,0],]]
[16179,17,13,[[16180,0],[16178,0],[16307,0],[16306,0],[16051,0],]]
[16180,9,13,[[16179,0],[16181,0],[16308,0],[16052,0],]]
[16181,16,13,[[16182,0],[16180,0],[16309,0],[16308,0],[16053,0],]]
[16182,17,13,[[16181,0],[16183,0],[16310,0],[16054,0],]]
[16183,2,13,[[16184,0],[16182,0],[16311,0],[16310,0],[16055,0],]]
[16184,15,13,[[16183,0],[16185,0],[16312,0],[16056,0],]]
[16185,15,13,[[16186,0],[16184,0],[16313,0],[16312,0],[16057,0],]]
[16186,7,13,[[16185,0],[16187,0],[16314,0],[16058,0],]]
[16187,2,13,[[16188,0],[16186,0],[16315,0],[16314,0],[16059,0],]]
[16188,9,13,[[16187,0],[16189,0],[16316,0],[16060,0],]]
[16189,14,13,[[16190,0],[16188,0],[16317,0],[16316,0],[16061,0],]]
[16190,2,13,[[16189,0],[16191,0],[16318,0],[16062,0],]]
[16191,5,13,[[16192,0],[16190,0],[16319,0],[16318,0],[16063,0],]]
[16192,10,14,[[16191,0],[16193,0],[16320,0],[16064,0],]]
[16193,7,14,[[16194,0],[16192,0],[16321,0],[16320,0],[16065,0],]]
[16194,17,14,[[16193,0],[16195,0],[16322,0],[16066,0],]]
[16195,12,14,[[16196,0],[16194,0],[16323,0],[16322,0],[16067,0],]]
[16196,11,14,[[16195,0],[16197,0],[16324,0],[16068,0],]]
[16197,1,14,[[16198,0],[16196,0],[16325,0],[16324,0],[16069,0],]]
[16198,4,14,[[16197,0],[16199,0],[16326,0],[16070,0],]]
[16199,11,14,[[16200,0],[16198,0],[16327,0],[16326,0],[16071,0],]]
[16200,14,14,[[16199,0],[16201,0],[16328,0],[16072,0],]]
[16201,8,14,[[16202,0],[16200,0],[16329,0],[16328,0],[16073,0],]]
[16202,16,14,[[16201,0],[16203,0],[16330,0],[16074,0],]]
[16203,1,14,[[16204,0],[16202,0],[16331,0],[16330,0],[16075,0],]]
[16204,10,14,[[16203,0],[16205,0],[16332,0],[16076,0],]]
[16205,17,14,[[16206,0],[16204,0],[16333,0],[16332,0],[16077,0],]]
[16206,3,14,[[16205,0],[16207,0],[16334,0],[16078,0],]]
[16207,16,14,[[16208,0],[16206,0],[16335,0],[16334,0],[16079,0],]]
[16208,19,14,[[16207,0],[16209,0],[16336,0],[16080,0],]]
[16209,11,14,[[16210,0],[16208,0],[16337,0],[16336,0],[16081,0],]]
[16210,17,14,[[16209,0],[16211,0],[16338,0],[16082,0],]]
[16211,3,14,[[16212,0],[16210,0],[16339,0],[16338,0],[16083,0],]]
[16212,5,14,[[16211,0],[16213,0],[16340,0],[16084,0],]]
[16213,19,14,[[16214,0],[16212,0],[16341,0],[16340,0],[16085,0],]]
[16214,6,14,[[16213,0],[16215,0],[16342,0],[16086,0],]]
[16215,15,14,[[16216,0],[16214,0],[16343,0],[16342,0],[16087,0],]]
[16216,4,14,[[16215,0],[16217,0],[16344,0],[16088,0],]]
[16217,9,14,[[16218,0],[16216,0],[16345,0],[16344,0],[16089,0],]]
[16218,2,14,[[16217,0],[16219,0],[16346,0],[16090,0],]]
[16219,15,14,[[16220,0],[16218,0],[16347,0],[16346,0],[16091,0],]]
