[15073,13,15,[[15074,0],[15072,0],[14945,0],[15201,0],]]
[15074,3,15,[[15073,0],[15075,0],[14946,0],[14947,0],[15202,0],]]
[15075,6,15,[[15076,0],[15074,0],[14947,0],[15203,0],]]
[15076,1,15,[[15075,0],[15077,0],[14948,0],[14949,0],[15204,0],]]
[15077,6,15,[[15078,0],[15076,0],[14949,0],[15205,0],]]
[15078,4,15,[[15077,0],[15079,0],[14950,0],[14951,0],[15206,0],]]
[15079,19,15,[[15080,0],[15078,0],[14951,0],[15207,0],]]
[15080,9,15,[[15079,0],[15081,0],[14952,0],[14953,0],[15208,0],]]
[15081,7,15,[[15082,0],[15080,0],[14953,0],[15209,0],]]
[15082,1,15,[[15081,0],[15083,0],[14954,0],[14955,0],[15210,0],]]
[15083,16,15,[[15084,0],[15082,0],[14955,0],[15211,0],]]
[15084,7,15,[[15083,0],[15085,0],[14956,0],[14957,0],[15212,0],]]
[15085,8,15,[[15086,0],[15084,0],[14957,0],[15213,0],]]
[15086,3,15,[[15085,0],[15087,0],[14958,0],[14959,0],[15214,0],]]
[15087,9,15,[[15088,0],[15086,0],[14959,0],[15215,0],]]
[15088,8,15,[[15087,0],[15089,0],[14960,0],[14961,0],[15216,0],]]
[15089,2,15,[[15090,0],[15088,0],[14961,0],[15217,0],]]
[15090,14,15,[[15089,0],[15091,0],[14962,0],[14963,0],[15218,0],]]
[15091,9,15,[[15092,0],[15090,0],[14963,0],[15219,0],]]
[15092,1,15,[[15091,0],[15093,0],[14964,0],[14965,0],[15220,0],]]
[15093,7,15,[[15094,0],[15092,0],[14965,0],[15221,0],]]
[15094,9,15,[[15093,0],[15095,0],[14966,0],[14967,0],[15222,0],]]
[15095,11,15,[[15096,0],[15094,0],[14967,0],[15223,0],]]
[15096,5,15,[[15095,0],[15097,0],[14968,0],[14969,0],[15224,0],]]
[15097,3,15,[[15098,0],[15096,0],[14969,0],[15225,0],]]
[15098,11,15,[[15097,0],[15099,0],[14970,0],[14971,0],[15226,0],]]
[15099,18,15,[[15100,0],[15098,0],[14971,0],[15227,0],]]
[15100,4,15,[[15099,0],[15101,0],[14972,0],[14973,0],[15228,0],]]
[15101,6,15,[[15102,0],[15100,0],[14973,0],[15229,0],]]
[15102,19,15,[[15101,0],[15103,0],[14974,0],[14975,0],[15230,0],]]
[15103,10,15,[[15102,0],[14975,0],[15231,0],]]
[15104,9,12,[[15105,0],[15232,0],[14976,0],]]
[15105,18,12,[[15106,0],[15104,0],[15233,0],[15232,0],[14977,0],]]
[15106,13,12,[[15105,0],[15107,0],[15234,0],[14978,0],]]
[15107,6,12,[[15108,0],[15106,0],[15235,0],[15234,0],[14979,0],]]
[15108,10,12,[[15107,0],[15109,0],[15236,0],[14980,0],]]
[15109,16,12,[[15110,0],[15108,0],[15237,0],[15236,0],[14981,0],]]
[15110,7,12,[[15109,0],[15111,0],[15238,0],[14982,0],]]
[15111,1,12,[[15112,0],[15110,0],[15239,0],[15238,0],[14983,0],]]
[15112,16,12,[[15111,0],[15113,0],[15240,0],[14984,0],]]
[15113,2,12,[[15114,0],[15112,0],[15241,0],[15240,0],[14985,0],]]
[15114,2,12,[[15113,0],[15115,0],[15242,0],[14986,0],]]
[15115,18,12,[[15116,0],[15114,0],[15243,0],[15242,0],[14987,0],]]
[15116,18,12,[[15115,0],[15117,0],[15244,0],[14988,0],]]
[15117,18,12,[[15118,0],[15116,0],[15245,0],[15244,0],[14989,0],]]
[15118,17,12,[[15117,0],[15119,0],[15246,0],[14990,0],]]
[15119,14,12,[[15120,0],[15118,0],[15247,0],[15246,0],[14991,0],]]
[15120,1,12,[[15119,0],[15121,0],[15248,0],[14992,0],]]
[15121,16,12,[[15122,0],[15120,0],[15249,0],[15248,0],[14993,0],]]
[15122,18,12,[[15121,0],[15123,0],[15250,0],[14994,0],]]
[15123,16,12,[[15124,0],[15122,0],[15251,0],[15250,0],[14995,0],]]
[15124,18,12,[[15123,0],[15125,0],[15252,0],[14996,0],]]
[15125,7,12,[[15126,0],[15124,0],[15253,0],[15252,0],[14997,0],]]
[15126,11,12,[[15125,0],[15127,0],[15254,0],[14998,0],]]
[15127,8,12,[[15128,0],[15126,0],[15255,0],[15254,0],[14999,0],]]
[15128,12,12,[[15127,0],[15129,0],[15256,0],[15000,0],]]
[15129,9,12,[[15130,0],[15128,0],[15257,0],[15256,0],[15001,0],]]
[15130,8,12,[[15129,0],[15131,0],[15258,0],[15002,0],]]
[15131,17,12,[[15132,0],[15130,0],[15259,0],[15258,0],[15003,0],]]
[15132,3,12,[[15131,0],[15133,0],[15260,0],[15004,0],]]
[15133,5,12,[[15134,0],[15132,0],[15261,0],[15260,0],[15005,0],]]
[15134,15,12,[[15133,0],[15135,0],[15262,0],[15006,0],]]
[15135,2,12,[[15136,0],[15134,0],[15263,0],[15262,0],[15007,0],]]
[15136,14,13,[[15135,0],[15137,0],[15264,0],[15008,0],]]
[15137,11,13,[[15138,0],[15136,0],[15265,0],[15264,0],[15009,0],]]
[15138,1,13,[[15137,0],[15139,0],[15266,0],[15010,0],]]
[15139,18,13,[[15140,0],[15138,0],[15267,0],[15266,0],[15011,0],]]
[15140,10,13,[[15139,0],[15141,0],[15268,0],[15012,0],]]
[15141,4,13,[[15142,0],[15140,0],[15269,0],[15268,0],[15013,0],]]
[15142,12,13,[[15141,0],[15143,0],[15270,0],[15014,0],]]
[15143,2,13,[[15144,0],[15142,0],[15271,0],[15270,0],[15015,0],]]
[15144,11,13,[[15143,0],[15145,0],[15272,0],[15016,0],]]
[15145,14,13,[[15146,0],[15144,0],[15273,0],[15272,0],[15017,0],]]
[15146,15,13,[[15145,0],[15147,0],[15274,0],[15018,0],]]
[15147,3,13,[[15148,0],[15146,0],[15275,0],[15274,0],[15019,0],]]
[15148,3,13,[[15147,0],[15149,0],[15276,0],[15020,0],]]
[15149,15,13,[[15150,0],[15148,0],[15277,0],[15276,0],[15021,0],]]
[15150,10,13,[[15149,0],[15151,0],[15278,0],[15022,0],]]
[15151,6,13,[[15152,0],[15150,0],[15279,0],[15278,0],[15023,0],]]
[15152,8,13,[[15151,0],[15153,0],[15280,0],[15024,0],]]
[15153,12,13,[[15154,0],[15152,0],[15281,0],[15280,0],[15025,0],]]
[15154,18,13,[[15153,0],[15155,0],[15282,0],[15026,0],]]
[15155,2,13,[[15156,0],[15154,0],[15283,0],[15282,0],[15027,0],]]
[15156,6,13,[[15155,0],[15157,0],[15284,0],[15028,0],]]
[15157,8,13,[[15158,0],[15156,0],[15285,0],[15284,0],[15029,0],]]
[15158,16,13,[[15157,0],[15159,0],[15286,0],[15030,0],]]
[15159,6,13,[[15160,0],[15158,0],[15287,0],[15286,0],[15031,0],]]
[15160,1,13,[[15159,0],[15161,0],[15288,0],[15032,0],]]
[15161,1,13,[[15162,0],[15160,0],[15289,0],[15288,0],[15033,0],]]
[15162,14,13,[[15161,0],[15163,0],[15290,0],[15034,0],]]
[15163,6,13,[[15164,0],[15162,0],[15291,0],[15290,0],[15035,0],]]
[15164,4,13,[[15163,0],[15165,0],[15292,0],[15036,0],]]
[15165,2,13,[[15166,0],[15164,0],[15293,0],[15292,0],[15037,0],]]
[15166,15,13,[[15165,0],[15167,0],[15294,0],[15038,0],]]
[15167,10,13,[[15168,0],[15166,0],[15295,0],[15294,0],[15039,0],]]
[15168,3,14,[[15167,0],[15169,0],[15296,0],[15040,0],]]
[15169,8,14,[[15170,0],[15168,0],[15297,0],[15296,0],[15041,0],]]
[15170,6,14,[[15169,0],[15171,0],[15298,0],[15042,0],]]
[15171,14,14,[[15172,0],[15170,0],[15299,0],[15298,0],[15043,0],]]
[15172,7,14,[[15171,0],[15173,0],[15300,0],[15044,0],]]
[15173,6,14,[[15174,0],[15172,0],[15301,0],[15300,0],[15045,0],]]
[15174,17,14,[[15173,0],[15175,0],[15302,0],[15046,0],]]
[15175,18,14,[[15176,0],[15174,0],[15303,0],[15302,0],[15047,0],]]
[15176,10,14,[[15175,0],[15177,0],[15304,0],[15048,0],]]
[15177,13,14,[[15178,0],[15176,0],[15305,0],[15304,0],[15049,0],]]
[15178,2,14,[[15177,0],[15179,0],[15306,0],[15050,0],]]
[15179,11,14,[[15180,0],[15178,0],[15307,0],[15306,0],[15051,0],]]
[15180,3,14,[[15179,0],[15181,0],[15308,0],[15052,0],]]
[15181,13,14,[[15182,0],[15180,0],[15309,0],[15308,0],[15053,0],]]
[15182,7,14,[[15181,0],[15183,0],[15310,0],[15054,0],]]
[15183,3,14,[[15184,0],[15182,0],[15311,0],[15310,0],[15055,0],]]
[15184,12,14,[[15183,0],[15185,0],[15312,0],[15056,0],]]
[15185,19,14,[[15186,0],[15184,0],[15313,0],[15312,0],[15057,0],]]
[15186,8,14,[[15185,0],[15187,0],[15314,0],[15058,0],]]
[15187,17,14,[[15188,0],[15186,0],[15315,0],[15314,0],[15059,0],]]
[15188,19,14,[[15187,0],[15189,0],[15316,0],[15060,0],]]
[15189,2,14,[[15190,0],[15188,0],[15317,0],[15316,0],[15061,0],]]
[15190,9,14,[[15189,0],[15191,0],[15318,0],[15062,0],]]
[15191,3,14,[[15192,0],[15190,0],[15319,0],[15318,0],[15063,0],]]
[15192,8,14,[[15191,0],[15193,0],[15320,0],[15064,0],]]
[15193,4,14,[[15194,0],[15192,0],[15321,0],[15320,0],[15065,0],]]
[15194,9,14,[[15193,0],[15195,0],[15322,0],[15066,0],]]
[15195,8,14,[[15196,0],[15194,0],[15323,0],[15322,0],[15067,0],]]
[15196,9,14,[[15195,0],[15197,0],[15324,0],[15068,0],]]
[15197,10,14,[[15198,0],[15196,0],[15325,0],[15324,0],[15069,0],]]
[15198,10,14,[[15197,0],[15199,0],[15326,0],[15070,0],]]
[15199,15,14,[[15200,0],[15198,0],[15327,0],[15326,0],[15071,0],]]
[15200,8,15,[[15199,0],[15201,0],[15328,0],[15072,0],]]
[15201,4,15,[[15202,0],[15200,0],[15329,0],[15328,0],[15073,0],]]
[15202,6,15,[[15201,0],[15203,0],[15330,0],[15074,0],]]
[15203,16,15,[[15204,0],[15202,0],[15331,0],[15330,0],[15075,0],]]
[15204,10,15,[[15203,0],[15205,0],[15332,0],[15076,0],]]
[15205,5,15,[[15206,0],[15204,0],[15333,0],[15332,0],[15077,0],]]
[15206,13,15,[[15205,0],[15207,0],[15334,0],[15078,0],]]
[15207,13,15,[[15208,0],[15206,0],[15335,0],[15334,0],[15079,0],]]
[15208,9,15,[[15207,0],[15209,0],[15336,0],[15080,0],]]
[15209,5,15,[[15210,0],[15208,0],[15337,0],[15336,0],[15081,0],]]
[15210,12,15,[[15209,0],[15211,0],[15338,0],[15082,0],]]
[15211,12,15,[[15212,0],[15210,0],[15339,0],[15338,0],[15083,0],]]
[15212,14,15,[[15211,0],[15213,0],[15340,0],[15084,0],]]
[15213,7,15,[[15214,0],[15212,0],[15341,0],[15340,0],[15085,0],]]
[15214,19,15,[[15213,0],[15215,0],[15342,0],[15086,0],]]
[15215,11,15,[[15216,0],[15214,0],[15343,0],[15342,0],[15087,0],]]
[15216,1,15,[[15215,0],[15217,0],[15344,0],[15088,0],]]
[15217,15,15,[[15218,0],[15216,0],[15345,0],[15344,0],[15089,0],]]
[15218,16,15,[[15217,0],[15219,0],[15346,0],[15090,0],]]
[15219,13,15,[[15220,0],[15218,0],[15347,0],[15346,0],[15091,0],]]
[15220,8,15,[[15219,0],[15221,0],[15348,0],[15092,0],]]
[15221,18,15,[[15222,0],[15220,0],[15349,0],[15348,0],[15093,0],]]
[15222,14,15,[[15221,0],[15223,0],[15350,0],[15094,0],]]
[15223,3,15,[[15224,0],[15222,0],[15351,0],[15350,0],[15095,0],]]
[15224,12,15,[[15223,0],[15225,0],[15352,0],[15096,0],]]
[15225,1,15,[[15226,0],[15224,0],[15353,0],[15352,0],[15097,0],]]
[15226,3,15,[[15225,0],[15227,0],[15354,0],[15098,0],]]
[15227,2,15,[[15228,0],[15226,0],[15355,0],[15354,0],[15099,0],]]
[15228,10,15,[[15227,0],[15229,0],[15356,0],[15100,0],]]
[15229,14,15,[[15230,0],[15228,0],[15357,0],[15356,0],[15101,0],]]
[15230,16,15,[[15229,0],[15231,0],[15358,0],[15102,0],]]
[15231,7,15,[[15230,0],[15359,0],[15358,0],[15103,0],]]
[15232,17,12,[[15233,0],[15104,0],[15105,0],[15360,0],]]
[15233,9,12,[[15234,0],[15232,0],[15105,0],[15361,0],]]
[15234,19,12,[[15233,0],[15235,0],[15106,0],[15107,0],[15362,0],]]
[15235,16,12,[[15236,0],[15234,0],[15107,0],[15363,0],]]
[15236,7,12,[[15235,0],[15237,0],[15108,0],[15109,0],[15364,0],]]
