[16220,5,14,[[16219,0],[16221,0],[16348,0],[16092,0],]]
[16221,15,14,[[16222,0],[16220,0],[16349,0],[16348,0],[16093,0],]]
[16222,19,14,[[16221,0],[16223,0],[16350,0],[16094,0],]]
[16223,9,14,[[16224,0],[16222,0],[16351,0],[16350,0],[16095,0],]]
[16224,2,15,[[16223,0],[16225,0],[16352,0],[16096,0],]]
[16225,7,15,[[16226,0],[16224,0],[16353,0],[16352,0],[16097,0],]]
[16226,2,15,[[16225,0],[16227,0],[16354,0],[16098,0],]]
[16227,9,15,[[16228,0],[16226,0],[16355,0],[16354,0],[16099,0],]]
[16228,19,15,[[16227,0],[16229,0],[16356,0],[16100,0],]]
[16229,7,15,[[16230,0],[16228,0],[16357,0],[16356,0],[16101,0],]]
[16230,18,15,[[16229,0],[16231,0],[16358,0],[16102,0],]]
[16231,12,15,[[16232,0],[16230,0],[16359,0],[16358,0],[16103,0],]]
[16232,11,15,[[16231,0],[16233,0],[16360,0],[16104,0],]]
[16233,1,15,[[16234,0],[16232,0],[16361,0],[16360,0],[16105,0],]]
[16234,18,15,[[16233,0],[16235,0],[16362,0],[16106,0],]]
[16235,8,15,[[16236,0],[16234,0],[16363,0],[16362,0],[16107,0],]]
[16236,1,15,[[16235,0],[16237,0],[16364,0],[16108,0],]]
[16237,3,15,[[16238,0],[16236,0],[16365,0],[16364,0],[16109,0],]]
[16238,6,15,[[16237,0],[16239,0],[16366,0],[16110,0],]]
[16239,19,15,[[16240,0],[16238,0],[16367,0],[16366,0],[16111,0],]]
[16240,15,15,[[16239,0],[16241,0],[16368,0],[16112,0],]]
[16241,9,15,[[16242,0],[16240,0],[16369,0],[16368,0],[16113,0],]]
[16242,8,15,[[16241,0],[16243,0],[16370,0],[16114,0],]]
[16243,8,15,[[16244,0],[16242,0],[16371,0],[16370,0],[16115,0],]]
[16244,10,15,[[16243,0],[16245,0],[16372,0],[16116,0],]]
[16245,17,15,[[16246,0],[16244,0],[16373,0],[16372,0],[16117,0],]]
[16246,4,15,[[16245,0],[16247,0],[16374,0],[16118,0],]]
[16247,15,15,[[16248,0],[16246,0],[16375,0],[16374,0],[16119,0],]]
[16248,15,15,[[16247,0],[16249,0],[16376,0],[16120,0],]]
[16249,9,15,[[16250,0],[16248,0],[16377,0],[16376,0],[16121,0],]]
[16250,17,15,[[16249,0],[16251,0],[16378,0],[16122,0],]]
[16251,5,15,[[16252,0],[16250,0],[16379,0],[16378,0],[16123,0],]]
[16252,19,15,[[16251,0],[16253,0],[16380,0],[16124,0],]]
[16253,7,15,[[16254,0],[16252,0],[16381,0],[16380,0],[16125,0],]]
[16254,2,15,[[16253,0],[16255,0],[16382,0],[16126,0],]]
[16255,5,15,[[16254,0],[16383,0],[16382,0],[16127,0],]]
[16256,8,12,[[16257,0],[16128,0],[16129,0],]]
[16257,1,12,[[16258,0],[16256,0],[16129,0],]]
[16258,3,12,[[16257,0],[16259,0],[16130,0],[16131,0],]]
[16259,19,12,[[16260,0],[16258,0],[16131,0],]]
[16260,13,12,[[16259,0],[16261,0],[16132,0],[16133,0],]]
[16261,15,12,[[16262,0],[16260,0],[16133,0],]]
[16262,14,12,[[16261,0],[16263,0],[16134,0],[16135,0],]]
[16263,11,12,[[16264,0],[16262,0],[16135,0],]]
[16264,19,12,[[16263,0],[16265,0],[16136,0],[16137,0],]]
[16265,11,12,[[16266,0],[16264,0],[16137,0],]]
[16266,12,12,[[16265,0],[16267,0],[16138,0],[16139,0],]]
[16267,19,12,[[16268,0],[16266,0],[16139,0],]]
[16268,9,12,[[16267,0],[16269,0],[16140,0],[16141,0],]]
[16269,2,12,[[16270,0],[16268,0],[16141,0],]]
[16270,19,12,[[16269,0],[16271,0],[16142,0],[16143,0],]]
[16271,5,12,[[16272,0],[16270,0],[16143,0],]]
[16272,18,12,[[16271,0],[16273,0],[16144,0],[16145,0],]]
[16273,7,12,[[16274,0],[16272,0],[16145,0],]]
[16274,15,12,[[16273,0],[16275,0],[16146,0],[16147,0],]]
[16275,3,12,[[16276,0],[16274,0],[16147,0],]]
[16276,14,12,[[16275,0],[16277,0],[16148,0],[16149,0],]]
[16277,15,12,[[16278,0],[16276,0],[16149,0],]]
[16278,14,12,[[16277,0],[16279,0],[16150,0],[16151,0],]]
[16279,2,12,[[16280,0],[16278,0],[16151,0],]]
[16280,18,12,[[16279,0],[16281,0],[16152,0],[16153,0],]]
[16281,15,12,[[16282,0],[16280,0],[16153,0],]]
[16282,19,12,[[16281,0],[16283,0],[16154,0],[16155,0],]]
[16283,7,12,[[16284,0],[16282,0],[16155,0],]]
[16284,1,12,[[16283,0],[16285,0],[16156,0],[16157,0],]]
[16285,16,12,[[16286,0],[16284,0],[16157,0],]]
[16286,4,12,[[16285,0],[16287,0],[16158,0],[16159,0],]]
[16287,13,12,[[16288,0],[16286,0],[16159,0],]]
[16288,5,13,[[16287,0],[16289,0],[16160,0],[16161,0],]]
[16289,19,13,[[16290,0],[16288,0],[16161,0],]]
[16290,15,13,[[16289,0],[16291,0],[16162,0],[16163,0],]]
[16291,16,13,[[16292,0],[16290,0],[16163,0],]]
[16292,9,13,[[16291,0],[16293,0],[16164,0],[16165,0],]]
[16293,16,13,[[16294,0],[16292,0],[16165,0],]]
[16294,18,13,[[16293,0],[16295,0],[16166,0],[16167,0],]]
[16295,18,13,[[16296,0],[16294,0],[16167,0],]]
[16296,2,13,[[16295,0],[16297,0],[16168,0],[16169,0],]]
[16297,9,13,[[16298,0],[16296,0],[16169,0],]]
[16298,10,13,[[16297,0],[16299,0],[16170,0],[16171,0],]]
[16299,17,13,[[16300,0],[16298,0],[16171,0],]]
[16300,10,13,[[16299,0],[16301,0],[16172,0],[16173,0],]]
[16301,16,13,[[16302,0],[16300,0],[16173,0],]]
[16302,14,13,[[16301,0],[16303,0],[16174,0],[16175,0],]]
[16303,13,13,[[16304,0],[16302,0],[16175,0],]]
[16304,17,13,[[16303,0],[16305,0],[16176,0],[16177,0],]]
[16305,17,13,[[16306,0],[16304,0],[16177,0],]]
[16306,7,13,[[16305,0],[16307,0],[16178,0],[16179,0],]]
[16307,19,13,[[16308,0],[16306,0],[16179,0],]]
[16308,3,13,[[16307,0],[16309,0],[16180,0],[16181,0],]]
[16309,7,13,[[16310,0],[16308,0],[16181,0],]]
[16310,11,13,[[16309,0],[16311,0],[16182,0],[16183,0],]]
[16311,4,13,[[16312,0],[16310,0],[16183,0],]]
[16312,12,13,[[16311,0],[16313,0],[16184,0],[16185,0],]]
[16313,3,13,[[16314,0],[16312,0],[16185,0],]]
[16314,18,13,[[16313,0],[16315,0],[16186,0],[16187,0],]]
[16315,7,13,[[16316,0],[16314,0],[16187,0],]]
[16316,9,13,[[16315,0],[16317,0],[16188,0],[16189,0],]]
[16317,4,13,[[16318,0],[16316,0],[16189,0],]]
[16318,17,13,[[16317,0],[16319,0],[16190,0],[16191,0],]]
[16319,1,13,[[16320,0],[16318,0],[16191,0],]]
[16320,14,14,[[16319,0],[16321,0],[16192,0],[16193,0],]]
[16321,14,14,[[16322,0],[16320,0],[16193,0],]]
[16322,1,14,[[16321,0],[16323,0],[16194,0],[16195,0],]]
[16323,14,14,[[16324,0],[16322,0],[16195,0],]]
[16324,16,14,[[16323,0],[16325,0],[16196,0],[16197,0],]]
[16325,17,14,[[16326,0],[16324,0],[16197,0],]]
[16326,14,14,[[16325,0],[16327,0],[16198,0],[16199,0],]]
[16327,12,14,[[16328,0],[16326,0],[16199,0],]]
[16328,15,14,[[16327,0],[16329,0],[16200,0],[16201,0],]]
[16329,19,14,[[16330,0],[16328,0],[16201,0],]]
[16330,1,14,[[16329,0],[16331,0],[16202,0],[16203,0],]]
[16331,15,14,[[16332,0],[16330,0],[16203,0],]]
[16332,8,14,[[16331,0],[16333,0],[16204,0],[16205,0],]]
[16333,19,14,[[16334,0],[16332,0],[16205,0],]]
[16334,6,14,[[16333,0],[16335,0],[16206,0],[16207,0],]]
[16335,4,14,[[16336,0],[16334,0],[16207,0],]]
[16336,6,14,[[16335,0],[16337,0],[16208,0],[16209,0],]]
[16337,6,14,[[16338,0],[16336,0],[16209,0],]]
[16338,6,14,[[16337,0],[16339,0],[16210,0],[16211,0],]]
[16339,16,14,[[16340,0],[16338,0],[16211,0],]]
[16340,15,14,[[16339,0],[16341,0],[16212,0],[16213,0],]]
[16341,16,14,[[16342,0],[16340,0],[16213,0],]]
[16342,5,14,[[16341,0],[16343,0],[16214,0],[16215,0],]]
[16343,9,14,[[16344,0],[16342,0],[16215,0],]]
[16344,18,14,[[16343,0],[16345,0],[16216,0],[16217,0],]]
[16345,14,14,[[16346,0],[16344,0],[16217,0],]]
[16346,1,14,[[16345,0],[16347,0],[16218,0],[16219,0],]]
[16347,13,14,[[16348,0],[16346,0],[16219,0],]]
[16348,3,14,[[16347,0],[16349,0],[16220,0],[16221,0],]]
[16349,12,14,[[16350,0],[16348,0],[16221,0],]]
[16350,1,14,[[16349,0],[16351,0],[16222,0],[16223,0],]]
[16351,18,14,[[16352,0],[16350,0],[16223,0],]]
[16352,4,15,[[16351,0],[16353,0],[16224,0],[16225,0],]]
[16353,1,15,[[16354,0],[16352,0],[16225,0],]]
[16354,8,15,[[16353,0],[16355,0],[16226,0],[16227,0],]]
[16355,2,15,[[16356,0],[16354,0],[16227,0],]]
[16356,16,15,[[16355,0],[16357,0],[16228,0],[16229,0],]]
[16357,12,15,[[16358,0],[16356,0],[16229,0],]]
[16358,8,15,[[16357,0],[16359,0],[16230,0],[16231,0],]]
[16359,1,15,[[16360,0],[16358,0],[16231,0],]]
[16360,5,15,[[16359,0],[16361,0],[16232,0],[16233,0],]]
[16361,3,15,[[16362,0],[16360,0],[16233,0],]]
[16362,14,15,[[16361,0],[16363,0],[16234,0],[16235,0],]]
[16363,7,15,[[16364,0],[16362,0],[16235,0],]]
[16364,7,15,[[16363,0],[16365,0],[16236,0],[16237,0],]]
[16365,2,15,[[16366,0],[16364,0],[16237,0],]]
[16366,7,15,[[16365,0],[16367,0],[16238,0],[16239,0],]]
[16367,12,15,[[16368,0],[16366,0],[16239,0],]]
[16368,6,15,[[16367,0],[16369,0],[16240,0],[16241,0],]]
[16369,3,15,[[16370,0],[16368,0],[16241,0],]]
[16370,18,15,[[16369,0],[16371,0],[16242,0],[16243,0],]]
[16371,11,15,[[16372,0],[16370,0],[16243,0],]]
[16372,7,15,[[16371,0],[16373,0],[16244,0],[16245,0],]]
[16373,19,15,[[16374,0],[16372,0],[16245,0],]]
[16374,8,15,[[16373,0],[16375,0],[16246,0],[16247,0],]]
[16375,1,15,[[16376,0],[16374,0],[16247,0],]]
[16376,17,15,[[16375,0],[16377,0],[16248,0],[16249,0],]]
[16377,3,15,[[16378,0],[16376,0],[16249,0],]]
[16378,8,15,[[16377,0],[16379,0],[16250,0],[16251,0],]]
[16379,3,15,[[16380,0],[16378,0],[16251,0],]]
[16380,9,15,[[16379,0],[16381,0],[16252,0],[16253,0],]]
[16381,18,15,[[16382,0],[16380,0],[16253,0],]]
[16382,18,15,[[16381,0],[16383,0],[16254,0],[16255,0],]]
[16383,19,15,[[16382,0],[16255,0],]]
